237262 16.8478 10.0498 17.1112 8.07656 -7.59937 -0.492404 52.0853
237274 16.4502 8.35754 19.1427 8.44206 -8.96756 0.795043 52.3925
237282 16.3318 7.29558 20.8002 8.88778 -9.82301 1.70511 53.3154
237292 16.3318 7.29558 20.8002 8.88778 -9.82301 1.70511 53.3154
237301 16.4756 6.86389 22.1142 9.42265 -10.1607 2.24066 54.8763
237311 16.6109 6.71712 22.852 9.77923 -10.2604 2.49372 55.9593
237321 16.6109 6.71712 22.852 9.77923 -10.2604 2.49372 55.9593
237336 16.6786 6.56171 23.1147 9.92187 -10.3549 2.61109 56.2769
237342 16.6786 6.56171 23.1147 9.92187 -10.3549 2.61109 56.2769
237352 16.797 6.61351 23.1855 9.98427 -10.3325 2.58727 56.5803
237362 16.8139 6.62214 23.135 9.9397 -10.3463 2.55843 56.5107
237384 16.7547 6.59624 22.852 9.78815 -10.3687 2.48856 55.9911
237394 16.4333 6.55307 22.0434 9.52963 -10.2613 2.36072 54.5594
237421 16.0612 6.44947 21.0327 9.11956 -10.2182 2.17656 52.6629
237430 16.0612 6.44947 21.0327 9.11956 -10.2182 2.17656 52.6629
237440 15.6637 6.31996 20.1736 8.70949 -10.2266 2.03457 50.8667
237449 15.4184 6.22499 19.4358 8.45097 -10.1848 1.89078 49.5302
237458 15.4184 6.22499 19.4358 8.45097 -10.1848 1.89078 49.5302
237464 15.1478 6.17318 19.0618 8.29942 -10.1356 1.86115 48.6822
237479 14.9448 6.06094 18.9709 8.344 -10.0944 1.95853 48.3206
237485 14.9448 6.06094 18.9709 8.344 -10.0944 1.95853 48.3206
237495 14.801 5.99187 19.2438 8.50446 -10.068 2.14932 48.5411
237504 14.801 5.99187 19.2438 8.50446 -10.068 2.14932 48.5411
237519 14.6572 6.00051 19.8502 8.78081 -10.0054 2.4265 49.2887
237526 14.4289 5.90554 20.6082 9.18196 -9.95 2.82968 50.1246
237535 14.4289 5.90554 20.6082 9.18196 -9.95 2.82968 50.1246
237545 14.192 5.7933 21.4572 9.50288 -9.98768 3.23132 50.9454
237555 13.9299 5.68106 22.2556 9.89512 -9.95395 3.63392 51.7617
237565 13.9299 5.68106 22.2556 9.89512 -9.95395 3.63392 51.7617
237584 13.9214 5.99187 23.0541 10.6083 -9.50774 3.84945 53.5757
237594 13.9214 5.99187 23.0541 10.6083 -9.50774 3.84945 53.5757
237602 14.3358 7.6323 23.5089 11.3304 -8.30969 3.39863 56.8074
237611 14.9109 9.83393 23.1552 11.8207 -6.87012 2.5697 59.7207
237616 14.9109 9.83393 23.1552 11.8207 -6.87012 2.5697 59.7207
237626 15.3 11.6729 21.5886 11.785 -5.56397 1.59098 60.3465
237636 15.706 13.84 18.8597 11.0094 -4.08827 0.0815803 59.4151
237662 15.7567 15.1178 15.356 9.60094 -2.86307 -1.58984 55.8315
237671 15.7567 15.1178 15.356 9.60094 -2.86307 -1.58984 55.8315
237681 15.9005 15.8949 12.2082 8.73623 -1.64849 -3.08616 52.7398
237690 16.1289 16.4474 10.639 9.56529 -0.357682 -3.51606 52.7806
237697 16.1289 16.4474 10.639 9.56529 -0.357682 -3.51606 52.7806
237708 16.1796 16.6287 10.4802 11.0629 0.47462 -3.10899 54.3515
237722 15.7144 16.6115 10.4055 11.678 0.996879 -2.8237 54.4094
237729 15.7144 16.6115 10.4055 11.678 0.996879 -2.8237 54.4094
237739 14.5896 16.3784 10.0038 12.311 1.92179 -2.436 53.2827
237749 14.5896 16.3784 10.0038 12.311 1.92179 -2.436 53.2827
237759 13.0587 16.2575 9.67692 13.452 3.32437 -1.76964 52.4451
237778 11.1557 16.033 9.37802 14.7357 4.98756 -0.899081 51.3025
237786 11.1557 16.033 9.37802 14.7357 4.98756 -0.899081 51.3025
237795 9.15124 15.7999 9.28462 16.0729 6.67725 0.121161 50.3086
237804 7.44279 15.6013 9.47143 17.6464 8.1404 1.21818 50.162
237813 7.44279 15.6013 9.47143 17.6464 8.1404 1.21818 50.162
237822 6.4194 15.6963 10.0599 19.0358 8.9105 2.04445 51.2113
237831 6.24179 15.9553 10.8352 20.3286 8.99861 2.52057 53.3609
237840 6.24179 15.9553 10.8352 20.3286 8.99861 2.52057 53.3609
237855 6.51244 16.4474 11.2088 21.2066 8.99896 2.5613 55.3752
237861 6.51244 16.4474 11.2088 21.2066 8.99896 2.5613 55.3752
237871 6.6393 16.6633 11.3115 21.6118 9.03687 2.56663 56.2259
237881 6.68159 16.8273 11.3769 21.7951 9.07004 2.55724 56.681
237891 6.68159 16.8273 11.3769 21.7951 9.07004 2.55724 56.681
237901 6.69851 16.905 11.3676 21.7565 9.07647 2.51744 56.7276
237916 6.6393 16.8878 11.1995 21.3995 9.10832 2.42452 56.1261
237934 6.51244 16.6546 10.7885 20.8978 9.22987 2.32963 54.8534
237943 6.51244 16.6546 10.7885 20.8978 9.22987 2.32963 54.8534
237958 6.3602 16.3438 10.3495 20.1067 9.28368 2.18738 53.1602
237964 6.1403 15.9985 9.99451 19.412 9.34891 2.11496 51.5453
237974 6.1403 15.9985 9.99451 19.412 9.34891 2.11496 51.5453
237984 6.00498 15.5927 9.56484 18.727 9.39571 2.0127 49.8895
237994 5.89502 15.3164 9.53681 18.3893 9.29731 2.04977 49.1376
238004 5.89502 15.3164 9.53681 18.3893 9.29731 2.04977 49.1376
238019 5.86119 15.1178 9.59286 18.3604 9.20873 2.13792 48.9323
238025 5.86119 15.1178 9.59286 18.3604 9.20873 2.13792 48.9323
238035 5.76816 14.902 9.6956 18.5437 9.19144 2.32138 48.9094
238045 5.7005 14.6171 10.0038 18.9393 9.05996 2.6265 49.2607
238071 5.63284 14.4012 10.3495 19.4313 8.9583 2.93488 49.8148
238076 5.599 14.3494 10.5269 19.9427 9.00778 3.13018 50.418
238101 6.47015 14.7984 11.2088 20.4058 8.28489 2.9346 52.8831
238107 6.47015 14.7984 11.2088 20.4058 8.28489 2.9346 52.8831
238116 8.68607 15.8258 11.7692 20.4154 6.96071 2.02997 56.6965
238126 10.0816 16.3093 12.0681 19.6629 5.94546 1.37817 58.1219
238136 10.0816 16.3093 12.0681 19.6629 5.94546 1.37817 58.1219
238155 11.4771 16.9137 11.6478 17.7043 4.97596 0.249728 57.7429
238160 13.5493 17.7271 10.3962 14.807 3.80169 -1.61292 56.4795
238167 13.5493 17.7271 10.3962 14.807 3.80169 -1.61292 56.4795
238177 14.6741 18.148 8.7522 11.5532 2.95275 -3.53396 53.1276
238187 14.6741 18.148 8.7522 11.5532 2.95275 -3.53396 53.1276
238199 15.5706 18.7316 7.13626 8.64709 2.33188 -5.54617 50.0856
238207 16.3318 19.1429 7.03352 7.31883 1.55357 -6.35872 49.8271
238222 16.3318 19.1429 7.03352 7.31883 1.55357 -6.35872 49.8271
238229 17.1636 19.229 9.78901 8.21919 0.227785 -5.06915 54.4008
238238 17.7119 18.5402 13.1797 9.41374 -1.24803 -3.48168 58.8456
238253 17.7119 18.5402 13.1797 9.41374 -1.24803 -3.48168 58.8456
238259 17.6061 16.6978 14.4407 9.21762 -2.64454 -2.75498 57.9622
238285 17.0289 14.2803 15.1879 8.42423 -4.32992 -2.10221 54.9213
238289 16.3234 11.3362 16.8132 8.24594 -6.42771 -0.73991 52.7187
238308 16.3234 11.3362 16.8132 8.24594 -6.42771 -0.73991 52.7187
238316 15.7483 8.90147 18.4857 8.52229 -8.13539 0.684784 51.6577
238325 15.393 7.52869 20.0119 9.0839 -9.03173 1.78038 52.0175
238334 15.393 7.52869 20.0119 9.0839 -9.03173 1.78038 52.0175
238340 15.3761 7.01067 21.1843 9.72575 -9.29887 2.39881 53.2968
238350 15.3761 7.01067 21.1843 9.72575 -9.29887 2.39881 53.2968
238360 15.4015 6.74302 21.8413 10.0378 -9.46901 2.70285 54.0235
238370 15.3169 6.484 22.0535 10.1269 -9.61421 2.88419 53.9813
238385 15.3169 6.484 22.0535 10.1269 -9.61421 2.88419 53.9813
238391 15.3 6.47537 22.1748 10.1715 -9.6209 2.92976 54.1216
238401 15.4776 6.52717 22.3062 10.1982 -9.65819 2.88932 54.5092
238411 15.4776 6.52717 22.3062 10.1982 -9.65819 2.88932 54.5092
238422 15.5791 6.57897 22.2961 10.2071 -9.64534 2.83888 54.6613
238434 15.5791 6.57897 22.2961 10.2071 -9.64534 2.83888 54.6613
238442 15.6129 6.62214 21.9929 10.0734 -9.62694 2.71573 54.3014
238453 15.5284 6.57034 21.2247 9.65443 -9.68721 2.48608 52.9779
238463 15.5284 6.57034 21.2247 9.65443 -9.68721 2.48608 52.9779
238473 15.3085 6.39766 20.2444 9.21762 -9.74119 2.27364 51.1681
238483 15.0886 6.32859 19.5672 8.83429 -9.78191 2.10293 49.8186
238493 15.0886 6.32859 19.5672 8.83429 -9.78191 2.10293 49.8186
238511 14.894 6.23362 19.2033 8.60252 -9.84051 2.04712 48.9335
238520 14.6995 6.12138 19.1326 8.64709 -9.80627 2.14775 48.6006
238529 14.6995 6.12138 19.1326 8.64709 -9.80627 2.14775 48.6006
238538 14.6149 6.06094 19.2842 8.73623 -9.80667 2.26235 48.6963
238546 14.6149 6.06094 19.2842 8.73623 -9.80667 2.26235 48.6963
238555 14.5219 6.03504 19.8603 8.95018 -9.82275 2.50779 49.3674
238571 14.4627 6.00051 20.6082 9.34242 -9.78301 2.82287 50.4138
238575 14.4627 6.00051 20.6082 9.34242 -9.78301 2.82287 50.4138
238585 14.2935 5.91417 21.3561 9.72575 -9.75332 3.18023 51.2896
238595 14.1244 5.8192 22.5184 10.2517 -9.75643 3.64987 52.7137
238605 14.1244 5.8192 22.5184 10.2517 -9.75643 3.64987 52.7137
238615 14.2766 6.24225 23.6807 10.8935 -9.44834 3.82681 55.0932
238641 14.4373 6.98476 24.4084 11.5265 -8.86313 3.7954 57.357
238649 14.5642 7.88268 24.8835 12.1505 -8.15997 3.67861 59.4808
238657 14.5642 7.88268 24.8835 12.1505 -8.15997 3.67861 59.4808
238666 14.5303 8.78923 24.8329 12.5784 -7.40795 3.48054 60.7309
238676 14.708 9.9548 24.1659 12.6765 -6.60213 2.97038 61.5051
238687 14.708 9.9548 24.1659 12.6765 -6.60213 2.97038 61.5051
238701 14.6572 10.9304 22.9126 12.3912 -5.84984 2.39348 60.8914
238708 14.6572 10.9304 22.9126 12.3912 -5.84984 2.39348 60.8914
238718 14.3612 11.483 21.4774 11.8207 -5.29865 1.8905 59.1422
238728 13.9129 11.5003 19.9411 11.6156 -4.71222 1.61758 56.97
238737 13.9129 11.5003 19.9411 11.6156 -4.71222 1.61758 56.97
238753 13.7353 11.4053 18.6474 12.0168 -4.01431 1.48472 55.8048
238759 13.5239 11.1204 16.4396 11.6513 -3.40939 0.980353 52.7351
238769 13.5239 11.1204 16.4396 11.6513 -3.40939 0.980353 52.7351
238779 13.3378 10.7059 13.4412 10.1002 -3.13802 -0.158365 47.5851
238789 13.3378 10.7059 13.4412 10.1002 -3.13802 -0.158365 47.5851
238804 13.5493 10.5764 10.8819 8.94127 -2.79496 -1.46849 43.9488
238810 13.9806 10.8614 10.144 9.36025 -2.20028 -1.80548 44.3462
238820 13.9806 10.8614 10.144 9.36025 -2.20028 -1.80548 44.3462
238831 14.5134 11.6211 10.7978 11.0184 -1.39297 -1.35089 47.9507
238841 14.4881 12.3032 11.6571 12.9171 -0.450134 -0.647409 51.3656
238851 14.4881 12.3032 11.6571 12.9171 -0.450134 -0.647409 51.3656
238861 13.8537 12.8817 12.1242 14.5931 0.700074 -0.00509083 53.4527
238871 12.4413 13.1234 12.3577 16.3047 2.13412 0.856857 54.2271
238881 12.4413 13.1234 12.3577 16.3047 2.13412 0.856857 54.2271
238900 10.3353 12.9594 12.5258 18.0902 3.79723 2.03708 53.9108
238903 10.3353 12.9594 12.5258 18.0902 3.79723 2.03708 53.9108
238913 8.24627 12.6572 13.1143 20.1453 5.28124 3.42192 54.163
238923 6.84229 12.6227 14.0484 22.1328 6.22902 4.50603 55.6461
238951 6.29254 12.873 14.9077 23.6862 6.64781 5.04548 57.7594
238953 6.45323 13.322 15.5896 24.8246 6.68881 5.1435 60.1894
238972 6.78308 13.7105 15.6456 24.979 6.65138 4.94067 61.1182
238994 6.8 13.8314 15.3467 24.4194 6.66588 4.7522 60.3975
239004 6.74925 13.745 14.6835 23.3678 6.69565 4.49828 58.5456
239014 6.74925 13.745 14.6835 23.3678 6.69565 4.49828 58.5456
239024 6.68159 13.5551 13.9082 22.017 6.66924 4.19018 56.162
239034 6.50398 13.2098 13.0676 20.5216 6.64118 3.90469 53.3029
239044 6.50398 13.2098 13.0676 20.5216 6.64118 3.90469 53.3029
239054 6.33483 12.804 12.3577 19.2577 6.58523 3.68735 50.7541
239069 6.33483 12.804 12.3577 19.2577 6.58523 3.68735 50.7541
239075 6.13184 12.45 11.6385 18.1674 6.63758 3.47942 48.3877
239085 5.95423 12.0442 11.3489 17.4824 6.52548 3.46988 46.8297
239095 5.95423 12.0442 11.3489 17.4824 6.52548 3.46988 46.8297
239105 5.89502 11.7765 11.2181 17.2316 6.44764 3.50537 46.1212
239120 5.76816 11.5866 11.3209 17.328 6.42644 3.68259 46.0037
239126 5.76816 11.5866 11.3209 17.328 6.42644 3.68259 46.0037
239136 5.76816 11.5866 11.5731 17.7911 6.4409 3.85586 46.719
239146 5.76816 11.5866 11.5731 17.7911 6.4409 3.85586 46.719
239156 5.83582 11.742 11.9747 18.4569 6.45098 4.01602 48.0094
239174 5.9796 11.9924 12.4044 19.1805 6.45161 4.12038 49.5569
239177 5.9796 11.9924 12.4044 19.1805 6.45161 4.12038 49.5569
239191 7.30746 12.7435 13.2824 19.962 5.68324 3.71329 53.2954
239196 9.09204 13.6673 14.3192 20.3961 4.63343 3.12032 57.4748
239211 9.09204 13.6673 14.3192 20.3961 4.63343 3.12032 57.4748
239218 10.9274 14.3494 15.0665 20.1646 3.52027 2.46769 60.5078
239227 10.9274 14.3494 15.0665 20.1646 3.52027 2.46769 60.5078
239238 12.6781 14.8329 14.9077 18.8235 2.47811 1.5235 61.2422
239248 14.4542 15.2387 13.6841 16.2244 1.39461 0.0542521 59.6014
239266 14.4542 15.2387 13.6841 16.2244 1.39461 0.0542521 59.6014
239275 15.3761 15.5063 11.6571 12.9974 0.66193 -1.68211 55.537
239284 16.1035 15.6618 9.35 9.48505 -0.151516 -3.83304 50.6003
239303 16.7209 15.9898 8.40659 7.17619 -1.01538 -5.31995 48.2935
239311 16.7209 15.9898 8.40659 7.17619 -1.01538 -5.31995 48.2935
239324 17.4233 16.2489 10.994 7.67541 -2.14601 -4.2995 52.3415
239331 18.039 15.9294 14.2445 9.04824 -3.18973 -2.79658 57.2612
239340 18.039 15.9294 14.2445 9.04824 -3.18973 -2.79658 57.2612
239350 18.3469 14.8933 15.5429 8.96801 -4.34122 -2.26733 57.7511
239361 18.1064 12.9076 16.1593 8.32617 -5.87033 -1.76446 55.4995
239375 18.1064 12.9076 16.1593 8.32617 -5.87033 -1.76446 55.4995
239386 17.3752 10.3261 17.1617 7.84478 -7.76266 -0.7669 52.7078
239391 16.7124 7.90858 18.5363 7.8537 -9.55011 0.520164 51.011
239401 16.7124 7.90858 18.5363 7.8537 -9.55011 0.520164 51.011
239411 16.6448 6.65668 20.0826 8.44206 -10.4333 1.51176 51.8261
239421 16.6448 6.65668 20.0826 8.44206 -10.4333 1.51176 51.8261
239437 16.8647 6.41493 21.5077 9.19088 -10.5443 2.06166 53.9782
239442 17.1828 6.52717 22.2455 9.5742 -10.502 2.19066 55.5297
239469 17.1636 6.55307 22.0131 9.48505 -10.4766 2.11398 55.2148
239474 16.8985 6.5358 21.629 9.36025 -10.396 2.08226 54.4236
239486 16.8985 6.5358 21.629 9.36025 -10.396 2.08226 54.4236
239495 16.6701 6.38903 21.3258 9.19088 -10.46 2.08793 53.5759
239504 16.6701 6.38903 21.3258 9.19088 -10.46 2.08793 53.5759
239514 16.4756 6.3804 21.2146 9.1463 -10.4119 2.11537 53.2169
239525 16.4164 6.38903 20.9215 9.04824 -10.3745 2.03627 52.7752
239550 16.2134 6.19909 20.3151 8.84321 -10.4159 1.96209 51.5708
239554 15.8413 6.16455 19.6986 8.60252 -10.323 1.87705 50.3069
239569 15.8413 6.16455 19.6986 8.60252 -10.323 1.87705 50.3069
239574 15.5876 6.02641 19.2943 8.41531 -10.3602 1.85377 49.3236
239592 15.5876 6.02641 19.2943 8.41531 -10.3602 1.85377 49.3236
239603 15.3846 5.9228 19.1528 8.37965 -10.3578 1.91188 48.8398
239611 15.1731 5.90554 19.2438 8.39748 -10.3212 2.0205 48.7199
239621 15.1731 5.90554 19.2438 8.39748 -10.3212 2.0205 48.7199
239630 15.0632 5.871 19.5268 8.5936 -10.2566 2.1974 49.0545
239639 15.0632 5.871 19.5268 8.5936 -10.2566 2.1974 49.0545
239647 15.0632 5.85373 20.022 8.78972 -10.2766 2.38137 49.7286
239656 14.8095 5.78466 20.5375 9.12847 -10.164 2.70746 50.26
239665 14.8095 5.78466 20.5375 9.12847 -10.164 2.70746 50.26
239681 14.6149 5.75013 21.2247 9.43157 -10.1222 3.02557 51.0214
239686 14.4965 6.04368 22.003 10.1002 -9.66678 3.2947 52.6433
239696 14.4965 6.04368 22.003 10.1002 -9.66678 3.2947 52.6433
239706 14.894 7.42509 22.4881 10.5637 -8.7561 2.90749 55.3709
239716 15.2323 9.10005 22.6296 11.2501 -7.52067 2.46014 58.2121
239726 15.2323 9.10005 22.6296 11.2501 -7.52067 2.46014 58.2121
239741 15.5284 10.3865 21.9221 11.7137 -6.44422 1.9448 59.5507
239747 15.5284 10.3865 21.9221 11.7137 -6.44422 1.9448 59.5507
239761 16.0781 12.5795 20.4566 11.7672 -5.00484 0.878638 60.8814
239768 16.3149 14.1508 18.1421 11.0273 -3.88987 -0.326083 59.6351
239778 16.3149 14.1508 18.1421 11.0273 -3.88987 -0.326083 59.6351
239789 16.1627 15.0401 15.4214 9.9397 -2.91895 -1.54914 56.5639
239797 16.0781 15.42 13.0302 9.387 -1.99448 -2.52644 53.9153
239810 16.0781 15.42 13.0302 9.387 -1.99448 -2.52644 53.9153
239819 16.0612 15.5668 11.8346 10.4567 -0.868095 -2.59739 53.9193
239829 16.0612 15.5668 11.8346 10.4567 -0.868095 -2.59739 53.9193
239839 16.095 15.5582 10.7604 11.1699 -0.0594467 -2.72178 53.5835
239849 15.9343 15.515 9.77033 10.947 0.362954 -3.08586 52.1667
239859 15.9343 15.515 9.77033 10.947 0.362954 -3.08586 52.1667
239874 15.4522 15.4804 9.27527 10.9916 0.851837 -3.12477 51.1996
239880 14.6403 15.61 9.11648 11.7761 1.77408 -2.74457 51.1428
239890 14.6403 15.61 9.11648 11.7761 1.77408 -2.74457 51.1428
239900 13.5239 15.8431 8.93901 12.9082 3.06966 -2.20243 51.2142
239910 13.5239 15.8431 8.93901 12.9082 3.06966 -2.20243 51.2142
239920 12.1114 16.1021 9.10714 14.4059 4.48966 -1.36308 51.7265
239935 10.3945 16.128 9.40604 16.1264 5.98108 -0.285301 52.0549
239941 10.3945 16.128 9.40604 16.1264 5.98108 -0.285301 52.0549
239951 8.66915 16.1366 9.81703 18.042 7.4492 0.869631 52.6648
239961 7.2398 16.1453 10.4429 19.6243 8.45937 1.87516 53.4522
239980 7.2398 16.1453 10.4429 19.6243 8.45937 1.87516 53.4522
239989 6.66468 16.3093 10.9192 20.7628 8.91401 2.38987 54.656
239998 6.49552 16.3093 11.2462 21.4574 9.01893 2.67494 55.5084
240006 6.49552 16.5942 11.2462 21.4574 9.10054 2.58468 55.7933
240015 6.62239 16.7583 11.1621 21.4381 9.11558 2.47038 55.9809
240032 6.53781 16.7151 10.9473 21.1294 9.19916 2.39215 55.3295
240045 6.46169 16.6287 10.6016 20.6856 9.31034 2.26107 54.3777
240055 6.46169 16.6287 10.6016 20.6856 9.31034 2.26107 54.3777
240064 6.3602 16.4992 10.3868 20.2997 9.36201 2.19261 53.5459
240074 6.25025 16.3266 10.144 19.8462 9.40636 2.1154 52.567
240084 6.25025 16.3266 10.144 19.8462 9.40636 2.1154 52.567
240094 6.1403 16.128 9.83571 19.3348 9.47087 2.01276 51.4388
240104 6.1403 16.128 9.83571 19.3348 9.47087 2.01276 51.4388
240119 6.03035 15.9467 9.67692 18.9393 9.4769 1.9684 50.5932
240127 5.99652 15.774 9.53681 18.6402 9.45035 1.92396 49.9475
240137 5.99652 15.774 9.53681 18.6402 9.45035 1.92396 49.9475
240147 5.94577 15.6359 9.48077 18.4665 9.42673 1.92786 49.5289
240156 5.89502 15.515 9.49011 18.5341 9.43877 2.00696 49.4342
240165 5.89502 15.515 9.49011 18.5341 9.43877 2.00696 49.4342
240175 5.86965 15.3768 9.61154 18.6691 9.37101 2.1304 49.5272
240190 5.86965 15.3768 9.61154 18.6691 9.37101 2.1304 49.5272
240196 5.82736 15.2819 9.84505 19.0551 9.33051 2.33683 50.0093
240206 5.76816 15.0833 10.0879 19.5953 9.31171 2.62151 50.5347
240217 5.76816 15.0833 10.0879 19.5953 9.31171 2.62151 50.5347
240236 5.9204 15.0315 10.7511 20.1549 8.92579 2.87925 51.8579
240239 7.51891 15.4804 11.6104 20.5602 7.66326 2.49354 55.17
240247 7.51891 15.4804 11.6104 20.5602 7.66326 2.49354 55.17
240259 9.66716 16.4474 12.4511 20.3479 6.22822 1.70192 58.9136
240267 9.66716 16.4474 12.4511 20.3479 6.22822 1.70192 58.9136
240277 11.1219 16.836 12.694 19.0358 5.04957 0.947903 59.6876
240287 12.9488 17.4783 12.0962 16.6256 3.82891 -0.432471 59.1488
240298 12.9488 17.4783 12.0962 16.6256 3.82891 -0.432471 59.1488
240313 14.099 18.1097 10.7511 13.7373 3.08522 -2.04253 56.6971
240319 14.7164 18.4541 9.07912 10.8311 2.58556 -3.7472 53.0808
240332 14.7164 18.4541 9.07912 10.8311 2.58556 -3.7472 53.0808
240339 15.0378 18.6168 8.50934 8.93235 1.95806 -4.75951 51.0963
240349 15.0378 18.6168 8.50934 8.93235 1.95806 -4.75951 51.0963
240367 15.1308 18.3967 10.3588 9.31568 1.0445 -3.9058 53.202
240369 14.9025 17.5166 13.4319 10.5102 -0.13641 -2.25607 56.3612
240379 14.9025 17.5166 13.4319 10.5102 -0.13641 -2.25607 56.3612
240397 14.5642 15.9985 14.9918 10.7242 -1.2586 -1.2918 56.2786
240402 14.0567 13.9091 15.9165 10.1804 -2.72079 -0.518547 54.0627
240411 14.0567 13.9091 15.9165 10.1804 -2.72079 -0.518547 54.0627
240421 13.4224 11.2671 17.6064 9.92187 -4.71094 0.815456 52.2178
240434 13.4224 11.2671 17.6064 9.92187 -4.71094 0.815456 52.2178
240440 12.8896 8.65973 19.8097 10.0288 -6.81617 2.41963 51.3879
240450 12.4667 6.52717 22.1445 10.6885 -8.39114 4.0054 51.8268
240460 12.4667 6.52717 22.1445 10.6885 -8.39114 4.0054 51.8268
240470 12.492 5.53428 24.3074 11.6335 -9.09427 4.97928 53.9671
240480 12.7711 5.30117 25.7224 12.2842 -9.32085 5.33202 56.0789
240496 12.7711 5.30117 25.7224 12.2842 -9.32085 5.33202 56.0789
240501 12.898 5.29253 26.1266 12.4536 -9.37037 5.38737 56.7708
240512 12.898 5.29253 26.1266 12.4536 -9.37037 5.38737 56.7708
240522 12.7881 5.258 25.9447 12.2842 -9.41384 5.37971 56.275
240536 12.6697 5.13713 25.6213 12.0881 -9.4863 5.37752 55.5162
240542 12.6697 5.13713 25.6213 12.0881 -9.4863 5.37752 55.5162
240556 12.5174 5.06805 25.4596 11.9455 -9.53049 5.40627 54.9905
240563 12.4159 4.95582 25.1867 11.8741 -9.54054 5.42573 54.4326
240572 12.4159 4.95582 25.1867 11.8741 -9.54054 5.42573 54.4326
240594 12.1791 4.92128 23.8323 11.1253 -9.58778 5.1454 52.0581
240604 12.1791 4.92128 23.8323 11.1253 -9.58778 5.1454 52.0581
240619 12.01 4.83494 23.236 10.8311 -9.61456 5.07413 50.9121
240628 12.01 4.83494 23.236 10.8311 -9.61456 5.07413 50.9121
240640 11.7562 4.6968 22.8924 10.635 -9.66217 5.12433 49.9804
240645 11.6547 4.68817 22.7913 10.537 -9.67408 5.12935 49.6712
240655 11.6547 4.68817 22.7913 10.537 -9.67408 5.12935 49.6712
240665 11.5871 4.68817 22.9126 10.5994 -9.64712 5.19312 49.7872
240675 11.6463 4.63636 23.1754 10.7777 -9.65829 5.27626 50.2357
240690 11.6463 4.63636 23.1754 10.7777 -9.65829 5.27626 50.2357
240696 11.7139 4.6709 23.6302 10.9381 -9.68297 5.353 50.9532
240706 11.7139 4.6709 23.6302 10.9381 -9.68297 5.353 50.9532
240716 11.8408 4.7486 24.0042 11.0362 -9.71348 5.36056 51.6297
240735 11.9338 4.78314 24.3579 11.2234 -9.69688 5.4106 52.2983
240736 11.9338 4.78314 24.3579 11.2234 -9.69688 5.4106 52.2983
240746 12.103 4.78314 24.7521 11.3214 -9.79542 5.43453 52.9597
240756 12.3736 5.18893 25.2473 11.8741 -9.39849 5.36507 54.684
240774 12.3736 5.18893 25.2473 11.8741 -9.39849 5.36507 54.684
240778 12.6781 6.05231 25.5 12.2218 -8.81452 5.04623 56.4522
240787 12.6781 6.05231 25.5 12.2218 -8.81452 5.04623 56.4522
240797 13.1095 7.59777 25.2271 12.6497 -7.71929 4.39615 58.584
240807 13.3632 8.97054 24.4388 12.8191 -6.71753 3.7566 59.5916
240834 13.7607 10.257 22.9429 12.4447 -5.89256 2.87094 59.4053
240841 14.006 11.2758 20.9215 11.7761 -5.12063 1.91858 57.9794
240850 14.006 11.2758 20.9215 11.7761 -5.12063 1.91858 57.9794
240859 14.1667 11.906 19.3751 12.1594 -4.11248 1.42218 57.6073
240876 14.1667 11.906 19.3751 12.1594 -4.11248 1.42218 57.6073
240885 14.1667 12.0442 18.1623 13.0598 -3.14498 1.30881 57.4329
240894 13.8368 11.7679 15.5522 12.2396 -2.51957 0.614399 53.3966
240900 13.8368 11.7679 15.5522 12.2396 -2.51957 0.614399 53.3966
240910 13.5915 11.6557 12.9275 10.6618 -2.15084 -0.509238 48.8364
240920 13.5154 11.647 11.4143 10.2071 -1.64349 -1.13534 46.7839
240947 13.693 12.1046 11.2368 11.0808 -0.906403 -1.08492 48.1152
240951 13.693 12.1046 11.2368 11.0808 -0.906403 -1.08492 48.1152
240963 13.5746 12.7263 11.5731 12.6319 0.104162 -0.62248 50.5058
240971 13.101 13.227 11.8813 14.3346 1.22719 -0.0320131 52.5439
240981 13.101 13.227 11.8813 14.3346 1.22719 -0.0320131 52.5439
240992 12.2299 13.6069 12.0121 16.2423 2.59157 0.670424 54.0911
241006 10.809 13.8832 12.0681 18.37 4.25181 1.56339 55.1303
241013 10.809 13.8832 12.0681 18.37 4.25181 1.56339 55.1303
241022 8.94826 13.8055 12.0962 20.647 6.04001 2.69999 55.4969
241033 7.16368 13.581 12.2363 22.5284 7.52551 3.78854 55.5093
241059 5.90348 13.5378 12.4698 23.8019 8.5108 4.53136 55.713
241074 5.43831 13.5637 12.7407 24.4869 8.83507 4.86191 56.2297
241084 5.37065 13.7709 12.7313 24.5641 8.96269 4.82498 56.437
241102 5.37065 13.7709 12.7313 24.5641 8.96269 4.82498 56.437
241105 5.39602 13.84 12.5352 24.2747 9.00312 4.70342 56.0459
241114 5.37065 15.9812 12.1802 23.6283 9.64769 3.7937 57.1603
241133 5.37065 13.7709 12.1802 23.6283 9.03017 4.54964 54.9501
241134 5.26915 13.6242 11.844 23.0204 9.08311 4.4564 53.7577
241147 5.26915 13.6242 11.844 23.0204 9.08311 4.4564 53.7577
241155 5.24378 13.6587 11.5264 22.3837 9.12294 4.26249 52.8125
241165 5.21841 13.5637 11.2368 21.882 9.14746 4.14346 51.9009
241176 5.21841 13.5637 11.2368 21.882 9.14746 4.14346 51.9009
241185 5.23532 13.6242 10.8725 21.2452 9.20092 3.90121 50.9772
241195 5.23532 13.6242 10.8725 21.2452 9.20092 3.90121 50.9772
241205 5.24378 13.5465 10.6577 20.8014 9.17742 3.78178 50.2493
241215 5.25224 13.5378 10.5082 20.5312 9.1856 3.68739 49.8295
241242 5.20149 13.5119 10.3121 20.3768 9.29875 3.63611 49.4024
241246 5.19303 13.6414 10.256 20.2997 9.36017 3.55978 49.3902
241259 5.19303 13.6414 10.256 20.2997 9.36017 3.55978 49.3902
241267 5.32836 13.8573 10.2 20.3093 9.37632 3.41795 49.695
241277 5.32836 13.8573 10.172 20.3093 9.39572 3.41142 49.6669
241286 5.31144 14.2026 10.172 20.2997 9.51216 3.28821 49.9857
241296 5.47214 14.5307 10.1066 20.319 9.55362 3.10024 50.4284
241312 5.47214 14.5307 10.1066 20.319 9.55362 3.10024 50.4284
241317 5.81891 15.1351 10.1253 20.1839 9.4487 2.73739 51.2632
241328 7.20597 16.1453 10.7324 20.3093 8.51037 2.12082 54.3929
241337 7.20597 16.1453 10.7324 20.3093 8.51037 2.12082 54.3929
241348 9.04129 17.2679 11.3396 19.9427 7.30565 1.29527 57.5914
241362 10.0393 17.928 11.5918 18.9007 6.49917 0.647925 58.4597
241369 10.0393 17.928 11.5918 18.9007 6.49917 0.647925 58.4597
241379 11.5617 18.9038 11.3115 17.0772 5.56788 -0.529293 58.8542
241405 12.9149 19.6978 10.5269 14.8873 4.80088 -1.86083 58.0269
241410 13.6423 20.0613 9.45275 12.6141 4.29455 -3.12984 55.7704
241427 13.6423 20.0613 9.45275 12.6141 4.29455 -3.12984 55.7704
241436 14.1751 20.3483 8.59341 10.7063 3.84878 -4.2427 53.8232
241445 14.395 20.2431 9.21923 10.225 3.16823 -4.21411 54.0823
241456 14.395 20.2431 9.21923 10.225 3.16823 -4.21411 54.0823
241464 14.3866 19.7169 11.3302 10.8133 2.13943 -3.18949 56.247
241474 14.3866 19.7169 11.3302 10.8133 2.13943 -3.18949 56.247
241483 14.099 18.4828 12.806 11.0629 1.16947 -2.31517 56.4508
241491 13.9806 16.5683 13.3478 10.3319 -0.197385 -1.90006 54.2286
241510 13.9806 16.5683 13.3478 10.3319 -0.197385 -1.90006 54.2286
241513 13.8453 14.4099 14.039 9.37808 -1.98189 -1.40444 51.6722
241521 13.6338 11.7161 15.8511 9.03041 -4.34908 -0.139877 50.2314
241540 13.6338 11.7161 15.8511 9.03041 -4.34908 -0.139877 50.2314
241541 13.3378 9.10868 18.1522 9.30676 -6.54966 1.50659 49.9055
241552 13.3378 9.10868 18.1522 9.30676 -6.54966 1.50659 49.9055
241561 13.194 7.29558 20.5375 10.0912 -7.99355 2.97518 51.1183
241574 13.3378 6.58761 22.6498 11.1966 -8.46324 3.88336 53.7719
241582 13.3378 6.58761 22.6498 11.1966 -8.46324 3.88336 53.7719
241593 13.4478 6.23362 23.893 11.9187 -8.6445 4.36009 55.4931
241603 13.4562 5.95734 24.3377 12.1238 -8.82005 4.57661 55.875
241612 13.4562 5.95734 24.3377 12.1238 -8.82005 4.57661 55.875
241622 13.5408 5.95734 24.368 12.0346 -8.90724 4.53603 55.9008
241633 13.5408 5.95734 24.368 12.0346 -8.90724 4.53603 55.9008
241648 13.507 5.97461 24.1356 11.8652 -8.92296 4.46607 55.4824
241654 13.5577 5.8969 23.9334 11.7493 -8.99792 4.41483 55.1374
241664 13.5577 5.8969 23.9334 11.7493 -8.99792 4.41483 55.1374
241677 13.5831 5.90554 23.6706 11.6067 -9.01174 4.32442 54.766
241685 13.507 5.90554 23.2057 11.2947 -9.04813 4.19786 53.9129
241694 13.507 5.90554 23.2057 11.2947 -9.04813 4.19786 53.9129
241709 13.3547 5.78466 22.387 10.8668 -9.10914 4.04092 52.3932
241715 13.3547 5.78466 22.387 10.8668 -9.10914 4.04092 52.3932
241725 13.1095 5.66379 21.5886 10.4835 -9.12118 3.92332 50.8453
241735 12.8557 5.48248 21.0731 10.2339 -9.17133 3.91845 49.6452
241745 12.8557 5.48248 21.0731 10.2339 -9.17133 3.91845 49.6452
241760 12.7627 5.47384 20.9013 10.0912 -9.19117 3.88673 49.2291
241766 12.6612 5.51701 20.9721 10.1447 -9.11427 3.93709 49.295
241776 12.6612 5.51701 20.9721 10.1447 -9.11427 3.93709 49.295
241787 12.5935 5.51701 21.154 10.2784 -9.05883 4.03343 49.543
241796 12.6274 5.51701 21.6088 10.537 -9.03864 4.17618 50.2901
241811 12.6274 5.42204 21.6088 10.537 -9.10304 4.21247 50.1952
241820 12.602 5.44794 22.0535 10.8222 -9.02557 4.3669 50.9257
241829 12.602 5.44794 22.0535 10.8222 -9.02557 4.3669 50.9257
241839 12.4413 5.3357 22.7408 11.2412 -8.98644 4.69629 51.759
241849 12.8642 6.57897 23.4786 12.0435 -8.05976 4.38794 54.9653
241866 12.8642 6.57897 23.4786 12.0435 -8.05976 4.38794 54.9653
241869 13.0587 8.1417 23.8728 13.1222 -6.73061 4.07109 58.1954
241877 13.1517 9.73032 23.5595 13.8888 -5.42515 3.62161 60.3303
241905 13.3547 11.7765 22.286 14.1652 -3.9374 2.75725 61.5824
241920 13.49 13.4947 19.9715 13.5501 -2.65128 1.62053 60.5063
241929 13.3547 14.4962 16.6918 12.2129 -1.47007 0.278494 56.7556
241939 13.3547 14.4962 16.6918 12.2129 -1.47007 0.278494 56.7556
241949 13.1602 15.0229 13.7308 11.6335 -0.109558 -0.789629 53.5473
241959 13.1602 15.0229 13.7308 11.6335 -0.109558 -0.789629 53.5473
241969 12.991 15.2128 12.1055 12.7834 1.36539 -0.936545 53.0928
241984 12.695 15.2214 11.0967 14.0582 2.58516 -0.780517 53.0714
241990 12.695 15.2214 11.0967 14.0582 2.58516 -0.780517 53.0714
242000 12.0353 15.161 10.5363 14.7625 3.50122 -0.542223 52.495
242010 10.9189 15.0401 10.1066 15.6717 4.68054 -0.0523907 51.7374
242020 10.9189 15.0401 10.1066 15.6717 4.68054 -0.0523907 51.7374
242035 9.66716 14.8156 9.77033 16.9109 6.00471 0.644508 51.164
242041 8.44925 14.6516 9.8544 18.6788 7.27559 1.57812 51.634
242051 8.44925 14.6516 9.8544 18.6788 7.27559 1.57812 51.634
242061 7.2398 14.4962 10.3121 20.6084 8.33359 2.61634 52.6565
242088 6.08109 14.2285 10.6951 22.2582 9.25157 3.56073 53.2629
242092 5.3199 13.9523 11.2555 23.5318 9.66929 4.30502 54.0594
242103 5.3199 13.9523 11.2555 23.5318 9.66929 4.30502 54.0594
242113 4.94776 13.9954 11.5637 24.2457 9.92174 4.62068 54.7527
242123 4.97313 14.1508 11.7692 24.5062 9.88941 4.64396 55.3994
242138 4.97313 14.1508 11.7692 24.5062 9.88941 4.64396 55.3994
242146 5.02388 14.2285 11.5357 24.2554 9.95773 4.50699 55.0435
