486611 20.7425 18.3011 18.3948 11.172 -3.52142 -2.07188 68.6103
486617 20.7425 18.3011 18.3948 11.172 -3.52142 -2.07188 68.6103
486625 21.9162 17.1626 23.7414 10.7363 -6.03571 -0.938291 73.5566
486643 23.0226 17.1626 26.7128 10.1651 -7.26925 -0.643747 77.0633
486652 23.0226 15.4414 26.7128 10.1651 -8.00645 -0.315773 75.342
486661 23.8885 12.9689 28.7342 9.15831 -10.1992 0.207726 74.7499
486672 23.8885 12.9689 28.7342 9.15831 -10.1992 0.207726 74.7499
486678 24.3792 10.2077 30.6647 8.1418 -12.4992 0.862396 73.3934
486687 24.7832 7.56197 32.3829 7.33827 -14.6621 1.53524 72.0664
486696 24.7832 7.56197 32.3829 7.33827 -14.6621 1.53524 72.0664
486711 25.1873 5.51273 33.7776 6.89294 -16.309 2.09551 71.3706
486718 25.5337 4.10809 34 6.62187 -17.3645 2.34405 70.2636
486727 25.5337 4.10809 34 6.62187 -17.3645 2.34405 70.2636
486737 26.1013 3.32881 34 6.46697 -17.9927 2.36852 69.8971
486747 26.1013 3.32881 34 6.46697 -17.9927 2.36852 69.8971
486762 26.5535 3.05942 34 6.36048 -18.2689 2.30393 69.9734
486768 27.1115 3.15563 34 6.23462 -18.3404 2.12069 70.5017
486779 27.1115 3.15563 34 6.23462 -18.3404 2.12069 70.5017
486788 27.4194 3.20374 34 5.93451 -18.5243 1.97953 70.5576
486803 27.4097 3.2326 33.4643 5.58599 -18.6732 1.80966 69.6926
486810 27.4097 3.2326 33.4643 5.58599 -18.6732 1.80966 69.6926
486822 26.9864 3.09791 32.6659 5.41173 -18.7578 1.75904 68.1619
486833 26.9864 3.09791 32.6659 5.41173 -18.7578 1.75904 68.1619
486839 26.2071 2.98246 31.8472 5.11162 -18.8819 1.76178 66.1484
486852 25.4952 2.79966 31.1903 4.918 -19.0083 1.8198 64.4031
486861 25.4952 2.79966 31.1903 4.918 -19.0083 1.8198 64.4031
486870 25.0526 2.75156 31.0386 4.86959 -19.0191 1.90796 63.7124
486888 24.6486 2.60724 31.0892 4.89863 -19.0659 2.07104 63.2436
486891 24.6486 2.60724 31.0892 4.89863 -19.0659 2.07104 63.2436
486901 24.3214 2.44369 31.4429 4.89863 -19.1826 2.27624 63.1067
486911 24.3214 2.44369 31.4429 4.89863 -19.1826 2.27624 63.1067
486921 23.648 2.32824 32.0089 5.01481 -19.1722 2.63036 63
486938 23.0034 2.14544 32.7973 5.25683 -19.144 3.06281 63.2029
486947 23.0034 2.14544 32.7973 5.25683 -19.144 3.06281 63.2029
486957 22.3684 2.02999 33.8181 5.5279 -19.0717 3.51738 63.7444
486963 21.6469 1.83758 34 5.90547 -18.8925 3.88572 63.3899
486975 21.6469 1.83758 34 5.90547 -18.8925 3.88572 63.3899
486982 20.8483 1.67402 34 6.1959 -18.726 4.22689 62.7183
486992 20.8483 1.67402 34 6.1959 -18.726 4.22689 62.7183
487002 20.0402 1.47199 34 6.47665 -18.5887 4.58901 61.9888
487013 19.3282 1.33729 34 6.7574 -18.4107 4.9066 61.4229
487023 19.3282 1.33729 34 6.7574 -18.4107 4.9066 61.4229
487042 18.674 1.27957 34 6.98007 -18.2224 5.17607 60.9337
487044 18.3662 1.17374 34 7.2221 -18.0912 5.35257 60.762
487053 18.3662 1.17374 34 7.2221 -18.0912 5.35257 60.762
487063 17.9332 1.08715 34 7.40604 -17.9723 5.55692 60.4264
487089 17.558 1.00057 34 7.54157 -17.8934 5.73618 60.1001
487094 17.4137 0.885116 34 7.61902 -17.9035 5.83805 59.9178
487104 17.4137 0.885116 34 7.61902 -17.9035 5.83805 59.9178
487114 17.4907 0.885116 34 7.50285 -17.9959 5.79349 59.8786
487129 17.7119 0.971703 34 7.68679 -17.8289 5.7155 60.3704
487136 17.7119 0.971703 34 7.68679 -17.8289 5.7155 60.3704
487146 18.6163 2.588 34 8.16116 -16.5181 4.96095 63.3655
487156 18.9819 3.36729 34 8.66458 -15.7467 4.68718 65.0138
487171 18.9819 3.36729 34 8.66458 -15.7467 4.68718 65.0138
487177 19.1743 3.53084 34 8.81948 -15.5758 4.6046 65.5246
487187 19.1743 3.53084 34 8.81948 -15.5758 4.6046 65.5246
487201 19.4148 3.93492 34 9.48747 -14.9589 4.51943 66.8372
487209 19.9536 5.08942 34 10.0199 -14.0612 4.12166 69.0629
487217 19.9536 5.08942 34 10.0199 -14.0612 4.12166 69.0629
487231 20.5693 6.62875 34 9.75854 -13.4526 3.50083 70.9566
487242 20.9638 7.59083 34 9.03246 -13.3895 3.03362 71.5871
487250 20.9638 7.59083 34 9.03246 -13.3895 3.03362 71.5871
487258 21.2235 7.72552 34 8.27734 -13.7662 2.80688 71.2264
487284 21.0985 7.40804 31.6754 7.73519 -13.8517 2.40825 67.9171
487288 20.9734 7.18676 29.4013 7.37699 -13.7865 1.99069 64.9385
487298 20.9734 7.18676 29.4013 7.37699 -13.7865 1.99069 64.9385
487308 20.8098 7.27334 27.7235 7.32859 -13.436 1.65572 63.1353
487318 20.7329 7.50424 26.6118 7.68679 -12.8541 1.45391 62.5357
487336 20.7329 7.50424 26.6118 7.68679 -12.8541 1.45391 62.5357
487339 20.858 8.06225 25.6213 8.51936 -11.8527 1.24176 63.0609
487349 20.858 8.06225 25.6213 8.51936 -11.8527 1.24176 63.0609
487359 20.9734 8.72609 24.7925 9.8844 -10.5456 1.15976 64.3764
487369 21.1177 9.71703 24.0648 11.5205 -9.01271 1.07284 66.4201
487381 21.1177 9.71703 24.0648 11.5205 -9.01271 1.07284 66.4201
487391 21.0792 10.631 23.3472 13.176 -7.55475 1.05805 68.2334
487408 20.7329 11.4007 22.387 15.0154 -6.00548 1.13658 69.536
487417 20.7329 11.4007 22.387 15.0154 -6.00548 1.13658 69.536
487426 20.0209 12.1511 21.4269 17.1833 -4.2784 1.36436 70.7822
487432 20.0209 12.1511 21.4269 17.1833 -4.2784 1.36436 70.7822
487444 18.7029 12.7572 20.5577 19.7594 -2.34893 1.85092 71.7771
487456 16.2268 13.2671 19.5369 22.6924 0.0682563 2.66343 71.7232
487473 12.9215 13.7193 18.3948 25.8184 2.90081 3.72011 70.854
487485 8.7851 14.1522 17.4144 29.2242 6.17201 5.10979 69.5759
487492 8.7851 14.1522 17.4144 29.2242 6.17201 5.10979 69.5759
487507 5.61512 14.5852 17.283 32.7843 8.7065 6.37571 70.2676
487513 5.61512 14.5852 17.283 32.7843 8.7065 6.37571 70.2676
487522 4.09778 15.1913 18.2331 34 9.38886 6.90919 71.5221
487537 4.18476 15.9128 19.7794 34 8.78103 6.83876 73.877
487543 4.18476 15.9128 19.7794 34 8.78103 6.83876 73.877
487553 4.28141 16.4612 20.3454 34 8.60137 6.71267 75.0881
487572 4.26208 16.6248 20.5476 34 8.55549 6.69337 75.4344
487580 4.26208 16.6248 20.5476 34 8.55549 6.69337 75.4344
487594 4.25242 16.6633 20.1433 34 8.74898 6.6403 75.059
487598 4.1751 16.4901 19.1528 34 9.19904 6.60156 73.818
487616 4.0398 16.1245 17.5862 34 9.92972 6.56899 71.7505
487642 3.85617 15.6338 15.8869 32.5335 10.4639 6.39012 67.9104
487646 3.74019 15.2971 14.2173 29.5812 10.7108 5.91092 62.8357
487659 3.74019 15.2971 14.2173 29.5812 10.7108 5.91092 62.8357
487666 3.65321 15.0277 12.831 27.063 10.929 5.43228 58.5749
487676 3.59522 14.8642 11.8798 25.4132 11.1217 5.0671 55.7523
487686 3.59522 14.8642 11.8798 25.4132 11.1217 5.0671 55.7523
487703 3.58556 14.7872 11.2119 24.3036 11.2702 4.77175 53.8883
487707 3.58556 14.7872 11.2119 24.3036 11.2702 4.77175 53.8883
487717 3.60489 14.8834 10.9994 23.937 11.3319 4.61811 53.4247
487727 3.70153 15.0951 11.2321 24.3712 11.2742 4.63421 54.3999
487754 3.92382 15.5088 11.7482 25.307 11.128 4.67959 56.4878
487763 4.12678 16.0764 12.4464 26.6674 11.03 4.7821 59.317
487772 4.12678 16.0764 12.4464 26.6674 11.03 4.7821 59.317
487781 4.40705 16.7787 13.2357 28.1243 10.8961 4.83827 62.5458
487791 4.40705 16.7787 13.2357 28.1243 10.8961 4.83827 62.5458
487798 4.72598 17.5644 13.8935 29.3882 10.8023 4.80187 65.5721
487810 5.05458 18.2628 14.5006 30.4591 10.6796 4.75467 68.2771
487818 5.05458 18.2628 14.5006 30.4591 10.6796 4.75467 68.2771
487833 5.31552 18.9516 14.8244 31.2792 10.6901 4.6546 70.3708
487839 5.47982 19.4012 15.1077 31.7809 10.6572 4.59963 71.7697
487854 5.47982 19.4012 15.1077 31.7809 10.6572 4.59963 71.7697
487859 5.65378 19.7743 15.3101 32.0993 10.6091 4.52678 72.8376
487869 5.65378 19.7743 15.3101 32.0993 10.6091 4.52678 72.8376
487880 5.78908 19.9848 15.2292 32.0511 10.6146 4.41584 73.0541
487892 5.85674 20.0996 15.0673 31.588 10.5918 4.27595 72.6116
487901 5.85674 20.0996 15.0673 31.588 10.5918 4.27595 72.6116
487911 5.80841 19.9657 14.703 30.874 10.6264 4.16312 71.3511
487921 5.76009 19.7648 14.4095 30.2855 10.6382 4.09503 70.2199
487931 5.76009 19.7648 14.4095 30.2855 10.6382 4.09503 70.2199
487946 5.67311 19.5352 14.1161 29.5908 10.6424 4.02638 68.9152
487952 5.67311 19.5352 14.1161 29.5908 10.6424 4.02638 68.9152
487964 7.39341 19.4108 15.806 29.0698 8.81741 3.78171 71.68
487976 10.2348 19.5065 16.7875 28.1918 6.91777 3.05901 74.7206
487993 11.1626 18.8846 17.3639 26.6674 5.7458 2.8316 74.0785
488007 11.8488 18.1289 17.8692 24.1879 4.37246 2.51533 72.0347
488013 11.8488 18.1289 17.8692 24.1879 4.37246 2.51533 72.0347
488023 14.2649 17.2583 18.4655 20.8014 1.88205 1.64083 70.7901
488033 17.5099 16.5286 19.7794 17.2123 -1.24894 0.623653 71.0302
488043 17.5099 16.5286 19.7794 17.2123 -1.24894 0.623653 71.0302
488053 19.0973 15.4222 21.063 13.3212 -4.14237 -0.0294578 68.9037
488063 19.0973 15.4222 21.063 13.3212 -4.14237 -0.0294578 68.9037
488078 20.0787 13.7482 23.4584 9.97153 -7.36631 -0.0885236 67.2567
488084 21.9162 12.0549 26.3995 8.27734 -10.191 0.154206 68.648
488094 21.9162 12.0549 26.3995 8.27734 -10.191 0.154206 68.648
488104 23.2151 10.3039 29.2699 7.45444 -12.3594 0.684493 70.2433
488116 24.2637 8.23543 31.7461 6.84453 -14.3937 1.28531 71.0898
488143 25.5529 6.39785 33.4542 6.12813 -16.2446 1.60029 71.5331
488152 25.5529 6.39785 33.4542 6.12813 -16.2446 1.60029 71.5331
488162 26.9287 4.88738 34 5.51822 -17.7065 1.61959 71.3343
488166 28.7278 4.07923 34 4.97608 -18.6926 1.2891 71.7831
488176 28.7278 4.07923 34 4.97608 -18.6926 1.2891 71.7831
488186 30.5173 3.62705 34 4.67597 -19.299 0.933461 72.8203
488201 31.7199 3.40577 33.6766 4.44362 -19.6417 0.613255 73.2458
488211 31.7199 3.40577 33.6766 4.44362 -19.6417 0.613255 73.2458
488219 32.4126 3.48274 32.7669 4.25 -19.6972 0.230752 72.9122
488240 32.884 3.65591 31.7158 3.88212 -19.7753 -0.195867 72.1378
488248 32.9802 3.66553 30.2806 3.51424 -19.9037 -0.60708 70.4406
488258 32.9802 3.66553 30.2806 3.51424 -19.9037 -0.60708 70.4406
488268 32.7589 3.67516 28.9061 3.19476 -19.988 -0.948404 68.5349
488278 32.1143 3.54046 27.865 2.88497 -20.1619 -1.10793 66.4048
488288 32.1143 3.54046 27.865 2.88497 -20.1619 -1.10793 66.4048
488300 31.3447 3.35767 27.1778 2.70103 -20.3092 -1.12034 64.5811
488308 31.3447 3.35767 27.1778 2.70103 -20.3092 -1.12034 64.5811
488324 30.6616 3.18449 26.8139 2.52677 -20.4806 -1.06954 63.1867
488329 29.9496 3.03056 26.5208 2.44932 -20.5772 -0.970955 61.9503
488356 29.4301 2.8189 26.7027 2.39123 -20.7533 -0.771493 61.343
488359 29.0068 2.69383 27.1576 2.52677 -20.7477 -0.492703 61.3849
488374 29.0068 2.69383 27.1576 2.52677 -20.7477 -0.492703 61.3849
488381 28.6893 2.57838 27.9257 2.62358 -20.7924 -0.174327 61.8169
488391 28.4199 2.53028 28.6837 2.79784 -20.7328 0.127662 62.4317
488401 28.4199 2.53028 28.6837 2.79784 -20.7328 0.127662 62.4317
488411 28.189 2.46293 29.6641 3.01082 -20.6782 0.479169 63.3269
488426 28.189 2.46293 29.6641 3.01082 -20.6782 0.479169 63.3269
488435 28.1698 2.33786 30.5737 3.18508 -20.7031 0.758833 64.2664
488442 27.9581 2.25127 31.6249 3.38838 -20.6766 1.10479 65.2226
488456 27.9581 2.25127 31.6249 3.38838 -20.6766 1.10479 65.2226
488471 27.833 2.22241 32.302 3.56264 -20.6121 1.32187 65.9201
488479 27.5829 2.19355 32.959 3.72722 -20.5458 1.55946 66.4627
488489 27.5829 2.19355 32.959 3.72722 -20.5458 1.55946 66.4627
488502 27.2847 2.08772 33.525 3.85308 -20.55 1.79901 66.7504
488517 26.996 1.97227 33.9495 4.02733 -20.519 2.01848 66.9451
488526 26.8806 1.93379 34 4.15319 -20.4553 2.09179 66.9676
488534 26.8806 1.93379 34 4.15319 -20.4553 2.09179 66.9676
488549 27.4675 3.82909 34 4.86959 -18.8014 1.61895 70.1661
488554 27.7561 4.58913 34 5.39237 -18.043 1.47353 71.7376
488572 27.7561 4.58913 34 5.39237 -18.043 1.47353 71.7376
488576 27.7561 5.00283 34 5.90547 -17.4941 1.47525 72.6644
488586 27.6503 5.21449 34 6.9123 -16.7815 1.63619 73.777
488596 27.6503 5.21449 34 6.9123 -16.7815 1.63619 73.777
488606 27.7465 6.92699 34 8.33542 -15.0905 1.49242 77.0089
488622 27.7465 6.92699 34 8.33542 -15.0905 1.49242 77.0089
488627 27.429 9.13978 32.1403 8.54841 -13.5524 0.799913 77.2575
488641 26.6593 10.1981 29.2699 7.72551 -12.8653 0.028038 73.8528
488665 25.4471 9.9768 26.4096 6.94134 -12.7003 -0.452107 68.7749
488668 24.3599 9.515 24.0446 6.85421 -12.3643 -0.689198 64.7737
488682 24.3599 9.515 24.0446 6.85421 -12.3643 -0.689198 64.7737
488689 23.4652 9.47651 22.5083 7.61902 -11.447 -0.669353 63.0691
488698 23.4652 9.47651 22.5083 7.61902 -11.447 -0.669353 63.0691
488714 22.5801 9.72666 21.4774 9.14863 -10.0036 -0.400591 62.9328
488723 21.416 10.15 20.8508 11.3753 -8.12856 0.155223 63.792
488737 21.416 10.15 20.8508 11.3753 -8.12856 0.155223 63.792
488740 20.0594 11.1505 20.6385 14.2603 -5.78107 0.836987 66.1087
488749 18.5297 12.4301 20.305 17.193 -3.36399 1.43259 68.4578
488761 18.5297 12.4301 20.305 17.193 -3.36399 1.43259 68.4578
488769 16.7487 13.5942 19.6278 19.4506 -1.19981 1.8875 69.4214
488785 16.7487 13.5942 19.6278 19.4506 -1.19981 1.8875 69.4214
488789 14.6032 14.5274 18.698 21.6118 1.02177 2.41484 69.4404
488807 12.2933 15.2394 18.2836 24.3712 3.21767 3.23178 70.1875
488811 12.2933 15.2394 18.2836 24.3712 3.21767 3.23178 70.1875
488821 9.77089 16.0572 17.849 27.227 5.52306 4.07197 70.9041
488839 7.71234 16.8076 17.4952 29.7838 7.44571 4.75475 71.7989
488842 7.71234 16.8076 17.4952 29.7838 7.44571 4.75475 71.7989
488858 6.40762 17.7079 17.1819 31.5494 8.80881 5.06866 72.8469
488867 6.40762 17.7079 17.1819 31.5494 8.80881 5.06866 72.8469
488878 6.25298 18.6263 17.8995 33.0352 9.07121 5.15513 75.814
488886 6.41728 19.2769 18.3442 33.9807 9.13112 5.12005 78.0191
488900 6.41728 19.2769 18.3442 33.9807 9.13112 5.12005 78.0191
488903 6.4946 19.6213 18.5262 34 9.09199 5.03744 78.642
488912 6.53326 19.7074 18.4251 34 9.13646 4.99286 78.6657
488936 6.47527 19.5447 17.6165 32.9291 9.26722 4.80482 76.5656
488949 6.47527 19.5447 17.6165 32.9291 9.26722 4.80482 76.5656
488954 6.31097 19.1525 16.3929 31.0091 9.42071 4.51623 72.8654
488963 6.22399 18.8368 14.9458 28.8383 9.62498 4.07945 68.8449
488975 6.22399 18.8368 14.9458 28.8383 9.62498 4.07945 68.8449
488983 5.95338 18.4063 13.7518 26.7543 9.8108 3.73379 64.8657
488999 5.83741 17.928 12.7905 25.0272 9.87581 3.42278 61.5831
489003 5.83741 17.928 12.7905 25.0272 9.87581 3.42278 61.5831
489023 5.7311 17.6984 12.0012 23.744 10.017 3.12188 59.1747
489033 5.59579 17.4783 11.5762 23.059 10.122 3.00499 57.7093
489048 5.52814 17.4401 11.4446 22.731 10.1491 2.9419 57.1438
489071 5.65378 17.4592 11.647 23.1266 10.0563 3.02158 57.8866
489075 5.71177 17.5453 12.1935 23.9467 9.92755 3.25345 59.3972
489084 5.71177 17.5453 12.1935 23.9467 9.92755 3.25345 59.3972
489095 5.78908 17.7366 12.9625 25.0948 9.77536 3.53951 61.583
489104 5.78908 17.7366 12.9625 25.0948 9.77536 3.53951 61.583
489119 5.95338 17.9949 13.772 26.349 9.60621 3.78638 64.0694
489129 6.13701 18.3298 14.622 27.6129 9.43891 3.99574 66.7017
489136 6.13701 18.3298 14.622 27.6129 9.43891 3.99574 66.7017
489146 6.24332 18.502 15.3405 28.626 9.29396 4.19604 68.7118
489156 6.40762 18.6646 15.9071 29.4461 9.15718 4.31968 70.4254
489168 6.40762 18.6646 15.9071 29.4461 9.15718 4.31968 70.4254
489181 6.45594 18.722 16.2714 29.9381 9.08169 4.41918 71.3875
489192 6.45594 18.722 16.4637 29.9381 8.99015 4.4476 71.5798
489197 6.43661 18.6168 16.4637 30.1022 9.01246 4.50559 71.6192
489207 6.38829 18.655 16.3929 29.9574 9.04539 4.47665 71.3936
489226 6.38829 18.655 16.3929 29.9574 9.04539 4.47665 71.3936
489234 6.3303 18.4254 16.1399 29.5136 9.04316 4.45206 70.4092
489244 6.22399 18.1289 15.9375 29.0312 9.01544 4.46092 69.3216
489258 6.05003 17.8036 15.7452 28.6742 9.03817 4.51844 68.2731
489269 5.88573 17.4401 15.6946 28.4427 9.0058 4.62731 67.4631
489283 5.88573 17.4401 15.6946 28.4427 9.0058 4.62731 67.4631
489294 7.60603 17.3253 17.3942 28.1918 7.27371 4.39354 70.5173
489299 7.60603 17.3253 17.3942 28.1918 7.27371 4.39354 70.5173
489309 9.58727 17.0096 18.6474 27.3428 5.55114 4.00762 72.5871
489324 11.3269 16.5574 19.3751 25.857 4.0047 3.55894 73.1165
489331 11.3269 16.5574 19.3751 25.857 4.0047 3.55894 73.1165
489342 12.9022 15.8936 19.7693 23.2809 2.26282 2.97604 71.8461
489351 14.9704 15.1336 20.7699 20.1453 -0.16246 2.28344 71.0192
489367 14.9704 15.1336 20.7699 20.1453 -0.16246 2.28344 71.0192
489372 16.9903 14.3254 23.0642 16.8354 -3.12212 1.80801 71.2154
489381 16.9903 14.3254 23.0642 16.8354 -3.12212 1.80801 71.2154
489396 17.6927 13.1613 25.5505 13.0985 -6.10888 1.68232 69.503
489402 18.5201 11.6989 28.0571 9.79727 -9.21101 1.68245 68.0734
489416 18.5201 11.6989 28.0571 9.79727 -9.21101 1.68245 68.0734
489422 19.4629 10.275 31.0083 8.08371 -11.6637 2.03851 68.83
489441 20.2422 8.5914 34 7.58998 -13.5114 2.71706 70.4236
489443 20.2422 8.5914 34 7.58998 -13.5114 2.71706 70.4236
489452 20.781 6.75382 34 7.2705 -14.8087 2.99447 68.8053
489467 20.781 6.75382 34 7.2705 -14.8087 2.99447 68.8053
489473 21.1851 5.01245 34 6.84453 -16.1571 3.27713 67.042
489492 21.4256 3.64629 34 6.67995 -17.1476 3.56068 65.7518
489493 21.4256 3.64629 34 6.67995 -17.1476 3.56068 65.7518
489503 21.6276 2.53028 34 6.49601 -18.0195 3.79052 64.6539
489517 21.7719 1.72213 34 6.31207 -18.7042 3.9537 63.8061
489523 21.7719 1.72213 34 6.31207 -18.7042 3.9537 63.8061
489540 22.0413 1.19298 34 5.9926 -19.3176 3.97575 63.2269
489544 22.0413 1.19298 34 5.9926 -19.3176 3.97575 63.2269
489555 22.2337 0.798529 34 5.55695 -19.9229 3.96027 62.5892
489567 22.5512 0.760045 34 5.31492 -20.1498 3.83314 62.6262
489592 22.9649 0.788908 34 4.918 -20.447 3.62942 62.6718
489602 23.2151 0.846633 34 4.64692 -20.6198 3.48881 62.7086
489615 23.2151 0.846633 34 4.64692 -20.6198 3.48881 62.7086
489620 23.4171 0.952462 34 4.35649 -20.7681 3.34477 62.726
489639 23.5614 1.03905 34 4.20159 -20.8277 3.24858 62.802
489646 23.7346 1.07753 34 4.01765 -20.9452 3.1527 62.8298
489664 23.7346 1.07753 34 4.01765 -20.9452 3.1527 62.8298
489666 24.004 1.05829 34 3.83371 -21.111 3.04585 62.896
489677 24.1868 1.09677 34 3.70786 -21.1863 2.95858 62.9914
489688 24.1868 1.09677 34 3.70786 -21.1863 2.95858 62.9914
489697 24.485 1.14488 34 3.62073 -21.2328 2.84365 63.2506
489713 24.485 1.14488 34 3.62073 -21.2328 2.84365 63.2506
489717 24.841 1.11602 34 3.52392 -21.3454 2.73317 63.4809
489727 25.0526 1.19298 34 3.49487 -21.3227 2.64728 63.7405
489740 25.0526 1.19298 34 3.49487 -21.3227 2.64728 63.7405
489752 25.0045 1.12564 34 3.48519 -21.376 2.67743 63.6154
489764 24.9757 1.2026 34 3.57232 -21.255 2.68093 63.7506
489768 24.9757 1.2026 34 3.57232 -21.255 2.68093 63.7506
489778 24.7832 1.12564 34 3.60137 -21.2786 2.76156 63.5103
489793 24.8314 1.06791 34 3.59169 -21.3305 2.76238 63.4909
489799 24.8314 1.06791 34 3.59169 -21.3305 2.76238 63.4909
489815 24.9468 1.13526 34 3.64977 -21.246 2.72259 63.7318
489819 24.9468 1.13526 34 3.64977 -21.246 2.72259 63.7318
489829 25.1681 1.1064 34 3.6885 -21.2518 2.67671 63.963
489844 25.3124 1.1064 34 3.78531 -21.1905 2.65556 64.2041
489851 25.3124 1.1064 34 3.78531 -21.1905 2.65556 64.2041
489865 25.7357 2.03962 34 4.30809 -20.1972 2.39079 66.0834
489871 25.755 2.65535 34 4.61788 -19.5745 2.28432 67.0282
489890 25.755 2.65535 34 4.61788 -19.5745 2.28432 67.0282
489892 25.245 3.16525 34 5.06321 -18.9024 2.36824 67.4735
489902 25.245 3.16525 34 5.06321 -18.9024 2.36824 67.4735
489915 24.3792 3.40577 34 5.53759 -18.3578 2.61858 67.3225
489922 24.3696 4.78155 34 6.73804 -16.7587 2.48685 69.8891
489951 24.6389 6.64799 34 7.74487 -15.1462 2.14796 73.0318
489953 24.7544 8.71647 33.8484 8.10308 -13.8498 1.68662 75.4223
489965 24.7544 8.71647 33.8484 8.10308 -13.8498 1.68662 75.4223
489973 24.4465 9.73628 31.3924 7.86105 -13.0186 1.03572 73.4362
489990 24.4465 9.73628 31.3924 7.86105 -13.0186 1.03572 73.4362
489993 23.446 9.90945 28.522 7.31891 -12.5511 0.538793 69.1963
490006 22.3492 9.88059 25.8942 7.26082 -11.8919 0.212258 65.3848
490016 22.3492 9.88059 25.8942 7.26082 -11.8919 0.212258 65.3848
490024 21.3679 10.0057 23.8829 7.85137 -10.852 0.0857395 63.1078
490042 21.0215 10.4963 22.478 9.29385 -9.3654 0.0602067 63.2897
490045 21.0215 10.4963 22.478 9.29385 -9.3654 0.0602067 63.2897
490054 20.9445 11.4584 21.2955 11.6657 -7.31131 0.128111 65.3641
490069 20.4924 12.9593 20.2646 14.3183 -4.95312 0.249424 68.0345
490076 20.4924 12.9593 20.2646 14.3183 -4.95312 0.249424 68.0345
490093 19.6746 14.4986 19.1528 16.6128 -2.75814 0.341522 69.9387
490096 19.6746 14.4986 19.1528 16.6128 -2.75814 0.341522 69.9387
490106 18.1064 15.9513 17.8995 18.5244 -0.542758 0.503579 70.4817
490118 15.7436 17.2105 16.7167 20.5988 1.90302 0.930991 70.2695
490144 13.0665 18.368 15.7149 23.0397 4.49726 1.56436 70.1892
490153 10.3798 19.4395 14.8649 25.5675 7.03271 2.2661 70.2517
490158 10.3798 19.4395 14.8649 25.5675 7.03271 2.2661 70.2517
490172 8.20523 20.5492 14.197 27.7577 9.15887 2.80025 70.7092
490182 8.20523 20.5492 14.197 27.7577 9.15887 2.80025 70.7092
490200 7.26777 21.8407 14.2274 29.6294 10.2703 3.03191 72.9653
490201 7.50938 23.0844 14.9054 30.9705 10.344 2.99767 76.4696
490227 7.8863 23.8784 15.0571 31.3564 10.3262 2.81065 78.1783
490228 8.08926 24.3376 14.8952 31.038 10.3341 2.58544 78.3602
490243 8.08926 24.3376 14.8952 31.038 10.3341 2.58544 78.3602
490255 8.12791 24.5098 14.197 29.9767 10.4677 2.25279 76.8115
490260 8.12791 24.5098 14.197 29.9767 10.4677 2.25279 76.8115
490270 7.99261 24.2994 13.1851 28.2594 10.6396 1.86186 73.7365
490284 7.85731 24.0028 11.9911 26.214 10.8358 1.35836 70.0652
490311 7.64468 23.601 10.6857 23.9081 11.0795 0.762781 65.8395
490316 7.46106 23.2566 9.6131 22.046 11.3137 0.226382 62.3767
490325 7.46106 23.2566 9.6131 22.046 11.3137 0.226382 62.3767
490339 7.38374 23.0366 8.77321 20.5119 11.4695 -0.285197 59.7055
490343 7.2581 22.9409 8.18631 19.5375 11.6681 -0.641003 57.9228
490352 7.2581 22.9409 8.18631 19.5375 11.6681 -0.641003 57.9228
490368 7.38374 22.9792 7.93333 19.0551 11.6463 -0.882596 57.3513
490372 7.38374 22.9792 7.93333 19.0551 11.6463 -0.882596 57.3513
490382 7.46106 23.2279 8.00417 19.2866 11.6633 -0.879152 57.9797
490397 7.5577 23.4958 8.32798 19.8848 11.598 -0.718971 59.2663
490403 7.5577 23.4958 8.32798 19.8848 11.598 -0.718971 59.2663
490422 7.77032 23.9932 8.73274 20.8207 11.5428 -0.540677 61.317
490425 8.06026 24.4524 9.53214 21.882 11.2402 -0.257783 63.9268
490433 8.06026 24.4524 9.53214 21.882 11.2402 -0.257783 63.9268
490449 8.29221 24.7968 10.0988 23.059 11.1193 0.0155729 66.2469
490453 8.29221 24.7968 10.0988 23.059 11.1193 0.0155729 66.2469
490476 8.42752 25.1508 10.706 24.1782 11.0263 0.286104 68.4625
490478 8.5145 25.4474 11.2423 25.0079 10.9307 0.488876 70.2121
490484 8.5145 25.4474 11.2423 25.0079 10.9307 0.488876 70.2121
490503 8.60148 25.5718 11.5458 25.3939 10.8343 0.58354 71.1129
490507 8.6498 25.5144 11.5661 25.4421 10.7979 0.599397 71.1723
490531 8.59181 25.323 11.4548 25.1141 10.7793 0.564812 70.4837
490536 8.59181 25.323 11.4548 25.1141 10.7793 0.564812 70.4837
490546 8.33087 24.8447 11.2423 24.7281 10.8465 0.606295 69.146
490559 8.08926 24.3089 11.1411 24.265 10.8192 0.665426 67.8043
490571 8.08926 24.3089 11.1411 24.265 10.8192 0.665426 67.8043
490577 7.85731 23.6393 11.6167 23.7633 10.4404 0.871028 66.8766
490589 10.0318 23.1035 13.0738 23.0011 8.30766 0.637093 69.2103
490597 10.0318 23.1035 13.0738 23.0011 8.30766 0.637093 69.2103
490617 12.0131 22.52 13.944 21.0812 6.34145 0.106131 69.5583
490619 13.5401 21.4581 14.622 18.0709 4.19808 -0.510817 67.6911
490628 13.5401 21.4581 14.622 18.0709 4.19808 -0.510817 67.6911
490644 16.1302 20.1953 15.806 14.0182 0.860679 -1.47422 66.1496
490648 16.1302 20.1953 15.806 14.0182 0.860679 -1.47422 66.1496
490658 20.0883 18.5785 17.9096 10.0103 -3.53268 -2.42096 66.5867
490677 23.1477 16.5767 22.4477 7.60934 -7.67015 -2.07807 69.7814
490686 23.1477 16.5767 22.4477 7.60934 -7.67015 -2.07807 69.7814
490700 25.2739 14.1138 31.544 7.38667 -11.2737 -0.0875258 78.3183
490703 26.7651 11.1409 34 7.25114 -13.3826 0.633883 79.1572
490728 27.5444 7.90832 34 5.76025 -15.9134 0.859061 75.213
490739 28.2083 5.09904 34 4.23064 -18.4792 1.03232 71.5379
490758 28.7182 2.89587 34 3.07859 -20.6513 1.19326 68.6926
490761 28.7182 2.89587 34 3.07859 -20.6513 1.19326 68.6926
490797 29.2666 1.48161 34 2.37187 -22.1294 1.25679 67.12
490799 29.7476 0.740804 34 1.82973 -23.062 1.20812 66.3181
490801 29.7476 0.740804 34 1.82973 -23.062 1.20812 66.3181
490821 30.1132 0.47142 34 1.51025 -23.5009 1.11786 66.0949
490823 30.3152 0.538766 34 1.28759 -23.6194 1.00548 66.1416
490832 30.4114 0.634975 34 1.17141 -23.636 0.934417 66.2178
490849 30.4114 0.634975 34 1.17141 -23.636 0.934417 66.2178
490854 30.2479 0.692699 34 1.14237 -23.6115 0.953752 66.083
490862 29.9593 0.70232 34 1.21982 -23.5412 1.03783 65.8814
490878 29.9593 0.70232 34 1.21982 -23.5412 1.03783 65.8814
490887 29.6418 0.721562 34 1.19077 -23.5414 1.10461 65.5541
490893 29.6418 0.721562 34 1.19077 -23.5414 1.10461 65.5541
490908 29.3147 0.760045 34 1.30695 -23.4193 1.20039 65.3817
490913 28.9106 0.625354 33.9191 1.26822 -23.5372 1.30975 64.7233
490923 28.9106 0.625354 33.9191 1.26822 -23.5372 1.30975 64.7233
490937 28.6316 0.625354 33.8686 1.23918 -23.5516 1.36352 64.3647
490943 28.343 0.567629 33.9394 1.2295 -23.5977 1.46497 64.0794
490953 28.343 0.567629 33.9394 1.2295 -23.5977 1.46497 64.0794
490968 28.0543 0.529145 34 1.29727 -23.5705 1.57648 63.8807
490995 27.7849 0.4618 34 1.32631 -23.5937 1.67042 63.5731
490997 27.6984 0.452179 34 1.41344 -23.5325 1.71392 63.564
491004 27.6984 0.452179 34 1.41344 -23.5325 1.71392 63.564
491026 27.7465 0.500283 34 1.31663 -23.5708 1.66839 63.5634
491027 27.8234 0.404075 34 1.28759 -23.6683 1.66734 63.5151
491034 27.8234 0.404075 34 1.28759 -23.6683 1.66734 63.5151
491056 28.1409 0.452179 34 1.19077 -23.7121 1.55157 63.7839
491058 28.1409 0.452179 34 1.19077 -23.7121 1.55157 63.7839
491086 28.545 0.481041 34 1.0746 -23.7866 1.41541 64.1006
491088 29.0164 0.509904 33.9596 0.997153 -23.8314 1.26322 64.483
491090 29.0164 0.509904 33.9596 0.997153 -23.8314 1.26322 64.483
491098 29.2281 0.615733 33.5553 0.929385 -23.799 1.08215 64.3285
491113 29.3628 0.615733 33.525 0.910023 -23.8157 1.03779 64.4135
491116 29.3628 0.615733 33.525 0.910023 -23.8157 1.03779 64.4135
491126 29.4782 0.673458 33.7878 0.997153 -23.7137 1.07025 64.9366
491144 29.4782 0.673458 33.7878 0.997153 -23.7137 1.07025 64.9366
491148 29.5648 0.634975 34 1.10364 -23.6688 1.1264 65.3034
491157 29.7668 0.663837 34 1.23918 -23.5511 1.09834 65.6699
491174 29.7668 0.663837 34 1.23918 -23.5511 1.09834 65.6699
491177 30.2767 0.808149 34 1.52961 -23.2453 1.00085 66.6145
491187 31.1715 2.20317 34 1.91686 -22.027 0.550328 69.2915
491204 31.1715 2.20317 34 1.91686 -22.027 0.550328 69.2915
491212 31.4409 2.60724 34 2.24601 -21.5479 0.469011 70.2941
491218 31.4409 2.60724 34 2.24601 -21.5479 0.469011 70.2941
491233 31.3254 3.06904 34 2.65262 -20.9733 0.476761 71.0471
491238 30.8444 3.66553 34 3.63041 -19.9432 0.648841 72.1403
491263 30.8444 3.66553 34 3.63041 -19.9432 0.648841 72.1403
491265 30.5173 5.62818 34 4.63724 -18.1365 0.499808 74.7827
491273 30.2767 7.61007 33.8181 5.04385 -16.7563 0.190578 76.7487
491279 30.2767 7.61007 33.8181 5.04385 -16.7563 0.190578 76.7487
491294 29.738 8.75495 31.5844 4.918 -15.8841 -0.398127 74.9953
491303 29.738 8.75495 31.5844 4.918 -15.8841 -0.398127 74.9953
491309 28.7759 8.81268 29.4316 4.6082 -15.6316 -0.743156 71.6284
491324 27.8042 8.69723 27.3092 4.53075 -15.3221 -1.02314 68.3413
491329 27.8042 8.69723 27.3092 4.53075 -15.3221 -1.02314 68.3413
491353 26.6786 8.67799 25.3585 4.61788 -14.8245 -1.23525 65.3329
491357 25.4952 9.00509 23.701 5.08257 -13.8695 -1.35503 63.2838
491361 25.4952 9.00509 23.701 5.08257 -13.8695 -1.35503 63.2838
491369 24.2349 9.61121 22.2455 5.90547 -12.486 -1.3779 61.9971
491384 24.2349 9.61121 22.2455 5.90547 -12.486 -1.3779 61.9971
491391 22.7725 10.4963 20.9013 7.07688 -10.6538 -1.29573 61.247
491411 21.2909 11.7663 19.739 8.83884 -8.28457 -1.09012 61.635
491418 21.2909 11.7663 19.739 8.83884 -8.28457 -1.09012 61.635
491427 19.9921 13.2767 19.0214 11.3559 -5.64874 -0.681462 63.6461
491442 18.7606 14.9411 18.5767 14.4926 -2.9592 -0.142081 66.771
491446 18.7606 14.9411 18.5767 14.4926 -2.9592 -0.142081 66.771
491454 17.4522 16.5286 18.2836 17.8394 -0.487779 0.458368 70.1037
491473 15.9369 17.9854 18.0309 21.4381 1.85843 1.13367 73.3913
491502 13.801 19.3151 17.6064 24.9308 4.24253 1.86793 75.6533
491503 13.801 19.3151 17.6064 24.9308 4.24253 1.86793 75.6533
491505 11.6458 20.4249 16.9089 27.7191 6.38511 2.45584 76.6987
491513 9.33599 21.1615 16.1905 29.7741 8.30777 3.03427 76.4621
491533 9.33599 21.1615 16.1905 29.7741 8.30777 3.03427 76.4621
491538 8.01194 21.7355 15.7756 31.1538 9.48845 3.36124 76.6768
491544 7.83798 22.166 16.231 32.0993 9.63703 3.50925 78.3343
491563 7.83798 22.166 16.231 32.0993 9.63703 3.50925 78.3343
491565 7.85731 22.3478 16.15 32.2054 9.7205 3.46555 78.5605
491574 7.85731 22.3478 16.15 32.2054 9.7205 3.46555 78.5605
491594 7.71234 22.2808 15.6542 31.3082 9.81817 3.3076 76.9555
491596 7.61569 21.9747 14.703 29.9092 9.96098 3.03665 74.2025
491606 7.61569 21.9747 14.703 29.9092 9.96098 3.03665 74.2025
491625 7.44173 21.7833 13.6911 28.1339 10.1282 2.66008 71.0501
491629 7.34508 21.4868 12.5982 26.4455 10.3089 2.25675 67.8756
491641 7.34508 21.4868 12.5982 26.4455 10.3089 2.25675 67.8756
491657 7.23877 21.305 11.6167 24.7185 10.4688 1.80137 64.879
491659 7.23877 21.305 11.6167 24.7185 10.4688 1.80137 64.879
491667 7.07447 21.1232 10.8173 23.3581 10.6575 1.43756 62.3731
491689 7.06481 21.018 10.3113 22.4126 10.712 1.14488 60.8067
491689 7.06481 21.018 10.3113 22.4126 10.712 1.14488 60.8067
491697 7.01649 21.0658 9.92679 21.9398 10.8686 0.946881 59.949
491721 7.10347 21.2189 9.78512 21.7276 10.8874 0.799781 59.8351
491723 7.10347 21.2189 9.78512 21.7276 10.8874 0.799781 59.8351
491728 7.19045 21.5155 9.86607 21.8723 10.8907 0.75254 60.4443
491752 7.19045 21.5155 9.86607 21.8723 10.8907 0.75254 60.4443
491756 7.32575 21.8312 10.0786 22.3547 10.8709 0.797939 61.5902
491759 7.44173 22.0895 10.4327 22.9625 10.7973 0.921094 62.9265
491787 7.49005 22.2521 10.7464 23.609 10.7744 1.07958 64.0976
491797 7.62536 22.4913 11.0601 24.2843 10.7278 1.19792 65.4611
491815 7.62536 22.4913 11.0601 24.2843 10.7278 1.19792 65.4611
491817 7.60603 22.6826 11.3637 24.8053 10.728 1.32725 66.4577
491823 7.60603 22.6826 11.3637 24.8053 10.728 1.32725 66.4577
491846 7.68334 22.7687 11.5155 25.2009 10.7085 1.39894 67.1684
491847 7.71234 22.8931 11.7077 25.3263 10.6444 1.42564 67.6395
491851 7.71234 22.8931 11.7077 25.3263 10.6444 1.42564 67.6395
491861 7.65435 22.8739 11.5863 25.3263 10.7352 1.41999 67.4409
491879 7.59636 22.7209 11.5762 25.307 10.7348 1.46561 67.2005
491881 7.59636 22.7209 11.5762 25.307 10.7348 1.46561 67.2005
491893 7.57703 22.7209 11.556 25.3746 10.7702 1.47987 67.2284
491910 7.57703 22.7209 11.556 25.3746 10.7702 1.47987 67.2284
491914 7.54804 22.6635 11.7179 25.6447 10.7446 1.58738 67.5741
491922 7.54804 22.7687 12.0417 26.0403 10.6798 1.70293 68.3987
491942 7.54804 22.7687 12.0417 26.0403 10.6798 1.70293 68.3987
491948 7.92496 22.6826 13.3976 26.4166 9.8608 1.96103 70.4218
491952 9.61626 22.8261 13.9238 26.185 8.77693 1.58504 72.5512
491973 9.61626 22.8261 13.9238 26.185 8.77693 1.58504 72.5512
491977 10.2541 22.4339 14.3286 25.143 7.96644 1.41012 72.1596
491983 10.9693 21.7451 14.4702 23.0204 6.88197 1.0205 70.205
492007 10.9693 21.7451 14.4702 23.0204 6.88197 1.0205 70.205
492008 12.4963 20.8649 15.7452 20.2514 4.64072 0.56996 69.3579
492013 12.4963 20.8649 15.7452 20.2514 4.64072 0.56996 69.3579
492023 14.6998 19.6117 20.022 18.0516 1.01593 0.779602 72.3852
492039 15.9176 17.8514 25.1361 15.9932 -2.4063 1.47406 74.8983
492052 15.9176 17.8514 25.1361 15.9932 -2.4063 1.47406 74.8983
492074 16.4201 15.3645 29.2598 13.7472 -5.53817 2.25073 74.7915
492074 17.0866 12.7284 33.3531 12.537 -8.3133 3.1851 75.7051
492078 17.0866 12.7284 33.3531 12.537 -8.3133 3.1851 75.7051
492087 17.3945 9.85173 34 11.8981 -10.1323 3.82502 73.1442
492107 17.3945 9.85173 34 11.8981 -10.1323 3.82502 73.1442
492109 17.2405 6.93662 34 11.1236 -11.9697 4.53381 69.3007
492116 17.2117 4.44482 34 10.3297 -13.8048 5.15409 65.9862
492143 17.2117 4.44482 34 10.3297 -13.8048 5.15409 65.9862
492145 17.7408 2.89587 34 9.81663 -15.1382 5.39459 64.4533
492154 18.2603 2.05886 34 9.56492 -15.9024 5.4581 63.8841
492177 18.2603 2.05886 34 9.56492 -15.9024 5.4581 63.8841
492179 18.6259 1.74137 34 9.41002 -16.2576 5.4195 63.7773
492182 18.6259 1.74137 34 9.41002 -16.2576 5.4195 63.7773
492192 18.9434 1.81834 34 9.14863 -16.42 5.25428 63.9104
492211 19.0108 1.82796 34 8.90661 -16.5801 5.19283 63.7453
492214 19.0108 1.82796 34 8.90661 -16.5801 5.19283 63.7453
492218 18.9434 1.8953 34 8.47096 -16.8131 5.12534 63.3097
492243 18.9434 1.88568 34 8.04499 -17.1027 5.06152 62.8741
492246 18.9434 1.88568 34 8.04499 -17.1027 5.06152 62.8741
492248 19.1454 1.91454 34 7.50285 -17.4737 4.90136 62.5628
492258 19.1454 1.91454 34 7.50285 -17.4737 4.90136 62.5628
492276 19.4533 1.93379 34 7.07688 -17.7873 4.72827 62.464
492283 19.8285 1.99151 34 6.8639 -17.9365 4.55712 62.6839
492289 19.8285 1.99151 34 6.8639 -17.9365 4.55712 62.6839
492308 20.1171 2.03962 34 6.49601 -18.1881 4.39069 62.6528
492312 20.2711 1.96265 34 6.25399 -18.4254 4.32571 62.4877
492321 20.2711 1.96265 34 6.25399 -18.4254 4.32571 62.4877
492341 20.0883 1.86644 34 6.12813 -18.5614 4.39092 62.0829
492343 19.5976 1.76061 34 6.3508 -18.4277 4.61664 61.709
492351 19.5976 1.76061 34 6.3508 -18.4277 4.61664 61.709
492375 19.0204 1.50085 34 6.57346 -18.392 4.92324 61.0947
492387 18.6067 1.46237 34 6.87358 -18.1608 5.12069 60.9426
492391 18.2699 1.33729 34 6.8639 -18.2189 5.27276 60.4711
492409 18.2699 1.33729 34 6.8639 -18.2189 5.27276 60.4711
492412 18.3854 1.36616 34 6.93166 -18.163 5.23541 60.6832
492422 18.5008 1.36616 34 7.05752 -18.0868 5.21724 60.9245
492444 18.5008 1.36616 34 7.05752 -18.0868 5.21724 60.9245
492445 18.472 1.28919 34 7.15433 -18.0695 5.26791 60.9155
492457 18.472 1.28919 34 7.15433 -18.0695 5.26791 60.9155
492476 18.4239 1.23147 34 7.20273 -18.0706 5.31089 60.8581
492478 18.4046 1.2026 34 7.18337 -18.1026 5.32388 60.7906
492487 18.4046 1.2026 34 7.18337 -18.1026 5.32388 60.7906
492493 18.2122 1.19298 34 7.23178 -18.0531 5.39932 60.637
492511 18.1834 1.2026 34 7.33827 -17.9675 5.42262 60.7242
492522 18.1834 1.2026 34 7.33827 -17.9675 5.42262 60.7242
492545 18.0872 1.14488 34 7.45444 -17.915 5.49276 60.6865
492548 18.0872 1.14488 34 7.45444 -17.915 5.49276 60.6865
492550 18.1353 1.59706 34 8.31606 -17.0118 5.45955 62.0484
492559 18.3277 2.21279 34 8.90661 -16.2373 5.28775 63.4471
492581 18.3277 2.21279 34 8.90661 -16.2373 5.28775 63.4471
492583 18.116 2.52066 34 9.33257 -15.7352 5.32191 63.9692
492586 17.8081 2.92473 34 9.59396 -15.2695 5.33084 64.3268
492614 17.558 3.49236 34 10.1845 -14.5172 5.31943 65.2349
492616 17.558 3.49236 34 10.1845 -14.5172 5.31943 65.2349
492650 17.7119 4.54103 34 10.4653 -13.754 4.9939 66.7182
492651 17.7023 5.24335 34 10.3781 -13.3982 4.77523 67.3238
492653 17.7023 5.24335 34 10.3781 -13.3982 4.77523 67.3238
492657 17.5869 5.62818 34 10.3491 -13.1762 4.692 67.5641
492683 17.6157 5.80136 34 10.5814 -12.9536 4.66871 67.9985
492684 17.6157 5.80136 34 10.5814 -12.9536 4.66871 67.9985
492687 18.0487 6.06112 33.1813 10.8912 -12.5684 4.39178 68.1824
492718 18.0487 6.06112 33.1813 10.8912 -12.5684 4.39178 68.1824
492720 18.5105 6.48444 31.0791 11.6754 -11.5978 3.93204 67.7494
492721 18.9626 7.34069 28.8555 12.3724 -10.4045 3.31505 67.5313
492728 18.9626 7.34069 28.8555 12.3724 -10.4045 3.31505 67.5313
492753 19.386 8.35088 26.7836 13.3212 -9.02746 2.73459 67.8416
492754 19.5688 9.49576 24.8936 14.754 -7.35409 2.3103 68.7121
492758 19.5688 9.49576 24.8936 14.754 -7.35409 2.3103 68.7121
492768 19.5591 10.7272 23.2057 16.09 -5.7298 1.94217 69.582
492787 19.5591 10.7272 23.2057 16.09 -5.7298 1.94217 69.582
492788 19.0589 11.7951 21.6593 17.2026 -4.20293 1.72298 69.7159
492803 18.2796 12.6706 20.2545 18.6305 -2.58926 1.70433 69.8352
492824 18.2796 12.6706 20.2545 18.6305 -2.58926 1.70433 69.8352
492825 16.5458 13.3537 18.9102 20.454 -0.59492 2.04973 69.2637
492829 14.1296 13.9406 17.566 22.6152 1.78025 2.66171 68.2514
492858 11.0853 14.6525 16.231 25.3649 4.71577 3.53272 67.3337
492869 7.93462 15.2875 15.5429 28.6067 7.57614 4.6594 67.3717
492894 5.45082 16.0283 15.5935 31.9064 9.74587 5.6584 68.9789
492897 5.45082 16.0283 15.5935 31.9064 9.74587 5.6584 68.9789
492906 4.639 16.8653 16.4435 34 10.3488 6.03336 71.9478
492928 4.73565 17.5453 17.2729 34 10.0392 5.91239 73.5538
492929 4.73565 17.5453 17.2729 34 10.0392 5.91239 73.5538
492932 4.89028 18.0141 17.1819 34 10.1037 5.72527 74.0863
492942 4.89028 18.0141 17.1819 34 10.1037 5.72527 74.0863
492965 4.97726 18.3489 16.6762 34 10.3698 5.54375 74.0024
492967 4.97726 18.655 15.725 34 10.8894 5.3354 73.3573
492972 4.97726 18.655 15.725 34 10.8894 5.3354 73.3573
492982 4.94827 18.8559 14.5714 32.5045 11.2305 4.92488 70.8802
493003 4.9386 19.0186 13.428 30.4784 11.468 4.40941 67.8636
493007 4.9386 19.0186 13.428 30.4784 11.468 4.40941 67.8636
493013 5.03525 19.1908 12.2238 28.4427 11.7018 3.80024 64.8925
493040 5.08357 19.3247 11.2929 26.7446 11.8875 3.27385 62.4457
493041 5.08357 19.3247 11.2929 26.7446 11.8875 3.27385 62.4457
493048 5.22854 19.6978 10.5238 25.4421 12.0654 2.71945 60.8923
493055 5.22854 19.6978 10.5238 25.4421 12.0654 2.71945 60.8923
493079 5.36384 19.9465 10.0482 24.6703 12.1628 2.35089 60.0289
493081 5.52814 20.377 9.80536 24.2457 12.2128 2.03797 59.9563
493116 5.63445 20.7119 9.71429 24.2264 12.2703 1.88956 60.2871
493118 5.72143 21.0945 9.88631 24.815 12.3143 1.92271 61.5173
493118 5.72143 21.0945 9.88631 24.815 12.3143 1.92271 61.5173
493125 5.88573 21.4676 10.1899 25.5289 12.2562 1.98949 63.0722
493154 5.99204 21.8216 10.5036 26.3201 12.2399 2.0909 64.6373
493156 6.11768 22.0703 10.878 27.0533 12.1477 2.21039 66.1193
493166 6.11768 22.0703 10.878 27.0533 12.1477 2.21039 66.1193
493190 6.166 22.3573 11.1613 27.8445 12.1705 2.32843 67.5291
493192 6.29164 22.6443 11.5256 28.4137 12.0656 2.39636 68.8753
493201 6.29164 22.6443 11.5256 28.4137 12.0656 2.39636 68.8753
493207 6.38829 22.8261 11.7685 28.8286 11.9959 2.44573 69.8115
493227 6.38829 22.8261 11.7685 28.8286 11.9959 2.44573 69.8115
493231 6.45594 22.8835 11.819 28.9251 11.962 2.44094 70.0836
493237 6.45594 23.1131 11.7482 28.9444 12.0455 2.37474 70.2617
493265 6.54292 23.1609 11.556 28.5488 12.0368 2.23487 69.8086
493274 6.43661 23.1609 11.8494 30.517 12.295 2.66151 71.964
493302 6.43661 23.094 11.8494 28.0471 11.8308 2.2396 69.4271
493304 8.84309 23.3618 12.8512 27.42 10.0335 1.66942 72.4761
493304 8.84309 23.3618 12.8512 27.42 10.0335 1.66942 72.4761
493309 10.3411 23.3044 13.2256 26.0499 8.84096 1.1581 72.9211
493318 11.2013 22.7017 13.347 24.101 7.79753 0.745268 71.351
493339 11.2013 22.7017 13.347 24.101 7.79753 0.745268 71.351
493349 12.8636 22.0225 13.6506 21.4864 6.06755 0.0537461 70.023
