1351822 6.69756 13.6616 10.0685 19.7594 8.29644 2.83003 50.1869
1351832 7.97328 13.3248 11.2827 18.7849 6.25598 2.5609 51.3658
1351849 9.70324 12.9111 12.9625 17.7719 3.757 2.28308 53.3487
1351866 11.1529 12.3916 14.7839 16.6031 1.39166 2.14152 54.9316
1351874 12.2644 11.545 15.8464 15.0444 -0.695322 1.94191 54.7002
1351884 12.2644 11.545 15.8464 15.0444 -0.695322 1.94191 54.7002
1351894 12.9505 10.4578 16.231 13.1082 -2.66148 1.68656 52.7475
1351904 12.9505 10.4578 16.231 13.1082 -2.66148 1.68656 52.7475
1351920 13.5884 9.37068 16.2917 11.2688 -4.57278 1.36622 50.5195
1351926 14.1973 8.4086 16.6458 9.62301 -6.55324 1.12419 48.8747
1351936 14.1973 8.4086 16.6458 9.62301 -6.55324 1.12419 48.8747
1351948 14.6225 7.41766 17.4245 8.41287 -8.46769 1.18966 47.8775
1351957 15.2217 6.5614 18.6171 7.60934 -10.2418 1.38827 48.0096
1351966 15.2217 6.5614 18.6171 7.60934 -10.2418 1.38827 48.0096
1351981 15.8499 5.83984 19.8805 7.1156 -11.6949 1.63487 48.6859
1351987 16.3815 5.32032 21.2551 6.84453 -12.7866 1.927 49.8014
1351997 16.3815 5.32032 21.2551 6.84453 -12.7866 1.927 49.8014
1352007 16.7874 4.91624 22.4881 6.9123 -13.427 2.25915 51.104
1352018 16.7874 4.91624 22.4881 6.9123 -13.427 2.25915 51.104
1352036 17.1732 4.58913 23.5392 6.98975 -13.9285 2.51476 52.2913
1352043 17.4907 4.3871 24.1861 7.07688 -14.2136 2.64916 53.1407
1352061 17.6061 4.25241 24.3074 7.02847 -14.3965 2.67246 53.1944
1352071 17.635 4.1562 24.3781 7.04784 -14.4733 2.7157 53.2171
1352078 17.635 4.1562 24.3781 7.04784 -14.4733 2.7157 53.2171
1352088 17.6446 4.24278 24.368 7.07688 -14.3876 2.6881 53.3323
1352098 17.6446 4.24278 24.368 7.07688 -14.3876 2.6881 53.3323
1352108 17.3367 4.11771 24.2771 7.04784 -14.4224 2.8052 52.7793
1352123 17.1347 4.05037 24.1558 7.07688 -14.386 2.87525 52.4177
1352129 17.1347 4.05037 24.1558 7.07688 -14.386 2.87525 52.4177
1352139 16.971 3.9734 24.0749 7.00911 -14.4457 2.92329 52.0284
1352149 16.8357 3.95416 23.7616 6.9123 -14.4426 2.88087 51.4638
1352169 16.7391 3.91568 23.5898 6.80581 -14.4991 2.86213 51.0503
1352180 16.7391 3.91568 23.5898 6.80581 -14.4991 2.86213 51.0503
1352202 16.6424 3.88681 23.61 6.72836 -14.5659 2.89255 50.8676
1352207 16.6907 3.85795 23.5797 6.68964 -14.6222 2.86925 50.818
1352226 16.6907 3.85795 23.5797 6.68964 -14.6222 2.86925 50.818
1352227 16.7294 3.88681 23.5291 6.68964 -14.5973 2.83345 50.835
1352241 16.6521 3.80985 23.4786 6.709 -14.616 2.88029 50.6495
1352246 16.6521 3.80985 23.4786 6.709 -14.616 2.88029 50.6495
1352254 16.5554 3.80985 23.5291 6.69932 -14.6142 2.92423 50.5937
1352272 16.5071 3.77136 23.7313 6.7574 -14.6303 3.01677 50.7671
1352282 16.4684 3.80023 24.0345 6.87358 -14.5716 3.11842 51.1767
1352308 16.3525 3.6944 24.3882 7.00911 -14.597 3.30955 51.4442
1352312 16.1399 3.60781 24.6308 7.04784 -14.6399 3.48002 51.4263
1352323 16.1399 3.60781 24.6308 7.04784 -14.6399 3.48002 51.4263
1352332 16.0819 3.57895 24.6813 7.04784 -14.6606 3.52258 51.39
1352358 15.8016 3.4635 24.7319 7.10592 -14.6587 3.69041 51.1029
1352363 15.502 3.32881 24.8228 7.08656 -14.7366 3.86634 50.7402
1352373 15.502 3.32881 24.8228 7.08656 -14.7366 3.86634 50.7402
1352384 15.1347 3.19411 24.8532 7.04784 -14.8049 4.05301 50.2298
1352395 14.8641 3.07866 24.7622 6.98975 -14.8697 4.16819 49.6947
1352403 14.8641 3.07866 24.7622 6.98975 -14.8697 4.16819 49.6947
1352413 14.6998 3.0498 24.7117 7.00911 -14.8334 4.23621 49.4704
1352428 14.6998 3.0498 24.7117 7.00911 -14.8334 4.23621 49.4704
1352435 14.5452 3.05942 24.8734 7.1156 -14.7416 4.35067 49.5936
1352445 14.5162 3.0498 24.9239 7.10592 -14.7615 4.37451 49.5958
1352471 14.4196 3.01132 24.9138 7.09624 -14.7781 4.42321 49.4409
1352478 14.4292 2.98246 24.843 7.14465 -14.7498 4.42597 49.3994
1352489 14.4292 2.98246 24.843 7.14465 -14.7498 4.42597 49.3994
1352499 14.4099 3.04018 24.8835 7.1156 -14.7311 4.41332 49.4492
1352506 14.4099 3.04018 24.8835 7.1156 -14.7311 4.41332 49.4492
1352519 14.4002 3.08829 24.9441 7.16401 -14.6643 4.42155 49.5966
1352526 14.5355 3.07866 24.9946 7.29954 -14.6027 4.41208 49.9084
1352544 14.5355 3.07866 24.9946 7.29954 -14.6027 4.41208 49.9084
1352547 14.6128 3.09791 25.1463 7.33827 -14.6044 4.41489 50.1953
1352557 14.7965 3.21336 25.2776 7.28986 -14.6167 4.31745 50.5773
1352567 14.7965 3.21336 25.2776 7.28986 -14.6167 4.31745 50.5773
1352577 14.9608 3.2326 25.2574 7.28986 -14.6311 4.24332 50.7407
1352587 14.9608 3.2326 25.2574 7.28986 -14.6311 4.24332 50.7407
1352597 14.9801 3.25184 25.0654 7.25114 -14.611 4.17953 50.5485
1352607 15.1154 3.20374 24.9239 7.14465 -14.7312 4.09308 50.3877
1352617 15.1154 3.20374 24.9239 7.14465 -14.7312 4.09308 50.3877
1352627 15.27 3.63667 24.9946 7.37699 -14.2609 3.93878 51.2784
1352642 15.3764 4.02151 24.8228 7.30923 -14.0057 3.70684 51.5299
1352650 15.3764 4.02151 24.8228 7.30923 -14.0057 3.70684 51.5299
1352658 15.2797 4.09847 24.5297 7.28018 -13.8854 3.64296 51.1881
1352671 15.2797 4.09847 24.5297 7.28018 -13.8854 3.64296 51.1881
1352678 15.1734 4.36786 24.1558 7.24146 -13.6046 3.49126 50.9385
1352691 15.1734 4.88738 23.8323 7.24146 -13.1403 3.2306 51.1346
1352698 15.1734 4.88738 23.8323 7.24146 -13.1403 3.2306 51.1346
1352708 15.1927 5.45501 23.3977 7.17369 -12.6719 2.90625 51.2192
1352723 15.1154 6.0034 23.0642 7.26082 -12.1081 2.68435 51.4438
1352741 14.8738 6.5614 22.5386 7.29954 -11.4833 2.45829 51.2734
1352749 14.8738 6.5614 22.5386 7.29954 -11.4833 2.45829 51.2734
1352760 14.5645 7.00396 22.003 7.65774 -10.6901 2.36942 51.2292
1352769 14.2069 7.45614 21.4673 8.3451 -9.65168 2.37472 51.4755
1352779 14.2069 7.45614 21.4673 8.3451 -9.65168 2.37472 51.4755
1352794 13.7624 8.1296 20.8811 9.53588 -8.11428 2.44461 52.3089
1352801 13.1535 8.71647 20.0523 10.7751 -6.50616 2.54968 52.6973
1352811 13.1535 8.71647 20.0523 10.7751 -6.50616 2.54968 52.6973
1352822 12.4093 9.16865 18.8193 11.6367 -5.00792 2.55928 52.0339
1352832 12.4093 9.16865 18.8193 11.6367 -5.00792 2.55928 52.0339
1352843 11.4912 9.64969 17.4245 12.1401 -3.51338 2.49195 50.7055
1352851 10.7277 10.15 16.0589 12.6919 -1.98713 2.37964 49.6285
1352863 10.7277 10.15 16.0589 12.6919 -1.98713 2.37964 49.6285
1352871 10.0318 10.8042 14.875 13.3309 -0.393432 2.25415 49.0419
1352884 9.42297 11.5739 13.9744 14.115 1.16709 2.16739 49.0863
1352899 9.42297 11.5739 13.9744 14.115 1.16709 2.16739 49.0863
1352908 8.93007 12.3531 12.9827 15.0638 2.78945 2.05656 49.3297
1352917 8.93007 12.3531 12.9827 15.0638 2.78945 2.05656 49.3297
1352929 8.30188 13.1805 11.8494 16.2062 4.66077 1.99034 49.538
1352935 7.66401 14.1811 10.7262 17.1833 6.5191 1.82829 49.7546
1352943 7.66401 14.1811 10.7262 17.1833 6.5191 1.82829 49.7546
1352953 6.90051 15.1047 9.775 18.1385 8.29733 1.77537 49.9187
1352963 6.25298 15.8936 9.09702 19.2866 9.81106 1.85148 50.5302
1352973 6.25298 15.8936 9.09702 19.2866 9.81106 1.85148 50.5302
1352983 5.76976 16.6633 8.83393 20.3865 10.8638 1.97104 51.6534
1352993 5.76976 16.6633 8.83393 20.3865 10.8638 1.97104 51.6534
1353003 5.27686 17.2105 8.72262 21.332 11.6778 2.16036 52.542
1353014 4.90961 17.7079 8.69226 21.8916 12.2166 2.24608 53.2014
1353023 4.90961 17.7079 8.69226 21.8916 12.2166 2.24608 53.2014
1353038 4.49403 17.9854 8.56071 22.1617 12.7309 2.32409 53.2019
1353044 4.27175 18.1576 8.3381 22.0846 13.0706 2.2686 52.852
1353054 4.27175 18.1576 8.3381 22.0846 13.0706 2.2686 52.852
1353064 4.23309 18.1767 8.20655 21.8241 13.1393 2.17985 52.4404
1353074 4.23309 18.1767 8.20655 21.8241 13.1393 2.17985 52.4404
1353084 4.15577 18.1193 8.05476 21.5153 13.224 2.11061 51.8452
1353099 4.11711 18.081 7.94345 21.2548 13.2671 2.04298 51.3964
1353108 4.11711 18.081 7.94345 21.2548 13.2671 2.04298 51.3964
1353116 4.0398 17.9375 7.7006 20.7917 13.3689 1.93631 50.4696
1353128 3.99147 17.8419 7.57917 20.4637 13.4006 1.86748 49.8762
1353136 3.99147 17.8419 7.57917 20.4637 13.4006 1.86748 49.8762
1353149 3.92382 17.7749 7.42738 20.126 13.4764 1.78307 49.2521
1353156 3.92382 17.7749 7.42738 20.126 13.4764 1.78307 49.2521
1353166 3.89483 17.7462 7.29583 20.0585 13.5799 1.74913 48.9953
1353181 3.89483 17.7558 7.225 19.962 13.6155 1.70045 48.8376
1353187 3.89483 17.7558 7.225 19.962 13.6155 1.70045 48.8376
1353197 3.95281 18.0428 7.24524 19.933 13.6138 1.58093 49.1739
1353207 4.0108 18.1767 7.23512 19.7787 13.5715 1.47139 49.2013
1353217 4.0108 18.1767 7.23512 19.7787 13.5715 1.47139 49.2013
1353227 4.09778 18.368 7.14405 19.5953 13.5766 1.30278 49.2052
1353238 4.09778 18.368 7.14405 19.5953 13.5766 1.30278 49.2052
1353247 4.10745 18.5211 7.11369 19.4796 13.6015 1.20822 49.2218
1353266 4.29107 18.8272 7.03274 19.4024 13.5741 1.00401 49.5534
1353284 4.3104 19.1142 7.0631 19.3445 13.5882 0.897898 49.8322
1353294 4.46504 19.4586 7.0631 19.277 13.5324 0.721112 50.2637
1353305 4.46504 19.4586 7.0631 19.277 13.5324 0.721112 50.2637
1353313 4.55202 19.8126 6.86071 19.0743 13.6553 0.468324 50.2997
1353326 4.55202 19.8126 6.86071 19.0743 13.6553 0.468324 50.2997
1353332 4.66799 20.1761 6.77976 18.7656 13.6407 0.208746 50.3895
1353341 4.76464 20.4918 6.5875 18.37 13.6962 -0.0893015 50.214
1353351 4.76464 20.4918 6.5875 18.37 13.6962 -0.0893015 50.214
1353359 4.82263 20.8267 6.41548 18.0323 13.7837 -0.359744 50.0971
1353371 4.94827 21.1041 6.28393 17.7236 13.7812 -0.612716 50.0599
1353383 4.94827 21.1041 6.28393 17.7236 13.7812 -0.612716 50.0599
1353393 5.05458 21.4007 6.24345 17.4921 13.7449 -0.812823 50.1908
1353399 5.05458 21.4007 6.24345 17.4921 13.7449 -0.812823 50.1908
1353409 5.13189 21.5824 6.13214 17.3666 13.7838 -0.960576 50.2131
1353419 5.2672 21.7738 6.10179 17.3377 13.7392 -1.07017 50.4804
1353429 5.2672 21.7738 6.10179 17.3377 13.7392 -1.07017 50.4804
1353440 5.2382 22.0034 6.08155 17.4824 13.8597 -1.0858 50.8055
1353467 5.20921 22.0225 6.14226 17.5596 13.8566 -1.03955 50.9336
1353469 5.20921 22.0225 6.14226 17.5596 13.8566 -1.03955 50.9336
1353474 5.16089 21.9173 6.19286 17.5885 13.8381 -0.972315 50.8596
1353481 5.16089 21.9173 6.19286 17.5885 13.8381 -0.972315 50.8596
1353491 5.05458 21.7164 6.24345 17.7043 13.8621 -0.834955 50.7187
1353504 5.02558 21.3528 6.39524 17.7622 13.7003 -0.659231 50.5359
1353511 5.02558 21.3528 6.39524 17.7622 13.7003 -0.659231 50.5359
1353525 5.2672 21.085 6.64821 17.6947 13.248 -0.594523 50.6951
1353531 5.54747 20.6736 6.89107 17.6561 12.7497 -0.494581 50.7682
1353541 5.54747 20.6736 6.89107 17.6561 12.7497 -0.494581 50.7682
1353551 6.12735 20.2622 7.13393 17.521 12.0101 -0.509748 51.0445
1353566 6.12735 20.2622 7.13393 17.521 12.0101 -0.509748 51.0445
1353572 6.66856 19.8604 7.37679 17.0675 11.2228 -0.613462 50.9733
1353582 7.19045 19.2673 7.74107 16.8451 10.3739 -0.54999 51.0439
1353597 7.19045 19.2673 7.74107 16.8451 10.3739 -0.54999 51.0439
1353602 7.44173 18.4541 8.26726 16.545 9.51038 -0.320545 50.7081
1353615 7.74133 17.6218 9.26905 16.2739 8.29241 0.0529808 50.9061
1353641 8.12791 16.6825 11.1208 16.3126 6.578 0.753116 52.2439
1353659 8.43718 15.5184 13.2762 16.3514 4.73861 1.58781 53.5831
1353668 8.5145 14.1811 15.2292 16.0222 2.99352 2.37894 53.947
1353680 8.5145 14.1811 15.2292 16.0222 2.99352 2.37894 53.947
1353683 8.52416 12.7957 16.4637 15.2671 1.44905 2.94367 53.0506
1353693 8.58215 11.3718 17.6266 14.2893 -0.263965 3.45922 51.8699
1353703 8.58215 11.3718 17.6266 14.2893 -0.263965 3.45922 51.8699
1353713 8.46617 9.98642 18.7889 13.3502 -1.93632 4.05795 50.5918
1353724 8.46617 9.98642 18.7889 13.3502 -1.93632 4.05795 50.5918
1353733 8.49517 8.46633 20.2646 12.5951 -3.86297 4.78657 49.8212
1353747 8.49517 7.07131 22.1546 11.84 -5.92122 5.57739 49.561
1353758 8.49517 7.07131 22.1546 11.84 -5.92122 5.57739 49.561
1353769 8.50483 5.78212 23.9334 11.1913 -7.82445 6.32577 49.4117
1353775 8.5145 4.59875 25.8234 10.9106 -9.44313 7.10794 49.8473
1353784 8.5145 4.59875 25.8234 10.9106 -9.44313 7.10794 49.8473
1353794 8.60148 3.68478 27.7842 10.8622 -10.7194 7.76323 50.9326
1353804 8.60148 3.68478 27.7842 10.8622 -10.7194 7.76323 50.9326
1353817 8.64014 2.90549 29.462 10.8235 -11.7561 8.31735 51.831
1353826 8.79477 2.49179 30.5636 10.9396 -12.2784 8.58594 52.7898
1353838 8.79477 2.49179 30.5636 10.9396 -12.2784 8.58594 52.7898
1353846 8.93974 2.06848 31.2812 10.959 -12.7673 8.79801 53.2484
1353856 9.03638 1.94341 31.8573 11.0268 -12.9602 8.8847 53.8639
1353866 9.03638 1.94341 31.8573 11.0268 -12.9602 8.8847 53.8639
1353876 9.09437 1.85682 31.9786 11.0268 -13.0611 8.91111 53.9566
1353891 9.09437 1.85682 31.9786 11.0268 -13.0611 8.91111 53.9566
1353897 8.96873 1.72213 31.9078 10.8815 -13.2165 9.00291 53.4803
1353909 8.76578 1.67402 31.7259 10.7751 -13.2424 9.08407 52.9408
1353918 8.76578 1.67402 31.7259 10.7751 -13.2424 9.08407 52.9408
1353929 8.70779 1.59706 31.3924 10.5524 -13.3736 9.0833 52.2496
1353937 8.44685 1.55857 31.1094 10.3878 -13.4022 9.1719 51.5026
1353952 8.44685 1.55857 31.1094 10.3878 -13.4022 9.1719 51.5026
1353957 8.26322 1.39502 30.8466 10.3007 -13.4897 9.29694 50.8055
1353967 8.26322 1.39502 30.8466 10.3007 -13.4897 9.29694 50.8055
1353977 8.06993 1.34692 30.786 10.1845 -13.5572 9.39332 50.3873
1353987 7.92496 1.32767 30.6445 10.1167 -13.5588 9.44996 50.0138
1354007 7.92496 1.32767 30.6445 10.1167 -13.5588 9.44996 50.0138
1354008 7.90563 1.34692 30.6849 10.0974 -13.5637 9.45234 50.0348
1354019 7.87663 1.33729 30.8163 10.2136 -13.5052 9.49846 50.2438
1354041 7.87663 1.33729 30.8163 10.2136 -13.5052 9.49846 50.2438
1354043 7.87663 1.29881 30.8668 10.3007 -13.4795 9.53224 50.343
1354048 7.87663 1.29881 30.8668 10.3007 -13.4795 9.53224 50.343
1354058 7.90563 1.34692 30.9679 10.2716 -13.4947 9.50258 50.4921
1354068 7.98294 1.35654 31.2004 10.3781 -13.4769 9.49734 50.918
1354078 7.98294 1.35654 31.2004 10.3781 -13.4769 9.49734 50.918
1354088 8.11825 1.34692 31.0184 10.2523 -13.569 9.40327 50.7359
1354107 8.11825 1.34692 31.0184 10.2523 -13.569 9.40327 50.7359
1354116 8.30188 1.50085 30.7556 10.1748 -13.4931 9.20337 50.7332
1354119 8.52416 1.55857 30.412 9.94248 -13.5986 9.0028 50.4372
1354130 8.52416 1.55857 30.412 9.94248 -13.5986 9.0028 50.4372
1354139 8.79477 1.65478 29.9269 9.71014 -13.6547 8.7411 50.0866
1354152 8.99773 1.73175 29.6439 9.61333 -13.6519 8.5606 49.9867
1354159 8.99773 1.73175 29.6439 9.61333 -13.6519 8.5606 49.9867
1354174 9.22968 1.80872 29.5933 9.49715 -13.7232 8.39399 50.1289
1354196 9.38431 1.81834 29.4822 9.46811 -13.748 8.2989 50.1529
1354201 9.52928 1.85682 29.5529 9.53588 -13.7145 8.23262 50.4749
1354211 9.52928 1.85682 29.5529 9.53588 -13.7145 8.23262 50.4749
1354221 9.67425 1.95303 29.5933 9.51651 -13.6971 8.12499 50.7371
1354232 9.82888 2.02037 29.4215 9.39066 -13.7379 7.98327 50.6614
1354258 10.0028 2.02037 29.1082 9.14863 -13.8932 7.82625 50.2801
1354265 10.0705 2.01075 28.8151 9.00342 -13.9637 7.73669 49.8998
1354272 10.0705 2.01075 28.8151 9.00342 -13.9637 7.73669 49.8998
1354289 10.1188 2.02037 28.4816 8.86788 -13.9992 7.64123 49.4886
1354293 10.1188 2.02037 28.4816 8.86788 -13.9992 7.64123 49.4886
1354303 10.1092 2.00113 28.431 8.88724 -13.9857 7.64982 49.4286
1354313 10.1092 1.99151 28.4614 8.89692 -13.9924 7.66018 49.4589
1354323 10.1092 1.99151 28.4614 8.89692 -13.9924 7.66018 49.4589
1354336 10.0705 1.98189 28.5725 8.98405 -13.9476 7.71157 49.609
1354344 10.0705 1.95303 28.8353 9.10023 -13.9377 7.77998 49.9591
1354355 10.0705 1.95303 28.8353 9.10023 -13.9377 7.77998 49.9591
1354364 10.1092 1.98189 29.179 9.22608 -13.9021 7.81665 50.4961
1354383 10.1092 1.98189 29.179 9.22608 -13.9021 7.81665 50.4961
1354385 10.1478 2.00113 29.4114 9.36162 -13.843 7.84261 50.922
1354400 10.1092 1.99151 29.4518 9.35194 -13.8581 7.8686 50.9044
1354413 10.1092 1.99151 29.4518 9.35194 -13.8581 7.8686 50.9044
1354422 10.1092 1.91454 29.3912 9.30353 -13.9408 7.88797 50.7184
1354427 10.0512 1.90492 29.1284 9.30353 -13.8779 7.88159 50.388
1354436 10.0512 1.90492 29.1284 9.30353 -13.8779 7.88159 50.388
1354446 10.1285 2.588 28.7747 9.64237 -13.0408 7.53925 51.1335
1354456 10.1285 2.588 28.7747 9.64237 -13.0408 7.53925 51.1335
1354468 10.1961 3.34805 28.1379 9.82631 -12.2115 7.11147 51.5084
1354481 10.1188 4.27165 27.3193 10.291 -10.9977 6.69793 52.0007
1354489 10.1188 4.27165 27.3193 10.291 -10.9977 6.69793 52.0007
1354497 10.0995 5.28183 26.4703 11.2785 -9.41531 6.31491 53.1301
1354507 9.97385 6.34012 25.4596 12.8274 -7.4476 6.03644 54.601
1354517 9.97385 6.34012 25.4596 12.8274 -7.4476 6.03644 54.601
1354527 9.63559 7.41766 23.8526 13.844 -5.58291 5.65571 54.7498
1354537 9.63559 7.41766 23.8526 13.844 -5.58291 5.65571 54.7498
1354549 9.19102 8.1296 21.7907 14.2022 -4.05619 5.25353 53.3135
1354559 8.69812 8.91851 19.6278 14.328 -2.46227 4.75231 51.5725
1354587 8.16657 9.66893 17.7681 14.5507 -0.854909 4.33162 50.1543
1354588 7.77999 10.1981 16.1601 15.0251 0.652432 4.02957 49.1632
1354598 7.77999 10.1981 16.1601 15.0251 0.652432 4.02957 49.1632
1354608 7.38374 10.6214 14.9357 15.8189 2.11283 3.92213 48.7598
1354618 7.38374 10.6214 14.9357 15.8189 2.11283 3.92213 48.7598
1354630 6.9585 10.987 13.8429 16.9226 3.64815 3.94776 48.7109
1354638 6.48493 11.3814 12.8411 18.2253 5.25249 4.04637 48.9328
1354653 6.48493 11.3814 12.8411 18.2253 5.25249 4.04637 48.9328
1354658 5.95338 11.6027 11.7988 19.4699 6.82053 4.2128 48.8248
1354668 5.37351 11.824 10.8982 20.8593 8.38093 4.46123 48.955
1354678 5.37351 11.824 10.8982 20.8593 8.38093 4.46123 48.955
1354688 4.9386 12.2569 10.2911 22.374 9.72775 4.65384 49.8606
1354703 4.9386 12.2569 10.2911 22.374 9.72775 4.65384 49.8606
1354709 4.45537 12.5744 10.2202 23.8116 10.6295 4.99456 51.0616
1354720 4.11711 12.8246 10.5036 25.2684 11.132 5.35829 52.7137
1354737 4.11711 12.8246 10.5036 25.2684 11.132 5.35829 52.7137
1354751 3.67254 12.9111 10.6554 26.349 11.6315 5.71602 53.5881
1354754 3.16998 12.9015 10.7262 27.1305 12.1161 6.0595 53.9282
1354763 3.16998 12.9015 10.7262 27.1305 12.1161 6.0595 53.9282
1354775 2.74474 12.8053 10.6351 27.4296 12.5222 6.29901 53.6148
1354782 2.74474 12.8053 10.6351 27.4296 12.5222 6.29901 53.6148
1354791 2.25185 12.584 10.4327 27.4779 12.9759 6.56197 52.7465
1354801 1.94258 12.459 10.3518 27.3235 13.1959 6.70367 52.0768
1354816 1.94258 12.459 10.3518 27.3235 13.1959 6.70367 52.0768
1354826 1.89426 12.4109 10.2405 27.1016 13.2523 6.69066 51.6472
1354832 1.91359 12.459 10.0482 26.706 13.3018 6.56652 51.1268
1354847 1.91359 12.459 10.0482 26.706 13.3018 6.56652 51.1268
1354852 2.02956 12.6321 9.82559 26.1078 13.2843 6.30645 50.5951
1354878 1.9909 12.7765 9.53214 25.4325 13.4149 6.09183 49.732
1354883 2.12621 12.9593 9.23869 24.8439 13.4428 5.79558 49.1681
1354895 2.12621 12.9593 9.23869 24.8439 13.4428 5.79558 49.1681
1354903 2.1552 13.1709 9.16786 24.3133 13.4002 5.57961 48.8073
1354918 2.25185 13.498 8.94524 23.8405 13.4651 5.26496 48.5356
1354940 2.34849 13.8444 8.81369 23.5221 13.4994 4.98972 48.5287
1354944 2.43547 13.8444 8.79345 23.5993 13.4648 4.96571 48.6726
1354954 2.43547 14.1234 8.79345 23.5993 13.5306 4.85191 48.9516
1354964 2.59011 14.489 8.90476 23.8405 13.4646 4.71643 49.8244
1354976 2.59011 14.489 8.90476 23.8405 13.4646 4.71643 49.8244
1354986 2.70608 14.8449 9.02619 24.0914 13.4225 4.60834 50.6686
1354996 2.77374 15.1913 9.03631 23.9563 13.4119 4.42355 50.9576
1355009 2.77374 15.1913 9.03631 23.9563 13.4119 4.42355 50.9576
1355016 2.85105 15.4607 8.98571 23.9081 13.4419 4.27163 51.2055
1355026 2.96703 15.7589 8.86429 23.7247 13.4719 4.05235 51.315
1355036 2.96703 15.7589 8.86429 23.7247 13.4719 4.05235 51.315
1355057 2.98636 15.9225 8.68214 23.416 13.5619 3.87868 51.007
1355068 3.02501 15.9802 8.57083 23.059 13.5496 3.7399 50.6351
1355081 3.02501 16.0283 8.34821 22.6249 13.6328 3.57404 50.0264
1355087 3.02501 16.0283 8.34821 22.6249 13.6328 3.57404 50.0264
1355097 3.01535 15.961 8.2875 22.4222 13.6257 3.54228 49.6861
1355116 2.9187 15.8359 8.31786 22.403 13.6443 3.62793 49.4754
1355129 2.9187 15.8359 8.31786 22.403 13.6443 3.62793 49.4754
1355133 2.9477 15.7108 8.37857 22.538 13.5767 3.70894 49.5751
1355142 2.9477 15.7108 8.37857 22.538 13.5767 3.70894 49.5751
1355153 2.88005 15.6338 8.41905 22.6731 13.6112 3.80345 49.606
1355159 2.85105 15.4607 8.48988 22.8757 13.5854 3.9416 49.6773
1355169 2.85105 15.4607 8.48988 22.8757 13.5854 3.9416 49.6773
1355179 2.75441 15.326 8.4494 23.0204 13.6945 4.0533 49.5502
1355189 2.6481 15.1817 8.65179 23.2809 13.6462 4.25108 49.7625
1355201 2.6481 15.1817 8.65179 23.2809 13.6462 4.25108 49.7625
1355209 2.76407 14.9604 8.85417 23.2134 13.3332 4.32091 49.792
1355224 2.76407 14.9604 8.85417 23.2134 13.3332 4.32091 49.792
1355229 3.18931 14.7776 9.29941 23.0494 12.5896 4.2875 50.3157
1355249 4.06879 14.6718 9.71429 22.5573 11.4904 3.97877 51.0122
1355253 4.06879 14.6718 9.71429 22.5573 11.4904 3.97877 51.0122
1355261 4.99659 14.412 9.97738 21.7951 10.3716 3.62358 51.1811
1355273 6.01137 14.0656 10.3518 20.8882 9.05679 3.26294 51.317
1355282 6.01137 14.0656 10.3518 20.8882 9.05679 3.26294 51.317
1355295 6.90051 13.4499 11.1411 19.7594 7.39875 3.08776 51.2509
1355306 6.90051 13.4499 11.1411 19.7594 7.39875 3.08776 51.2509
1355312 7.67368 12.6706 12.5274 18.7946 5.45042 3.18708 51.6662
1355322 8.42752 11.7759 14.8446 17.9648 3.05046 3.56688 53.0129
1355332 8.42752 11.7759 14.8446 17.9648 3.05046 3.56688 53.0129
1355343 8.9494 10.7946 17.2426 17.2412 0.850025 4.07719 54.2277
1355352 9.23934 9.7459 18.799 15.8576 -1.13478 4.38224 53.6419
1355371 9.23934 9.7459 18.799 15.8576 -1.13478 4.38224 53.6419
1355373 9.32632 8.49519 19.6278 14.0957 -3.08627 4.6276 51.545
1355382 9.32632 8.49519 19.6278 14.0957 -3.08627 4.6276 51.545
1355400 9.47129 7.33107 20.3252 12.508 -5.01529 4.84456 49.6355
1355403 9.7419 6.2824 21.063 11.1526 -6.92885 5.03463 48.2399
1355417 9.7419 6.2824 21.063 11.1526 -6.92885 5.03463 48.2399
1355423 10.0222 5.3588 22.2253 10.1651 -8.75185 5.3409 47.7714
1355433 10.3314 4.65648 23.6504 9.56492 -10.2485 5.67205 48.2033
1355443 10.3314 4.65648 23.6504 9.56492 -10.2485 5.67205 48.2033
1355453 10.6697 4.00226 25.1968 9.30353 -11.4702 6.04864 49.1723
1355472 10.6697 4.00226 25.1968 9.30353 -11.4702 6.04864 49.1723
1355481 11.008 3.55008 26.8543 9.33257 -12.3065 6.3934 50.745
1355491 11.3269 3.27108 28.3401 9.55524 -12.7829 6.65724 52.4933
1355501 11.3269 3.27108 28.3401 9.55524 -12.7829 6.65724 52.4933
1355517 11.4622 3.02094 29.4518 9.80695 -13.0653 6.91518 53.7419
1355519 11.4429 2.74194 30.038 9.86503 -13.3458 7.13236 54.0879
1355529 11.4429 2.74194 30.038 9.86503 -13.3458 7.13236 54.0879
1355542 11.3462 2.59762 30.1088 9.83599 -13.4636 7.23741 53.8886
1355546 11.2592 2.44369 29.9976 9.69077 -13.6363 7.30047 53.3913
1355556 11.2592 2.44369 29.9976 9.69077 -13.6363 7.30047 53.3913
1355569 11.2689 2.41483 29.8056 9.50683 -13.7523 7.25393 52.9962
1355576 11.2689 2.41483 29.8056 9.50683 -13.7523 7.25393 52.9962
1355595 11.2592 2.309 29.371 9.26481 -13.9148 7.20276 52.204
1355597 11.1529 2.25127 28.896 8.99374 -14.0386 7.16035 51.2939
1355623 11.1143 2.25127 28.522 8.75171 -14.1359 7.08191 50.6392
1355627 11.1336 2.25127 28.3603 8.64522 -14.1879 7.03129 50.3904
1355637 11.1336 2.25127 28.3603 8.64522 -14.1879 7.03129 50.3904
1355647 11.1143 2.28014 28.239 8.61617 -14.1578 7.00327 50.2496
1355657 11.1143 2.28014 28.239 8.61617 -14.1578 7.00327 50.2496
1355670 11.0756 2.22241 28.2289 8.53872 -14.253 7.03165 50.0656
1355677 11.1336 2.22241 28.1581 8.61617 -14.1896 7.00723 50.1303
1355693 11.1336 2.22241 28.1581 8.61617 -14.1896 7.00723 50.1303
1355698 11.1143 2.20317 28.33 8.68394 -14.1846 7.06214 50.3313
1355708 11.1143 2.20317 28.33 8.68394 -14.1846 7.06214 50.3313
1355720 11.0659 2.25127 28.2794 8.66458 -14.1409 7.0512 50.2612
1355728 11.0659 2.22241 28.2592 8.67426 -14.1515 7.0622 50.2218
1355744 11.0659 2.22241 28.2592 8.67426 -14.1515 7.0622 50.2218
1355748 11.1723 2.32824 28.1885 8.58713 -14.1446 6.94419 50.2761
1355758 11.3269 2.37634 27.9358 8.43223 -14.2068 6.78976 50.0713
1355773 11.3269 2.37634 27.9358 8.43223 -14.2068 6.78976 50.0713
1355779 11.4912 2.40521 27.8145 8.39351 -14.2238 6.67954 50.1044
1355794 11.6362 2.38596 27.8044 8.31606 -14.3284 6.61065 50.1426
1355799 11.6362 2.38596 27.8044 8.31606 -14.3284 6.61065 50.1426
1355809 11.6265 2.40521 27.8954 8.45159 -14.2248 6.64426 50.3787
1355843 11.6555 2.44369 28.0166 8.46128 -14.2195 6.63702 50.5771
1355847 11.7715 2.47255 28.3502 8.66458 -14.1364 6.66347 51.2588
1355856 11.7715 2.47255 28.3502 8.66458 -14.1364 6.66347 51.2588
1355867 11.7521 2.47255 28.6837 8.82916 -14.0778 6.75182 51.7375
1355874 11.7231 2.47255 28.8757 8.92597 -14.0393 6.80977 51.9974
1355893 11.6265 2.44369 28.8656 9.00342 -13.9803 6.87309 51.9392
1355917 11.4235 2.3571 28.8858 8.92597 -14.0652 6.98683 51.5925
1355922 11.2786 2.34748 28.7444 8.92597 -14.0115 7.03099 51.2964
1355948 11.1143 2.25127 28.6736 8.91629 -14.0418 7.13104 50.9554
1355953 10.8727 2.25127 28.6837 8.88724 -14.0142 7.23358 50.6949
1355979 10.689 2.16469 28.6938 8.89692 -14.0359 7.35572 50.4445
1355984 10.5537 2.16469 28.6837 8.89692 -14.0042 7.41432 50.299
1355994 10.5537 2.02999 28.6837 8.89692 -14.1089 7.47451 50.1644
1356019 10.4088 2.08772 28.7848 8.97437 -13.9942 7.54025 50.2556
1356021 10.4088 2.08772 28.7848 8.97437 -13.9942 7.54025 50.2556
1356024 10.2735 2.02999 28.8353 9.0131 -13.9903 7.64029 50.1519
1356043 10.1865 1.98189 29.0678 9.10991 -13.9844 7.74916 50.346
1356046 10.1865 1.98189 29.0678 9.10991 -13.9844 7.74916 50.346
1356056 10.0802 1.92417 29.28 9.23576 -13.955 7.87156 50.5201
1356068 9.99318 1.86644 29.4923 9.26481 -14.0044 7.97092 50.6167
1356081 9.99318 1.86644 29.4923 9.26481 -14.0044 7.97092 50.6167
1356094 9.84821 1.83758 29.7247 9.43907 -13.9118 8.10567 50.8496
1356097 9.84821 1.83758 29.7247 9.43907 -13.9118 8.10567 50.8496
1356107 9.62592 1.70289 29.8864 9.45843 -13.9871 8.29308 50.6737
1356119 9.53894 1.67402 29.9976 9.47779 -13.9996 8.36359 50.6884
1356128 9.53894 1.67402 29.9976 9.47779 -13.9996 8.36359 50.6884
1356143 9.39397 1.65478 29.9875 9.42939 -14.0181 8.43192 50.4657
1356148 9.16202 1.6163 29.8359 9.4197 -13.9715 8.53739 50.0339
1356158 9.16202 1.6163 29.8359 9.4197 -13.9715 8.53739 50.0339
1356171 9.01706 1.46237 29.6843 9.39066 -14.0494 8.6558 49.5544
1356197 8.74645 1.4335 29.6641 9.33257 -14.0537 8.78976 49.1766
1356203 8.64014 1.92417 29.4417 9.85535 -13.1877 8.6438 49.8614
1356222 8.80443 3.27108 28.8252 10.1167 -11.8792 7.89919 51.0175
1356231 8.69812 4.53141 27.6225 10.4072 -10.4284 7.25727 51.2592
1356249 8.69812 4.53141 27.6225 10.4072 -10.4284 7.25727 51.2592
1356252 8.62081 5.76288 26.157 10.988 -8.74603 6.62582 51.5287
1356261 8.39852 7.06169 24.459 12.8565 -6.1294 6.21174 52.7757
1356271 8.39852 7.06169 24.459 12.8565 -6.1294 6.21174 52.7757
1356281 8.17624 8.64912 22.8924 15.5091 -3.12818 5.86023 55.2269
1356296 8.17624 8.64912 22.8924 15.5091 -3.12818 5.86023 55.2269
1356302 7.84764 9.91907 20.3555 16.7967 -0.677086 5.29476 54.9189
1356312 7.41273 11.3237 17.4144 17.1833 1.72493 4.46091 53.3341
1356322 7.41273 11.3237 17.4144 17.1833 1.72493 4.46091 53.3341
1356332 7.01649 12.7765 14.4095 16.971 4.0653 3.39655 51.1734
1356345 6.57192 14.1426 11.8595 16.8741 6.36288 2.43259 49.4482
1356352 6.57192 14.1426 11.8595 16.8741 6.36288 2.43259 49.4482
1356362 6.20466 15.3548 9.86607 17.1254 8.44964 1.67823 48.551
1356388 5.77942 16.4901 8.39881 17.7815 10.3681 1.21078 48.4498
1356404 5.49915 17.4688 7.69048 18.8235 11.6723 1.07496 49.4819
1356413 5.31552 18.4446 7.44762 20.0006 12.538 1.08032 51.2083
1356425 5.16089 19.3247 7.39702 21.0233 13.1318 1.11558 52.9059
1356436 5.16089 19.3247 7.39702 21.0233 13.1318 1.11558 52.9059
1356451 4.81296 20.0709 7.13393 21.4671 13.8315 1.04249 53.4849
1356454 4.81296 20.0709 7.13393 21.4671 13.8315 1.04249 53.4849
1356464 4.49403 20.6162 6.86071 21.5732 14.3968 0.931107 53.5442
1356479 4.05912 20.9319 6.45595 21.2162 15.0167 0.76367 52.6632
1356484 4.05912 20.9319 6.45595 21.2162 15.0167 0.76367 52.6632
1356494 3.79818 21.1424 5.99048 20.7145 15.5232 0.512468 51.6456
1356504 3.56623 21.2859 5.74762 20.1356 15.8211 0.304863 50.7354
1356514 3.56623 21.2859 5.74762 20.1356 15.8211 0.304863 50.7354
1356530 3.48891 21.3911 5.525 19.8173 16.026 0.138055 50.2223
1356542 3.48891 21.3911 5.525 19.8173 16.026 0.138055 50.2223
1356546 3.40193 21.4868 5.34286 19.4699 16.2027 -0.022915 49.7015
1356556 3.42126 21.6111 5.25179 19.1129 16.2211 -0.202748 49.3971
1356582 3.42126 21.6111 5.25179 19.1129 16.2211 -0.202748 49.3971
1356583 3.50824 21.6877 5.13036 18.9296 16.2309 -0.345929 49.2559
1356587 3.47925 21.6494 5.18095 18.9779 16.2146 -0.295158 49.2875
1356597 3.47925 21.6494 5.18095 18.9779 16.2146 -0.295158 49.2875
1356616 3.53724 21.6685 5.22143 19.2191 16.1789 -0.231222 49.6463
1356617 3.53724 21.6685 5.22143 19.2191 16.1789 -0.231222 49.6463
1356635 3.46958 21.5442 5.27202 19.3252 16.1898 -0.125941 49.611
1356637 3.51791 21.4868 5.3125 19.3059 16.1025 -0.116765 49.6231
1356647 3.51791 21.4868 5.3125 19.3059 16.1025 -0.116765 49.6231
1356663 3.4116 21.4581 5.17083 19.0743 16.2629 -0.190724 49.1149
1356668 3.4116 21.4485 5.11012 18.8717 16.2762 -0.269723 48.842
1356678 3.4116 21.4485 5.11012 18.8717 16.2762 -0.269723 48.842
1356693 3.48891 21.5537 5.08988 18.7367 16.2227 -0.373275 48.8692
1356698 3.48891 21.5537 5.08988 18.7367 16.2227 -0.373275 48.8692
1356715 3.49858 21.6781 5.05952 18.727 16.2607 -0.425877 48.9632
1356718 3.49858 21.659 5.12024 18.8331 16.2252 -0.367791 49.1109
1356741 3.49858 21.659 5.12024 18.8331 16.2252 -0.367791 49.1109
1356743 3.63388 21.7546 5.22143 19.0647 16.0867 -0.332885 49.6747
1356752 3.5759 21.8886 5.19107 19.3445 16.233 -0.278673 50
1356766 3.5759 21.8886 5.19107 19.3445 16.233 -0.278673 50
1356770 3.56623 21.8981 5.37321 19.5471 16.1288 -0.161971 50.3847
1356780 3.56623 21.8981 5.37321 19.5471 16.1288 -0.161971 50.3847
1356793 3.53724 21.8981 5.35298 19.5953 16.1775 -0.145006 50.3837
1356800 3.53724 21.8694 5.45417 19.6532 16.1001 -0.0888696 50.5141
1356810 3.53724 21.8694 5.45417 19.6532 16.1001 -0.0888696 50.5141
1356820 3.65321 21.8981 5.37321 19.6918 16.0835 -0.144117 50.6164
1356829 3.53724 21.8886 5.45417 19.7015 16.112 -0.0801203 50.5815
1356846 3.53724 21.8886 5.45417 19.7015 16.112 -0.0801203 50.5815
1356849 3.51791 21.8694 5.3631 19.6918 16.1969 -0.0988537 50.4423
1356862 3.51791 21.8694 5.3631 19.6918 16.1969 -0.0988537 50.4423
1356872 3.50824 21.8312 5.46429 19.769 16.1291 -0.0314757 50.5727
1356881 3.46958 21.7451 5.50476 19.9234 16.1396 0.0632322 50.6428
1356897 3.46958 21.7451 5.50476 19.9234 16.1396 0.0632322 50.6428
1356901 3.43093 21.7259 5.44405 19.9813 16.2272 0.079608 50.5822
1356911 3.3826 21.5346 5.55536 19.9813 16.1424 0.184153 50.4538
1356923 3.3826 21.5346 5.55536 19.9813 16.1424 0.184153 50.4538
1356948 3.36327 21.3528 5.58571 20.1067 16.1235 0.290514 50.4085
1356948 3.36327 21.3528 5.58571 20.1067 16.1235 0.290514 50.4085
1356957 3.29562 21.0467 5.59583 20.1067 16.1165 0.407694 50.0449
1356973 3.16998 20.5779 5.64643 20.1839 16.1086 0.630031 49.5782
1356975 3.16998 20.5779 5.64643 20.1839 16.1086 0.630031 49.5782
1356983 3.30529 20.1666 6.02083 20.1646 15.6095 0.819687 49.6573
1356999 3.77885 19.7169 6.50655 19.8365 14.6814 0.856953 49.8389
1357003 3.77885 19.7169 6.50655 19.8365 14.6814 0.856953 49.8389
1357013 4.42638 19.2482 7.00238 19.4506 13.6003 0.831415 50.1276
1357026 4.42638 19.2482 7.00238 19.4506 13.6003 0.831415 50.1276
1357033 5.31552 18.655 7.58929 18.8524 12.2007 0.735288 50.4123
1357043 6.36896 17.9758 8.32798 18.1674 10.5459 0.63453 50.8402
1357054 6.36896 17.9758 8.32798 18.1674 10.5459 0.63453 50.8402
1357063 7.34508 17.2774 9.06667 17.8394 9.0751 0.664739 51.5286
1357079 8.13758 16.5671 10.0179 17.5692 7.64025 0.826841 52.2917
1357084 8.13758 16.5671 10.0179 17.5692 7.64025 0.826841 52.2917
1357094 8.74645 15.7878 11.5964 17.3763 5.99043 1.24427 53.5069
1357106 8.74645 15.7878 11.5964 17.3763 5.99043 1.24427 53.5069
1357119 9.1137 14.8065 13.6304 17.1158 4.19736 1.873 54.6663
1357132 9.278 13.4595 15.6339 16.3126 2.22197 2.52607 54.6841
1357137 9.278 13.4595 15.6339 16.3126 2.22197 2.52607 54.6841
1357147 9.37464 12.1126 16.8887 15.1412 0.462711 2.95494 53.5172
1357160 9.4423 10.6118 17.8894 13.6697 -1.47745 3.34363 51.6132
1357166 9.4423 10.6118 17.8894 13.6697 -1.47745 3.34363 51.6132
1357176 9.55827 9.16865 19.0416 12.1885 -3.62449 3.75419 49.957
1357188 9.55827 9.16865 19.0416 12.1885 -3.62449 3.75419 49.957
1357196 9.7419 7.75439 20.6082 10.9009 -5.96608 4.28917 49.0054
1357215 10.0415 6.35937 22.4982 9.86503 -8.36441 4.91008 48.7641
1357232 10.2445 5.10866 24.6712 9.03246 -10.587 5.61102 49.0568
1357243 10.4764 3.98302 27.0565 8.68394 -12.3835 6.35888 50.1998
1357247 10.4764 3.98302 27.0565 8.68394 -12.3835 6.35888 50.1998
1357257 10.631 3.18449 29.2699 8.52904 -13.6529 6.96997 51.6145
1357271 10.631 3.18449 29.2699 8.52904 -13.6529 6.96997 51.6145
1357277 10.7857 2.51104 30.887 8.60649 -14.4701 7.44365 52.7902
1357287 10.8437 2.02037 31.9483 8.58713 -15.0678 7.77294 53.3994
1357306 10.8437 2.02037 31.9483 8.58713 -15.0678 7.77294 53.3994
1357314 10.805 1.70289 32.3121 8.57745 -15.3738 7.97276 53.3975
1357328 10.8533 1.52971 32.3424 8.51936 -15.5633 8.02297 53.2449
1357333 10.8533 1.52971 32.3424 8.51936 -15.5633 8.02297 53.2449
1357343 10.7857 1.4335 32.1504 8.40319 -15.6801 8.0537 52.7728
1357355 10.7857 1.4335 32.1504 8.40319 -15.6801 8.0537 52.7728
1357359 10.7663 1.40464 31.8169 8.3451 -15.6849 8.02296 52.333
1357369 10.776 1.44312 31.5137 8.16116 -15.7462 7.9361 51.894
1357393 10.776 1.42388 31.1094 7.94818 -15.8579 7.85964 51.2575
1357399 11.008 1.45274 30.7455 7.76424 -15.9585 7.66593 50.9705
1357412 11.008 1.45274 30.7455 7.76424 -15.9585 7.66593 50.9705
1357419 11.2109 1.51047 30.321 7.60934 -15.9975 7.46539 50.6518
1357440 11.2109 1.51047 30.321 7.60934 -15.9975 7.46539 50.6518
1357443 11.3269 1.50085 30.2099 7.55125 -16.0533 7.39295 50.5889
1357451 11.4525 1.53933 30.1189 7.4254 -16.1304 7.28759 50.5362
1357468 11.4525 1.53933 30.1189 7.4254 -16.1304 7.28759 50.5362
1357472 11.6555 1.62592 30.1391 7.49317 -16.0446 7.17416 50.9137
1357481 11.6652 1.70289 30.1492 7.55125 -15.9395 7.147 51.0685
1357496 11.6652 1.70289 30.1492 7.55125 -15.9395 7.147 51.0685
1357501 11.7521 1.69327 30.0886 7.55125 -15.9519 7.10414 51.0852
1357511 11.7521 1.69327 30.0886 7.55125 -15.9519 7.10414 51.0852
1357526 11.7618 1.69327 30.0077 7.40604 -16.0561 7.06485 50.8688
1357532 11.8198 1.62592 29.8258 7.30923 -16.1674 7.0252 50.5807
1357551 11.8198 1.62592 29.8258 7.30923 -16.1674 7.0252 50.5807
1357553 12.0421 1.75099 29.5327 7.18337 -16.1557 6.80758 50.5091
1357562 12.1291 1.74137 29.28 7.09624 -16.2058 6.71861 50.2467
1357579 12.1291 1.74137 29.28 7.09624 -16.2058 6.71861 50.2467
1357582 12.1677 1.77985 29.1688 6.98007 -16.2569 6.64758 50.0965
1357592 12.1677 1.77985 29.1688 6.98007 -16.2569 6.64758 50.0965
1357608 12.2064 1.77023 29.1284 6.98007 -16.2646 6.62829 50.0851
1357612 12.2933 1.78947 29.1688 7.00911 -16.2471 6.59415 50.2608
1357622 12.2933 1.78947 29.1688 7.00911 -16.2471 6.59415 50.2608
1357637 12.245 1.76061 29.28 6.99943 -16.2896 6.64426 50.2851
1357647 12.274 1.74137 29.4721 7.10592 -16.2565 6.68939 50.5934
1357653 12.274 1.74137 29.4721 7.10592 -16.2565 6.68939 50.5934
1357667 12.216 1.77985 29.654 7.2221 -16.1523 6.74641 50.872
1357682 12.216 1.77985 29.654 7.2221 -16.1523 6.74641 50.872
1357684 12.2257 1.74137 29.654 7.13497 -16.2559 6.74459 50.756
1357695 12.1194 1.69327 29.654 7.15433 -16.2609 6.81407 50.621
1357712 12.1194 1.69327 29.654 7.15433 -16.2609 6.81407 50.621
1357723 11.9744 1.65478 29.6338 7.21241 -16.2163 6.8995 50.4754
1357728 11.7231 1.6163 29.6034 7.25114 -16.1668 7.02728 50.194
1357734 11.7231 1.6163 29.6034 7.25114 -16.1668 7.02728 50.194
1357751 11.5105 1.52971 29.5731 7.2221 -16.2193 7.15003 49.8355
1357754 11.5105 1.52971 29.5731 7.2221 -16.2193 7.15003 49.8355
1357764 11.2689 1.4335 29.4316 7.2705 -16.1911 7.2867 49.4045
1357779 11.0466 1.41426 29.5226 7.40604 -16.0707 7.43106 49.3895
1357786 11.0466 1.41426 29.5226 7.40604 -16.0707 7.43106 49.3895
1357796 10.66 1.31805 29.8864 7.60934 -15.9777 7.73672 49.4739
1357808 10.2928 1.24109 30.321 7.72551 -15.9575 8.02112 49.5804
1357817 10.2928 1.24109 30.321 7.72551 -15.9575 8.02112 49.5804
1357836 9.86754 1.53933 30.4625 8.27734 -15.2121 8.17591 50.1468
1357841 9.86754 1.53933 30.4625 8.27734 -15.2121 8.17591 50.1468
1357847 9.72257 2.63611 30.1795 8.54841 -14.0534 7.74252 51.0866
1357864 9.35532 3.55008 29.371 8.95501 -12.7955 7.44287 51.2314
1357867 9.35532 3.55008 29.371 8.95501 -12.7955 7.44287 51.2314
1357877 8.9784 4.76231 28.2693 9.3713 -11.2464 6.97722 51.3813
1357891 8.54349 6.08036 26.6421 10.32 -9.10382 6.49545 51.586
1357897 8.54349 6.08036 26.6421 10.32 -9.10382 6.49545 51.586
1357907 8.28255 7.79287 24.9643 12.1207 -6.2703 5.92818 53.1605
1357920 8.28255 7.79287 24.9643 12.1207 -6.2703 5.92818 53.1605
1357948 8.04093 9.41879 22.6397 13.6891 -3.51971 5.26202 53.7885
1357950 7.79932 10.8234 19.365 14.299 -0.976327 4.31503 52.2868
1357951 7.79932 10.8234 19.365 14.299 -0.976327 4.31503 52.2868
1357958 7.59636 12.2569 16.069 14.2118 1.39793 3.11991 50.1342
1357978 7.40307 13.5557 13.175 14.328 3.76879 2.02557 48.4618
1357994 7.26777 14.9123 11.1107 14.8411 5.90821 1.17545 48.1319
1358008 7.26777 14.9123 11.1107 14.8411 5.90821 1.17545 48.1319
1358009 7.17112 16.2592 9.38036 15.7221 7.94815 0.516806 48.5328
1358018 7.08414 17.6601 8.43929 16.787 9.46742 0.144703 49.9705
1358036 7.08414 17.6601 8.43929 16.787 9.46742 0.144703 49.9705
1358040 7.03582 19.0186 7.92321 17.7815 10.5494 -0.101337 51.7591
1358065 6.86185 20.09 7.7006 18.7077 11.3546 -0.152805 53.3602
1358067 6.86185 20.09 7.7006 18.7077 11.3546 -0.152805 53.3602
1358074 6.61057 20.9606 7.61964 19.4217 11.9716 -0.145533 54.6125
1358096 6.61057 20.9606 7.61964 19.4217 11.9716 -0.145533 54.6125
1358098 6.21433 21.7738 7.26548 19.769 12.7507 -0.25997 55.0226
1358101 5.71177 22.3286 6.8506 19.8751 13.5309 -0.360079 54.7661
1358111 5.71177 22.3286 6.8506 19.8751 13.5309 -0.360079 54.7661
1358126 5.24787 22.6826 6.47619 19.8558 14.1969 -0.441864 54.2625
1358131 4.81296 22.9505 6.03095 19.5953 14.8446 -0.600437 53.3897
1358157 4.40705 22.9887 5.53512 19.2191 15.4677 -0.759809 52.15
1358162 4.40705 22.9887 5.53512 19.2191 15.4677 -0.759809 52.15
1358172 3.97214 23.0461 5.16071 18.756 16.0348 -0.913405 50.935
1358186 3.88516 23.0366 4.9381 18.2928 16.2036 -1.10387 50.1527
1358192 3.88516 23.0366 4.9381 18.2928 16.2036 -1.10387 50.1527
1358215 3.80785 22.9696 4.85714 17.9262 16.2582 -1.20885 49.5608
1358217 3.72086 22.9313 4.65476 17.5789 16.4335 -1.35578 48.8859
1358223 3.72086 22.9313 4.65476 17.5789 16.4335 -1.35578 48.8859
1358233 3.74986 22.7687 4.66488 17.4052 16.3408 -1.3733 48.5887
1358247 3.74986 22.7687 4.66488 17.4052 16.3408 -1.3733 48.5887
1358253 3.67254 22.673 4.50298 17.4342 16.5337 -1.36957 48.2827
1358263 3.58556 22.5391 4.56369 17.4631 16.5379 -1.27656 48.1515
1358279 3.58556 22.5391 4.56369 17.4631 16.5379 -1.27656 48.1515
1358283 3.55657 22.4626 4.59405 17.521 16.5334 -1.21663 48.1342
1358307 3.56623 22.3478 4.69524 17.8104 16.4689 -1.05587 48.4197
1358310 3.56623 22.3478 4.69524 17.8104 16.4689 -1.05587 48.4197
1358314 3.49858 22.2234 4.80655 18.1385 16.4674 -0.855907 48.667
1358324 3.49858 22.2234 4.80655 18.1385 16.4674 -0.855907 48.667
1358338 3.37294 21.9077 4.9381 18.5533 16.4797 -0.550275 48.7721
1358344 3.35361 21.5537 5.11012 19.0454 16.3746 -0.229857 49.0629
1358367 3.35361 21.5537 5.11012 19.0454 16.3746 -0.229857 49.0629
1358369 3.25696 21.2954 5.2619 19.5568 16.3726 0.0808918 49.3711
1358374 3.15065 21.0658 5.50476 20.1067 16.3147 0.419934 49.828
1358398 3.15065 21.0658 5.50476 20.1067 16.3147 0.419934 49.828
1358400 3.16032 20.8075 5.64643 20.5312 16.2188 0.661013 50.1455
1358406 3.16032 20.8075 5.64643 20.5312 16.2188 0.661013 50.1455
1358428 3.02501 20.6162 5.79821 20.9557 16.246 0.926494 50.3952
1358431 2.98636 20.377 5.99048 21.2934 16.1379 1.16112 50.6473
1358436 2.98636 20.377 5.99048 21.2934 16.1379 1.16112 50.6473
1358458 2.9187 20.1666 5.97024 21.5153 16.2114 1.30518 50.5708
1358459 2.89937 20.0422 6.05119 21.6986 16.1715 1.4228 50.6914
1358466 2.89937 20.0422 6.05119 21.6986 16.1715 1.4228 50.6914
1358488 2.95736 19.9465 6.1625 21.9012 16.0533 1.51856 50.9677
1358489 2.95736 19.9465 6.1625 21.9012 16.0533 1.51856 50.9677
1358496 2.89937 19.7265 6.25357 22.0846 16.0202 1.68126 50.964
1358518 2.80273 19.6691 6.27381 22.1232 16.0785 1.74718 50.8688
1358520 2.80273 19.6691 6.27381 22.1232 16.0785 1.74718 50.8688
1358531 2.84139 19.5352 6.26369 22.2196 16.0489 1.80106 50.8599
1358549 2.82206 19.3917 6.3244 22.2293 15.9918 1.87324 50.7674
1358557 2.67709 19.1429 6.30417 22.3161 16.0971 2.02227 50.4403
1358567 2.67709 19.1429 6.30417 22.3161 16.0971 2.02227 50.4403
1358586 2.67709 18.9707 6.44583 22.5284 15.9892 2.17091 50.622
1358594 2.66742 18.7316 6.57738 22.9047 15.9153 2.38292 50.881
1358611 2.66742 18.7316 6.57738 22.9047 15.9153 2.38292 50.881
1358613 2.54179 18.4159 6.57738 23.3678 16.0426 2.64843 50.9028
1358618 2.42581 18.1002 6.72917 23.6572 16.0091 2.90511 50.9124
1358628 2.42581 18.1002 6.72917 23.6572 16.0091 2.90511 50.9124
1358645 2.29051 17.794 6.69881 23.8598 16.1249 3.10232 50.6432
1358648 2.29051 17.794 6.69881 23.8598 16.1249 3.10232 50.6432
1358658 2.13587 17.4783 6.64821 24.0817 16.276 3.31192 50.3441
1358674 2.04889 17.2296 6.7494 24.3036 16.2597 3.5091 50.3315
1358678 2.04889 17.2296 6.7494 24.3036 16.2597 3.5091 50.3315
1358705 1.95225 16.9711 6.76964 24.4966 16.3111 3.68887 50.1896
1358706 1.89426 16.6344 6.94167 24.8729 16.2243 3.95859 50.3432
1358709 1.89426 16.6344 6.94167 24.8729 16.2243 3.95859 50.3432
1358719 1.80728 16.2015 7.225 25.3167 16.0661 4.31241 50.5504
1358746 1.80728 15.8359 7.42738 25.5675 15.8817 4.5475 50.6381
1358751 1.97157 15.6338 7.73095 25.693 15.4932 4.64983 51.0293
1358778 2.21319 15.4703 7.99405 25.6351 15.0539 4.66133 51.3126
1358800 2.66742 15.4222 8.16607 25.2106 14.4751 4.45545 51.4662
1358802 2.66742 15.4222 8.16607 25.2106 14.4751 4.45545 51.4662
1358805 3.22797 15.4607 8.40893 24.6896 13.7647 4.17377 51.7871
1358813 3.22797 15.4607 8.40893 24.6896 13.7647 4.17377 51.7871
1358831 3.85617 15.2971 8.67202 24.0431 12.9231 3.922 51.8684
1358832 4.23309 14.9604 9.05655 23.2616 12.1004 3.82187 51.5117
1358842 4.23309 14.9604 9.05655 23.2616 12.1004 3.82187 51.5117
1358861 4.639 14.4216 9.90655 22.5959 10.8954 3.91031 51.5631
1358863 4.88061 13.6904 11.6976 22.1714 9.19316 4.37584 52.4401
1358873 4.88061 13.6904 11.6976 22.1714 9.19316 4.37584 52.4401
1358892 5.13189 12.6802 14.0452 21.7855 7.12517 5.03848 53.6429
1358894 5.2382 11.5546 16.0387 20.9654 5.22479 5.63544 53.7969
1358903 5.2382 11.5546 16.0387 20.9654 5.22479 5.63544 53.7969
1358924 5.30586 10.4194 17.1011 19.6243 3.63996 6.0057 52.4506
1358925 5.30586 10.4194 17.1011 19.6243 3.63996 6.0057 52.4506
1358938 5.45082 9.26486 18.1118 18.1867 1.90583 6.34612 51.0142
1358957 5.68277 8.22581 19.2337 16.8645 0.0869125 6.65597 50.0067
1358957 5.68277 8.22581 19.2337 16.8645 0.0869125 6.65597 50.0067
1358967 5.94372 7.15789 20.6385 15.5575 -1.96096 7.02704 49.2977
1358989 5.94372 7.15789 20.6385 15.5575 -1.96096 7.02704 49.2977
1358991 6.24332 6.27278 22.387 14.4345 -4.01472 7.38953 49.3376
1358994 6.56225 5.33956 24.4388 13.3599 -6.18784 7.81588 49.7005
1359022 6.93917 4.45444 26.4096 12.3628 -8.23845 8.18645 50.166
1359026 7.37408 3.59819 28.33 11.4721 -10.1595 8.51704 50.7743
1359036 7.37408 3.59819 28.33 11.4721 -10.1595 8.51704 50.7743
1359053 7.64468 2.7708 29.9774 10.7944 -11.7494 8.89567 51.1873
1359056 7.97328 2.7708 31.3014 10.4459 -12.4106 8.85952 52.4914
1359066 7.97328 2.1262 31.3014 10.4459 -12.8757 9.15616 51.8468
1359087 8.24389 1.69327 32.3121 10.32 -13.5738 9.32911 52.5693
1359091 8.24389 1.69327 32.3121 10.32 -13.5738 9.32911 52.5693
1359097 8.40819 1.47199 32.8074 10.2329 -13.941 9.39904 52.9205
1359119 8.56282 1.32767 33.0398 10.3297 -14.0562 9.42894 53.2601
1359128 8.61114 1.35654 32.959 10.2716 -14.0709 9.37895 53.1983
1359151 8.61114 1.35654 32.6558 10.2716 -14.0083 9.34673 52.8951
1359156 8.53383 1.36616 32.6558 10.2716 -13.9851 9.37793 52.8274
1359164 8.59181 1.39502 32.2515 10.0393 -14.0639 9.26896 52.2776
1359183 8.59181 1.39502 32.2515 10.0393 -14.0639 9.26896 52.2776
1359183 8.28255 1.34692 31.827 9.99089 -13.9812 9.38486 51.4473
1359192 8.25355 1.33729 31.3621 9.80695 -14.0226 9.33163 50.7599
1359214 8.10858 1.36616 31.0285 9.74886 -13.9408 9.34368 50.2521
1359221 7.93462 1.31805 30.9073 9.83599 -13.845 9.44794 49.9959
1359229 7.93462 1.31805 30.9073 9.83599 -13.845 9.44794 49.9959
1359248 7.86697 1.28919 31.0083 9.90376 -13.8223 9.51379 50.0682
1359261 7.722 1.34692 31.17 10.0683 -13.6545 9.59189 50.3073
1359280 7.59636 1.33729 31.3823 10.2329 -13.5554 9.698 50.5489
1359280 7.59636 1.33729 31.3823 10.2329 -13.5554 9.698 50.5489
1359289 7.49005 1.28919 31.4429 10.3297 -13.5079 9.78996 50.5519
1359311 7.23877 1.26995 31.5743 10.4556 -13.3994 9.94917 50.5386
1359313 7.23877 1.26995 31.5743 10.4556 -13.3994 9.94917 50.5386
1359321 7.17112 1.23147 31.6956 10.4556 -13.441 10.0137 50.5538
1359341 7.17112 1.23147 31.6956 10.4556 -13.441 10.0137 50.5538
1359344 7.03582 1.24109 31.827 10.6105 -13.3154 10.1038 50.7144
1359351 6.88118 1.13526 31.7765 10.6298 -13.3335 10.2305 50.4227
1359374 6.88118 1.13526 31.7765 10.6298 -13.3335 10.2305 50.4227
1359376 6.82319 1.11602 31.7663 10.6492 -13.3177 10.27 50.3548
1359386 6.64923 1.04867 31.8169 10.6589 -13.333 10.3972 50.1737
1359392 6.64923 1.04867 31.8169 10.6589 -13.333 10.3972 50.1737
1359408 6.59125 1.01981 31.8169 10.6492 -13.349 10.4404 50.0771
1359440 6.52359 1.05829 32.0392 10.6976 -13.3186 10.4797 50.3187
1359442 6.45594 1.01019 32.2313 10.8428 -13.2737 10.5682 50.5402
1359443 6.45594 1.01019 32.2313 10.8428 -13.2737 10.5682 50.5402
1359471 6.39795 0.990945 32.3424 10.8912 -13.264 10.6212 50.6226
1359472 6.37862 0.981324 32.4637 10.9493 -13.251 10.6513 50.773
1359473 6.37862 0.981324 32.4637 10.9493 -13.251 10.6513 50.773
1359482 6.25298 0.962083 32.2414 10.8815 -13.2359 10.7 50.338
1359509 6.18533 0.865874 31.9887 10.8041 -13.2935 10.756 49.844
1359518 6.08869 0.913979 31.8169 10.7267 -13.2528 10.7599 49.5462
1359536 6.08869 0.913979 31.8169 10.7267 -13.2528 10.7599 49.5462
1359538 6.0307 0.913979 31.5945 10.6298 -13.2611 10.7628 49.169
1359544 6.0307 0.913979 31.5945 10.6298 -13.2611 10.7628 49.169
1359567 6.06936 1.24109 31.2812 10.9106 -12.7261 10.5696 49.5022
1359569 6.52359 2.52066 30.5232 10.7944 -11.7806 9.61244 50.3619
1359576 6.52359 2.52066 30.5232 10.7944 -11.7806 9.61244 50.3619
1359599 6.73621 3.56933 29.371 10.7557 -10.7978 8.86967 50.4322
1359601 6.97783 4.86814 28.0975 10.8815 -9.50597 8.00779 50.825
1359607 6.97783 4.86814 28.0975 10.8815 -9.50597 8.00779 50.825
1359616 7.11313 6.24392 26.4501 11.5786 -7.65811 7.20189 51.3857
1359631 7.23877 8.19694 24.8734 13.0114 -5.11239 6.31531 53.3205
1359635 7.23877 8.19694 24.8734 13.0114 -5.11239 6.31531 53.3205
1359646 7.34508 10.1019 22.761 14.1054 -2.7152 5.36316 54.3133
1359672 7.20978 11.4488 20.2949 14.2118 -0.867124 4.47139 53.1653
1359677 7.00682 12.2858 17.8793 13.6116 0.497836 3.60303 50.7835
1359697 7.00682 12.2858 17.8793 13.6116 0.497836 3.60303 50.7835
1359706 6.78454 12.9785 15.7857 13.0695 1.78828 2.80517 48.6182
1359707 6.88118 13.6808 14.0554 12.9243 2.98083 2.02484 47.5416
1359731 6.88118 13.6808 14.0554 12.9243 2.98083 2.02484 47.5416
1359734 7.04548 14.5563 12.7196 13.2437 4.22311 1.37546 47.5652
1359765 7.20978 15.3933 11.7786 13.9214 5.34458 0.961702 48.3031
1359766 7.49005 16.2784 11.0601 14.8895 6.34466 0.658055 49.7181
1359768 7.49005 16.2784 11.0601 14.8895 6.34466 0.658055 49.7181
1359778 7.65435 17.22 10.4024 15.8576 7.34385 0.406467 51.1344
1359799 7.77032 18.1289 9.75476 16.7677 8.28448 0.178329 52.4216
1359801 7.77032 18.1289 9.75476 16.7677 8.28448 0.178329 52.4216
1359813 7.74133 18.8272 9.11726 17.4149 9.12583 -0.0102934 53.1007
1359832 7.74133 18.8272 9.11726 17.4149 9.12583 -0.0102934 53.1007
1359834 7.40307 19.3438 8.64167 18.0131 9.9773 -0.025894 53.4016
1359839 7.06481 19.7265 8.41905 18.4762 10.5794 0.0290287 53.6865
1359865 7.06481 19.7265 8.41905 18.4762 10.5794 0.0290287 53.6865
1359867 6.63957 19.9561 8.20655 18.9972 11.2023 0.169528 53.7994
1359874 6.12735 20.1474 8.05476 19.4796 11.8218 0.351115 53.8091
1359900 6.12735 20.1474 8.05476 19.4796 11.8218 0.351115 53.8091
1359902 5.55713 20.0709 7.87262 19.7208 12.3831 0.553917 53.2214
1359904 5.55713 20.0709 7.87262 19.7208 12.3831 0.553917 53.2214
1359911 5.00625 20.0805 7.58929 19.8655 13.0137 0.676053 52.5415
1359932 4.55202 20.0326 7.29583 19.769 13.5305 0.720295 51.6495
1359939 4.55202 20.0326 7.29583 19.769 13.5305 0.720295 51.6495
1359941 4.19443 19.9178 7.07321 19.605 13.9077 0.757801 50.7905
1359966 4.00114 19.8222 6.91131 19.4603 14.1299 0.761513 50.1949
1359967 4.00114 19.8222 6.91131 19.4603 14.1299 0.761513 50.1949
1359972 3.95281 19.7839 6.81012 19.3252 14.2094 0.721425 49.872
1359982 3.95281 19.7839 6.81012 19.3252 14.2094 0.721425 49.872
1359999 3.80785 19.6595 6.67857 19.0936 14.3516 0.702127 49.2396
1360002 3.77885 19.5256 6.64821 18.9103 14.3303 0.691962 48.863
1360012 3.77885 19.5256 6.64821 18.9103 14.3303 0.691962 48.863
1360034 3.75952 19.2577 6.5875 18.9296 14.3405 0.772605 48.5344
1360036 3.68221 19.0951 6.65833 18.9779 14.3206 0.885773 48.4135
1360068 3.65321 18.9803 6.78988 19.248 14.2718 1.04919 48.6714
1360079 3.63388 18.8846 6.89107 19.5278 14.2465 1.19552 48.9374
1360083 3.61455 18.942 6.92143 19.8462 14.3197 1.28062 49.3242
1360102 3.61455 18.942 6.92143 19.8462 14.3197 1.28062 49.3242
1360104 3.59522 19.1142 7.02262 20.0006 14.3251 1.30107 49.7327
1360113 3.64355 19.2577 7.0631 20.0006 14.2858 1.24959 49.965
1360137 3.64355 19.2577 7.0631 20.0006 14.2858 1.24959 49.965
1360139 3.77885 19.516 6.98214 19.9137 14.2799 1.07619 50.1908
1360144 3.77885 19.516 6.98214 19.9137 14.2799 1.07619 50.1908
1360154 3.88516 19.8891 6.91131 19.8173 14.311 0.877454 50.5029
1360172 3.96248 20.1283 6.91131 19.6822 14.273 0.740674 50.6843
1360175 3.96248 20.1283 6.91131 19.6822 14.273 0.740674 50.6843
1360184 4.04946 20.3292 6.82024 19.5085 14.2819 0.576864 50.7074
1360207 4.11711 20.4344 6.81012 19.3638 14.229 0.479745 50.7255
1360208 4.11711 20.4344 6.81012 19.3638 14.229 0.479745 50.7255
1360216 4.09778 20.5205 6.70893 19.1708 14.2999 0.374699 50.4981
1360242 4.09778 20.5205 6.70893 19.1708 14.2999 0.374699 50.4981
1360244 4.04946 20.4727 6.65833 19.0647 14.3445 0.358502 50.2452
1360247 4.0398 20.4536 6.6381 19.0068 14.3516 0.344508 50.1383
1360257 4.0398 20.4536 6.6381 19.0068 14.3516 0.344508 50.1383
1360278 3.99147 20.5301 6.61786 18.9972 14.4196 0.327138 50.1366
1360279 4.06879 20.4057 6.60774 19.0261 14.3466 0.347042 50.1084
1360311 4.06879 20.4057 6.60774 19.0261 14.3466 0.347042 50.1084
1360313 3.92382 20.2048 6.6381 18.8524 14.357 0.411699 49.6192
1360314 3.92382 20.2048 6.6381 18.8524 14.357 0.411699 49.6192
1360318 3.93349 19.9848 6.65833 18.8717 14.29 0.488927 49.4484
1360345 3.88516 19.7743 6.70893 18.92 14.253 0.599352 49.2884
1360346 3.88516 19.7743 6.70893 18.92 14.253 0.599352 49.2884
1360349 4.02047 19.65 7.03274 18.9103 13.8607 0.687101 49.6135
1360358 4.52302 19.5065 7.42738 18.8042 13.1117 0.657193 50.2611
1360384 5.11256 19.3343 7.76131 18.4183 12.2854 0.513393 50.6264
1360389 5.95338 19.1525 8.14583 17.9262 11.2253 0.283177 51.1779
1360415 5.95338 19.1525 8.14583 17.9262 11.2253 0.283177 51.1779
1360417 6.78454 18.789 8.47976 17.3763 10.16 0.0824046 51.4295
1360419 6.78454 18.789 8.47976 17.3763 10.16 0.0824046 51.4295
1360429 7.45139 18.1002 8.85417 16.4675 8.97434 -0.0677714 50.8733
1360452 8.12791 17.2105 9.70417 15.5478 7.37602 -0.0256106 50.5904
1360454 8.12791 17.2105 9.70417 15.5478 7.37602 -0.0256106 50.5904
1360461 8.73678 16.2111 11.2321 14.8218 5.4233 0.325291 51.0018
1360488 9.24901 14.8353 14.45 14.3571 2.59653 1.33937 52.8914
1360499 9.49062 13.0843 18.4756 13.9989 -0.40103 2.69745 55.0494
1360501 9.49062 13.0843 18.4756 13.9989 -0.40103 2.69745 55.0494
1360521 9.52928 10.9677 21.063 12.75 -3.1645 3.67777 54.31
1360523 9.38431 8.90889 22.4376 11.0945 -5.70111 4.41066 51.8253
