1684508 11.6748 0.673458 31.7663 5.98292 -18.3566 7.60546 50.0975
1684536 11.5975 0.654216 31.8977 6.01196 -18.3553 7.67263 50.1614
1684539 11.5975 0.654216 31.8977 6.01196 -18.3553 7.67263 50.1614
1684549 11.6265 0.644595 31.9483 5.97323 -18.4076 7.6656 50.1926
1684563 11.6555 0.606112 32.11 6.05068 -18.399 7.70465 50.4223
1684569 11.6555 0.606112 32.11 6.05068 -18.399 7.70465 50.4223
1684579 11.6362 0.615733 32.1201 6.01196 -18.4228 7.70488 50.3839
1684589 11.7521 0.58687 32.0595 5.86674 -18.5804 7.63566 50.2652
1684604 11.7521 0.58687 32.0595 5.86674 -18.5804 7.63566 50.2652
1684611 11.8391 0.606112 31.9281 5.84738 -18.5749 7.56567 50.2207
1684621 11.8391 0.606112 31.9281 5.84738 -18.5749 7.56567 50.2207
1684631 11.8778 0.625354 31.7461 5.79897 -18.5819 7.50536 50.0482
1684642 11.9454 0.634975 31.6956 5.80866 -18.5673 7.46452 50.0847
1684651 11.9454 0.634975 31.6956 5.80866 -18.5673 7.46452 50.0847
1684661 12.1001 0.634975 31.4328 5.84738 -18.5196 7.36131 50.0152
1684671 12.448 1.22184 31.2711 6.22494 -17.7229 6.98499 51.1659
1684697 12.6509 1.83758 30.7455 6.45729 -16.9765 6.59133 51.6913
1684703 12.6509 1.83758 30.7455 6.45729 -16.9765 6.59133 51.6913
1684712 12.8152 2.50141 30.1391 7.10592 -15.8609 6.2579 52.5617
1684723 12.8539 3.27108 29.462 8.10308 -14.4076 5.98996 53.69
1684732 12.8539 3.27108 29.462 8.10308 -14.4076 5.98996 53.69
1684751 12.6413 3.93492 28.3401 9.19704 -12.8662 5.81029 54.1133
1684759 12.1774 4.56027 26.6017 10.0877 -11.2916 5.60158 53.427
1684768 12.1774 4.56027 26.6017 10.0877 -11.2916 5.60158 53.427
1684778 11.5878 5.26259 24.6207 10.7557 -9.66469 5.32082 52.2268
1684788 10.8437 5.99377 22.3769 11.4237 -7.802 5.02483 50.6381
1684793 10.8437 5.99377 22.3769 11.4237 -7.802 5.02483 50.6381
1684812 10.3024 6.80192 20.6082 12.1401 -6.002 4.70705 49.8527
1684822 10.3024 6.80192 20.6082 12.1401 -6.002 4.70705 49.8527
1684831 9.63559 7.56197 18.9102 13.1566 -3.97206 4.52739 49.2644
1684841 9.15236 8.3605 17.657 14.4636 -2.00735 4.41467 49.6334
1684851 9.15236 8.3605 17.657 14.4636 -2.00735 4.41467 49.6334
1684858 8.62081 9.21675 16.5042 15.7899 -0.0590265 4.32556 50.1316
1684864 8.06993 10.0153 15.4012 17.0772 1.79049 4.26982 50.5636
1684879 8.06993 10.0153 15.4012 17.0772 1.79049 4.26982 50.5636
1684887 7.53837 10.7176 14.2881 18.3893 3.57352 4.24715 50.9334
1684896 7.53837 10.7176 14.2881 18.3893 3.57352 4.24715 50.9334
1684906 6.91018 11.3237 13.0738 19.3445 5.27332 4.20053 50.6522
1684916 6.20466 11.9298 11.9 20.0778 6.93589 4.14368 50.1122
1684942 5.63445 12.4205 11.0095 20.7628 8.29832 4.12948 49.8272
1684947 5.2672 12.8727 10.4429 21.5443 9.32975 4.14366 50.127
1684957 5.2672 12.8727 10.4429 21.5443 9.32975 4.14366 50.127
1684967 4.89994 13.3922 10.119 22.1232 10.1398 4.14077 50.5343
1684990 4.89994 13.3922 10.119 22.1232 10.1398 4.14077 50.5343
1684992 4.58101 13.9021 10.0786 22.7985 10.7287 4.20384 51.3602
1684999 4.32973 14.2003 10.0988 23.445 11.1461 4.32473 52.0738
1685007 4.32973 14.2003 10.0988 23.445 11.1461 4.32473 52.0738
1685019 4.00114 14.5371 10.0988 23.7633 11.5459 4.3866 52.4003
1685027 3.68221 14.7872 9.92679 23.9852 12.0097 4.42216 52.3814
1685040 3.68221 14.7872 9.92679 23.9852 12.0097 4.42216 52.3814
1685052 3.42126 14.9219 9.79524 23.9467 12.3126 4.43469 52.0851
1685060 3.42126 14.9219 9.79524 23.9467 12.3126 4.43469 52.0851
1685068 3.25696 15.0085 9.70417 23.9756 12.5242 4.45113 51.9452
1685080 3.112 15.0855 9.67381 23.7537 12.6166 4.4252 51.6249
1685101 3.19898 15.0855 9.58274 23.5704 12.5755 4.33594 51.4375
1685111 3.30529 15.1817 9.50179 23.2906 12.5124 4.18456 51.2793
1685123 3.30529 15.1817 9.50179 23.2906 12.5124 4.18456 51.2793
1685129 3.32462 15.2586 9.41071 22.9432 12.499 4.0552 50.9372
1685148 3.32462 15.2586 9.41071 22.9432 12.499 4.0552 50.9372
1685150 3.35361 15.2586 9.27917 22.5284 12.4724 3.92563 50.4198
1685168 3.37294 15.3067 9.14762 22.2872 12.508 3.8178 50.1145
1685173 3.37294 15.3067 9.14762 22.2872 12.508 3.8178 50.1145
1685181 3.44059 15.3067 8.99583 21.8627 12.4648 3.66222 49.6058
1685191 3.46958 15.3741 8.93512 21.7083 12.4667 3.57661 49.4871
1685201 3.46958 15.3741 8.93512 21.7083 12.4667 3.57661 49.4871
1685211 3.49858 15.4992 8.83393 21.5925 12.5238 3.46856 49.4242
1685221 3.49858 15.4992 8.83393 21.5925 12.5238 3.46856 49.4242
1685236 3.50824 15.5761 8.78333 21.3513 12.5134 3.36769 49.219
1685242 3.5469 15.6338 8.7125 21.2355 12.5232 3.28747 49.1288
1685255 3.5469 15.6338 8.7125 21.2355 12.5232 3.28747 49.1288
1685262 3.52757 15.6916 8.62143 21.0715 12.5808 3.21203 48.9121
1685272 3.5759 15.8936 8.51012 20.9654 12.6535 3.0665 48.945
1685282 3.5759 15.8936 8.51012 20.9654 12.6535 3.0665 48.945
1685299 3.66288 16.0283 8.4494 20.84 12.6356 2.93939 48.9805
1685303 3.66288 16.0283 8.4494 20.84 12.6356 2.93939 48.9805
1685313 3.65321 16.2496 8.32798 20.7435 12.7679 2.80821 48.9742
1685323 3.73053 16.4228 8.2875 20.6856 12.7683 2.693 49.1264
1685333 3.73053 16.4228 8.2875 20.6856 12.7683 2.693 49.1264
1685343 3.70153 16.5382 8.22679 20.7242 12.8754 2.65636 49.1907
1685353 3.62422 16.4709 8.16607 20.7628 12.975 2.7029 49.0239
1685363 3.62422 16.4709 8.16607 20.7628 12.975 2.7029 49.0239
1685373 3.58556 16.2496 8.30774 20.811 12.8525 2.8446 48.9539
1685388 3.58556 16.2496 8.30774 20.811 12.8525 2.8446 48.9539
1685394 4.11711 16.0091 8.81369 20.8978 12.0271 2.88497 49.8377
1685404 4.83229 15.7204 9.27917 20.5119 10.9849 2.75258 50.3438
1685414 4.83229 15.7204 9.27917 20.5119 10.9849 2.75258 50.3438
1685425 5.84707 15.3164 9.60298 20.0488 9.79781 2.50566 50.8152
1685434 6.6589 14.5948 9.84583 19.4024 8.6593 2.37452 50.5019
1685461 7.33542 13.854 10.2506 18.727 7.47254 2.32868 50.167
1685469 7.33542 13.854 10.2506 18.727 7.47254 2.32868 50.167
1685484 8.00227 13.0458 10.9893 17.9841 6.01661 2.37656 50.0215
1685491 8.75611 12.1222 12.7095 17.3087 3.91251 2.69367 50.8966
1685496 8.75611 12.1222 12.7095 17.3087 3.91251 2.69367 50.8966
1685514 9.40364 11.2179 15.8667 17.0096 1.38194 3.43606 53.4978
1685516 10.0028 10.1596 19.5672 16.5063 -1.29107 4.244 56.2359
1685526 10.0028 10.1596 19.5672 16.5063 -1.29107 4.244 56.2359
1685536 10.2541 8.93775 21.4875 14.9863 -3.51094 4.6569 55.6657
1685551 10.2541 8.93775 21.4875 14.9863 -3.51094 4.6569 55.6657
1685557 10.3508 7.6678 22.3264 13.0114 -5.62163 4.86893 53.3564
1685567 10.3411 6.29202 23.044 11.0849 -7.88397 5.16993 50.762
1685578 10.3411 6.29202 23.044 11.0849 -7.88397 5.16993 50.762
1685587 10.5537 5.0798 24.0951 9.39066 -10.2701 5.45171 49.1193
1685601 10.7953 3.99264 25.4495 7.92882 -12.6247 5.78942 48.1663
1685616 10.7953 3.99264 25.4495 7.92882 -12.6247 5.78942 48.1663
1685625 11.0273 3.12677 27.0565 7.01879 -14.482 6.19578 48.2293
1685634 11.0273 3.12677 27.0565 7.01879 -14.482 6.19578 48.2293
1685641 11.3076 2.46293 29.0071 6.77677 -15.6772 6.66341 49.5544
1685650 11.5975 1.91454 30.7759 6.79613 -16.4742 7.06482 51.084
1685658 11.5975 1.91454 30.7759 6.79613 -16.4742 7.06482 51.084
1685673 11.8391 1.56819 32.2111 6.93166 -16.9126 7.34597 52.55
1685679 12.0324 1.27957 33.2622 7.12528 -17.1742 7.56307 53.6994
1685690 12.0324 1.27957 33.2622 7.12528 -17.1742 7.56307 53.6994
1685699 12.2064 1.11602 33.8787 7.2221 -17.3396 7.65623 54.4232
1685712 12.2064 1.11602 33.8787 7.2221 -17.3396 7.65623 54.4232
1685719 12.2354 1.00057 33.9394 7.2221 -17.442 7.70042 54.3974
1685734 12.187 0.962083 33.7979 7.12528 -17.5217 7.7047 54.0723
1685741 12.187 0.962083 33.7979 7.12528 -17.5217 7.7047 54.0723
1685751 12.1677 0.962083 33.3936 6.98007 -17.5779 7.63797 53.5034
1685761 12.0711 0.990945 32.676 6.8639 -17.5337 7.55045 52.6019
1685771 12.0711 0.990945 32.676 6.8639 -17.5337 7.55045 52.6019
1685781 11.8778 0.942841 31.9685 6.65091 -17.6188 7.52297 51.44
1685791 11.6845 0.962083 31.3722 6.43793 -17.667 7.48074 50.4567
1685806 11.6845 0.962083 31.3722 6.43793 -17.667 7.48074 50.4567
1685812 11.5395 0.93322 30.8769 6.28303 -17.7303 7.46098 49.6327
1685822 11.5395 0.93322 30.8769 6.28303 -17.7303 7.46098 49.6327
1685832 11.4139 0.846633 30.5636 6.20558 -17.8082 7.49812 49.0297
1685851 11.2786 0.904358 30.6445 6.22494 -17.733 7.54903 49.0523
1685869 11.2302 0.827391 30.695 6.22494 -17.8004 7.6144 48.9776
1685878 11.2399 0.837012 30.8466 6.34112 -17.7147 7.64569 49.2646
1685887 11.2399 0.837012 30.8466 6.34112 -17.7147 7.64569 49.2646
1685897 11.2496 0.827391 31.17 6.48633 -17.6471 7.71497 49.7333
1685903 11.2496 0.827391 31.17 6.48633 -17.6471 7.71497 49.7333
1685913 11.2206 0.837012 31.4126 6.49601 -17.662 7.76055 49.9662
1685923 11.1433 0.827391 31.7057 6.67027 -17.554 7.86706 50.3466
1685933 11.1433 0.827391 31.7057 6.67027 -17.554 7.86706 50.3466
1685946 11.1916 0.81777 31.7866 6.65091 -17.5975 7.85821 50.4468
1685956 11.1433 0.721562 31.8977 6.68964 -17.6552 7.94491 50.4522
1685981 11.1433 0.827391 31.8573 6.63155 -17.609 7.88302 50.4595
1685999 11.037 0.711941 31.8775 6.61219 -17.7107 7.98414 50.2386
1686004 10.9886 0.750424 31.827 6.68964 -17.5978 7.9924 50.2557
1686014 10.9886 0.750424 31.827 6.68964 -17.5978 7.9924 50.2557
1686024 10.95 0.779287 31.8371 6.66059 -17.5937 7.99425 50.2269
1686034 10.921 0.788908 31.6956 6.60251 -17.6098 7.97519 50.008
1686061 10.7567 0.731183 31.4631 6.60251 -17.6002 8.04518 49.5535
1686066 10.7567 0.731183 31.4631 6.60251 -17.6002 8.04518 49.5535
1686076 10.7374 1.14488 31.1903 6.93166 -16.9241 7.87125 50.0041
1686087 10.9403 2.02999 30.7253 7.21241 -15.9224 7.35663 50.908
1686103 10.9403 2.02999 30.7253 7.21241 -15.9224 7.35663 50.908
1686112 11.1529 2.84776 30.3615 7.5803 -14.9619 6.91373 51.9425
1686121 11.2302 3.76174 29.6439 7.80296 -13.9731 6.42316 52.4388
1686127 11.2302 3.76174 29.6439 7.80296 -13.9731 6.42316 52.4388
1686137 11.2882 4.75269 28.6332 8.02563 -12.8763 5.8685 52.6997
1686147 11.2882 4.75269 28.6332 8.02563 -12.8763 5.8685 52.6997
1686157 11.2109 5.69553 27.3092 8.18052 -11.7585 5.32002 52.3961
1686167 11.0273 6.62875 25.6718 8.32574 -10.5243 4.74551 51.6536
1686182 11.0273 6.62875 25.6718 8.32574 -10.5243 4.74551 51.6536
1686188 10.7663 7.39842 24.1962 8.75171 -9.20145 4.3384 51.1127
1686201 10.3701 8.14884 22.7004 9.56492 -7.55978 4.06022 50.7842
1686209 10.3701 8.14884 22.7004 9.56492 -7.55978 4.06022 50.7842
1686218 9.97385 8.88002 21.3157 10.8428 -5.66857 3.91218 51.0124
1686248 9.46163 9.52462 19.8603 12.2563 -3.68914 3.85409 51.1028
1686249 8.96873 10.2462 18.3543 13.6794 -1.65737 3.75195 51.2486
1686261 8.96873 10.2462 18.3543 13.6794 -1.65737 3.75195 51.2486
1686278 8.40819 10.8331 16.7268 14.754 0.222814 3.61959 50.722
1686286 7.78965 11.5065 15.047 15.8867 2.26783 3.47528 50.2299
1686289 7.78965 11.5065 15.047 15.8867 2.26783 3.47528 50.2299
1686307 7.24844 12.1415 13.5798 16.7096 4.03733 3.29093 49.6792
1686310 7.24844 12.1415 13.5798 16.7096 4.03733 3.29093 49.6792
1686319 6.74588 12.6899 12.2542 17.5789 5.71797 3.16548 49.2688
1686334 6.27231 13.3729 11.131 18.6209 7.38432 3.06898 49.3971
1686341 6.27231 13.3729 11.131 18.6209 7.38432 3.06898 49.3971
1686352 5.91472 13.931 10.3518 19.6339 8.67845 3.0523 49.8314
1686361 5.60546 14.4216 9.90655 20.6663 9.6719 3.12622 50.5999
1686376 5.60546 14.4216 9.90655 20.6663 9.6719 3.12622 50.5999
1686381 5.32518 14.8257 9.82559 21.8337 10.3786 3.3319 51.8102
1686399 5.32518 14.8257 9.82559 21.8337 10.3786 3.3319 51.8102
1686404 5.00625 15.0085 10.028 22.7406 10.7585 3.6244 52.7834
1686414 4.61967 15.2105 10.0887 23.4257 11.2138 3.84786 53.3445
1686424 4.61967 15.2105 10.0887 23.4257 11.2138 3.84786 53.3445
1686432 4.18476 15.2683 9.99762 23.8212 11.6887 4.04505 53.2719
1686446 3.77885 15.2105 9.86607 23.9467 12.0792 4.21101 52.8021
1686452 3.77885 15.2105 9.86607 23.9467 12.0792 4.21101 52.8021
1686462 3.37294 15.2009 9.63333 24.0045 12.5447 4.32777 52.2117
1686472 3.37294 15.2009 9.63333 24.0045 12.5447 4.32777 52.2117
1686482 3.083 15.0758 9.44107 23.7826 12.8129 4.39786 51.3825
1686497 2.99602 15.047 9.27917 23.416 12.9034 4.3317 50.7382
1686503 2.99602 15.047 9.27917 23.416 12.9034 4.3317 50.7382
1686515 3.00569 14.9796 9.12738 23.0687 12.9108 4.24781 50.1814
1686523 3.01535 15.0085 8.84405 22.7503 13.0493 4.10248 49.6182
1686538 3.01535 15.0085 8.84405 22.7503 13.0493 4.10248 49.6182
1686543 2.98636 15.1239 8.77321 22.4319 13.0772 3.98298 49.3154
1686553 2.98636 15.1239 8.77321 22.4319 13.0772 3.98298 49.3154
1686568 2.98636 15.1624 8.68214 22.4126 13.1522 3.94345 49.2435
1686574 3.03468 15.2875 8.74286 22.403 13.0958 3.88846 49.468
1686605 3.083 15.4607 8.6619 22.3933 13.1601 3.78382 49.5989
1686611 3.10233 15.5665 8.58095 22.3354 13.219 3.705 49.5852
1686645 3.083 15.6146 8.60119 22.2582 13.2114 3.68116 49.557
1686646 3.07334 15.7012 8.47976 22.2003 13.3195 3.61106 49.4546
1686656 3.04434 15.7782 8.41905 22.1425 13.3936 3.56563 49.384
1686668 3.04434 15.7782 8.41905 22.1425 13.3936 3.56563 49.384
1686676 3.07334 15.9898 8.23691 22.017 13.5331 3.40372 49.3171
1686691 3.10233 16.1534 8.26726 21.8627 13.489 3.30285 49.3856
1686697 3.10233 16.1534 8.26726 21.8627 13.489 3.30285 49.3856
1686707 3.15065 16.3843 8.23691 21.8337 13.5219 3.18584 49.6055
1686719 3.15065 16.3843 8.23691 21.8337 13.5219 3.18584 49.6055
1686728 3.16032 16.6055 8.18631 21.9012 13.62 3.10561 49.8534
1686737 3.29562 16.8653 8.19643 21.8627 13.5583 2.95644 50.22
1686747 3.29562 16.8653 8.19643 21.8627 13.5583 2.95644 50.22
1686762 3.34395 17.0287 8.14583 21.9012 13.6059 2.87817 50.4197
1686768 3.4116 17.1626 8.18631 21.9977 13.5754 2.83987 50.7583
1686794 3.42126 17.1722 8.25714 21.9109 13.4968 2.82928 50.7615
1686809 3.58556 17.2105 8.32798 21.7662 13.2949 2.74065 50.8902
1686818 3.90449 17.2392 8.36845 21.5443 12.981 2.57629 51.0564
1686831 3.90449 17.2392 8.36845 21.5443 12.981 2.57629 51.0564
1686838 4.36839 17.2583 8.46964 21.2162 12.4904 2.35591 51.3126
1686854 4.86128 17.0574 8.45952 20.6663 11.9518 2.1179 51.0445
1686858 4.86128 17.0574 8.45952 20.6663 11.9518 2.1179 51.0445
1686878 5.44116 16.8461 8.48988 20.1163 11.3135 1.86242 50.8935
1686880 5.44116 16.8461 8.48988 20.1163 11.3135 1.86242 50.8935
1686889 6.05003 16.5863 8.67202 19.4796 10.5063 1.62891 50.7879
1686900 6.58158 16.1149 9.01607 18.756 9.54714 1.50854 50.4685
1686914 6.58158 16.1149 9.01607 18.756 9.54714 1.50854 50.4685
1686925 7.19045 15.6819 9.71429 18.0999 8.32424 1.46245 50.6866
1686929 7.97328 15.2298 10.8982 17.4631 6.70103 1.50053 51.5644
1686941 7.97328 15.2298 10.8982 17.4631 6.70103 1.50053 51.5644
1686951 8.66913 14.6621 12.2845 16.6999 4.97383 1.62087 52.3157
1686971 8.66913 14.6621 12.2845 16.6999 4.97383 1.62087 52.3157
1686972 9.31666 13.9021 13.6708 15.7124 3.1496 1.75787 52.602
1686981 9.83854 13.017 14.7637 14.4829 1.39037 1.83997 52.1021
1686999 9.83854 13.017 14.7637 14.4829 1.39037 1.83997 52.1021
1687001 10.4088 12.026 15.644 13.0598 -0.472723 1.83884 51.1386
1687016 10.8147 10.9581 16.8583 11.7141 -2.48323 2.02591 50.3452
1687021 10.8147 10.9581 16.8583 11.7141 -2.48323 2.02591 50.3452
1687031 11.4332 9.83248 18.2735 10.533 -4.66385 2.25899 50.0722
1687040 11.4332 9.83248 18.2735 10.533 -4.66385 2.25899 50.0722
1687056 11.9454 8.71647 19.6278 9.40034 -6.77019 2.52554 49.6901
1687062 12.448 7.68704 21.063 8.5 -8.71461 2.84558 49.698
1687076 12.448 7.68704 21.063 8.5 -8.71461 2.84558 49.698
1687086 12.9312 6.7923 22.569 7.73519 -10.4805 3.17244 50.0277
1687092 13.2985 5.96491 23.893 7.10592 -11.9974 3.50229 50.2623
1687102 13.2985 5.96491 23.893 7.10592 -11.9974 3.50229 50.2623
1687112 13.6271 5.30108 25.1665 6.81549 -13.1 3.84614 50.9101
1687122 13.6271 5.30108 25.1665 6.81549 -13.1 3.84614 50.9101
1687137 13.7237 4.67572 26.0862 6.67027 -13.9104 4.20979 51.1559
1687144 13.7914 4.23316 27.1677 6.66059 -14.4955 4.57171 51.8528
1687156 13.7914 4.23316 27.1677 6.66059 -14.4955 4.57171 51.8528
1687163 13.9073 3.83871 27.8549 6.73804 -14.8959 4.82822 52.339
1687174 13.772 3.40577 28.239 6.72836 -15.2828 5.11732 52.1452
1687199 13.6657 3.05942 28.4816 6.7574 -15.5542 5.34422 51.9641
1687207 13.6657 3.05942 28.4816 6.7574 -15.5542 5.34422 51.9641
1687214 13.5111 2.69383 28.5826 6.66059 -15.9089 5.55073 51.4482
1687224 13.4048 2.3571 28.6534 6.58314 -16.2348 5.72802 50.9984
1687234 13.4048 2.3571 28.6534 6.58314 -16.2348 5.72802 50.9984
1687244 13.3565 2.08772 28.4512 6.54442 -16.4431 5.8143 50.4398
1687256 13.4628 2.02999 28.3401 6.41856 -16.5937 5.75085 50.2514
1687266 13.4628 2.02999 28.3401 6.41856 -16.5937 5.75085 50.2514
1687277 13.6367 2.06848 28.2491 6.3508 -16.6318 5.63403 50.3051
1687286 13.7914 2.14544 28.1683 6.3992 -16.5407 5.53339 50.5043
1687301 13.7914 2.14544 28.1683 6.3992 -16.5407 5.53339 50.5043
1687311 14.1489 2.21279 28.1581 6.42825 -16.5198 5.36565 50.9481
1687325 14.1489 2.21279 28.1581 6.42825 -16.5198 5.36565 50.9481
1687329 14.3809 2.31862 28.1986 6.41856 -16.487 5.23737 51.3167
1687339 14.5549 2.309 28.2491 6.42825 -16.524 5.18425 51.5412
1687350 14.5549 2.309 28.2491 6.42825 -16.524 5.18425 51.5412
1687367 14.6902 2.38596 28.2592 6.37016 -16.5327 5.09228 51.7055
1687375 14.7868 2.42445 28.2087 6.40888 -16.4784 5.03763 51.8288
1687380 14.7868 2.42445 28.2087 6.40888 -16.4784 5.03763 51.8288
1687388 14.8351 2.44369 28.1278 6.34112 -16.5119 4.98286 51.7478
1687398 14.8351 2.44369 28.1278 6.34112 -16.5119 4.98286 51.7478
1687422 14.6805 2.36672 27.9257 6.26367 -16.5779 5.01852 51.2366
1687424 14.5065 2.28976 27.9661 6.31207 -16.5791 5.13423 51.0745
1687428 14.5065 2.28976 27.9661 6.31207 -16.5791 5.13423 51.0745
1687447 14.4002 2.28976 27.9257 6.24431 -16.6102 5.15533 50.86
1687449 14.1779 2.20317 27.9156 6.22494 -16.6589 5.27281 50.5216
1687459 14.1779 2.20317 27.9156 6.22494 -16.6589 5.27281 50.5216
1687472 13.9557 2.16469 27.9863 6.24431 -16.6496 5.39522 50.351
1687479 13.9557 2.16469 27.9863 6.24431 -16.6496 5.39522 50.351
1687495 13.7237 1.96265 28.1076 6.22494 -16.8155 5.59174 50.0189
1687499 13.4144 1.95303 28.1986 6.27335 -16.7471 5.74981 49.8394
1687519 13.4144 1.95303 28.1986 6.27335 -16.7471 5.74981 49.8394
1687524 13.0858 1.79909 28.4108 6.30239 -16.8329 5.99668 49.5981
1687533 12.8056 1.71251 28.613 6.32175 -16.8768 6.19277 49.4528
1687543 12.8056 1.71251 28.613 6.32175 -16.8768 6.19277 49.4528
1687552 12.4963 1.57782 28.9364 6.3992 -16.9277 6.45464 49.4097
1687565 12.4963 1.57782 28.9364 6.3992 -16.9277 6.45464 49.4097
1687572 12.2064 1.51047 29.1891 6.45729 -16.9295 6.66372 49.3632
1687587 11.9744 1.4335 29.6237 6.58314 -16.9211 6.89278 49.6147
1687592 11.9744 1.4335 29.6237 6.58314 -16.9211 6.89278 49.6147
1687602 11.7231 1.32767 29.9067 6.66059 -16.9502 7.10924 49.6181
1687612 11.4235 1.22184 30.2907 6.63155 -17.0781 7.34659 49.5677
1687627 11.4235 1.22184 30.2907 6.63155 -17.0781 7.34659 49.5677
1687635 11.2109 1.1545 30.4019 6.95103 -16.8486 7.53872 49.7183
1687643 11.2109 1.1545 30.4019 6.95103 -16.8486 7.53872 49.7183
1687657 11.1819 2.04924 30.6445 7.76424 -15.4982 7.3134 51.6399
1687663 11.3752 2.79004 30.5737 8.79043 -14.1831 7.06123 53.5294
1687673 11.3752 2.79004 30.5737 8.79043 -14.1831 7.06123 53.5294
1687683 11.1819 3.54046 30.3615 10.6202 -12.2894 7.0711 55.704
1687706 10.6987 4.06961 29.6136 12.9146 -10.1787 7.26742 57.2964
1687721 9.99318 4.28127 27.7438 14.2118 -8.55585 7.38426 56.23
1687730 9.99318 4.28127 27.7438 14.2118 -8.55585 7.38426 56.23
1687738 9.08471 4.6661 25.4697 14.8121 -6.97552 7.36527 54.0326
1687744 8.14724 5.04131 22.8317 15.0347 -5.33882 7.25039 51.055
1687754 8.14724 5.04131 22.8317 15.0347 -5.33882 7.25039 51.055
1687765 7.18078 5.61856 20.4768 15.5285 -3.33501 7.1323 48.8046
1687778 6.29164 6.15733 18.6677 16.5837 -1.1626 7.17052 47.7003
1687789 6.29164 6.15733 18.6677 16.5837 -1.1626 7.17052 47.7003
1687801 5.5668 6.85003 16.919 18.0034 1.25033 7.13117 47.3393
1687805 5.5668 6.85003 16.919 18.0034 1.25033 7.13117 47.3393
1687816 4.85162 7.33107 15.3304 19.9137 3.72302 7.29379 47.4268
1687827 4.03013 7.9468 13.6304 22.0556 6.47355 7.46147 47.6629
1687852 3.23764 8.57216 12.0012 24.1107 9.10027 7.60681 47.9217
1687857 2.56111 9.22637 10.8982 26.1368 11.2161 7.75693 48.8225
1687877 2.26151 9.87097 10.6655 27.8445 12.237 7.81286 50.6424
1687887 2.26151 9.87097 10.6655 27.8445 12.237 7.81286 50.6424
1687903 2.00057 10.5156 10.6958 29.0698 12.8577 7.81807 52.2818
1687907 1.75895 11.1505 10.6756 29.861 13.3672 7.75372 53.446
1687928 1.75895 11.1505 10.6756 29.861 13.3672 7.75372 53.446
1687930 1.59466 11.5931 10.6655 30.2372 13.667 7.68572 54.0905
1687938 1.43036 11.8817 10.5542 30.1407 13.9047 7.60536 54.007
1687953 1.43036 11.8817 10.5542 30.1407 13.9047 7.60536 54.007
1687958 1.3917 12.0164 10.3113 29.7066 14.0475 7.47102 53.426
1687968 1.3917 12.0164 12.6387 29.7066 12.4175 7.78531 55.7534
1687979 1.38204 12.0357 10.0482 28.9637 14.0994 7.32245 52.4296
1687989 1.44969 12.0357 9.62321 27.8927 14.1445 7.06765 51.0013
1688016 1.41103 12.0357 9.36012 27.0919 14.207 6.91562 49.8987
1688027 1.43036 11.9779 9.15774 26.4166 14.192 6.78793 48.9826
1688031 1.43036 11.9779 9.15774 26.4166 14.192 6.78793 48.9826
1688041 1.38204 12.0357 8.90476 25.9535 14.3458 6.66187 48.2759
1688052 1.41103 12.0549 8.85417 25.857 14.3464 6.61473 48.1771
1688076 1.41103 12.0549 8.85417 25.857 14.3464 6.61473 48.1771
1688078 1.50767 12.2088 8.85417 25.8666 14.3039 6.50458 48.4373
1688081 1.50767 12.2088 8.85417 25.8666 14.3039 6.50458 48.4373
1688091 1.50767 12.5071 8.80357 25.7991 14.3955 6.35202 48.6174
1688102 1.65264 12.7572 8.79345 25.9052 14.3643 6.19713 49.1085
1688112 1.65264 12.7572 8.79345 25.9052 14.3643 6.19713 49.1085
1688127 1.73962 13.142 8.77321 25.9728 14.4083 6.004 49.6276
1688132 1.78795 13.4788 8.83393 26.2719 14.4567 5.9077 50.3725
1688142 1.78795 13.4788 8.83393 26.2719 14.4567 5.9077 50.3725
1688152 1.86526 13.8059 8.99583 26.6867 14.4252 5.84517 51.3537
1688181 1.92325 14.0753 9.14762 27.1788 14.421 5.8274 52.3249
1688191 1.94258 14.2773 9.32976 27.7673 14.4289 5.87351 53.317
1688203 1.94258 14.2773 9.32976 27.7673 14.4289 5.87351 53.317
1688204 1.9909 14.335 9.53214 28.1146 14.3251 5.92545 53.9727
1688213 1.95225 14.3158 9.55238 28.3944 14.3898 5.99802 54.2149
1688229 1.95225 14.3158 9.55238 28.3944 14.3898 5.99802 54.2149
1688233 1.93292 14.1426 9.64345 28.4716 14.3188 6.10056 54.1906
1688243 1.93292 14.1426 9.64345 28.4716 14.3188 6.10056 54.1906
1688258 1.84594 13.854 9.49167 28.2594 14.3944 6.18822 53.451
1688264 1.71063 13.5846 9.28929 27.8445 14.5097 6.24803 52.429
1688278 1.71063 13.5846 9.28929 27.8445 14.5097 6.24803 52.429
1688284 1.60432 13.1805 9.0869 27.2367 14.5406 6.32148 51.1084
1688294 1.44002 12.7957 8.74286 26.6288 14.7365 6.39097 49.6074
1688304 1.44002 12.7957 8.74286 26.6288 14.7365 6.39097 49.6074
1688314 1.33371 12.3628 8.48988 25.9631 14.7989 6.46627 48.1495
1688329 1.33371 12.3628 8.48988 25.9631 14.7989 6.46627 48.1495
1688339 1.12109 11.8913 8.20655 25.2202 14.9571 6.59389 46.4392
1688346 1.10176 11.468 7.95357 24.6027 14.9666 6.64356 45.1261
1688357 1.10176 11.468 7.95357 24.6027 14.9666 6.64356 45.1261
1688366 1.08243 10.9485 7.93333 23.937 14.7318 6.77864 43.9013
1688381 1.45935 10.5156 8.37857 23.8019 13.8599 6.86402 44.1554
1688386 1.45935 10.5156 8.37857 23.8019 13.8599 6.86402 44.1554
1688396 2.23252 10.1981 9.52202 24.0045 12.2114 6.88553 45.9572
1688423 3.29562 9.92869 12.3351 24.4484 9.37169 7.06665 50.0078
1688433 4.84196 9.72666 16.8381 25.1913 5.84732 7.27784 56.598
1688441 4.84196 9.72666 16.8381 25.1913 5.84732 7.27784 56.598
1688458 6.0307 9.38993 19.0012 24.6703 3.81959 7.17122 59.0921
1688460 6.89085 8.88964 18.9507 23.1748 2.68666 6.82442 57.9059
1688483 7.52871 8.51443 17.8793 21.2548 1.97601 6.27731 55.1773
1688488 7.52871 8.51443 17.8793 21.2548 1.97601 6.27731 55.1773
1688498 8.0216 8.18732 16.8482 19.084 1.15144 5.67401 52.1411
1688511 8.54349 7.8987 16.3827 16.8451 -0.0918195 5.06915 49.67
1688519 8.54349 7.8987 16.3827 16.8451 -0.0918195 5.06915 49.67
1688535 9.17169 7.58121 16.9292 14.7346 -1.9544 4.61955 48.4167
1688539 9.80955 7.12903 18.4251 13.1566 -4.09571 4.52691 48.5203
1688549 9.80955 7.12903 18.4251 13.1566 -4.09571 4.52691 48.5203
1688561 10.2735 6.57102 20.5779 11.869 -6.29486 4.74802 49.2914
1688569 10.2735 6.57102 20.5779 11.869 -6.29486 4.74802 49.2914
1688587 10.4667 5.73401 23.1956 10.7944 -8.53439 5.3165 50.1908
1688591 10.863 4.70458 25.5505 9.73918 -10.7997 5.81691 50.8573
1688601 10.863 4.70458 25.5505 9.73918 -10.7997 5.81691 50.8573
1688614 10.9886 3.71364 27.5012 8.82916 -12.711 6.35713 51.0326
1688621 11.2496 2.88625 29.2295 8.17084 -14.2725 6.77132 51.5362
1688631 11.2496 2.88625 29.2295 8.17084 -14.2725 6.77132 51.5362
1688649 11.4332 2.28014 30.8163 7.88041 -15.3067 7.15036 52.41
1688651 11.4332 2.28014 30.8163 7.88041 -15.3067 7.15036 52.41
1688670 11.4622 1.62592 32.3222 7.73519 -16.1929 7.61192 53.1455
1688672 11.3945 1.1545 33.5755 7.832 -16.6725 8.0227 53.9566
1688682 11.3945 1.1545 33.5755 7.832 -16.6725 8.0227 53.9566
1688695 11.1819 0.93322 34 7.92882 -16.8011 8.27484 54.044
1688702 10.9016 0.808149 34 7.9869 -16.8104 8.45781 53.6967
1688724 10.9016 0.808149 34 7.9869 -16.8104 8.45781 53.6967
1688726 10.4474 0.692699 34 7.96754 -16.8465 8.70706 53.1077
1688733 9.85787 0.57725 34 7.91913 -16.8857 9.02047 52.3543
1688750 9.85787 0.57725 34 7.91913 -16.8857 9.02047 52.3543
1688753 9.18135 0.481041 34 7.90945 -16.8652 9.37926 51.5718
1688763 9.18135 0.481041 34 7.90945 -16.8652 9.37926 51.5718
1688778 8.41785 0.298246 34 7.87073 -16.9258 9.83101 50.5868
1688787 7.79932 0.134692 34 7.89977 -16.9387 10.2237 49.8338
1688804 7.79932 0.134692 34 7.89977 -16.9387 10.2237 49.8338
1688805 7.20011 0.0384833 33.9798 7.9385 -16.8862 10.5823 49.1569
1688816 6.81353 0.00962083 33.9798 7.91913 -16.8633 10.7987 48.7221
1688830 6.81353 0.00962083 33.9798 7.91913 -16.8633 10.7987 48.7221
1688844 6.57192 0 34 8.03531 -16.7345 10.9439 48.6072
1688846 6.57192 0 34 8.03531 -16.7345 10.9439 48.6072
1688859 6.40762 0 34 8.15148 -16.6066 11.0413 48.5591
1688874 6.4946 0 34 8.21925 -16.5637 11.0004 48.7138
1688877 6.4946 0 34 8.21925 -16.5637 11.0004 48.7138
1688888 6.52359 0 34 8.30638 -16.4946 10.9921 48.83
1688896 6.46561 0 34 8.36446 -16.4351 11.0277 48.8301
1688914 6.46561 0 34 8.36446 -16.4351 11.0277 48.8301
1688916 6.51393 0 34 8.46128 -16.3617 11.0099 48.9752
1688928 6.51393 0 34 8.46128 -16.3617 11.0099 48.9752
1688941 6.53326 0 34 8.50968 -16.3243 11.0035 49.0429
1688947 6.58158 0 34 8.44191 -16.3899 10.9724 49.0235
1688957 6.58158 0 34 8.44191 -16.3899 10.9724 49.0235
1688968 6.68789 0 34 8.36446 -16.4739 10.9097 49.0524
1688977 6.73621 0.00962083 34 8.33542 -16.4987 10.8767 49.0813
1688995 6.73621 0.00962083 34 8.33542 -16.4987 10.8767 49.0813
1689002 6.86185 0.0481041 34 8.25797 -16.5534 10.7839 49.1679
1689023 6.98749 0.0865874 34 8.23861 -16.5588 10.6964 49.3127
1689028 7.04548 0.0673458 34 8.30638 -16.5279 10.6821 49.4192
1689054 7.11313 0.0673458 34 8.27734 -16.5638 10.6445 49.4578
1689059 7.20978 0.057725 34 8.32574 -16.5478 10.6037 49.5932
1689078 7.20978 0.057725 34 8.32574 -16.5478 10.6037 49.5932
1689080 7.27743 0.163554 34 8.19989 -16.5761 10.5031 49.6409
1689088 7.27743 0.163554 34 8.19989 -16.5761 10.5031 49.6409
1689104 7.40307 0.163554 34 8.13212 -16.654 10.4325 49.6987
1689109 7.69301 0.173175 34 8.08371 -16.7348 10.2756 49.9499
1689119 7.69301 0.173175 34 8.08371 -16.7348 10.2756 49.9499
1689133 8.03127 0.336729 34 7.94818 -16.7672 10.0108 50.3162
1689139 8.26322 0.327108 34 7.82232 -16.9173 9.88799 50.4126
1689168 8.4855 0.432937 34 7.80296 -16.8812 9.72504 50.7214
1689184 8.4855 0.432937 34 7.80296 -16.8812 9.72504 50.7214
1689188 8.63047 0.442558 33.9697 7.69647 -16.9795 9.63549 50.7392
1689197 8.68846 0.442558 33.8585 7.72551 -16.9471 9.59863 50.715
1689212 8.68846 0.442558 33.8585 7.72551 -16.9471 9.59863 50.715
1689214 8.61114 0.394454 33.8686 7.73519 -16.9682 9.66171 50.6094
1689221 8.67879 0.355971 33.9596 7.69647 -17.0573 9.65301 50.6908
1689238 8.67879 0.355971 33.9596 7.69647 -17.0573 9.65301 50.6908
1689242 8.59181 0.336729 34 7.81264 -16.9697 9.72113 50.7412
1689251 8.59181 0.336729 34 7.81264 -16.9697 9.72113 50.7412
1689266 8.62081 0.490662 33.808 7.95786 -16.6972 9.62739 50.8773
1689272 8.61114 0.760045 33.4744 8.39351 -16.0678 9.51326 51.2391
1689282 8.61114 0.760045 33.4744 8.39351 -16.0678 9.51326 51.2391
1689293 8.50483 1.04867 32.7771 9.26481 -15.0054 9.44514 51.5954
1689302 8.45651 1.6644 31.9382 10.9396 -13.1091 9.27104 52.9987
1689328 8.29221 2.69383 30.5737 12.8759 -10.699 8.94549 54.4356
1689333 8.29221 2.69383 30.5737 12.8759 -10.699 8.94549 54.4356
1689345 8.0216 3.71364 28.3805 14.3571 -8.4131 8.53701 54.4728
1689354 7.4224 4.49293 25.7224 15.2768 -6.31919 8.24457 52.9144
1689363 7.4224 4.49293 25.7224 15.2768 -6.31919 8.24457 52.9144
1689374 6.91018 5.32032 22.9834 15.8867 -4.24973 7.81974 51.1005
1689383 6.47527 6.14771 20.4667 16.4869 -2.17208 7.36153 49.5766
1689404 6.47527 6.14771 20.4667 16.4869 -2.17208 7.36153 49.5766
1689408 6.05003 6.95586 18.2735 17.328 -0.0203773 6.9729 48.6074
1689414 6.05003 6.95586 18.2735 17.328 -0.0203773 6.9729 48.6074
1689432 5.69244 7.81211 16.3119 18.8042 2.3714 6.6674 48.6207
1689435 5.35418 8.73571 14.6018 20.2997 4.63317 6.37201 48.9913
1689444 5.35418 8.73571 14.6018 20.2997 4.63317 6.37201 48.9913
1689459 5.02558 9.59196 13.1952 21.9109 6.67793 6.18073 49.7237
1689465 4.56168 10.4675 12.0315 23.6186 8.62919 6.10339 50.6793
1689486 4.56168 10.4675 12.0315 23.6186 8.62919 6.10339 50.6793
1689488 4.13644 11.2179 11.3333 25.0658 10.0544 6.09954 51.7535
1689496 4.13644 11.2179 11.3333 25.0658 10.0544 6.09954 51.7535
1689515 3.73053 11.8817 10.969 26.2526 11.0889 6.13509 52.8339
1689516 3.25696 12.382 10.7768 27.0437 11.8744 6.22384 53.4595
1689526 3.25696 12.382 10.7768 27.0437 11.8744 6.22384 53.4595
1689543 2.92837 12.9015 10.625 27.3331 12.4011 6.17096 53.788
1689553 2.57078 13.2767 10.3113 27.2367 12.9371 6.09615 53.3955
1689573 2.57078 13.2767 10.3113 27.2367 12.9371 6.09615 53.3955
1689573 2.27118 13.4499 9.89643 26.706 13.3727 5.98622 52.3235
1689579 2.27118 13.4499 9.89643 26.706 13.3727 5.98622 52.3235
1689587 2.27118 13.6231 9.55238 26.1754 13.548 5.76309 51.622
1689600 2.30017 13.8636 9.29941 25.664 13.6562 5.51555 51.1272
1689630 2.28084 13.9598 9.1375 25.2106 13.7145 5.369 50.5887
1689632 2.32916 13.9983 8.85417 24.651 13.7791 5.17061 49.8326
1689638 2.32916 13.9983 8.85417 24.651 13.7791 5.17061 49.8326
1689659 2.30017 13.931 8.62143 24.2168 13.8713 5.07662 49.0694
1689674 2.27118 13.9694 8.54048 23.9177 13.8995 4.99527 48.6988
1689688 2.27118 13.931 8.4494 23.8598 13.9504 4.98041 48.5114
1689690 2.27118 13.931 8.4494 23.8598 13.9504 4.98041 48.5114
1689698 2.30017 13.8829 8.57083 23.9177 13.8323 5.02517 48.6716
1689719 2.29051 13.8059 8.60119 24.13 13.8468 5.11026 48.8275
1689731 2.27118 13.7385 8.59107 24.3712 13.9097 5.19252 48.972
1689745 2.27118 13.7385 8.59107 24.3712 13.9097 5.19252 48.972
1689749 2.20352 13.8155 8.81369 24.5255 13.8395 5.26362 49.3583
1689772 2.28084 13.8251 8.83393 24.7185 13.8088 5.26994 49.6584
1689779 2.26151 13.8059 8.95536 24.9501 13.777 5.35432 49.9728
1689789 2.28084 13.9021 8.9756 25.0369 13.7874 5.32804 50.1954
1689815 2.32916 13.8925 8.9756 25.0851 13.7587 5.32167 50.2824
1689830 2.32916 13.8925 8.9756 25.0851 13.7587 5.32167 50.2824
1689834 2.25185 13.9694 8.95536 24.8922 13.8082 5.28061 50.0688
1689840 2.30017 13.9213 8.96548 24.8632 13.7457 5.27686 50.0502
1689859 2.30017 13.9213 8.96548 24.8632 13.7457 5.27686 50.0502
1689864 2.30984 13.9213 8.90476 24.8343 13.7787 5.25549 49.9702
1689871 2.30984 13.9213 8.90476 24.8343 13.7787 5.25549 49.9702
1689887 2.26151 13.9021 8.90476 24.7474 13.7924 5.26598 49.8158
1689891 2.23252 13.7866 8.93512 24.8246 13.7828 5.34581 49.7789
1689916 2.23252 13.7866 8.93512 24.8246 13.7828 5.34581 49.7789
1689918 2.1842 13.6616 8.90476 24.7764 13.8051 5.40172 49.5269
1689921 2.11654 13.5557 9.02619 24.8632 13.7587 5.51347 49.5617
1689944 2.11654 13.5557 9.02619 24.8632 13.7587 5.51347 49.5617
1689947 2.14554 13.3826 9.06667 24.8825 13.6693 5.58471 49.4773
1689956 2.14554 13.3826 9.06667 24.8825 13.6693 5.58471 49.4773
1689973 2.4548 13.2479 9.54226 25.0369 13.0702 5.6312 50.2818
1689976 2.97669 13.1036 9.97738 24.8825 12.285 5.52992 50.9402
1689984 2.97669 13.1036 9.97738 24.8825 12.285 5.52992 50.9402
1690003 3.50824 12.8053 10.2101 24.4966 11.556 5.4076 51.0203
1690007 4.09778 12.3243 10.5238 23.8888 10.6185 5.30854 50.8346
1690013 4.09778 12.3243 10.5238 23.8888 10.6185 5.30854 50.8346
1690032 4.84196 11.7374 11.0298 23.0976 9.3495 5.19103 50.7067
1690034 5.58613 11.7374 11.8595 23.0976 8.31539 5.05931 52.2807
1690043 5.58613 10.9774 11.8595 22.403 7.83786 5.22341 50.826
1690061 6.40762 10.2847 13.4482 21.689 5.84504 5.33816 51.8295
1690063 6.40762 10.2847 13.4482 21.689 5.84504 5.33816 51.8295
1690090 7.22911 9.60158 16.0589 20.7049 3.27386 5.57887 53.5945
1690092 8.09892 8.83192 18.89 19.2866 0.512448 5.78301 55.1075
1690099 8.09892 8.83192 18.89 19.2866 0.512448 5.78301 55.1075
1690121 8.73678 7.92756 20.3859 17.3184 -1.78259 5.80479 54.3686
1690122 9.23934 7.11941 20.8508 15.1703 -3.72301 5.63069 52.3798
1690125 9.23934 7.11941 20.8508 15.1703 -3.72301 5.63069 52.3798
1690134 9.64525 6.2824 21.2045 13.0598 -5.73178 5.47996 50.192
1690151 9.64525 6.2824 21.2045 13.0598 -5.73178 5.47996 50.192
1690159 10.1575 5.61856 21.72 11.0268 -7.84792 5.24621 48.5228
1690166 10.66 4.99321 22.9328 9.44875 -9.9672 5.22381 48.0348
1690182 10.66 4.99321 22.9328 9.44875 -9.9672 5.22381 48.0348
1690186 11.2882 4.41596 24.4489 8.11276 -12.0211 5.23894 48.2658
1690196 11.9551 3.88681 26.258 7.2221 -13.7384 5.3642 49.322
1690211 11.9551 3.88681 26.258 7.2221 -13.7384 5.3642 49.322
1690216 12.419 3.36729 28.1885 6.66059 -15.0979 5.64708 50.6353
1690242 12.8346 2.82852 30.1492 6.42825 -16.1402 6.00521 52.2406
1690247 13.2888 2.42445 31.6046 6.36048 -16.8171 6.21811 53.6784
1690273 13.6464 2.01075 32.4637 6.13781 -17.491 6.34306 54.2587
1690286 13.6464 2.01075 32.4637 6.13781 -17.491 6.34306 54.2587
1690288 13.743 1.6163 32.9185 5.94419 -18.0282 6.50198 54.2221
1690305 13.743 1.27957 32.9691 5.73121 -18.4751 6.61106 53.7229
1690307 13.743 1.27957 32.9691 5.73121 -18.4751 6.61106 53.7229
1690317 13.7914 1.04867 32.7164 5.46014 -18.8615 6.60261 53.0166
1690337 13.7237 0.942841 32.3829 5.29556 -19.0411 6.5943 52.345
1690353 13.6754 0.904358 31.9382 5.15034 -19.1408 6.5346 51.6683
1690368 13.6754 0.904358 31.9382 5.15034 -19.1408 6.5346 51.6683
1690369 13.6174 0.952462 31.3419 5.10194 -19.0659 6.43179 51.0136
1690378 13.5981 0.904358 30.887 4.98576 -19.1538 6.36336 50.3752
1690398 13.5981 0.904358 30.887 4.98576 -19.1538 6.36336 50.3752
1690400 13.6077 0.990945 30.6243 4.95672 -19.0736 6.27215 50.1796
1690408 13.6561 1.01019 30.5333 4.9664 -19.0432 6.22936 50.1659
1690428 13.6561 1.01019 30.5333 4.9664 -19.0432 6.22936 50.1659
1690433 13.6174 1.06791 30.4322 4.98576 -18.9588 6.20698 50.1033
1690438 13.6174 1.06791 30.4322 4.98576 -18.9588 6.20698 50.1033
1690460 13.6271 1.04867 30.3413 5.05353 -18.9064 6.20696 50.0705
1690461 13.6174 1.14488 30.2705 5.07289 -18.7953 6.16132 50.1057
1690469 13.6174 1.14488 30.2705 5.07289 -18.7953 6.16132 50.1057
1690492 13.6561 1.07753 30.22 5.1213 -18.8104 6.17306 50.0749
1690493 13.5304 1.12564 30.2099 5.11162 -18.7599 6.20242 49.9775
1690524 13.4821 1.14488 30.1189 5.10194 -18.7341 6.19702 49.8478
1690525 13.4821 1.14488 30.1189 5.10194 -18.7341 6.19702 49.8478
1690531 13.3468 1.06791 30.2301 5.17939 -18.7307 6.32066 49.8242
1690541 13.1922 1.08715 30.5535 5.29556 -18.6336 6.45436 50.1284
1690555 13.1922 1.08715 30.5535 5.29556 -18.6336 6.45436 50.1284
1690561 13.0762 1.09677 30.9275 5.44077 -18.5325 6.58729 50.5412
1690571 12.8926 1.06791 31.2307 5.53759 -18.4894 6.74405 50.7287
1690586 12.8926 1.06791 31.2307 5.53759 -18.4894 6.74405 50.7287
1690592 12.6993 1.03905 31.453 5.6828 -18.3936 6.89865 50.8741
1690602 12.6993 1.03905 31.453 5.6828 -18.3936 6.89865 50.8741
1690619 12.4866 1.00057 31.8472 5.92483 -18.2447 7.10647 51.2592
1690631 12.2547 0.990945 32.2313 6.03132 -18.1834 7.28533 51.5082
1690632 12.2547 0.990945 32.2313 6.03132 -18.1834 7.28533 51.5082
1690649 11.8488 0.904358 32.2818 6.17654 -18.0866 7.52913 51.2115
1690661 11.5105 0.875495 32.3627 6.21526 -18.0434 7.70895 50.9639
1690681 11.5105 0.875495 32.3627 6.21526 -18.0434 7.70895 50.9639
1690682 11.1046 0.779287 32.4132 6.17654 -18.1094 7.93657 50.4736
1690684 10.5731 0.711941 32.4132 6.26367 -18.0191 8.22383 49.9619
1690711 10.2638 0.615733 32.302 6.27335 -18.035 8.40034 49.4549
1690714 10.2638 0.615733 32.302 6.27335 -18.035 8.40034 49.4549
1690724 10.0995 0.654216 31.9786 6.21526 -17.9828 8.40905 48.9476
1690743 9.93519 0.673458 31.6451 6.1959 -17.9108 8.43112 48.4496
1690745 9.93519 0.673458 31.6451 6.1959 -17.9108 8.43112 48.4496
1690754 9.85787 1.23147 31.2206 6.87358 -16.7604 8.23594 49.1835
1690771 10.1768 2.5399 30.6849 7.55125 -15.0976 7.51267 50.9529
1690774 10.1768 2.5399 30.6849 7.55125 -15.0976 7.51267 50.9529
1690784 10.2348 3.89643 29.846 8.46128 -13.217 6.91555 52.4385
1690802 10.2348 3.89643 29.846 8.46128 -13.217 6.91555 52.4385
1690806 10.2735 5.29145 28.5624 9.34226 -11.3159 6.26705 53.4696
1690816 10.1768 6.60951 26.7128 10.2523 -9.31503 5.63114 53.7514
1690834 10.1768 6.60951 26.7128 10.2523 -9.31503 5.63114 53.7514
1690836 9.8772 7.78325 24.6308 10.8428 -7.47257 5.02874 53.1341
1690846 9.33599 8.85116 22.2051 11.4237 -5.43571 4.47015 51.8159
1690866 9.33599 8.85116 22.2051 11.4237 -5.43571 4.47015 51.8159
1690866 8.8141 9.96718 19.6986 12.111 -3.17965 3.86285 50.5909
1690876 8.8141 9.96718 19.6986 12.111 -3.17965 3.86285 50.5909
1690897 8.20523 11.0158 17.2729 13.2631 -0.602517 3.41105 49.7571
1690898 7.5867 12.0838 15.3202 14.7346 1.96653 3.13253 49.7253
1690907 7.5867 12.0838 15.3202 14.7346 1.96653 3.13253 49.7253
1690928 7.02615 12.9977 13.7113 16.4288 4.33034 3.02495 50.164
1690930 6.36896 13.777 12.5274 18.3507 6.48293 3.15502 51.0241
1690937 6.36896 13.777 12.5274 18.3507 6.48293 3.15502 51.0241
1690962 5.77942 14.2003 11.394 20.1453 8.33291 3.36562 51.5191
1690965 5.77942 14.2003 11.394 20.1453 8.33291 3.36562 51.5191
1690968 5.1029 14.5756 10.3113 21.5346 10.0418 3.54225 51.5244
1690978 4.51336 14.8546 9.775 22.9047 11.2737 3.83642 52.0476
1690997 4.51336 14.8546 9.775 22.9047 11.2737 3.83642 52.0476
1691004 3.95281 15.1336 9.50179 24.0142 12.211 4.11472 52.6023
1691013 3.47925 15.1528 9.38036 24.7957 12.8242 4.41523 52.8081
1691030 3.47925 15.1528 9.38036 24.7957 12.8242 4.41523 52.8081
1691032 3.06367 15.1143 9.36012 25.172 13.215 4.65398 52.7101
1691061 2.62877 14.9892 9.30952 25.3842 13.5893 4.89634 52.3118
1691063 2.36782 14.8353 9.21845 25.3649 13.8134 5.0342 51.7865
1691069 2.36782 14.8353 9.21845 25.3649 13.8134 5.0342 51.7865
1691096 2.1842 14.768 9.09702 25.3939 14.0352 5.11402 51.4431
1691096 2.04889 14.6814 9.14762 25.3456 14.0709 5.20161 51.2235
1691101 2.04889 14.6814 9.14762 25.3456 14.0709 5.20161 51.2235
1691111 2.13587 14.4601 9.14762 25.307 13.9487 5.24735 51.0506
1691128 2.13587 14.4601 9.14762 25.307 13.9487 5.24735 51.0506
1691133 2.02956 14.2196 9.14762 25.0465 13.921 5.33619 50.4433
1691142 2.02956 14.0656 9.07679 24.7378 13.8736 5.32542 49.9098
1691160 2.02956 14.0656 9.07679 24.7378 13.8736 5.32542 49.9098
1691162 2.01023 13.9406 8.93512 24.4098 13.8983 5.29277 49.2957
1691172 1.96191 13.8636 8.83393 24.1782 13.9472 5.2787 48.8377
1691190 1.96191 13.8636 8.83393 24.1782 13.9472 5.2787 48.8377
1691192 2.01023 13.7963 8.82381 24.0528 13.8729 5.25956 48.6831
1691223 2.01023 13.7963 8.82381 24.0528 13.8729 5.25956 48.6831
1691224 2.05856 13.9021 8.78333 23.9081 13.8577 5.15829 48.652
1691231 2.11654 13.9502 8.80357 23.8502 13.7931 5.10678 48.7205
1691239 2.11654 13.9502 8.80357 23.8502 13.7931 5.10678 48.7205
1691255 2.10688 14.0656 8.95536 23.9467 13.7291 5.11349 49.0745
1691257 2.27118 14.2388 8.99583 24.2072 13.6679 5.03681 49.713
1691289 2.28084 14.2869 9.06667 24.265 13.6296 5.03931 49.8995
1691290 2.28084 14.2869 9.06667 24.265 13.6296 5.03931 49.8995
1691294 2.30017 14.4409 9.09702 24.3326 13.6416 4.98954 50.1706
1691304 2.26151 14.3447 9.12738 24.4677 13.6567 5.07623 50.2012
1691321 2.26151 14.3447 9.12738 24.4677 13.6567 5.07623 50.2012
1691324 2.25185 14.2196 9.1375 24.5255 13.6412 5.14365 50.1345
1691334 2.17453 14.1811 9.09702 24.6799 13.7583 5.21257 50.1326
1691354 2.17453 14.1811 9.09702 24.6799 13.7583 5.21257 50.1326
1691363 2.09721 14.0656 9.0869 24.7764 13.8217 5.30735 50.0262
1691387 2.09721 14.0656 9.0869 24.7764 13.8217 5.30735 50.0262
1691390 2.04889 13.9117 9.12738 24.8343 13.8063 5.40872 49.9223
1691391 1.98124 13.7963 9.17798 25.0079 13.8326 5.52657 49.9634
1691401 1.98124 13.7963 9.17798 25.0079 13.8326 5.52657 49.9634
1691420 1.91359 13.6038 9.31964 25.3553 13.8098 5.72522 50.1924
1691420 1.84594 13.4692 9.32976 25.5289 13.863 5.84277 50.1738
1691427 1.84594 13.4692 9.32976 25.5289 13.863 5.84277 50.1738
1691452 1.8556 13.1902 9.59286 25.6544 13.6182 6.02514 50.293
1691454 1.8556 13.1902 9.59286 25.6544 13.6182 6.02514 50.293
1691457 2.37749 13.1998 10.028 25.7219 12.9153 5.89531 51.3271
1691467 2.80273 13.0939 10.2 25.3746 12.3689 5.73463 51.4712
1691487 2.80273 13.0939 10.2 25.3746 12.3689 5.73463 51.4712
1691492 3.45992 13.0266 10.3012 24.7571 11.6513 5.40455 51.5448
1691498 3.93349 12.8342 10.3619 24.2457 11.0873 5.20872 51.3753
1691521 3.93349 12.8342 10.3619 24.2457 11.0873 5.20872 51.3753
1691523 4.43604 12.5359 10.544 23.4642 10.308 5.01262 50.9803
1691528 4.85162 12.1415 10.7667 22.7696 9.54533 4.91095 50.5294
1691553 4.85162 12.1415 10.7667 22.7696 9.54533 4.91095 50.5294
1691555 5.36384 11.8336 11.2423 21.9398 8.51901 4.75927 50.3796
1691589 6.0307 11.4584 12.2946 20.9557 6.94173 4.65947 50.7395
1691591 6.86185 10.9196 14.0857 20.0102 4.81052 4.71721 51.8774
1691606 7.68334 10.2943 15.8869 18.6788 2.57065 4.73554 52.5433
1691623 8.45651 9.54386 17.7176 16.758 0.0608474 4.70936 52.4759
1691625 8.45651 9.54386 17.7176 16.758 0.0608474 4.70936 52.4759
1691631 9.23934 8.73571 19.0922 14.8314 -2.29502 4.60952 51.8986
1691642 9.23934 8.73571 19.0922 14.8314 -2.29502 4.60952 51.8986
1691666 10.631 6.7442 22.1748 11.0171 -7.43791 4.69178 50.5671
1691671 10.631 6.7442 22.1748 11.0171 -7.43791 4.69178 50.5671
1691697 11.3076 5.76288 23.8222 9.41002 -9.9184 4.81937 50.3027
1691698 11.9261 4.87776 25.5606 8.19989 -12.0683 5.03022 50.5644
1691702 11.9261 4.87776 25.5606 8.19989 -12.0683 5.03022 50.5644
1691711 12.6123 4.23316 27.0161 7.33827 -13.6997 5.12958 51.1998
1691739 13.1632 3.66553 28.2188 6.93166 -14.8063 5.28724 51.9791
1691767 13.5111 3.26146 29.3912 6.79613 -15.5045 5.49891 52.9599
1691767 13.5111 3.26146 29.3912 6.79613 -15.5045 5.49891 52.9599
1691769 13.7817 2.79966 29.9976 6.62187 -16.1453 5.64976 53.2008
1691777 13.8397 2.38596 30.1998 6.38952 -16.6922 5.78349 52.8149
1691802 13.8397 2.38596 30.1998 6.38952 -16.6922 5.78349 52.8149
1691803 13.83 2.04924 29.937 6.12813 -17.1287 5.82908 51.9444
1691805 13.83 2.04924 29.937 6.12813 -17.1287 5.82908 51.9444
1691817 13.8783 1.73175 29.563 5.79897 -17.6129 5.81256 50.9721
1691838 13.9557 1.60668 29.0172 5.57631 -17.8393 5.69162 50.1559
1691839 13.9557 1.60668 29.0172 5.57631 -17.8393 5.69162 50.1559
1691843 14.033 1.57782 28.7342 5.42141 -17.9679 5.58957 49.7664
1691853 14.1393 1.6163 28.33 5.36333 -17.9426 5.44129 49.4489
1691873 14.1393 1.6163 28.33 5.36333 -17.9426 5.44129 49.4489
1691877 14.2939 1.6644 28.1581 5.28588 -17.9656 5.30917 49.4023
1691910 14.3712 1.76061 28.0672 5.29556 -17.8718 5.22205 49.4946
1691912 14.5162 1.75099 28.2289 5.30524 -17.9156 5.20075 49.8013
1691918 14.5162 1.75099 28.2289 5.30524 -17.9156 5.20075 49.8013
1691924 14.6322 1.82796 28.431 5.49886 -17.7299 5.20036 50.39
1691947 14.6322 1.82796 28.431 5.49886 -17.7299 5.20036 50.39
1691948 14.6322 1.93379 28.5927 5.57631 -17.5987 5.20442 50.735
1691957 14.6032 1.93379 28.6837 5.65376 -17.5429 5.24836 50.8744
1691982 14.6032 1.93379 28.6837 5.65376 -17.5429 5.24836 50.8744
1691984 14.4582 1.88568 28.6736 5.66344 -17.5523 5.32542 50.6809
1691986 14.3132 1.95303 28.6736 5.71184 -17.4337 5.36581 50.6517
1691996 14.3132 1.95303 28.6736 5.71184 -17.4337 5.36581 50.6517
1692019 14.3422 1.90492 28.7039 5.77961 -17.4261 5.39211 50.7307
1692024 14.1296 1.81834 28.7646 5.76993 -17.4843 5.52268 50.4825
1692026 14.1296 1.81834 28.7646 5.76993 -17.4843 5.52268 50.4825
1692053 13.975 1.77985 28.9162 5.78929 -17.4999 5.63333 50.4603
1692054 13.975 1.77985 28.9162 5.78929 -17.4999 5.63333 50.4603
1692061 13.8397 1.73175 29.088 5.86674 -17.4806 5.75443 50.5262
1692067 13.6271 1.63554 29.5024 6.01196 -17.4695 5.98256 50.7769
1692087 13.6271 1.63554 29.5024 6.01196 -17.4695 5.98256 50.7769
1692089 13.2501 1.59706 29.8864 6.17654 -17.3654 6.25095 50.9102
1692123 12.8249 1.52971 30.2806 6.34112 -17.2799 6.55219 50.9763
1692124 12.4093 1.44312 30.5636 6.44761 -17.2433 6.82966 50.8637
1692133 12.4093 1.44312 30.5636 6.44761 -17.2433 6.82966 50.8637
1692159 11.8971 1.23147 30.8466 6.52506 -17.3203 7.20089 50.5002
1692160 11.4235 1.09677 31.1195 6.60251 -17.3379 7.52404 50.2423
1692169 11.037 1.04867 31.4935 6.68964 -17.3031 7.78739 50.2687
1692196 10.5924 0.875495 31.8371 6.92198 -17.2378 8.15036 50.227
1692197 10.5924 0.875495 31.8371 6.92198 -17.2378 8.15036 50.227
1692203 10.2831 1.16412 31.9988 7.5803 -16.4315 8.26981 51.0263
1692209 10.2831 1.16412 31.9988 7.5803 -16.4315 8.26981 51.0263
1692233 10.1188 1.75099 31.7158 7.96754 -15.5743 8.09268 51.5532
1692237 9.83854 2.38596 31.0589 8.39351 -14.5703 7.9033 51.6769
1692239 9.83854 2.38596 31.0589 8.39351 -14.5703 7.9033 51.6769
1692249 9.56794 3.07866 29.8763 8.79043 -13.4347 7.60625 51.3134
1692269 9.00739 3.75212 28.2895 9.62301 -11.8023 7.44583 50.6721
1692286 8.45651 4.4352 26.9857 11.2591 -9.65451 7.43689 51.1366
1692307 8.45651 4.4352 26.9857 11.2591 -9.65451 7.43689 51.1366
1692309 7.89596 5.0798 26.0559 13.6116 -7.2471 7.60546 52.6433
1692311 7.22911 5.70515 24.7117 15.6156 -4.98484 7.71467 53.2615
1692321 7.22911 5.70515 24.7117 15.6156 -4.98484 7.71467 53.2615
1692342 6.63957 6.25354 22.852 16.6708 -3.13223 7.62069 52.4159
1692344 6.14667 6.81154 20.8508 17.0579 -1.53735 7.35757 50.8669
1692352 6.14667 6.81154 20.8508 17.0579 -1.53735 7.35757 50.8669
1692381 5.75043 7.35031 18.9709 17.5789 0.104684 7.08423 49.6505
1692382 5.75043 7.35031 18.9709 17.5789 0.104684 7.08423 49.6505
1692384 5.4315 7.91794 17.2325 18.3314 1.83254 6.8124 48.9133
1692392 5.16089 8.38936 15.6946 19.5857 3.64501 6.67515 48.8306
1692421 5.16089 8.38936 15.6946 19.5857 3.64501 6.67515 48.8306
1692423 4.88061 8.74533 14.531 20.9943 5.25322 6.68325 49.1512
1692424 4.64866 9.09168 13.6202 22.6152 6.72225 6.7518 49.9758
1692433 4.64866 9.09168 13.6202 22.6152 6.72225 6.7518 49.9758
1692460 4.37806 9.49576 12.9018 24.1975 8.05004 6.83463 50.9731
