1750064 13.5981 1.70289 29.5327 6.29271 -17.1806 6.02168 51.1264
1750073 13.714 1.76061 29.4721 6.27335 -17.1574 5.93637 51.2201
1750092 13.714 1.76061 29.4721 6.27335 -17.1574 5.93637 51.2201
1750094 13.8397 1.73175 29.4013 6.26367 -17.1975 5.8826 51.2364
1750112 13.8397 1.73175 29.4013 6.26367 -17.1975 5.8826 51.2364
1750120 13.8204 1.74137 29.3407 6.17654 -17.2493 5.86019 51.0789
1750124 13.8107 1.73175 29.088 6.14749 -17.2415 5.81741 50.7779
1750134 13.8107 1.73175 29.088 6.14749 -17.2415 5.81741 50.7779
1750144 13.7237 1.77023 28.9162 6.05068 -17.2505 5.78853 50.4608
1750164 13.6464 1.65478 29.0172 6.041 -17.3591 5.88482 50.3594
1750172 13.6464 1.65478 29.0172 6.041 -17.3591 5.88482 50.3594
1750182 13.5497 1.63554 28.896 6.07005 -17.3177 5.91631 50.1513
1750190 13.4338 1.62592 28.7039 5.94419 -17.3854 5.91107 49.7078
1750199 13.4338 1.62592 28.7039 5.94419 -17.3854 5.91107 49.7078
1750208 13.3951 1.59706 28.4209 5.89579 -17.4021 5.87862 49.3089
1750218 13.3951 1.59706 28.4209 5.89579 -17.4021 5.87862 49.3089
1750227 13.3275 1.51047 28.3906 5.81834 -17.5288 5.92423 49.0469
1750237 13.3275 1.55857 28.3704 5.79897 -17.5008 5.89639 49.0554
1750247 13.3275 1.55857 28.3704 5.79897 -17.5008 5.89639 49.0554
1750268 13.2985 1.51047 28.3906 5.8377 -17.5076 5.94019 49.0372
1750270 13.3661 2.06848 28.4816 6.63155 -16.3942 5.83959 50.5477
1750277 13.3661 2.06848 28.4816 6.63155 -16.3942 5.83959 50.5477
1750288 13.5208 2.71307 28.0268 6.79613 -15.6876 5.4613 51.0567
1750302 13.5208 2.71307 28.0268 6.79613 -15.6876 5.4613 51.0567
1750309 13.5691 3.54046 27.2485 7.37699 -14.4487 5.07856 51.735
1750320 13.4628 4.37748 26.1367 7.89009 -13.174 4.68118 51.8671
1750331 13.4628 4.37748 26.1367 7.89009 -13.174 4.68118 51.8671
1750338 13.2018 5.28183 24.8228 8.47096 -11.7193 4.29051 51.7774
1750348 12.8152 6.08036 23.3472 9.39066 -10.0184 4.02131 51.6335
1750363 12.8152 6.08036 23.3472 9.39066 -10.0184 4.02131 51.6335
1750369 12.3803 6.85003 21.8817 10.5427 -8.16444 3.83141 51.6548
1750379 12.3803 6.85003 21.8817 10.5427 -8.16444 3.83141 51.6548
1750389 11.7328 7.63894 20.2646 12.0046 -5.98067 3.74627 51.6409
1750399 10.9113 8.32201 18.7081 13.4664 -3.80826 3.77603 51.4078
1750416 10.9113 8.32201 18.7081 13.4664 -3.80826 3.77603 51.4078
1750420 10.0512 8.89926 17.0202 14.9186 -1.59835 3.82842 50.8892
1750430 9.10404 9.48613 15.381 16.361 0.676605 3.91951 50.3322
1750440 9.10404 9.48613 15.381 16.361 0.676605 3.91951 50.3322
1750450 8.16657 10.073 13.9744 17.8973 2.90818 4.08055 50.1113
1750460 8.16657 10.073 13.9744 17.8973 2.90818 4.08055 50.1113
1750470 7.10347 10.4675 12.922 19.4603 4.95575 4.44757 49.9532
1750480 6.14667 10.8908 12.1631 21.2452 6.85201 4.86785 50.4457
1750507 5.19955 11.2275 11.8292 23.1362 8.43266 5.41082 51.3924
1750512 4.3104 11.4584 12.0214 24.8536 9.48837 6.01387 52.6438
1750529 4.3104 11.4584 12.0214 24.8536 9.48837 6.01387 52.6438
1750538 3.67254 11.5931 12.1327 26.1368 10.2384 6.44545 53.5351
1750548 3.67254 11.5931 12.1327 26.1368 10.2384 6.44545 53.5351
1750555 2.80273 11.5835 12.1732 26.8797 10.9878 6.92377 53.4391
1750566 2.34849 11.5642 12.1327 27.3331 11.4354 7.18073 53.3786
1750573 2.34849 11.5642 12.1327 27.3331 11.4354 7.18073 53.3786
1750589 1.91359 11.545 12.072 27.5261 11.8201 7.39008 53.0567
1750593 1.76862 11.4776 11.9405 27.3814 11.9606 7.44052 52.5681
1750603 1.76862 11.4776 11.9405 27.3814 11.9606 7.44052 52.5681
1750613 1.76862 11.4007 11.7179 26.9858 12.0005 7.38372 51.873
1750635 1.76862 11.4007 11.7179 26.9858 12.0005 7.38372 51.873
1750638 1.70097 11.3911 11.5357 26.542 12.0659 7.32435 51.1697
1750645 1.67197 11.2467 11.3333 26.1271 12.0926 7.30711 50.3792
1750654 1.67197 11.2467 11.3333 26.1271 12.0926 7.30711 50.3792
1750664 1.74929 11.1313 11.1006 25.6254 12.0482 7.21036 49.6066
1750674 1.73962 11.064 11.0399 25.2877 11.9945 7.18201 49.1312
1750693 1.73962 11.064 11.0399 25.2877 11.9945 7.18201 49.1312
1750695 1.7203 10.9966 10.9792 25.1913 12.0115 7.1962 48.8873
1750705 1.78795 10.9389 11.1208 25.0851 11.8097 7.19736 48.9328
1750715 1.78795 10.9389 11.1208 25.0851 11.8097 7.19736 48.9328
1750734 1.77828 10.8715 11.0196 25.0079 11.8543 7.20389 48.6774
1750737 1.77828 10.8715 11.0196 25.0079 11.8543 7.20389 48.6774
1750747 1.73962 10.8523 11.2321 25.0948 11.7415 7.27787 48.9188
1750757 1.80728 10.8619 11.3738 25.2395 11.627 7.28782 49.2825
1750767 1.80728 10.8619 11.3738 25.2395 11.627 7.28782 49.2825
1750782 1.78795 10.8812 11.4345 25.4904 11.6693 7.33631 49.594
1750788 1.77828 10.7946 11.4952 25.5965 11.6368 7.40534 49.6646
1750799 1.77828 10.7946 11.4952 25.5965 11.6368 7.40534 49.6646
1750808 1.75895 10.7849 11.6167 25.857 11.6291 7.4763 50.0175
1750823 1.75895 10.7849 11.6167 25.857 11.6291 7.4763 50.0175
1750829 1.78795 10.7368 11.7583 26.1175 11.5614 7.54486 50.4006
1750839 1.72996 10.6984 11.8899 26.2911 11.5441 7.63279 50.6093
1750865 1.70097 10.6214 11.9101 26.4938 11.5838 7.71243 50.7262
1750869 1.61399 10.4867 12.0518 26.7639 11.5802 7.87026 50.9164
1750881 1.61399 10.4867 12.0518 26.7639 11.5802 7.87026 50.9164
1750889 1.62365 10.352 12.1429 26.9376 11.5183 7.96324 51.0561
1750900 1.62365 10.352 12.1429 26.9376 11.5183 7.96324 51.0561
1750910 1.45935 10.15 12.1833 27.1788 11.6173 8.16716 50.9714
1750922 1.44969 9.90945 12.3351 27.4007 11.5106 8.33057 51.0949
1750943 1.44969 9.90945 12.3351 27.4007 11.5106 8.33057 51.0949
1750945 1.30472 9.69779 12.4464 27.4972 11.5042 8.52109 50.9461
1750950 1.2274 9.3322 12.6083 27.7384 11.4106 8.77704 50.9063
1750961 1.2274 9.3322 12.6083 27.7384 11.4106 8.77704 50.9063
1750978 1.23707 9.14941 12.7196 27.7094 11.2673 8.86813 50.8155
1750983 1.23707 9.14941 12.7196 27.7094 11.2673 8.86813 50.8155
1750992 1.27572 8.80306 12.9119 27.6708 10.9976 9.03169 50.6615
1751001 1.45935 8.55291 13.1548 27.5358 10.5884 9.07591 50.7028
1751012 1.45935 8.55291 13.1548 27.5358 10.5884 9.07591 50.7028
1751027 1.70097 8.31239 13.4786 27.3331 10.0669 9.08952 50.8251
1751033 2.19386 8.06225 13.8429 26.9183 9.28304 8.96903 51.0172
1751054 2.84139 7.77363 14.3488 26.2333 8.21174 8.77991 51.1971
1751063 3.30529 7.44652 15.381 25.5675 6.92831 8.76108 51.7003
1751073 3.30529 7.44652 15.381 25.5675 6.92831 8.76108 51.7003
1751088 3.85617 7.01358 17.1011 24.6413 5.08327 8.80195 52.6121
1751094 3.85617 7.01358 17.1011 24.6413 5.08327 8.80195 52.6121
1751105 4.3394 6.59989 19.1427 23.4739 3.07702 8.87222 53.5559
1751116 4.79363 6.02264 20.588 22.0074 1.23961 8.92477 53.4116
1751129 4.79363 6.02264 20.588 22.0074 1.23961 8.92477 53.4116
1751139 5.17055 5.47425 21.2753 20.2321 -0.354464 8.87669 52.1522
1751145 5.61512 4.98359 21.8312 18.4472 -1.97312 8.7504 50.8771
1751155 5.61512 4.98359 21.8312 18.4472 -1.97312 8.7504 50.8771
1751165 6.05969 4.52179 22.478 16.5644 -3.75402 8.60298 49.6238
1751175 6.05969 4.52179 22.478 16.5644 -3.75402 8.60298 49.6238
1751185 6.42695 4.07923 23.5898 14.9767 -5.58399 8.57716 49.0726
1751195 6.68789 3.57895 25.0654 13.3986 -7.58026 8.67947 48.7309
1751205 6.68789 3.57895 25.0654 13.3986 -7.58026 8.67947 48.7309
1751223 7.10347 3.05942 26.9049 11.9852 -9.66492 8.78454 49.053
1751227 7.5577 2.71307 28.9263 10.4362 -11.7536 8.792 49.6333
1751237 7.5577 2.71307 28.9263 10.4362 -11.7536 8.792 49.6333
1751247 8.01194 2.21279 30.8971 9.03246 -13.7894 8.88404 50.1543
1751267 8.01194 2.21279 30.8971 9.03246 -13.7894 8.88404 50.1543
1751273 8.27288 1.71251 32.6457 7.832 -15.5431 9.06374 50.4631
1751282 8.65947 1.24109 34 7.02847 -16.8813 9.16803 50.929
1751290 8.65947 1.24109 34 7.02847 -16.8813 9.16803 50.929
1751299 8.85276 0.875495 34 6.53474 -17.6285 9.19359 50.263
1751308 9.10404 0.519525 34 6.33144 -18.1429 9.22066 49.955
1751322 9.10404 0.519525 34 6.33144 -18.1429 9.22066 49.955
1751335 9.28766 0.259762 34 6.18622 -18.5195 9.24087 49.7336
1751339 9.28766 0.259762 34 6.18622 -18.5195 9.24087 49.7336
1751349 9.42297 0.0865874 34 5.97323 -18.8768 9.23463 49.4828
1751359 9.63559 0 34 5.82802 -19.1088 9.15595 49.4636
1751379 9.63559 0 34 5.82802 -19.1088 9.15595 49.4636
1751387 9.86754 0 34 5.72153 -19.2311 9.03041 49.5891
1751395 10.0028 0.0192417 34 5.65376 -19.29 8.94751 49.6758
1751402 10.0028 0.0192417 34 5.65376 -19.29 8.94751 49.6758
1751410 10.2058 0.0288625 34 5.54727 -19.3994 8.8323 49.7819
1751423 10.3894 0.11545 34 5.46014 -19.4205 8.69266 49.965
1751446 10.3894 0.11545 34 5.46014 -19.4205 8.69266 49.965
1751447 10.4861 0.105829 34 5.41173 -19.4828 8.64532 50.0036
1751452 10.4861 0.105829 34 5.41173 -19.4828 8.64532 50.0036
1751462 10.4667 0.202037 34 5.37301 -19.4296 8.60408 50.0418
1751472 10.4474 0.202037 34 5.28588 -19.505 8.60205 49.9353
1751482 10.4474 0.202037 34 5.28588 -19.505 8.60205 49.9353
1751492 10.4957 0.240521 33.8686 5.18907 -19.5479 8.53158 49.7939
1751502 10.5827 0.355971 33.3633 5.10194 -19.4762 8.35759 49.4039
1751525 10.5827 0.355971 33.3633 5.10194 -19.4762 8.35759 49.4039
1751527 10.6794 0.307866 33.06 5.11162 -19.4878 8.29487 49.1589
1751545 10.8243 0.394454 32.8579 5.05353 -19.4556 8.14956 49.1302
1751559 10.9016 0.413696 32.9084 5.06321 -19.4439 8.11258 49.287
1751563 10.9016 0.413696 32.9084 5.06321 -19.4439 8.11258 49.287
1751573 10.9983 0.413696 33.1611 5.16002 -19.3964 8.11606 49.7331
1751583 10.9983 0.413696 33.1611 5.16002 -19.3964 8.11606 49.7331
1751593 11.008 0.413696 33.3835 5.24715 -19.3451 8.15417 50.0523
1751604 11.037 0.490662 33.5452 5.24715 -19.2987 8.12741 50.32
1751613 11.037 0.490662 33.5452 5.24715 -19.2987 8.12741 50.32
1751632 11.0563 0.4618 33.6159 5.19875 -19.3769 8.13484 50.3328
1751646 11.0563 0.442558 33.8282 5.31492 -19.3155 8.18815 50.6419
1751669 11.0563 0.442558 33.8282 5.31492 -19.3155 8.18815 50.6419
1751676 11.0756 0.4618 33.7069 5.24715 -19.3466 8.14493 50.4915
1751693 11.0176 0.4618 33.6058 5.17939 -19.3885 8.14861 50.2646
1751700 11.0466 0.375212 33.626 5.14066 -19.5048 8.17264 50.1885
1751702 11.0466 0.375212 33.626 5.14066 -19.5048 8.17264 50.1885
1751704 11.1046 0.34635 33.7069 5.1213 -19.5627 8.16757 50.2791
1751714 11.0949 0.384833 33.6867 5.09226 -19.5511 8.14759 50.2587
1751724 11.0949 0.384833 33.6867 5.09226 -19.5511 8.14759 50.2587
1751743 11.1529 0.298246 33.7675 5.01481 -19.7116 8.16124 50.2335
1751745 11.1529 0.298246 33.7675 5.01481 -19.7116 8.16124 50.2335
1751755 11.3172 0.327108 33.7069 5.2762 -19.4661 8.09999 50.6274
1751765 11.7038 1.08715 33.343 5.67312 -18.4755 7.59313 51.8071
1751775 11.7038 1.08715 33.343 5.67312 -18.4755 7.59313 51.8071
1751787 12.0131 1.81834 32.5446 5.93451 -17.5896 7.0677 52.3105
1751798 12.1001 2.65535 31.4429 6.24431 -16.5149 6.55912 52.4426
1751809 12.1001 2.65535 31.4429 6.24431 -16.5149 6.55912 52.4426
1751817 12.1387 3.55008 29.8864 6.60251 -15.2711 5.9796 52.1777
1751831 12.1387 3.55008 29.8864 6.60251 -15.2711 5.9796 52.1777
1751837 12.0807 4.42558 28.0672 7.1156 -13.836 5.41985 51.6891
1751847 11.9454 5.37804 26.0054 7.96754 -11.9917 4.8686 51.2964
1751857 11.9454 5.37804 26.0054 7.96754 -11.9917 4.8686 51.2964
1751876 11.8005 6.34012 23.9839 8.97437 -10.0148 4.34972 51.0989
1751878 11.6941 7.206 21.8615 10.0393 -8.02659 3.8387 50.8009
1751888 11.6941 7.206 21.8615 10.0393 -8.02659 3.8387 50.8009
1751898 11.6458 8.15846 19.547 11.1526 -5.88158 3.23598 50.5039
1751921 11.5782 8.99547 17.4548 12.2756 -3.85748 2.73043 50.3041
1751928 11.4525 9.77476 15.4923 13.4277 -1.86569 2.30102 50.1472
1751944 11.4525 9.77476 15.4923 13.4277 -1.86569 2.30102 50.1472
1751949 11.3269 10.4771 13.9339 14.9186 0.0665396 2.08715 50.6565
1751959 10.9693 11.1409 13.0333 16.7386 1.86812 2.21513 51.8822
1751969 10.9693 11.1409 13.0333 16.7386 1.86812 2.21513 51.8822
1751979 10.3314 11.6316 12.9321 18.4665 3.20198 2.65236 53.3617
1751989 9.50028 11.7951 12.9929 20.1742 4.34988 3.26968 54.4625
1752011 9.50028 11.7951 12.9929 20.1742 4.34988 3.26968 54.4625
1752018 8.3502 11.8721 12.9726 21.2645 5.4232 3.86016 54.4594
1752027 8.3502 11.8721 12.9726 21.2645 5.4232 3.86016 54.4594
1752035 7.17112 11.7951 12.7298 22.1617 6.52459 4.43537 53.8578
1752044 5.78908 11.5739 12.5476 22.8468 7.62165 5.12671 52.7573
1752057 5.78908 11.5739 12.5476 22.8468 7.62165 5.12671 52.7573
1752062 4.44571 11.2756 12.1732 23.4064 8.8025 5.80641 51.3009
1752071 3.33428 10.9581 12.1024 24.0431 9.69737 6.49901 50.4379
1752098 2.49346 10.6599 12.1327 24.651 10.3554 7.09805 49.937
1752105 2.49346 10.6599 12.1327 24.651 10.3554 7.09805 49.937
1752113 2.05856 10.3905 12.2946 25.0562 10.5891 7.50056 49.7999
1752128 1.96191 10.1788 12.4768 25.4228 10.5729 7.72143 50.0403
1752150 1.84594 9.92869 12.497 25.4711 10.5829 7.89868 49.7427
1752153 1.78795 9.62083 12.6893 25.5772 10.4281 8.10998 49.6752
1752174 1.78795 9.62083 12.6893 25.5772 10.4281 8.10998 49.6752
1752182 1.66231 9.39955 12.7399 25.8184 10.4876 8.31207 49.6201
1752196 1.66231 9.39955 12.7399 25.8184 10.4876 8.31207 49.6201
1752198 1.53667 9.12054 12.8714 25.9149 10.4297 8.5337 49.4435
1752205 1.44969 8.84154 12.9726 26.2911 10.4482 8.76981 49.555
1752219 1.44969 8.84154 12.9726 26.2911 10.4482 8.76981 49.555
1752224 1.34338 8.68761 13.175 26.6095 10.4279 8.95912 49.8155
1752234 1.31438 8.47595 13.2964 26.8797 10.3794 9.12185 49.9664
1752244 1.31438 8.47595 13.2964 26.8797 10.3794 9.12185 49.9664
1752254 1.2274 8.37974 13.2964 26.9665 10.4383 9.2207 49.8701
1752264 1.2274 8.37974 13.2964 26.9665 10.4383 9.2207 49.8701
1752274 1.14042 8.25467 13.2357 26.9086 10.4902 9.31054 49.5394
1752289 1.18874 8.32201 13.2054 26.7543 10.4518 9.23245 49.4704
1752295 1.18874 8.32201 13.2054 26.7543 10.4518 9.23245 49.4704
1752309 1.24673 8.51443 13.1042 26.6578 10.5109 9.0869 49.5231
1752315 1.29505 8.62988 12.9827 26.542 10.5633 8.97877 49.4497
1752325 1.29505 8.62988 12.9827 26.542 10.5633 8.97877 49.4497
1752336 1.33371 8.80306 12.831 26.3104 10.6278 8.82885 49.2782
1752362 1.37237 8.8704 12.8107 26.1561 10.5891 8.75562 49.2096
1752371 1.47868 9.09168 12.6893 26.0885 10.6449 8.57401 49.3482
1752379 1.47868 9.09168 12.6893 26.0885 10.6449 8.57401 49.3482
1752388 1.50767 9.24561 12.6589 26.0403 10.6766 8.4766 49.4525
1752402 1.57533 9.42841 12.7298 26.0982 10.6466 8.37546 49.8317
1752407 1.57533 9.42841 12.7298 26.0982 10.6466 8.37546 49.8317
1752426 1.61399 9.47651 12.7804 26.1271 10.6051 8.34543 49.998
1752437 1.6913 9.64007 12.8714 26.0692 10.5161 8.23797 50.272
1752449 2.20352 9.88059 13.094 25.9149 10.0297 7.90464 51.093
1752462 2.20352 9.88059 13.094 25.9149 10.0297 7.90464 51.093
1752472 2.84139 10.0538 13.2357 25.4228 9.40742 7.49608 51.5537
1752478 3.45992 10.0345 13.3065 24.7474 8.73717 7.14655 51.5484
1752488 3.45992 10.0345 13.3065 24.7474 8.73717 7.14655 51.5484
1752498 4.21376 9.9768 13.3167 23.6862 7.87823 6.68415 51.1934
1752508 4.21376 9.9768 13.3167 23.6862 7.87823 6.68415 51.1934
1752523 5.20921 9.82286 13.2661 22.4222 6.78713 6.10886 50.7204
1752529 6.47527 9.66893 13.3065 21.1005 5.43388 5.4191 50.5512
1752541 6.47527 9.66893 13.3065 21.1005 5.43388 5.4191 50.5512
1752549 7.84764 9.48613 13.3673 19.7111 3.95854 4.68476 50.4122
1752564 9.09437 9.24561 13.5899 18.1964 2.37287 4.02372 50.1262
1752569 9.09437 9.24561 13.5899 18.1964 2.37287 4.02372 50.1262
1752579 10.3314 8.96661 14.106 16.7483 0.636816 3.45633 50.1523
1752589 10.3314 8.96661 14.106 16.7483 0.636816 3.45633 50.1523
1752599 11.4139 8.6395 15.3101 15.3155 -1.36595 3.12918 50.679
1752613 12.564 8.1777 17.2021 13.8343 -3.74392 2.98237 51.7781
1752624 12.564 8.1777 17.2021 13.8343 -3.74392 2.98237 51.7781
1752630 13.6754 7.50424 19.1831 12.1595 -6.28058 2.90247 52.5222
1752648 14.5259 6.52292 20.9013 10.5814 -8.71992 2.97934 52.5315
1752661 14.5259 6.52292 20.9013 10.5814 -8.71992 2.97934 52.5315
1752667 15.27 5.44539 22.1546 8.86788 -11.1675 2.98825 51.7379
1752684 15.8306 4.36786 23.4483 7.12528 -13.6816 3.06521 50.772
1752692 16.2558 3.39615 24.9441 5.66344 -15.9872 3.2697 50.2595
1752702 16.2558 3.39615 24.9441 5.66344 -15.9872 3.2697 50.2595
1752712 16.5748 2.50141 26.7229 4.73405 -17.8409 3.67506 50.5332
1752722 16.855 1.8953 28.2592 4.23064 -19.0223 4.02209 51.2402
1752734 16.855 1.8953 28.2592 4.23064 -19.0223 4.02209 51.2402
1752750 17.0192 1.59706 29.2497 4.01765 -19.5891 4.23574 51.8837
1752759 17.0192 1.59706 29.2497 4.01765 -19.5891 4.23574 51.8837
1752765 17.1251 1.29881 30.038 3.98861 -19.9596 4.46214 52.4505
1752772 17.1058 1.2026 30.4019 4.0467 -20.025 4.58901 52.757
1752788 17.1058 1.2026 30.4019 4.0467 -20.025 4.58901 52.757
1752793 17.0866 1.14488 30.3615 4.07574 -20.0439 4.61538 52.6687
1752812 17.0481 1.29881 30.1897 4.10478 -19.8675 4.5442 52.6413
1752814 17.0481 1.29881 30.1897 4.10478 -19.8675 4.5442 52.6413
1752829 16.913 1.29881 29.8763 4.05638 -19.8651 4.5223 52.1445
1752835 16.913 1.29881 29.8763 4.05638 -19.8651 4.5223 52.1445
1752844 16.7101 1.19298 29.6742 4.01765 -19.9504 4.59023 51.5949
1752855 16.4201 1.23147 29.4417 4.03702 -19.848 4.64318 51.1303
1752864 16.4201 1.23147 29.4417 4.03702 -19.848 4.64318 51.1303
1752879 16.1302 1.16412 29.2497 3.96925 -19.9188 4.72885 50.5133
1752884 15.8982 1.07753 29.3002 3.99829 -19.9519 4.87011 50.2743
1752894 15.8982 1.07753 29.3002 3.99829 -19.9519 4.87011 50.2743
1752904 15.6953 1.08715 29.2093 3.88212 -20.0182 4.90507 49.8738
1752914 15.6953 1.08715 29.2093 3.88212 -20.0182 4.90507 49.8738
1752927 15.5696 1.00057 29.1688 3.94989 -20.0186 4.99564 49.6889
1752934 15.3957 0.990945 29.3407 3.94021 -20.0358 5.10221 49.6675
1752951 15.3957 0.990945 29.3407 3.94021 -20.0358 5.10221 49.6675
1752955 15.3474 1.00057 29.563 4.01765 -19.9746 5.17722 49.9286
1752974 15.299 0.923599 29.8662 4.01765 -20.0693 5.28711 50.1065
1752977 15.299 0.923599 29.8662 4.01765 -20.0693 5.28711 50.1065
1752985 15.0961 0.904358 30.1088 4.06606 -20.0469 5.43328 50.1753
1752998 15.0961 0.904358 30.1088 4.06606 -20.0469 5.43328 50.1753
1753005 14.9994 0.846633 30.3514 4.07574 -20.1044 5.54402 50.2732
1753022 14.9028 0.740804 30.7759 4.13383 -20.1787 5.71657 50.5533
1753038 14.8738 0.721562 30.978 4.16287 -20.1864 5.77857 50.7362
1753048 14.8448 0.654216 31.1296 4.20159 -20.2235 5.85248 50.8302
1753057 14.8448 0.654216 31.1296 4.20159 -20.2235 5.85248 50.8302
1753071 14.7868 0.673458 31.17 4.16287 -20.2392 5.86869 50.7932
1753078 14.7868 0.673458 31.17 4.16287 -20.2392 5.86869 50.7932
1753088 14.6998 0.692699 31.1498 4.17255 -20.2033 5.89467 50.7149
1753098 14.6708 0.663837 31.17 4.22096 -20.1851 5.93082 50.7257
1753120 14.6708 0.663837 31.17 4.22096 -20.1851 5.93082 50.7257
1753122 14.6225 0.70232 31.0791 4.23064 -20.1289 5.92033 50.6345
1753128 14.4486 0.692699 31.1296 4.24032 -20.1169 6.00719 50.5112
1753153 14.3809 0.70232 31.2913 4.38554 -19.9883 6.08558 50.7601
1753159 14.3809 0.70232 31.2913 4.38554 -19.9883 6.08558 50.7601
1753169 14.12 0.634975 31.4328 4.36617 -20.0536 6.24404 50.5539
1753179 13.9073 0.615733 31.6046 4.53075 -19.9204 6.39942 50.6585
1753194 13.9073 0.615733 31.6046 4.53075 -19.9204 6.39942 50.6585
1753199 13.5787 0.548387 31.736 4.56948 -19.926 6.59644 50.4326
1753209 13.1825 0.452179 31.8775 4.56948 -19.9865 6.83254 50.0817
1753219 13.1825 0.452179 31.8775 4.56948 -19.9865 6.83254 50.0817
1753239 12.7476 0.519525 31.8169 4.86959 -19.6059 7.03234 49.9536
1753240 12.7476 0.519525 31.8169 4.86959 -19.6059 7.03234 49.9536
1753250 12.5736 1.17374 31.7562 5.50854 -18.4503 6.91524 51.0121
1753265 12.303 1.79909 31.3722 6.45729 -17.0507 6.85345 51.9316
1753290 11.8971 2.39559 30.7455 7.94818 -15.2392 6.90772 52.9864
1753292 11.3269 3.10753 29.7449 10.1167 -12.8221 7.02461 54.2961
1753300 11.3269 3.10753 29.7449 10.1167 -12.8221 7.02461 54.2961
1753315 10.6214 3.84833 28.0672 12.1885 -10.3479 7.06783 54.7254
1753322 10.6214 3.84833 28.0672 12.1885 -10.3479 7.06783 54.7254
1753332 9.79022 4.62762 25.6314 13.4664 -8.09464 6.91759 53.5156
1753342 9.00739 5.48387 22.7408 14.2506 -5.83388 6.55564 51.4826
1753352 9.00739 5.48387 22.7408 14.2506 -5.83388 6.55564 51.4826
1753365 8.29221 6.2824 19.8805 15.1412 -3.402 6.18406 49.5963
1753377 7.61569 7.10979 17.4346 16.361 -0.813794 5.89542 48.5211
1753390 7.61569 7.10979 17.4346 16.361 -0.813794 5.89542 48.5211
1753393 7.05514 7.99491 15.5631 17.7815 1.63146 5.67042 48.3946
1753403 7.05514 7.99491 15.5631 17.7815 1.63146 5.67042 48.3946
1753415 6.33997 8.8223 14.0452 19.3927 4.02767 5.64062 48.6002
1753423 5.78908 9.57272 13.003 21.1873 6.03807 5.6996 49.5521
1753439 5.78908 9.57272 13.003 21.1873 6.03807 5.6996 49.5521
1753452 5.06424 10.2462 12.4363 22.6152 7.62522 5.87977 50.3619
1753453 4.60034 10.8715 12.3351 23.9563 8.64144 6.0331 51.7633
1753465 4.60034 10.8715 12.3351 23.9563 8.64144 6.0331 51.7633
1753482 4.26208 11.3622 12.5071 25.0562 9.23577 6.18727 53.1876
1753491 4.26208 11.3622 12.5071 25.0562 9.23577 6.18727 53.1876
1753493 3.73053 11.6893 12.5982 25.7219 9.80763 6.39197 53.74
1753516 3.3826 11.9491 12.4161 25.8956 10.2743 6.42577 53.6433
1753519 3.3826 11.9491 12.4161 25.8956 10.2743 6.42577 53.6433
1753528 2.96703 12.1319 12.1631 25.8666 10.7609 6.47415 53.1286
1753543 2.74474 12.3628 11.8089 25.5965 11.1428 6.36926 52.5129
1753554 2.59011 12.5937 11.5256 25.1623 11.3936 6.21846 51.8717
1753568 2.59011 12.5937 11.5256 25.1623 11.3936 6.21846 51.8717
1753579 2.56111 12.738 11.2726 24.6799 11.5041 6.04472 51.2516
1753586 2.6481 12.9111 10.9792 24.1107 11.5474 5.78409 50.6491
1753598 2.6481 12.9111 10.9792 24.1107 11.5474 5.78409 50.6491
1753607 2.70608 13.219 10.6351 23.416 11.6524 5.44039 49.9762
1753621 2.74474 13.219 10.453 22.895 11.6181 5.28806 49.3117
1753625 2.74474 13.219 10.453 22.895 11.6181 5.28806 49.3117
1753637 2.80273 13.3248 10.2506 22.5573 11.6627 5.11296 48.9355
1753647 2.80273 13.3248 10.2506 22.5573 11.6627 5.11296 48.9355
1753657 2.85105 13.4595 10.028 22.2196 11.7386 4.92307 48.5582
1753671 2.9477 13.6231 9.92679 22.0942 11.7524 4.76939 48.5918
1753677 2.9477 13.6231 9.92679 22.0942 11.7524 4.76939 48.5918
1753687 2.98636 13.7578 9.82559 21.9688 11.8023 4.65102 48.5385
1753699 3.112 13.9502 9.81548 21.9688 11.7672 4.52092 48.8465
1753708 3.112 13.9502 9.81548 21.9688 11.7672 4.52092 48.8465
1753720 3.07334 14.056 9.775 22.0749 11.8839 4.5082 48.9793
1753728 3.07334 14.056 9.775 22.0749 11.8839 4.5082 48.9793
1753745 3.04434 14.1715 9.78512 22.2293 11.9699 4.50899 49.2302
1753748 3.03468 14.2773 9.89643 22.3837 11.9625 4.52737 49.5921
1753758 3.03468 14.2773 9.89643 22.3837 11.9625 4.52737 49.5921
1753773 3.02501 14.2773 10.0179 22.6827 11.9579 4.61921 50.0029
1753779 2.98636 14.133 10.1089 22.9432 11.9495 4.76351 50.1715
1753797 2.98636 14.133 10.1089 22.9432 11.9495 4.76351 50.1715
1753799 2.89937 13.9791 10.2911 23.223 11.9123 4.95183 50.3925
1753809 2.89937 13.9791 10.2911 23.223 11.9123 4.95183 50.3925
1753822 2.82206 13.652 10.2911 23.3485 11.9166 5.13799 50.1136
1753838 2.65776 13.4018 10.3518 23.4932 11.9656 5.34583 49.9045
1753839 2.65776 13.4018 10.3518 23.4932 11.9656 5.34583 49.9045
1753850 2.62877 13.1998 10.3214 23.609 11.9871 5.45687 49.7589
1753860 2.50313 13.0074 10.544 23.6669 11.8797 5.64156 49.7214
1753874 2.50313 13.0074 10.544 23.6669 11.8797 5.64156 49.7214
1753880 3.10233 12.9015 10.8982 23.6572 11.1543 5.5039 50.5593
1753890 3.10233 12.9015 10.8982 23.6572 11.1543 5.5039 50.5593
1753900 3.60489 12.7765 11.1613 23.3678 10.4979 5.34696 50.9104
1753915 4.43604 12.5456 11.303 22.9529 9.6411 5.05712 51.2375
1753925 4.43604 12.5456 11.303 22.9529 9.6411 5.05712 51.2375
1753934 5.17055 12.2954 11.4042 22.3451 8.81856 4.76907 51.2152
1753949 6.00171 11.8336 11.475 21.3899 7.76467 4.4466 50.7002
1753953 6.00171 11.8336 11.475 21.3899 7.76467 4.4466 50.7002
1753963 6.62024 11.2371 11.8089 20.3865 6.59027 4.29688 50.0528
1753974 7.43206 10.5733 12.8815 19.4699 4.83033 4.27334 50.3568
1753983 7.43206 10.5733 12.8815 19.4699 4.83033 4.27334 50.3568
1754000 8.40819 9.89021 15.4923 18.6112 2.19505 4.5242 52.4019
1754008 8.40819 9.89021 15.4923 18.6112 2.19505 4.5242 52.4019
1754017 9.34565 9.00509 18.7081 17.4631 -0.727016 4.90274 54.5219
1754028 10.0028 7.90832 20.9316 15.6834 -3.36663 5.14538 54.5262
1754053 10.4184 6.84041 21.6795 13.7375 -5.46744 5.17073 52.6758
1754055 10.6794 5.90719 22.4376 11.8206 -7.56673 5.21341 50.8447
1754064 10.6794 5.90719 22.4376 11.8206 -7.56673 5.21341 50.8447
1754080 10.9886 4.897 23.4887 10.0103 -9.90698 5.34984 49.3846
1754089 10.9886 4.897 23.4887 10.0103 -9.90698 5.34984 49.3846
1754107 11.2109 3.99264 24.8835 8.67426 -12.0113 5.64613 48.7613
1754109 11.5492 3.18449 26.5511 7.52221 -14.0316 5.94372 48.807
1754135 12.0034 2.54952 28.2491 6.69932 -15.658 6.18028 49.5014
1754136 12.2064 1.96265 29.9471 6.02164 -17.0376 6.52194 50.1377
1754147 12.2064 1.96265 29.9471 6.02164 -17.0376 6.52194 50.1377
1754163 12.4866 1.54895 31.5238 5.73121 -17.903 6.79054 51.2906
1754167 12.4866 1.54895 31.5238 5.73121 -17.903 6.79054 51.2906
1754177 12.8056 1.25071 32.8074 5.50854 -18.5469 6.94824 52.3722
1754191 13.0279 0.971703 33.6665 5.40205 -18.9947 7.08589 53.0681
1754205 13.0279 0.971703 33.6665 5.40205 -18.9947 7.08589 53.0681
1754218 13.1052 0.837012 34 5.28588 -19.2484 7.14201 53.2281
1754232 12.9215 0.654216 34 5.22779 -19.4303 7.28702 52.8036
1754234 12.9215 0.654216 34 5.22779 -19.4303 7.28702 52.8036
1754246 12.8539 0.558008 34 5.15034 -19.5699 7.34513 52.5622
1754252 12.8539 0.558008 34 5.15034 -19.5699 7.34513 52.5622
1754260 12.7089 0.481041 34 5.10194 -19.6617 7.43288 52.2919
1754272 12.6703 0.47142 34 5.04385 -19.7157 7.44521 52.1855
1754279 12.6703 0.47142 34 5.04385 -19.7157 7.44521 52.1855
1754299 12.5736 0.490662 33.8585 5.03417 -19.6833 7.45667 51.957
1754301 12.5543 0.490662 33.5654 4.98576 -19.693 7.41515 51.5961
1754309 12.5543 0.490662 33.5654 4.98576 -19.693 7.41515 51.5961
1754327 12.448 0.529145 33.4947 4.94704 -19.6749 7.42857 51.4188
1754334 12.448 0.529145 33.4947 4.94704 -19.6749 7.42857 51.4188
1754340 12.3707 0.413696 33.626 5.05353 -19.6883 7.54758 51.4639
1754354 12.1967 0.423316 33.4947 5.04385 -19.6566 7.59946 51.1585
1754360 12.1967 0.423316 33.4947 5.04385 -19.6566 7.59946 51.1585
1754379 12.0324 0.4618 33.1308 4.85991 -19.7294 7.57548 50.4849
1754381 11.8778 0.355971 32.8276 4.83087 -19.802 7.64389 49.8922
1754395 11.8778 0.355971 32.8276 4.83087 -19.802 7.64389 49.8922
1754407 11.8584 0.365591 32.5749 4.71469 -19.8698 7.59354 49.5136
1754412 11.7811 0.336729 32.4233 4.66629 -19.9164 7.61218 49.2074
1754422 11.7811 0.336729 32.4233 4.66629 -19.9164 7.61218 49.2074
1754435 11.8294 0.394454 32.3627 4.67597 -19.8537 7.55586 49.2625
1754442 11.8294 0.394454 32.3627 4.67597 -19.8537 7.55586 49.2625
1754462 11.8488 0.327108 32.4536 4.66629 -19.9353 7.59011 49.2958
1754464 11.9261 0.307866 32.7265 4.7631 -19.9008 7.61882 49.7236
1754476 11.9261 0.307866 32.7265 4.7631 -19.9008 7.61882 49.7236
1754490 11.9841 0.365591 33.06 4.7631 -19.889 7.61572 50.1728
1754493 12.0227 0.336729 33.151 4.83087 -19.8674 7.6346 50.3413
1754503 12.0227 0.336729 33.151 4.83087 -19.8674 7.6346 50.3413
1754516 12.1194 0.298246 33.2117 4.84055 -19.909 7.61878 50.4698
1754545 12.0614 0.375212 33.0196 4.79214 -19.8582 7.57492 50.2484
1754547 12.0421 0.404075 32.959 4.78246 -19.8328 7.56022 50.1876
1754554 12.0421 0.404075 32.959 4.78246 -19.8328 7.56022 50.1876
1754573 12.0614 0.355971 32.9792 4.79214 -19.8712 7.57759 50.1887
1754574 12.1097 0.34635 32.9489 4.78246 -19.8903 7.55426 50.1874
1754584 12.1097 0.34635 32.9489 4.78246 -19.8903 7.55426 50.1874
1754598 12.1291 0.317487 32.8983 4.72437 -19.9651 7.54241 50.0692
1754613 12.1291 0.317487 32.8983 4.72437 -19.9651 7.54241 50.0692
1754614 12.2354 0.413696 33.0398 4.73405 -19.8954 7.47423 50.4229
1754626 12.2257 0.327108 33.1611 4.79214 -19.932 7.54378 50.5061
1754635 12.2257 0.327108 33.1611 4.79214 -19.932 7.54378 50.5061
1754645 12.274 0.34635 33.2319 4.7631 -19.9527 7.51983 50.6153
1754656 12.2354 0.34635 33.343 4.74374 -19.9771 7.55057 50.6685
1754665 12.2354 0.34635 33.343 4.74374 -19.9771 7.55057 50.6685
1754683 12.216 0.394454 33.2117 4.75342 -19.9107 7.51981 50.5756
1754690 12.216 0.394454 33.2117 4.75342 -19.9107 7.51981 50.5756
1754697 12.1097 0.81777 33.0803 5.45046 -18.9094 7.46331 51.4582
1754711 12.1677 1.30843 32.4334 5.73121 -18.184 7.17122 51.6408
1754717 12.1677 1.30843 32.4334 5.73121 -18.184 7.17122 51.6408
1754727 12.158 2.21279 31.3823 6.10877 -16.9772 6.68705 51.8619
1754745 11.8874 2.94397 30.22 6.64123 -15.7287 6.39254 51.6926
1754754 11.8874 2.94397 30.22 6.64123 -15.7287 6.39254 51.6926
1754766 11.4719 3.72326 28.805 7.48349 -14.1162 6.14565 51.4836
1754768 11.4719 3.72326 28.805 7.48349 -14.1162 6.14565 51.4836
1754778 10.95 4.51217 27.1576 8.88724 -11.9926 5.99414 51.5069
1754793 10.2155 5.3588 25.5404 11.1236 -9.22385 6.05583 52.2383
1754798 10.2155 5.3588 25.5404 11.1236 -9.22385 6.05583 52.2383
1754821 9.29733 6.11885 23.7313 13.5923 -6.31284 6.2308 52.7397
1754822 8.25355 6.83079 21.3864 15.8576 -3.32113 6.35211 52.3284
1754829 8.25355 6.83079 21.3864 15.8576 -3.32113 6.35211 52.3284
1754839 7.20011 7.61007 18.8496 17.7526 -0.334097 6.358 51.4123
1754851 7.20011 7.61007 18.8496 17.7526 -0.334097 6.358 51.4123
1754862 6.26265 8.24505 16.4131 19.4796 2.50438 6.36453 50.4004
1754879 5.31552 8.88002 14.3994 21.1294 5.17578 6.43546 49.7243
1754881 5.31552 8.88002 14.3994 21.1294 5.17578 6.43546 49.7243
1754890 4.59068 9.50538 12.8208 22.8275 7.49901 6.4989 49.7444
1754908 3.83684 10.0538 11.7887 24.5352 9.44121 6.70124 50.2145
1754910 3.83684 10.0538 11.7887 24.5352 9.44121 6.70124 50.2145
1754925 3.31495 10.4867 11.1411 26.0982 10.8388 6.88789 51.0409
1754938 3.31495 10.4867 11.1411 26.0982 10.8388 6.88789 51.0409
1754944 2.80273 10.8234 10.9994 27.42 11.7403 7.14563 52.0455
1754953 2.4548 11.1217 11.0095 28.3944 12.2931 7.31236 52.9804
1754970 2.4548 11.1217 11.0095 28.3944 12.2931 7.31236 52.9804
1754972 2.12621 11.3526 11.0095 28.9251 12.7037 7.42955 53.4134
1754999 1.89426 11.4392 11.0298 29.2338 12.9433 7.53685 53.597
1755001 1.89426 11.4392 11.0298 29.2338 12.9433 7.53685 53.597
1755003 1.49801 11.468 10.9387 29.3785 13.3296 7.69975 53.2833
1755013 1.32405 11.4007 10.8881 29.2821 13.4562 7.78301 52.8949
1755028 1.32405 11.4007 10.8881 29.2821 13.4562 7.78301 52.8949
1755038 1.2274 11.3333 10.7464 29.0988 13.5759 7.80955 52.4059
1755044 1.2274 11.3333 10.7464 29.0988 13.5759 7.80955 52.4059
1755057 1.23707 11.2756 10.5238 28.7321 13.6409 7.74888 51.7686
1755064 1.2274 11.189 10.3113 28.2304 13.6782 7.69022 50.9582
1755086 1.2274 11.189 10.3113 28.2304 13.6782 7.69022 50.9582
1755088 1.16941 11.1217 10.119 27.8059 13.7601 7.65707 50.216
1755095 1.21774 11.0351 9.96726 27.4007 13.7295 7.59212 49.6208
1755115 1.21774 11.0351 9.96726 27.4007 13.7295 7.59212 49.6208
1755117 1.12109 10.9293 9.83571 27.1691 13.8322 7.63053 49.0552
1755125 1.12109 10.9293 9.83571 27.1691 13.8322 7.63053 49.0552
1755145 1.02445 10.7849 9.78512 27.1691 13.9164 7.73471 48.7636
1755147 1.03411 10.6695 9.85595 27.2077 13.8347 7.80033 48.7673
1755157 1.03411 10.6695 9.85595 27.2077 13.8347 7.80033 48.7673
1755173 0.985787 10.5829 9.89643 27.3814 13.8608 7.89487 48.8465
1755177 0.908471 10.3905 9.96726 27.6805 13.8902 8.07473 48.9467
1755200 0.908471 10.3905 9.96726 27.6805 13.8902 8.07473 48.9467
1755202 0.956794 10.3424 10.0482 27.8348 13.812 8.10777 49.1822
1755215 0.850483 10.1019 10.0786 28.0664 13.87 8.30777 49.0973
1755233 0.821489 10.2462 10.0583 28.1339 13.9567 8.25963 49.2599
1755238 0.821489 10.2462 10.0583 28.1339 13.9567 8.25963 49.2599
1755257 0.792496 10.15 9.99762 28.2304 14.0279 8.32376 49.1705
1755258 0.734508 10.1596 10.0887 28.5199 14.0681 8.39787 49.5027
1755274 0.734508 10.1596 10.0887 28.5199 14.0681 8.39787 49.5027
1755287 0.773167 10.1981 10.1089 28.6839 14.0663 8.38604 49.7641
1755289 0.705514 10.2462 9.97738 28.626 14.2212 8.36998 49.5551
1755316 0.705514 10.2462 9.97738 28.626 14.2212 8.36998 49.5551
1755317 0.744173 10.2847 10.0179 28.6549 14.1734 8.34297 49.7016
1755319 0.744173 10.2847 10.0179 28.6549 14.1734 8.34297 49.7016
1755345 0.744173 10.2654 9.95714 28.8479 14.2589 8.36966 49.8146
1755347 0.676521 10.3231 9.91667 28.9926 14.3875 8.38816 49.909
1755355 0.676521 10.3231 9.91667 28.9926 14.3875 8.38816 49.909
1755375 0.705514 10.3905 9.84583 28.8768 14.4102 8.31816 49.8187
1755376 0.69585 10.275 9.94702 28.9637 14.3319 8.40184 49.8816
1755384 0.69585 10.275 9.94702 28.9637 14.3319 8.40184 49.8816
1755403 0.850483 10.3328 10.1696 28.9733 14.0513 8.33354 50.3262
1755413 1.37237 10.3905 10.3821 28.7804 13.4591 8.07053 50.9254
1755431 1.67197 10.429 10.5238 28.298 13.0252 7.87099 50.9227
1755433 1.67197 10.429 10.5238 28.298 13.0252 7.87099 50.9227
1755443 2.09721 10.3039 10.7565 27.6419 12.3485 7.67644 50.7996
1755460 2.52246 10.0538 11.6875 26.7928 11.0841 7.61042 51.0566
1755463 2.52246 10.0538 11.6875 26.7928 11.0841 7.61042 51.0566
1755473 3.25696 9.65931 13.8935 25.9824 8.75666 7.66011 52.7921
1755488 3.25696 9.65931 13.8935 25.9824 8.75666 7.66011 52.7921
1755494 4.0398 9.17827 16.3119 24.9694 6.32848 7.72391 54.4993
1755504 4.65833 8.50481 17.8692 23.3292 4.27989 7.73578 54.3615
1755518 4.65833 8.50481 17.8692 23.3292 4.27989 7.73578 54.3615
1755524 5.1029 7.81211 18.3543 21.2548 2.67005 7.62339 52.5242
1755534 5.45082 7.14827 18.6171 19.0454 1.05733 7.47989 50.2616
1755549 5.45082 7.14827 18.6171 19.0454 1.05733 7.47989 50.2616
1755559 5.81808 6.43633 19.2943 17.1833 -0.765781 7.45604 48.732
1755578 5.81808 6.43633 19.2943 17.1833 -0.765781 7.45604 48.732
1755579 6.29164 5.76288 20.5273 15.3155 -2.99632 7.44978 47.8974
1755585 6.7942 5.25297 22.2658 13.7568 -5.22686 7.48144 48.0698
1755608 6.7942 5.25297 22.2658 13.7568 -5.22686 7.48144 48.0698
1755609 7.31609 4.69496 24.2973 12.2659 -7.54126 7.58184 48.5743
1755615 7.94429 4.2043 26.7634 11.0655 -9.72332 7.70756 49.9775
1755639 7.94429 4.2043 26.7634 11.0655 -9.72332 7.70756 49.9775
1755640 8.60148 3.80985 28.9364 10.0296 -11.5315 7.75284 51.3773
1755647 8.60148 3.80985 30.7455 10.0296 -11.9897 7.99935 53.1865
1755669 9.14269 3.37691 30.7455 9.34226 -12.9112 7.86055 52.6074
1755675 9.5776 2.87663 32.3323 8.95501 -13.9921 8.04771 53.7416
1755677 9.5776 2.87663 32.3323 8.95501 -13.9921 8.04771 53.7416
1755700 9.89653 2.32824 33.6766 8.58713 -14.9838 8.26935 54.4885
1755706 10.0995 1.77023 34 8.48064 -15.5696 8.44822 54.3504
1755730 10.1865 1.3854 34 8.2967 -16.0132 8.5555 53.8686
1755733 10.2348 3.52122 34 8.10308 -14.595 7.61211 55.8591
1755738 10.2348 1.05829 34 8.10308 -16.4213 8.65512 53.3962
1755748 10.1671 1.04867 34 8.02563 -16.4782 8.68022 53.2414
1755762 10.1671 1.04867 34 8.02563 -16.4782 8.68022 53.2414
1755768 10.1285 1.01019 34 7.90945 -16.5929 8.70081 53.0481
1755792 9.88687 0.923599 33.8585 7.832 -16.6615 8.8227 52.501
1755793 9.88687 0.923599 33.8585 7.832 -16.6615 8.8227 52.501
1755799 9.5776 0.942841 33.2824 7.69647 -16.6122 8.87151 51.4993
1755825 9.30699 0.885116 32.8478 7.6287 -16.5985 8.96543 50.6686
1755829 9.14269 0.875495 32.4941 7.52221 -16.6081 8.99323 50.0345
1755839 9.14269 0.875495 32.4941 7.52221 -16.6081 8.99323 50.0345
1755855 8.99773 0.856254 32.2515 7.44476 -16.6236 9.03395 49.5502
1755859 8.76578 0.827391 32.1201 7.46412 -16.5698 9.14782 49.1774
1755888 8.76578 0.827391 32.1201 7.46412 -16.5698 9.14782 49.1774
1755889 8.70779 0.779287 32.1302 7.52221 -16.5531 9.20807 49.1395
1755892 8.70779 0.779287 32.1302 7.52221 -16.5531 9.20807 49.1395
1755900 8.57248 0.827391 32.2212 7.5803 -16.4558 9.26852 49.2013
1755918 8.46617 0.808149 32.3627 7.64806 -16.4211 9.35468 49.285
1755921 8.46617 0.808149 32.3627 7.64806 -16.4211 9.35468 49.285
1755930 8.41785 0.779287 32.5749 7.65774 -16.4656 9.41806 49.4298
1755950 8.35986 0.769666 32.6962 7.69647 -16.4522 9.46943 49.5222
1755953 8.35986 0.769666 32.6962 7.69647 -16.4522 9.46943 49.5222
1755962 8.31154 0.683079 32.9287 7.73519 -16.5238 9.56611 49.6585
1755980 8.24389 0.70232 33.3228 7.91913 -16.4109 9.6524 50.1882
1755982 8.24389 0.70232 33.3228 7.91913 -16.4109 9.6524 50.1882
1755992 8.25355 0.692699 33.5149 7.95786 -16.4213 9.67685 50.419
1756012 8.25355 0.692699 33.5149 7.95786 -16.4213 9.67685 50.419
1756019 8.11825 0.57725 33.6564 7.94818 -16.5254 9.81382 50.3
1756029 8.11825 0.644595 33.7271 7.91913 -16.5058 9.78496 50.4091
1756046 8.11825 0.644595 33.7271 7.91913 -16.5058 9.78496 50.4091
1756048 8.06993 0.606112 33.7878 7.94818 -16.5156 9.83692 50.412
1756057 8.06993 0.606112 33.7878 7.94818 -16.5156 9.83692 50.412
1756076 7.96362 0.538766 33.7069 7.90945 -16.5718 9.91066 50.1187
1756078 7.99261 0.548387 33.5553 7.88041 -16.5673 9.87301 49.9767
1756084 7.99261 0.548387 33.5553 7.88041 -16.5673 9.87301 49.9767
1756093 7.93462 0.519525 33.4542 7.82232 -16.613 9.90004 49.7307
1756108 7.96362 0.529145 33.4441 7.82232 -16.6081 9.87968 49.7592
1756117 7.96362 0.529145 33.4441 7.82232 -16.6081 9.87968 49.7592
1756139 7.95395 0.509904 33.2319 7.76424 -16.6355 9.86624 49.46
1756140 7.95395 0.509904 33.2319 7.76424 -16.6355 9.86624 49.46
1756144 7.85731 0.481041 33.0095 7.73519 -16.6303 9.90353 49.0831
1756154 8.04093 1.24109 32.585 8.59681 -15.2525 9.48198 50.4639
1756171 8.04093 1.24109 32.585 8.59681 -15.2525 9.48198 50.4639
1756179 8.03127 2.09734 31.7866 9.00342 -14.0995 9.03247 50.9186
1756185 8.16657 3.05942 30.6445 9.81663 -12.5442 8.48426 51.6871
1756203 8.16657 3.05942 30.6445 9.81663 -12.5442 8.48426 51.6871
1756205 7.99261 4.13696 29.2598 11.0655 -10.509 8.06285 52.4549
1756215 7.77999 5.23373 27.8751 13.2534 -7.92726 7.78916 54.1423
1756233 7.77999 5.23373 27.8751 13.2534 -7.92726 7.78916 54.1423
1756235 7.43206 6.27278 25.7224 14.9767 -5.47066 7.44272 54.4038
1756250 7.43206 6.27278 25.7224 14.9767 -5.47066 7.44272 54.4038
1756266 6.85219 7.12903 22.9732 16.0803 -3.11876 7.09129 53.0348
1756267 6.26265 8.13922 19.9917 16.8064 -0.63903 6.56139 51.1999
1756277 6.26265 8.13922 19.9917 16.8064 -0.63903 6.56139 51.1999
1756296 5.58613 9.04358 17.1314 17.5403 1.96057 6.09779 49.3014
1756298 5.00625 10.0249 14.6827 18.6209 4.63269 5.6706 48.3348
1756330 4.58101 10.9293 12.8006 20.0488 7.02882 5.37818 48.3597
1756342 4.1751 11.8336 11.3131 21.7179 9.20853 5.20669 49.0397
1756362 3.76919 12.6802 10.0381 23.2423 11.1177 5.07673 49.7299
1756363 3.76919 12.6802 10.0381 23.2423 11.1177 5.07673 49.7299
1756373 3.30529 13.4788 9.27917 24.6124 12.5833 5.06382 50.6756
1756394 2.92837 14.1234 8.85417 25.8377 13.6145 5.11371 51.7436
1756395 2.92837 14.1234 8.85417 25.8377 13.6145 5.11371 51.7436
1756399 2.60944 14.8449 8.70238 26.735 14.3066 5.09994 52.8917
1756428 2.60944 14.8449 8.70238 26.735 14.3066 5.09994 52.8917
1756429 2.22285 15.3356 8.64167 27.3524 14.8562 5.1638 53.5526
1756431 1.98124 15.8359 8.4494 27.5358 15.3065 5.06522 53.8023
1756461 1.98124 15.8359 8.4494 27.5358 15.3065 5.06522 53.8023
1756462 1.87493 16.0668 8.24702 27.2753 15.5339 4.93245 53.464
1756464 1.86526 16.2784 8.06488 26.8121 15.6356 4.734 53.0207
1756494 1.89426 16.4131 7.92321 26.2526 15.647 4.53528 52.4832
1756498 1.89426 16.4131 7.92321 26.2526 15.647 4.53528 52.4832
1756507 1.87493 16.4228 7.65 25.4614 15.7361 4.32231 51.4091
1756527 1.95225 16.4228 7.4375 24.7378 15.7125 4.09502 50.5503
1756530 1.95225 16.4228 7.4375 24.7378 15.7125 4.09502 50.5503
1756532 1.96191 16.2784 7.32619 24.1203 15.6534 3.98682 49.6869
1756544 1.96191 16.1822 7.15417 23.7923 15.715 3.91184 49.0906
1756562 1.96191 16.1822 7.15417 23.7923 15.715 3.91184 49.0906
1756563 1.98124 16.0091 7.25536 23.7537 15.5748 3.98539 48.9993
1756593 1.92325 15.9225 7.23512 23.7151 15.6156 4.02836 48.7959
1756595 1.88459 15.7493 7.29583 23.8888 15.5974 4.1636 48.8185
1756603 1.88459 15.7493 7.29583 23.8888 15.5974 4.1636 48.8185
1756627 1.88459 15.6723 7.36667 23.9852 15.5423 4.23083 48.9088
1756629 1.82661 15.6338 7.39702 24.1782 15.595 4.31771 49.0357
1756670 1.82661 15.6242 7.4881 24.4677 15.5734 4.40374 49.4066
1756672 1.82661 15.6242 7.4881 24.4677 15.5734 4.40374 49.4066
1756673 1.78795 15.5376 7.56905 24.7957 15.5847 4.53986 49.6903
1756699 1.80728 15.4222 7.68036 25.0369 15.5022 4.65129 49.9467
1756700 1.73962 15.3741 7.87262 25.4132 15.4639 4.81317 50.3995
1756704 1.73962 15.1143 8.0244 25.9728 15.3994 5.05689 50.8511
1756727 1.73962 15.1143 8.0244 25.9728 15.3994 5.05689 50.8511
1756729 1.67197 15.0085 8.17619 26.2815 15.371 5.21447 51.1381
1756735 1.67197 15.0085 8.17619 26.2815 15.371 5.21447 51.1381
1756759 1.59466 14.7006 8.19643 26.3297 15.3672 5.38087 50.8214
1756760 1.47868 14.335 8.20655 26.3201 15.3803 5.57592 50.3404
1756765 1.47868 14.335 8.20655 26.3201 15.3803 5.57592 50.3404
1756775 1.47868 13.9598 8.31786 26.2815 15.2109 5.74391 50.0379
1756794 1.68164 13.6712 8.61131 26.3008 14.7613 5.83685 50.2649
1756796 1.68164 13.6712 8.61131 26.3008 14.7613 5.83685 50.2649
1756805 2.05856 13.4114 8.77321 26.021 14.2252 5.76679 50.2642
1756830 2.44514 13.1324 9.16786 25.5868 13.4637 5.71516 50.3323
1756837 2.99602 12.8438 9.46131 25.0851 12.6382 5.56896 50.3863
1756861 2.99602 12.8438 9.46131 25.0851 12.6382 5.56896 50.3863
1756862 3.67254 12.4878 10.0077 24.4001 11.4734 5.41273 50.5682
1756867 4.42638 12.026 11.05 23.6476 9.87157 5.35049 51.15
1756895 4.42638 12.026 11.05 23.6476 9.87157 5.35049 51.15
1756896 5.33485 11.3814 12.6387 22.6152 7.70784 5.35046 51.9702
1756898 5.33485 11.3814 12.6387 22.6152 7.70784 5.35046 51.9702
1756908 6.10802 10.708 14.3589 21.1198 5.43114 5.35313 52.2947
1756928 6.94883 9.89021 16.1905 19.2191 2.85652 5.33139 52.2486
1756930 6.94883 9.89021 16.1905 19.2191 2.85652 5.33139 52.2486
1756943 7.90563 8.93775 17.5256 17.1737 0.32993 5.19643 51.5426
1756961 8.68846 8.03339 18.7788 15.1219 -2.1295 5.09028 50.6226
1756962 8.68846 8.03339 18.7788 15.1219 -2.1295 5.09028 50.6226
1756969 9.6066 7.03282 20.1534 12.963 -4.90605 4.96735 49.7558
1756994 9.6066 7.03282 19.1831 12.963 -4.50641 4.76781 48.7855
1756996 10.5634 5.93605 21.7705 11.0849 -7.75659 4.97092 49.3548
1756999 11.4332 4.98359 23.5797 9.42939 -10.4196 5.0355 49.4258
1757028 11.4332 4.98359 23.5797 9.42939 -10.4196 5.0355 49.4258
1757029 12.1774 4.09847 25.2878 8.30638 -12.5628 5.20903 49.87
1757030 12.7572 3.49236 27.0565 7.56093 -14.1351 5.41642 50.867
1757040 12.7572 3.49236 27.0565 7.56093 -14.1351 5.41642 50.867
1757062 13.2985 2.98246 28.6029 7.15433 -15.2602 5.61404 52.0381
1757063 13.6657 2.53028 29.7955 6.97039 -16.0307 5.82585 52.9619
1757074 13.6657 2.53028 29.7955 6.97039 -16.0307 5.82585 52.9619
1757096 13.8977 2.19355 30.6344 6.93166 -16.4968 6.00333 53.6572
1757098 13.8977 2.19355 30.6344 6.93166 -16.4968 6.00333 53.6572
1757102 14.0813 2.02037 31.2004 6.89294 -16.7766 6.08681 54.195
1757111 14.1006 1.86644 31.1195 6.77677 -16.9767 6.1069 53.8633
1757138 14.062 1.85682 30.8971 6.67995 -17.0211 6.07289 53.4959
1757146 13.9363 1.85682 30.3716 6.65091 -16.9458 6.02928 52.8156
1757166 13.9363 1.8472 30.3716 6.65091 -16.9535 6.03311 52.806
1757167 13.743 1.83758 29.8966 6.45729 -17.0141 5.99984 51.9345
1757199 13.5691 1.83758 29.4316 6.37984 -16.978 5.97586 51.2181
1757202 13.3371 1.77985 28.9768 6.26367 -17.0136 5.9942 50.3575
1757204 13.3371 1.77985 28.9768 6.26367 -17.0136 5.9942 50.3575
1757213 13.1728 1.77985 28.6837 6.17654 -17.0137 5.9947 49.8129
1757234 13.0858 1.77985 28.6534 6.21526 -16.9622 6.03294 49.7343
1757235 13.0858 1.69327 28.6534 6.21526 -17.0354 6.06962 49.6478
1757245 13.0085 1.76061 28.5927 6.1959 -16.9725 6.05944 49.5578
1757268 13.0085 1.76061 28.5927 6.1959 -16.9725 6.05944 49.5578
1757269 13.0569 1.69327 28.4917 6.15718 -17.054 6.04225 49.399
1757274 13.0955 1.76061 28.3401 6.11845 -17.0114 5.96245 49.3146
1757284 13.0955 1.76061 28.3401 6.11845 -17.0114 5.96245 49.3146
1757304 13.1922 1.76061 28.2592 6.00228 -17.1132 5.8851 49.2143
1757305 13.3371 1.83758 28.4108 6.00228 -17.095 5.81949 49.5878
1757315 13.3371 1.83758 28.4108 6.00228 -17.095 5.81949 49.5878
1757339 13.5014 1.79909 28.4917 6.02164 -17.15 5.78538 49.8138
1757341 13.5014 1.79909 28.4917 6.02164 -17.15 5.78538 49.8138
1757345 13.6174 1.80872 28.7444 6.07973 -17.1508 5.79042 50.2502
1757375 13.8107 1.82796 28.8454 6.02164 -17.229 5.71077 50.5057
1757378 13.946 1.90492 28.9768 6.07005 -17.1657 5.65721 50.8978
1757387 14.033 1.8472 29.088 6.10877 -17.2118 5.67279 51.0769
1757415 14.0233 1.85682 29.3002 6.12813 -17.2187 5.71491 51.3085
1757417 14.0233 1.85682 29.3002 6.12813 -17.2187 5.71491 51.3085
1757427 13.9557 1.77985 29.3912 6.16686 -17.2537 5.79679 51.2936
1757447 13.8107 1.75099 29.371 6.15718 -17.2605 5.86217 51.0898
1757452 13.8107 1.75099 29.371 6.15718 -17.2605 5.86217 51.0898
1757458 13.6077 1.70289 29.2901 6.12813 -17.2815 5.94562 50.7289
1757483 13.4531 1.68364 29.4013 6.20558 -17.2264 6.05105 50.7436
1757483 13.4531 1.68364 29.4013 6.20558 -17.2264 6.05105 50.7436
1757488 13.2308 1.64516 29.5529 6.30239 -17.167 6.20308 50.7313
1757498 13.2308 1.64516 29.5529 6.30239 -17.167 6.20308 50.7313
1757520 13.0375 1.49123 29.6034 6.29271 -17.2817 6.35621 50.4249
1757528 12.8152 1.46237 29.6742 6.31207 -17.2664 6.47841 50.2639
1757555 12.4866 1.39502 29.5933 6.27335 -17.2928 6.62887 49.7484
1757556 12.2257 1.39502 29.5226 6.34112 -17.1833 6.74242 49.4844
1757563 12.2257 1.39502 29.5226 6.34112 -17.1833 6.74242 49.4844
1757569 11.9937 1.35654 29.5832 6.48633 -17.0651 6.8958 49.4198
1757591 11.9937 1.35654 29.5832 6.48633 -17.0651 6.8958 49.4198
1757593 11.6941 1.50085 29.4518 6.69932 -16.6912 6.9781 49.3462
1757603 11.4622 1.94341 29.2295 7.31891 -15.7292 6.94923 49.954
1757629 11.2882 2.73231 28.7545 8.31606 -14.1876 6.76732 51.0911
