1221245 12.477 8.8223 16.8077 12.8759 -3.72015 2.4668 50.9829
1221252 12.477 8.8223 16.8077 12.8759 -3.72015 2.4668 50.9829
1221260 13.1245 8.11036 16.9696 11.2591 -5.42049 2.12092 49.4636
1221271 13.6657 7.35993 17.3234 9.69077 -7.25358 1.86987 48.0398
1221290 14.2069 6.70572 18.1724 8.36446 -9.11978 1.77796 47.4495
1221300 14.6032 6.22467 19.5571 7.61902 -10.5807 1.98366 48.004
1221326 15.0671 5.76288 21.3157 7.49317 -11.6475 2.41109 49.6388
1221335 15.0671 5.76288 21.3157 7.49317 -11.6475 2.41109 49.6388
1221344 15.5117 5.50311 22.9126 7.57061 -12.3066 2.75791 51.498
1221354 15.8692 5.11828 24.2265 7.72551 -12.8694 3.10671 52.9396
1221364 15.8692 5.11828 24.2265 7.72551 -12.8694 3.10671 52.9396
1221372 16.1205 4.85852 24.8835 7.63838 -13.3208 3.23625 53.5009
1221381 16.3235 4.60838 25.1361 7.50285 -13.6961 3.27803 53.5708
1221394 16.3235 4.60838 25.1361 7.50285 -13.6961 3.27803 53.5708
1221402 16.3138 4.37748 24.8835 7.2221 -14.0149 3.24289 52.7969
1221412 16.3138 4.37748 24.8835 7.2221 -14.0149 3.24289 52.7969
1221422 16.3235 4.16582 24.4792 6.97039 -14.2795 3.16534 51.9389
1221432 16.1882 4.13696 24.2164 6.92198 -14.2556 3.15173 51.4635
1221451 16.1882 4.13696 24.2164 6.92198 -14.2556 3.15173 51.4635
1221454 15.9272 4.12733 24.0042 6.90262 -14.1781 3.19425 50.9613
1221463 15.5793 3.90606 23.8728 6.96071 -14.2021 3.38286 50.3188
1221476 15.5793 3.90606 23.8728 6.96071 -14.2021 3.38286 50.3188
1221486 15.3087 3.89643 23.8627 7.00911 -14.1112 3.49462 50.0769
1221494 15.3087 3.89643 23.8627 7.00911 -14.1112 3.49462 50.0769
1221506 14.9414 3.80023 24.0244 7.13497 -14.0431 3.73269 49.901
1221514 14.6515 3.75212 24.2063 7.29954 -13.9283 3.93779 49.9095
1221524 14.6515 3.75212 24.2063 7.29954 -13.9283 3.93779 49.9095
1221534 14.3712 3.64629 24.3478 7.39636 -13.9045 4.13771 49.7617
1221544 14.1489 3.61743 24.4388 7.61902 -13.7239 4.30255 49.8242
1221554 14.1489 3.61743 24.4388 7.61902 -13.7239 4.30255 49.8242
1221570 13.9653 3.57895 24.6611 7.81264 -13.6125 4.47723 50.018
1221575 13.9653 3.57895 24.6611 7.81264 -13.6125 4.47723 50.018
1221585 13.7527 3.61743 24.8228 7.89977 -13.5041 4.59722 50.0927
1221595 13.5497 3.57895 25.126 7.9869 -13.4898 4.77221 50.2416
1221614 13.5497 3.57895 25.126 7.9869 -13.4898 4.77221 50.2416
1221617 13.4821 3.53084 25.2878 8.13212 -13.4371 4.87984 50.4328
1221625 13.3081 3.44426 25.4293 8.17084 -13.4662 5.01893 50.3525
1221641 13.3081 3.44426 25.4293 8.17084 -13.4662 5.01893 50.3525
1221646 13.1728 3.43463 25.4697 8.21925 -13.4148 5.09424 50.2964
1221656 13.1728 3.43463 25.4697 8.21925 -13.4148 5.09424 50.2964
1221666 13.0085 3.41539 25.6213 8.31606 -13.3527 5.21634 50.3613
1221678 12.7572 3.36729 25.9346 8.52904 -13.242 5.43777 50.5882
1221695 12.7572 3.36729 25.9346 8.52904 -13.242 5.43777 50.5882
1221704 12.5156 3.26146 26.2681 8.76139 -13.168 5.68403 50.8066
1221714 12.1387 3.17487 26.4804 8.89692 -13.0927 5.93708 50.6909
1221722 12.1387 3.17487 26.4804 8.89692 -13.0927 5.93708 50.6909
1221731 11.7425 3.09791 26.7533 9.0131 -13.0342 6.20253 50.6067
1221742 11.7425 3.09791 26.7533 9.0131 -13.0342 6.20253 50.6067
1221749 11.3366 2.85739 26.6421 9.04214 -13.0714 6.46284 49.8782
1221762 10.9113 2.71307 26.5916 9.02278 -13.0827 6.69898 49.2387
1221769 10.9113 2.71307 26.5916 9.02278 -13.0827 6.69898 49.2387
1221779 10.4571 2.57838 26.7634 9.08087 -13.0735 6.99947 48.8797
1221789 10.0995 2.44369 26.8746 9.13895 -13.0731 7.25039 48.5567
1221799 10.0995 2.44369 26.8746 9.13895 -13.0731 7.25039 48.5567
1221825 9.63559 2.33786 26.9756 9.48747 -12.793 7.58404 48.4365
1221827 9.39397 2.33786 26.6421 10.2426 -12.0615 7.76059 48.6165
1221830 9.39397 3.19411 26.6421 10.2426 -11.4201 7.36666 49.4728
1221840 9.50028 4.72383 25.591 11.0074 -9.52335 6.60365 50.8225
1221850 9.50028 4.72383 25.591 11.0074 -9.52335 6.60365 50.8225
1221860 9.33599 5.88795 24.2063 12.0336 -7.58822 6.12546 51.4638
1221870 9.18135 7.08093 23.0238 14.2796 -5.06136 5.89214 53.5657
1221880 9.18135 7.08093 23.0238 14.2796 -5.06136 5.89214 53.5657
1221891 8.93007 8.58178 21.6694 17.7236 -1.88654 5.76783 56.9049
1221905 8.93007 8.58178 21.6694 17.7236 -1.88654 5.76783 56.9049
1221912 8.46617 9.90945 19.4055 19.4989 0.670686 5.37589 57.28
1221921 7.83798 11.1313 16.494 19.8269 2.99609 4.70743 55.2902
1221947 7.24844 12.3435 13.6 19.8173 5.33508 3.91214 53.0092
1221951 6.51393 13.4211 11.2119 20.0778 7.69794 3.32496 51.2246
1221966 6.51393 13.4211 11.2119 20.0778 7.69794 3.32496 51.2246
1221973 5.81808 14.3543 9.47143 21.0715 9.92613 3.0673 50.7153
1221982 4.95793 15.0758 8.48988 22.3161 11.7743 3.17829 50.8398
1222009 4.39738 15.7397 7.89286 23.744 13.1309 3.33175 51.774
1222012 4.39738 15.7397 7.89286 23.744 13.1309 3.33175 51.774
1222027 3.70153 16.24 7.67024 25.0948 14.2122 3.64951 52.7065
1222034 3.10233 16.5767 7.39702 25.9342 15.0969 3.86308 53.0102
1222044 3.10233 16.5767 7.39702 25.9342 15.0969 3.86308 53.0102
1222054 2.54179 16.8846 7.04286 26.2429 15.9085 3.9439 52.7121
1222064 2.11654 17.1339 6.71905 26.349 16.556 3.96158 52.3186
1222085 2.11654 17.1339 6.71905 26.349 16.556 3.96158 52.3186
1222090 1.75895 17.3444 6.47619 26.2429 17.0545 3.94107 51.8224
1222099 1.75895 17.3444 6.47619 26.2429 17.0545 3.94107 51.8224
1222108 1.527 17.4209 6.13214 25.9342 17.4931 3.85726 51.0142
1222116 1.34338 17.4305 5.85893 25.5868 17.8292 3.78494 50.2196
1222143 1.31438 17.3827 5.84881 25.2588 17.8087 3.73777 49.8047
1222146 1.36271 17.3731 5.70714 25.0465 17.8572 3.64255 49.4895
1222156 1.36271 17.3731 5.70714 25.0465 17.8572 3.64255 49.4895
1222166 1.34338 17.287 5.66667 24.9694 17.8856 3.65532 49.2664
1222176 1.34338 17.287 5.66667 24.9694 17.8856 3.65532 49.2664
1222186 1.29505 17.2105 5.72738 24.9983 17.8679 3.7233 49.2312
1222196 1.2564 17.0383 5.77798 24.9886 17.831 3.81318 49.0613
1222206 1.2564 17.0383 5.77798 24.9886 17.831 3.81318 49.0613
1222217 1.30472 16.8268 5.76786 25.0851 17.7808 3.89555 48.9845
1222231 1.15009 16.6152 5.79821 25.3167 17.8925 4.09665 48.8801
1222238 1.15009 16.6152 5.79821 25.3167 17.8925 4.09665 48.8801
1222247 1.17908 16.4228 5.8994 25.5868 17.79 4.2427 49.0881
1222260 1.17908 16.4228 5.8994 25.5868 17.79 4.2427 49.0881
1222267 1.05344 16.0764 5.99048 25.8377 17.8062 4.50335 48.958
1222282 1.00512 15.7397 6.10179 26.185 17.7527 4.75469 49.0316
1222287 1.00512 15.7397 6.10179 26.185 17.7527 4.75469 49.0316
1222297 0.956794 15.4895 6.20298 26.5613 17.7254 4.97391 49.2106
1222308 0.850483 15.2201 6.35476 26.7446 17.6731 5.19486 49.17
1222322 0.850483 15.2201 6.35476 26.7446 17.6731 5.19486 49.17
1222329 0.840819 14.9989 6.45595 27.0533 17.607 5.37081 49.349
1222339 0.840819 14.9989 6.45595 27.0533 17.607 5.37081 49.349
1222349 0.753837 14.8834 6.44583 27.4103 17.7266 5.52162 49.4934
1222359 0.821489 14.8546 6.61786 27.584 17.5424 5.57135 49.8779
1222370 0.821489 14.8546 6.61786 27.584 17.5424 5.57135 49.8779
1222379 0.792496 14.893 6.52679 27.6419 17.6593 5.56116 49.8542
1222394 0.80216 14.9508 6.70893 27.8156 17.5304 5.6004 50.2774
1222400 0.80216 14.9508 6.70893 27.8156 17.5304 5.6004 50.2774
1222413 0.821489 14.9892 6.68869 27.9506 17.5568 5.59819 50.4501
1222420 0.821489 14.9892 6.68869 27.9506 17.5568 5.59819 50.4501
1222434 0.840819 15.0662 6.75952 27.9892 17.498 5.57934 50.6558
1222450 0.80216 15.0374 6.66845 27.8734 17.5859 5.56824 50.3814
1222469 0.840819 14.9892 6.70893 27.8059 17.502 5.56703 50.3449
1222479 0.782831 14.9796 6.72917 27.8927 17.5453 5.61467 50.3844
1222487 0.782831 14.9796 6.72917 27.8927 17.5453 5.61467 50.3844
1222492 0.821489 14.97 6.64821 27.8927 17.5796 5.58768 50.3324
1222501 0.821489 14.97 6.64821 27.8927 17.5796 5.58768 50.3324
1222511 0.821489 14.9123 6.65833 27.748 17.5411 5.58612 50.1401
1222526 0.744173 14.9027 6.67857 27.6322 17.571 5.60394 49.9576
1222532 0.744173 14.9027 6.67857 27.6322 17.571 5.60394 49.9576
1222542 0.80216 14.768 6.7494 27.6226 17.4397 5.6471 49.9421
1222552 1.0631 14.7295 6.99226 27.3814 16.9713 5.55585 50.1662
1222566 1.0631 14.7295 6.99226 27.3814 16.9713 5.55585 50.1662
1222572 1.63331 14.691 7.26548 26.899 16.1874 5.30023 50.4888
1222599 2.32916 14.6237 7.58929 26.1271 15.2126 4.96266 50.6692
1222607 3.22797 14.6333 7.80179 25.3939 14.1986 4.50509 51.0569
1222614 3.22797 14.6333 7.80179 25.3939 14.1986 4.50509 51.0569
1222624 4.08812 14.4505 8.11548 24.4001 13.0484 4.10652 51.0542
1222634 4.89994 14.2196 8.4494 23.3195 11.8837 3.72857 50.8885
1222660 5.83741 13.9406 9.09702 22.2293 10.3883 3.38963 51.1043
1222665 6.86185 13.7385 10.2101 21.3899 8.64767 3.16079 52.2004
1222693 7.83798 13.4595 11.6875 20.3768 6.70465 3.02655 53.3619
1222695 7.83798 13.4595 11.6875 20.3768 6.70465 3.02655 53.3619
1222705 8.60148 12.9304 12.9827 19.2094 4.91195 2.9764 53.724
1222716 9.21035 12.1992 14.0554 17.7911 3.15675 2.93965 53.2561
1222738 9.21035 12.1992 14.0554 17.7911 3.15675 2.93965 53.2561
1222744 9.94485 11.1409 15.1381 16.1674 1.06191 2.92599 52.3913
1222752 10.5634 10.1404 16.0083 14.7346 -0.824517 2.92707 51.4467
1222760 10.5634 10.1404 16.0083 14.7346 -0.824517 2.92707 51.4467
1222766 11.1723 9.1013 16.8887 13.3405 -2.78158 2.95697 50.5028
1222776 11.1723 9.1013 16.8887 13.3405 -2.78158 2.95697 50.5028
1222786 11.6362 8.21619 17.7075 11.9949 -4.60733 2.98156 49.5547
1222805 12.1291 7.32145 18.6272 10.7363 -6.5035 3.04617 48.8141
1222815 12.1291 7.32145 18.6272 10.7363 -6.5035 3.04617 48.8141
1222825 12.5833 6.43633 19.8704 9.7779 -8.34196 3.27588 48.6679
1222833 12.5833 6.43633 19.0214 9.7779 -8.04621 3.06772 47.8189
1222841 12.9699 5.76288 21.6088 9.15831 -9.92805 3.64679 49.4999
1222850 13.4241 4.98359 23.4685 8.81948 -11.3863 4.10694 50.6957
1222858 13.4241 4.98359 23.4685 8.81948 -11.3863 4.10694 50.6957
1222872 13.772 4.40634 24.8936 8.57745 -12.4308 4.44129 51.6494
1222880 14.0136 3.93492 26.0761 8.44191 -13.205 4.73714 52.4666
1222908 14.1103 3.5116 26.8746 8.33542 -13.788 4.9936 52.8319
1222910 14.062 3.11715 27.4608 8.3451 -14.1835 5.27322 52.985
1222929 14.1103 2.98246 27.8246 8.28702 -14.4093 5.36203 53.2044
1222939 14.1103 2.98246 27.8246 8.28702 -14.4093 5.36203 53.2044
1222949 13.9943 2.88625 28.0571 8.35478 -14.4534 5.49739 53.2924
1222964 13.801 2.79966 28.2491 8.42255 -14.4671 5.65142 53.2723
1222970 13.801 2.79966 28.2491 8.42255 -14.4671 5.65142 53.2723
1222981 13.6367 2.70345 28.148 8.41287 -14.4933 5.73355 52.9011
1222990 13.1922 2.588 28.0874 8.41287 -14.479 5.94489 52.2804
1223003 13.1922 2.588 28.0874 8.41287 -14.479 5.94489 52.2804
1223010 12.7959 2.50141 28.0166 8.43223 -14.4353 6.13134 51.7462
1223036 12.2837 2.36672 27.9358 8.42255 -14.4241 6.38359 51.0087
1223041 11.8294 2.21279 28.0975 8.53872 -14.3924 6.68745 50.6785
1223051 11.8294 2.21279 28.0975 8.53872 -14.3924 6.68745 50.6785
1223061 11.2786 2.09734 28.1177 8.59681 -14.3252 6.98895 50.0904
1223072 10.7374 1.95303 28.148 8.72266 -14.2298 7.31834 49.5611
1223081 10.7374 1.95303 28.148 8.72266 -14.2298 7.31834 49.5611
1223093 10.3701 1.79909 28.3502 8.84852 -14.2161 7.605 49.3679
1223101 10.3701 1.79909 28.3502 8.84852 -14.2161 7.605 49.3679
1223116 9.86754 1.63554 28.5725 9.05182 -14.1228 7.97557 49.1274
1223122 9.6066 1.63554 28.9263 9.168 -14.0512 8.16399 49.3364
1223137 9.6066 1.63554 28.9263 9.168 -14.0512 8.16399 49.3364
1223142 9.31666 1.56819 29.28 9.3713 -13.9581 8.40794 49.5362
1223152 9.04605 1.49123 29.6034 9.60364 -13.8481 8.64514 49.7444
1223171 9.04605 1.49123 29.6034 9.60364 -13.8481 8.64514 49.7444
1223172 8.85276 1.45274 29.7348 9.66173 -13.8189 8.77963 49.7021
1223184 8.85276 1.45274 29.7348 9.66173 -13.8189 8.77963 49.7021
1223194 8.67879 1.40464 29.7955 9.7295 -13.778 8.90218 49.6084
1223212 8.63047 1.44312 29.8359 9.90376 -13.6106 8.93318 49.8133
1223214 8.63047 1.44312 29.8359 9.90376 -13.6106 8.93318 49.8133
1223224 8.70779 1.46237 29.9269 10.0199 -13.5445 8.91215 50.117
1223234 8.71745 1.55857 30.0684 10.1264 -13.424 8.8919 50.4708
1223244 8.71745 1.55857 30.0684 10.1264 -13.424 8.8919 50.4708
1223259 8.77544 1.60668 30.1897 10.291 -13.3041 8.8764 50.8628
1223276 8.84309 1.71251 30.2604 10.2813 -13.2637 8.80265 51.0973
1223285 8.85276 1.71251 30.1492 10.1845 -13.3131 8.77281 50.899
1223299 8.85276 1.71251 30.1492 10.1845 -13.3131 8.77281 50.899
1223305 8.74645 1.6644 29.8056 10.1071 -13.3042 8.79365 50.3235
1223315 8.74645 1.6644 29.8864 10.0974 -13.3303 8.80241 50.3947
1223325 8.74645 1.6644 29.8864 10.0974 -13.3303 8.80241 50.3947
1223335 8.69812 1.6163 29.8662 10.049 -13.3881 8.83964 50.2296
1223350 8.69812 1.6163 29.8662 10.049 -13.3881 8.83964 50.2296
1223356 8.75611 2.09734 29.5933 10.4265 -12.6911 8.59972 50.8733
1223369 9.03638 3.33843 28.7039 10.7267 -11.4251 7.83387 51.8054
1223376 9.03638 3.33843 28.7039 10.7267 -11.4251 7.83387 51.8054
1223386 9.14269 4.4352 27.6427 11.0849 -10.164 7.21234 52.3054
1223396 8.99773 5.42615 26.1266 11.4624 -8.76503 6.6806 52.0129
1223406 8.99773 5.42615 26.1266 11.4624 -8.76503 6.6806 52.0129
1223421 8.73678 6.7442 24.3983 12.1691 -6.83103 6.07698 52.0485
1223427 8.73678 6.7442 24.3983 12.1691 -6.83103 6.07698 52.0485
1223438 8.53383 8.11036 22.6599 13.2147 -4.6977 5.49244 52.5188
1223447 8.13758 9.23599 21.1034 14.5604 -2.56643 5.17283 53.0374
1223459 8.13758 9.23599 21.1034 14.5604 -2.56643 5.17283 53.0374
1223467 7.59636 10.1115 19.3549 15.5769 -0.599799 4.90808 52.6397
1223482 7.04548 10.7657 17.3537 16.1674 1.23406 4.59067 51.3324
1223489 7.04548 10.7657 17.3537 16.1674 1.23406 4.59067 51.3324
1223503 6.45594 11.3045 15.553 16.8161 3.04791 4.37127 50.1294
1223509 6.45594 11.3045 15.553 16.8161 3.04791 4.37127 50.1294
1223519 5.92439 11.8144 14.0452 17.6078 4.78449 4.22569 49.3918
1223537 5.34451 12.3916 12.5577 18.8042 6.76889 4.16283 49.0981
1223547 5.34451 12.3916 12.5577 18.8042 6.76889 4.16283 49.0981
1223555 4.86128 12.863 11.3435 20.0488 8.5038 4.17413 49.1166
1223565 4.49403 13.5173 10.2202 21.1969 10.1156 4.06827 49.4285
1223575 4.49403 13.5173 10.2202 21.1969 10.1156 4.06827 49.4285
1223584 4.09778 14.1234 9.42083 22.4801 11.5143 4.09395 50.1221
1223595 3.98181 14.7391 9.03631 23.8888 12.3968 4.12544 51.646
1223601 3.98181 14.7391 9.03631 23.8888 12.3968 4.12544 51.646
1223611 3.77885 15.2105 9.02619 24.9694 12.9163 4.24824 52.9849
1223626 3.77885 15.2105 9.02619 24.9694 12.9163 4.24824 52.9849
1223631 3.58556 15.5569 9.01607 25.857 13.3352 4.36836 54.0155
1223642 3.28596 15.7782 8.925 26.3104 13.7559 4.46725 54.2996
1223651 3.28596 15.7782 8.925 26.3104 13.7559 4.46725 54.2996
1223666 2.9477 15.884 8.69226 26.3683 14.2007 4.51704 53.8923
1223672 2.54179 15.8359 8.38869 26.1078 14.6637 4.57279 52.8742
1223699 2.19386 15.8166 8.00417 25.6351 15.1277 4.53886 51.6497
1223702 2.19386 15.8166 8.00417 25.6351 15.1277 4.53886 51.6497
1223715 2.02956 15.8263 7.69048 25.0851 15.4012 4.42012 50.6314
1223724 1.8556 15.7493 7.4375 24.6124 15.6423 4.36362 49.6548
1223735 1.8556 15.7493 7.4375 24.6124 15.6423 4.36362 49.6548
1223744 1.91359 15.6819 7.42738 24.4387 15.5574 4.32777 49.4616
1223759 1.87493 15.7397 7.3869 24.4194 15.6296 4.3074 49.4209
1223764 1.87493 15.7397 7.3869 24.4194 15.6296 4.3074 49.4209
1223774 1.90392 15.7974 7.3869 24.3905 15.6113 4.26731 49.4787
1223790 1.90392 15.7974 7.3869 24.3905 15.6113 4.26731 49.4787
1223795 1.94258 15.8744 7.42738 24.4773 15.5776 4.24998 49.7216
1223807 1.96191 15.7974 7.51845 24.5255 15.4822 4.30233 49.8033
1223815 1.96191 15.7974 7.51845 24.5255 15.4822 4.30233 49.8033
1223830 1.9909 15.7493 7.50833 24.5738 15.4669 4.31792 49.8223
1223835 1.97157 15.5569 7.58929 24.7667 15.417 4.45858 49.8845
1223845 1.97157 15.5569 7.58929 24.7667 15.417 4.45858 49.8845
1223860 1.90392 15.2201 7.72083 24.9404 15.3337 4.68125 49.7853
1223866 1.90392 15.2201 7.72083 24.9404 15.3337 4.68125 49.7853
1223877 1.75895 14.9027 7.8625 25.2202 15.3291 4.95165 49.7443
1223886 1.68164 14.6044 7.92321 25.3649 15.3127 5.14444 49.5742
1223905 1.68164 14.6044 7.92321 25.3649 15.3127 5.14444 49.5742
1223906 1.60432 14.21 8.03452 25.5289 15.2397 5.39186 49.3777
1223916 1.49801 13.8444 8.16607 25.8666 15.2136 5.67806 49.3751
1223926 1.49801 13.8444 8.16607 25.8666 15.2136 5.67806 49.3751
1223949 1.44002 13.4499 8.2875 26.1368 15.1372 5.9418 49.3142
1223955 1.44002 13.4499 8.2875 26.1368 15.1372 5.9418 49.3142
1223961 1.32405 12.9015 8.54048 26.5131 14.9912 6.33979 49.2791
1223975 1.24673 12.3435 8.88452 27.0823 14.7782 6.77297 49.5571
1223978 1.24673 12.3435 8.88452 27.0823 14.7782 6.77297 49.5571
1223987 1.13076 11.901 9.15774 27.6515 14.6787 7.15602 49.841
1223998 0.985787 11.3718 9.39048 28.2304 14.6193 7.58225 49.9785
1224007 0.985787 11.3718 9.39048 28.2304 14.6193 7.58225 49.9785
1224026 0.9278 10.9485 9.58274 28.626 14.5073 7.88632 50.085
1224035 0.9278 10.9485 9.58274 28.626 14.5073 7.88632 50.085
1224047 0.773167 10.5252 9.75476 29.0119 14.4857 8.2298 50.065
1224050 0.647527 10.2366 9.84583 29.311 14.5152 8.47489 50.0409
1224059 0.647527 10.2366 9.84583 29.311 14.5152 8.47489 50.0409
1224072 0.618533 9.81324 10.0381 29.6776 14.3747 8.75935 50.1475
1224084 0.4639 9.49576 10.2304 30.2179 14.3923 9.07257 50.4079
1224095 0.4639 9.49576 10.2304 30.2179 14.3923 9.07257 50.4079
1224100 0.396248 9.13978 10.372 30.5267 14.3245 9.3277 50.4347
1224119 0.396248 9.13978 10.372 30.5267 14.3245 9.3277 50.4347
1224121 0.531552 8.97623 10.5744 30.4495 14.0109 9.35535 50.5317
1224130 1.05344 8.86078 10.6554 29.861 13.3912 9.10225 50.4305
1224143 1.05344 8.86078 10.6554 29.861 13.3912 9.10225 50.4305
1224150 1.43036 8.62026 10.8173 29.1856 12.7655 8.97607 50.0535
1224169 1.84594 8.50481 11.05 28.3751 12.046 8.76159 49.7759
1224177 1.84594 8.50481 11.05 28.3751 12.046 8.76159 49.7759
1224191 2.62877 8.24505 11.4851 27.1981 10.7599 8.41739 49.557
1224196 2.62877 8.24505 11.4851 27.1981 10.7599 8.41739 49.557
1224201 3.73053 8.11998 12.2744 25.6737 8.93033 7.86094 49.7986
1224216 5.44116 7.81211 14.6625 24.2072 5.71515 7.37191 52.1229
1224222 5.44116 7.81211 14.6625 24.2072 5.71515 7.37191 52.1229
1224232 6.89085 7.18676 18.9709 22.9336 1.90179 7.45601 55.9821
1224243 7.91529 6.29202 22.2051 20.7628 -1.34045 7.54538 57.1752
1224254 7.91529 6.29202 22.2051 20.7628 -1.34045 7.54538 57.1752
1224263 8.74645 5.53198 22.7913 17.3377 -3.98296 7.12695 54.4074
1224287 8.74645 5.53198 22.7913 17.3377 -3.98296 7.12695 54.4074
1224289 9.32632 4.56989 22.761 13.7762 -6.81157 6.73392 50.4334
1224294 9.95452 3.79061 23.1754 10.988 -9.57619 6.3929 47.9086
1224311 9.95452 3.79061 23.1754 10.988 -9.57619 6.3929 47.9086
1224312 10.6214 3.17487 23.9435 8.98405 -11.9885 6.14183 46.7238
1224324 11.2689 2.85739 25.4495 7.99658 -13.5921 6.0917 47.5723
1224335 11.2689 2.85739 25.4495 7.99658 -13.5921 6.0917 47.5723
1224344 11.7231 2.57838 26.9554 7.70615 -14.4977 6.23737 48.9631
1224360 11.7231 2.57838 26.9554 7.70615 -14.4977 6.23737 48.9631
1224364 12.0421 2.42445 28.4715 7.9385 -14.8156 6.46962 50.8765
1224374 12.3997 2.42445 29.9471 8.41287 -14.8115 6.63803 53.1841
1224389 12.3997 2.42445 29.9471 8.41287 -14.8115 6.63803 53.1841
1224395 12.5156 2.309 30.9982 8.69362 -14.9089 6.84212 54.5165
1224409 12.6123 2.22241 31.3317 8.82916 -14.9523 6.9077 54.9956
1224415 12.6123 2.22241 31.3317 8.82916 -14.9523 6.9077 54.9956
1224425 12.6509 2.19355 31.2509 8.79043 -14.9938 6.88616 54.8858
1224457 12.6509 2.23203 31.0892 8.80011 -14.9291 6.84826 54.7723
1224459 12.6413 2.21279 30.7556 8.71298 -14.9436 6.79676 54.3227
1224465 12.6413 2.21279 30.7556 8.71298 -14.9436 6.79676 54.3227
1224483 12.4383 2.22241 30.3413 8.54841 -14.9433 6.78677 53.5504
1224486 12.2837 2.19355 29.8966 8.40319 -14.9608 6.77071 52.777
1224496 12.2837 2.19355 29.8966 8.40319 -14.9608 6.77071 52.777
1224508 12.0711 2.21279 29.4114 8.30638 -14.8857 6.75958 52.0016
1224516 11.8584 2.19355 29.0071 8.26765 -14.8092 6.78675 51.3268
1224533 11.8584 2.19355 29.0071 8.26765 -14.8092 6.78675 51.3268
1224536 11.6458 2.15507 28.8252 8.24829 -14.7754 6.86179 50.8744
1224557 11.6458 2.15507 28.8252 8.24829 -14.7754 6.86179 50.8744
1224558 11.4719 2.09734 28.6635 8.25797 -14.7453 6.9376 50.4907
1224567 11.1916 2.05886 28.5826 8.22893 -14.725 7.05958 50.062
1224581 11.1916 2.05886 28.5826 8.22893 -14.725 7.05958 50.062
1224587 10.9306 1.99151 28.4917 8.22893 -14.706 7.19091 49.6428
1224597 10.9306 1.99151 28.4917 8.22893 -14.706 7.19091 49.6428
1224607 10.8147 1.92417 28.4007 8.17084 -14.7638 7.24981 49.3104
1224617 10.718 2.00113 28.4715 8.21925 -14.6576 7.27736 49.4099
1224646 10.7663 1.94341 28.4512 8.13212 -14.78 7.26479 49.2931
1224656 10.776 1.94341 28.3805 8.07403 -14.8143 7.24015 49.174
1224664 10.776 1.94341 28.3805 8.07403 -14.8143 7.24015 49.174
1224680 10.9403 1.95303 28.3805 8.02563 -14.8796 7.15407 49.2995
1224682 10.9983 1.95303 28.4614 8.02563 -14.908 7.14092 49.4383
1224691 10.9983 1.97227 28.4614 7.9869 -14.9237 7.12614 49.4188
1224705 11.1626 1.94341 28.5826 8.02563 -14.9737 7.0912 49.7143
1224710 11.1626 1.94341 28.5826 8.02563 -14.9737 7.0912 49.7143
1224720 11.2689 1.99151 28.5826 8.03531 -14.9487 7.02435 49.8784
1224731 11.3849 1.99151 28.4007 7.91913 -15.0288 6.92511 49.6962
1224740 11.3849 1.99151 28.4007 7.91913 -15.0288 6.92511 49.6962
1224756 11.5395 2.02999 28.3401 7.87073 -15.0556 6.82237 49.7803
1224760 11.5685 2.13582 28.5119 7.95786 -14.9413 6.80593 50.1741
1224780 11.5685 2.13582 28.5119 7.95786 -14.9413 6.80593 50.1741
1224782 11.6652 2.08772 28.522 7.89977 -15.0473 6.777 50.1746
1224791 11.6652 2.08772 28.522 7.89977 -15.0473 6.777 50.1746
1224804 11.6168 2.10696 28.4614 7.85137 -15.0489 6.77174 50.0365
1224811 11.5298 2.03962 28.4512 7.832 -15.0992 6.83427 49.8527
1224828 11.5298 2.03962 28.4512 7.832 -15.0992 6.83427 49.8527
1224836 11.3945 1.98189 28.4007 7.832 -15.1088 6.91091 49.6091
1224854 11.3462 2.11658 28.5018 8.11276 -14.7865 6.9348 50.0773
1224861 11.3559 2.64573 28.3097 8.46128 -14.062 6.72688 50.7726
1224878 11.3559 2.64573 28.3097 8.46128 -14.062 6.72688 50.7726
1224881 11.1819 3.10753 27.7438 8.60649 -13.434 6.53464 50.6397
1224891 10.9403 3.67516 27.1576 8.87756 -12.6085 6.34336 50.6506
1224906 10.9403 3.67516 27.1576 8.87756 -12.6085 6.34336 50.6506
1224912 10.6794 4.31975 26.5006 9.41002 -11.5156 6.16135 50.9097
1224926 10.6794 4.31975 26.5006 9.41002 -11.5156 6.16135 50.9097
1224932 10.3604 5.29145 25.7325 10.1167 -10.0409 5.88259 51.5011
1224942 10.0705 6.63837 24.8329 11.1429 -8.1248 5.48556 52.6847
1224952 10.0705 6.63837 24.8329 11.1429 -8.1248 5.48556 52.6847
1224962 9.72257 7.9468 23.4584 12.1207 -6.15671 5.04514 53.2485
1224976 9.18135 9.13016 21.4774 13.0985 -3.98491 4.61293 52.8874
1224984 9.18135 9.13016 21.4774 13.0985 -3.98491 4.61293 52.8874
1224994 8.59181 10.4001 19.1326 14.0957 -1.54567 4.08932 52.2202
1225004 8.59181 10.4001 19.1326 14.0957 -1.54567 4.08932 52.2202
1225014 7.85731 11.4488 17.0303 15.635 1.05641 3.85574 51.9714
1225033 7.02615 12.4975 15.2292 17.5789 3.73628 3.80777 52.3317
1225035 7.02615 12.4975 15.2292 17.5789 3.73628 3.80777 52.3317
1225053 6.18533 13.3441 13.3976 19.5857 6.35409 3.84304 52.5127
1225055 5.30586 14.133 11.8595 21.3513 8.69849 3.92366 52.6497
1225065 5.30586 14.133 11.8595 21.3513 8.69849 3.92366 52.6497
1225078 4.52302 14.5756 10.4125 22.8564 10.7397 4.05891 52.3675
1225085 4.52302 14.5756 10.4125 22.8564 10.7397 4.05891 52.3675
1225095 3.88516 14.9123 9.25893 24.1203 12.4043 4.19205 52.1767
1225106 3.36327 15.2009 8.6619 25.2781 13.5484 4.39274 52.5042
1225115 3.36327 15.2009 8.6619 25.2781 13.5484 4.39274 52.5042
1225131 2.9187 15.326 8.3381 26.1078 14.318 4.61218 52.6906
1225136 2.49346 15.249 8.25714 26.8604 14.8311 4.93049 52.86
1225146 2.49346 15.249 8.25714 26.8604 14.8311 4.93049 52.86
1225157 2.11654 15.1143 8.17619 27.1788 15.2134 5.16986 52.5858
1225166 1.81694 15.047 8.10536 27.256 15.5005 5.31278 52.2252
1225185 1.81694 15.047 8.10536 27.256 15.5005 5.31278 52.2252
1225187 1.47868 14.7968 7.8119 27.227 15.9474 5.48483 51.3144
1225196 1.47868 14.7968 7.8119 27.227 15.9474 5.48483 51.3144
1225211 1.31438 14.4986 7.67024 27.1402 16.126 5.62905 50.6234
1225217 1.17908 14.3543 7.66012 26.899 16.1771 5.69719 50.0924
1225227 1.17908 14.3543 7.66012 26.899 16.1771 5.69719 50.0924
1225237 1.18874 14.2003 7.50833 26.6481 16.2232 5.68186 49.5455
1225247 1.15975 14.0272 7.39702 26.3201 16.2515 5.68364 48.904
1225264 1.15975 14.0272 7.39702 26.3201 16.2515 5.68364 48.904
1225267 1.15975 14.0368 7.25536 25.9631 16.3094 5.58358 48.415
1225289 1.15975 14.0368 7.25536 25.9631 16.3094 5.58358 48.415
1225295 1.12109 13.9406 7.15417 25.7798 16.3792 5.5856 47.9956
1225305 1.11143 13.9021 7.20476 25.7316 16.3282 5.60673 47.9498
1225317 1.11143 13.9021 7.20476 25.7316 16.3282 5.60673 47.9498
1225324 1.10176 14.0175 7.12381 25.7509 16.4306 5.54925 47.994
1225329 1.10176 14.0175 7.12381 25.7509 16.4306 5.54925 47.994
1225344 1.08243 14.2869 7.13393 25.7412 16.4847 5.44283 48.2445
1225349 1.18874 14.5371 7.03274 25.7798 16.5309 5.28038 48.5383
1225359 1.18874 14.5371 7.03274 25.7798 16.5309 5.28038 48.5383
1225377 1.2564 14.7583 7.18452 25.8763 16.4001 5.21015 49.0755
1225379 1.29505 14.9508 7.13393 25.9342 16.4537 5.1169 49.3139
1225396 1.29505 14.9508 7.13393 25.9342 16.4537 5.1169 49.3139
1225399 1.35304 15.1817 7.20476 25.9535 16.3893 5.01787 49.6929
1225423 1.35304 15.1817 7.20476 25.9535 16.3893 5.01787 49.6929
1225426 1.35304 15.1336 7.25536 26.1947 16.3807 5.09548 49.9366
1225432 1.38204 15.2586 7.2756 26.4455 16.4046 5.08732 50.3618
1225452 1.33371 15.1432 7.34643 26.5709 16.3878 5.19121 50.3943
1225461 1.28539 15.1047 7.37679 26.7639 16.4288 5.26924 50.5308
1225480 1.28539 15.1047 7.37679 26.7639 16.4288 5.26924 50.5308
1225481 1.28539 15.0662 7.33631 26.7928 16.4604 5.28247 50.4808
1225491 1.28539 15.0662 7.33631 26.7928 16.4604 5.28247 50.4808
1225507 1.19841 15.0374 7.24524 26.7736 16.5991 5.30789 50.2546
1225511 1.20807 15.1239 7.20476 26.6385 16.6165 5.23502 50.1753
1225521 1.20807 15.1239 7.20476 26.6385 16.6165 5.23502 50.1753
1225534 1.20807 15.2971 7.07321 26.542 16.7386 5.12068 50.1204
1225546 1.24673 15.528 7.05298 26.5516 16.7628 5.01094 50.3794
1225560 1.24673 15.528 7.05298 26.5516 16.7628 5.01094 50.3794
1225562 1.33371 15.6531 7.00238 26.5323 16.75 4.91313 50.5215
1225572 1.26606 15.7108 6.98214 26.5516 16.8352 4.91686 50.5107
1225586 1.26606 15.7108 6.98214 26.5516 16.8352 4.91686 50.5107
1225592 1.30472 15.8551 7.0125 26.5227 16.7968 4.84525 50.695
1225612 1.30472 15.8551 7.0125 26.5227 16.7968 4.84525 50.695
1225614 1.31438 15.9417 6.87083 26.378 16.8966 4.74985 50.5049
1225624 1.31438 15.884 6.84048 26.2043 16.8846 4.73092 50.2432
1225650 1.35304 15.7782 6.92143 26.1368 16.7568 4.76007 50.1894
1225654 1.49801 15.7204 7.07321 25.8666 16.4558 4.70154 50.1583
1225669 1.49801 15.7204 7.07321 25.8666 16.4558 4.70154 50.1583
1225675 1.74929 15.6338 7.24524 25.6158 16.0492 4.6208 50.2441
1225691 1.74929 15.6338 7.24524 25.6158 16.0492 4.6208 50.2441
1225695 2.11654 15.6338 7.45774 25.2202 15.507 4.44023 50.4283
1225705 2.83172 15.605 7.85238 24.786 14.5408 4.17083 51.0751
1225717 2.83172 15.605 7.85238 24.786 14.5408 4.17083 51.0751
1225725 3.60489 15.4414 8.24702 24.0817 13.4653 3.87808 51.3751
1225745 4.37806 15.1913 8.82381 23.416 12.2591 3.66841 51.8092
1225751 4.37806 15.1913 8.82381 23.416 12.2591 3.66841 51.8092
1225760 5.15122 14.8257 9.75476 22.4994 10.7307 3.52585 52.2311
1225772 5.15122 14.8257 9.75476 22.4994 10.7307 3.52585 52.2311
1225777 6.10802 14.3062 11.2524 21.6793 8.72847 3.51973 53.3459
1225787 6.92951 13.7963 13.1851 20.8207 6.62429 3.63958 54.7315
1225800 6.92951 13.7963 13.1851 20.8207 6.62429 3.63958 54.7315
1225809 7.5867 12.9977 14.7536 19.6822 4.69812 3.77625 55.0202
1225827 8.13758 12.1319 15.8768 18.206 2.90858 3.81218 54.3522
1225828 8.13758 12.1319 15.8768 18.206 2.90858 3.81218 54.3522
1225837 8.47584 11.1698 16.8685 16.5353 1.11254 3.89019 53.0494
1225854 8.47584 11.1698 16.8685 16.5353 1.11254 3.89019 53.0494
1225857 8.87209 10.1307 17.7176 14.9767 -0.716822 3.97259 51.6971
1225880 9.12337 9.12054 18.6677 13.5632 -2.52962 4.15662 50.4748
1225881 9.12337 9.12054 18.6677 13.5632 -2.52962 4.15662 50.4748
1225889 9.29733 8.07187 20.0826 12.3434 -4.50078 4.53562 49.7952
1225908 9.49062 6.98472 21.7806 11.2882 -6.55898 5.02383 49.5441
1225909 9.49062 6.98472 21.7806 11.2882 -6.55898 5.02383 49.5441
1225919 9.69358 5.99377 23.4382 10.3297 -8.49669 5.48391 49.4552
1225934 9.69358 5.99377 23.4382 10.3297 -8.49669 5.48391 49.4552
1225940 9.83854 4.93548 25.0048 9.78759 -10.1481 6.05803 49.5664
1225950 9.97385 4.05999 26.7432 9.5746 -11.4606 6.6385 50.3516
1225963 9.97385 4.05999 26.7432 9.5746 -11.4606 6.6385 50.3516
1225970 10.1092 3.21336 28.1683 9.42939 -12.5857 7.15094 50.9201
1225990 10.2155 2.65535 29.3306 9.33257 -13.3689 7.50738 51.5339
1225991 10.2155 2.65535 29.3306 9.33257 -13.3689 7.50738 51.5339
1226005 10.2058 2.21279 30.0785 9.3713 -13.8332 7.81725 51.8684
1226018 10.2058 2.21279 30.0785 9.3713 -13.8332 7.81725 51.8684
1226021 10.1478 1.94341 30.6142 9.31321 -14.1802 8.02679 52.0186
1226031 10.1188 1.77985 30.8769 9.41002 -14.2788 8.1598 52.1856
1226057 10.0898 1.77023 30.7658 9.32289 -14.323 8.1509 51.9487
1226061 10.1381 1.8472 30.3312 9.20672 -14.2729 8.02139 51.5232
1226075 10.1381 1.8472 30.3312 9.20672 -14.2729 8.02139 51.5232
1226081 10.3411 1.83758 29.8662 9.00342 -14.3816 7.84285 51.0483
1226091 10.3411 1.83758 29.8662 9.00342 -14.3816 7.84285 51.0483
1226104 10.5731 2.00113 29.3609 8.80011 -14.3553 7.56481 50.7352
1226120 10.7084 2.02999 29.1284 8.72266 -14.3726 7.44604 50.5894
1226132 10.7084 2.02999 29.1284 8.72266 -14.3726 7.44604 50.5894
1226139 10.8533 2.03962 29.0678 8.7033 -14.3979 7.36562 50.664
1226147 10.776 2.11658 29.0273 8.74203 -14.2833 7.36552 50.662
1226160 10.776 2.11658 29.0273 8.74203 -14.2833 7.36552 50.662
1226165 10.7857 2.10696 29.0577 8.73235 -14.3067 7.36861 50.6827
1226174 10.7663 2.10696 28.997 8.73235 -14.2898 7.36801 50.6027
1226186 10.7663 2.09734 28.997 8.75171 -14.2822 7.37518 50.6124
1226194 10.776 2.05886 28.805 8.57745 -14.4097 7.33241 50.2173
1226214 10.776 2.05886 28.805 8.57745 -14.4097 7.33241 50.2173
1226219 10.8437 2.13582 28.6534 8.5 -14.3924 7.23295 50.1329
1226225 10.892 2.10696 28.4512 8.41287 -14.4513 7.17921 49.8631
1226241 10.892 2.10696 28.4512 8.41287 -14.4513 7.17921 49.8631
1226246 10.95 2.1262 28.4007 8.31606 -14.5143 7.12167 49.7929
1226255 10.95 2.1262 28.4007 8.31606 -14.5143 7.12167 49.7929
1226268 10.9693 2.1262 28.4209 8.31606 -14.5226 7.11628 49.8325
1226296 11.0853 2.10696 28.4512 8.33542 -14.5532 7.08132 49.9789
1226297 11.0273 2.1262 28.5321 8.39351 -14.4969 7.12037 50.0791
1226311 11.0273 2.10696 28.5826 8.45159 -14.4769 7.14591 50.1685
1226325 11.0273 2.10696 28.5826 8.45159 -14.4769 7.14591 50.1685
1226327 10.892 2.14544 28.805 8.67426 -14.291 7.25755 50.5167
1226340 10.7663 2.10696 29.3508 8.88724 -14.2448 7.44396 51.1113
1226355 10.7663 2.10696 29.3508 8.88724 -14.2448 7.44396 51.1113
1226358 10.5441 2.01075 29.6944 9.0131 -14.2476 7.65261 51.2623
1226384 10.3894 1.91454 29.8966 8.98405 -14.3536 7.78847 51.1846
1226389 10.0898 1.77023 30.2301 9.18736 -14.3154 8.06125 51.2775
1226399 10.0898 1.77023 30.2301 9.18736 -14.3154 8.06125 51.2775
1226413 9.79022 1.64516 30.321 9.168 -14.3831 8.26332 50.9244
1226419 9.50028 1.53933 30.412 9.28417 -14.3335 8.47229 50.7358
1226429 9.50028 1.53933 30.412 9.28417 -14.3335 8.47229 50.7358
1226442 9.16202 1.46237 30.22 9.24544 -14.3114 8.63679 50.0898
1226450 9.16202 1.46237 30.22 9.24544 -14.3114 8.63679 50.0898
1226470 8.75611 1.45274 30.0785 9.60364 -13.9195 8.8613 49.891
1226477 8.61114 2.28014 29.6439 9.97153 -12.8712 8.53079 50.5067
1226486 8.61114 2.28014 29.6439 9.97153 -12.8712 8.53079 50.5067
1226499 8.15691 2.96321 28.613 10.0393 -11.938 8.29741 49.7724
1226504 7.77999 4.10809 27.2182 10.2813 -10.4322 7.7787 49.3876
1226513 7.77999 4.10809 27.2182 10.2813 -10.4322 7.7787 49.3876
1226528 7.34508 5.59932 25.2878 10.7073 -8.34001 7.06505 48.9394
1226530 7.34508 5.59932 25.2878 10.7073 -8.34001 7.06505 48.9394
1226545 6.96816 7.73514 23.2461 12.082 -5.19531 6.18356 50.0314
1226558 6.58158 9.92869 21.2652 14.6185 -1.57442 5.54645 52.3939
1226570 6.58158 9.92869 21.2652 14.6185 -1.57442 5.54645 52.3939
1226587 6.08869 12.0357 19.4358 17.8008 1.94721 5.17845 55.3609
1226589 5.50881 13.5557 17.2122 19.8076 4.74387 4.80222 56.0844
1226592 5.50881 13.5557 17.2122 19.8076 4.74387 4.80222 56.0844
1226602 4.90961 14.6718 14.6423 20.5602 7.15542 4.2771 54.7838
1226618 4.90961 14.6718 14.6929 20.5602 7.12576 4.287 54.8344
1226622 4.23309 15.6723 12.1024 20.7724 9.52501 3.68586 52.7802
1226632 3.64355 16.2688 9.82559 21.2355 11.7881 3.28075 50.9735
1226649 3.64355 16.2688 9.82559 21.2355 11.7881 3.28075 50.9735
1226655 3.083 16.8557 7.93333 21.9688 13.9485 2.99858 49.8408
1226664 2.70608 17.4592 6.95179 22.8757 15.3407 2.89908 49.9928
1226680 2.70608 17.4592 6.95179 22.8757 15.3407 2.89908 49.9928
1226684 2.46447 17.7845 6.65833 23.9274 16.027 3.05011 50.8346
1226694 2.22285 18.0715 6.59762 24.6703 16.4468 3.19233 51.5622
1226713 2.22285 18.0715 6.59762 24.6703 16.4468 3.19233 51.5622
1226715 2.08755 18.215 6.59762 25.0755 16.645 3.28151 51.9756
1226745 1.92325 18.4254 6.56726 25.2395 16.8604 3.29536 52.1555
1226751 1.90392 18.4828 6.61786 25.336 16.8593 3.31494 52.3406
1226760 1.90392 18.4828 6.61786 25.336 16.8593 3.31494 52.3406
1226775 1.93292 18.4446 6.5875 25.2684 16.8439 3.2963 52.2334
1226777 2.00057 18.3393 6.65833 25.0948 16.689 3.28639 52.093
1226786 2.00057 18.3393 6.65833 25.0948 16.689 3.28639 52.093
1226807 1.92325 18.1097 6.6381 24.8536 16.692 3.33588 51.5247
1226809 1.92325 18.1097 6.6381 24.8536 16.692 3.33588 51.5247
1226816 1.92325 17.8419 6.5875 24.6992 16.6646 3.38526 51.0518
1226839 1.88459 17.4975 6.52679 24.5448 16.6643 3.47533 50.4537
1226841 1.88459 17.4975 6.52679 24.5448 16.6643 3.47533 50.4537
1226850 1.78795 17.1435 6.48631 24.2747 16.6745 3.57083 49.6924
1226869 1.7203 16.7883 6.39524 24.0431 16.7099 3.65591 48.947
1226871 1.7203 16.7883 6.39524 24.0431 16.7099 3.65591 48.947
1226900 1.64298 16.3458 6.4256 24.13 16.6895 3.88309 48.5443
1226900 1.64298 16.3458 6.4256 24.13 16.6895 3.88309 48.5443
1226902 1.57533 15.9128 6.5369 24.1686 16.5837 4.11381 48.1936
1226907 1.46902 15.4895 6.71905 24.5255 16.5067 4.44557 48.2031
1226930 1.46902 15.4895 6.71905 24.5255 16.5067 4.44557 48.2031
1226932 1.44969 15.1047 6.86071 25.0079 16.419 4.7439 48.423
1226938 1.38204 14.9315 7.0125 25.4904 16.4019 4.97454 48.8164
1226960 1.38204 14.9315 7.0125 25.4904 16.4019 4.97454 48.8164
1226962 1.3917 14.7487 7.24524 25.9438 16.2457 5.18411 49.3295
1226967 1.3917 14.7487 7.24524 25.9438 16.2457 5.18411 49.3295
1226992 1.30472 14.5756 7.36667 26.3973 16.2665 5.40355 49.6442
1226993 1.26606 14.2965 7.46786 26.8025 16.2368 5.63114 49.833
1226999 1.26606 14.2965 7.46786 26.8025 16.2368 5.63114 49.833
1227021 1.14042 13.9502 7.50833 27.1691 16.3109 5.90343 49.7681
1227023 1.15009 13.6712 7.7006 27.6129 16.1731 6.13114 50.1348
1227029 1.15009 13.6712 7.7006 27.6129 16.1731 6.13114 50.1348
1227053 1.01478 13.3633 7.80179 27.8541 16.1894 6.379 50.034
1227061 0.976123 13.0939 7.84226 28.0471 16.1745 6.5511 49.9594
1227084 0.889142 12.7091 7.83214 28.105 16.1969 6.76452 49.5354
1227086 0.889142 12.7091 7.83214 28.105 16.1969 6.76452 49.5354
1227090 0.840819 12.3724 8.0244 28.5488 16.0967 7.03807 49.7864
1227100 0.724844 12.0934 8.10536 29.1277 16.1788 7.31695 50.0513
1227116 0.724844 12.0934 8.10536 29.1277 16.1788 7.31695 50.0513
1227120 0.599204 11.8817 8.14583 29.3882 16.2576 7.51368 50.015
1227148 0.599204 11.8817 8.14583 29.3882 16.2576 7.51368 50.015
1227148 0.608869 11.747 8.42917 29.6294 16.0363 7.64741 50.4145
1227150 0.937464 11.747 8.69226 29.7355 15.5798 7.55492 51.1123
1227177 0.937464 11.747 8.69226 29.7355 15.5798 7.55492 51.1123
1227178 1.27572 11.7951 8.76309 29.6005 15.2411 7.3762 51.4344
1227181 1.27572 11.7951 8.76309 29.6005 15.2411 7.3762 51.4344
1227190 1.70097 11.7278 8.95536 29.2338 14.6777 7.1953 51.6179
1227209 2.05856 11.6604 9.00595 28.5295 14.2063 6.97006 51.2545
1227217 2.05856 11.6604 9.00595 28.5295 14.2063 6.97006 51.2545
1227239 2.54179 11.4969 9.01607 27.584 13.5879 6.68304 50.6387
1227241 3.09267 11.2564 9.04643 26.4552 12.8245 6.36478 49.8506
1227244 3.09267 11.2564 9.04643 26.4552 12.8245 6.36478 49.8506
1227254 3.67254 11.0351 9.0869 25.2588 11.9943 6.00512 49.0533
1227273 3.67254 11.0351 9.0869 25.2588 11.9943 6.00512 49.0533
1227274 4.32973 10.8138 9.46131 24.3519 10.9151 5.72025 48.9567
1227282 4.99659 10.4001 10.5238 23.6186 9.33521 5.67604 49.5391
1227309 5.7021 9.81324 13.4381 23.1941 6.64803 6.07417 52.1475
1227312 6.48493 9.09168 17.4447 22.6635 3.5133 6.60815 55.6848
1227337 6.48493 9.09168 17.4447 22.6635 3.5133 6.60815 55.6848
1227338 7.05514 8.02377 20.0018 20.6663 0.732383 6.88535 55.747
1227347 7.05514 8.02377 20.0018 20.6663 0.732383 6.88535 55.747
1227368 7.35475 6.67685 21.2045 17.714 -1.96811 7.0501 52.9501
1227373 7.63502 5.28183 22.1647 14.7927 -4.87484 7.23035 49.8742
1227375 7.63502 5.28183 22.1647 14.7927 -4.87484 7.23035 49.8742
1227384 8.06026 4.22354 23.2461 12.1691 -7.81657 7.27419 47.6991
1227400 8.58215 3.2326 25.0553 10.1264 -10.7872 7.4581 46.9965
1227404 8.58215 3.2326 25.0553 10.1264 -10.7872 7.4581 46.9965
1227414 9.16202 2.53028 27.4304 9.03246 -12.9943 7.71586 48.1552
1227434 9.16202 2.53028 27.4304 9.03246 -12.9943 7.71586 48.1552
1227435 9.73223 2.08772 29.9976 8.94533 -14.1328 8.01461 50.7629
1227445 10.2831 1.82796 32.0696 9.3713 -14.5436 8.21533 53.5519
1227468 10.2831 1.82796 32.0696 9.3713 -14.5436 8.21533 53.5519
1227471 10.6697 1.59706 33.3531 9.5746 -14.8797 8.33262 55.1945
1227475 11.037 1.60668 33.7675 9.73918 -14.8969 8.24476 56.1504
1227500 11.037 1.60668 33.7675 9.73918 -14.8969 8.24476 56.1504
1227502 11.2979 1.67402 33.5856 9.5262 -15.0147 8.06113 56.0837
1227506 11.3366 1.68364 33.0702 9.39066 -15.0197 7.95965 55.481
1227516 11.3366 1.68364 33.0702 9.39066 -15.0197 7.95965 55.481
1227535 11.2882 1.6163 32.0089 8.99374 -15.159 7.81847 53.9072
1227537 11.2882 1.6163 32.0089 8.99374 -15.159 7.81847 53.9072
1227546 11.0949 1.62592 31.0184 8.57745 -15.2485 7.70547 52.3167
1227569 10.9306 1.57782 30.2705 8.36446 -15.28 7.66272 51.1434
1227580 10.6697 1.60668 29.7247 8.23861 -15.2017 7.66932 50.2397
1227601 10.5247 1.51047 29.3306 8.16116 -15.236 7.70991 49.5269
1227602 10.5247 1.51047 29.3306 8.16116 -15.236 7.70991 49.5269
1227608 10.2928 1.55857 29.2497 8.15148 -15.1426 7.78127 49.2525
1227617 10.2928 1.55857 29.2497 8.15148 -15.1426 7.78127 49.2525
1227635 10.2541 1.57782 29.2295 8.12244 -15.1388 7.78304 49.1839
1227639 10.3024 1.54895 29.28 8.16116 -15.1505 7.78711 49.2926
1227649 10.3024 1.54895 29.28 8.16116 -15.1505 7.78711 49.2926
1227669 10.2735 1.55857 29.3912 8.16116 -15.1591 7.81229 49.3844
1227671 10.5151 1.59706 29.3205 8.16116 -15.1618 7.67319 49.5937
1227703 10.66 1.6644 29.4215 8.18052 -15.1406 7.59445 49.9265
1227705 10.66 1.6644 29.4215 8.18052 -15.1406 7.59445 49.9265
1227713 10.95 1.75099 29.4518 8.15148 -15.1574 7.42552 50.3043
1227721 11.1239 1.78947 29.3002 8.09339 -15.1775 7.29924 50.307
1227739 11.1239 1.78947 29.3002 8.09339 -15.1775 7.29924 50.307
1227742 11.4235 1.82796 29.2497 8.01595 -15.2569 7.1305 50.5171
1227750 11.6555 1.86644 29.1688 7.9385 -15.3169 6.98768 50.6293
1227772 11.6555 1.86644 29.1688 7.9385 -15.3169 6.98768 50.6293
1227773 11.9261 1.94341 29.0071 7.90945 -15.2996 6.80711 50.7861
1227781 11.9261 1.94341 29.0071 7.90945 -15.2996 6.80711 50.7861
1227804 12.1291 2.01075 28.9768 7.81264 -15.3558 6.67092 50.9293
1227806 12.2933 2.05886 28.8757 7.79328 -15.3451 6.56104 51.0212
1227811 12.2933 2.05886 28.8757 7.79328 -15.3451 6.56104 51.0212
1227837 12.4576 2.11658 28.6938 7.70615 -15.365 6.42259 50.9742
1227839 12.5833 2.11658 28.2693 7.54157 -15.4395 6.26927 50.5108
1227851 12.5833 2.11658 28.2693 7.54157 -15.4395 6.26927 50.5108
1227852 12.8152 2.16469 27.9762 7.4254 -15.4825 6.08011 50.3815
1227876 12.8926 2.19355 27.5012 7.23178 -15.5404 5.91547 49.8191
1227885 12.9409 2.23203 27.1576 7.16401 -15.508 5.80327 49.4945
1227905 12.9409 2.23203 27.1576 7.16401 -15.508 5.80327 49.4945
1227906 12.9312 2.29938 26.9453 7.1156 -15.4497 5.73029 49.2915
1227914 13.0085 2.29938 26.7634 7.10592 -15.4373 5.66159 49.1772
1227938 13.0085 2.29938 26.7634 7.10592 -15.4373 5.66159 49.1772
1227940 12.8442 2.27051 26.7027 7.15433 -15.3773 5.74075 48.9718
1227954 12.8442 2.27051 26.7634 7.15433 -15.3892 5.7522 49.0324
1227972 12.7283 2.309 26.7634 7.19305 -15.3028 5.79233 48.9937
1227973 12.5833 2.25127 26.7735 7.28018 -15.2518 5.89685 48.8882
1227975 12.5833 2.25127 26.7735 7.28018 -15.2518 5.89685 48.8882
1228006 12.2644 2.26089 26.4905 7.29954 -15.1062 5.98096 48.3153
1228007 12.0807 2.79004 26.066 7.80296 -14.1331 5.84683 48.7397
1228015 12.0807 2.79004 26.066 7.80296 -14.1331 5.84683 48.7397
1228016 12.0131 3.98302 25.3484 8.50968 -12.4708 5.37427 49.8542
1228041 11.9454 5.6378 24.8228 10.291 -9.88644 4.99001 52.6971
1228043 11.9454 5.6378 24.8228 10.291 -9.88644 4.99001 52.6971
1228046 11.5975 7.16752 24.1153 13.3793 -6.73932 4.9937 56.2596
1228056 11.5975 7.16752 24.1153 13.3793 -6.73932 4.9937 56.2596
1228075 10.9113 8.67799 22.761 15.8673 -3.91935 4.90548 58.2176
1228081 10.0898 10.073 20.214 16.3417 -1.71424 4.33532 56.7185
1228109 9.16202 11.4392 17.475 15.664 0.216842 3.49957 53.7402
1228110 8.09892 12.5744 14.7839 15.5672 2.57659 2.84504 51.0245
1228122 8.09892 12.5744 14.7839 15.5672 2.57659 2.84504 51.0245
1228142 7.04548 13.6904 12.497 16.1384 5.20865 2.40002 49.3713
1228143 7.04548 13.6904 12.497 16.1384 5.20865 2.40002 49.3713
1228147 6.05969 14.7102 10.544 17.2894 7.91917 2.17996 48.6034
1228157 5.22854 15.5761 9.00595 18.7849 10.3541 2.15644 48.5955
1228176 5.22854 15.5761 9.00595 18.7849 10.3541 2.15644 48.5955
1228178 4.57135 16.2784 7.73095 20.6952 12.5169 2.30632 49.276
1228210 3.80785 16.2784 6.82024 22.403 14.2231 2.77946 49.3095
1228211 3.80785 17.0957 6.82024 22.403 14.3988 2.48959 50.1267
1228213 3.31495 17.7845 6.35476 23.7826 15.5637 2.64594 51.2368
1228219 3.31495 17.7845 6.35476 23.7826 15.5637 2.64594 51.2368
1228244 2.82206 18.4254 6.03095 24.6799 16.4807 2.73201 51.9584
1228245 2.4548 19.0377 6.01071 25.3649 16.9937 2.80409 52.8681
1228250 2.4548 19.0377 6.01071 25.3649 16.9937 2.80409 52.8681
1228260 2.20352 19.4873 5.81845 25.7894 17.4745 2.79097 53.2988
1228280 1.82661 19.7935 5.49464 25.7509 18.0756 2.7311 52.8656
1228283 1.82661 19.7935 5.49464 25.7509 18.0756 2.7311 52.8656
1228290 1.62365 20.0326 5.35298 25.4228 18.347 2.60895 52.4321
1228317 1.49801 20.2718 5.1506 25.2202 18.6243 2.47436 52.1406
1228326 1.42069 20.4153 4.94821 24.9694 18.8469 2.34232 51.7536
1228348 1.42069 20.4153 4.94821 24.9694 18.8469 2.34232 51.7536
1228350 1.43036 20.5684 4.99881 24.622 18.7725 2.21489 51.6196
1228355 1.42069 20.5875 4.77619 24.2361 18.9271 2.0592 51.0205
1228364 1.42069 20.5875 4.77619 24.2361 18.9271 2.0592 51.0205
1228383 1.45935 20.6832 4.59405 23.6669 18.9951 1.82082 50.4034
1228385 1.45935 20.6832 4.59405 23.6669 18.9951 1.82082 50.4034
1228396 1.527 20.8458 4.43214 23.0397 19.0223 1.53448 49.8447
1228418 1.47868 21.0084 4.22976 22.5187 19.2029 1.29826 49.2356
1228420 1.47868 21.0084 4.22976 22.5187 19.2029 1.29826 49.2356
1228422 1.59466 21.238 4.06786 22.046 19.2156 1.00553 48.9465
1228432 1.56566 21.5346 3.94643 21.5539 19.3292 0.740755 48.6006
1228453 1.56566 21.5346 3.94643 21.5539 19.3292 0.740755 48.6006
1228457 1.68164 21.8599 3.84524 21.3127 19.3255 0.497882 48.6995
1228465 1.68164 21.8599 3.84524 21.3127 19.3255 0.497882 48.6995
1228487 1.63331 22.1086 3.81488 21.1583 19.4081 0.379132 48.7151
1228489 1.6913 22.3191 3.71369 21.004 19.4539 0.217724 48.728
1228494 1.6913 22.3191 3.71369 21.004 19.4539 0.217724 48.728
1228504 1.62365 22.5008 3.67321 20.9364 19.5656 0.149328 48.7341
1228523 1.65264 22.6826 3.60238 20.9654 19.6271 0.0713164 48.903
1228525 1.65264 22.6826 3.60238 20.9654 19.6271 0.0713164 48.903
1228535 1.66231 22.8931 3.59226 20.9461 19.6484 -0.00520617 49.0937
1228557 1.66231 22.8931 3.59226 20.9461 19.6484 -0.00520617 49.0937
1228559 1.73962 22.96 3.62262 20.9171 19.5549 -0.0487134 49.2394
1228566 1.77828 23.1322 3.68333 20.8882 19.4812 -0.102764 49.4821
1228593 1.77828 23.1322 3.68333 20.8882 19.4812 -0.102764 49.4821
1228594 1.84594 23.1514 3.59226 21.0619 19.5236 -0.10368 49.6514
1228597 1.84594 23.1801 3.825 21.3224 19.3487 0.0362778 50.1734
1228606 1.84594 23.1801 3.825 21.3224 19.3487 0.0362778 50.1734
1228628 1.8556 23.2183 3.85536 21.6311 19.3523 0.122382 50.5604
1228633 1.8556 23.2183 3.85536 21.6311 19.3523 0.122382 50.5604
1228637 1.79761 23.0844 3.85536 21.7758 19.4045 0.222462 50.5132
1228663 1.76862 22.8644 3.86548 21.8916 19.4095 0.334615 50.3901
1228666 1.76862 22.8644 3.86548 21.8916 19.4095 0.334615 50.3901
1228667 1.68164 22.6348 4.02738 21.9881 19.3286 0.506355 50.3319
1228677 1.556 22.1947 4.00714 22.1714 19.429 0.729382 49.9292
1228697 1.556 22.1947 4.00714 22.1714 19.429 0.729382 49.9292
1228706 1.54633 21.7929 4.0881 22.3547 19.3409 0.935145 49.782
1228709 1.54633 21.7929 4.0881 22.3547 19.3409 0.935145 49.782
1228732 1.44969 21.3337 4.17917 22.7503 19.3386 1.251 49.7128
1228736 1.33371 20.8936 4.35119 23.1941 19.2891 1.60267 49.7726
1228737 1.33371 20.8936 4.35119 23.1941 19.2891 1.60267 49.7726
1228747 1.24673 20.3579 4.48274 23.4932 19.2221 1.92756 49.5806
1228767 1.35304 19.9178 4.78631 23.8212 18.8457 2.20636 49.8784
1228768 1.35304 19.9178 4.78631 23.8212 18.8457 2.20636 49.8784
1228777 1.81694 19.5639 5.19107 23.8791 18.0546 2.28619 50.451
1228803 1.81694 19.5639 5.19107 23.8791 18.0546 2.28619 50.451
1228805 2.37749 19.0951 5.56548 23.6476 17.1645 2.29072 50.6856
1228809 3.112 18.6168 6.1119 23.5221 16.0208 2.30866 51.3628
1228819 3.112 18.6168 6.1119 23.5221 16.0208 2.30866 51.3628
1228839 3.86583 18.1097 6.76964 23.1555 14.754 2.29753 51.9007
1228842 4.5037 17.3253 7.78155 22.8564 13.2924 2.51844 52.4669
1228849 4.5037 17.3253 7.78155 22.8564 13.2924 2.51844 52.4669
1228874 5.45082 16.4324 9.86607 22.4222 10.8626 2.88116 54.1715
1228876 5.45082 16.4324 9.86607 22.4222 10.8626 2.88116 54.1715
1228880 6.43661 15.4318 12.2238 21.689 8.27356 3.23883 55.7812
1228890 7.23877 14.0368 13.8327 20.4154 6.02477 3.50461 55.5237
1228911 7.23877 14.0368 13.8327 20.4154 6.02477 3.50461 55.5237
1228913 7.98294 12.661 14.7333 18.8042 4.03686 3.56955 54.1815
1228921 8.49517 11.1409 15.5732 17.2026 2.0392 3.76052 52.4119
