1506457 9.89552 4.42052 17.8187 6.40954 -10.9511 3.85745 38.5443
1506471 9.89552 4.42052 17.8187 6.40954 -10.9511 3.85745 38.5443
1506477 10.0393 3.86795 18.4554 6.33823 -11.814 4.21943 38.7009
1506487 10.1746 3.50533 18.607 6.26691 -12.3265 4.35519 38.5539
1506514 10.0731 3.22905 18.607 6.14211 -12.6862 4.51244 38.0513
1506520 10.0308 3.04774 18.4453 6.04405 -12.8995 4.55605 37.5679
1506531 10.0308 3.04774 18.4453 6.04405 -12.8995 4.55605 37.5679
1506539 10.0224 3.07364 18.2836 6.04405 -12.8183 4.50181 37.4237
1506548 10.0224 3.07364 18.2836 6.04405 -12.8183 4.50181 37.4237
1506558 10.0139 3.03911 18.0107 5.8925 -12.916 4.40392 36.9562
1506568 9.96318 3.04774 17.566 5.7677 -12.8724 4.26037 36.3446
1506578 9.96318 3.04774 17.566 5.7677 -12.8724 4.26037 36.3446
1506593 9.87015 3.03911 16.9533 5.50026 -12.9261 4.04845 35.3628
1506599 9.8194 3.02184 16.4396 5.4022 -12.8557 3.89262 34.683
1506609 9.8194 3.02184 16.4396 5.4022 -12.8557 3.89262 34.683
1506619 9.75174 2.90096 16.0379 5.19717 -13.0515 3.79888 33.8878
1506630 9.75174 2.90096 16.0379 5.19717 -13.0515 3.79888 33.8878
1506640 9.78557 2.91823 15.8511 5.09019 -13.0987 3.67252 33.6451
1506650 9.77711 2.97867 15.8137 5.11694 -12.9839 3.64014 33.6865
1506660 9.77711 2.97867 15.8137 5.11694 -12.9839 3.64014 33.6865
1506670 9.80249 2.9355 15.8978 5.16151 -13.0212 3.69319 33.7973
1506685 9.87015 3.09091 16.1874 5.4022 -12.7092 3.74603 34.5506
1506693 9.87015 3.09091 16.1874 5.4022 -12.7092 3.74603 34.5506
1506702 10.0478 3.41036 16.3275 5.51809 -12.3548 3.5637 35.3037
1506711 10.0478 3.41036 16.3275 5.51809 -12.3548 3.5637 35.3037
1506730 10.1493 3.80752 16.4956 5.78553 -11.7638 3.44571 36.2379
1506732 10.3269 4.32555 16.4209 6.07079 -11.0054 3.16575 37.1441
1506741 10.3269 4.32555 16.4209 6.07079 -11.0054 3.16575 37.1441
1506752 10.4114 5.05942 16.0753 6.34714 -9.9491 2.75176 37.8933
1506762 10.4537 5.81056 15.3093 6.5076 -8.82646 2.18716 38.0812
1506777 10.4537 5.81056 15.3093 6.5076 -8.82646 2.18716 38.0812
1506792 10.4114 7.15744 12.8154 6.59675 -6.40372 0.74765 36.981
1506807 10.4114 7.15744 12.8154 6.59675 -6.40372 0.74765 36.981
1506816 10.3522 7.67547 11.6852 8.61143 -3.75121 0.888036 38.3243
1506825 10.3522 7.67547 11.6852 8.61143 -3.75121 0.888036 38.3243
1506834 10.1915 8.09853 10.1813 10.4746 -1.1553 0.911193 38.946
1506844 9.83632 8.26257 8.12637 10.9203 0.821212 0.38273 37.1456
1506855 9.83632 8.26257 8.12637 10.9203 0.821212 0.38273 37.1456
1506865 9.40497 8.57339 6.82802 11.8117 2.83475 0.270934 36.6181
1506874 8.85522 9.24683 6.5011 13.4609 4.82833 0.732967 38.0641
1506884 8.85522 9.24683 6.5011 13.4609 4.82833 0.732967 38.0641
1506895 8.19552 9.82529 6.48242 15.1369 6.48599 1.36168 39.6401
1506910 8.19552 9.82529 6.48242 15.1369 6.48599 1.36168 39.6401
1506916 7.4005 10.3088 6.74396 16.7682 7.84334 2.1116 41.2215
1506926 6.28408 10.7232 6.60385 18.0227 9.52229 2.7451 41.6338
1506936 6.28408 10.7232 6.60385 18.0227 9.52229 2.7451 41.6338
1506946 5.16766 10.9736 6.51044 18.8717 10.9379 3.33821 41.5234
1506956 4.15274 10.8959 6.23956 19.1901 12.1631 3.8469 40.4783
1506982 3.23085 10.8095 6.01538 19.1998 13.223 4.27001 39.2556
1506987 3.23085 10.8095 6.01538 19.1998 13.223 4.27001 39.2556
1506997 2.57114 10.6541 5.77253 18.9103 13.9949 4.53369 37.9081
1507008 2.21592 10.4815 5.55769 18.5533 14.4404 4.65124 36.8084
1507017 2.21592 10.4815 5.55769 18.5533 14.4404 4.65124 36.8084
1507027 2.01294 10.3779 5.47363 18.1674 14.6112 4.68346 36.0318
1507037 1.93682 10.3261 5.33352 17.7429 14.7135 4.58989 35.3393
1507052 1.93682 10.3261 5.33352 17.7429 14.7135 4.58989 35.3393
1507063 2.02985 10.2915 5.11868 17.2509 14.6968 4.34472 34.6909
1507081 2.04677 10.2915 4.92253 16.7771 14.7625 4.12542 34.0379
1507100 1.99602 10.3433 4.85714 16.5186 14.8367 4.02034 33.7151
1507103 1.99602 10.3433 4.85714 16.5186 14.8367 4.02034 33.7151
1507111 2.00448 10.5333 4.67033 16.3225 15.0467 3.78241 33.5306
1507119 2.08905 10.7318 4.66099 16.376 15.0318 3.63995 33.8579
1507130 2.08905 10.7318 4.66099 16.376 15.0318 3.63995 33.8579
1507140 2.18209 10.965 4.71703 16.5454 14.975 3.5377 34.4094
1507155 2.16517 11.1808 4.82912 16.8128 15.0047 3.55663 34.9879
1507171 2.19055 11.4053 4.8011 17.0096 15.1266 3.48025 35.4066
1507191 2.22438 11.4657 4.78242 17.0289 15.1317 3.43138 35.5015
1507201 2.19055 11.6298 4.8011 16.8752 15.1517 3.31975 35.4966
1507211 2.19055 11.6298 4.8011 16.8752 15.1517 3.31975 35.4966
1507221 2.92637 12.0442 4.71703 16.6345 14.4783 2.63517 36.3221
1507231 2.92637 12.0442 4.73571 16.6345 14.458 2.64152 36.3408
1507241 3.37463 12.4068 4.73571 16.3225 13.9924 2.14854 36.8396
1507256 3.82289 12.6054 4.79176 15.9035 13.3973 1.72411 37.1235
1507275 4.23731 12.7953 4.90385 15.44 12.7715 1.32884 37.3764
1507283 4.92239 12.968 4.96923 14.7446 11.8477 0.727363 37.6042
1507292 4.92239 12.968 4.96923 14.7446 11.8477 0.727363 37.6042
1507302 5.65821 13.1234 4.90385 13.8977 10.9484 0.00796974 37.5832
1507312 4.05124 13.1234 5.11868 13.8977 12.3312 0.763353 36.1911
1507322 6.21642 13.0802 5.11868 13.0509 9.8729 -0.451253 37.4662
1507338 6.71542 12.9594 5.9033 12.2664 8.32819 -0.596564 37.8445
1507343 6.71542 12.9594 5.9033 12.2664 8.32819 -0.596564 37.8445
1507354 7.08756 12.4327 7.36044 11.4373 6.14726 -0.282828 38.318
1507364 7.48507 11.6298 8.51868 10.225 3.86371 -0.147073 37.8585
1507374 7.48507 11.6298 8.51868 10.225 3.86371 -0.147073 37.8585
1507383 7.89104 10.4383 9.51813 8.77189 1.22955 -0.0161022 36.6194
1507393 8.36468 9.29 10.8258 7.92501 -1.35659 0.451648 36.4055
1507403 8.36468 9.29 10.8258 7.92501 -1.35659 0.451648 36.4055
1507421 8.92289 8.53022 12.4511 7.62192 -3.47881 1.04724 37.5261
1507430 8.92289 8.53022 12.4511 7.62192 -3.47881 1.04724 37.5261
1507438 9.45572 7.6841 14.039 7.71998 -5.1998 1.78122 38.8988
1507448 9.90398 6.95886 15.5335 8.00524 -6.4808 2.47858 40.4016
1507457 9.90398 6.95886 15.5335 8.00524 -6.4808 2.47858 40.4016
1507466 10.2677 6.25952 16.533 7.95176 -7.6742 2.91045 41.0119
1507476 10.403 6.25952 16.8973 7.72889 -8.06022 2.89316 41.2887
1507485 10.403 5.37887 16.8973 7.72889 -8.78073 3.28312 40.408
1507505 10.3776 4.71407 17.0202 7.37231 -9.69467 3.53338 39.4842
1507523 10.3015 4.17877 16.9253 7.13162 -10.3253 3.72756 38.5372
1507533 10.1746 3.81615 16.8786 6.92659 -10.7885 3.89501 37.7959
1507542 10.1746 3.81615 16.8786 6.92659 -10.7885 3.89501 37.7959
1507547 9.98856 3.56577 16.5423 6.90876 -10.8473 4.01161 37.0054
1507556 9.98856 3.56577 16.5423 6.90876 -10.8473 4.01161 37.0054
1507566 9.82786 3.53123 16.1313 6.68589 -10.8787 3.92168 36.1763
1507576 9.61642 3.5226 15.6082 6.55218 -10.7296 3.83352 35.2994
1507587 9.61642 3.5226 15.6082 6.55218 -10.7296 3.83352 35.2994
1507598 9.39652 3.43626 15.3093 6.33823 -10.826 3.8347 34.4803
1507607 9.23582 3.35856 15.1132 6.30257 -10.7967 3.89062 34.0101
1507617 9.23582 3.35856 15.1132 6.30257 -10.7967 3.89062 34.0101
1507632 9.1597 3.41899 15.0945 6.30257 -10.6934 3.89324 33.9758
1507638 9.15124 3.38446 15.2253 6.36497 -10.7155 3.97991 34.1259
1507648 9.15124 3.38446 15.2253 6.36497 -10.7155 3.97991 34.1259
1507659 9.17662 3.4449 15.3467 6.45412 -10.6212 4.00001 34.4223
1507684 9.17662 3.45353 15.6269 6.59675 -10.5822 4.12875 34.8538
1507690 9.31194 3.50533 15.7203 6.75721 -10.4617 4.10553 35.2948
1507699 9.31194 3.50533 15.7203 6.75721 -10.4617 4.10553 35.2948
1507709 9.66716 4.15287 15.5989 6.76612 -9.91229 3.5422 36.1851
1507719 9.95473 4.57593 15.2626 6.77504 -9.47979 3.07931 36.5683
1507735 9.95473 4.57593 15.2626 6.77504 -9.47979 3.07931 36.5683
1507741 10.3861 5.04215 14.6555 6.67698 -9.06024 2.4092 36.7607
1507751 10.3861 5.04215 14.6555 6.67698 -9.06024 2.4092 36.7607
1507761 10.8428 5.56882 13.8615 6.49869 -8.59137 1.61073 36.7718
1507772 11.3164 6.61351 13.0582 7.77347 -6.44173 1.12293 38.7616
1507799 11.8831 8.04672 12.283 9.87729 -3.70755 0.794885 42.0901
1507808 11.7985 8.42661 10.1159 9.94861 -2.19611 -0.0597829 40.2897
1507817 11.7985 8.42661 10.1159 9.94861 -2.19611 -0.0597829 40.2897
1507826 11.3756 9.00508 7.91154 9.12847 -0.7707 -1.33911 37.4207
1507836 10.9781 9.46267 6.68791 9.39591 0.816271 -1.78933 36.5246
1507845 10.9781 9.46267 6.68791 9.39591 0.816271 -1.78933 36.5246
1507853 10.4622 10.1102 6.23956 10.43 2.5767 -1.57195 37.242
1507863 10.4622 10.1102 6.23956 10.43 2.5767 -1.57195 37.242
1507873 9.72637 10.8095 6.00604 11.7404 4.45215 -1.09297 38.2824
1507884 8.82139 11.3621 6.13681 13.2381 6.09351 -0.306619 39.5584
1507900 8.82139 11.3621 6.13681 13.2381 6.09351 -0.306619 39.5584
1507905 7.52736 11.8197 5.93132 14.3702 8.02755 0.361097 39.6486
1507915 6.33483 12.1133 5.72582 15.1993 9.68418 0.943666 39.3732
1507924 6.33483 12.1133 5.72582 15.1993 9.68418 0.943666 39.3732
1507935 5.06617 12.2082 5.4456 15.7876 11.351 1.5421 38.5076
1507945 5.06617 12.2082 5.4456 15.7876 11.351 1.5421 38.5076
1507954 3.98358 12.2082 5.24945 16.1531 12.7202 2.07907 37.5944
1507971 3.29851 12.1564 5.19341 16.3225 13.5154 2.45909 36.9708
1507976 3.29851 12.1564 5.19341 16.3225 13.5154 2.45909 36.9708
1507986 2.85871 12.1823 5.09066 16.376 14.1127 2.64011 36.5077
1507996 2.63881 12.2341 5.08132 16.3403 14.3646 2.70648 36.2946
1508006 2.63881 12.2341 5.08132 16.3403 14.3646 2.70648 36.2946
1508021 2.56269 12.26 5.03462 16.2155 14.4695 2.67268 36.0729
1508027 2.56269 12.26 5.03462 16.2155 14.4695 2.67268 36.0729
1508037 2.59652 12.2687 4.91319 15.9927 14.5031 2.53305 35.771
1508047 2.61343 12.3032 4.85714 15.6807 14.4645 2.37819 35.4544
1508062 2.61343 12.3032 4.85714 15.6807 14.4645 2.37819 35.4544
1508068 2.58806 12.2946 4.66099 15.3597 14.6155 2.20814 34.9033
1508078 2.5796 12.2773 4.55824 15.1279 14.6682 2.09707 34.5431
1508088 2.5796 12.2773 4.55824 15.1279 14.6682 2.09707 34.5431
1508098 2.59652 12.355 4.57692 15.1279 14.6506 2.05735 34.6564
1508108 2.54577 12.3118 4.60495 15.1904 14.6824 2.13735 34.6529
1508130 2.49502 12.3809 4.61429 15.3419 14.7949 2.18775 34.8321
1508140 2.49502 12.3809 4.61429 15.3419 14.7949 2.18775 34.8321
1508151 2.58806 12.3464 4.70769 15.5202 14.6256 2.25815 35.1623
1508169 2.51194 12.26 4.70769 15.7074 14.7411 2.40562 35.1871
1508171 2.51194 12.26 4.70769 15.7074 14.7411 2.40562 35.1871
1508179 2.45274 12.2687 4.66099 15.6985 14.861 2.41074 35.0809
1508198 2.43582 12.1823 4.74505 15.6539 14.7466 2.47628 35.0171
1508208 2.43582 12.1823 4.74505 15.6539 14.7466 2.47628 35.0171
1508217 3.0194 12.5104 4.85714 15.6807 14.0809 2.08275 36.0676
1508223 3.0194 12.5104 4.85714 15.6807 14.0809 2.08275 36.0676
1508232 3.31542 12.6658 4.99725 15.44 13.5873 1.83532 36.4185
1508241 4.00896 12.9076 5.22143 14.9942 12.5709 1.33273 37.1322
1508251 4.00896 12.9076 5.22143 14.9942 12.5709 1.33273 37.1322
1508266 4.89702 13.2961 5.52967 14.183 11.2466 0.601324 37.9058
1508272 5.84428 13.4429 5.61374 12.8904 9.8404 -0.310788 37.7913
1508282 5.84428 13.4429 5.61374 12.8904 9.8404 -0.310788 37.7913
1508293 6.74925 13.5119 6.10879 11.3928 7.97522 -1.09617 37.7627
1508319 7.44279 13.417 8.42527 10.5459 5.08072 -0.711229 39.8309
1508324 8.03483 13.322 11.106 9.77923 2.34384 -0.167443 42.2421
1508350 8.15323 12.7349 11.4236 8.37074 0.93945 -0.40328 40.6825
1508353 8.2801 11.8888 12.0401 7.71106 -0.451131 -0.15695 39.92
1508368 8.2801 11.8888 12.0401 7.71106 -0.451131 -0.15695 39.92
1508374 8.56766 10.6973 12.7874 7.46146 -2.02224 0.373485 39.5138
1508401 8.68607 9.15185 13.4599 7.12271 -3.82049 1.07156 38.4205
1508406 8.77065 7.45099 14.2725 7.00682 -5.72343 2.02303 37.501
1508414 8.77065 7.45099 14.2725 7.00682 -5.72343 2.02303 37.501
1508424 8.85522 5.98324 15.3374 7.14945 -7.40778 3.07366 37.3253
1508436 8.99901 4.80904 16.2621 7.27425 -8.82181 3.90754 37.3444
1508449 8.99901 4.80904 16.2621 7.27425 -8.82181 3.90754 37.3444
1508456 9.1005 3.99746 16.8973 7.34557 -9.81147 4.47696 37.3408
1508466 9.1005 3.99746 16.8973 7.34557 -9.81147 4.47696 37.3408
1508476 9.18507 3.4967 17.1213 7.30991 -10.4409 4.74878 37.113
1508486 9.28657 3.40173 17.2426 7.35448 -10.5758 4.79093 37.2853
1508496 9.28657 3.40173 17.2426 7.35448 -10.5758 4.79093 37.2853
1508506 9.28657 3.41899 17.2224 7.37231 -10.5345 4.78111 37.3002
1508516 9.18507 3.40173 16.9346 7.26534 -10.5015 4.73533 36.7868
1508545 9.05821 3.40173 16.5423 7.0603 -10.4946 4.63473 36.0625
1508547 9.05821 3.40173 16.5423 7.0603 -10.4946 4.63473 36.0625
1508557 9.06667 3.35856 16.2341 6.89984 -10.5756 4.51727 35.5591
1508567 9.01592 3.35856 15.8698 6.75721 -10.5495 4.39375 35.0015
1508577 9.01592 3.35856 15.8698 6.75721 -10.5495 4.39375 35.0015
1508587 8.97363 3.37583 15.4962 6.59675 -10.5228 4.24337 34.4424
1508597 8.89751 3.34129 15.328 6.49869 -10.5573 4.22183 34.0655
1508623 8.80448 3.34129 15.1412 6.62349 -10.3072 4.25485 33.9105
1508629 8.80448 3.34129 15.1412 6.62349 -10.3072 4.25485 33.9105
1508638 8.92289 3.4967 15.1505 6.67698 -10.1467 4.12062 34.2471
1508648 9.09204 3.5744 15.2159 6.71264 -10.1322 4.01595 34.595
1508658 9.09204 3.5744 15.2159 6.71264 -10.1322 4.01595 34.595
1508668 9.24428 3.64347 15.2626 6.89984 -9.95971 3.96919 35.0502
1508678 9.52338 4.23921 15.1692 6.9979 -9.36238 3.50874 35.9297
1508697 9.52338 4.23921 15.1692 6.9979 -9.36238 3.50874 35.9297
1508707 9.83632 4.80904 14.8703 7.05139 -8.78264 2.9848 36.5671
1508716 9.83632 4.80904 14.8703 7.05139 -8.78264 2.9848 36.5671
1508723 10.1746 5.51701 14.3753 6.94442 -8.16539 2.28094 37.0113
1508733 10.5299 6.19045 13.7681 6.8107 -7.57178 1.55172 37.2991
1508742 10.5299 6.19045 13.7681 6.8107 -7.57178 1.55172 37.2991
1508752 10.7413 6.87252 12.806 6.60566 -6.79879 0.72837 37.0255
1508761 10.8682 7.39055 11.5918 6.33823 -6.03167 -0.136255 36.1887
1508771 10.8682 7.39055 11.5918 6.33823 -6.03167 -0.136255 36.1887
1508782 11.0373 8.03809 10.8165 7.81804 -3.97619 -0.175372 37.7099
1508791 11.2403 9.15185 10.4989 10.7331 -1.11369 0.302652 41.6241
1508801 11.2403 9.15185 10.4989 10.7331 -1.11369 0.302652 41.6241
1508811 11.2572 9.70442 8.89231 10.7153 0.166479 -0.50065 40.5692
1508821 11.2572 9.70442 8.89231 10.7153 0.166479 -0.50065 40.5692
1508833 11.105 10.1361 7.54725 10.5281 1.27932 -1.20781 39.3164
1508842 10.7498 10.6023 7.08022 11.268 2.54427 -1.13497 39.7003
1508852 10.7498 10.6023 7.08022 11.268 2.54427 -1.13497 39.7003
1508862 10.0478 10.9304 6.94945 12.3912 3.92149 -0.609223 40.3188
1508872 9.04129 11.1981 6.79066 13.7373 5.58254 0.10618 40.7673
1508882 9.04129 11.1981 6.79066 13.7373 5.58254 0.10618 40.7673
1508901 7.66269 11.3017 6.47308 14.7981 7.43374 0.859997 40.2355
1508919 6.06418 11.1981 6.08077 15.6717 9.43544 1.72637 39.0148
1508929 4.601 11.0254 5.76319 16.2779 11.2425 2.55448 37.6675
1508937 4.601 11.0254 5.76319 16.2779 11.2425 2.55448 37.6675
1508947 3.3408 10.7923 5.50165 16.7861 12.8607 3.3585 36.4208
1508956 2.69801 10.7923 5.52967 17.1447 13.6247 3.80929 36.1647
1508965 2.69801 10.6628 5.52967 17.1447 13.5838 3.87688 36.0352
1508973 2.44428 10.68 5.54835 17.2509 13.8755 4.03978 35.9235
1508983 2.44428 10.68 5.54835 17.2509 13.8755 4.03978 35.9235
1508993 2.49502 10.7318 5.59506 17.3377 13.8134 4.02626 36.1596
1509008 2.60498 10.775 5.61374 17.2219 13.6531 3.9164 36.2156
1509026 2.63035 10.7664 5.51099 17.0482 13.6787 3.82239 35.956
1509034 2.62189 10.7232 5.48297 16.8128 13.6298 3.76702 35.6409
1509045 2.62189 10.7232 5.48297 16.8128 13.6298 3.76702 35.6409
1509055 2.64726 10.7318 5.3522 16.474 13.6389 3.59908 35.2053
1509064 2.64726 10.7318 5.3522 16.474 13.6389 3.59908 35.2053
1509079 2.67264 10.6887 5.24011 16.0907 13.5958 3.44582 34.6921
1509086 2.64726 10.6455 5.08132 15.752 13.6764 3.31441 34.1261
1509096 2.64726 10.6455 5.08132 15.752 13.6764 3.31441 34.1261
1509106 2.64726 10.6628 4.95989 15.4132 13.7078 3.14537 33.6831
1509116 2.61343 10.7318 4.81978 15.1814 13.8546 2.99399 33.3465
1509126 2.61343 10.7318 4.81978 15.1814 13.8546 2.99399 33.3465
1509141 2.64726 10.8527 4.8011 15.119 13.8565 2.88157 33.4201
1509147 2.64726 10.8527 4.8011 15.119 13.8565 2.88157 33.4201
1509157 2.62189 11.034 4.72637 15.119 14.0329 2.7713 33.5013
1509167 2.68955 11.2326 4.76374 15.1904 13.9992 2.67087 33.8762
1509177 2.68955 11.2326 4.76374 15.1904 13.9992 2.67087 33.8762
1509187 3.02786 11.5348 5.17473 15.538 13.3735 2.61518 35.2754
1509197 3.96667 12.1392 5.34286 15.6807 12.4634 1.98671 37.1293
1509212 3.96667 12.1392 5.34286 15.6807 12.4634 1.98671 37.1293
1509218 4.601 12.4672 5.61374 15.7341 11.7051 1.67103 38.4161
1509228 4.601 12.4672 5.61374 15.7341 11.7051 1.67103 38.4161
1509238 5.00697 12.6831 5.94066 15.3686 10.9644 1.39204 38.9994
1509248 6.24179 13.1148 5.89396 14.5752 9.76396 0.419063 39.8258
1509259 6.24179 13.1148 5.89396 14.5752 9.76396 0.419063 39.8258
1509268 7.13831 13.4256 5.66978 13.5322 8.89565 -0.51371 39.7659
1509280 7.61194 13.3047 5.38956 12.1951 8.1155 -1.29815 38.5013
1509289 7.61194 13.3047 5.38956 12.1951 8.1155 -1.29815 38.5013
1509300 7.98408 13.1493 5.29615 10.7866 7.15795 -2.03568 37.2161
1509317 7.98408 13.1493 5.29615 10.7866 7.15795 -2.03568 37.2161
1509319 8.13632 12.7867 6.11813 9.7614 5.63388 -2.05562 36.8025
1509330 8.65224 12.4413 8.69615 9.46723 2.90405 -1.11962 39.257
1509356 8.98209 11.8111 10.0319 8.5936 0.882018 -0.824874 39.4186
1509364 9.26119 10.87 10.8165 7.72889 -0.955875 -0.615023 38.6766
1509384 9.52338 9.89436 11.7038 7.34557 -2.59136 -0.143627 38.4672
1509394 9.52338 9.89436 11.7038 7.34557 -2.59136 -0.143627 38.4672
1509402 9.8194 8.7547 12.7874 7.29208 -4.24281 0.584167 38.6535
1509411 10.0393 7.6841 13.656 7.28317 -5.64374 1.24764 38.6626
1509437 10.1154 6.77755 14.3099 7.12271 -6.86556 1.77673 38.3256
1509442 10.0985 5.8451 14.7022 6.9355 -7.99607 2.27271 37.5813
1509469 10.1323 5.2062 14.917 6.80178 -8.79811 2.5826 37.0574
1509486 10.1239 4.70543 15.244 6.81961 -9.38039 2.94132 36.8929
1509492 10.1408 4.44642 15.328 6.85527 -9.63213 3.09871 36.7705
1509518 10.1577 4.25648 15.4588 6.80178 -9.92389 3.20918 36.6748
1509525 10.1408 4.14424 15.5148 6.85527 -9.99596 3.30857 36.6551
1509533 10.1408 4.14424 15.5148 6.85527 -9.99596 3.30857 36.6551
1509543 10.1323 4.1097 15.3 6.73938 -10.0487 3.22369 36.2814
1509553 10.1323 4.1097 15.3 6.73938 -10.0487 3.22369 36.2814
1509568 10.1662 4.14424 14.9451 6.57001 -10.0466 3.01657 35.8255
1509575 10.1577 4.1615 14.5714 6.3828 -10.0535 2.82153 35.2734
1509584 10.1577 4.1615 14.5714 6.3828 -10.0535 2.82153 35.2734
1509594 10.1915 4.12697 14.3753 6.29365 -10.1081 2.72259 34.9874
1509604 10.107 4.1356 14.2819 6.26691 -10.0501 2.71887 34.7913
1509619 10.107 4.1356 14.2819 6.26691 -10.0501 2.71887 34.7913
1509626 10.09 4.17014 14.3566 6.27583 -10.0313 2.73936 34.8926
1509636 10.1746 4.10107 14.5434 6.40954 -10.0823 2.84311 35.2286
1509654 10.1746 4.10107 14.5434 6.40954 -10.0823 2.84311 35.2286
1509656 10.1915 4.17877 14.8236 6.48977 -10.0512 2.91859 35.6837
1509666 10.1915 4.17877 14.8236 6.48977 -10.0512 2.91859 35.6837
1509686 10.2592 4.23921 14.9451 6.54326 -10.0188 2.91353 35.9867
1509689 10.3353 4.19604 14.9637 6.58783 -10.0568 2.91837 36.0829
1509699 10.3353 4.19604 14.9637 6.58783 -10.0568 2.91837 36.0829
1509707 10.3945 4.21331 14.8984 6.52543 -10.0982 2.83749 36.0316
1509717 10.5214 4.66227 14.861 6.63241 -9.60254 2.58052 36.6771
1509743 10.6736 4.95582 14.5341 6.59675 -9.28661 2.24483 36.7603
1509748 10.6736 4.95582 14.5341 6.59675 -9.28661 2.24483 36.7603
1509758 10.8428 5.43931 14.1137 6.55218 -8.77249 1.77972 36.948
1509768 11.0289 6.14728 13.3478 6.42737 -7.98483 1.05505 36.9513
1509779 11.0289 6.14728 13.3478 6.42737 -7.98483 1.05505 36.9513
1509788 11.1473 7.06247 12.5725 7.47929 -5.99691 0.722167 38.2615
1509803 11.401 8.2971 12.7874 11.2234 -2.66986 1.48001 43.7089
1509821 11.2826 8.87557 11.022 11.7137 -0.999741 0.901356 42.8938
1509831 11.2826 8.87557 11.022 11.7137 -0.999741 0.901356 42.8938
1509839 10.8851 9.13459 8.59341 10.5548 0.134614 -0.333739 39.1679
1509850 10.4453 9.3159 7.25769 10.3854 1.33564 -0.849389 37.4043
1509859 10.4453 9.3159 7.25769 10.3854 1.33564 -0.849389 37.4043
1509870 10.0562 9.74759 6.67857 10.9649 2.65551 -0.865364 37.4472
1509881 9.55721 10.0843 6.51978 11.8385 3.84594 -0.506549 37.9998
1509891 9.55721 10.0843 6.51978 11.8385 3.84594 -0.506549 37.9998
1509901 8.85522 10.2915 6.63187 12.8993 4.97942 0.149095 38.6779
1509911 8.85522 10.2915 6.63187 12.8993 4.97942 0.149095 38.6779
1509921 7.74726 10.2743 6.64121 13.8353 6.31273 0.956556 38.4981
1509931 6.58856 10.1188 6.55714 14.7803 7.72341 1.82549 38.0448
1509941 6.58856 10.1188 6.55714 14.7803 7.72341 1.82549 38.0448
1509951 5.21841 9.69578 6.51978 15.5826 9.14468 2.91282 37.0166
1509970 3.94975 9.3677 6.39835 16.2779 10.6251 3.90019 35.9937
1509978 3.94975 9.3677 6.39835 16.2779 10.6251 3.90019 35.9937
1509988 2.97711 9.10868 6.2956 16.893 11.8563 4.72134 35.2744
1509997 2.97711 9.10868 6.2956 16.893 11.8563 4.72134 35.2744
1510006 2.31741 9.01371 6.46374 17.5017 12.5609 5.36921 35.2966
1510016 2.24975 9.08278 6.56648 18.1578 12.7745 5.5711 36.0568
1510025 2.24975 9.08278 6.56648 18.1578 12.7745 5.5711 36.0568
1510035 2.3597 9.19502 6.8 18.563 12.5944 5.61042 36.9177
1510043 2.3597 9.10868 6.81868 18.5919 12.5561 5.6708 36.879
1510053 2.3597 9.10868 6.81868 18.5919 12.5561 5.6708 36.879
1510071 2.35124 8.97918 6.7533 18.4086 12.5254 5.68537 36.4923
1510079 2.24129 8.81514 6.65055 18.2928 12.6502 5.78627 35.9998
1510090 2.24129 8.81514 6.65055 18.2928 12.6502 5.78627 35.9998
1510098 2.18209 8.67699 6.65055 18.235 12.6448 5.88611 35.7446
1510107 2.18209 8.67699 6.65055 18.235 12.6448 5.88611 35.7446
1510116 2.19055 8.53022 6.55714 18.0806 12.63 5.90394 35.3585
1510125 2.1398 8.53022 6.46374 17.8201 12.693 5.84219 34.9538
1510140 2.1398 8.53022 6.46374 17.8201 12.693 5.84219 34.9538
1510146 2.21592 8.56475 6.2956 17.4631 12.6785 5.63619 34.5394
1510156 2.20746 8.7029 6.23022 17.2412 12.7294 5.48011 34.3818
1510182 2.25821 8.78923 6.07143 17.0579 12.8139 5.30267 34.1768
1510187 2.25821 8.78923 6.07143 17.0579 12.8139 5.30267 34.1768
1510198 2.21592 9.06552 5.9033 16.8574 13.0747 5.0581 34.0421
1510207 2.29204 9.35043 5.86593 16.7593 13.0967 4.80749 34.2677
1510217 2.29204 9.35043 5.86593 16.7593 13.0967 4.80749 34.2677
1510232 3.30697 10.0584 6.01538 16.8039 12.1184 3.91902 36.1846
1510237 3.93284 10.5764 6.09945 16.5186 11.4894 3.27608 37.1273
1510247 3.93284 10.5764 6.09945 16.5186 11.4894 3.27608 37.1273
1510257 4.44876 10.9218 6.16483 16.0016 10.8625 2.71567 37.5369
1510267 4.44876 10.9218 6.16483 16.0016 10.8625 2.71567 37.5369
1510278 5.28607 11.2758 6.2489 15.2349 9.84063 1.94055 38.0457
1510292 6.58856 11.9147 6.23022 13.9067 8.41261 0.634176 38.6401
1510300 6.58856 11.9147 6.23022 13.9067 8.41261 0.634176 38.6401
1510310 7.69652 12.1996 6.14615 12.2842 6.94112 -0.573653 38.3265
1510318 8.60995 12.1737 6.63187 10.635 4.97161 -1.38634 38.0505
1510328 8.60995 12.1737 6.63187 10.635 4.97161 -1.38634 38.0505
1510338 9.32886 12.0356 8.19176 9.387 2.50489 -1.45815 38.9432
1510353 9.32886 12.0356 8.19176 9.387 2.50489 -1.45815 38.9432
1510359 9.80249 11.6039 9.46209 8.13005 0.300863 -1.46706 38.9985
1510379 10.2507 10.9822 10.228 7.21185 -1.47693 -1.47123 38.6728
1510383 10.2507 10.9822 10.228 7.21185 -1.47693 -1.47123 38.6728
1510389 10.8597 10.2052 11.1714 6.79287 -3.22392 -1.19164 39.0292
1510408 11.4095 9.33316 12.0588 6.69481 -4.70948 -0.755396 39.4962
1510422 11.7985 8.2971 12.9368 6.49869 -6.28589 -0.250476 39.5311
1510431 11.7985 8.2971 12.9368 6.49869 -6.28589 -0.250476 39.5311
1510441 11.9846 7.34738 13.572 6.42737 -7.48881 0.254527 39.3313
1510451 12.0522 6.4322 14.2912 6.34714 -8.66765 0.825829 39.1228
1510461 12.0522 6.4322 14.2912 6.34714 -8.66765 0.825829 39.1228
1510472 12.1453 5.70696 14.478 6.10645 -9.63265 1.06626 38.4367
1510484 12.0692 5.17166 14.1791 5.84793 -10.2157 1.12144 37.2679
1510491 12.0692 5.17166 14.1791 5.84793 -10.2157 1.12144 37.2679
1510510 11.9592 4.80904 13.9549 5.54483 -10.7259 1.12973 36.268
1510513 11.9592 4.80904 13.9549 5.54483 -10.7259 1.12973 36.268
1510522 11.8323 4.61046 13.6654 5.47352 -10.8298 1.13658 35.5817
1510532 11.7055 4.42052 13.4879 5.34872 -11.029 1.16294 34.9626
1510542 11.7055 4.42052 13.4879 5.34872 -11.029 1.16294 34.9626
1510552 11.7224 4.38598 13.4319 5.37546 -11.0214 1.15949 34.9157
1510563 11.6886 4.49822 13.4412 5.41112 -10.8596 1.1411 35.0391
1510572 11.6886 4.49822 13.4412 5.41112 -10.8596 1.1411 35.0391
1510587 11.6886 4.53276 13.3758 5.42895 -10.7796 1.10637 35.0261
1510593 11.6886 4.53276 13.3758 5.42895 -10.7796 1.10637 35.0261
1510603 11.6209 4.52412 13.4225 5.45569 -10.7526 1.17059 35.0232
1510613 11.5617 4.44642 13.5626 5.49135 -10.8283 1.30306 35.0621
1510623 11.5617 4.44642 13.5626 5.49135 -10.8283 1.30306 35.0621
1510633 11.5109 4.47232 13.7214 5.58049 -10.7549 1.41078 35.2852
1510643 11.3841 4.41188 14.0577 5.7053 -10.7741 1.67343 35.559
1510663 11.3841 4.41188 14.0577 5.7053 -10.7741 1.67343 35.559
1510666 11.2995 4.36872 14.3005 5.9549 -10.6312 1.91541 35.9237
1510674 11.2995 4.36872 14.3005 5.9549 -10.6312 1.91541 35.9237
1510685 11.198 4.36008 14.5247 6.00839 -10.6357 2.06769 36.0912
1510695 11.1726 4.33418 14.7115 6.16885 -10.5677 2.21516 36.3872
1510704 11.1726 4.33418 14.7115 6.16885 -10.5677 2.21516 36.3872
1510715 11.2234 4.37735 14.7489 6.15994 -10.5691 2.18084 36.5096
1510727 11.3418 4.63636 14.6275 6.1956 -10.2832 1.97476 36.8012
1510736 11.3418 4.63636 14.6275 6.1956 -10.2832 1.97476 36.8012
1510754 11.5194 4.80041 14.3286 6.08862 -10.1798 1.67299 36.737
1510758 11.5194 4.80041 14.3286 6.08862 -10.1798 1.67299 36.737
1510766 11.6463 4.97308 13.8896 5.96382 -10.0067 1.33004 36.4727
1510785 11.9423 5.49975 13.2637 6.11536 -9.22766 0.789111 36.8211
1510797 12.2468 6.21635 12.9742 7.88044 -7.07324 0.912375 39.3177
1510807 12.4751 7.02793 12.2456 9.64552 -4.86015 0.865363 41.3942
1510817 12.4751 7.02793 12.2456 9.64552 -4.86015 0.865363 41.3942
1510827 12.4582 7.43372 10.6016 9.47614 -3.84666 0.06975 39.9697
1510841 12.3567 7.75317 8.77088 8.52229 -3.24314 -1.12961 37.4031
1510848 12.3567 7.75317 8.77088 8.52229 -3.24314 -1.12961 37.4031
1510858 12.2975 8.12443 7.64066 8.37074 -2.36254 -1.81587 36.4333
1510885 12.2721 8.66836 6.98681 8.85212 -1.18168 -2.0806 36.7794
1510888 12.2214 9.27273 6.65989 9.67226 0.0421047 -2.04698 37.8263
1510898 12.2214 9.27273 6.65989 9.67226 0.0421047 -2.04698 37.8263
1510908 11.9 9.75622 6.67857 10.7063 1.20642 -1.64108 39.0411
1510918 11.1642 9.75622 6.37967 10.7063 1.91988 -1.51332 38.0064
1510937 11.1642 10.0152 6.37967 11.5978 2.598 -1.22658 39.1569
1510941 9.84478 10.0498 6.09945 12.6497 4.37022 -0.444593 38.6437
1510950 9.84478 10.0498 6.09945 12.6497 4.37022 -0.444593 38.6437
1510960 8.05174 9.79939 5.92198 14.0493 6.52719 0.840826 37.8224
1510969 5.91194 9.60081 5.73516 15.8055 9.28334 2.44021 37.0534
