195203 16.1688 22.9887 19.2842 18.0902 1.83778 -0.349495 76.532
195214 16.7391 21.3528 19.8603 15.9157 0.226492 -0.470278 73.8679
195224 16.7391 21.3528 19.8603 15.9157 0.226492 -0.470278 73.8679
195234 17.1251 19.1142 20.6486 13.8149 -1.71299 -0.376735 70.7029
195248 17.356 16.3169 22.286 11.869 -4.22245 0.106616 67.8279
195266 17.4426 12.8534 25.2372 10.0296 -7.54877 1.13727 65.5628
195275 17.5291 8.76457 29.6439 8.80011 -11.434 2.81527 64.7377
195285 17.5291 8.76457 29.6439 8.80011 -11.434 2.81527 64.7377
195298 17.8851 5.0798 34 8.69362 -14.5113 4.50712 65.6585
195316 18.8568 3.25184 34 9.68109 -15.171 4.91849 65.7897
195325 19.8959 2.33786 34 10.4169 -15.4317 4.99241 66.6506
195337 19.8959 2.33786 34 10.4169 -15.4317 4.99241 66.6506
195345 20.8676 2.31862 34 10.7654 -15.3726 4.76351 67.9516
195355 21.3775 2.44369 34 10.5524 -15.4963 4.54808 68.3736
195365 21.3775 2.44369 34 10.5524 -15.4963 4.54808 68.3736
195383 21.5218 2.46293 34 9.71014 -16.0089 4.37081 67.6949
195394 21.5218 2.46293 34 9.71014 -16.0089 4.37081 67.6949
195404 21.2043 2.41483 34 8.79043 -16.5635 4.33024 66.4096
195406 20.7136 2.34748 34 7.89977 -17.1128 4.35 64.9609
195416 20.7136 2.34748 34 7.89977 -17.1128 4.35 64.9609
195426 20.2711 2.34748 34 7.37699 -17.4022 4.39681 63.9956
195438 19.8959 2.34748 34 7.17369 -17.4932 4.47758 63.417
195448 19.8959 2.34748 34 7.17369 -17.4932 4.47758 63.417
195457 19.7997 2.34748 34 7.26082 -17.4234 4.5216 63.408
195483 19.8766 2.39559 34 7.4254 -17.2909 4.51034 63.6976
195489 20.1941 2.50141 34 7.55125 -17.1765 4.40234 64.2468
195509 20.6078 2.57838 34 7.6287 -17.126 4.26812 64.8149
195517 20.9349 2.60724 34 7.70615 -17.0968 4.17574 65.2483
195532 20.9349 2.60724 34 7.70615 -17.0968 4.17574 65.2483
195539 21.3967 2.7708 34 7.79328 -16.9922 4.00824 65.9608
195551 21.3967 2.7708 34 7.79328 -16.9922 4.00824 65.9608
195558 21.6661 2.82852 34 7.79328 -16.9881 3.91444 66.2879
195570 21.897 2.7708 34 7.89977 -16.9852 3.88297 66.5676
195578 21.897 2.7708 34 7.89977 -16.9852 3.88297 66.5676
195594 22.0509 2.79966 34 7.95786 -16.949 3.84097 66.8084
195600 22.0702 2.79966 34 8.13212 -16.8422 3.86458 67.002
195610 22.0702 2.79966 34 8.13212 -16.8422 3.86458 67.002
195620 22.1087 2.8189 34 8.23861 -16.7685 3.86602 67.1662
195630 22.1087 2.8189 34 8.23861 -16.7685 3.86602 67.1662
195640 22.1856 2.80928 34 8.18052 -16.8201 3.83748 67.1754
195650 22.1664 2.79004 34 8.22893 -16.7996 3.85631 67.1853
195665 22.1664 2.79004 34 8.22893 -16.7996 3.85631 67.1853
195671 22.1279 2.80928 34 8.28702 -16.7468 3.87134 67.2242
195681 22.4743 4.17544 34 8.96469 -15.5622 3.51544 69.6144
195710 22.7629 6.24392 34 10.0199 -13.8645 3.08376 73.0267
195728 22.7052 8.22581 33.5452 10.9106 -12.3078 2.69109 75.3867
195742 22.6186 11.1024 28.6635 11.0461 -9.91872 1.22333 73.4306
195757 21.8874 13.6712 22.67 11.1429 -7.11505 -0.377445 69.3715
195767 20.7233 15.5473 19.456 16.0416 -2.99243 -0.161549 71.7681
195777 20.7233 15.5473 19.456 16.0416 -2.99243 -0.161549 71.7681
195786 20.0883 17.6792 19.1528 22.5573 0.31313 0.744095 79.4776
195793 20.0883 17.6792 19.1528 22.5573 0.31313 0.744095 79.4776
195807 18.7029 18.9516 17.6974 24.5062 2.20941 0.85448 79.8581
195815 16.5168 19.6595 16.4738 26.4069 4.13495 1.27208 79.057
195833 13.743 20.0135 15.3202 28.1436 6.1816 1.88563 77.2204
195843 10.5827 20.0326 14.622 30.1697 8.28755 2.81997 75.4071
195854 10.5827 20.0326 14.622 30.1697 8.28755 2.81997 75.4071
195868 7.57703 19.9083 14.3589 32.1862 10.1845 3.86188 74.0304
195875 7.57703 19.9083 14.3589 32.1862 10.1845 3.86188 74.0304
195885 5.71177 19.9083 14.9357 34 11.153 4.69092 74.5558
195895 4.92894 19.8413 15.725 34 11.1374 5.02477 74.4952
195905 4.92894 19.8413 15.725 34 11.1374 5.02477 74.4952
195915 4.84196 19.4586 15.9679 34 10.9901 5.18402 74.2684
195925 4.52302 18.7411 15.8363 34 11.0744 5.45253 73.1005
195940 4.52302 18.7411 15.8363 34 11.0744 5.45253 73.1005
195946 4.25242 17.8036 15.3405 34 11.2788 5.73231 71.3965
195965 4.25242 17.8036 15.3405 34 11.2788 5.73231 71.3965
195968 3.85617 16.6633 14.7232 33.3053 11.4479 6.01967 68.548
195978 3.52757 15.6916 14.2476 32.2247 11.4707 6.223 65.6915
195990 3.52757 15.6916 14.2476 32.2247 11.4707 6.223 65.6915
195999 3.14099 14.7776 14.0958 31.8292 11.5007 6.58009 63.8436
196007 2.89937 14.2773 14.2476 32.0125 11.485 6.87695 63.4368
196021 2.89937 14.2773 14.2476 32.0125 11.485 6.87695 63.4368
196027 2.90904 14.2196 14.4399 32.4852 11.4575 6.9777 64.0537
196037 2.90904 14.2196 14.4399 32.4852 11.4575 6.9777 64.0537
196047 3.04434 14.5274 14.6119 33.0255 11.4618 6.91597 65.2092
196057 3.3826 15.2683 14.703 33.4597 11.4656 6.62556 66.8135
196078 3.3826 15.2683 14.703 33.4597 11.4656 6.62556 66.8135
196080 3.56623 16.0379 14.7435 33.5948 11.5256 6.34378 67.9424
196088 3.79818 16.7402 14.6321 33.6044 11.601 6.04104 68.775
196108 3.79818 16.7402 14.6321 33.6044 11.601 6.04104 68.775
196110 4.03013 17.5262 14.4196 33.5369 11.7292 5.69684 69.5128
196118 4.24275 18.2341 14.1565 33.3343 11.8516 5.36261 69.9677
196131 4.24275 18.2341 14.1565 33.3343 11.8516 5.36261 69.9677
196140 4.51336 18.9038 13.9946 33.0641 11.8693 5.03186 70.4759
196152 4.51336 18.9038 13.9946 33.0641 11.8693 5.03186 70.4759
196160 4.68732 19.4682 13.7315 32.8036 11.9722 4.74878 70.6907
196173 4.84196 20.0231 13.6304 32.5528 12.0001 4.50077 71.0482
196180 4.84196 20.0231 13.6304 32.5528 12.0001 4.50077 71.0482
196190 4.88061 20.444 13.3369 32.1862 12.1432 4.27645 70.8477
196205 5.06424 20.8075 13.0738 31.723 12.1668 4.017 70.6686
196211 5.06424 20.8075 13.0738 31.723 12.1668 4.017 70.6686
196225 5.16089 21.1328 12.8613 31.2985 12.2099 3.80381 70.4535
196231 5.16089 21.1328 12.8613 31.2985 12.2099 3.80381 70.4535
196242 5.29619 21.2667 12.5274 30.7582 12.2413 3.5912 69.8485
196252 5.31552 21.6207 12.1935 30.1311 12.3601 3.33269 69.2608
196262 5.31552 21.6207 12.1935 30.1311 12.3601 3.33269 69.2608
196272 5.4315 21.9938 11.7786 29.4075 12.4583 3.00841 68.6114
196282 6.75554 22.6635 12.2744 28.5778 11.4596 2.4405 70.2712
196292 6.75554 22.6635 12.2744 28.5778 11.4596 2.4405 70.2712
196302 9.77089 23.8402 12.9321 26.9569 9.55577 1.28121 73.5001
196313 9.77089 23.8402 12.9321 26.9569 9.55577 1.28121 73.5001
196323 12.9409 24.8447 13.1143 24.0431 7.61668 -0.125724 74.943
196333 16.1592 25.543 13.2155 19.8365 5.35252 -1.73573 74.7543
196345 16.1592 25.543 13.2155 19.8365 5.35252 -1.73573 74.7543
196354 19.4437 26.1936 16.8381 17.0289 2.1825 -2.22068 79.5043
196372 21.4929 26.0597 19.739 15.2574 0.025782 -2.28159 82.549
196374 21.4929 26.0597 19.739 15.2574 0.025782 -2.28159 82.549
196384 23.1477 24.8351 20.1534 13.1566 -1.63279 -2.7074 81.2928
196412 23.8981 22.3956 20.5577 11.1139 -3.50999 -2.81321 77.9653
196416 23.648 18.8177 21.7301 9.2164 -5.90638 -2.35367 73.4121
196425 23.648 18.8177 21.7301 9.2164 -5.90638 -2.35367 73.4121
196444 22.734 14.2003 24.3781 7.96754 -9.00124 -0.99351 69.28
196445 22.0221 9.62083 29.0375 7.60934 -12.3845 1.09912 68.2897
196455 22.0221 9.62083 29.0375 7.60934 -12.3845 1.09912 68.2897
196477 21.9355 5.98415 34 7.96754 -15.0184 3.01512 69.8872
196478 21.9355 5.98415 34 7.96754 -15.0184 3.01512 69.8872
196485 22.4069 4.2043 34 8.8098 -15.6267 3.50008 69.421
196497 22.9745 3.33843 34 9.62301 -15.7334 3.71269 69.936
196506 22.9745 3.33843 34 9.62301 -15.7334 3.71269 69.936
196520 23.3882 3.11715 34 10.0103 -15.6919 3.72361 70.5156
196526 23.3113 3.12677 34 9.84567 -15.7714 3.71515 70.2837
196543 23.3113 3.12677 34 9.84567 -15.7714 3.71515 70.2837
196546 22.8398 3.02094 34 9.26481 -16.1135 3.77661 69.1256
196565 22.8398 3.02094 34 9.26481 -16.1135 3.77661 69.1256
196568 21.9355 2.80928 34 8.72266 -16.4537 3.99702 67.4674
196577 20.7136 2.53028 34 8.36446 -16.6971 4.37152 65.6084
196587 20.7136 2.53028 34 8.36446 -16.6971 4.37152 65.6084
196597 19.7131 2.32824 34 8.09339 -16.8752 4.68984 64.1347
196608 18.828 2.17431 34 7.97722 -16.9406 4.99566 62.9795
196633 18.3854 1.99151 34 8.01595 -16.9803 5.20229 62.3929
196637 18.3854 1.99151 34 8.01595 -16.9803 5.20229 62.3929
196651 18.1834 1.97227 34 7.97722 -16.9934 5.26813 62.1329
196663 18.3373 1.88568 34 7.96754 -17.0782 5.24467 62.1905
196674 18.3373 1.88568 34 7.96754 -17.0782 5.24467 62.1905
196679 18.5586 1.88568 34 7.96754 -17.1063 5.17289 62.4118
196688 18.7991 1.85682 34 8.00626 -17.13 5.11082 62.6622
196719 19.1454 1.92417 34 7.86105 -17.2254 4.9558 62.9307
196721 19.1454 1.92417 34 7.86105 -17.2254 4.9558 62.9307
196730 19.5399 1.95303 34 7.79328 -17.2998 4.81156 63.2862
196742 20.069 1.96265 34 7.76424 -17.3766 4.63961 63.7959
196752 20.069 1.96265 34 7.76424 -17.3766 4.63961 63.7959
196765 20.5597 2.11658 34 7.66743 -17.3971 4.42727 64.3437
196771 21.137 2.14544 34 7.65774 -17.4521 4.24437 64.9401
196781 21.137 2.14544 34 7.65774 -17.4521 4.24437 64.9401
196791 21.6469 2.22241 34 7.57061 -17.5175 4.05747 65.4399
196801 21.6469 2.22241 34 7.57061 -17.5175 4.05747 65.4399
196820 22.1856 2.31862 34 7.43508 -17.604 3.85146 65.9393
196822 22.6378 2.36672 34 7.29954 -17.7107 3.68643 66.3041
196850 22.9745 2.46293 34 7.19305 -17.7541 3.54693 66.6305
196858 23.2247 2.36672 34 6.98975 -17.9736 3.46908 66.5811
196862 23.2247 2.36672 34 6.98975 -17.9736 3.46908 66.5811
196872 23.4652 2.51104 34 6.95103 -17.9311 3.35621 66.9273
196882 23.4652 2.51104 34 6.95103 -17.9311 3.35621 66.9273
196892 23.5133 2.48217 34 6.93166 -17.9671 3.34756 66.9271
196904 23.7827 2.52066 34 7.45444 -17.6391 3.3541 67.7578
196917 23.7827 2.52066 34 7.45444 -17.6391 3.3541 67.7578
196926 24.8987 4.31013 34 8.26765 -16.2015 2.74052 71.4765
196933 25.7646 6.19581 34 9.39066 -14.6574 2.2754 75.3511
196960 26.313 8.10074 32.9893 10.0587 -13.2785 1.67197 77.4617
196964 26.7363 10.1885 28.896 10.1651 -11.607 0.421731 75.9858
196973 26.7363 10.1885 28.896 10.1651 -11.607 0.421731 75.9858
196988 26.5342 11.5065 24.8936 11.4431 -9.57222 -0.343677 74.3774
196997 26.5342 11.5065 24.8936 11.4431 -9.57222 -0.343677 74.3774
197005 26.0628 12.5071 24.7117 18.1964 -6.15843 0.798646 81.4779
197023 24.485 12.6418 22.4073 20.4251 -4.32265 1.07034 79.9591
197025 24.485 12.6418 22.4073 20.4251 -4.32265 1.07034 79.9591
197035 21.8104 12.7861 19.8502 21.3031 -2.49884 1.29837 75.7497
197045 18.5201 12.5937 18.5969 23.2423 -0.438981 2.20529 72.953
197055 18.5201 12.5937 18.5969 23.2423 -0.438981 2.20529 72.953
197068 14.6998 12.4205 17.475 25.5772 2.07447 3.40558 70.1725
197092 10.2541 12.1992 16.8685 28.5392 5.01606 5.07382 67.8609
197096 6.30131 12.3339 17.2224 32.2923 7.74122 6.79666 68.1498
197122 3.68221 12.6802 18.4655 34 8.91081 7.86811 68.828
197127 3.12166 13.3345 19.8502 34 8.66303 7.9781 70.3063
197137 3.12166 13.3345 19.8502 34 8.66303 7.9781 70.3063
197147 3.32462 13.8829 20.5071 34 8.38431 7.80169 71.7146
197160 3.32462 13.8829 20.5071 34 8.38431 7.80169 71.7146
197167 3.23764 14.0753 20.3656 34 8.53533 7.75394 71.6785
197183 3.35361 14.0849 19.6986 34 8.79735 7.64582 71.1371
197196 3.35361 14.0849 19.6986 34 8.79735 7.64582 71.1371
197209 3.26663 14.0079 18.4756 34 9.4142 7.5701 69.7502
197216 3.15065 13.9021 17.2325 34 10.075 7.50815 68.2852
197222 3.15065 13.9021 17.2325 34 10.075 7.50815 68.2852
197231 3.16032 13.9791 16.0488 33.5272 10.6037 7.29292 66.7154
197240 3.16032 13.9791 16.0488 33.5272 10.6037 7.29292 66.7154
197253 3.23764 14.1811 15.2089 32.1379 10.759 6.93148 64.7656
197260 3.3826 14.5371 14.6524 31.3757 10.8987 6.59329 63.9478
197276 3.3826 14.5371 14.6524 31.3757 10.8987 6.59329 63.9478
197280 3.53724 14.97 14.5006 31.1249 10.9371 6.34268 64.1327
197290 3.69187 15.2586 14.5512 31.3757 10.9404 6.23709 64.8774
197300 3.69187 15.2586 14.5512 31.3757 10.9404 6.23709 64.8774
197321 3.80785 15.5857 14.794 31.7809 10.9009 6.18053 65.9686
197323 3.80785 15.5857 14.794 31.7809 10.9009 6.18053 65.9686
197331 3.91416 15.884 14.956 32.1862 10.9053 6.12725 66.9402
197343 3.95281 16.1534 15.1685 32.6782 10.9305 6.12347 67.9528
197351 3.95281 16.1534 15.1685 32.6782 10.9305 6.12347 67.9528
197367 4.06879 16.4035 15.2899 33.0448 10.9326 6.07404 68.807
197371 4.05912 16.4131 15.5935 33.4597 10.8666 6.16629 69.5254
197382 4.05912 16.4131 15.5935 33.4597 10.8666 6.16629 69.5254
197393 4.07845 16.4901 15.7554 33.7684 10.8517 6.19652 70.0923
197402 4.07845 16.4901 15.7554 33.7684 10.8517 6.19652 70.0923
197416 4.07845 16.5574 15.9375 34 10.8191 6.2279 70.5734
197422 4.1751 16.7306 15.8161 33.9421 10.8548 6.12458 70.6639
197432 4.1751 16.7306 15.8161 33.9421 10.8548 6.12458 70.6639
197442 4.23309 16.9327 15.8363 33.8746 10.842 6.04116 70.8766
197452 4.35873 17.1339 15.8768 33.7299 10.7695 5.93128 71.0993
197467 4.35873 17.1339 15.8768 33.7299 10.7695 5.93128 71.0993
197473 4.4747 17.3922 15.7149 33.4886 10.7961 5.76961 71.0705
197488 4.4747 17.3922 15.7149 33.4886 10.7961 5.76961 71.0705
197494 4.83229 17.5836 16.5244 33.1027 10.1778 5.66563 72.043
197503 7.76066 18.3106 16.9696 32.0704 8.53757 4.58694 75.1113
197513 7.76066 18.3106 16.9696 32.0704 8.53757 4.58694 75.1113
197528 10.7277 18.9516 17.3942 29.9478 6.74409 3.43983 77.0212
197537 13.5401 19.3343 17.2729 26.4552 4.88773 2.12533 76.6024
197546 13.5401 19.3343 17.2729 26.4552 4.88773 2.12533 76.6024
197562 16.6907 19.7552 20.6082 23.252 1.77703 1.38487 80.3061
197565 16.6907 19.7552 20.6082 23.252 1.77703 1.38487 80.3061
197575 18.1256 19.8891 22.2152 19.3348 -0.350933 0.666491 79.5648
197586 19.4341 19.4682 21.2348 15.3736 -1.92924 -0.455668 75.5107
197596 19.4341 19.4682 21.2348 15.3736 -1.92924 -0.455668 75.5107
197608 20.2037 18.5881 22.5386 13.8052 -3.44346 -0.4887 75.1357
197616 20.6559 17.0765 25.1159 12.9436 -5.19569 0.0647378 75.792
197642 20.2807 14.8353 27.8448 12.0046 -7.09849 0.947111 74.9654
197657 19.1935 11.6701 30.5939 10.93 -9.38956 2.209 72.3875
197660 19.1935 11.6701 30.5939 10.93 -9.38956 2.209 72.3875
197670 18.0294 8.02377 33.3936 9.78759 -12.1369 3.71087 69.2344
197680 18.0294 8.02377 33.3936 9.78759 -12.1369 3.71087 69.2344
197687 17.1636 4.46406 34 9.17768 -14.4748 4.98803 64.8053
197705 17.077 2.60724 34 9.73918 -15.2667 5.68914 63.4234
197731 17.558 1.80872 34 10.4653 -15.3857 5.89795 63.832
197732 17.558 1.80872 34 10.4653 -15.3857 5.89795 63.832
197737 18.1641 1.76061 34 10.6686 -15.3789 5.74607 64.5933
197747 18.4816 1.81834 34 10.5427 -15.4684 5.60806 64.8427
197781 18.2411 1.71251 34 10.1555 -15.7439 5.66266 64.1091
197781 17.6927 1.60668 34 9.74886 -15.9946 5.81685 63.0482
197788 17.6927 1.60668 34 9.74886 -15.9946 5.81685 63.0482
197798 17.2213 1.54895 34 9.24544 -16.297 5.91992 62.0157
197811 16.6811 1.31805 34 8.88724 -16.6194 6.13145 60.8864
197820 16.6811 1.31805 34 8.88724 -16.6194 6.13145 60.8864
197832 16.2752 1.23147 34 8.62585 -16.8037 6.26597 60.1325
197840 16.2752 1.23147 34 8.62585 -16.8037 6.26597 60.1325
197850 16.2075 1.21222 34 8.57745 -16.8416 6.28972 59.9972
197860 16.2558 1.18336 34 8.6549 -16.8143 6.29406 60.0941
197886 16.7101 1.24109 34 8.53872 -16.9162 6.09711 60.4899
197891 17.0192 1.32767 34 8.54841 -16.8909 5.96142 60.8953
197910 17.0192 1.32767 34 8.54841 -16.8909 5.96142 60.8953
197912 17.4426 1.39502 34 8.53872 -16.9075 5.79242 61.3763
197939 17.7985 1.52009 34 8.43223 -16.9416 5.61457 61.7509
197949 18.1353 1.51047 34 8.40319 -17.0114 5.5015 62.0489
197961 18.1353 1.51047 34 8.40319 -17.0114 5.5015 62.0489
197964 18.4912 1.50085 34 8.2967 -17.1354 5.37126 62.2888
197972 18.7895 1.62592 34 8.19989 -17.1538 5.21865 62.6153
197985 18.7895 1.62592 34 8.19989 -17.1538 5.21865 62.6153
197992 19.2513 1.54895 34 8.15148 -17.2953 5.08753 62.9517
198009 19.2513 1.54895 34 8.15148 -17.2953 5.08753 62.9517
198012 19.6457 1.63554 34 8.09339 -17.3243 4.92598 63.3747
198033 20.2037 1.6644 34 7.9385 -17.475 4.71825 63.8066
198035 20.2037 1.6644 34 7.9385 -17.475 4.71825 63.8066
198043 20.6367 1.75099 34 7.88041 -17.5069 4.54956 64.2681
198059 21.1947 1.82796 34 7.77392 -17.5908 4.34081 64.7966
198063 21.1947 1.82796 34 7.77392 -17.5908 4.34081 64.7966
198073 21.6084 1.87606 34 7.59966 -17.7204 4.17504 65.0841
198084 21.6084 1.87606 34 7.59966 -17.7204 4.17504 65.0841
198098 22.0894 1.8953 34 7.54157 -17.7992 4.01904 65.5263
198109 22.8591 2.06848 34 8.01595 -17.468 3.82899 66.9435
198115 22.8591 2.06848 34 8.01595 -17.468 3.82899 66.9435
198125 24.206 3.86757 34 8.30638 -16.3513 3.03342 70.38
198135 25.4471 6.11885 34 8.93565 -14.8965 2.28916 74.5016
198161 26.3611 8.31239 34 8.93565 -13.8879 1.59689 77.6091
198184 26.6593 9.91907 30.9275 8.7033 -12.7821 0.600793 76.2091
198186 26.7555 11.2275 28.047 10.8041 -10.6629 0.169466 76.8341
198197 26.7555 11.2275 28.047 10.8041 -10.6629 0.169466 76.8341
198210 26.6593 12.3724 25.783 13.8536 -8.33127 0.115348 78.6683
198221 25.5529 12.9208 21.5684 13.7472 -6.92966 -0.641997 73.7892
198234 25.5529 12.9208 21.5684 13.7472 -6.92966 -0.641997 73.7892
198237 23.7634 13.1132 18.9102 14.541 -5.33909 -0.730593 70.3279
198263 21.4448 13.4595 17.3841 16.4772 -3.23277 -0.227526 68.7656
198272 18.674 13.9406 16.2815 18.9393 -0.764982 0.576298 67.8354
198282 18.674 13.9406 16.2815 18.9393 -0.764982 0.576298 67.8354
198290 14.9511 14.5563 15.4315 22.0363 2.31801 1.78285 66.9753
198300 10.5441 15.249 15.0065 25.8184 5.82305 3.38464 66.618
198313 10.5441 15.249 15.0065 25.8184 5.82305 3.38464 66.618
198322 6.74588 16.2496 15.7958 30.0732 8.63328 4.9823 68.8645
198332 6.74588 16.2496 15.7958 30.0732 8.63328 4.9823 68.8645
198341 5.51848 17.4209 17.5054 33.6527 9.46381 5.71247 74.0974
198357 5.68277 18.2819 18.7687 34 9.06725 5.63067 76.7334
198361 5.68277 18.2819 18.7687 34 9.06725 5.63067 76.7334
198368 5.79875 18.7029 19.3853 34 8.83296 5.56261 77.8869
198382 5.83741 18.7029 19.3954 34 8.81179 5.55364 77.9356
198390 5.83741 18.7029 19.3954 34 8.81179 5.55364 77.9356
198400 5.66344 18.2437 18.5161 34 9.18052 5.61524 76.4232
198411 5.66344 18.2437 18.5161 34 9.18052 5.61524 76.4232
198420 5.41217 17.574 17.2729 33.4501 9.61177 5.64451 73.7091
198434 4.95793 16.644 15.9173 31.1152 9.79248 5.55782 68.6344
198462 4.64866 15.9802 14.8548 29.1277 9.90711 5.42172 64.6113
198463 4.4747 15.4992 14.4196 28.0375 9.86781 5.40195 62.431
198475 4.4747 15.4992 14.4196 28.0375 9.86781 5.40195 62.431
198487 4.52302 15.3164 14.3185 27.9603 9.83415 5.41855 62.1181
198491 4.52302 15.3164 14.3185 27.9603 9.83415 5.41855 62.1181
198501 4.54235 15.2683 14.875 28.3848 9.6066 5.57691 63.0704
198513 4.64866 15.2779 15.381 29.1759 9.46918 5.72946 64.4834
198528 4.64866 15.2779 15.381 29.1759 9.46918 5.72946 64.4834
198541 4.7743 15.4029 15.9375 29.996 9.33553 5.84389 66.1108
198547 4.89028 15.6723 16.2815 30.7293 9.33421 5.871 67.5734
198555 4.89028 15.6723 16.2815 30.7293 9.33421 5.871 67.5734
198566 4.99659 15.9802 16.5851 31.2792 9.32499 5.85861 68.8411
198572 4.99659 15.9802 16.7875 31.2792 9.22438 5.88541 69.0435
198582 5.13189 16.3458 16.7875 31.8099 9.36006 5.80514 70.0751
198594 5.1029 16.5382 16.8381 31.9546 9.42438 5.78237 70.4338
198602 5.1029 16.5382 16.8381 31.9546 9.42438 5.78237 70.4338
198620 5.17055 16.721 16.8381 31.945 9.42959 5.70746 70.6746
198623 5.25753 17.0096 16.747 31.8871 9.48224 5.57825 70.9012
198647 5.25753 17.0096 16.747 31.8871 9.48224 5.57825 70.9012
198649 5.37351 17.2105 16.6357 31.7713 9.49858 5.45626 70.991
198653 5.37351 17.2105 16.6357 31.7713 9.49858 5.45626 70.991
198663 5.53781 17.4879 16.6661 31.6652 9.44168 5.31949 71.3569
198682 5.64412 17.6792 16.5244 31.4625 9.4563 5.18794 71.3103
198691 5.64412 17.6792 16.5244 31.4625 9.4563 5.18794 71.3103
198702 5.67311 17.9854 16.3929 31.1924 9.51375 5.03766 71.2437
198705 5.77942 18.3011 16.1298 30.6425 9.53892 4.80399 70.8527
198715 5.77942 18.3011 16.1298 30.6425 9.53892 4.80399 70.8527
198730 6.93917 18.6263 16.9089 30.0636 8.56166 4.42671 72.538
198735 8.72712 19.0951 17.657 28.8093 7.24215 3.76452 74.2885
198745 8.72712 19.0951 17.657 28.8093 7.24215 3.76452 74.2885
198757 11.3172 19.3534 17.849 26.378 5.52927 2.71497 74.8976
198784 13.3854 19.4682 19.2438 23.223 3.33974 1.91445 75.3204
198786 15.3667 19.4491 25.4495 21.0522 -0.0968009 2.15561 81.3174
198796 15.3667 19.4491 25.4495 21.0522 -0.0968009 2.15561 81.3174
198812 15.8016 18.7124 24.9542 15.6156 -2.1402 1.20981 75.0839
198821 16.5168 17.5549 24.0244 11.4043 -4.16615 0.29289 69.5003
198827 16.5168 17.5549 24.0244 11.4043 -4.16615 0.29289 69.5003
198841 17.4714 16.4612 28.8151 11.5399 -6.15359 1.29678 74.2876
198847 17.4714 16.4612 28.8151 11.5399 -6.15359 1.29678 74.2876
198868 18.0487 14.7968 33.3835 11.7819 -7.96473 2.36888 78.0109
198870 17.6446 11.8721 34 11.6851 -9.33735 3.225 75.2018
198879 17.6446 11.8721 34 11.6851 -9.33735 3.225 75.2018
198897 16.5264 8.09111 34 11.2785 -11.144 4.43393 69.896
198899 15.386 4.45444 34 11.0461 -13.0556 5.82686 64.8866
198909 15.386 4.45444 34 11.0461 -13.0556 5.82686 64.8866
198923 14.9124 2.14544 34 11.5302 -14.0749 6.82373 62.5881
198936 14.9124 2.14544 34 11.5302 -14.0749 6.82373 62.5881
198947 14.6805 1.13526 34 12.0917 -14.3172 7.33577 61.9074
198953 14.5162 1.08715 34 12.3531 -14.1535 7.44468 61.9564
198960 14.5162 1.08715 34 12.3531 -14.1535 7.44468 61.9564
198971 14.3326 1.08715 34 12.0917 -14.2875 7.47958 61.5114
198985 13.7914 0.923599 34 11.7044 -14.5497 7.69359 60.4194
198996 13.7914 0.923599 34 11.7044 -14.5497 7.69359 60.4194
199010 13.2598 0.962083 34 11.2107 -14.7592 7.82117 59.4326
199012 13.2598 0.962083 34 11.2107 -14.7592 7.82117 59.4326
199021 12.7476 0.788908 34 10.6492 -15.171 8.02071 58.1857
199040 12.535 0.721562 34 10.2813 -15.4386 8.0881 57.5378
199054 12.535 0.721562 34 10.2813 -15.4386 8.0881 57.5378
199057 12.5156 0.750424 34 10.0006 -15.6132 8.05037 57.2666
199062 12.7089 0.692699 34 9.92312 -15.7406 7.98647 57.3247
199088 12.8636 0.779287 34 9.86503 -15.7453 7.88297 57.5079
199094 13.2405 0.798529 34 9.82631 -15.8193 7.72154 57.8653
199109 13.2405 0.798529 34 9.82631 -15.8193 7.72154 57.8653
199113 13.6174 0.798529 34 9.69077 -15.9741 7.55718 58.1067
199123 13.6174 0.798529 34 9.69077 -15.9741 7.55718 58.1067
199137 14.033 0.81777 34 9.60364 -16.0859 7.37829 58.4544
199144 14.5065 0.904358 34 9.44875 -16.2053 7.14527 58.8596
199168 14.5065 0.904358 34 9.44875 -16.2053 7.14527 58.8596
199170 15.0284 0.894737 34 9.40034 -16.3229 6.94763 59.3235
199175 15.6083 1.00057 34 9.35194 -16.3673 6.69014 59.9608
199185 15.6083 1.00057 34 9.35194 -16.3673 6.69014 59.9608
199198 16.1205 1.02943 34 9.30353 -16.4538 6.48935 60.4535
199205 16.1205 1.02943 34 9.30353 -16.4538 6.48935 60.4535
199225 16.6714 1.11602 34 9.22608 -16.5247 6.25402 61.0135
199227 17.0866 1.18336 34 8.98405 -16.7006 6.05204 61.254
199235 17.0866 1.18336 34 8.98405 -16.7006 6.05204 61.254
199255 17.5965 1.21222 34 8.79043 -16.8808 5.83978 61.5991
199256 18.0198 1.22184 34 8.56777 -17.0808 5.66081 61.8094
199266 18.0198 1.22184 34 8.56777 -17.0808 5.66081 61.8094
199284 18.5008 1.25071 34 8.36446 -17.2603 5.46065 62.116
199286 18.5008 1.25071 34 8.36446 -17.2603 5.46065 62.116
199296 18.8664 1.26995 34 8.17084 -17.424 5.30463 62.3072
199311 19.1743 1.27957 34 8.03531 -17.5468 5.18044 62.4892
199316 19.1743 1.27957 34 8.03531 -17.5468 5.18044 62.4892
199343 19.4918 1.26033 34 7.7836 -17.769 5.04467 62.5357
199345 20.3769 2.79004 34 8.30638 -16.526 4.38486 65.4733
199347 20.3769 2.79004 34 8.30638 -16.526 4.38486 65.4733
199357 21.3486 4.82003 34 9.31321 -14.8295 3.70123 69.4819
199376 21.3486 4.82003 34 9.31321 -14.8295 3.70123 69.4819
199385 22.3299 7.35031 34 9.96185 -13.2457 2.90899 73.6421
199400 23.369 10.3135 34 9.95216 -11.948 1.98423 77.6347
199403 23.369 10.3135 34 9.95216 -11.948 1.98423 77.6347
199412 24.0617 12.6129 29.7753 9.5746 -10.4077 0.527846 76.0245
199429 24.1579 14.1811 25.1968 10.0103 -8.5536 -0.638775 73.546
199430 24.1579 14.1811 25.1968 10.0103 -8.5536 -0.638775 73.546
199440 24.0905 15.7108 23.236 13.873 -5.76735 -0.525091 76.9104
199460 25.8031 15.7108 21.063 13.873 -5.6515 -1.29062 76.4499
199461 23.3401 16.3073 21.063 15.8092 -4.0142 -0.544013 76.5197
199470 21.4352 16.5478 18.6778 16.9613 -2.24249 -0.477572 73.6221
199491 21.4352 16.5478 18.6778 16.9613 -2.24249 -0.477572 73.6221
199495 18.9242 16.9423 16.9595 18.8717 -0.0242963 -0.00735998 71.6977
199503 15.7339 17.2774 15.3911 21.1487 2.62437 0.760962 69.5511
199521 11.7908 17.7558 13.9542 23.5897 5.81323 1.78802 67.0904
199531 11.7908 17.7558 13.9542 23.5897 5.81323 1.78802 67.0904
199552 7.81865 18.2437 13.519 26.7639 8.91921 3.21514 66.3453
199554 6.01137 19.2195 14.956 30.2662 10.1196 4.2563 70.453
199584 6.14667 20.0805 16.1601 32.6686 10.1399 4.51695 75.0558
199585 6.29164 20.5397 16.6357 33.9421 10.1908 4.60149 77.4091
199591 6.29164 20.5397 16.6357 33.9421 10.1908 4.60149 77.4091
199617 6.23366 20.5875 16.9899 34 10.077 4.65912 77.811
199618 6.23366 20.5875 16.9899 34 10.077 4.65912 77.811
199626 6.166 20.2718 16.8583 34 10.1064 4.73902 77.2961
199632 5.94372 19.7552 16.2006 33.0641 10.23 4.71545 74.9637
199649 5.94372 19.7552 16.2006 33.0641 10.23 4.71545 74.9637
199652 5.74076 19.2099 15.2899 31.3661 10.3152 4.54678 71.6066
199662 5.36384 18.502 14.3286 29.5812 10.4723 4.43609 67.7755
199681 5.36384 18.502 14.3286 29.5812 10.4723 4.43609 67.7755
199682 5.18988 17.8993 13.681 28.3462 10.5099 4.3625 65.1163
199714 5.16089 17.641 13.3268 27.6998 10.5177 4.2829 63.8284
199715 5.11256 17.4401 13.4077 27.7094 10.456 4.37363 63.6698
199745 5.12223 17.4879 13.8226 28.1339 10.3292 4.49452 64.5667
199752 5.24787 17.4688 14.2679 28.7804 10.1625 4.63734 65.7649
199754 5.24787 17.4688 14.2679 28.7804 10.1625 4.63734 65.7649
199775 5.20921 17.5262 14.7435 29.5812 10.1233 4.82909 67.06
199805 5.32518 17.4688 15.1887 30.2662 9.97126 4.98051 68.2488
199806 5.30586 17.507 15.5732 30.8065 9.91235 5.10896 69.1926
199808 5.30586 17.507 15.5732 30.8065 9.91235 5.10896 69.1926
199815 5.25753 17.4688 15.8363 31.3082 9.90511 5.24215 69.8708
199837 5.29619 17.4688 15.978 31.5687 9.87151 5.28683 70.3116
199840 5.29619 17.4688 15.978 31.5687 9.87151 5.28683 70.3116
199846 5.31552 17.5644 15.9982 31.6652 9.89316 5.26983 70.5433
199868 5.31552 17.5644 15.9982 31.6652 9.89316 5.26983 70.5433
199869 5.33485 17.6314 16.1399 31.6652 9.82808 5.26459 70.7713
199876 5.47982 17.8036 16.0893 31.6844 9.82271 5.16985 71.0572
199899 5.47982 17.8036 16.0893 31.6844 9.82271 5.16985 71.0572
199900 5.44116 17.8036 16.0994 31.6266 9.82433 5.17422 70.9707
199911 5.55713 17.9662 16.1196 31.5783 9.78211 5.09144 71.2213
199930 5.55713 17.9662 16.1196 31.5783 9.78211 5.09144 71.2213
199931 5.60546 18.0715 16.1095 31.6362 9.79826 5.05487 71.4227
199938 5.60546 18.0715 16.1095 31.6362 9.79826 5.05487 71.4227
199958 5.66344 18.2437 16.2006 31.6748 9.77063 5.00852 71.7825
199958 6.25298 18.5402 17 31.5783 9.15395 4.8626 73.3715
199967 6.25298 18.5402 17 31.5783 9.15395 4.8626 73.3715
199984 7.67368 18.9229 17.8187 31.0284 8.10504 4.42392 75.4436
199987 9.00739 19.0664 20.5779 30.1311 6.22351 4.30967 78.7828
199997 9.00739 19.0664 20.5779 30.1311 6.22351 4.30967 78.7828
200010 11.0949 19.296 31.453 30.8644 2.05278 5.16563 92.7083
200026 11.0949 19.296 31.453 30.8644 2.05278 5.16563 92.7083
200037 10.7084 18.1958 26.4197 23.6669 1.49846 4.02244 78.9908
200038 11.4719 16.7114 21.4168 15.877 -0.114642 2.08711 65.477
200070 11.8681 15.326 21.5886 11.6173 -2.69595 1.493 60.4
200071 12.8442 14.7102 27.2889 12.082 -4.9835 2.64843 66.9254
200078 12.8442 14.7102 27.2889 12.082 -4.9835 2.64843 66.9254
200088 13.9073 14.0849 33.8282 12.9339 -6.92825 3.76632 74.7543
200107 13.9073 14.0849 33.8282 12.9339 -6.92825 3.76632 74.7543
200116 14.1973 11.8529 34 13.0017 -7.98841 4.30206 73.0518
200133 13.917 8.56254 34 12.4789 -9.74338 5.2204 68.9585
200135 13.917 8.56254 34 12.4789 -9.74338 5.2204 68.9585
200143 13.2018 5.05093 34 12.1014 -11.6735 6.4911 64.3541
200165 12.6896 2.33786 34 12.3434 -13.0389 7.65411 61.3709
200167 12.6896 2.33786 34 12.3434 -13.0389 7.65411 61.3709
200173 12.6703 1.03905 34 12.8178 -13.5532 8.20503 60.5271
200196 12.8636 0.625354 34 12.992 -13.7424 8.30917 60.4809
200210 12.8346 0.567629 34 12.6726 -13.9802 8.30724 60.0747
200212 12.8346 0.567629 34 12.6726 -13.9802 8.30724 60.0747
200230 12.477 0.548387 34 12.0723 -14.3222 8.38788 59.0977
200237 11.9358 0.384833 34 11.5108 -14.7152 8.6087 57.8314
200242 11.9358 0.384833 34 11.5108 -14.7152 8.6087 57.8314
200261 11.5395 0.490662 34 11.0074 -14.9206 8.6725 57.0376
200263 11.4235 0.452179 34 10.6105 -15.2076 8.69277 56.4862
200295 11.0659 0.365591 34 10.4556 -15.3187 8.86359 55.8871
200297 11.0659 0.365591 34 10.4556 -15.3187 8.86359 55.8871
200307 10.7953 0.355971 34 10.2813 -15.4052 8.96494 55.4326
200334 10.7374 0.365591 34 10.2813 -15.3881 8.98587 55.3843
200337 10.805 0.355971 34 10.3975 -15.3224 8.97339 55.5585
200346 11.0176 0.365591 34 10.4653 -15.3034 8.8853 55.8485
200365 11.0176 0.365591 34 10.4653 -15.3034 8.8853 55.8485
200366 11.4235 0.452179 34 10.504 -15.2836 8.68085 56.3797
200395 11.8874 0.4618 34 10.4846 -15.3698 8.4814 56.8339
200398 12.448 0.57725 34 10.4653 -15.3962 8.2031 57.4905
200405 12.448 0.57725 34 10.4653 -15.3962 8.2031 57.4905
200428 12.9989 0.663837 34 10.4556 -15.4338 7.94747 58.1183
200430 13.4434 0.673458 34 10.4556 -15.4998 7.76953 58.5725
200436 13.4434 0.673458 34 10.4556 -15.4998 7.76953 58.5725
200455 13.9267 0.798529 34 10.4943 -15.4653 7.54037 59.2195
200456 13.9267 0.798529 34 10.4943 -15.4653 7.54037 59.2195
200466 14.3229 0.885116 34 10.3781 -15.5488 7.34317 59.5862
200486 14.7288 0.856254 34 10.2716 -15.7046 7.18881 59.8567
200487 14.7288 0.856254 34 10.2716 -15.7046 7.18881 59.8567
200497 15.0284 0.856254 34 10.0877 -15.8758 7.054 59.9724
200516 15.27 0.856254 34 9.99089 -15.9783 6.95257 60.1172
200517 15.27 0.856254 34 9.99089 -15.9783 6.95257 60.1172
200537 15.5503 0.827391 34 9.80695 -16.1652 6.83627 60.1847
200548 16.1012 1.4335 34 10.32 -15.4991 6.49554 61.8547
200565 17.3752 3.86757 34 10.9009 -13.8361 5.36517 66.1437
200568 17.3752 3.86757 34 10.9009 -13.8361 5.36517 66.1437
200578 18.3854 6.64799 34 11.7238 -12.0177 4.38621 70.7572
200593 19.309 9.55348 34 11.6076 -10.7922 3.37286 74.4701
200598 19.309 9.55348 34 11.6076 -10.7922 3.37286 74.4701
200608 20.1749 12.382 32.3424 10.8428 -9.66849 2.10485 75.7421
200623 20.1749 12.382 32.3424 10.8428 -9.66849 2.10485 75.7421
200630 20.3673 14.2773 25.874 9.89408 -7.8359 0.239326 70.4126
200640 20.3673 16.0668 20.6486 10.6879 -5.26084 -1.12826 67.7706
200666 20.6078 17.8227 18.0006 14.1538 -2.34891 -1.33375 70.5849
200679 20.4443 19.3725 16.5548 16.5547 -0.367431 -1.37962 72.9262
200709 19.6457 20.8458 15.5833 18.756 1.46087 -1.23323 74.8308
200710 19.6457 20.8458 15.5833 18.756 1.46087 -1.23323 74.8308
200715 18.1834 22.099 14.8446 21.1873 3.36055 -0.835454 76.3143
200721 15.8692 23.1705 13.6607 23.3195 5.57751 -0.406377 76.02
200737 15.8692 23.1705 13.6607 23.3195 5.57751 -0.406377 76.02
200741 12.6993 23.668 12.2036 24.7764 8.02401 0.125306 73.3472
200751 9.48096 24.1463 11.3131 26.3973 10.4256 0.858545 71.3376
200766 9.48096 24.1463 11.3131 26.3973 10.4256 0.858545 71.3376
200772 7.14213 24.5481 11.4649 28.3655 11.9919 1.70723 71.5206
200782 7.14213 24.5481 11.4649 28.3655 11.9919 1.70723 71.5206
200801 6.64923 24.9499 12.0619 29.7066 12.2484 2.07912 73.3676
200803 6.66856 25.1508 12.2946 30.3434 12.2657 2.17949 74.4574
200812 6.66856 25.1508 12.2946 30.3434 12.2657 2.17949 74.4574
200833 6.55259 24.9021 12.2643 30.3241 12.2933 2.25552 74.043
200834 6.38829 24.5385 11.981 29.9478 12.3934 2.26515 72.8556
200866 6.38829 24.5385 11.981 29.9478 12.3934 2.26515 72.8556
200869 6.24332 24.0411 11.7381 29.3978 12.4116 2.27909 71.4203
200870 6.24332 24.0411 11.7381 29.3978 12.4116 2.27909 71.4203
200878 6.10802 23.8115 11.303 28.597 12.5314 2.14421 69.8195
200902 5.95338 23.5819 10.7464 27.6708 12.7122 1.96063 67.9525
200904 5.95338 23.5819 10.7464 27.6708 12.7122 1.96063 67.9525
200906 5.91472 23.2088 10.4226 27.0051 12.7257 1.87169 66.5512
200915 5.98238 23.1609 10.2202 26.3973 12.6806 1.70486 65.7608
200937 5.98238 23.1609 10.2202 26.3973 12.6806 1.70486 65.7608
200938 5.96305 23.2183 10.1494 26.2719 12.7197 1.65539 65.6026
200945 5.96305 23.2183 10.1494 26.2719 12.7197 1.65539 65.6026
200974 6.02103 23.5053 10.2304 26.214 12.6829 1.57296 65.9707
200975 6.13701 23.8115 10.1494 26.3587 12.7466 1.48058 66.4566
200976 6.13701 23.8115 10.1494 26.3587 12.7466 1.48058 66.4566
200986 6.23366 24.108 10.2405 26.6288 12.7445 1.45682 67.211
201012 6.33997 24.4811 10.2911 26.9183 12.7768 1.40854 68.0305
201013 6.33997 24.4811 10.2911 26.9183 12.7768 1.40854 68.0305
201016 6.40762 24.8542 10.4631 27.1691 12.7561 1.38699 68.8941
201026 6.48493 25.2273 10.4935 27.4682 12.8158 1.34542 69.674
201046 6.48493 25.2273 10.4935 27.4682 12.8158 1.34542 69.674
201048 6.57192 25.6387 10.4024 27.4296 12.8829 1.20385 70.0426
201057 6.57192 25.6387 10.4024 27.4296 12.8829 1.20385 70.0426
201083 6.69756 26.0692 10.2506 27.3138 12.9512 1.02323 70.3312
201085 6.93917 26.605 10.1393 27.1112 12.938 0.785313 70.7946
201093 6.93917 26.605 10.1393 27.1112 12.938 0.785313 70.7946
201120 7.04548 26.9781 9.89643 26.8797 13.0353 0.583177 70.7996
201122 7.16146 27.3799 9.75476 26.4745 13.0485 0.357758 70.7705
201124 7.16146 27.3799 9.75476 26.4745 13.0485 0.357758 70.7705
201128 7.30642 27.7434 9.52202 26.0306 13.0823 0.106836 70.6025
201152 7.30642 27.7434 9.52202 26.0306 13.0823 0.106836 70.6025
201153 7.48039 28.1835 9.17798 25.5096 13.1606 -0.208147 70.3515
201158 7.70267 28.7001 9.38036 24.9983 12.9325 -0.428942 70.7814
201168 7.70267 28.7001 9.38036 24.9983 12.9325 -0.428942 70.7814
201183 9.9062 29.3793 10.4125 24.4869 11.3054 -0.886847 74.1849
201190 12.4287 29.8576 11.5762 23.4257 9.47055 -1.41375 77.2881
201200 12.4287 29.8576 11.5762 23.4257 9.47055 -1.41375 77.2881
201216 14.3616 29.9437 12.4464 21.4864 7.86768 -1.98864 78.2381
201228 14.3616 29.9437 12.4464 21.4864 7.86768 -1.98864 78.2381
201230 16.826 29.8768 13.3673 18.8235 5.86453 -2.75917 78.8936
201241 18.828 29.5037 15.8161 16.5547 3.53592 -2.96662 80.7024
201271 18.828 29.5037 15.8161 16.5547 3.53592 -2.96662 80.7024
201272 19.7035 28.3365 16.6863 13.873 1.85108 -3.33603 78.5993
