222301 16.7487 24.8925 21.4875 13.9117 0.184321 -1.21533 77.0405
222307 17.2982 23.4671 22.761 12.1788 -1.45741 -1.15425 75.7051
222316 17.6157 21.3815 25.0351 11.4527 -3.25115 -0.498668 75.4851
222326 17.6157 21.3815 25.0351 11.4527 -3.25115 -0.498668 75.4851
222341 17.3079 18.6072 27.9964 11.0074 -5.23556 0.618423 74.9189
222346 17.3079 18.6072 27.9964 11.0074 -5.23556 0.618423 74.9189
222361 16.5168 15.0277 31.2105 10.7557 -7.4628 2.12656 73.5107
222367 15.3957 10.7657 34 10.4943 -9.9552 3.89202 70.6557
222378 15.3957 10.7657 34 10.4943 -9.9552 3.89202 70.6557
222387 14.2843 6.35937 34 10.717 -11.9368 5.52474 65.3606
222398 13.6947 3.0498 34 11.4334 -13.3534 6.921 62.1779
222407 13.6947 3.0498 34 11.4334 -13.3534 6.921 62.1779
222425 13.6271 1.33729 34 12.324 -13.8549 7.67511 61.2884
222428 13.6271 1.33729 34 12.324 -13.8549 7.67511 61.2884
222440 13.7817 0.673458 34 12.8759 -13.9539 7.92928 61.331
222448 14.062 0.70232 34 12.7306 -14.078 7.79731 61.4949
222461 14.062 0.70232 34 12.7306 -14.078 7.79731 61.4949
222468 14.1876 0.750424 34 12.2079 -14.4038 7.67096 61.1459
222481 14.12 0.740804 34 11.6754 -14.7448 7.63543 60.5362
222493 14.12 0.740804 34 11.6754 -14.7448 7.63543 60.5362
222501 13.83 0.779287 34 11.1236 -15.0366 7.66268 59.7329
222509 13.83 0.779287 34 11.1236 -15.0366 7.66268 59.7329
222522 13.4531 0.654216 34 10.6008 -15.4144 7.79113 58.7081
222529 13.1632 0.740804 34 10.3588 -15.4746 7.84073 58.2627
222540 13.1632 0.740804 34 10.3588 -15.4746 7.84073 58.2627
222550 12.9312 0.70232 34 10.1361 -15.6193 7.92005 57.7696
222569 12.9312 0.808149 34 10.1071 -15.5654 7.87457 57.8464
222577 12.9312 0.808149 34 10.1071 -15.5654 7.87457 57.8464
222586 12.9892 0.740804 34 10.0974 -15.6288 7.87708 57.8274
222590 12.9892 0.740804 34 10.0974 -15.6288 7.87708 57.8274
222608 13.1728 0.798529 34 10.262 -15.5033 7.80239 58.2333
222617 13.3565 0.81777 34 10.32 -15.4796 7.73046 58.4943
222628 13.3565 0.81777 34 10.32 -15.4796 7.73046 58.4943
222635 13.685 0.904358 34 10.32 -15.4732 7.57026 58.9095
222642 13.917 0.952462 34 10.5137 -15.3456 7.48804 59.3831
222669 14.1103 0.981324 34 10.6008 -15.2985 7.41531 59.6924
222671 14.1103 0.981324 34 10.6008 -15.2985 7.41531 59.6924
222686 14.2069 0.93322 34 10.7654 -15.2358 7.41798 59.9055
222692 14.3712 0.990945 34 10.8331 -15.1786 7.34384 60.1953
222701 14.3712 0.990945 34 10.8331 -15.1786 7.34384 60.1953
222716 14.4969 1.05829 34 10.8041 -15.1735 7.26871 60.3593
222722 14.6418 1.00057 34 10.717 -15.2935 7.22537 60.3594
222736 14.6418 1.00057 34 10.717 -15.2935 7.22537 60.3594
222744 14.9414 1.09677 34 10.6202 -15.3419 7.06793 60.6584
222753 14.9414 1.09677 34 10.6202 -15.3419 7.06793 60.6584
222763 15.2217 1.03905 34 10.4459 -15.5406 6.96426 60.7067
222775 15.7726 1.39502 34 10.7751 -15.1763 6.6854 61.9427
222783 15.7726 1.39502 34 10.7751 -15.1763 6.6854 61.9427
222796 17.202 4.27165 34 11.6076 -13.1642 5.39657 67.0813
222808 18.3662 7.21562 34 12.5854 -11.2811 4.36562 72.1672
222818 18.3662 7.21562 34 12.5854 -11.2811 4.36562 72.1672
222824 19.6169 10.429 34 12.6145 -9.97042 3.24196 76.6603
222843 21.1081 13.9021 29.846 11.6948 -8.28117 1.27966 76.551
222844 21.1081 13.9021 29.846 11.6948 -8.28117 1.27966 76.551
222856 22.0125 16.086 23.9637 10.9106 -6.50228 -0.662743 72.9728
222866 22.0125 16.086 23.9637 10.9106 -6.50228 -0.662743 72.9728
222876 22.6955 18.0045 19.2539 10.9009 -4.60236 -2.23244 70.8548
222886 22.7533 19.6308 17.1213 12.9533 -2.51536 -2.54825 72.4587
222914 22.3396 21.2285 16.5952 15.5769 -0.702877 -2.25691 75.7402
222916 21.3101 22.3191 15.5327 16.758 0.735703 -2.24022 75.9199
222926 21.3101 22.3191 15.5327 16.758 0.735703 -2.24022 75.9199
222946 19.9151 22.96 14.2982 17.7622 2.1715 -2.16481 74.9356
222949 19.9151 22.96 14.2982 17.7622 2.1715 -2.16481 74.9356
222957 18.1449 23.6488 13.175 19.1805 3.8805 -1.90931 74.1492
222967 15.8982 24.108 11.9607 20.6566 5.81964 -1.52614 72.6236
222978 15.8982 24.108 11.9607 20.6566 5.81964 -1.52614 72.6236
222989 13.1535 24.2994 10.6958 22.2679 8.06555 -0.956273 70.4166
222997 10.4281 24.5864 9.96726 24.4194 10.3062 -0.135688 69.4011
223012 10.4281 24.5864 9.96726 24.4194 10.3062 -0.135688 69.4011
223017 8.16657 24.8829 9.9875 26.9569 12.0317 0.834682 69.9939
223034 8.16657 24.8829 9.9875 26.9569 12.0317 0.834682 69.9939
223038 6.57192 25.3039 10.5137 29.3014 13.0838 1.66114 71.6908
223048 6.18533 25.7248 11.1613 30.7968 13.2584 2.04038 73.8683
223077 6.31097 25.964 11.3131 31.3468 13.2404 2.07879 74.9348
223079 6.26265 25.7727 11.0702 31.0187 13.3082 2.03449 74.1243
223088 6.26265 25.7727 11.0702 31.0187 13.3082 2.03449 74.1243
223103 6.01137 25.3804 10.5946 30.0925 13.4807 1.93441 72.0789
223109 6.01137 25.3804 10.5946 30.0925 13.4807 1.93441 72.0789
223120 5.76009 24.9212 10.1089 29.311 13.6814 1.86986 70.1012
223129 5.54747 24.5864 9.73452 28.5102 13.8255 1.77926 68.3786
223143 5.54747 24.5864 9.73452 28.5102 13.8255 1.77926 68.3786
223149 5.54747 24.4429 9.50179 27.9699 13.8461 1.66346 67.4621
223160 5.48948 24.2802 9.50179 27.8252 13.8286 1.68948 67.0967
223174 5.48948 24.2802 9.50179 27.8252 13.8286 1.68948 67.0967
223181 5.54747 24.108 9.58274 27.941 13.7389 1.75684 67.1792
223191 5.54747 24.108 9.58274 27.941 13.7389 1.75684 67.1792
223201 5.52814 24.1654 9.7244 27.9892 13.6863 1.78468 67.4072
223211 5.65378 24.3089 9.76488 27.9313 13.6056 1.71451 67.6589
223226 5.65378 24.3089 9.76488 27.9313 13.6056 1.71451 67.6589
223232 5.7311 24.5194 9.57262 27.7191 13.671 1.56373 67.5422
223251 5.79875 24.6055 9.45119 27.5647 13.6904 1.47099 67.4202
223273 5.84707 24.7873 9.37024 27.3621 13.7056 1.35779 67.3667
223278 5.84707 24.7873 9.37024 27.3621 13.7056 1.35779 67.3667
223287 5.81808 24.9212 9.32976 27.3331 13.7631 1.31827 67.4022
223296 5.81808 25.0169 9.45119 27.4779 13.7335 1.34897 67.764
223305 5.81808 25.0169 9.45119 27.4779 13.7335 1.34897 67.764
223316 5.85674 25.1508 9.52202 27.6033 13.7141 1.34687 68.1329
223332 5.99204 25.3326 9.44107 27.748 13.7372 1.28393 68.5137
223339 5.99204 25.3326 9.44107 27.748 13.7372 1.28393 68.5137
223344 6.07902 25.6674 9.58274 27.9506 13.6967 1.25295 69.2798
223353 6.07902 25.6674 9.58274 27.9506 13.6967 1.25295 69.2798
223363 6.195 26.0501 9.70417 28.1918 13.6663 1.20847 70.1411
223376 6.28198 26.4423 9.90655 28.3848 13.6021 1.17588 71.0156
223385 6.28198 26.4423 9.90655 28.3848 13.6021 1.17588 71.0156
223394 6.46561 26.8537 9.84583 28.4909 13.6182 1.05032 71.656
223405 8.4855 27.5138 10.9185 28.3848 12.116 0.658135 75.3025
223415 8.4855 27.5138 10.9185 28.3848 12.116 0.658135 75.3025
223424 9.88687 27.9252 11.8089 27.7673 10.9825 0.341955 77.3883
223435 9.88687 27.9252 11.8089 27.7673 10.9825 0.341955 77.3883
223444 10.7567 28.1356 12.406 26.1368 10.0438 -0.0677159 77.435
223460 12.0324 27.9634 12.922 23.6862 8.71206 -0.663343 76.604
223470 12.0324 27.9634 12.922 23.6862 8.71206 -0.663343 76.604
223476 14.0426 27.8008 13.003 20.5988 7.07598 -1.63861 75.4452
223486 15.1347 27.2746 15.7048 18.0902 4.76527 -1.69564 76.2044
223496 15.1347 27.2746 15.7048 18.0902 4.76527 -1.69564 76.2044
223506 15.5986 26.4519 20.1231 16.5934 2.32444 -1.01579 78.767
223521 15.5986 26.4519 20.1231 16.5934 2.32444 -1.01579 78.767
223527 15.9659 25.3517 21.1237 14.6088 0.931516 -1.08731 77.05
223538 16.3621 23.6775 22.3163 13.1663 -0.607303 -0.905119 75.5223
223548 16.3621 23.6775 22.3163 13.1663 -0.607303 -0.905119 75.5223
223562 16.4201 21.4676 23.893 12.0433 -2.30352 -0.396519 73.824
223570 16.2172 18.9516 25.783 11.0752 -4.15587 0.351827 72.0269
223579 16.2172 18.9516 25.783 11.0752 -4.15587 0.351827 72.0269
223590 15.6953 15.7301 28.3097 10.1361 -6.49011 1.50717 69.8712
223598 15.6953 15.7301 28.3097 10.1361 -6.49011 1.50717 69.8712
223610 15.1154 11.9106 32.1908 9.47779 -9.43228 3.19733 68.6946
223618 14.4099 7.62932 34 9.36162 -12.0102 4.8904 65.4008
223638 14.062 3.95416 34 9.95216 -13.7795 6.27806 61.9683
223658 14.2649 1.92417 34 10.959 -14.4656 7.05744 61.1481
223659 14.2649 1.92417 34 10.959 -14.4656 7.05744 61.1481
223669 14.6418 0.769666 34 11.5495 -14.8958 7.41573 60.9611
223685 15.0284 0.769666 34 11.5495 -14.9595 7.27447 61.3476
223689 15.0284 0.452179 34 11.5399 -15.1738 7.38914 61.0205
223699 15.2217 0.442558 34 11.1236 -15.4865 7.26937 60.7879
223710 15.2217 0.442558 34 11.1236 -15.4865 7.26937 60.7879
223719 15.1347 0.413696 34 10.3394 -16.0223 7.21122 59.8878
223735 14.9318 0.423316 34 9.50683 -16.5649 7.17401 58.8619
223741 14.9318 0.423316 34 9.50683 -16.5649 7.17401 58.8619
223751 14.5355 0.4618 34 8.83884 -16.9595 7.22079 57.8362
223764 14.3422 0.375212 34 8.35478 -17.3518 7.26378 57.0722
223771 14.3422 0.375212 34 8.35478 -17.3518 7.26378 57.0722
223781 14.2069 0.432937 34 8.27734 -17.3483 7.2836 56.9172
223796 14.2069 0.432937 34 8.27734 -17.3483 7.2836 56.9172
223802 14.1006 0.384833 34 8.31606 -17.341 7.34943 56.8015
223811 14.1393 0.384833 34 8.48064 -17.2239 7.35637 57.0048
223826 14.1393 0.384833 34 8.48064 -17.2239 7.35637 57.0048
223832 14.2649 0.432937 34 8.59681 -17.1199 7.30407 57.2947
223842 14.4872 0.500283 34 8.58713 -17.1081 7.19057 57.5746
223856 14.4872 0.500283 34 8.58713 -17.1081 7.19057 57.5746
223862 14.8738 0.558008 34 8.54841 -17.147 7.01531 57.9802
223880 14.8738 0.558008 34 8.54841 -17.147 7.01531 57.9802
223888 15.1057 0.625354 34 8.44191 -17.2066 6.88743 58.173
223901 15.3087 0.558008 34 8.41287 -17.3036 6.83245 58.2796
223907 15.3087 0.558008 34 8.41287 -17.3036 6.83245 58.2796
223916 15.5117 0.606112 34 8.40319 -17.3025 6.73744 58.521
223923 15.5117 0.606112 34 8.40319 -17.3025 6.73744 58.521
223933 15.7436 0.606112 34 8.44191 -17.305 6.65712 58.7916
223944 15.9176 0.654216 34 8.51936 -17.2378 6.58667 59.0911
223953 15.9176 0.654216 34 8.51936 -17.2378 6.58667 59.0911
223968 16.2848 0.750424 34 8.42255 -17.2861 6.4047 59.4578
223973 16.6617 0.721562 34 8.43223 -17.3483 6.28155 59.8155
223990 16.6617 0.721562 34 8.43223 -17.3483 6.28155 59.8155
223996 18.5008 4.07923 34 9.22608 -14.8905 4.70609 65.8062
224005 18.5008 4.07923 34 9.22608 -14.8905 4.70609 65.8062
224023 19.867 6.91737 34 10.4653 -12.8016 3.72231 71.2496
224024 21.1273 9.67855 34 11.1236 -11.3017 2.82849 75.9295
224035 21.1273 9.67855 34 11.1236 -11.3017 2.82849 75.9295
224051 22.9842 13.9887 30.6546 10.5524 -9.30472 0.812384 78.1798
224059 24.004 16.3939 24.6207 10.4943 -7.19628 -1.0494 75.5128
224064 24.004 16.3939 24.6207 10.4943 -7.19628 -1.0494 75.5128
224074 24.5139 18.2915 22.2759 14.5604 -4.37518 -1.12425 79.6416
224105 23.9559 19.6021 21.3763 18.3507 -2.21508 -0.689966 83.2851
224107 21.9066 20.0422 18.4756 18.5244 -0.57494 -0.940254 78.9489
224128 21.9066 20.0422 18.4756 18.5244 -0.57494 -0.940254 78.9489
224132 19.1262 19.8317 15.7149 18.6981 1.25687 -0.929182 73.3709
224136 15.8403 19.6117 13.6 19.9041 3.65289 -0.423717 68.956
224154 15.8403 19.6117 13.6 19.9041 3.65289 -0.423717 68.956
224156 12.4866 19.6117 12.5476 22.6345 6.3956 0.68752 67.2805
224176 12.4866 19.6117 12.5476 22.6345 6.3956 0.68752 67.2805
224178 9.32632 19.9083 12.2744 25.8956 8.97681 1.98845 67.4046
224189 7.23877 20.4249 12.9929 29.5233 10.5859 3.17452 70.1798
224199 7.23877 20.4249 12.9929 29.5233 10.5859 3.17452 70.1798
224208 6.21433 21.0658 14.0554 32.6396 11.2997 3.93675 73.9751
224221 5.60546 21.238 14.9458 34 11.4418 4.37443 75.7893
224228 5.60546 21.238 14.9458 34 11.4418 4.37443 75.7893
224243 5.48948 21.0371 15.2696 34 11.306 4.50082 75.7963
224248 5.48948 21.0371 15.2696 34 11.306 4.50082 75.7963
224258 5.17055 20.4249 15.1583 34 11.4028 4.72811 74.7538
224268 4.81296 19.5639 14.7435 34 11.6272 4.9986 73.1203
224278 4.81296 19.5639 14.7435 34 11.6272 4.9986 73.1203
224291 4.49403 18.5785 14.2476 32.8808 11.6514 5.14008 70.201
224298 4.34906 17.9088 13.6708 31.8195 11.7008 5.14385 67.7483
224313 4.34906 17.9088 13.6708 31.8195 11.7008 5.14385 67.7483
224319 4.18476 17.6218 13.347 30.9898 11.7471 5.1094 66.1434
224336 4.18476 17.6218 13.347 30.9898 11.7471 5.1094 66.1434
224340 4.22342 17.641 13.0839 30.4012 11.7579 4.96272 65.3496
224348 4.3394 17.8897 12.9321 30.16 11.7795 4.79088 65.3213
224367 4.3394 17.8897 12.9321 30.16 11.7795 4.79088 65.3213
224376 4.49403 18.2341 12.922 30.2083 11.7777 4.64683 65.8584
224384 4.67766 18.6072 13.0637 30.3337 11.6971 4.52426 66.6823
224393 4.67766 18.6072 13.0637 30.3337 11.6971 4.52426 66.6823
224402 4.8033 18.9612 13.0536 30.5363 11.7441 4.41518 67.3544
224411 4.8033 18.9612 13.0536 30.5363 11.7441 4.41518 67.3544
224423 4.82263 19.1429 13.1649 30.6714 11.7352 4.39606 67.8018
224434 4.88061 19.4108 13.175 30.874 11.7899 4.33658 68.3404
224451 4.89028 19.6213 13.0637 31.0477 11.9184 4.28424 68.6229
224461 5.02558 19.8796 13.0839 31.1731 11.9079 4.19706 69.1622
224471 5.02558 19.8796 13.0839 31.1731 11.9079 4.19706 69.1622
224482 5.04491 20.1857 13.175 31.2599 11.9233 4.13497 69.6656
224491 5.04491 20.1857 13.175 31.2599 11.9233 4.13497 69.6656
224508 5.06424 20.3196 13.1851 31.3468 11.949 4.10809 69.9158
224513 5.11256 20.5301 13.175 31.4336 11.9842 4.04959 70.2513
224531 5.11256 20.5301 13.175 31.4336 11.9842 4.04959 70.2513
224532 5.31552 21.0945 12.9827 31.2213 12.0435 3.77984 70.6141
224542 5.50881 21.6972 12.7905 31.038 12.1194 3.51008 71.0346
224552 5.50881 21.6972 12.7905 31.038 12.1194 3.51008 71.0346
224563 5.82774 22.4052 12.578 30.7196 12.1344 3.15908 71.5305
224576 5.82774 22.4052 12.578 30.7196 12.1344 3.15908 71.5305
224583 5.96305 23.027 12.3351 30.1118 12.1928 2.82561 71.437
224598 8.01194 24.0793 12.9321 29.5812 10.9633 2.09545 74.6046
224603 8.01194 24.0793 12.9321 29.5812 10.9633 2.09545 74.6046
224613 9.31666 24.8255 13.519 28.298 9.96844 1.51558 75.9592
224623 10.689 25.3517 13.5595 26.0306 8.96916 0.703964 75.6309
224633 10.689 25.3517 13.5595 26.0306 8.96916 0.703964 75.6309
224648 12.564 25.8683 13.5696 22.7213 7.51308 -0.429843 74.7233
224655 12.564 25.8683 13.5696 22.7213 7.51308 -0.429843 74.7233
224671 14.6708 26.2223 16.656 19.8462 4.76182 -0.851015 77.3953
224674 15.5793 26.1266 19.2741 16.7096 2.56881 -1.10484 77.6896
224685 15.5793 26.1266 19.2741 16.7096 2.56881 -1.10484 77.6896
224696 16.5458 25.543 19.9917 14.0182 0.993392 -1.59245 76.0987
224710 17.6446 24.4716 21.3561 12.508 -0.66503 -1.62912 75.9803
224720 17.6446 24.4716 21.3561 12.508 -0.66503 -1.62912 75.9803
224735 18.0487 22.3286 23.4483 11.3656 -2.59428 -1.10986 75.1912
224737 17.8274 19.009 25.7224 10.2232 -4.91794 -0.183591 72.782
224746 17.8274 19.009 25.7224 10.2232 -4.91794 -0.183591 72.782
224768 16.884 14.3254 29.2396 9.3713 -8.03022 1.59011 69.8203
224773 16.884 14.3254 29.2396 9.3713 -8.03022 1.59011 69.8203
224782 15.9176 9.13016 34 8.99374 -11.6817 3.95627 68.0415
224794 15.4923 4.72383 34 9.42939 -13.8812 5.4709 63.6455
224802 15.4923 4.72383 34 9.42939 -13.8812 5.4709 63.6455
224807 15.8403 2.40521 34 10.4265 -14.7628 6.26622 62.672
224819 15.8403 2.40521 34 10.4265 -14.7628 6.26622 62.672
224827 16.5168 1.30843 34 11.1526 -15.1068 6.50882 62.9778
224843 17.1636 0.990945 34 11.2978 -15.3165 6.41663 63.4523
224847 17.1636 0.990945 34 11.2978 -15.3165 6.41663 63.4523
224867 17.6542 1.11602 34 10.7267 -15.6746 6.13174 63.4969
224869 17.7312 1.19298 34 9.8844 -16.1816 5.96103 62.8086
224878 17.7312 1.19298 34 9.8844 -16.1816 5.96103 62.8086
224892 17.4618 1.1545 34 9.07118 -16.7117 5.94648 61.6875
224898 17.0866 1.14488 34 8.44191 -17.0997 5.98544 60.6734
224917 17.0866 1.14488 34 8.44191 -17.0997 5.98544 60.6734
224922 16.7004 1.05829 34 8.16116 -17.3068 6.10878 59.9199
224931 16.7004 1.05829 34 8.16116 -17.3068 6.10878 59.9199
224942 16.2945 0.981324 34 7.92882 -17.4751 6.24605 59.2046
224950 16.1205 1.01019 34 8.12244 -17.2936 6.32668 59.2531
224967 16.1205 1.01019 34 8.12244 -17.2936 6.32668 59.2531
224975 15.9466 0.971703 34 8.31606 -17.1602 6.43152 59.2343
224981 15.9466 0.952462 34 8.52904 -17.0227 6.46917 59.4281
224992 15.9466 0.952462 34 8.52904 -17.0227 6.46917 59.4281
225001 15.8596 0.962083 34 8.8098 -16.8064 6.53719 59.6315
225018 15.8596 0.962083 34 8.8098 -16.8064 6.53719 59.6315
225026 15.8306 0.952462 34 9.00342 -16.6738 6.57851 59.7865
225035 15.7533 0.93322 34 9.11959 -16.5955 6.6297 59.8061
225046 15.7533 0.93322 34 9.11959 -16.5955 6.6297 59.8061
225052 15.8113 0.875495 34 9.26481 -16.5429 6.64988 59.9516
225062 15.8789 0.885116 34 9.30353 -16.519 6.62741 60.0676
225077 15.8789 0.885116 34 9.30353 -16.519 6.62741 60.0676
225083 15.9079 0.827391 34 9.39066 -16.5028 6.64988 60.1259
225101 15.9562 0.894737 34 9.53588 -16.3635 6.62849 60.3868
225120 15.9756 0.837012 34 9.60364 -16.3594 6.65163 60.4162
225131 15.9756 0.837012 34 9.60364 -16.3594 6.65163 60.4162
225143 16.1109 0.846633 34 9.66173 -16.3325 6.60787 60.6192
225150 16.8647 2.309 34 10.4169 -14.9939 5.95446 63.5906
225158 16.8647 2.309 34 10.4169 -14.9939 5.95446 63.5906
225168 17.7793 4.6661 34 11.5592 -13.0704 5.09829 68.0046
225176 18.5586 7.01358 34 12.721 -11.351 4.38813 72.2931
225194 18.5586 7.01358 34 12.721 -11.351 4.38813 72.2931
225199 19.4533 10.1307 34 13.0308 -9.88446 3.4158 76.6148
225219 20.1075 12.3531 31.8977 12.6338 -8.77306 2.35171 76.9922
225227 20.1364 13.6712 26.7128 13.4277 -6.6771 1.2846 73.9481
225247 20.0306 14.691 24.3781 17.5306 -3.97592 1.40686 76.6303
225257 19.0877 14.9123 21.2146 18.9586 -2.16773 1.2484 74.1732
225272 19.0877 14.9123 21.2146 18.9586 -2.16773 1.2484 74.1732
225277 17.5291 15.1336 19.3246 20.0681 -0.573201 1.40101 72.0554
225302 17.5291 15.1336 19.3246 20.0681 -0.573201 1.40101 72.0554
225303 15.7726 15.3741 18.3341 22.21 1.21262 1.96624 71.6908
225322 13.7334 15.6531 17.5862 24.651 3.136 2.6913 71.6236
225333 11.037 15.8551 16.6357 27.1305 5.41797 3.58221 70.6583
225338 8.06993 15.9994 15.7351 29.6198 7.85538 4.59901 69.4242
225351 8.06993 15.9994 15.7351 29.6198 7.85538 4.59901 69.4242
225360 5.20921 16.0572 15.5935 32.4949 10.0027 5.80104 69.3547
225377 5.20921 16.0572 15.5935 32.4949 10.0027 5.80104 69.3547
225379 4.06879 16.2688 16.8583 34 10.3032 6.4303 71.1959
225390 4.11711 16.4035 17.7985 34 9.848 6.48746 72.3191
225408 4.11711 16.4035 17.7985 34 9.848 6.48746 72.3191
225417 4.07845 16.2207 18.0916 34 9.68726 6.58767 72.3907
225429 3.99147 16.0572 17.9703 34 9.75279 6.6486 72.0189
225431 3.99147 16.0572 17.9703 34 9.75279 6.6486 72.0189
225441 3.8465 15.6531 17.374 34 10.0293 6.74604 70.8736
225457 3.53724 15.1143 16.747 34 10.3857 6.9372 69.3986
225470 3.53724 15.1143 16.747 34 10.3857 6.9372 69.3986
225486 3.37294 14.7968 16.1095 34 10.7333 7.01671 68.2793
225489 3.37294 14.7968 16.1095 34 10.7333 7.01671 68.2793
225497 3.29562 14.5467 15.6137 33.5562 10.8911 7.01236 67.0122
225512 3.26663 14.4697 15.4214 33.1317 10.9042 6.97322 66.2894
225515 3.26663 14.4697 15.4214 33.1317 10.9042 6.97322 66.2894
225522 3.31495 14.5659 15.4113 33.0255 10.8814 6.91126 66.3177
225537 3.40193 14.6237 15.5732 33.1896 10.7946 6.90327 66.7884
225542 3.40193 14.6237 15.5732 33.1896 10.7946 6.90327 66.7884
225555 3.42126 14.6333 15.7958 33.5465 10.7433 6.96349 67.3969
225566 3.42126 14.6333 15.7958 33.5465 10.7433 6.96349 67.3969
225573 3.47925 14.7199 15.8565 33.7684 10.7456 6.95016 67.8241
225595 3.46958 14.8449 15.897 33.9711 10.798 6.9417 68.1826
225596 3.46958 14.8449 15.897 33.9711 10.798 6.9417 68.1826
225603 3.50824 14.9027 16.0083 34 10.7375 6.92731 68.4192
225619 3.50824 14.9508 15.9881 34 10.7581 6.90952 68.4471
225628 3.50824 14.9508 15.9881 34 10.7581 6.90952 68.4471
225634 3.49858 15.0566 16.0083 34 10.7746 6.88117 68.5635
225647 3.49858 15.0566 16.0083 34 10.7746 6.88117 68.5635
225654 3.52757 15.2875 16.0083 34 10.8072 6.79855 68.8234
225671 3.62422 15.5473 15.897 34 10.8682 6.67284 69.0685
225697 3.75952 15.884 15.9476 34 10.8408 6.53189 69.5911
225699 3.90449 16.1053 15.897 34 10.8372 6.41296 69.9068
225706 3.90449 16.1053 15.897 34 10.8372 6.41296 69.9068
225724 3.95281 16.3265 15.8565 34 10.8779 6.32569 70.1359
225727 3.95281 16.3265 15.8565 34 10.8779 6.32569 70.1359
225736 4.0398 16.8172 15.6643 34 11.0297 6.12736 70.5213
225751 4.25242 17.2966 15.8262 33.9228 10.9192 5.93285 71.298
225757 4.25242 17.2966 15.8262 33.9228 10.9192 5.93285 71.298
225767 6.0307 18.0715 16.6155 33.3729 9.71722 5.24079 74.0905
225779 7.49005 18.7029 17.4447 31.9835 8.51337 4.60889 75.6212
225787 7.49005 18.7029 17.4447 31.9835 8.51337 4.60889 75.6212
225807 8.73678 19.3534 23.9536 31.395 5.41055 4.90032 83.4388
225816 8.73678 19.3534 23.9536 31.395 5.41055 4.90032 83.4388
225834 9.99318 19.6882 30.5333 30.3144 2.61689 5.16402 90.5291
225834 10.2348 19.296 24.8228 22.6249 2.22895 3.49128 76.9785
225843 10.2348 19.296 24.8228 22.6249 2.22895 3.49128 76.9785
225861 11.2786 18.8081 21.4572 16.8161 1.05632 1.79636 68.3599
225863 11.8198 18.1767 23.3573 14.9863 -0.736779 1.83212 68.3401
225871 11.8198 18.1767 23.3573 14.9863 -0.736779 1.83212 68.3401
225879 12.1194 17.0096 26.6017 14.328 -2.63475 2.52661 70.0586
225890 12.1194 17.0096 26.6017 14.328 -2.63475 2.52661 70.0586
225906 11.9841 15.1528 30.5838 13.8633 -4.73282 3.62726 71.584
225915 11.5685 12.4878 34 13.0695 -7.03373 4.85333 71.1258
225919 11.5685 12.4878 34 13.0695 -7.03373 4.85333 71.1258
225929 10.9596 9.03396 34 11.9658 -9.08128 5.90641 65.9594
225943 10.2348 5.21449 34 11.3366 -11.3858 7.37522 60.7858
225949 10.2348 5.21449 34 11.3366 -11.3858 7.37522 60.7858
225959 9.78056 1.93379 34 11.627 -13.1754 8.87125 57.3413
225975 9.78056 1.93379 34 11.627 -13.1754 8.87125 57.3413
225981 9.97385 0.269383 34 12.4305 -13.7956 9.57779 56.6738
225999 10.2445 0 34 13.0598 -13.6049 9.63681 57.3043
226002 10.2445 0 34 13.0598 -13.6049 9.63681 57.3043
226011 10.602 0 34 12.9727 -13.7341 9.47568 57.5747
226026 10.4957 0 34 12.4596 -14.062 9.47159 56.9553
226032 10.4957 0 34 12.4596 -14.062 9.47159 56.9553
226042 10.0995 0 34 11.627 -14.5678 9.56301 55.7265
226054 9.56794 0 34 10.959 -14.9508 9.73585 54.5269
226062 9.56794 0 34 10.959 -14.9508 9.73585 54.5269
226084 9.10404 0 34 10.3394 -15.3268 9.88953 53.4434
226086 9.10404 0 34 10.3394 -15.3268 9.88953 53.4434
226093 8.82376 0 34 9.89408 -15.616 9.97868 52.7178
226112 8.72712 0 34 9.7295 -15.7261 10.009 52.4566
226130 8.77544 0 34 9.68109 -15.7723 9.98131 52.4565
226141 9.01706 0 34 9.7295 -15.7771 9.87148 52.7466
226149 9.01706 0 34 9.7295 -15.7771 9.87148 52.7466
226153 9.39397 0 34 9.74886 -15.8277 9.69695 53.1428
226168 9.39397 0 34 9.74886 -15.8277 9.69695 53.1428
226174 9.89653 0 34 9.68109 -15.9654 9.45858 53.5776
226195 10.4184 0 34 9.66173 -16.0672 9.22057 54.0802
226197 10.4184 0 34 9.66173 -16.0672 9.22057 54.0802
226206 10.8727 0 34 9.64237 -16.1562 9.0167 54.515
226225 11.2496 0 34 9.60364 -16.2461 8.84745 54.8532
226227 11.2496 0 34 9.60364 -16.2461 8.84745 54.8532
226236 11.5878 0 34 9.5746 -16.3214 8.69798 55.1624
226254 11.5878 0 34 9.5746 -16.3214 8.69798 55.1624
226256 11.9551 0 34 9.47779 -16.4511 8.52997 55.4329
226275 12.2547 0 34 9.32289 -16.6127 8.38509 55.5776
226302 12.5446 0 34 9.26481 -16.6996 8.25672 55.8094
226303 12.9505 0 34 9.08087 -16.8966 8.0661 56.0314
226331 13.3661 0 34 8.91629 -17.079 7.87551 56.2824
226332 13.3661 0 34 8.91629 -17.079 7.87551 56.2824
226337 13.9557 0.153933 34 9.30353 -16.7637 7.62734 57.4131
226347 15.8596 3.49236 34 10.3297 -14.1475 5.88343 63.6817
226362 15.8596 3.49236 34 10.3297 -14.1475 5.88343 63.6817
226368 17.4522 6.35937 34 11.5011 -12.116 4.69386 69.3127
226385 18.9049 9.65931 34 11.5979 -10.6684 3.44523 74.1622
226400 20.8195 13.3345 31.3419 10.5911 -9.27746 1.53358 76.0869
226416 20.8195 13.3345 31.3419 10.5911 -9.27746 1.53358 76.0869
226419 21.8393 15.3452 23.9536 9.68109 -7.33085 -0.751867 70.8192
226433 22.5224 17.2105 19.2943 10.4749 -5.08303 -2.15035 69.5021
226448 22.5224 17.2105 19.2943 10.4749 -5.08303 -2.15035 69.5021
226450 22.4454 18.7029 18.5363 14.0085 -2.80564 -1.75121 73.6931
226460 21.5507 20.1283 17.8692 17.2798 -0.654627 -1.27492 76.828
226476 21.5507 20.1283 17.8692 17.2798 -0.654627 -1.27492 76.828
226480 19.6553 21.0658 15.897 19.0551 1.50929 -1.14356 75.6733
226504 16.5458 21.5059 14.1464 21.4767 4.1705 -0.49444 73.6748
226511 13.0762 22.0129 13.094 24.6703 7.03913 0.550802 72.8534
226537 9.95452 22.6348 12.6893 27.5647 9.45718 1.57832 72.8433
226541 8.13758 23.1131 13.2458 30.189 10.6844 2.44709 74.6855
226551 8.13758 23.1131 13.2458 30.189 10.6844 2.44709 74.6855
226564 6.99716 23.5053 13.8327 31.7906 11.3188 2.97944 76.1258
226579 6.99716 23.5053 13.8327 31.7906 11.3188 2.97944 76.1258
226593 6.74588 23.5053 13.9643 32.2826 11.4636 3.13649 76.4981
226597 6.52359 22.9792 13.5292 31.5687 11.5599 3.13571 74.6006
226607 6.52359 22.9792 13.5292 31.5687 11.5599 3.13571 74.6006
226623 6.14667 22.3956 12.6286 30.1407 11.8358 2.99258 71.3116
226624 5.90506 21.7259 11.9708 28.9251 11.957 2.90358 68.5269
226632 5.90506 21.7259 11.9708 28.9251 11.957 2.90358 68.5269
226652 5.72143 21.2285 11.5863 28.1918 12.0311 2.8837 66.728
226657 5.72143 21.2285 11.5863 28.1918 12.0311 2.8837 66.728
226663 5.58613 20.9606 11.394 27.7673 12.0791 2.87969 65.7081
226682 5.60546 20.8841 11.5054 27.7094 11.9789 2.90512 65.7043
226684 5.60546 20.8841 11.5054 27.7094 11.9789 2.90512 65.7043
226693 5.62479 20.9032 11.6065 27.6805 11.9093 2.90793 65.815
226712 5.81808 21.1711 11.6065 27.777 11.8736 2.80108 66.3727
226715 5.81808 21.1711 11.6065 27.777 11.8736 2.80108 66.3727
226725 5.92439 21.5155 11.6875 27.8638 11.8551 2.71187 66.9912
226743 6.0307 21.8312 11.6875 28.0664 11.8979 2.63815 67.6158
226746 6.0307 21.8312 11.6875 28.0664 11.8979 2.63815 67.6158
226760 6.14667 22.0129 11.6976 28.0278 11.857 2.5556 67.885
226774 6.29164 22.3286 11.5964 27.941 11.8774 2.40262 68.1577
226785 6.31097 22.5869 11.4649 27.8059 11.9619 2.28247 68.1687
226801 6.31097 22.5869 11.4649 27.8059 11.9619 2.28247 68.1687
226806 6.46561 22.9026 11.4042 27.7577 11.9621 2.14364 68.5301
226816 6.58158 23.1992 11.3232 27.6901 11.9867 2.01308 68.7941
226835 6.58158 23.1992 11.3232 27.6901 11.9867 2.01308 68.7941
226836 6.67823 23.5723 11.2726 27.5743 12.0105 1.86615 69.0975
226864 6.80387 23.9454 11.1208 27.2849 12.0402 1.66072 69.155
226867 6.98749 24.4237 10.8577 26.8411 12.0893 1.36469 69.1101
226877 6.98749 24.4237 10.8577 26.8411 12.0893 1.36469 69.1101
226894 7.26777 24.9786 10.5845 26.378 12.1026 1.02215 69.2089
226897 7.48039 25.4378 10.2708 25.9245 12.1579 0.711252 69.1136
226907 7.48039 25.4378 10.2708 25.9245 12.1579 0.711252 69.1136
226924 7.81865 25.9162 11.0804 25.3939 11.5409 0.585272 70.209
226936 7.81865 25.9162 11.0804 25.3939 11.5409 0.585272 70.209
226956 11.4719 27.0737 12.2643 24.6027 9.26248 -0.333877 75.4126
226959 14.2166 27.753 13.5798 22.8854 7.28056 -1.05268 78.4347
226962 14.2166 27.753 13.5798 22.8854 7.28056 -1.05268 78.4347
226972 16.4588 28.0495 14.0756 19.7787 5.51724 -2.03938 78.3626
226988 19.7131 28.3365 13.8732 16.2062 3.50586 -3.45011 78.129
226995 19.7131 28.3365 13.8732 16.2062 3.50586 -3.45011 78.129
227000 21.3294 27.8773 13.7518 13.2728 1.99031 -4.36477 76.2313
227021 21.3294 27.8773 13.7518 13.2728 1.99031 -4.36477 76.2313
227022 22.3588 26.9972 14.7131 11.6851 0.531444 -4.54585 75.7542
227030 23.2247 25.5909 15.9173 10.3394 -1.06952 -4.50744 75.0722
227052 23.2247 25.5909 15.9173 10.3394 -1.06952 -4.50744 75.0722
227053 23.7057 23.6201 17.5054 8.86788 -2.959 -4.26449 73.6991
227064 23.8019 20.9893 20.4061 7.9869 -5.20323 -3.36103 73.1842
227080 23.8019 20.9893 20.4061 7.9869 -5.20323 -3.36103 73.1842
227089 23.3209 17.5931 25.1665 7.43508 -7.97761 -1.69606 73.5156
227113 22.2915 13.1902 30.9679 7.1156 -11.1988 0.53053 73.5651
227114 21.2909 8.43746 34 6.7574 -14.2213 2.34708 70.4858
227121 21.2909 8.43746 34 6.7574 -14.2213 2.34708 70.4858
227145 20.6463 4.65648 34 6.98007 -16.2221 3.54782 66.2828
227147 20.5789 4.90662 34 7.40604 -15.7966 3.57006 66.8916
227151 20.5789 2.44369 34 7.40604 -17.3561 4.27994 64.4287
227161 20.8964 1.31805 34 7.59966 -18.0127 4.55663 63.8141
227181 20.8964 1.31805 34 7.59966 -18.0127 4.55663 63.8141
227186 21.3486 1.09677 34 7.44476 -18.3155 4.46063 63.8901
227192 21.6372 1.1545 34 7.04784 -18.5758 4.28953 63.8396
227214 21.6372 1.1545 34 7.04784 -18.5758 4.28953 63.8396
227215 21.6372 1.13526 34 6.709 -18.8216 4.2382 63.4815
227222 21.2813 1.12564 34 6.44761 -18.9756 4.30535 62.8545
227245 21.2813 1.12564 34 6.44761 -18.9756 4.30535 62.8545
227247 20.6752 1.05829 34 6.3508 -19.033 4.49809 62.0842
227253 20.6752 1.05829 34 6.3508 -19.033 4.49809 62.0842
227273 19.7323 0.894737 34 6.28303 -19.1079 4.84057 60.9101
227275 18.8761 0.779287 34 6.36048 -19.0518 5.17492 60.0158
227283 18.8761 0.779287 34 6.36048 -19.0518 5.17492 60.0158
227304 18.0006 0.683079 34 6.46697 -18.9561 5.52403 59.1506
227311 17.2982 0.500283 34 6.49601 -18.9992 5.84038 58.2945
227319 17.2982 0.500283 34 6.49601 -18.9992 5.84038 58.2945
227340 16.5071 0.47142 34 6.69932 -18.7838 6.16895 57.6778
227341 16.5071 0.47142 34 6.69932 -18.7838 6.16895 57.6778
227348 15.8789 0.413696 34 6.98975 -18.5378 6.46721 57.2824
227372 15.2314 0.2309 34 7.29954 -18.3666 6.82781 56.7618
227373 15.2314 0.2309 34 7.29954 -18.3666 6.82781 56.7618
227376 14.6708 0.134692 34 7.72551 -18.0479 7.14297 56.531
227386 14.3036 0.0962083 34 8.06435 -17.7737 7.34924 56.4641
227404 14.3036 0.0962083 34 8.06435 -17.7737 7.34924 56.4641
227407 14.0233 0 34 8.36446 -17.5831 7.53918 56.3878
227417 13.8783 0 34 8.72266 -17.2946 7.64412 56.601
227438 13.7624 0 34 8.91629 -17.1343 7.71558 56.6787
227448 13.7624 0 34 8.91629 -17.1343 7.71558 56.6787
227467 13.6947 0 34 8.90661 -17.1322 7.74149 56.6013
227469 13.8107 0 34 8.89692 -17.1554 7.69374 56.7076
227478 13.8107 0 34 8.89692 -17.1554 7.69374 56.7076
227500 14.0523 0 34 8.73235 -17.311 7.576 56.7846
227501 14.3809 0 34 8.61617 -17.4416 7.43072 56.9971
227510 14.3809 0 34 8.61617 -17.4416 7.43072 56.9971
227533 15.328 1.02943 34 9.08087 -16.4951 6.74398 59.4383
227534 15.328 1.02943 34 9.08087 -16.4951 6.74398 59.4383
227540 16.5554 2.65535 34 9.9328 -15.0321 5.87281 63.1436
227550 17.8274 4.65648 34 10.7267 -13.556 4.96413 67.2105
227576 19.2801 7.04244 34 10.6008 -12.5618 3.86577 70.9234
227579 20.5982 9.12054 34 10.1651 -11.9486 2.93293 73.8839
227599 20.5982 9.12054 34 10.1651 -11.9486 2.93293 73.8839
227601 21.4929 10.8234 30.0279 11.7141 -9.78394 1.90911 74.0584
227611 21.4929 10.8234 30.0279 11.7141 -9.78394 1.90911 74.0584
227633 22.2337 12.2666 27.7842 16.3804 -6.79177 1.84281 78.6649
227635 21.9451 13.142 24.5499 17.7236 -5.05082 1.39342 77.3607
227646 21.9451 13.142 24.5499 17.7236 -5.05082 1.39342 77.3607
227668 20.9638 13.9021 21.7806 18.2928 -3.51933 1.04236 74.9393
227669 19.2801 14.4986 19.8502 19.6822 -1.68786 1.17724 73.3111
227672 19.2801 14.4986 19.8502 19.6822 -1.68786 1.17724 73.3111
227702 16.9903 15.1143 18.1421 21.3899 0.478733 1.55521 71.6366
227703 16.9903 15.1143 18.1421 21.3899 0.478733 1.55521 71.6366
227708 13.9073 15.4607 16.5851 23.7537 3.12807 2.36078 69.7068
227713 10.4474 15.7301 15.6744 26.6771 5.94103 3.54026 68.5289
227732 10.4474 15.7301 15.6744 26.6771 5.94103 3.54026 68.5289
227733 7.49005 16.1919 15.6744 30.1793 8.34347 4.78284 69.5356
227744 5.63445 16.7787 16.4435 33.122 9.66357 5.65841 71.9786
227761 5.63445 16.7787 16.4435 33.122 9.66357 5.65841 71.9786
227764 4.89994 17.1626 17.3436 34 9.84898 5.98336 73.4062
227777 4.89994 17.1626 17.3436 34 9.84898 5.98336 73.4062
227791 4.9386 17.4209 17.8793 34 9.6321 5.96449 74.2388
227794 4.84196 17.3444 17.9804 34 9.61417 6.02575 74.1667
227804 4.84196 17.3444 17.9804 34 9.61417 6.02575 74.1667
227820 4.73565 17.1531 17.475 34 9.86264 6.04924 73.3637
227824 4.67766 16.9904 16.494 34 10.3305 5.99193 72.1621
227851 4.67766 16.9904 16.494 34 10.3305 5.99193 72.1621
227852 4.65833 17 15.4012 32.5045 10.582 5.65969 69.5641
227858 4.57135 16.721 14.5107 30.9222 10.701 5.42687 66.7253
227867 4.57135 16.721 14.5107 30.9222 10.701 5.42687 66.7253
227886 4.44571 16.6248 13.9744 29.9092 10.8207 5.26828 64.9541
227891 4.44571 16.6248 13.9744 29.9092 10.8207 5.26828 64.9541
227897 4.49403 16.5671 13.7518 29.4171 10.7965 5.16297 64.23
227920 4.55202 16.6633 13.8833 29.5233 10.736 5.15103 64.6219
227922 4.55202 16.6633 13.8833 29.5233 10.736 5.15103 64.6219
227927 4.65833 16.8364 14.0655 29.996 10.7193 5.16352 65.5563
227937 4.72598 16.9327 14.5512 30.6617 10.5864 5.28348 66.8716
227957 4.72598 16.9327 14.5512 30.6617 10.5864 5.28348 66.8716
227962 4.69699 17.0383 14.8345 31.2985 10.6107 5.39231 67.8683
227971 4.69699 17.0383 14.8345 31.2985 10.6107 5.39231 67.8683
227992 4.69699 17.1244 15.1381 31.8774 10.5927 5.48997 68.8369
227995 4.72598 17.3348 15.2494 32.1765 10.6265 5.47553 69.4867
227999 4.72598 17.3348 15.2494 32.1765 10.6265 5.47553 69.4867
228028 4.86128 17.507 15.1887 32.2537 10.6398 5.38758 69.8107
228030 4.97726 17.8993 15.1482 32.3405 10.6993 5.24667 70.3653
228031 4.97726 17.8993 15.1482 32.3405 10.6993 5.24667 70.3653
228039 5.09324 18.2054 15.047 32.1186 10.7089 5.08066 70.4643
228065 5.09324 18.2054 15.047 32.1186 10.7089 5.08066 70.4643
