260722 27.2269 20.0996 26.5309 6.01196 -8.65359 -2.77647 79.8694
260732 28.0062 18.1958 30.9376 6.66059 -10.1692 -1.54007 83.8002
260749 28.0062 18.1958 30.9376 6.66059 -10.1692 -1.54007 83.8002
260759 27.833 14.8449 33.6159 6.49601 -12.1114 -0.464919 82.7899
260769 26.438 10.1211 34 6.24431 -14.3459 0.719724 76.8035
260779 26.438 10.1211 34 6.24431 -14.3459 0.719724 76.8035
260789 24.7159 5.51273 34 6.41856 -16.5557 2.16355 70.6472
260799 24.7159 5.51273 34 6.41856 -16.5557 2.16355 70.6472
260812 23.5614 2.42445 34 6.8639 -18.0528 3.33839 66.8497
260815 23.2343 1.52009 34 7.34795 -18.2922 3.76542 66.1023
260822 23.2343 1.52009 34 7.34795 -18.2922 3.76542 66.1023
260837 23.1285 1.52009 34 7.45444 -18.2117 3.81357 66.103
260843 22.7148 1.42388 34 7.35763 -18.2962 3.9435 65.4963
260856 22.7148 1.42388 34 7.35763 -18.2962 3.9435 65.4963
260864 22.099 1.44312 34 7.20273 -18.3231 4.09157 64.7449
260873 22.099 1.44312 34 7.20273 -18.3231 4.09157 64.7449
260883 21.3871 1.30843 34 7.08656 -18.419 4.32512 63.7821
260898 20.6944 1.19298 34 6.94134 -18.5266 4.54903 62.8287
260904 20.6944 1.19298 34 6.94134 -18.5266 4.54903 62.8287
260914 19.9632 1.09677 34 6.93166 -18.5246 4.80831 61.9917
260924 19.2705 1.01019 34 6.93166 -18.5129 5.06049 61.2124
260937 19.2705 1.01019 34 6.93166 -18.5129 5.06049 61.2124
260945 18.5874 1.01981 34 7.08656 -18.3219 5.30844 60.6938
260955 18.1256 0.913979 34 7.28018 -18.2077 5.53066 60.3198
260965 18.1256 0.913979 34 7.28018 -18.2077 5.53066 60.3198
260976 17.9236 0.865874 34 7.39636 -18.1361 5.63427 60.1858
261002 17.8178 0.875495 34 7.46412 -18.0685 5.67782 60.1574
261012 17.9236 0.856254 34 7.53189 -18.046 5.65861 60.3117
261022 17.9236 0.856254 34 7.53189 -18.046 5.65861 60.3117
261031 18.0872 0.894737 34 7.54157 -18.0305 5.59114 60.5235
261041 18.4431 0.923599 34 7.52221 -18.0646 5.45801 60.8889
261047 18.4431 0.923599 34 7.52221 -18.0646 5.45801 60.8889
261062 18.6933 0.913979 34 7.56093 -18.0725 5.38361 61.1682
261068 18.6933 0.913979 34 7.56093 -18.0725 5.38361 61.1682
261079 19.0011 0.962083 34 7.5803 -18.0599 5.26873 61.5435
261088 19.2417 0.990945 34 7.53189 -18.1005 5.1727 61.7645
261115 19.4822 0.971703 34 7.46412 -18.1879 5.08986 61.918
261123 19.665 0.981324 34 7.40604 -18.2417 5.01828 62.0523
261133 19.665 0.981324 34 7.40604 -18.2417 5.01828 62.0523
261143 19.9151 0.990945 34 7.28986 -18.343 4.91603 62.1959
261153 20.2999 1.33729 34 7.9385 -17.7049 4.78986 63.5757
261162 20.2999 1.33729 34 7.9385 -17.7049 4.78986 63.5757
261170 22.1375 4.56027 34 8.96469 -15.2925 3.50265 69.6625
261182 22.1375 4.56027 34 8.96469 -15.2925 3.50265 69.6625
261191 23.1188 6.93662 34 10.3588 -13.379 2.88318 74.4142
261204 23.5999 9.21675 34 11.0558 -11.9835 2.35754 77.8724
261229 23.9847 11.8721 32.0999 10.6782 -10.6614 1.32027 78.6349
261231 25.6684 11.8721 26.1266 10.6782 -9.83406 -0.148413 74.3453
261250 23.2054 12.9304 26.1266 9.91344 -9.17489 -0.0198993 72.1759
261258 22.099 13.6712 20.7194 9.50683 -7.43994 -1.26007 65.9965
261273 20.7329 14.2292 17.7277 10.9977 -5.19476 -1.46889 63.6875
261282 19.8285 14.9315 18.7081 16.6418 -2.48299 0.126196 70.1099
261311 18.674 15.4222 19.5166 21.5153 -0.417009 1.38479 75.1282
261314 16.6714 15.5761 19.1629 24.9886 1.54794 2.33721 76.3991
261323 16.6714 15.5761 19.1629 24.9886 1.54794 2.33721 76.3991
261333 13.801 15.8359 18.2634 28.2111 3.93588 3.31835 76.1114
261343 13.801 15.8359 18.2634 28.2111 3.93588 3.31835 76.1114
261353 10.2831 16.1437 17.2325 31.0573 6.58672 4.38917 74.7166
261363 7.41273 16.4612 16.9494 33.7395 8.66336 5.39443 74.5629
261384 5.4315 16.7691 17.2729 34 9.54927 5.93526 73.4735
261394 4.639 16.9038 17.9298 34 9.64132 6.20375 73.4726
261404 4.639 16.9038 17.9298 34 9.64132 6.20375 73.4726
261415 4.59068 16.9327 17.9602 34 9.65585 6.21299 73.4835
261441 4.55202 16.7691 17.2931 34 9.9581 6.19135 72.6142
261444 4.55202 16.4805 16.7571 34 10.1586 6.21078 71.7896
261470 4.49403 16.1726 16.069 33.6527 10.3931 6.19174 70.3884
261482 4.38772 15.7493 15.5024 32.3309 10.3685 6.11214 67.9703
261485 4.38772 15.7493 15.5024 32.3309 10.3685 6.11214 67.9703
261496 4.32007 15.528 14.9458 31.1731 10.3973 5.97364 65.967
261506 4.32007 15.528 14.9458 31.1731 10.3973 5.97364 65.967
261524 4.32007 15.4029 14.531 30.3337 10.4066 5.83896 64.5877
261544 4.41671 15.4799 14.3994 30.0057 10.3689 5.71722 64.3017
261547 4.41671 15.4799 14.3994 30.0057 10.3689 5.71722 64.3017
261554 4.58101 15.6338 14.531 30.0539 10.253 5.64123 64.7997
261557 4.59068 15.7301 14.7536 30.382 10.2235 5.68658 65.4563
261567 4.59068 15.7301 14.7536 30.382 10.2235 5.68658 65.4563
261577 4.69699 15.884 15.047 30.7679 10.1316 5.70079 66.3959
261596 4.69699 15.884 15.047 30.7679 10.1316 5.70079 66.3959
261598 4.74531 15.9898 15.1179 31.1249 10.1718 5.71254 66.9778
261608 4.87095 16.2303 15.3101 31.4818 10.1377 5.67597 67.8932
261634 4.91927 16.4516 15.4315 31.6748 10.1404 5.63738 68.4772
261638 4.99659 16.6248 15.4923 31.7327 10.1199 5.57842 68.8463
261650 4.99659 16.6248 15.4923 31.7327 10.1199 5.57842 68.8463
261672 5.02558 16.8364 15.472 31.7327 10.161 5.50396 69.0667
261675 5.02558 16.8364 15.472 31.7327 10.161 5.50396 69.0667
261679 5.1029 17 15.4214 31.5397 10.1411 5.39896 69.0641
261689 5.18988 17.2296 15.1583 31.2117 10.2098 5.22257 68.7895
261699 5.18988 17.2296 15.1583 31.2117 10.2098 5.22257 68.7895
261709 5.37351 17.5166 15.0571 30.9126 10.165 5.02752 68.8599
261719 5.60546 17.7653 17.4144 30.7872 8.91848 5.20398 71.5724
261729 5.60546 17.7653 17.4144 30.7872 8.91848 5.20398 71.5724
261739 10.6214 18.4828 19.9614 29.9381 5.64475 3.94829 79.0037
261749 10.6214 18.4828 19.9614 29.9381 5.64475 3.94829 79.0037
261759 13.5884 18.5498 22.4376 27.5936 3.07823 3.26636 82.1694
261769 16.0239 18.2628 23.1451 22.6152 0.533772 2.15004 80.047
261779 16.0239 18.2628 23.1451 22.6152 0.533772 2.15004 80.047
261794 19.5976 18.1002 22.3264 16.361 -2.44249 0.194342 76.3852
261802 20.9542 17.4114 22.5993 10.959 -5.27749 -1.00257 71.9238
261820 22.1952 16.4131 27.4304 9.70046 -7.76087 -0.292613 75.7393
261830 22.1952 16.4131 27.4304 9.70046 -7.76087 -0.292613 75.7393
261841 22.7148 14.8546 32.4132 9.39066 -9.72707 0.800244 79.3732
261864 22.6378 12.5456 34 8.20957 -11.5911 1.36179 77.3929
261869 22.6378 12.5456 34 8.20957 -11.5911 1.36179 77.3929
261880 22.2434 9.71703 34 7.05752 -13.5134 1.86881 73.0179
261891 21.2813 6.5133 34 6.37016 -15.5498 2.76732 68.1647
261894 21.2813 6.5133 34 6.37016 -15.5498 2.76732 68.1647
261902 20.1268 3.5116 34 6.09909 -17.4607 3.87387 63.7375
261912 20.1268 3.5116 34 6.09909 -17.4607 3.87387 63.7375
261928 19.2801 1.54895 34 6.48633 -18.4476 4.80888 61.3154
261933 19.1166 0.57725 34 7.00911 -18.7512 5.26711 60.7029
261959 19.0685 0.336729 34 7.35763 -18.6685 5.41921 60.7628
261963 19.0685 0.288625 34 7.45444 -18.6336 5.45061 60.8115
261973 19.0685 0.288625 34 7.45444 -18.6336 5.45061 60.8115
261983 18.8857 0.355971 34 7.1156 -18.8105 5.43612 60.3573
262010 18.5971 0.307866 34 6.87358 -18.9933 5.51251 59.7785
262014 18.1256 0.221279 34 6.56378 -19.2412 5.65692 58.9107
262024 18.1256 0.221279 34 6.56378 -19.2412 5.65692 58.9107
262034 17.558 0.192417 34 6.38952 -19.3396 5.84084 58.1399
262044 16.9613 0.134692 34 6.42825 -19.2955 6.0841 57.5243
262054 16.9613 0.134692 34 6.42825 -19.2955 6.0841 57.5243
262065 16.4684 0.11545 34 6.57346 -19.1487 6.29566 57.1574
262079 16.4684 0.11545 34 6.57346 -19.1487 6.29566 57.1574
262088 15.9756 0.057725 34 6.73804 -19.0148 6.52744 56.7713
262095 15.6663 0.00962083 34 6.97039 -18.839 6.69801 56.6463
262110 15.6663 0.00962083 34 6.97039 -18.839 6.69801 56.6463
262116 15.4827 0.0384833 34 7.15433 -18.6544 6.7842 56.6755
262125 15.3764 0.0769666 34 7.32859 -18.4789 6.83544 56.7819
262136 15.3764 0.0769666 34 7.32859 -18.4789 6.83544 56.7819
262151 15.3087 0 34 7.36731 -18.5005 6.89673 56.676
262157 15.3087 0 34 7.36731 -18.5005 6.89673 56.676
262167 15.241 0 34 7.49317 -18.3963 6.94082 56.7342
262177 15.2314 0 34 7.50285 -18.3877 6.94593 56.7342
262187 15.2314 0 34 7.50285 -18.3877 6.94593 56.7342
262199 15.2121 0 34 7.58998 -18.3189 6.96575 56.802
262216 15.299 0 34 7.57061 -18.3439 6.92942 56.8696
262224 15.299 0 34 7.57061 -18.3439 6.92942 56.8696
262233 15.444 0 34 7.57061 -18.3608 6.87366 57.0146
262243 15.444 0 34 7.57061 -18.3608 6.87366 57.0146
262253 15.7146 0 34 7.57061 -18.3922 6.77033 57.2852
262265 15.9852 0 34 7.49317 -18.4818 6.65675 57.4784
262271 15.9852 0 34 7.49317 -18.4818 6.65675 57.4784
262279 16.3815 0 34 7.4738 -18.5409 6.50563 57.8553
262297 16.7004 0.0481041 34 7.7836 -18.3099 6.41573 58.5321
262309 16.7004 0.0481041 34 7.7836 -18.3099 6.41573 58.5321
262314 17.8178 1.71251 34 8.19989 -16.9712 5.50856 61.7302
262319 19.0492 3.94454 34 9.02278 -15.1787 4.55091 66.0166
262332 19.0492 3.94454 34 9.02278 -15.1787 4.55091 66.0166
262344 20.4058 6.72496 34 9.12927 -13.7175 3.41557 70.26
262351 20.4058 6.72496 34 9.12927 -13.7175 3.41557 70.26
262361 21.8393 9.40917 34 8.60649 -12.8033 2.30683 73.8549
262371 22.9264 11.5642 31.1195 8.15148 -11.6355 0.972115 73.7616
262381 22.9264 11.5642 31.1195 8.15148 -11.6355 0.972115 73.7616
262391 23.5614 13.5076 26.9554 9.89408 -9.1706 -0.0445542 73.9185
262402 23.5229 13.5076 25.3282 13.5826 -7.16372 0.371379 75.9413
262410 23.5229 15.2105 25.3282 13.5826 -6.45831 0.0342536 77.6442
262425 22.6378 16.4516 22.6801 14.8411 -4.57678 -0.307039 76.6107
262432 22.6378 16.4516 22.6801 14.8411 -4.57678 -0.307039 76.6107
262447 20.9349 17.287 20.0422 15.7995 -2.66345 -0.482051 74.0637
262452 18.7317 18.0619 17.8288 17.4921 -0.348945 -0.306349 72.1145
262462 18.7317 18.0619 17.8288 17.4921 -0.348945 -0.306349 72.1145
262472 16.1978 18.8464 15.6744 19.4506 2.28902 0.017277 70.1692
262482 13.3275 19.5926 13.9137 21.9784 5.20615 0.647871 68.8121
262497 13.3275 19.5926 13.9137 21.9784 5.20615 0.647871 68.8121
262503 10.4861 20.377 13.2054 24.8825 7.82009 1.57172 68.951
262522 10.4861 20.377 13.2054 24.8825 7.82009 1.57172 68.951
262525 8.55315 21.2476 13.3774 27.7191 9.53357 2.38987 70.8972
262539 7.68334 22.1086 14.2173 29.8899 10.1821 2.90569 73.8991
262543 7.68334 22.1086 14.2173 29.8899 10.1821 2.90569 73.8991
262554 7.73167 22.807 14.7536 31.0284 10.2692 2.99591 76.3206
262564 7.95395 23.1705 14.6321 31.038 10.2945 2.84116 76.7946
262574 7.95395 23.1705 14.6321 31.038 10.2945 2.84116 76.7946
262587 7.78965 23.0844 14.0048 30.0636 10.4592 2.64088 74.9424
262603 7.78965 23.0844 14.0048 30.0636 10.4592 2.64088 74.9424
262604 7.56737 22.7209 13.1649 28.6356 10.6203 2.39544 72.0888
262614 7.35475 22.2808 12.3452 27.1884 10.7596 2.1465 69.1692
262638 7.35475 22.2808 12.3452 27.1884 10.7596 2.1465 69.1692
262642 7.11313 21.8216 11.728 26.0885 10.8871 1.99587 66.7513
262646 7.04548 21.6303 11.4548 25.6254 10.9326 1.91719 65.7559
262662 7.04548 21.6303 11.4548 25.6254 10.9326 1.91719 65.7559
262665 7.08414 21.592 11.3536 25.4325 10.9173 1.8583 65.4622
262676 7.08414 21.592 11.3536 25.4325 10.9173 1.8583 65.4622
262690 7.11313 21.592 11.4851 25.6061 10.8668 1.91183 65.7964
262697 7.13246 21.812 11.7583 25.9535 10.8297 1.97295 66.6563
262709 7.13246 21.812 11.7583 25.9535 10.8297 1.97295 66.6563
262717 7.23877 22.1469 11.7583 26.2815 10.9125 1.92528 67.4255
262733 7.37408 22.3573 11.7786 26.2911 10.8759 1.84473 67.8011
262738 7.37408 22.3573 11.7786 26.2911 10.8759 1.84473 67.8011
262748 7.49005 22.6348 11.7786 26.5131 10.9181 1.79053 68.4165
262758 7.50938 22.7496 11.7482 26.4841 10.9416 1.74621 68.4913
262768 7.50938 22.7496 11.7482 26.4841 10.9416 1.74621 68.4913
262779 7.53837 22.8931 11.8393 26.5709 10.9259 1.73851 68.8417
262793 7.53837 22.8931 11.8393 26.5709 10.9259 1.73851 68.8417
262806 7.53837 23.0079 11.8899 26.6192 10.9328 1.72966 69.0553
262809 7.61569 23.0557 11.8292 26.5999 10.93 1.68399 69.1005
262819 7.61569 23.0557 11.8292 26.5999 10.93 1.68399 69.1005
262837 7.76066 23.2662 11.7685 26.542 10.9173 1.57569 69.3373
262842 7.80898 23.4288 11.7482 26.5034 10.9279 1.51401 69.4894
262867 7.89596 23.6297 11.7583 26.4648 10.9107 1.44034 69.7488
262871 7.89596 23.6297 11.7583 26.4648 10.9107 1.44034 69.7488
262880 8.00227 23.9071 11.7179 26.3973 10.9191 1.32933 70.0246
262890 8.12791 24.1559 11.6167 26.2429 10.9256 1.19237 70.1434
262902 8.12791 24.1559 11.6167 26.2429 10.9256 1.19237 70.1434
262916 8.29221 24.4524 12.1833 26.0017 10.5663 1.15051 70.9297
262925 10.6214 25.0169 13.0839 25.6447 9.06193 0.623338 74.3669
262934 10.6214 25.0169 13.0839 25.6447 9.06193 0.623338 74.3669
262949 12.2064 25.1317 14.2375 24.651 7.65441 0.305094 76.2265
262961 12.2064 25.1317 14.2375 24.651 7.65441 0.305094 76.2265
262973 13.2985 25.0934 15.2089 22.7889 6.34081 -0.0773808 76.3897
262979 15.3667 24.7968 15.5732 19.8751 4.54032 -0.935404 75.6119
262987 15.3667 24.7968 15.5732 19.8751 4.54032 -0.935404 75.6119
262997 17.077 24.529 15.8869 16.545 2.7385 -1.85866 74.0378
263006 17.8851 24.0028 19.9411 14.5797 0.247446 -1.44625 76.4088
263014 17.8851 24.0028 19.9411 14.5797 0.247446 -1.44625 76.4088
263024 18.2026 23.3331 23.3472 13.1953 -1.60778 -0.959269 78.0783
263033 18.2026 23.3331 23.3472 13.1953 -1.60778 -0.959269 78.0783
263048 18.4046 22.2043 23.7414 11.656 -2.72533 -1.0285 76.0063
263054 18.6067 20.5684 24.9643 10.4846 -4.1937 -0.748976 74.624
263081 18.4046 18.4159 26.9655 9.71982 -5.8616 -0.0275847 73.5058
263084 17.8274 15.8551 29.5226 9.15831 -7.7168 1.0361 72.3634
263100 17.8274 15.8551 29.5226 9.15831 -7.7168 1.0361 72.3634
263104 16.8067 12.5167 32.8377 8.72266 -10.0182 2.58951 70.8838
263124 16.8067 12.5167 32.8377 8.72266 -10.0182 2.58951 70.8838
263126 15.7146 8.80306 34 8.68394 -11.9892 4.05488 67.2016
263135 14.8255 5.32032 34 9.20672 -13.5348 5.46015 63.3525
263162 14.4292 2.84776 34 10.0296 -14.4976 6.54562 61.3066
263175 14.3132 1.25071 34 10.7944 -15.022 7.26423 60.3584
263178 14.3132 1.25071 34 10.7944 -15.022 7.26423 60.3584
263187 14.3132 0.259762 34 11.1139 -15.4722 7.67527 59.6869
263200 14.3036 0 34 11.1333 -15.6344 7.78045 59.4368
263212 14.3036 0 34 11.1333 -15.6344 7.78045 59.4368
263225 14.2069 0 34 10.7073 -15.9128 7.76562 58.9142
263228 14.2069 0 34 10.7073 -15.9128 7.76562 58.9142
263238 13.801 0 34 10.2039 -16.2043 7.86214 58.0049
263249 13.2115 0 34 9.75854 -16.4354 8.04293 56.97
263258 13.2115 0 34 9.75854 -16.4354 8.04293 56.97
263273 12.5156 0 34 9.34226 -16.6375 8.27814 55.8579
263279 11.9261 0 34 9.168 -16.6797 8.50597 55.0941
263305 11.3849 0 34 9.08087 -16.6637 8.72915 54.4657
263309 11.3849 0 34 9.08087 -16.6637 8.72915 54.4657
263329 10.95 0 34 9.19704 -16.5073 8.9332 54.147
263332 10.602 0 34 9.29385 -16.378 9.0986 53.8959
263341 10.602 0 34 9.29385 -16.378 9.0986 53.8959
263359 10.3024 0 34 9.46811 -16.1958 9.252 53.7706
263360 10.0802 0 34 9.70046 -15.9815 9.37707 53.7806
263375 10.0802 0 34 9.70046 -15.9815 9.37707 53.7806
263382 9.92553 0 34 9.83599 -15.8522 9.46136 53.7615
263392 9.92553 0 34 9.83599 -15.8522 9.46136 53.7615
263403 9.82888 0 34 9.91344 -15.7769 9.51333 53.7423
263412 9.89653 0 34 10.0006 -15.7225 9.49143 53.8971
263424 9.89653 0 34 10.0006 -15.7225 9.49143 53.8971
263437 10.1285 0 34 9.99089 -15.7696 9.38548 54.1194
263447 10.4088 0 34 10.049 -15.7736 9.26596 54.4577
263453 10.4088 0 34 10.049 -15.7736 9.26596 54.4577
263472 10.921 0 34 10.0199 -15.8812 9.0367 54.9409
263474 11.3655 0 34 10.0393 -15.9401 8.84591 55.4048
263483 11.3655 0 34 10.0393 -15.9401 8.84591 55.4048
263498 11.8584 0 34 9.90376 -16.1196 8.62017 55.7622
263508 11.8584 0 34 9.90376 -16.1196 8.62017 55.7622
263514 12.7669 0.558008 34 10.2523 -15.6124 8.05719 57.5772
263524 14.9801 4.05037 34 10.8815 -13.3184 6.06719 63.912
263534 14.9801 4.05037 34 10.8815 -13.3184 6.06719 63.912
263545 16.4395 6.89813 34 11.7044 -11.5281 4.8594 69.042
263554 18.1641 10.8234 34 11.385 -10.0695 3.30715 74.3725
263574 18.1641 10.8234 34 11.385 -10.0695 3.30715 74.3725
263576 19.8478 14.1234 31.3924 9.9328 -9.02566 1.46502 75.2963
263585 19.8478 14.1234 31.3924 9.9328 -9.02566 1.46502 75.2963
263599 20.7136 15.9225 23.2057 8.48064 -7.14122 -1.08671 68.3224
263605 21.2909 17.794 18.3139 9.47779 -4.61034 -2.533 66.8766
263620 21.2909 17.794 18.3139 9.47779 -4.61034 -2.533 66.8766
263625 21.3871 19.6691 18.9102 15.1896 -1.80909 -1.38838 75.1561
263635 20.4539 21.1806 18.5161 18.9875 0.378525 -0.78299 79.1381
263650 20.4539 21.1806 18.5161 18.9875 0.378525 -0.78299 79.1381
263657 18.2988 21.7833 16.5446 20.7145 2.47423 -0.547505 77.3413
263673 18.2988 21.7833 16.5446 20.7145 2.47423 -0.547505 77.3413
263686 15.2604 22.2521 14.5411 22.9915 5.1443 0.00401258 75.045
263688 12.0131 22.8261 13.1851 25.307 7.81895 0.747219 73.3313
263707 9.51961 23.4001 12.7298 27.4007 9.77116 1.48064 73.0502
263726 8.1859 23.8497 13.1042 29.1856 10.6778 2.06944 74.3254
263740 7.77999 24.0124 13.6911 30.2662 10.8276 2.4089 75.7496
263753 7.77999 24.0124 13.6911 30.2662 10.8276 2.4089 75.7496
263758 7.5577 23.7541 13.4988 30.0925 10.9442 2.45908 74.9031
263768 7.36441 23.1514 12.9726 29.2338 11.0173 2.41136 72.7222
263782 7.36441 23.1514 12.9726 29.2338 11.0173 2.41136 72.7222
263790 6.93917 22.4721 12.4464 28.2883 11.182 2.4214 70.146
263808 6.64923 21.7738 12.1833 27.7191 11.2185 2.52016 68.3254
263818 6.64923 21.7738 12.1833 27.7191 11.2185 2.52016 68.3254
263819 6.41728 21.3146 12.0518 27.3235 11.2391 2.60258 67.1071
263837 6.41728 21.3146 12.0518 27.3235 11.2391 2.60258 67.1071
263840 6.38829 21.1806 11.8393 26.9569 11.2672 2.53761 66.3651
263863 6.52359 21.1519 11.6774 26.4938 11.1793 2.39092 65.8467
263864 6.52359 21.1519 11.6774 26.4938 11.1793 2.39092 65.8467
263870 6.60091 21.3241 11.4952 26.2622 11.2245 2.24544 65.6825
263881 6.70722 21.5442 11.4851 26.1754 11.1995 2.14129 65.9119
263907 6.83286 21.7642 11.475 26.0982 11.1661 2.03478 66.1702
263922 6.90051 21.8694 11.5863 26.2526 11.1228 2.04228 66.6088
263932 6.89085 22.1373 11.6268 26.4359 11.1996 2.01991 67.0908
263945 6.89085 22.1373 11.6268 26.4359 11.1996 2.01991 67.0908
263952 7.03582 22.3765 11.6976 26.8411 11.2155 2.01463 67.951
263962 7.20011 22.7017 11.9911 27.1305 11.0981 2.00361 69.0235
263974 7.20011 22.7017 11.9911 27.1305 11.0981 2.00361 69.0235
263982 7.29676 22.8739 12.1024 27.5068 11.0998 2.02891 69.7799
263999 7.29676 22.8739 12.1024 27.5068 11.0998 2.02891 69.7799
264007 7.33542 23.094 12.3149 27.777 11.0678 2.05522 70.5212
264013 7.39341 23.2375 12.3452 27.748 11.0453 2.00689 70.7241
264023 7.39341 23.2375 12.3452 27.748 11.0453 2.00689 70.7241
264033 7.47072 23.4671 12.2946 27.6901 11.0655 1.91342 70.9226
264049 7.63502 23.5914 12.2137 27.555 11.0211 1.80483 70.9952
264077 7.71234 23.6871 12.1226 27.2946 10.9956 1.69827 70.8166
264077 7.71234 23.6871 12.1226 27.2946 10.9956 1.69827 70.8166
264084 7.79932 23.7923 12.4363 27.0341 10.762 1.66306 71.062
264103 9.69358 24.1846 13.3976 26.6867 9.38993 1.25865 73.9625
264105 9.69358 24.1846 13.3976 26.6867 9.38993 1.25865 73.9625
264114 11.0756 24.5003 14.5613 25.7509 8.10872 0.936168 75.8881
264129 12.564 24.5003 15.553 24.1203 6.6798 0.509995 76.7375
264134 12.564 24.5003 15.553 24.1203 6.6798 0.509995 76.7375
264154 14.5742 24.4333 16.0893 21.6697 5.02808 -0.243959 76.7665
264155 14.5742 24.4333 16.0893 21.6697 5.02808 -0.243959 76.7665
264166 16.2655 24.1367 15.9982 18.5919 3.48868 -1.16253 74.9924
264182 17.2982 23.6106 15.5024 15.0638 2.05447 -2.17055 71.475
264186 17.2982 23.6106 15.5024 15.0638 2.05447 -2.17055 71.475
264196 18.1064 22.9792 15.4417 11.7722 0.440457 -3.04652 68.2995
264214 18.6644 22.3956 18.4352 10.1555 -1.63262 -2.6854 69.6507
264234 19.1358 21.6877 24.8835 10.9203 -3.72301 -0.982631 76.6272
264236 19.1358 21.6877 24.8835 10.9203 -3.72301 -0.982631 76.6272
264250 18.9434 20.5779 28.997 11.0461 -5.12677 0.0983745 79.5645
264265 18.6644 18.6646 31.8472 10.6686 -6.63113 0.974409 79.8448
264268 18.6644 18.6646 31.8472 10.6686 -6.63113 0.974409 79.8448
264277 17.8081 15.8359 34 9.97153 -8.37485 1.99589 77.6156
264292 16.4781 12.1896 34 9.0615 -10.1866 3.01003 71.7292
264297 16.4781 12.1896 34 9.0615 -10.1866 3.01003 71.7292
264320 14.9898 8.05263 34 8.6549 -12.2845 4.47792 65.6973
264322 14.9898 8.05263 34 8.6549 -12.2845 4.47792 65.6973
264328 13.5208 4.05037 34 8.89692 -14.2941 6.28244 60.468
264350 12.7862 1.41426 34 9.61333 -15.4628 7.63126 57.8138
264351 12.7862 1.41426 34 9.61333 -15.4628 7.63126 57.8138
264358 12.6123 0.163554 34 10.1845 -15.9164 8.2712 56.9603
264380 12.6026 0 34 10.533 -15.7824 8.38279 57.1356
264382 12.6026 0 34 10.533 -15.7824 8.38279 57.1356
264389 12.7959 0 34 10.4556 -15.8687 8.2949 57.2515
264410 12.9215 0 34 10.049 -16.1805 8.19567 56.9705
264413 12.9215 0 34 10.049 -16.1805 8.19567 56.9705
264422 12.8442 0 34 9.54556 -16.5361 8.16673 56.3898
264439 12.8442 0 34 9.54556 -16.5361 8.16673 56.3898
264450 12.6606 0 34 8.99374 -16.92 8.17541 55.6543
264452 12.419 0 34 8.59681 -17.187 8.22795 55.0158
264467 12.419 0 34 8.59681 -17.187 8.22795 55.0158
264479 12.2933 0 34 8.38383 -17.3333 8.25495 54.6772
264482 12.1001 0 34 8.23861 -17.4192 8.31964 54.3387
264494 12.1001 0 34 8.23861 -17.4192 8.31964 54.3387
264502 12.0421 0 34 8.25797 -17.396 8.34693 54.3
264521 12.0421 0 34 8.25797 -17.396 8.34693 54.3
264523 12.0904 0 34 8.37415 -17.3123 8.3404 54.4645
264533 12.1484 0 34 8.41287 -17.2904 8.32033 54.5612
264552 12.1484 0 34 8.41287 -17.2904 8.32033 54.5612
264553 12.3997 0 34 8.42255 -17.3183 8.21462 54.8222
264563 12.6413 0 34 8.42255 -17.352 8.11275 55.0638
264580 12.6413 0 34 8.42255 -17.352 8.11275 55.0638
264589 12.8926 0 34 8.3451 -17.4462 7.99795 55.2377
264611 13.0569 0 34 8.33542 -17.476 7.92852 55.3923
264614 13.3758 0 34 8.2967 -17.5487 7.79225 55.6725
264624 13.3758 0 34 8.2967 -17.5487 7.79225 55.6725
264639 13.6271 0 34 8.20957 -17.6486 7.67843 55.8366
264644 13.9073 0 34 8.16116 -17.7222 7.55874 56.0685
264654 13.9073 0 34 8.16116 -17.7222 7.55874 56.0685
264669 14.3132 0 34 7.96754 -17.9216 7.37044 56.2808
264676 14.3132 0 34 7.96754 -17.9216 7.37044 56.2808
264685 14.7288 0 34 7.95786 -17.9808 7.20514 56.6867
264698 15.1734 0 34 7.91913 -18.0646 7.02695 57.0925
264705 15.1734 0 34 7.91913 -18.0646 7.02695 57.0925
264715 16.4588 1.88568 34 8.38383 -16.5447 5.93777 60.7283
264728 17.6735 3.79061 34 9.12927 -14.9991 5.03114 64.5933
264741 17.6735 3.79061 34 9.12927 -14.9991 5.03114 64.5933
264757 18.8857 5.92643 34 9.39066 -13.7709 4.08602 68.2028
264757 20.4154 8.98585 34 9.07118 -12.5421 2.82934 72.4724
264767 20.4154 8.98585 34 9.07118 -12.5421 2.82934 72.4724
264785 21.8104 11.5258 32.2717 8.46128 -11.5079 1.49795 74.0691
264787 21.8104 11.5258 32.2717 8.46128 -11.5079 1.49795 74.0691
264811 22.6378 13.3729 26.6926 7.90945 -9.93022 -0.299238 70.6128
264812 22.9457 14.9989 23.0541 9.0131 -7.85147 -1.25922 70.0117
264818 22.9457 14.9989 23.0541 9.0131 -7.85147 -1.25922 70.0117
264839 22.7533 16.4516 22.6094 13.3212 -5.18725 -0.653677 75.1354
264840 22.7533 16.4516 21.8008 13.3212 -4.97172 -0.823965 74.3269
264856 21.9259 17.6984 21.8008 16.5256 -3.04766 -0.249729 77.9507
264870 20.3192 18.5498 19.7087 18.0613 -1.11457 -0.215102 76.639
264873 20.3192 18.5498 19.7087 18.0613 -1.11457 -0.215102 76.639
264883 17.8563 19.2673 17.3537 20.1453 1.40795 0.0754774 74.6226
264898 14.7095 20.1092 14.9863 22.5766 4.48664 0.568707 72.3816
264900 14.7095 20.1092 14.9863 22.5766 4.48664 0.568707 72.3816
264909 11.4912 20.8841 13.2256 25.1141 7.52365 1.26516 70.7149
264926 8.93007 21.6398 12.9423 27.6226 9.62613 2.1076 71.1348
264934 8.93007 21.6398 12.9423 27.6226 9.62613 2.1076 71.1348
264940 7.65435 22.3191 13.7417 29.9767 10.4828 2.7978 73.6918
264956 7.65435 22.3191 13.7417 29.9767 10.4828 2.7978 73.6918
264961 7.36441 22.8835 14.1869 31.202 10.7534 3.00271 75.6369
264971 7.41273 23.0653 14.0351 31.1538 10.8275 2.91625 75.6669
264988 7.41273 23.0653 14.0351 31.1538 10.8275 2.91625 75.6669
264992 7.20978 22.8644 13.428 30.189 10.9971 2.75667 73.6911
265002 7.01649 22.52 12.5982 28.9347 11.2003 2.53199 71.0694
265017 7.01649 22.52 12.5982 28.9347 11.2003 2.53199 71.0694
265022 6.80387 22.1086 11.9911 27.9024 11.3421 2.3939 68.8059
265032 6.80387 22.1086 11.9911 27.9024 11.3421 2.3939 68.8059
265043 6.62024 21.7546 11.6268 27.1402 11.4116 2.32167 67.1418
265053 6.6299 21.7929 11.2625 26.6288 11.5094 2.14174 66.3141
265069 6.6299 21.7929 11.2625 26.6288 11.5094 2.14174 66.3141
265082 6.61057 21.8694 10.9893 26.1175 11.5828 1.97298 65.5868
265083 6.82319 21.9938 10.9792 26.0114 11.4739 1.86305 65.8075
265095 6.82319 21.9938 10.9792 26.0114 11.4739 1.86305 65.8075
265107 6.87152 22.2043 11.0601 26.0885 11.4615 1.82852 66.2244
265122 6.87152 22.2043 11.0601 26.0885 11.4615 1.82852 66.2244
265124 6.99716 22.4913 11.1006 26.2526 11.4622 1.76493 66.8416
265134 7.11313 22.8548 11.1512 26.3297 11.4606 1.67082 67.4489
265149 7.11313 22.8548 11.1512 26.3297 11.4606 1.67082 67.4489
265157 7.30642 23.1992 11.0196 26.3587 11.5019 1.51863 67.884
265165 7.49005 23.6871 11.0702 26.4262 11.4866 1.38029 68.6736
265176 7.49005 23.6871 11.0702 26.4262 11.4866 1.38029 68.6736
265204 7.65435 24.0315 10.969 26.5516 11.5451 1.26466 69.2066
265208 7.70267 24.4046 11.0095 26.5806 11.5761 1.17999 69.6974
265214 7.81865 24.7203 10.9286 26.5323 11.6091 1.05471 69.9999
265230 7.81865 24.7203 10.9286 26.5323 11.6091 1.05471 69.9999
265235 8.01194 25.1795 10.7667 26.2719 11.6306 0.821671 70.23
265257 8.15691 25.6387 10.6048 26.0982 11.6936 0.618593 70.4986
265258 8.15691 25.6387 10.6048 26.0982 11.6936 0.618593 70.4986
265265 8.41785 26.1649 10.4024 25.8184 11.7095 0.347022 70.8035
265285 8.41785 26.1649 10.4024 25.8184 11.7095 0.347022 70.8035
265286 8.55315 26.471 10.2 25.5482 11.7511 0.153463 70.7724
265300 8.68846 26.7389 10.0685 25.1816 11.7306 -0.0376233 70.6774
265314 8.68846 26.7389 10.0685 25.1816 11.7306 -0.0376233 70.6774
265317 8.84309 27.0546 9.83571 24.8053 11.7599 -0.26722 70.5387
265327 8.98806 27.3033 9.66369 24.3519 11.7355 -0.485546 70.3069
265350 8.98806 27.3033 9.66369 24.3519 11.7355 -0.485546 70.3069
265359 11.8294 28.1452 12.2845 23.416 9.06745 -0.847195 75.6752
265372 11.8294 28.1452 12.2845 23.416 9.06745 -0.847195 75.6752
265378 13.4821 28.2983 13.3976 22.046 7.59626 -1.23085 77.2239
265398 13.4821 28.2983 13.3976 22.046 7.59626 -1.23085 77.2239
265403 15.27 28.2696 14.025 19.8076 6.06876 -1.88187 77.3722
265409 16.768 27.906 14.3083 17.2123 4.60724 -2.58945 76.1947
265424 16.768 27.906 14.3083 17.2123 4.60724 -2.58945 76.1947
265429 17.8659 27.3512 14.6929 14.7346 3.19081 -3.17295 74.6445
265439 18.6355 26.6528 15.7452 13.1276 1.82022 -3.32024 74.1611
265458 18.6355 26.6528 15.7452 13.1276 1.82022 -3.32024 74.1611
265460 19.1551 25.7822 17.4952 12.3337 0.490069 -3.03111 74.7662
265487 19.4437 24.6438 19.0214 11.4818 -0.784126 -2.73177 74.5907
265505 19.588 22.96 20.5476 10.6976 -2.19461 -2.29754 73.7932
265506 19.588 22.96 20.5476 10.6976 -2.19461 -2.29754 73.7932
265513 19.4341 20.9319 22.6195 9.99089 -3.81314 -1.59413 72.9764
265533 18.8761 18.1289 25.7729 9.46811 -5.90067 -0.366235 72.2459
265534 18.8761 18.1289 25.7729 9.46811 -5.90067 -0.366235 72.2459
265550 17.9428 14.2581 29.6641 9.02278 -8.57908 1.37244 70.8878
265564 17.9428 14.2581 29.6641 9.02278 -8.57908 1.37244 70.8878
265569 16.6327 9.794 34 8.89692 -11.5191 3.56376 69.3237
265578 15.502 5.69553 34 9.36162 -13.3385 5.14972 64.5591
265593 14.9221 2.96321 34 10.4943 -14.2132 6.39848 62.3796
265603 14.8061 1.37578 34 11.3366 -14.6679 7.10875 61.5185
265629 14.9028 0.58687 34 11.7044 -14.9571 7.4063 61.1941
265644 15.1541 0.538766 34 11.4721 -15.1816 7.30302 61.1649
265654 15.1444 0.567629 34 10.8235 -15.5914 7.21348 60.5355
265671 15.1444 0.567629 34 10.8235 -15.5914 7.21348 60.5355
265674 15.0961 0.500283 34 10.1458 -16.09 7.16816 59.7421
265684 14.9124 0.519525 34 9.50683 -16.4943 7.14509 58.9388
265697 14.9124 0.519525 34 9.50683 -16.4943 7.14509 58.9388
265704 14.4969 0.490662 34 9.14863 -16.7097 7.26598 58.1362
265724 14.4969 0.490662 34 9.14863 -16.7097 7.26598 58.1362
265726 14.1779 0.375212 34 8.91629 -16.9161 7.40301 57.4694
265735 13.8107 0.442558 34 8.87756 -16.8432 7.51547 57.1308
265756 13.8107 0.442558 34 8.87756 -16.8432 7.51547 57.1308
265757 13.6561 0.336729 34 8.91629 -16.8703 7.62361 56.9091
265770 13.5691 0.336729 34 9.03246 -16.7725 7.67322 56.9383
265787 13.5691 0.336729 34 9.03246 -16.7725 7.67322 56.9383
265788 13.5304 0.317487 34 9.08087 -16.7455 7.70251 56.9288
265817 13.5304 0.259762 34 9.20672 -16.6956 7.74162 56.9969
265818 13.6271 0.269383 34 9.26481 -16.6603 7.70671 57.1613
265827 13.6271 0.269383 34 9.26481 -16.6603 7.70671 57.1613
265846 13.6561 0.240521 34 9.44875 -16.5518 7.73006 57.3453
265848 13.7237 0.269383 34 9.50683 -16.4989 7.69925 57.4999
265858 13.7237 0.269383 34 9.50683 -16.4989 7.69925 57.4999
265878 13.9073 0.2309 34 9.58428 -16.498 7.65197 57.7225
265879 14.0233 0.269383 34 9.60364 -16.4735 7.59399 57.8963
265912 14.0233 0.269383 34 9.60364 -16.4735 7.59399 57.8963
265914 14.2746 0.298246 34 9.7295 -16.4002 7.50141 58.3023
265927 14.5162 0.317487 34 9.74886 -16.4084 7.4037 58.5826
265942 14.9028 0.57725 34 9.79727 -16.2492 7.16562 59.2773
265946 14.9028 0.57725 34 9.79727 -16.2492 7.16562 59.2773
265949 15.8789 2.02999 34 10.1748 -15.1707 6.34609 62.0837
265970 17.0096 3.94454 34 10.8041 -13.7857 5.44037 65.7583
265971 17.0096 3.94454 34 10.8041 -13.7857 5.44037 65.7583
265984 18.193 6.30164 34 10.9784 -12.5635 4.42267 69.473
266006 18.193 6.30164 34 10.9784 -12.5635 4.42267 69.473
266006 19.511 9.07244 34 10.3878 -11.6658 3.24875 72.9713
266010 20.3673 11.0351 32.6861 9.43907 -11.0772 2.1875 73.5275
266021 20.3673 11.0351 32.6861 9.43907 -11.0772 2.1875 73.5275
266035 20.858 12.5263 27.9863 9.81663 -9.30691 0.93107 71.1872
266045 21.1562 14.056 26.8847 14.7637 -6.25196 1.25606 76.8605
266052 21.1562 14.056 26.8847 14.7637 -6.25196 1.25606 76.8605
266064 20.4924 14.9796 24.9845 17.0965 -4.31988 1.27829 77.553
266072 20.4924 14.9796 24.9845 17.0965 -4.31988 1.27829 77.553
266094 19.2417 15.6435 22.3466 17.8008 -2.71349 1.052 75.0325
266095 17.481 16.2784 20.0725 19.2577 -0.690067 1.14326 73.0897
266107 17.481 16.2784 20.0725 19.2577 -0.690067 1.14326 73.0897
266127 15.4053 17.1339 17.8692 20.9557 1.68681 1.32118 71.3642
266132 12.7283 17.9088 15.5631 22.9432 4.54155 1.70716 69.1434
266158 10.0028 18.6837 14.0554 25.2395 7.30532 2.3407 67.9814
266159 10.0028 18.6837 14.0554 25.2395 7.30532 2.3407 67.9814
266163 7.94429 19.4873 13.9238 28.2594 9.2935 3.17854 69.6148
266173 6.96816 20.3483 14.8548 31.0187 10.0916 3.80318 73.19
266191 6.96816 20.3483 14.8548 31.0187 10.0916 3.80318 73.19
266194 6.85219 20.8649 15.6238 32.63 10.2075 4.05484 75.9709
266204 6.88118 21.018 15.8464 33.122 10.2164 4.11147 76.8676
266220 6.88118 21.018 15.8464 33.122 10.2164 4.11147 76.8676
266224 6.70722 20.7788 15.5732 32.7168 10.2985 4.11818 75.7761
266250 6.70722 20.7788 15.5732 32.7168 10.2985 4.11818 75.7761
266251 6.34963 20.1953 15.0065 31.8485 10.4522 4.15057 73.3999
266264 6.05969 19.5926 14.3488 30.7486 10.577 4.12266 70.7496
266266 6.05969 19.5926 14.3488 30.7486 10.577 4.12266 70.7496
266286 5.88573 19.2864 13.6708 29.4943 10.6912 3.94945 68.3373
266293 5.87607 19.0951 13.1143 28.5295 10.7462 3.75425 66.615
266302 5.87607 19.0951 13.1143 28.5295 10.7462 3.75425 66.615
266322 5.95338 19.1142 12.831 27.8156 10.7075 3.55606 65.7141
266323 5.95338 19.1142 12.831 27.8156 10.7075 3.55606 65.7141
266327 5.97271 19.2195 12.578 27.4007 10.7676 3.40332 65.1708
266337 6.10802 19.5734 12.5274 27.3235 10.7815 3.2433 65.5323
266351 6.10802 19.5734 12.5274 27.3235 10.7815 3.2433 65.5323
266357 6.3303 19.8891 12.5274 27.2463 10.7124 3.08083 65.9931
266387 6.45594 20.3196 12.5071 27.4007 10.7813 2.95401 66.6834
266388 6.45594 20.3196 12.5071 27.4007 10.7813 2.95401 66.6834
266394 6.61057 20.7406 12.6286 27.6612 10.7785 2.86926 67.6409
266398 6.74588 18.6742 12.7298 27.9699 10.2724 3.46635 66.1197
266420 6.74588 21.1232 12.7298 27.9699 10.7985 2.80679 68.5688
266422 6.80387 21.4102 12.8613 28.2401 10.8147 2.78883 69.3155
266433 6.80387 21.4102 12.8613 28.2401 10.8147 2.78883 69.3155
266458 6.93917 21.7068 12.8512 28.433 10.8499 2.7109 69.9302
266459 7.10347 22.1469 12.8512 28.4716 10.8624 2.56595 70.5732
266490 7.27743 22.4147 12.8107 28.5006 10.8541 2.45462 71.0035
266491 7.37408 22.6635 12.6994 28.3848 10.8879 2.3298 71.1217
266492 7.37408 22.6635 12.6994 28.3848 10.8879 2.3298 71.1217
266500 7.46106 22.9026 12.6589 28.0182 10.8391 2.17763 71.0408
266526 7.46106 22.9026 12.6589 28.0182 10.8391 2.17763 71.0408
266527 7.52871 23.1514 12.4869 27.7287 10.8838 2.01751 70.8957
266530 7.74133 23.3905 12.2137 27.3331 10.8833 1.78589 70.6787
266540 7.74133 23.3905 12.2137 27.3331 10.8833 1.78589 70.6787
266562 7.80898 23.6393 12.1935 26.9569 10.8337 1.63645 70.5986
