1107904 9.8772 10.2173 7.25536 7.95786 0.738236 -2.07375 35.3077
1107909 10.5634 9.7459 8.11548 6.84453 -1.48035 -2.27504 35.2693
1107924 10.5634 9.7459 8.11548 6.84453 -1.48035 -2.27504 35.2693
1107934 10.9596 9.18789 9.20833 6.06036 -3.47278 -2.06635 35.4162
1107944 10.9596 9.18789 9.20833 6.06036 -3.47278 -2.06635 35.4162
1107953 11.2109 8.50481 10.2101 5.43109 -5.29255 -1.72859 35.3569
1107962 11.4235 7.86022 11.0298 4.9664 -6.82165 -1.39779 35.2799
1107971 11.4235 7.86022 11.0298 4.9664 -6.82165 -1.39779 35.2799
1107983 11.7231 7.38879 11.8899 4.94704 -7.84252 -0.94927 35.9489
1107989 12.0517 7.37917 12.7702 5.06321 -8.30525 -0.643024 37.2644
1108019 12.3127 7.32145 13.1244 5.21811 -8.49043 -0.51016 37.9766
1108025 12.3127 7.32145 13.1244 5.21811 -8.49043 -0.51016 37.9766
1108030 12.419 7.15789 13.3167 5.25683 -8.72922 -0.394511 38.1504
1108040 12.274 6.69609 13.2458 5.18907 -9.11288 -0.21463 37.405
1108050 12.274 6.69609 13.2458 5.18907 -9.11288 -0.21463 37.405
1108060 12.1387 6.02264 13.1345 5.04385 -9.77357 0.0070256 36.3397
1108070 11.9454 5.28183 13.2458 4.89863 -10.6093 0.38896 35.3717
1108080 11.9454 5.28183 13.2458 4.89863 -10.6093 0.38896 35.3717
1108091 11.8198 4.50255 13.3976 4.66629 -11.6679 0.759711 34.3862
1108109 11.8198 4.50255 13.3976 4.66629 -11.6679 0.759711 34.3862
1108112 11.5878 3.68478 13.7214 4.63724 -12.6276 1.37643 33.6313
1108122 11.3462 2.95359 14.1464 4.56948 -13.6068 2.00636 33.0157
1108132 11.3462 2.95359 14.1464 4.56948 -13.6068 2.00636 33.0157
1108142 11.1529 2.42445 14.7536 4.78246 -14.1178 2.6992 33.1134
1108153 11.008 2.05886 15.553 5.05353 -14.4391 3.3586 33.6733
1108163 11.008 2.05886 15.553 5.05353 -14.4391 3.3586 33.6733
1108173 10.863 1.92417 16.1399 5.18907 -14.575 3.75561 34.1161
1108183 10.7084 1.69327 16.5649 5.44077 -14.6329 4.18692 34.4073
1108193 10.7084 1.69327 16.5649 5.44077 -14.6329 4.18692 34.4073
1108203 10.5247 1.64516 16.8583 5.59567 -14.5436 4.45535 34.6239
1108218 10.5247 1.64516 16.8583 5.59567 -14.5436 4.45535 34.6239
1108224 10.3024 1.53933 17.091 5.77961 -14.4577 4.7658 34.7124
1108234 10.0802 1.49123 17.4952 5.8861 -14.4467 5.06826 34.9527
1108255 9.91586 1.46237 17.475 5.86674 -14.4454 5.16858 34.72
1108266 9.83854 1.40464 17.5458 5.89579 -14.476 5.27539 34.6847
1108275 9.83854 1.40464 17.5458 5.89579 -14.476 5.27539 34.6847
1108285 9.63559 1.37578 17.3537 5.8377 -14.4548 5.3417 34.2028
1108303 9.63559 1.37578 17.3537 5.8377 -14.4548 5.3417 34.2028
1108316 9.37464 1.23147 17.2224 5.82802 -14.5124 5.54615 33.6565
1108322 9.26833 1.26033 17.1819 5.8377 -14.4212 5.58492 33.5483
1108332 9.26833 1.26033 17.1819 5.8377 -14.4212 5.58492 33.5483
1108342 9.16202 1.27957 17.2729 5.89579 -14.3256 5.68 33.6103
1108352 9.02672 1.24109 17.3234 5.94419 -14.287 5.81466 33.5354
1108361 9.02672 1.24109 17.3234 5.94419 -14.287 5.81466 33.5354
1108370 8.84309 1.17374 17.4346 6.00228 -14.2747 6.01729 33.4537
1108377 8.84309 1.17374 17.4346 6.00228 -14.2747 6.01729 33.4537
1108387 8.75611 1.26033 17.566 6.34112 -13.7962 6.14205 33.9235
1108397 8.69812 1.98189 17.7681 6.74772 -12.5985 5.89665 35.1959
1108407 8.69812 1.98189 17.7681 6.74772 -12.5985 5.89665 35.1959
1108417 8.46617 3.05942 17.5256 7.18337 -10.866 5.4575 36.2345
1108427 8.25355 4.18506 17.1213 7.99658 -8.78224 5.06407 37.5565
1108453 8.04093 5.61856 16.4637 9.61333 -5.83389 4.68745 39.7365
1108457 8.04093 5.61856 16.4637 9.61333 -5.83389 4.68745 39.7365
1108468 7.68334 6.90775 14.6827 10.3975 -3.18923 3.96601 39.6713
1108482 7.34508 7.90832 11.9506 9.96185 -0.958885 2.68757 37.1658
1108490 7.34508 7.90832 11.9506 9.96185 -0.958885 2.68757 37.1658
1108498 6.85219 8.79344 9.43095 9.17768 1.23194 1.2975 34.2543
1108511 6.54292 8.79344 7.41726 8.88724 2.93963 0.458969 31.6409
1108518 6.54292 9.89983 7.41726 8.88724 3.68495 -0.063327 32.7473
1108528 6.33997 10.9389 5.85893 9.02278 6.03438 -1.11805 32.1606
1108538 6.33997 10.9389 5.85893 9.02278 6.03438 -1.11805 32.1606
1108548 6.08869 12.1319 4.74583 9.51651 8.32273 -1.82782 32.4829
1108559 5.81808 13.2094 4.14881 10.3297 10.1267 -2.03647 33.506
1108578 5.54747 14.3447 3.64286 11.1817 11.7638 -2.18956 34.7166
1108597 5.54747 14.3447 3.64286 11.1817 11.7638 -2.18956 34.7166
1108605 4.97726 15.1913 3.30893 11.6948 13.2206 -2.20267 35.1722
1108619 4.40705 15.8647 3.04583 12.1498 14.4933 -2.14684 35.4674
1108624 4.40705 15.8647 3.04583 12.1498 14.4933 -2.14684 35.4674
1108630 3.86583 16.2496 2.9244 12.7403 15.5112 -1.86585 35.7801
1108641 3.33428 16.5767 2.85357 13.2244 16.4031 -1.59758 35.9889
1108649 3.33428 16.5767 2.85357 13.2244 16.4031 -1.59758 35.9889
1108659 2.9187 16.8268 2.8131 13.8149 17.1209 -1.28562 36.3735
1108680 2.67709 16.8268 2.975 14.3087 17.3179 -0.905304 36.7876
1108683 2.67709 16.8653 2.975 14.3087 17.326 -0.920032 36.8261
1108691 2.46447 16.798 3.07619 14.8895 17.5585 -0.522476 37.2281
1108700 2.46447 16.798 3.07619 14.8895 17.5585 -0.522476 37.2281
1108719 2.39682 16.5863 3.21786 15.238 17.5016 -0.211232 37.439
1108721 2.27118 16.3073 3.28869 15.3736 17.5352 0.0337476 37.2407
1108733 2.27118 16.3073 3.28869 15.3736 17.5352 0.0337476 37.2407
1108742 2.1552 15.8166 3.31905 15.2574 17.5109 0.248142 36.5483
1108754 1.93292 15.8166 3.21786 15.209 17.881 0.280834 36.1764
1108762 1.93292 15.249 3.21786 15.209 17.7676 0.52442 35.6088
1108775 1.82661 14.7102 3.37976 15.209 17.5889 0.876245 35.1256
1108784 1.82661 14.7102 3.37976 15.209 17.5889 0.876245 35.1256
1108796 1.67197 14.2581 3.35952 15.3542 17.7382 1.20528 34.6438
1108803 1.63331 13.854 3.41012 15.4123 17.6501 1.45809 34.3097
1108813 1.63331 13.854 3.41012 15.4123 17.6501 1.45809 34.3097
1108823 1.46902 13.5269 3.33929 15.3349 17.8597 1.63865 33.67
1108833 1.44969 13.3345 3.36964 15.3155 17.8004 1.74831 33.4693
1108848 1.44969 13.3345 3.36964 15.3155 17.8004 1.74831 33.4693
1108854 1.37237 13.219 3.42024 15.2864 17.8035 1.85385 33.2981
1108864 1.37237 13.219 3.42024 15.2864 17.8035 1.85385 33.2981
1108874 1.42069 13.1228 3.53155 15.4704 17.6186 1.99361 33.5454
1108884 1.45935 13.1613 3.57202 15.5091 17.5354 1.98528 33.7018
1108894 1.45935 13.1613 3.57202 15.5091 17.5354 1.98528 33.7018
1108904 1.50767 13.2383 3.5619 15.5575 17.5151 1.93715 33.8654
1108914 1.58499 13.3345 3.74405 15.5672 17.216 1.9245 34.2307
1108929 1.58499 13.3345 3.74405 15.5672 17.216 1.9245 34.2307
1108936 1.63331 13.3826 3.75417 15.6834 17.1815 1.92506 34.4534
1108946 1.63331 13.3826 3.75417 15.6834 17.1815 1.92506 34.4534
1108956 1.70097 13.4403 3.7744 15.7511 17.1029 1.89704 34.6668
1108967 1.63331 13.3826 3.7744 15.7415 17.1699 1.95472 34.5317
1108975 1.63331 13.3826 3.7744 15.7415 17.1699 1.95472 34.5317
1108990 1.6913 13.2671 3.85536 15.7027 16.9652 1.9989 34.5165
1108998 1.65264 13.1613 3.86548 15.5962 16.9504 2.034 34.2757
1109007 1.65264 13.1613 3.86548 15.5962 16.9504 2.034 34.2757
1109017 2.4838 13.2864 4.10833 15.6156 15.7138 1.67089 35.4941
1109046 2.69642 13.219 4.31071 15.3349 15.1477 1.57341 35.561
1109048 3.5759 13.3248 4.54345 14.8218 13.8058 1.01933 36.2659
1109057 3.5759 13.3248 4.54345 14.8218 13.8058 1.01933 36.2659
1109079 4.78397 13.2767 4.80655 14.2118 12.0675 0.387422 37.0791
1109081 5.72143 12.9785 4.94821 13.4664 10.6261 -0.11531 37.1145
1109101 6.40762 12.5167 5.1506 12.6822 9.27759 -0.445418 36.7571
1109107 6.40762 12.5167 5.1506 12.6822 9.27759 -0.445418 36.7571
1109123 7.07447 11.8048 5.41369 11.8884 7.74224 -0.653854 36.1813
1109128 7.49972 11.2275 5.83869 11.1236 6.31326 -0.741794 35.6895
1109138 7.49972 11.2275 5.83869 11.1236 6.31326 -0.741794 35.6895
1109148 7.96362 10.5444 6.52679 10.4556 4.58547 -0.644826 35.4904
1109158 8.06993 9.85173 7.5994 9.82631 2.83522 -0.210458 35.3474
1109169 8.06993 9.85173 7.5994 9.82631 2.83522 -0.210458 35.3474
1109178 8.26322 9.24561 8.61131 9.09055 1.03778 0.0822294 35.2107
1109206 8.52416 8.80306 9.46131 8.12244 -0.759058 0.110223 34.911
1109215 8.9784 8.44709 10.1899 7.16401 -2.55696 -0.0308776 34.7794
1109219 8.9784 8.44709 10.1899 7.16401 -2.55696 -0.0308776 34.7794
1109229 9.36498 7.97567 11.1208 6.49601 -4.30103 0.118516 34.9575
1109248 9.82888 7.45614 12.0518 6.20558 -5.78109 0.41036 35.5424
1109258 9.82888 7.45614 12.0518 6.20558 -5.78109 0.41036 35.5424
1109265 10.1768 7.08093 12.7905 6.07973 -6.78604 0.669485 36.1279
1109270 10.1768 7.08093 12.7905 6.07973 -6.78604 0.669485 36.1279
1109281 10.3411 6.5614 13.4786 6.07005 -7.67344 1.0889 36.4511
1109291 10.4667 5.96491 13.9744 6.06036 -8.51185 1.4821 36.4664
1109304 10.4667 5.96491 13.9744 6.06036 -8.51185 1.4821 36.4664
1109312 10.4088 5.34918 14.1262 5.93451 -9.24886 1.8019 35.8186
1109322 10.3024 4.75269 14.3387 5.82802 -9.97991 2.17688 35.2218
1109332 10.3024 4.75269 14.3387 5.82802 -9.97991 2.17688 35.2218
1109342 10.1768 4.17544 14.4601 5.69248 -10.7007 2.52154 34.5048
1109352 10.1768 4.17544 14.4601 5.69248 -10.7007 2.52154 34.5048
1109367 10.0705 3.55008 14.5613 5.66344 -11.3888 2.92692 33.8453
1109373 10.0608 3.07866 14.794 5.71184 -11.9365 3.28413 33.6454
1109383 10.0608 3.07866 14.794 5.71184 -11.9365 3.28413 33.6454
1109397 9.94485 2.73231 15.047 5.84738 -12.2218 3.67151 33.5716
1109412 9.8772 2.41483 15.5429 6.07005 -12.4873 4.12368 33.9049
1109421 9.8772 2.41483 15.5429 6.07005 -12.4873 4.12368 33.9049
1109424 9.83854 2.18393 15.9274 6.23462 -12.6866 4.44918 34.1845
1109433 9.83854 2.18393 15.9274 6.23462 -12.6866 4.44918 34.1845
1109452 9.91586 2.21279 16.2107 6.3992 -12.6046 4.52578 34.7386
1109462 9.94485 2.19355 16.4536 6.48633 -12.6279 4.61888 35.0783
1109477 10.0028 2.18393 16.5952 6.52506 -12.6668 4.64504 35.3071
1109486 9.99318 2.15507 16.6155 6.52506 -12.7013 4.67243 35.2888
1109494 9.99318 2.15507 16.6155 6.52506 -12.7013 4.67243 35.2888
1109504 10.0318 2.13582 16.4435 6.40888 -12.8002 4.57653 35.02
1109519 10.1478 2.13582 16.2815 6.23462 -12.9734 4.4106 34.7998
1109526 10.1478 2.17431 16.2815 6.23462 -12.9315 4.38916 34.8383
1109535 10.2735 2.18393 16.0488 6.11845 -13.0109 4.20649 34.6246
1109562 10.3894 2.13582 15.7351 5.87642 -13.2645 3.9926 34.1368
1109566 10.4764 2.18393 15.5833 5.70216 -13.3843 3.81129 33.9458
1109578 10.4764 2.18393 15.5833 5.70216 -13.3843 3.81129 33.9458
1109590 10.6214 2.16469 15.3911 5.54727 -13.5662 3.62598 33.7244
1109600 10.6214 2.16469 15.2595 5.48918 -13.5882 3.56166 33.5348
1109607 10.6214 2.16469 15.2595 5.48918 -13.5882 3.56166 33.5348
1109617 10.6987 2.20317 15.0875 5.41173 -13.6008 3.41188 33.4011
1109627 10.6987 2.20317 15.0875 5.41173 -13.6008 3.41188 33.4011
1109637 10.805 2.41483 15.1077 5.55695 -13.2368 3.29569 33.8845
1109648 10.9886 2.84776 14.8345 5.49886 -12.7865 2.85208 34.1698
1109662 10.9886 2.84776 14.8345 5.49886 -12.7865 2.85208 34.1698
1109672 11.2399 3.80023 14.3286 5.45046 -11.7161 2.0415 34.8192
1109678 11.7038 5.13752 13.6911 5.25683 -10.4784 0.882908 35.7892
1109688 11.7038 5.13752 13.6911 5.25683 -10.4784 0.882908 35.7892
1109698 11.7715 6.38823 12.7905 5.22779 -8.946 -0.0586358 36.178
1109725 11.7425 7.60045 11.728 5.07289 -7.46816 -1.05498 36.1438
1109729 11.8584 8.95699 10.4631 4.9664 -5.79264 -2.22897 36.2449
1109743 11.8584 8.95699 10.4631 4.9664 -5.79264 -2.22897 36.2449
1109749 11.7425 10.352 9.27917 5.10194 -3.81604 -3.172 36.4756
1109759 11.4235 11.4488 8.34821 6.07005 -1.51038 -3.40061 37.2906
1109769 11.4235 11.4488 8.34821 6.07005 -1.51038 -3.40061 37.2906
1109790 10.8533 12.4878 7.51845 7.49317 1.04896 -3.25773 38.3528
1109795 10.8533 12.4878 7.51845 7.49317 1.04896 -3.25773 38.3528
1109804 10.0415 12.9881 6.50655 8.15148 3.04579 -3.33196 37.6876
1109814 9.07504 13.1709 5.42381 8.30638 4.84935 -3.55059 35.9761
1109823 9.07504 13.1709 5.42381 8.30638 4.84935 -3.55059 35.9761
1109837 7.99261 13.1709 4.50298 8.52904 6.72922 -3.56691 34.1955
1109841 7.17112 13.3729 3.99702 9.28417 8.49141 -3.22076 33.8253
1109850 7.17112 13.3729 3.99702 9.28417 8.49141 -3.22076 33.8253
1109868 6.45594 13.652 3.92619 10.1845 9.8297 -2.62892 34.2186
1109870 6.45594 13.652 3.92619 10.1845 9.8297 -2.62892 34.2186
1109885 5.79875 13.931 3.90595 11.1623 11.0556 -2.00936 34.798
1109893 5.13189 14.1619 3.92619 12.1498 12.1951 -1.36464 35.3697
1109908 5.13189 14.1619 3.92619 12.1498 12.1951 -1.36464 35.3697
1109915 4.54235 14.2773 3.93631 12.8468 13.0927 -0.858026 35.6028
1109922 3.89483 14.3639 3.99702 13.4374 13.9448 -0.346429 35.6931
1109932 3.89483 14.3639 3.99702 13.4374 13.9448 -0.346429 35.6931
1109944 3.51791 14.4793 3.97679 13.8052 14.5265 -0.0902304 35.7793
1109955 3.51791 14.4793 3.97679 13.8052 14.5265 -0.0902304 35.7793
1109963 3.16998 14.5948 4.01726 14.1731 15.0053 0.177557 35.9552
1109980 3.00569 14.6429 4.04762 14.4055 15.2313 0.334266 36.1017
1109983 3.00569 14.6429 4.04762 14.4055 15.2313 0.334266 36.1017
1109993 2.99602 14.6718 4.0375 14.4539 15.2742 0.341653 36.1592
1110008 2.95736 14.614 3.90595 14.299 15.408 0.265623 35.7763
1110026 2.87038 14.5467 3.7744 13.9795 15.5536 0.143656 35.171
1110044 2.69642 14.4793 3.60238 13.6987 15.8652 0.0545436 34.4769
1110054 2.77374 14.3735 3.57202 13.4858 15.7239 -0.0392318 34.205
1110080 2.74474 14.2484 3.48095 13.3696 15.8023 -0.0632215 33.8437
1110084 2.66742 14.2003 3.43036 13.3115 15.9285 -0.0561896 33.6096
1110110 2.70608 14.2388 3.4506 13.176 15.8305 -0.142238 33.5715
1110126 2.70608 14.1619 3.44048 13.1663 15.8191 -0.117032 33.4747
1110150 2.80273 14.0753 3.51131 13.2147 15.6052 -0.0678474 33.604
1110151 2.80273 14.0753 3.51131 13.2147 15.6052 -0.0678474 33.604
1110156 2.81239 14.1041 3.53155 13.2437 15.5853 -0.0628817 33.6918
1110165 2.7834 14.0175 3.6631 13.418 15.4869 0.124025 33.882
1110175 2.7834 14.0175 3.6631 13.418 15.4869 0.124025 33.882
1110187 2.85105 13.9213 3.8756 13.7568 15.2243 0.374966 34.4048
1110207 2.81239 13.9502 4.02738 14.0666 15.1887 0.572956 34.8566
1110223 2.7834 13.8925 4.1994 14.3571 15.0903 0.800654 35.2323
1110232 2.7834 13.8925 4.1994 14.3571 15.0903 0.800654 35.2323
1110238 2.80273 13.7674 4.29048 14.541 14.9818 0.958153 35.4016
1110249 2.7834 13.4788 4.33095 14.6475 14.906 1.15617 35.2406
1110274 2.7834 13.2094 4.37143 14.57 14.7596 1.2661 34.9343
1110279 2.69642 12.9689 4.32083 14.4151 14.8009 1.33891 34.4013
1110289 2.69642 12.9689 4.32083 14.4151 14.8009 1.33891 34.4013
1110300 2.6481 12.6706 4.36131 14.2312 14.6651 1.4481 33.9112
1110325 2.9477 12.6033 4.39167 14.0957 14.219 1.29399 34.0383
1110330 3.5759 12.6321 4.43214 13.9698 13.431 0.950847 34.61
1110339 3.5759 12.6321 4.43214 13.9698 13.431 0.950847 34.61
1110354 4.32007 12.6225 4.63452 13.6987 12.3078 0.591345 35.2759
1110359 5.17055 12.6225 4.79643 13.3018 11.1151 0.127541 35.8913
1110374 5.17055 12.5071 4.79643 13.3018 11.0702 0.176357 35.7759
1110380 6.13701 12.4109 4.96845 12.5757 9.61509 -0.417134 36.0921
1110396 6.13701 12.4109 4.96845 12.5757 9.61509 -0.417134 36.0921
1110400 7.14213 12.1222 5.12024 11.7432 8.02917 -0.996864 36.1278
1110421 8.22456 11.9587 5.38333 11.0558 6.42135 -1.53353 36.6224
1110424 8.22456 11.9587 5.38333 11.0558 6.42135 -1.53353 36.6224
1110432 8.98806 11.5065 5.65655 10.2426 4.88031 -1.89405 36.3937
1110448 9.32632 11.0255 6.28393 9.41002 3.34661 -1.9383 36.0457
1110462 9.46163 10.6791 6.97202 8.7033 2.05827 -1.87015 35.8161
1110488 9.54861 10.2462 7.73095 7.91913 0.62474 -1.754 35.4449
1110499 9.75156 9.83248 8.22679 7.02847 -0.801817 -1.86375 34.8393
1110512 9.75156 9.83248 8.22679 7.02847 -0.801817 -1.86375 34.8393
1110513 9.88687 9.38031 8.61131 6.18622 -2.15153 -1.96816 34.0647
1110528 10.2348 8.84154 9.24881 5.48918 -3.80969 -1.92448 33.8143
1110533 10.2348 8.84154 9.24881 5.48918 -3.80969 -1.92448 33.8143
1110553 10.747 8.43746 9.88631 5.00513 -5.27553 -1.88977 34.0759
1110560 10.747 8.43746 9.88631 5.00513 -5.27553 -1.88977 34.0759
1110569 11.4622 8.13922 10.3821 4.57916 -6.60102 -2.01378 34.5627
1110579 12.216 7.78325 10.9994 4.20159 -7.97621 -2.04471 35.2003
1110587 12.216 7.78325 10.9994 4.20159 -7.97621 -2.04471 35.2003
1110604 12.8829 7.28297 11.5661 3.99829 -9.21328 -1.93176 35.7302
1110605 13.1632 6.57102 12.1631 3.85308 -10.421 -1.55999 35.7504
1110615 13.1632 6.57102 12.1631 3.85308 -10.421 -1.55999 35.7504
1110630 13.2985 5.83984 12.6792 3.81435 -11.4529 -1.11338 35.6318
1110635 13.2985 5.83984 12.6792 3.81435 -11.4529 -1.11338 35.6318
1110646 13.4338 4.96435 13.256 3.71754 -12.7276 -0.604139 35.3716
1110657 13.2985 4.05037 13.8935 3.66913 -13.9442 0.0918406 34.9114
1110684 13.3468 3.18449 14.5006 3.6885 -15.1024 0.716211 34.7204
1110687 13.3371 2.54952 15.2089 3.7369 -15.9762 1.31739 34.8325
1110700 13.3371 2.54952 15.2089 3.7369 -15.9762 1.31739 34.8325
1110710 13.3661 2.09734 15.6946 3.79499 -16.5711 1.72782 34.9531
1110717 13.3661 2.09734 15.6946 3.79499 -16.5711 1.72782 34.9531
1110736 13.3178 1.73175 16.1298 3.87244 -17.0058 2.11943 35.0517
1110740 13.4241 1.6163 16.4333 3.94021 -17.1549 2.25891 35.4139
1110763 13.4821 1.59706 16.8786 4.07574 -17.1284 2.44571 36.0335
1110768 13.6271 1.64516 17.0202 4.05638 -17.1572 2.39528 36.3488
1110778 13.6271 1.64516 17.0202 4.05638 -17.1572 2.39528 36.3488
1110789 13.743 1.65478 16.8583 4.00797 -17.1923 2.26194 36.2641
1110799 13.743 1.65478 16.8583 4.00797 -17.1923 2.26194 36.2641
1110813 13.685 1.60668 16.6357 3.94989 -17.2562 2.21332 35.8773
1110818 13.5884 1.6163 16.494 3.93052 -17.2159 2.19758 35.6293
1110828 13.5884 1.6163 16.494 3.93052 -17.2159 2.19758 35.6293
1110840 13.5691 1.60668 16.1804 3.82403 -17.2816 2.05882 35.1801
1110848 13.4724 1.52971 15.9274 3.79499 -17.3329 2.039 34.7245
1110865 13.4724 1.52971 15.9274 3.79499 -17.3329 2.039 34.7245
1110873 13.2695 1.53933 15.6339 3.69818 -17.3296 1.98734 34.1409
1110891 13.2695 1.53933 15.6339 3.69818 -17.3296 1.98734 34.1409
1110893 13.1052 1.51047 15.5125 3.70786 -17.2888 2.04134 33.836
1110900 12.8249 1.4335 15.2899 3.64009 -17.3564 2.11139 33.1884
1110918 12.8249 1.4335 15.2899 3.64009 -17.3564 2.11139 33.1884
1110927 12.6219 1.41426 15.1685 3.65945 -17.2808 2.18705 32.8641
1110946 12.39 1.42388 15.2798 3.71754 -17.1651 2.36966 32.8112
1110947 12.39 1.42388 15.2798 3.71754 -17.1651 2.36966 32.8112
1110950 12.4383 2.22241 15.4214 4.06606 -15.7924 2.12021 34.1482
1110959 12.4383 2.22241 15.4214 4.06606 -15.7924 2.12021 34.1482
1110974 12.4866 3.21336 15.1685 4.24032 -14.3849 1.58455 35.1088
1110982 12.245 4.56027 14.7232 4.50171 -12.4245 1.00733 36.0302
1111002 12.245 4.56027 14.7232 4.50171 -12.4245 1.00733 36.0302
1111004 12.0034 5.7725 13.7923 4.69533 -10.567 0.294381 36.2635
1111010 11.8101 7.35031 12.578 4.88895 -8.29218 -0.693539 36.6274
1111028 11.8101 7.35031 12.578 4.88895 -8.29218 -0.693539 36.6274
1111031 11.4429 8.8704 11.4042 5.46982 -5.7189 -1.38728 37.1873
1111054 11.4429 8.8704 11.4042 5.46982 -5.7189 -1.38728 37.1873
1111056 10.863 10.1211 10.3518 7.14465 -2.5656 -1.35952 38.4805
1111064 10.1671 11.1698 9.25893 8.99374 0.465682 -1.16859 39.5896
1111081 10.1671 11.1698 9.25893 8.99374 0.465682 -1.16859 39.5896
1111085 9.10404 11.7759 7.42738 9.4197 3.09074 -1.60343 37.727
1111092 8.06026 11.9587 5.525 9.00342 5.33821 -2.38391 34.5474
1111109 8.06026 11.9587 5.525 9.00342 5.33821 -2.38391 34.5474
1111112 7.46106 12.3724 4.14881 8.91629 7.35504 -3.08601 32.8985
1111122 7.46106 12.3724 4.14881 8.91629 7.35504 -3.08601 32.8985
1111137 7.02615 12.9304 3.50119 9.36162 8.96169 -3.24217 32.8193
1111143 6.69756 13.4307 3.28869 10.0974 10.1015 -3.01759 33.5143
1111162 6.69756 13.4307 3.28869 10.0974 10.1015 -3.01759 33.5143
1111174 6.35929 13.8829 3.30893 10.8041 10.929 -2.67607 34.3552
1111175 6.01137 14.21 3.35952 11.4334 11.6184 -2.32553 35.0142
1111194 5.37351 14.5274 3.38988 11.9271 12.5583 -1.9524 35.2179
1111203 5.37351 14.5274 3.38988 11.9271 12.5583 -1.9524 35.2179
1111216 4.78397 14.9796 3.26845 12.4692 13.659 -1.70102 35.5013
1111224 4.12678 15.3645 3.11667 12.7403 14.7542 -1.54219 35.3482
1111241 4.12678 15.3645 3.11667 12.7403 14.7542 -1.54219 35.3482
1111244 3.5469 15.7108 3.0256 12.9049 15.6609 -1.41832 35.1882
1111254 3.17965 15.9513 3.00536 13.1566 16.2376 -1.26187 35.2929
1111273 3.17965 15.9513 3.00536 13.1566 16.2376 -1.26187 35.2929
1111274 2.84139 16.163 2.98512 13.3793 16.7632 -1.11963 35.3688
1111284 2.84139 16.163 2.98512 13.3793 16.7632 -1.11963 35.3688
1111303 2.71575 16.1726 2.91429 13.3599 16.9943 -1.11518 35.1626
1111306 2.73508 16.4035 2.91429 13.2244 16.9929 -1.27558 35.2772
1111322 2.73508 16.4035 2.91429 13.2244 16.9929 -1.27558 35.2772
1111326 2.72541 16.5574 2.72202 13.0888 17.2387 -1.48402 35.0937
1111335 2.69642 16.6825 2.58036 12.9243 17.4366 -1.66596 34.8835
1111347 2.69642 16.6825 2.58036 12.9243 17.4366 -1.66596 34.8835
1111355 2.68675 16.8557 2.46905 12.6532 17.5633 -1.9127 34.6647
1111375 2.68675 16.8557 2.46905 12.6532 17.5633 -1.9127 34.6647
1111377 2.71575 17.0287 2.35774 12.3337 17.6334 -2.20104 34.4359
1111387 2.85105 17.2774 2.26667 12.0433 17.5698 -2.53432 34.4384
1111403 2.85105 17.2774 2.26667 12.0433 17.5698 -2.53432 34.4384
1111408 2.88005 17.4305 2.15536 11.7625 17.6444 -2.80147 34.2284
1111417 2.88971 17.5836 2.04405 11.5108 17.7505 -3.04971 34.0281
1111443 2.95736 17.6984 2.0744 11.3946 17.6274 -3.159 34.1248
1111447 2.95736 17.6984 2.0744 11.3946 17.6274 -3.159 34.1248
1111462 3.03468 17.794 2.10476 11.3269 17.4994 -3.23861 34.2604
1111468 3.083 17.7271 2.05417 11.1429 17.4469 -3.35795 34.0072
1111484 3.083 17.7271 2.05417 11.1429 17.4469 -3.35795 34.0072
1111488 3.06367 17.6697 2.06429 10.988 17.411 -3.41018 33.7857
1111498 3.04434 17.5357 2.03393 10.9784 17.4413 -3.37924 33.5924
1111511 3.04434 17.5357 2.03393 10.9784 17.4413 -3.37924 33.5924
1111518 3.09267 17.4209 2.125 11.0849 17.264 -3.24867 33.7235
1111544 3.12166 17.1818 2.19583 11.385 17.1534 -2.976 33.8842
1111549 3.04434 17.0574 2.3375 11.5689 17.0874 -2.73258 34.0081
1111566 3.04434 17.0574 2.3375 11.5689 17.0874 -2.73258 34.0081
1111570 3.09267 16.9423 2.43869 11.7141 16.9103 -2.5808 34.1878
1111580 3.81751 16.9519 2.7119 11.9271 15.7799 -2.59701 35.4084
1111594 3.81751 16.9519 2.7119 11.9271 15.7799 -2.59701 35.4084
1111599 4.22342 16.8076 2.99524 12.0142 14.9853 -2.50615 36.0405
1111609 4.22342 16.8076 2.99524 12.0142 14.9853 -2.50615 36.0405
1111629 4.72598 16.3554 3.31905 11.9271 13.9271 -2.40942 36.3275
1111630 5.37351 15.9321 3.65298 11.5108 12.6246 -2.52614 36.4694
1111648 5.37351 15.9321 3.65298 11.5108 12.6246 -2.52614 36.4694
1111660 6.166 15.2779 3.80476 10.7557 11.1534 -2.86775 36.0043
1111674 6.81353 14.5756 4.01726 10.0683 9.73448 -3.08818 35.4747
1111676 6.81353 14.5756 4.01726 10.0683 9.73448 -3.08818 35.4747
1111682 7.32575 13.8347 4.8369 9.64237 7.93668 -2.81198 35.6398
1111692 7.32575 13.8347 4.8369 9.64237 7.93668 -2.81198 35.6398
1111702 7.81865 12.94 6.38512 9.58428 5.66361 -1.95597 36.7281
1111712 8.12791 11.9394 7.8119 9.28417 3.55443 -1.19928 37.1634
1111728 8.12791 11.9394 7.8119 9.28417 3.55443 -1.19928 37.1634
1111733 8.22456 10.9293 8.47976 8.43223 1.84189 -0.932388 36.0658
1111743 8.39852 10.1981 8.86429 7.34795 0.20341 -1.02748 34.8088
1111769 8.56282 9.64007 9.41071 6.65091 -1.22762 -0.93738 34.2645
1111783 8.56282 9.64007 9.41071 6.65091 -1.22762 -0.93738 34.2645
1111784 8.76578 9.19751 10.2 6.33144 -2.49084 -0.622639 34.4947
1111811 8.91074 8.80306 11.1714 6.37984 -3.47318 -0.0691321 35.2651
1111813 8.91074 8.80306 11.1714 6.37984 -3.47318 -0.0691321 35.2651
1111819 8.98806 8.37012 12.1732 6.60251 -4.28175 0.588452 36.1339
1111839 9.03638 7.77363 13.1345 6.80581 -5.16422 1.27767 36.7503
1111847 9.20068 7.08093 13.7315 6.84453 -6.10915 1.74772 36.8577
1111867 9.26833 6.42671 14.0857 6.58314 -7.11158 2.05168 36.3639
1111869 9.26833 6.42671 14.0857 6.58314 -7.11158 2.05168 36.3639
1111876 9.59693 5.59932 14.3589 6.3992 -8.31424 2.32039 35.9544
1111896 9.59693 5.59932 14.3589 6.3992 -8.31424 2.32039 35.9544
1111898 9.9062 4.81041 14.6524 6.18622 -9.53584 2.58274 35.5552
1111906 10.0608 3.88681 15.0976 5.98292 -10.9117 3.05449 35.0282
1111924 10.0608 3.88681 15.0976 5.98292 -10.9117 3.05449 35.0282
1111927 10.2155 3.19411 15.3911 5.85706 -11.942 3.39256 34.6577
1111937 10.3604 2.68421 15.8262 5.92483 -12.6291 3.75322 34.7957
1111953 10.3604 2.68421 15.8262 5.92483 -12.6291 3.75322 34.7957
1111957 10.718 2.45331 16.3018 6.06036 -13.0202 3.87979 35.5335
1111967 10.718 2.45331 16.3018 6.06036 -13.0202 3.87979 35.5335
1111981 10.7953 2.34748 16.4536 6.00228 -13.2724 3.92417 35.5987
1111995 10.921 2.3571 16.4131 6.02164 -13.2693 3.84596 35.7128
1112010 10.921 2.3571 16.4131 6.02164 -13.2693 3.84596 35.7128
1112013 10.9983 2.3571 16.2613 5.91515 -13.3594 3.72386 35.5319
1112024 10.9596 2.27051 16.0286 5.76025 -13.5337 3.66601 35.019
1112039 10.9596 2.27051 16.0286 5.76025 -13.5337 3.66601 35.019
1112040 10.9983 2.28976 15.7351 5.51822 -13.6976 3.45902 34.5414
1112049 10.9983 2.28976 15.7351 5.51822 -13.6976 3.45902 34.5414
1112068 11.0466 2.26089 15.3304 5.29556 -13.8658 3.23504 33.9334
1112071 11.037 2.28976 15.0167 5.16002 -13.8821 3.06684 33.5034
1112079 11.037 2.28976 15.0167 5.16002 -13.8821 3.06684 33.5034
1112096 11.0273 2.36672 14.8244 5.06321 -13.8378 2.92666 33.2816
1112099 11.1529 2.26089 14.6524 4.92768 -14.1062 2.80336 32.9939
1112124 11.1529 2.26089 14.6524 4.92768 -14.1062 2.80336 32.9939
1112126 11.3559 2.36672 14.6929 4.95672 -14.0276 2.66403 33.3722
1112130 11.3559 2.36672 14.6929 4.95672 -14.0276 2.66403 33.3722
1112140 11.5685 2.38596 14.7435 4.9664 -14.0799 2.56446 33.6643
1112155 11.6652 2.34748 14.8851 5.05353 -14.1005 2.61817 33.9513
1112160 11.6652 2.34748 14.8851 5.05353 -14.1005 2.61817 33.9513
1112170 11.8294 2.37634 14.9054 4.92768 -14.271 2.47978 34.0388
1112184 11.8101 2.40521 14.875 4.93736 -14.2109 2.46727 34.0277
1112196 11.8101 2.40521 14.875 4.93736 -14.2109 2.46727 34.0277
1112212 11.7618 2.3571 14.8851 4.90831 -14.2879 2.50994 33.9123
1112215 11.7618 2.3571 14.8851 4.90831 -14.2879 2.50994 33.9123
1112222 11.6362 2.32824 14.8244 4.90831 -14.2624 2.56772 33.6971
1112241 11.4139 2.47255 14.9661 5.29556 -13.6258 2.8004 34.1481
1112253 11.4912 3.04018 14.7839 5.24715 -13.0111 2.38686 34.5625
1112270 11.4912 3.88681 14.531 5.41173 -11.837 1.93853 35.3207
1112273 11.4912 3.88681 14.531 5.41173 -11.837 1.93853 35.3207
1112283 11.3655 4.85852 13.9137 5.53759 -10.4296 1.35691 35.6753
1112299 11.3655 4.85852 13.9137 5.53759 -10.4296 1.35691 35.6753
1112303 11.2206 6.02264 13.3673 6.54442 -8.08829 1.0773 37.1549
1112313 10.6504 7.33107 13.0536 9.02278 -4.58718 1.53338 40.0578
1112329 10.6504 7.33107 13.0536 9.02278 -4.58718 1.53338 40.0578
1112342 9.83854 8.52405 11.8393 10.3685 -1.71636 1.42166 40.5703
1112360 8.93007 9.36106 9.63333 9.50683 0.203365 0.340235 37.4313
1112362 8.93007 9.36106 9.63333 9.50683 0.203365 0.340235 37.4313
1112369 8.00227 10.0922 7.35655 8.47096 2.36158 -1.00245 33.922
1112392 8.00227 10.0922 7.35655 8.47096 2.36158 -1.00245 33.922
1112394 7.14213 10.9004 5.64643 8.25797 4.98469 -1.94297 31.9469
1112397 6.42695 11.9683 4.49286 8.77107 7.75413 -2.4312 31.6592
1112405 6.42695 11.9683 4.49286 8.77107 7.75413 -2.4312 31.6592
1112424 5.96305 13.1228 3.68333 9.5746 10.0877 -2.7028 32.3438
1112427 5.62479 14.3735 3.4 10.6202 11.7355 -2.63598 34.0185
1112435 5.62479 14.3735 3.4 10.6202 11.7355 -2.63598 34.0185
1112455 5.31552 15.3933 3.35952 11.6367 12.8518 -2.39993 35.705
1112458 4.97726 16.1822 3.47083 12.4112 13.5964 -2.13713 37.0415
1112467 4.97726 16.1822 3.47083 12.4112 13.5964 -2.13713 37.0415
1112487 4.61001 16.8749 3.33929 12.7694 14.4273 -2.14516 37.5936
1112487 4.61001 16.8749 3.33929 12.7694 14.4273 -2.14516 37.5936
1112497 4.23309 17.4783 3.27857 13.0404 15.1241 -2.12688 38.0304
1112518 3.89483 17.7845 3.10655 13.0695 15.7525 -2.18065 37.8553
1112522 3.89483 17.7845 3.10655 13.0695 15.7525 -2.18065 37.8553
1112528 3.68221 18.0619 2.95476 12.9727 16.191 -2.31608 37.6715
1112549 3.42126 18.1384 2.78274 12.7694 16.6415 -2.42817 37.1118
1112565 3.3826 18.0906 2.66131 12.5467 16.7616 -2.56202 36.6812
1112577 3.3826 18.0906 2.66131 12.5467 16.7616 -2.56202 36.6812
1112579 3.21831 17.9567 2.47917 12.2563 17.0671 -2.68984 35.9104
1112588 3.02501 17.6697 2.42857 12.082 17.2546 -2.63488 35.2053
1112605 3.02501 17.6697 2.42857 12.082 17.2546 -2.63488 35.2053
1112609 2.87038 17.3827 2.36786 11.9562 17.4253 -2.5721 34.5771
1112619 2.72541 17.0765 2.36786 12.0433 17.5565 -2.36349 34.2131
1112636 2.72541 17.0765 2.36786 12.0433 17.5565 -2.36349 34.2131
1112639 2.62877 16.7595 2.27679 12.0046 17.7152 -2.27516 33.6696
1112649 2.62877 16.7595 2.27679 12.0046 17.7152 -2.27516 33.6696
1112670 2.50313 16.4997 2.25655 11.9174 17.8268 -2.18324 33.1768
1112671 2.38715 16.3362 2.1756 11.869 18.0378 -2.14174 32.7679
1112681 2.38715 16.3362 2.1756 11.869 18.0378 -2.14174 32.7679
1112698 2.36782 16.1437 2.1756 11.8013 18.0076 -2.09369 32.4884
1112700 2.25185 16.0091 2.18571 11.9077 18.1422 -1.93209 32.3544
1112710 2.25185 16.0091 2.18571 11.9077 18.1422 -1.93209 32.3544
1112729 2.27118 15.9706 2.27679 12.2079 18.0515 -1.72205 32.7264
1112732 2.27118 15.9706 2.27679 12.2079 18.0515 -1.72205 32.7264
1112742 2.27118 15.8936 2.47917 12.508 17.8355 -1.43776 33.1519
1112759 2.24218 15.8647 2.62083 12.8759 17.7641 -1.16516 33.6036
1112762 2.24218 15.8647 2.62083 12.8759 17.7641 -1.16516 33.6036
1112772 2.26151 15.7974 2.79286 13.1566 17.5689 -0.930408 34.0084
1112787 2.32916 15.6531 2.975 13.4664 17.2958 -0.67142 34.4236
1112821 2.29051 15.4895 3.11667 13.6794 17.1808 -0.426879 34.5761
1112823 2.29051 15.4895 3.11667 13.6794 17.1808 -0.426879 34.5761
1112827 2.28084 15.326 3.15714 13.8536 17.1456 -0.258262 34.6176
1112833 2.17453 15.0855 3.27857 14.0569 17.1188 0.0327498 34.5955
1112851 2.17453 15.0855 3.27857 14.0569 17.1188 0.0327498 34.5955
1112854 2.12621 14.8065 3.35952 14.1828 17.0439 0.265265 34.475
1112863 2.19386 14.4601 3.49107 14.3571 16.7615 0.519174 34.5021
1112882 2.19386 14.4601 3.49107 14.3571 16.7615 0.519174 34.5021
1112883 2.00057 14.0753 3.54167 14.57 16.8944 0.893254 34.1875
1112893 2.00057 14.0753 3.54167 14.57 16.8944 0.893254 34.1875
1112913 2.46447 13.9887 3.85536 14.783 15.9952 0.934086 35.0915
1112915 2.66742 13.8347 4.0881 14.7927 15.4537 1.00838 35.383
1112928 2.66742 13.8347 4.0881 14.7927 15.4537 1.00838 35.383
1112946 3.50824 13.8059 4.29048 14.4636 14.1889 0.598826 36.0682
1112949 4.32007 13.6423 4.49286 14.1538 12.9634 0.280346 36.609
1112954 4.32007 13.6423 4.49286 14.1538 12.9634 0.280346 36.609
1112977 5.15122 13.3729 4.80655 13.6794 11.5472 -0.015496 37.0101
1112980 5.15122 13.3729 4.80655 13.6794 11.5472 -0.015496 37.0101
1112985 5.81808 12.9977 5.525 13.3502 9.95255 0.0236446 37.691
1113007 6.47527 12.6802 6.43571 12.8178 8.19276 0.0382572 38.409
1113008 6.47527 12.6802 6.43571 12.8178 8.19276 0.0382572 38.409
1113016 6.98749 12.2666 6.88095 11.6173 6.63232 -0.300293 37.7523
1113039 7.40307 11.622 6.92143 9.86503 5.00014 -0.937647 35.8115
1113040 7.40307 11.622 6.92143 9.86503 5.00014 -0.937647 35.8115
1113045 7.89596 10.9774 6.89107 8.04499 3.13176 -1.74682 33.8094
1113071 7.89596 10.9774 6.89107 8.04499 3.13176 -1.74682 33.8094
1113072 8.61114 10.3231 7.21488 6.59282 0.832227 -2.34863 32.742
1113077 9.40364 9.70741 7.97381 5.71184 -1.49267 -2.48138 32.7967
1113106 9.40364 9.70741 7.97381 5.71184 -1.49267 -2.48138 32.7967
1113106 10.4667 9.25523 8.98571 5.39237 -3.52261 -2.35068 34.1001
1113108 11.3366 9.01471 10.2405 5.53759 -4.86082 -1.89868 36.1293
1113117 11.3366 9.01471 10.2405 5.53759 -4.86082 -1.89868 36.1293
1113140 12.1001 8.61064 11.3637 5.76993 -6.00036 -1.41781 37.8443
1113145 12.1001 8.61064 11.3637 5.76993 -6.00036 -1.41781 37.8443
1113154 12.5156 7.91794 12.153 5.77961 -7.14892 -0.97781 38.3662
1113171 12.9409 7.206 12.5679 5.57631 -8.30901 -0.784533 38.291
1113178 13.1148 6.36899 12.7905 5.43109 -9.35226 -0.502151 37.7054
1113188 13.2115 5.53198 12.831 5.23747 -10.3723 -0.275062 36.8119
1113206 13.2115 5.53198 12.831 5.23747 -10.3723 -0.275062 36.8119
1113209 13.2018 4.78155 12.7601 4.95672 -11.361 -0.111987 35.7002
1113219 13.2018 4.78155 12.7601 4.95672 -11.361 -0.111987 35.7002
1113239 13.2115 4.1562 12.5577 4.78246 -12.123 -0.0118768 34.7079
1113241 13.3468 3.86757 12.2744 4.52107 -12.6673 -0.184749 34.0098
1113254 13.3468 3.86757 12.2744 4.52107 -12.6673 -0.184749 34.0098
1113274 13.6174 3.80023 11.8494 4.33713 -12.8923 -0.549526 33.6042
1113276 13.917 3.85795 11.5458 4.21128 -12.9679 -0.902647 33.5321
1113281 13.917 3.85795 11.5458 4.21128 -12.9679 -0.902647 33.5321
1113306 14.2166 3.94454 11.1208 3.95957 -13.1111 -1.39016 33.2415
1113308 14.5065 4.11771 10.878 3.79499 -13.1181 -1.78001 33.2972
1113312 14.5065 4.11771 10.878 3.79499 -13.1181 -1.78001 33.2972
1113322 14.9028 4.25241 10.6655 3.64009 -13.2063 -2.17402 33.4608
1113342 14.9028 4.25241 10.6655 3.64009 -13.2063 -2.17402 33.4608
1113343 15.2217 4.40634 10.4125 3.52392 -13.1865 -2.5436 33.5645
1113352 15.4537 4.4833 10.2607 3.45615 -13.2042 -2.77239 33.6538
1113376 15.4537 4.4833 10.2607 3.45615 -13.2042 -2.77239 33.6538
1113377 15.6276 4.56027 9.9875 3.26253 -13.3025 -3.11228 33.4379
1113383 15.7919 4.53141 9.90655 3.16572 -13.4758 -3.2569 33.3956
1113393 15.7919 4.53141 9.90655 3.16572 -13.4758 -3.2569 33.3956
1113410 15.9369 4.618 9.69405 3.1754 -13.3417 -3.44903 33.4243
1113414 15.9369 4.618 9.69405 3.1754 -13.3417 -3.44903 33.4243
1113424 15.9466 4.618 9.7244 3.05923 -13.4893 -3.49986 33.3482
1113443 16.1109 4.62762 10.0381 3.1754 -13.5087 -3.32454 33.952
1113444 16.1109 4.62762 10.0381 3.1754 -13.5087 -3.32454 33.952
1113478 16.2752 4.63724 10.3012 3.30125 -13.4999 -3.17687 34.5148
1113479 16.3621 4.67572 10.5238 3.33998 -13.5167 -3.08327 34.9016
1113481 16.3621 4.67572 10.5238 3.33998 -13.5167 -3.08327 34.9016
1113485 16.4491 4.59875 10.5238 3.38838 -13.5768 -3.06164 34.9601
1113509 16.4491 4.59875 10.5238 3.38838 -13.5768 -3.06164 34.9601
1113511 16.3718 4.57951 10.6048 3.32062 -13.6742 -3.02176 34.8767
1113516 16.3041 4.62762 10.5744 3.50456 -13.3862 -2.93602 35.0107
1113525 16.3041 4.62762 10.5744 3.50456 -13.3862 -2.93602 35.0107
1113542 16.4008 5.09904 10.4125 3.47551 -12.8849 -3.22645 35.3878
1113551 16.3718 5.81098 9.9875 3.43679 -12.0141 -3.68964 35.6071
1113557 16.3718 5.81098 9.9875 3.43679 -12.0141 -3.68964 35.6071
1113578 16.2268 7.04244 9.24881 3.25285 -10.6094 -4.51524 35.7709
1113579 16.2268 7.04244 9.24881 3.25285 -10.6094 -4.51524 35.7709
1113587 15.9466 8.25467 8.54048 3.29157 -8.97836 -5.14907 36.0333
1113612 15.2217 9.07244 7.75119 3.82403 -7.02301 -5.31885 35.8694
1113612 15.2217 9.07244 7.75119 3.82403 -7.02301 -5.31885 35.8694
1113625 14.2553 10.1115 7.225 5.24715 -4.15432 -4.84322 36.8389
1113645 13.0665 11.2275 6.40536 6.3992 -1.24342 -4.64551 37.0986
1113646 13.0665 11.2275 6.40536 6.3992 -1.24342 -4.64551 37.0986
1113650 11.5202 12.026 5.22143 6.50569 1.26874 -5.02607 35.2733
1113659 11.5202 12.026 4.0881 6.50569 2.14078 -5.69087 34.14
1113680 9.9062 12.7091 4.0881 6.65091 4.02177 -5.34097 33.3543
1113681 8.67879 13.6038 3.5619 7.34795 6.56104 -5.13947 33.1925
1113716 7.52871 14.614 3.43036 8.24829 8.79862 -4.64089 33.8214
1113717 6.80387 15.7782 3.41012 9.09055 10.443 -4.3104 35.0827
1113720 6.80387 15.7782 3.41012 9.09055 10.443 -4.3104 35.0827
1113729 6.25298 16.7499 3.41012 9.84567 11.6748 -4.0323 36.2586
1113748 5.91472 17.5166 3.42024 10.3297 12.4467 -3.90574 37.1813
1113760 5.68277 18.0906 3.42024 10.4943 12.9232 -3.92387 37.6879
1113783 5.68277 18.0906 3.42024 10.4943 12.9232 -3.92387 37.6879
1113785 5.60546 18.6072 3.31905 10.3588 13.2233 -4.17051 37.8905
1113790 5.54747 18.8272 3.1875 10.0006 13.3728 -4.46718 37.5628
1113800 5.54747 18.8272 3.1875 10.0006 13.3728 -4.46718 37.5628
1113819 5.60546 18.8942 2.975 9.45843 13.3838 -4.90058 36.9331
1113829 5.58613 18.7316 2.73214 8.93565 13.4422 -5.27292 35.9855
1113852 5.58613 18.7316 2.73214 8.93565 13.4422 -5.27292 35.9855
1113854 5.49915 18.6072 2.40833 8.23861 13.6234 -5.80926 34.7533
1113857 5.49915 18.6072 2.40833 8.23861 13.6234 -5.80926 34.7533
1113866 5.51848 18.6359 2.13512 7.6287 13.7176 -6.36409 33.9182
1113885 5.51848 18.5307 1.99345 7.26082 13.722 -6.66367 33.3034
1113886 5.51848 18.5307 1.99345 7.26082 13.722 -6.66367 33.3034
1113893 5.58613 18.6359 1.8619 7.04784 13.76 -6.93245 33.1318
1113919 5.71177 18.722 1.94286 7.12528 13.5758 -6.87974 33.5019
1113929 5.87607 18.9707 2.0744 7.24146 13.3638 -6.81926 34.1627
1113933 5.87607 18.9707 2.0744 7.24146 13.3638 -6.81926 34.1627
1113951 5.92439 19.0951 2.15536 7.33827 13.2947 -6.74781 34.5131
1113954 6.08869 19.296 2.14524 7.34795 13.1961 -6.83449 34.8779
1113964 6.08869 19.296 2.14524 7.34795 13.1961 -6.83449 34.8779
1113987 6.195 19.4204 2.10476 7.28018 13.1433 -6.95583 35.0003
1113988 6.20466 19.4586 2.18571 7.34795 13.0808 -6.87402 35.197
1113994 6.20466 19.4586 2.18571 7.34795 13.0808 -6.87402 35.197
1114023 6.25298 19.5065 2.20595 7.41572 13.046 -6.84169 35.3811
1114026 6.25298 19.5065 2.20595 7.41572 13.046 -6.84169 35.3811
1114028 6.15634 19.3534 2.25655 7.55125 13.0897 -6.6689 35.3175
1114035 6.14667 19.1142 2.37798 7.61902 12.911 -6.49382 35.2579
1114060 6.14667 19.1142 2.37798 7.61902 12.911 -6.49382 35.2579
1114062 6.09835 18.9038 2.36786 7.68679 12.925 -6.39569 35.0568
1114067 5.84707 18.502 2.50952 7.95786 12.9991 -5.98065 34.8164
1114077 5.84707 18.502 2.50952 7.95786 12.9991 -5.98065 34.8164
1114096 5.7311 18.0619 2.65119 8.16116 12.8887 -5.62658 34.6054
1114097 5.7311 18.0619 2.65119 8.16116 12.8887 -5.62658 34.6054
1114107 5.59579 17.6792 2.8131 8.50968 12.8477 -5.18194 34.5978
1114130 5.48948 17.3157 3.04583 8.96469 12.7421 -4.65077 34.8157
1114143 5.36384 16.8172 3.25833 9.23576 12.5672 -4.19044 34.6751
1114164 5.11256 16.1245 3.49107 9.73918 12.5191 -3.48453 34.4673
1114165 5.11256 16.1245 3.49107 9.73918 12.5191 -3.48453 34.4673
1114168 4.88061 15.6146 3.78452 10.2813 12.464 -2.79044 34.5611
1114202 4.57135 14.7199 4.02738 10.6008 12.3248 -2.06211 33.9194
1114202 4.57135 14.7199 4.02738 10.6008 12.3248 -2.06211 33.9194
1114203 4.15577 13.7674 4.09821 10.8719 12.4534 -1.34667 32.8933
1114217 4.15577 13.7674 4.09821 10.8719 12.4534 -1.34667 32.8933
1114240 4.24275 12.6899 4.44226 11.1623 11.6537 -0.612249 32.5372
1114241 4.81296 11.9683 4.84702 11.2397 10.3049 -0.316948 32.868
1114243 4.81296 11.9683 4.84702 11.2397 10.3049 -0.316948 32.868
1114249 5.51848 11.2275 5.25179 11.2494 8.80275 -0.110428 33.2472
1114276 6.25298 10.5829 5.72738 11.0655 7.18732 -0.0191912 33.6288
1114278 6.25298 10.5829 5.72738 11.0655 7.18732 -0.0191912 33.6288
1114282 7.29676 9.93831 6.3244 10.6202 5.07415 -0.127492 34.1796
