1151842 3.88516 17.1913 2.47917 10.8622 15.7543 -3.37113 34.4178
1151854 4.55202 17.1244 3.54167 11.1817 13.8822 -2.86529 36.3997
1151862 5.63445 17.0287 5.43393 11.5592 11.0446 -2.14468 39.6563
1151875 5.63445 17.0287 5.43393 11.5592 11.0446 -2.14468 39.6563
1151887 6.76521 16.5671 6.45595 11.0558 8.81507 -2.13759 40.844
1151896 6.76521 16.5671 6.45595 11.0558 8.81507 -2.13759 40.844
1151904 7.05514 15.5761 6.24345 9.8844 7.84456 -2.51686 38.7591
1151913 7.17112 14.6333 5.99048 8.8582 7.04571 -2.84658 36.6531
1151923 7.17112 14.6333 5.99048 8.8582 7.04571 -2.84658 36.6531
1151933 7.43206 13.6904 6.1119 8.13212 5.85199 -2.91737 35.3665
1151948 7.77032 12.738 6.61786 7.40604 4.167 -2.81668 34.5322
1151954 7.77032 12.738 6.61786 7.40604 4.167 -2.81668 34.5322
1151968 8.27288 11.8144 7.34643 6.88326 2.24257 -2.56036 34.3169
1151974 8.80443 10.6984 8.32798 6.37984 -0.0396147 -2.10241 34.2106
1151989 8.80443 10.6984 8.32798 6.37984 -0.0396147 -2.10241 34.2106
1151995 9.47129 9.82286 9.41071 6.09909 -2.12623 -1.631 34.804
1152026 10.0512 8.85116 10.6756 6.08941 -4.05567 -0.898857 35.6673
1152033 10.5247 7.92756 11.819 6.21526 -5.61915 -0.171836 36.4866
1152043 10.5247 7.92756 11.819 6.21526 -5.61915 -0.171836 36.4866
1152052 10.8437 6.91737 12.6792 6.14749 -7.14582 0.436878 36.5877
1152060 11.1046 5.92643 13.3065 6.00228 -8.5873 0.940204 36.3399
1152069 11.1046 5.92643 13.3065 6.00228 -8.5873 0.940204 36.3399
1152078 11.2109 4.93548 13.9036 6.03132 -9.80265 1.57498 36.0813
1152090 11.2109 4.93548 13.9036 6.03132 -9.80265 1.57498 36.0813
1152104 11.3752 4.22354 14.3589 5.9926 -10.7913 1.98306 35.9503
1152113 11.5685 3.61743 14.7637 5.93451 -11.6906 2.30419 35.8841
1152122 11.5685 3.61743 14.7637 5.93451 -11.6906 2.30419 35.8841
1152130 11.7811 3.25184 14.9054 5.93451 -12.196 2.42812 35.8728
1152140 11.9937 3.06904 14.875 5.84738 -12.5417 2.37232 35.7852
1152149 11.9937 3.06904 14.875 5.84738 -12.5417 2.37232 35.7852
1152159 12.0517 3.05942 14.8143 5.71184 -12.6937 2.2792 35.6373
1152168 12.0517 3.05942 14.8143 5.71184 -12.6937 2.2792 35.6373
1152178 12.1097 3.06904 14.5917 5.6344 -12.7087 2.13839 35.4048
1152196 12.1194 3.06904 14.2375 5.49886 -12.7338 1.95331 34.9248
1152199 12.1194 3.06904 14.2375 5.49886 -12.7338 1.95331 34.9248
1152209 12.0904 3.0498 13.9238 5.20843 -12.9521 1.7472 34.2724
1152219 12.0324 3.04018 13.6708 5.16002 -12.9065 1.66278 33.9034
1152229 12.0324 3.04018 13.6708 5.16002 -12.9065 1.66278 33.9034
1152244 12.0227 3.05942 13.3875 5.03417 -12.9214 1.49513 33.5038
1152250 11.9454 3.05942 13.2458 5.03417 -12.8419 1.47597 33.2848
1152260 11.9454 3.01132 13.2458 5.01481 -12.9188 1.49194 33.2174
1152270 11.9261 2.95359 13.2762 5.02449 -12.9777 1.54654 33.1804
1152285 11.9261 2.95359 13.2762 5.02449 -12.9777 1.54654 33.1804
1152292 11.8391 2.90549 13.2964 4.97608 -13.0644 1.60276 33.0171
1152300 11.7715 3.02094 13.4077 5.05353 -12.8593 1.65495 33.2537
1152313 11.7715 3.02094 13.4077 5.05353 -12.8593 1.65495 33.2537
1152322 11.7425 2.95359 13.5494 5.1213 -12.8998 1.7868 33.3668
1152332 11.7135 2.95359 13.6506 5.1213 -12.9259 1.84134 33.439
1152342 11.7135 2.95359 13.6506 5.22779 -12.8055 1.88311 33.5455
1152351 11.7715 2.98246 13.853 5.26651 -12.8238 1.93319 33.8734
1152366 11.7715 2.98246 13.853 5.26651 -12.8238 1.93319 33.8734
1152374 11.7521 2.93435 13.9137 5.3246 -12.8275 2.0126 33.9248
1152384 11.6845 2.96321 13.9339 5.3246 -12.7783 2.03982 33.9062
1152393 11.6845 2.96321 13.9339 5.3246 -12.7783 2.03982 33.9062
1152411 11.6845 2.89587 13.9744 5.31492 -12.8788 2.08548 33.8697
1152420 11.8005 3.5116 14.0149 5.6344 -11.9198 1.86086 34.9613
1152429 11.8005 3.5116 14.0149 5.6344 -11.9198 1.86086 34.9613
1152438 12.0421 4.62762 14.0554 6.52506 -10.03 1.57479 37.2501
1152448 12.0421 4.62762 14.0554 6.52506 -10.03 1.57479 37.2501
1152457 12.4093 6.02264 14.4601 9.10991 -6.98592 1.83494 42.002
1152467 12.1387 6.65761 13.519 10.2523 -5.13763 1.75309 42.5676
1152474 12.1387 6.65761 13.519 10.2523 -5.13763 1.75309 42.5676
1152484 11.6748 7.55235 11.3131 8.8582 -4.17362 0.359454 39.3985
1152494 11.1529 8.22581 8.78333 6.94134 -3.39647 -1.56141 35.1034
1152509 11.1529 8.22581 8.78333 6.94134 -3.39647 -1.56141 35.1034
1152515 10.747 9.21675 6.92143 6.03132 -1.83827 -3.19491 32.9165
1152525 10.747 9.21675 6.92143 6.03132 -1.83827 -3.19491 32.9165
1152535 10.3508 10.1307 5.6869 6.28303 0.289732 -3.93429 32.4514
1152545 9.94485 11.3526 4.97857 7.38667 2.83387 -3.98016 33.6627
1152573 9.42297 12.6802 4.5131 8.63554 5.23357 -3.81026 35.2519
1152575 8.80443 13.7001 4.25 9.66173 7.07607 -3.5394 36.4162
1152596 8.80443 13.7001 4.25 9.66173 7.07607 -3.5394 36.4162
1152597 7.94429 14.4216 3.99702 10.533 8.81759 -3.18565 36.896
1152606 7.94429 14.4216 3.99702 10.533 8.81759 -3.18565 36.896
1152616 6.96816 14.9219 3.83512 11.2107 10.3756 -2.77951 36.9359
1152629 5.91472 15.2298 3.59226 11.8013 11.9903 -2.36096 36.538
1152638 5.91472 15.2298 3.59226 11.8013 11.9903 -2.36096 36.538
1152648 4.95793 15.5761 3.4 12.1982 13.4342 -2.04909 36.1322
1152659 4.10745 15.7301 3.26845 12.6822 14.6951 -1.62909 35.7882
1152668 4.10745 15.7301 3.26845 12.6822 14.6951 -1.62909 35.7882
1152681 3.44059 15.9513 3.11667 12.8274 15.7216 -1.46358 35.336
1152693 3.44059 15.9513 3.11667 12.8274 15.7216 -1.46358 35.336
1152699 2.7834 15.961 2.89405 12.9727 16.7982 -1.24713 34.6111
1152709 2.41615 16.1341 2.78274 12.963 17.4206 -1.22662 34.296
1152720 2.41615 16.1341 2.78274 12.963 17.4206 -1.22662 34.296
1152729 2.32916 16.2977 2.7119 12.8274 17.6227 -1.3555 34.1662
1152744 2.22285 16.4324 2.58036 12.721 17.9274 -1.48156 33.9565
1152752 2.22285 16.4324 2.58036 12.721 17.9274 -1.48156 33.9565
1152759 2.24218 16.4709 2.51964 12.6726 17.9777 -1.55766 33.9052
1152778 2.24218 16.4709 2.51964 12.6726 17.9777 -1.55766 33.9052
1152787 2.10688 16.6055 2.50952 12.721 18.1998 -1.53874 33.9429
1152795 2.06822 16.7114 2.34762 12.5564 18.4451 -1.72588 33.6836
1152819 2.07789 16.9134 2.23631 12.4499 18.5948 -1.9175 33.6775
1152823 2.10688 17.1244 2.0744 12.295 18.778 -2.17043 33.6006
1152833 2.10688 17.1244 2.0744 12.295 18.778 -2.17043 33.6006
1152842 2.08755 17.3061 2.125 12.1885 18.7513 -2.26073 33.7072
1152852 2.12621 17.4879 2.00357 12.295 18.9112 -2.35113 33.9127
1152864 2.12621 17.4879 2.00357 12.295 18.9112 -2.35113 33.9127
1152877 2.16487 17.6123 2.10476 12.3918 18.7713 -2.31106 34.2737
1152885 2.16487 17.6123 2.10476 12.3918 18.7713 -2.31106 34.2737
1152893 2.10688 17.6505 2.10476 12.4015 18.8541 -2.29887 34.2637
1152907 2.16487 17.5549 2.1756 12.4499 18.6811 -2.22487 34.3452
1152913 2.16487 17.5549 2.1756 12.4499 18.6811 -2.22487 34.3452
1152931 2.1842 17.6314 2.14524 12.3434 18.6896 -2.32929 34.3042
1152934 2.1842 17.5357 2.21607 12.324 18.5781 -2.26787 34.26
1152944 2.1842 17.5357 2.21607 12.324 18.5781 -2.26787 34.26
1152954 2.16487 17.4975 2.25655 12.295 18.5386 -2.24067 34.2139
1152980 2.16487 17.354 2.19583 12.295 18.589 -2.21761 34.0097
1152984 2.24218 17.3827 2.25655 12.2659 18.4128 -2.24133 34.1473
1152996 2.24218 17.3827 2.25655 12.2659 18.4128 -2.24133 34.1473
1153009 2.23252 17.2392 2.20595 12.0917 18.4283 -2.29826 33.7693
1153018 2.75441 17.1531 2.59048 12.0723 17.2695 -2.27566 34.5703
1153042 3.13132 16.8364 2.6006 11.7528 16.6496 -2.45373 34.3212
1153045 3.13132 16.8364 2.6006 11.7528 16.6496 -2.45373 34.3212
1153055 4.40705 16.6152 2.8131 11.1913 14.6934 -3.00533 35.0267
1153070 5.7021 16.1919 3.03571 10.6008 12.7038 -3.48607 35.5305
1153077 5.7021 16.1919 3.03571 10.6008 12.7038 -3.48607 35.5305
1153088 6.80387 15.3741 3.30893 9.83599 10.6852 -3.83591 35.3229
1153097 7.68334 14.3543 3.53155 8.87756 8.7214 -4.19278 34.4467
1153112 7.68334 14.3543 3.53155 8.87756 8.7214 -4.19278 34.4467
1153118 8.5145 13.1324 3.50119 7.52221 6.6107 -4.8776 32.6703
1153137 9.10404 12.2281 3.70357 6.29271 4.5591 -5.42758 31.3284
1153157 9.92553 11.8625 4.86726 5.55695 2.03854 -5.29169 32.2122
1153165 9.92553 11.8625 4.86726 5.55695 2.03854 -5.29169 32.2122
1153174 11.0466 11.9202 7.78155 6.00228 -0.616102 -3.7481 36.7506
1153184 12.0034 11.9106 10.6655 6.5541 -2.55521 -2.44122 41.1336
1153193 12.0034 11.9106 10.6655 6.5541 -2.55521 -2.44122 41.1336
1153199 12.0904 11.3237 11.8089 6.38952 -3.71648 -1.88008 41.6126
1153208 12.0904 11.3237 11.8089 6.38952 -3.71648 -1.88008 41.6126
1153229 11.9164 10.3713 12.4161 6.16686 -4.76773 -1.35969 40.8706
1153232 11.8005 9.40917 12.7804 5.91515 -5.79907 -0.945037 39.9051
1153239 11.8005 9.40917 12.7804 5.91515 -5.79907 -0.945037 39.9051
1153255 11.5395 8.45671 12.922 5.62472 -6.73282 -0.564101 38.543
1153259 11.2786 7.485 13.0232 5.38269 -7.69051 -0.144339 37.1695
1153269 11.2786 7.485 13.0232 5.38269 -7.69051 -0.144339 37.1695
1153284 11.0563 6.63837 13.0435 5.20843 -8.52164 0.232524 35.9465
1153294 10.7374 5.69553 13.2357 5.06321 -9.51169 0.805907 34.7318
1153303 10.7374 5.69553 13.2357 5.06321 -9.51169 0.805907 34.7318
1153313 10.5924 4.90662 13.6101 5.10194 -10.3723 1.40878 34.2111
1153325 10.5924 4.90662 13.6101 5.10194 -10.3723 1.40878 34.2111
1153332 10.5344 4.17544 13.9137 5.13098 -11.2146 1.92634 33.7545
1153342 10.7277 3.53084 14.025 5.06321 -12.1141 2.17248 33.3467
1153352 10.7277 3.53084 14.025 5.06321 -12.1141 2.17248 33.3467
1153362 10.9596 3.10753 14.2173 5.06321 -12.7492 2.34498 33.3476
1153372 10.9596 3.10753 14.2173 5.06321 -12.7492 2.34498 33.3476
1153382 11.1239 2.72269 14.622 5.26651 -13.1589 2.68648 33.7352
1153393 11.3945 2.60724 15.1077 5.50854 -13.2781 2.86606 34.6181
1153402 11.3945 2.60724 15.1077 5.50854 -13.2781 2.86606 34.6181
1153417 11.4622 2.57838 15.5327 5.65376 -13.3156 3.0428 35.2271
1153427 11.5298 2.55914 15.6238 5.74089 -13.2945 3.07826 35.4537
1153433 11.5298 2.55914 15.6238 5.74089 -13.2945 3.07826 35.4537
1153443 11.5009 2.55914 15.5833 5.72153 -13.2925 3.07291 35.3649
1153453 11.4042 2.52066 15.4518 5.76025 -13.2162 3.1109 35.1369
1153463 11.4042 2.52066 15.4518 5.76025 -13.2162 3.1109 35.1369
1153474 11.1529 2.48217 15.2899 5.70216 -13.1822 3.18693 34.6271
1153488 11.1529 2.48217 15.2899 5.70216 -13.1822 3.18693 34.6271
1153494 10.9693 2.39559 15.0571 5.55695 -13.2979 3.20016 33.979
1153504 10.8533 2.38596 14.8446 5.46982 -13.2937 3.16291 33.5537
1153538 10.7567 2.33786 14.7536 5.40205 -13.3611 3.18543 33.2502
1153539 10.6794 2.32824 14.8548 5.48918 -13.2803 3.29955 33.3515
1153544 10.6794 2.32824 14.8548 5.48918 -13.2803 3.29955 33.3515
1153561 10.6214 2.309 14.9458 5.56663 -13.2252 3.40077 33.4428
1153564 10.6214 2.309 14.9458 5.56663 -13.2252 3.40077 33.4428
1153574 10.5537 2.36672 15.1381 5.66344 -13.0936 3.50562 33.722
1153589 10.5731 2.38596 15.3405 5.81834 -12.9765 3.60506 34.1178
1153595 10.5731 2.38596 15.3405 5.81834 -12.9765 3.60506 34.1178
1153608 10.5827 2.38596 15.5125 5.8861 -12.9652 3.67934 34.3673
1153616 10.5924 2.34748 15.6036 5.91515 -13.0108 3.73442 34.4586
1153635 10.5247 2.33786 15.6744 5.95387 -12.9798 3.81218 34.4909
1153645 10.5247 2.33786 15.6744 5.95387 -12.9798 3.81218 34.4909
1153660 10.4571 2.27051 15.7756 6.02164 -12.991 3.94049 34.5248
1153666 10.3798 2.57838 15.8363 6.31207 -12.3379 3.92672 35.1065
1153680 10.3798 2.57838 15.8363 6.31207 -12.3379 3.92672 35.1065
1153689 10.3894 3.13639 15.6845 6.33144 -11.6807 3.58317 35.5418
1153703 10.2831 4.06961 15.3405 6.48633 -10.4117 3.09875 36.1795
1153710 10.2831 4.06961 15.3405 6.48633 -10.4117 3.09875 36.1795
1153725 10.1575 5.56084 14.6524 6.9123 -8.27235 2.35216 37.283
1153728 10.1575 5.56084 14.6524 6.9123 -8.27235 2.35216 37.283
1153738 9.88687 7.2541 14.3893 9.32289 -4.71148 2.41274 40.8531
1153748 9.29733 8.72609 13.4179 11.1333 -1.67696 2.29986 42.5745
1153763 9.29733 8.72609 13.4179 11.1333 -1.67696 2.29986 42.5745
1153773 8.01194 9.43803 10.6756 10.1555 0.591654 1.32484 38.281
1153782 6.98749 10.1692 7.68036 8.8098 3.20324 -0.297154 33.6469
1153797 6.98749 10.1692 7.68036 8.8098 3.20324 -0.297154 33.6469
1153800 6.28198 11.064 5.23155 8.44191 6.4414 -1.77589 31.0194
1153809 6.28198 11.064 5.23155 8.44191 6.4414 -1.77589 31.0194
1153824 5.75043 12.4109 3.75417 9.26481 9.75864 -2.47383 31.1803
1153830 5.32518 14.0175 3.10655 10.7267 12.2924 -2.49105 33.1759
1153843 5.32518 14.0175 3.10655 10.7267 12.2924 -2.49105 33.1759
1153850 4.92894 15.3164 2.975 12.0917 13.8084 -2.1998 35.312
1153869 4.53269 16.3073 3.05595 13.0792 14.7382 -1.90867 36.9751
1153878 4.53269 16.3073 3.05595 13.0792 14.7382 -1.90867 36.9751
1153892 3.89483 17 2.96488 13.6116 15.8467 -1.72865 37.4713
1153896 3.30529 17.3827 2.88393 13.6503 16.6861 -1.67387 37.2222
1153904 3.30529 17.3827 2.88393 13.6503 16.6861 -1.67387 37.2222
1153916 2.7834 17.5931 2.64107 13.4858 17.5699 -1.74629 36.5034
1153923 2.7834 17.5931 2.64107 13.4858 17.5699 -1.74629 36.5034
1153932 2.42581 17.7079 2.4994 13.2631 18.1397 -1.82662 35.8962
1153943 2.17453 17.8514 2.3881 13.1372 18.583 -1.89893 35.5513
1153953 2.17453 17.8514 2.3881 13.1372 18.583 -1.89893 35.5513
1153963 2.14554 17.9471 2.2869 12.8855 18.7155 -2.09281 35.2651
1153973 2.14554 17.9471 2.2869 12.8855 18.7155 -2.09281 35.2651
1153986 2.05856 17.8993 2.15536 12.6919 18.9464 -2.2025 34.8051
1153995 2.0199 17.8706 2.08452 12.4886 19.0453 -2.31433 34.4636
1154009 2.0199 17.8706 2.08452 12.4886 19.0453 -2.31433 34.4636
1154013 1.95225 17.8993 1.97321 12.2563 19.241 -2.47442 34.081
1154023 1.95225 17.8801 1.98333 12.2853 19.2295 -2.44732 34.101
1154041 1.95225 17.8801 1.98333 12.2853 19.2295 -2.44732 34.101
1154057 2.01023 17.8897 1.95298 12.3628 19.2085 -2.44809 34.2157
1154060 1.93292 17.8897 2.06429 12.3628 19.1646 -2.36305 34.2497
1154068 1.93292 17.8323 2.06429 12.508 19.1795 -2.2685 34.3375
1154081 2.01023 17.861 2.13512 12.7403 19.0349 -2.15667 34.7467
1154084 2.01023 17.861 2.13512 12.7403 19.0349 -2.15667 34.7467
1154094 1.9909 17.8801 2.16548 12.7984 19.0342 -2.11303 34.8349
1154106 1.98124 17.8514 2.29702 13.0017 18.9111 -1.93585 35.1314
1154119 1.98124 17.8514 2.29702 13.0017 18.9111 -1.93585 35.1314
1154131 1.91359 17.7558 2.41845 13.205 18.8627 -1.71957 35.2928
1154135 1.93292 17.6218 2.42857 13.3405 18.8264 -1.60754 35.3239
1154145 1.93292 17.6218 2.42857 13.3405 18.8264 -1.60754 35.3239
1154155 1.95225 17.4975 2.50952 13.4954 18.7078 -1.45739 35.4547
1154174 1.95225 17.4975 2.50952 13.4954 18.7078 -1.45739 35.4547
1154185 1.87493 17.2679 2.3881 13.3599 18.8909 -1.45947 34.8908
1154187 1.80728 16.9904 2.40833 13.1953 18.8729 -1.39268 34.4013
1154197 1.80728 16.9904 2.40833 13.1953 18.8729 -1.39268 34.4013
1154209 1.75895 16.6633 2.32738 13.0598 18.9568 -1.34654 33.8094
1154218 1.61399 16.3073 2.35774 12.963 19.026 -1.17347 33.242
1154234 1.61399 16.3073 2.35774 12.963 19.026 -1.17347 33.242
1154238 1.67197 16.086 2.48929 13.0017 18.7423 -1.02274 33.249
1154260 1.67197 16.086 2.48929 13.0017 18.7423 -1.02274 33.249
1154262 1.61399 15.8166 2.42857 13.1179 18.8707 -0.857036 32.9771
1154268 1.62365 15.4992 2.6006 13.1179 18.5687 -0.641414 32.8413
1154286 1.62365 15.4992 2.6006 13.1179 18.5687 -0.641414 32.8413
1154291 1.58499 15.2779 2.53988 13.1566 18.6656 -0.537347 32.5593
1154299 1.56566 15.0085 2.70179 13.0985 18.4092 -0.358543 32.3745
1154311 1.56566 15.0085 2.70179 13.0985 18.4092 -0.358543 32.3745
1154320 2.21319 15.1336 2.95476 13.1082 17.2658 -0.576385 33.4097
1154339 2.89937 14.8738 3.29881 12.779 15.8449 -0.751227 33.851
1154349 4.06879 14.4409 3.65298 12.2175 13.77 -1.15145 34.3802
1154364 4.06879 14.4409 3.65298 12.2175 13.77 -1.15145 34.3802
1154370 5.08357 13.6038 4.02738 11.2978 11.6065 -1.48277 34.0126
1154383 6.08869 12.7476 4.42202 10.1651 9.27644 -1.90694 33.4235
1154408 7.23877 12.1607 5.23155 8.92597 6.4192 -2.34317 33.557
1154410 7.23877 12.1607 5.23155 8.92597 6.4192 -2.34317 33.557
1154420 8.5145 11.4392 7.49821 8.1418 2.50624 -1.81787 35.5937
1154435 9.78056 10.7561 10.8274 7.9385 -1.21707 -0.675821 39.3025
1154442 9.78056 10.7561 10.8274 7.9385 -1.21707 -0.675821 39.3025
1154459 10.4281 10.1307 12.406 7.10592 -3.49219 -0.39191 40.0707
1154462 10.8243 9.38031 13.1952 6.50569 -5.09551 -0.189336 39.9056
1154484 10.8243 9.38031 13.1952 6.50569 -5.09551 -0.189336 39.9056
1154486 10.95 8.58178 14.0958 6.34112 -6.33177 0.339718 39.9687
1154492 10.95 8.58178 14.0958 6.34112 -6.33177 0.339718 39.9687
1154510 10.9306 7.49462 14.703 6.22494 -7.56867 0.953919 39.3532
1154513 10.747 6.47482 15.2089 6.28303 -8.52287 1.6545 38.7138
1154525 10.747 6.47482 15.2089 6.28303 -8.52287 1.6545 38.7138
1154536 10.4957 5.42615 15.4518 6.16686 -9.55935 2.27625 37.5405
1154543 10.3508 4.52179 15.5226 6.01196 -10.5334 2.7448 36.4071
1154561 10.3508 4.52179 15.5226 6.01196 -10.5334 2.7448 36.4071
1154568 10.1865 3.75212 15.3911 5.79897 -11.4055 3.09639 35.1286
1154575 10.1865 3.75212 15.3911 5.79897 -11.4055 3.09639 35.1286
1154587 10.0512 3.07866 15.3607 5.66344 -12.2019 3.46709 34.154
1154594 9.93519 2.49179 15.4518 5.6828 -12.8215 3.89177 33.5616
1154604 9.93519 2.49179 15.4518 5.6828 -12.8215 3.89177 33.5616
1154623 9.98351 2.02037 15.6946 5.78929 -13.3395 4.24634 33.4878
1154640 10.1285 2.00113 15.9982 5.98292 -13.2969 4.33215 34.1107
1154643 10.1285 2.00113 15.9982 5.98292 -13.2969 4.33215 34.1107
1154649 10.3314 2.02999 16.1601 6.01196 -13.3563 4.26136 34.5335
1154666 10.3798 2.00113 16.2411 6.00228 -13.4425 4.27264 34.6242
1154677 10.4474 2.05886 16.2006 6.07005 -13.3128 4.21157 34.7769
1154695 10.4474 2.05886 16.2006 6.07005 -13.3128 4.21157 34.7769
1154698 10.4571 2.05886 16.3119 6.06036 -13.3639 4.23768 34.8882
1154707 10.5054 2.08772 16.4738 6.07973 -13.3809 4.25094 35.1467
1154728 10.4571 2.05886 16.3726 6.11845 -13.3205 4.2742 35.007
1154737 10.3991 2.02037 16.2714 6.12813 -13.2988 4.29941 34.819
1154746 10.3991 2.02037 16.2714 6.12813 -13.2988 4.29941 34.819
1154757 10.2831 2.0781 16.2006 5.9926 -13.3218 4.26804 34.5544
1154771 10.2831 2.0781 16.2006 5.9926 -13.3218 4.26804 34.5544
1154778 10.3024 2.00113 15.9982 5.94419 -13.3996 4.22188 34.246
1154796 10.3604 2.02037 16.0083 5.85706 -13.4988 4.15429 34.2462
1154800 10.3604 2.02037 16.0083 5.85706 -13.4988 4.15429 34.2462
1154813 10.3604 2.04924 15.9071 5.85706 -13.4322 4.106 34.1739
1154825 10.3798 2.05886 15.9375 5.79897 -13.5036 4.08098 34.1751
1154828 10.3798 2.05886 15.9375 5.79897 -13.5036 4.08098 34.1751
1154838 10.4474 2.02037 15.9881 5.86674 -13.5103 4.10242 34.3226
1154853 10.4474 2.02037 15.9881 5.86674 -13.5103 4.10242 34.3226
1154859 10.4667 2.04924 16.1399 5.92483 -13.4703 4.14194 34.5807
1154876 10.5731 2.06848 16.2107 5.93451 -13.4971 4.09798 34.7868
1154879 10.5731 2.06848 16.2107 5.93451 -13.4971 4.09798 34.7868
1154904 10.5537 2.08772 16.2107 5.89579 -13.5123 4.08588 34.7479
1154906 10.5537 2.03962 16.2512 5.97323 -13.4932 4.14921 34.8178
1154909 10.5537 2.03962 16.2512 5.97323 -13.4932 4.14921 34.8178
1154930 10.5151 2.05886 16.2411 6.03132 -13.3916 4.17482 34.8463
1154941 10.2735 2.04924 16.1702 6.24431 -13.0625 4.3578 34.7372
1154958 10.2735 3.17487 15.8667 6.11845 -11.8862 3.61387 35.4334
1154965 10.2735 3.17487 15.8667 6.11845 -11.8862 3.61387 35.4334
1154974 10.1478 4.11771 15.2798 6.05068 -10.7169 2.97713 35.596
1154985 9.94485 5.0798 14.3387 6.00228 -9.33214 2.25487 35.3656
1155010 9.88687 6.36899 13.2155 5.76993 -7.77741 1.1618 35.2413
1155022 9.88687 6.36899 14.3893 5.76993 -8.33256 1.60786 36.4151
1155024 9.77089 8.07187 11.7988 5.44077 -5.74153 -0.257899 35.0823
1155036 9.72257 9.75552 10.2304 5.18907 -3.5879 -1.74454 34.8975
1155043 9.72257 9.75552 10.2304 5.18907 -3.5879 -1.74454 34.8975
1155061 9.55827 11.3622 8.70238 5.10194 -1.2934 -3.07395 34.7248
1155063 9.31666 12.9015 7.45774 5.72153 1.30565 -3.83033 35.3974
1155088 9.31666 12.9015 7.45774 5.72153 1.30565 -3.83033 35.3974
1155090 8.98806 14.6621 6.44583 7.26082 4.34262 -3.99266 37.3569
1155093 8.98806 14.6621 6.44583 7.26082 4.34262 -3.99266 37.3569
1155103 8.38886 15.8744 5.28214 8.2967 6.93676 -4.23512 37.8421
1155118 7.57703 16.442 3.92619 8.42255 9.18487 -4.81344 36.3678
1155124 7.57703 16.442 3.92619 8.42255 9.18487 -4.81344 36.3678
1155134 6.68789 16.9134 3.04583 9.02278 11.3558 -4.84975 35.6699
1155145 5.90506 17.5166 2.64107 9.98121 13.1448 -4.49426 36.0439
1155154 5.90506 17.5166 2.64107 9.98121 13.1448 -4.49426 36.0439
1155172 5.20921 18.0619 2.42857 10.533 14.4601 -4.26804 36.2327
1155175 5.20921 18.0619 2.42857 10.533 14.4601 -4.26804 36.2327
1155185 4.36839 18.5211 2.2869 11.0074 15.8035 -3.97769 36.1838
1155200 3.63388 18.8846 2.05417 11.2397 17.0586 -3.86371 35.8124
1155205 3.63388 18.8846 2.05417 11.2397 17.0586 -3.86371 35.8124
1155215 3.12166 19.1334 1.90238 11.4624 17.9477 -3.7438 35.6198
1155229 2.72541 19.363 1.90238 11.5689 18.4929 -3.63492 35.5597
1155235 2.72541 19.363 1.90238 11.5689 18.4929 -3.63492 35.5597
1155257 2.56111 19.583 1.8619 11.3462 18.7444 -3.79154 35.3523
1155258 2.56111 19.583 1.87202 11.3462 18.7318 -3.78617 35.3624
1155266 2.49346 19.7552 1.87202 11.1429 18.8102 -3.92772 35.2636
1155284 2.55145 19.7839 1.87202 10.8815 18.6968 -4.09607 35.0889
1155286 2.55145 19.7839 1.87202 10.8815 18.6968 -4.09607 35.0889
1155297 2.59977 19.8509 1.72024 10.5427 18.7776 -4.40218 34.7136
1155313 2.67709 19.7839 1.62917 10.2523 18.7304 -4.62091 34.3424
1155317 2.67709 19.7839 1.62917 10.2523 18.7304 -4.62091 34.3424
1155340 2.73508 19.6308 1.47738 9.74886 18.73 -4.97423 33.5922
1155344 2.6481 19.6308 1.47738 9.74886 18.8435 -4.9482 33.5052
1155354 2.6481 19.5734 1.47738 9.40034 18.768 -5.14082 33.0993
1155367 2.69642 19.6691 1.40655 9.2164 18.7812 -5.3394 32.9885
1155372 2.69642 19.6691 1.40655 9.2164 18.7812 -5.3394 32.9885
1155380 2.7834 19.803 1.31548 9.10023 18.79 -5.53179 33.0021
1155394 2.81239 19.8509 1.37619 9.0615 18.673 -5.54013 33.101
1155408 2.81239 19.8509 1.37619 9.0615 18.673 -5.54013 33.101
1155411 2.7834 19.9561 1.45714 9.12927 18.6378 -5.47011 33.3259
1155423 2.89937 19.9083 1.49762 9.22608 18.4435 -5.40566 33.5313
1155430 2.89937 19.9083 1.49762 9.22608 18.4435 -5.40566 33.5313
1155439 2.90904 19.9274 1.52798 9.25513 18.4011 -5.37783 33.6195
1155454 2.90904 19.9274 1.52798 9.25513 18.4011 -5.37783 33.6195
1155460 2.84139 19.8222 1.55833 9.31321 18.4401 -5.27448 33.5351
1155477 2.9477 19.8317 1.57857 9.43907 18.3038 -5.22018 33.7971
1155480 2.9477 19.8317 1.57857 9.43907 18.3038 -5.22018 33.7971
1155490 2.90904 19.8891 1.59881 9.44875 18.3406 -5.20773 33.8457
1155506 2.92837 20.0135 1.65952 9.59396 18.2916 -5.12718 34.1954
1155510 2.92837 20.0135 1.65952 9.59396 18.2916 -5.12718 34.1954
1155531 2.99602 20.0326 1.59881 9.59396 18.2866 -5.18793 34.2214
1155533 2.99602 20.0326 1.59881 9.59396 18.2866 -5.18793 34.2214
1155541 2.99602 19.9465 1.6494 9.63269 18.2133 -5.11056 34.2247
1155557 3.00569 19.8222 1.89226 9.64237 17.8731 -4.92975 34.3625
1155569 3.00569 19.8222 1.89226 9.64237 17.8731 -4.92975 34.3625
1155573 3.34395 19.5926 2.04405 9.66173 17.2234 -4.86287 34.6423
1155584 3.7112 19.1334 2.3375 9.55524 16.2937 -4.72914 34.7373
1155610 4.65833 18.5689 2.72202 9.3713 14.5523 -4.72838 35.3206
1155613 4.65833 18.5689 2.72202 9.3713 14.5523 -4.72838 35.3206
1155623 5.64412 17.7271 3.27857 9.19704 12.5544 -4.55923 35.8468
1155639 6.21433 16.7595 3.68333 8.8098 11.0466 -4.43258 35.4669
1155648 6.21433 16.7595 3.68333 8.8098 11.0466 -4.43258 35.4669
1155654 6.83286 16.1534 4.39167 8.32574 9.28098 -4.31419 35.7036
1155668 7.62536 15.7204 5.93988 8.10308 6.8592 -3.73221 37.3887
1155696 8.31154 15.2586 7.67024 8.17084 4.72434 -2.94171 39.4113
1155697 8.47584 15.2586 8.45952 7.59966 3.72103 -2.89316 39.7937
1155724 8.47584 14.2388 8.45952 7.59966 3.16136 -2.57473 38.7738
1155726 8.33087 13.2383 8.5506 6.47665 1.93561 -2.68136 36.5964
1155756 8.29221 12.0068 8.89464 5.55695 0.271136 -2.52402 34.7506
1155758 8.53383 11.0158 9.82559 5.11162 -1.61798 -2.00618 34.4869
1155764 8.53383 11.0158 9.82559 5.11162 -1.61798 -2.00618 34.4869
1155766 8.9784 10.3039 11.0399 5.00513 -3.33258 -1.37456 35.3273
1155785 9.42297 9.60158 12.4363 5.20843 -4.80597 -0.564429 36.6693
1155787 9.42297 9.60158 12.4363 5.20843 -4.80597 -0.564429 36.6693
1155797 9.82888 8.67799 13.7619 5.56663 -6.17555 0.325752 37.8354
1155815 9.82888 8.67799 13.7619 5.56663 -6.17555 0.325752 37.8354
1155822 9.85787 7.57159 14.7536 5.66344 -7.51484 1.18408 37.8465
1155828 9.93519 6.26316 15.553 5.70216 -9.02643 2.02523 37.4535
1155846 9.93519 6.26316 15.553 5.70216 -9.02643 2.02523 37.4535
1155850 10.0802 5.01245 16.3119 5.76993 -10.4976 2.82017 37.1744
1155876 10.1865 3.91568 16.7167 5.76025 -11.774 3.43425 36.5791
1155878 10.1865 3.91568 16.7167 5.76025 -11.774 3.43425 36.5791
1155883 10.2541 2.8189 16.9292 5.70216 -13.0672 4.01561 35.7044
1155889 10.2541 2.8189 16.9292 5.70216 -13.0672 4.01561 35.7044
1155907 10.2831 2.03962 17.1314 5.74089 -13.9466 4.49618 35.195
1155909 10.3798 1.6644 17.2224 5.75057 -14.4124 4.68147 35.0171
1155919 10.3798 1.6644 17.2224 5.75057 -14.4124 4.68147 35.0171
1155934 10.4474 1.67402 17.283 5.76025 -14.4293 4.65885 35.1647
1155940 10.4861 1.64516 17.1314 5.6828 -14.5151 4.58556 34.9454
1155949 10.4861 1.64516 17.1314 5.6828 -14.5151 4.58556 34.9454
1155964 10.3894 1.60668 16.7571 5.58599 -14.527 4.51977 34.3392
1155973 10.3894 1.60668 16.7571 5.58599 -14.527 4.51977 34.3392
1155981 10.3024 1.59706 16.5649 5.50854 -14.5423 4.49207 33.9729
1155995 10.2348 1.58744 16.4333 5.44077 -14.5713 4.47462 33.6963
1156001 10.2348 1.58744 16.4333 5.44077 -14.5713 4.47462 33.6963
1156010 10.1478 1.55857 16.1196 5.34396 -14.5952 4.41237 33.17
1156025 10.0222 1.53933 16.1399 5.36333 -14.5619 4.51011 33.0647
1156031 10.0222 1.53933 16.1399 5.36333 -14.5619 4.51011 33.0647
1156054 9.97385 1.57782 16.0083 5.43109 -14.3776 4.49565 32.9911
1156056 9.97385 1.57782 16.0083 5.43109 -14.3776 4.49565 32.9911
1156061 10.0512 1.56819 16.1601 5.38269 -14.5199 4.4886 33.1622
1156083 10.0995 1.62592 16.2411 5.44077 -14.4234 4.47048 33.4073
1156090 10.0995 1.62592 16.2411 5.44077 -14.4234 4.47048 33.4073
1156113 10.2058 1.58744 16.4232 5.51822 -14.4683 4.51236 33.7347
1156115 10.2445 1.70289 16.6256 5.67312 -14.2309 4.53397 34.2461
1156119 10.2445 1.70289 16.6256 5.67312 -14.2309 4.53397 34.2461
1156129 10.3121 1.74137 16.7673 5.76993 -14.1426 4.54619 34.5907
1156144 10.3121 1.74137 16.7673 5.76993 -14.1426 4.54619 34.5907
1156145 10.3508 1.73175 16.8685 5.71184 -14.2629 4.54282 34.6628
1156154 10.4088 1.68364 16.8786 5.76025 -14.2836 4.55487 34.7312
1156174 10.4088 1.68364 16.8786 5.76025 -14.2836 4.55487 34.7312
1156177 10.3894 1.73175 16.828 5.75057 -14.2185 4.52051 34.6997
1156189 10.4474 1.76061 16.7369 5.70216 -14.2303 4.42939 34.6471
1156205 10.4474 1.76061 16.7369 5.70216 -14.2303 4.42939 34.6471
1156209 10.3894 1.76061 16.5952 5.66344 -14.212 4.40672 34.4087
1156216 10.3508 1.78947 16.5244 5.72153 -14.0785 4.40832 34.3862
1156241 10.3508 1.78947 16.5244 5.72153 -14.0785 4.40832 34.3862
1156242 10.602 2.69383 16.3119 5.75057 -13.0588 3.71903 35.3584
1156263 10.602 3.22298 15.9375 5.85706 -12.2541 3.35611 35.6196
1156265 10.6697 4.21392 15.4417 5.87642 -11.0637 2.66609 36.2017
1156294 10.776 5.8206 14.703 5.91515 -9.23239 1.62094 37.2147
1156297 10.5634 7.15789 13.6304 5.80866 -7.55322 0.693374 37.1603
1156307 10.5634 7.15789 13.6304 5.80866 -7.55322 0.693374 37.1603
1156324 10.2541 8.41822 12.4667 6.13781 -5.47576 -0.0273094 37.2768
1156327 10.2541 8.41822 12.4667 6.13781 -5.47576 -0.0273094 37.2768
1156337 9.92553 9.67855 11.303 7.29954 -2.7812 -0.393214 38.2066
1156354 9.33599 10.7657 9.53214 8.01595 -0.0574231 -1.01738 37.6498
1156358 9.33599 10.7657 9.53214 8.01595 -0.0574231 -1.01738 37.6498
1156368 8.68846 11.8817 7.49821 8.06435 2.6011 -2.07884 36.1327
1156386 8.12791 12.8246 5.61607 7.90945 5.06847 -3.23117 34.478
1156388 8.12791 12.8246 5.61607 7.90945 5.06847 -3.23117 34.478
1156398 7.50938 13.5846 4.38155 8.59681 7.55047 -3.57282 34.0723
1156424 6.87152 14.2965 3.88571 9.83599 9.58397 -3.20138 34.8898
1156429 6.23366 14.9508 3.76429 11.2688 11.1974 -2.54767 36.2175
1156448 6.23366 14.9508 3.76429 11.2688 11.1974 -2.54767 36.2175
1156450 5.36384 15.3356 3.65298 12.295 12.6979 -1.94481 36.6474
1156459 4.4747 15.3356 3.42024 13.0308 14.1138 -1.38963 36.2613
1156479 4.4747 15.6531 3.42024 13.0308 14.2083 -1.50776 36.5788
1156480 3.76919 15.8263 3.15714 13.2437 15.3791 -1.33121 35.9963
1156489 3.76919 15.8263 3.15714 13.2437 15.3791 -1.33121 35.9963
1156512 3.06367 15.9225 2.90417 13.1372 16.4812 -1.26103 35.0275
1156513 2.77374 16.086 2.75238 13.0114 17.0197 -1.34128 34.6235
1156520 2.77374 16.086 2.75238 13.0114 17.0197 -1.34128 34.6235
1156544 2.63843 16.3265 2.7119 13.0017 17.2858 -1.40635 34.6786
1156546 2.65776 16.4516 2.67143 12.8855 17.3136 -1.53711 34.6663
1156550 2.65776 16.4516 2.67143 12.8855 17.3136 -1.53711 34.6663
1156560 2.71575 16.5286 2.61071 12.6919 17.291 -1.71145 34.547
1156577 2.71575 16.5286 2.61071 12.6919 17.291 -1.71145 34.547
1156581 2.69642 16.4516 2.58036 12.5467 17.3023 -1.75972 34.2751
1156592 2.66742 16.442 2.62083 12.5467 17.286 -1.72502 34.2769
1156619 2.66742 16.3265 2.62083 12.5177 17.2533 -1.69435 34.1325
1156641 2.60944 16.2015 2.72202 12.5951 17.189 -1.53559 34.128
1156642 2.60944 16.2015 2.72202 12.5951 17.189 -1.53559 34.128
1156643 2.6191 16.1245 2.66131 12.5854 17.2325 -1.54318 33.9903
1156653 2.6191 16.1245 2.66131 12.5854 17.2325 -1.54318 33.9903
1156674 2.63843 16.1149 2.68155 12.6822 17.2034 -1.49025 34.1171
1156675 2.67709 16.1822 2.63095 12.6241 17.2202 -1.58476 34.1144
1156684 2.67709 16.1822 2.63095 12.6241 17.2202 -1.58476 34.1144
1156708 2.6481 16.1822 2.58036 12.4983 17.2905 -1.65959 33.909
1156709 2.63843 16.2111 2.61071 12.3918 17.2469 -1.70463 33.852
1156714 2.63843 16.2111 2.61071 12.3918 17.2469 -1.70463 33.852
1156724 2.72541 16.2784 2.56012 12.295 17.1948 -1.83795 33.859
1156750 2.71575 16.3746 2.48929 12.111 17.2753 -1.99909 33.6907
1156754 2.77374 16.6344 2.46905 11.8497 17.2276 -2.26353 33.7268
1156771 2.77374 16.6344 2.46905 11.8497 17.2276 -2.26353 33.7268
1156779 2.90904 16.7595 2.3881 11.6464 17.1414 -2.50752 33.703
1156785 2.92837 16.8461 2.2869 11.4624 17.2215 -2.6959 33.5238
1156812 2.98636 16.8557 2.24643 11.2204 17.1451 -2.87096 33.3089
1156820 2.98636 16.8557 2.24643 11.2204 17.1451 -2.87096 33.3089
1156837 3.05401 16.8268 2.20595 11.0268 17.0577 -3.01151 33.1135
1156840 3.59522 16.9519 2.58036 10.93 15.9336 -3.09924 34.0574
1156849 3.59522 16.9519 2.58036 10.93 15.9336 -3.09924 34.0574
1156869 4.34906 17.0574 2.87381 10.6105 14.6493 -3.40585 34.8908
1156871 5.7021 17.1435 3.30893 10.0296 12.5484 -3.94112 36.1841
1156904 6.9585 16.9519 3.63274 9.31321 10.6317 -4.46237 36.8563
1156907 8.00227 16.3458 4.0375 8.59681 8.72228 -4.75108 36.9824
1156909 8.00227 16.3458 4.0375 8.59681 8.72228 -4.75108 36.9824
1156918 8.87209 15.3741 4.4119 7.87073 6.8171 -4.91264 36.5288
1156935 8.87209 15.3741 4.4119 7.87073 6.8171 -4.91264 36.5288
1156938 9.4423 14.0753 4.61429 7.05752 5.02723 -5.04944 35.1894
1156948 9.85787 12.5937 4.98869 6.33144 3.0192 -4.94412 33.7717
1156967 9.85787 12.5937 4.98869 6.33144 3.0192 -4.94412 33.7717
1156973 10.3894 11.1217 5.54524 5.61503 0.613722 -4.75225 32.6714
1156979 10.9113 10.1211 6.70893 5.19875 -1.74588 -4.15515 32.9401
1157005 11.5878 9.43803 8.6619 5.1697 -4.04648 -3.09586 34.8575
1157009 11.5878 9.43803 8.6619 5.1697 -4.04648 -3.09586 34.8575
1157032 12.2547 9.04358 11.3435 5.49886 -5.93574 -1.75245 38.1406
1157035 12.6123 8.88002 13.1143 5.48918 -7.0814 -1.08073 40.0958
1157039 12.6123 8.88002 13.1143 5.48918 -7.0814 -1.08073 40.0958
1157066 12.6896 8.46633 13.9542 5.3246 -7.94666 -0.696366 40.4347
1157068 12.5736 8.00453 14.3488 5.18907 -8.55571 -0.388972 40.116
1157070 12.5736 8.00453 14.3488 5.18907 -8.55571 -0.388972 40.116
1157080 12.332 7.39842 14.4196 5.05353 -9.11887 -0.098429 39.2036
1157100 12.332 7.39842 14.4196 5.05353 -9.11887 -0.098429 39.2036
1157102 11.9937 6.68647 14.4804 4.918 -9.76247 0.282889 38.0786
1157115 11.7521 5.92643 14.5107 4.7631 -10.5361 0.647559 36.9524
1157134 11.7521 5.92643 14.5107 4.7631 -10.5361 0.647559 36.9524
1157139 11.5395 5.13752 14.4298 4.57916 -11.3858 0.98017 35.686
1157149 11.2302 4.34861 14.4601 4.46298 -12.2303 1.45394 34.502
1157168 11.1143 3.57895 14.6321 4.4533 -13.1105 1.95045 33.7787
1157172 11.1143 3.57895 14.6321 4.4533 -13.1105 1.95045 33.7787
1157183 11.0853 2.87663 14.8649 4.48235 -13.9535 2.42516 33.3091
1157200 11.0563 2.26089 15.4113 4.6082 -14.6974 3.01575 33.3367
1157212 11.0563 2.26089 15.4113 4.6082 -14.6974 3.01575 33.3367
1157214 11.037 1.8472 15.7048 4.71469 -15.1484 3.39391 33.3036
1157233 11.2013 1.68364 16.2006 4.918 -15.2927 3.63214 34.0035
1157235 11.2013 1.68364 16.2006 4.918 -15.2927 3.63214 34.0035
1157267 11.5105 1.75099 16.4435 4.98576 -15.2903 3.53165 34.6907
1157270 11.5105 1.75099 16.4435 4.98576 -15.2903 3.53165 34.6907
1157271 11.6072 1.77023 16.575 5.06321 -15.2423 3.53877 35.0156
1157275 11.6265 1.76061 16.5952 5.05353 -15.2755 3.53709 35.0359
1157300 11.7231 1.78947 16.6256 5.07289 -15.2554 3.4872 35.2111
1157304 11.7328 1.75099 16.4738 5.00513 -15.3381 3.43014 34.9627
1157337 11.7328 1.75099 16.4738 5.00513 -15.3381 3.43014 34.9627
1157339 11.6362 1.79909 16.3423 4.99544 -15.2301 3.40888 34.773
1157340 11.6362 1.79909 16.3423 4.99544 -15.2301 3.40888 34.773
1157345 11.4622 1.78947 16.1601 4.86959 -15.2876 3.40332 34.2814
1157369 11.3655 1.73175 15.897 4.8115 -15.3223 3.37718 33.8058
1157369 11.3655 1.73175 15.897 4.8115 -15.3223 3.37718 33.8058
1157377 11.3269 1.71251 15.7048 4.79214 -15.3021 3.33557 33.5363
1157403 11.2302 1.70289 15.7958 4.77278 -15.3353 3.4187 33.5017
1157405 11.2302 1.70289 15.7958 4.77278 -15.3353 3.4187 33.5017
1157408 11.1819 1.68364 15.8363 4.77278 -15.3563 3.46987 33.4747
1157418 11.1336 1.69327 16.0083 4.87927 -15.2526 3.58633 33.7145
1157440 11.1336 1.69327 16.0083 4.87927 -15.2526 3.58633 33.7145
1157441 11.1143 1.69327 16.1601 5.01481 -15.1301 3.6934 33.9825
1157448 11.1143 1.69327 16.1601 5.01481 -15.1301 3.6934 33.9825
1157475 10.9886 1.6644 16.2714 5.07289 -15.0914 3.83469 33.9974
1157476 10.9306 1.62592 16.4839 5.14066 -15.1019 3.9794 34.1811
1157478 10.9306 1.62592 16.4839 5.14066 -15.1019 3.9794 34.1811
1157509 10.8243 1.64516 16.5548 5.18907 -15.0123 4.06611 34.2133
1157509 10.6987 1.64516 16.8482 5.18907 -15.0611 4.2291 34.3811
1157513 10.6987 1.59706 16.8482 5.37301 -14.9034 4.3133 34.517
1157519 10.602 1.55857 17.1112 5.45046 -14.907 4.49323 34.7223
1157544 10.602 1.55857 17.1112 5.45046 -14.907 4.49323 34.7223
1157546 10.2445 1.39502 17.3032 5.66344 -14.8017 4.90975 34.6061
1157549 10.3314 2.56876 17.3942 5.82802 -13.3773 4.28626 36.1224
1157560 10.3314 2.56876 17.3942 5.82802 -13.3773 4.28626 36.1224
1157581 9.85787 3.02094 17.1819 6.03132 -12.4595 4.29503 36.0921
1157582 9.43263 3.7425 17.0707 6.30239 -11.258 4.18543 36.5483
1157590 9.43263 3.7425 17.0707 6.30239 -11.258 4.18543 36.5483
1157615 9.08471 4.82965 16.656 6.66059 -9.56894 3.78805 37.2309
1157616 9.08471 4.82965 16.656 6.66059 -9.56894 3.78805 37.2309
1157621 8.93974 5.99377 16.2613 7.9385 -7.19897 3.55182 39.1333
1157650 9.06538 7.23486 15.8768 10.0877 -4.50707 3.4299 42.2647
1157652 9.06538 7.23486 15.8768 10.0877 -4.50707 3.4299 42.2647
1157652 8.73678 7.83135 14.0048 9.7779 -3.17979 2.68193 40.3508
1157667 8.26322 7.96604 11.647 8.46128 -2.39623 1.60125 36.3376
1157684 7.83798 8.34126 9.64345 7.52221 -1.21305 0.443739 33.3449
1157694 7.48039 8.90889 8.03452 7.50285 0.702253 -0.400245 31.9266
1157718 7.48039 8.90889 8.03452 7.50285 0.702253 -0.400245 31.9266
1157719 7.22911 9.75552 6.84048 8.26765 3.07981 -0.877065 32.0928
1157724 7.22911 9.75552 6.84048 8.26765 3.07981 -0.877065 32.0928
1157734 7.07447 10.6406 6.17262 9.43907 5.12546 -0.946725 33.3268
1157751 6.91018 11.5642 5.61607 10.7557 7.02637 -0.905112 34.8462
1157755 6.91018 11.5642 5.61607 10.7557 7.02637 -0.905112 34.8462
1157766 6.4946 12.3243 5.43393 11.9852 8.54141 -0.579402 36.238
1157785 5.98238 12.9881 5.11012 13.0017 10.0434 -0.347334 37.0823
1157786 5.98238 12.9881 5.11012 13.0017 10.0434 -0.347334 37.0823
1157797 5.34451 13.5365 4.78631 13.6407 11.4227 -0.182554 37.308
1157823 4.64866 13.9502 4.44226 13.9989 12.7282 -0.0638786 37.04
1157827 3.8465 14.2965 4.12857 14.1731 14.0587 0.0652957 36.4447
1157853 3.13132 14.4986 3.84524 14.2312 15.2306 0.187587 35.7064
1157856 2.63843 14.6429 3.50119 14.2022 16.2253 0.180949 34.9847
1157884 2.63843 14.6429 3.50119 14.2022 16.2253 0.180949 34.9847
1157886 2.3195 14.8353 3.4 14.2312 16.779 0.205425 34.786
1157890 2.3195 14.8353 3.4 14.2312 16.779 0.205425 34.786
1157900 2.13587 14.9219 3.35952 14.2312 17.0698 0.230727 34.6485
1157916 2.04889 14.97 3.31905 14.2796 17.2468 0.251214 34.6176
1157919 2.04889 14.97 3.31905 14.2796 17.2468 0.251214 34.6176
1157952 2.10688 14.9892 3.4 14.1054 17.0424 0.177403 34.6015
1157954 2.16487 14.97 3.38988 13.9601 16.9461 0.0935823 34.4849
1157954 2.16487 14.97 3.38988 13.9601 16.9461 0.0935823 34.4849
1157968 2.1552 14.8642 3.28869 13.7956 17.0186 0.0285316 34.1036
1157990 2.14554 14.8257 3.14702 13.5729 17.1455 -0.111889 33.6911
1157991 2.14554 14.8257 3.14702 13.5729 17.1455 -0.111889 33.6911
1157992 2.07789 14.8738 3.03571 13.3696 17.335 -0.245697 33.357
1158000 2.07789 14.8738 3.03571 13.3696 17.335 -0.245697 33.357
1158024 2.04889 14.9027 3.01548 13.1276 17.3486 -0.366454 33.0946
1158025 2.0199 14.9892 2.89405 13.0792 17.5506 -0.471135 32.9824
1158030 2.0199 14.9892 2.89405 13.0792 17.5506 -0.471135 32.9824
1158061 2.04889 14.9604 2.82321 13.0501 17.5917 -0.518182 32.8826
1158062 2.0199 14.9411 2.90417 13.0695 17.5245 -0.449708 32.9347
1158064 2.0199 14.9411 2.90417 13.0695 17.5245 -0.449708 32.9347
1158072 2.00057 14.9796 2.84345 13.0501 17.6324 -0.495819 32.8738
1158091 2.00057 14.9796 2.84345 13.0501 17.6324 -0.495819 32.8738
1158092 1.9909 15.0181 2.88393 13.1469 17.6228 -0.444082 33.0399
1158102 2.01023 15.1239 2.99524 13.2728 17.5073 -0.388968 33.4022
1158127 2.01023 15.1239 2.99524 13.2728 17.5073 -0.388968 33.4022
1158128 2.07789 15.2009 3.01548 13.447 17.4523 -0.362883 33.7413
1158137 2.11654 15.326 3.07619 13.6116 17.3928 -0.331691 34.1303
1158143 2.11654 15.326 3.07619 13.6116 17.3928 -0.331691 34.1303
1158164 2.14554 15.4414 3.1875 13.8246 17.2931 -0.249225 34.5991
1158165 2.14554 15.4414 3.1875 13.8246 17.2931 -0.249225 34.5991
