1222766 5.32518 9.66893 9.68393 13.9989 5.5968 3.36971 38.6769
1222776 6.20466 9.57272 11.9607 14.0473 3.26347 3.67255 41.7854
1222803 6.86185 9.14941 12.4464 12.992 1.70879 3.41155 41.4497
1222808 7.18078 8.47595 11.7988 11.3269 0.530675 2.88879 38.7824
1222836 7.23877 7.62932 11.131 9.86503 -0.610203 2.56297 35.8641
1222839 7.33542 6.7923 11.1208 8.54841 -2.3046 2.45947 33.797
1222849 7.33542 6.7923 11.1208 8.54841 -2.3046 2.45947 33.797
1222859 7.45139 5.97453 11.6369 7.4738 -4.33355 2.62079 32.5366
1222869 7.45139 5.97453 11.6369 7.4738 -4.33355 2.62079 32.5366
1222884 7.80898 5.22411 12.7905 6.7574 -6.61272 2.99935 32.581
1222890 8.31154 4.7142 14.0958 6.36048 -8.46176 3.3289 33.4821
1222900 8.31154 4.7142 14.0958 6.36048 -8.46176 3.3289 33.4821
1222910 8.79477 4.24278 15.1685 6.02164 -10.0057 3.57279 34.2276
1222921 9.23934 3.84833 16.2411 5.89579 -11.1686 3.8535 35.2245
1222947 9.62592 3.5116 17.2122 5.93451 -11.9832 4.13784 36.2843
1222951 9.62592 3.5116 17.2122 5.93451 -11.9832 4.13784 36.2843
1222960 9.84821 3.21336 18.0511 5.9926 -12.5948 4.43959 37.1053
1222980 10.0318 2.97284 18.4958 6.01196 -13.0243 4.59972 37.5125
1222999 10.1092 2.74194 18.6171 5.92483 -13.4113 4.68972 37.393
1223010 10.0705 2.48217 18.4453 5.71184 -13.8395 4.74171 36.7098
1223018 10.0705 2.48217 18.4453 5.71184 -13.8395 4.74171 36.7098
1223022 10.0608 2.16469 18.1825 5.46982 -14.3604 4.77738 35.8779
1223050 10.0415 1.86644 17.7782 5.18907 -14.8847 4.75668 34.8752
1223051 10.0125 1.52971 17.7176 5.10194 -15.3502 4.92291 34.3618
1223066 10.0125 1.52971 17.7176 5.10194 -15.3502 4.92291 34.3618
1223074 10.0608 1.31805 17.8187 4.99544 -15.7678 5.01648 34.193
1223083 10.1768 1.29881 18.0713 5.11162 -15.752 5.06686 34.6586
1223095 10.1768 1.29881 18.0713 5.11162 -15.752 5.06686 34.6586
1223103 10.2155 1.26995 18.2937 5.16002 -15.7983 5.13821 34.9391
1223118 10.2928 1.26995 18.3341 5.16002 -15.8292 5.10517 35.0569
1223124 10.2928 1.32767 18.3341 5.16002 -15.7621 5.07212 35.1146
1223137 10.3411 1.31805 18.2735 5.22779 -15.6915 5.05204 35.1604
1223144 10.3411 1.31805 18.2735 5.22779 -15.6915 5.05204 35.1604
1223163 10.2058 1.32767 18.2027 5.25683 -15.5917 5.1122 34.993
1223164 10.1381 1.29881 18.1926 5.23747 -15.6269 5.15952 34.8671
1223179 10.1381 1.29881 18.1926 5.23747 -15.6269 5.15952 34.8671
1223185 10.0222 1.36616 18.0208 5.23747 -15.47 5.13901 34.6466
1223206 9.79022 1.24109 18.041 5.30524 -15.4788 5.3734 34.3776
1223215 9.59693 1.29881 18.0713 5.37301 -15.2857 5.48132 34.3401
1223225 9.59693 1.29881 18.0713 5.37301 -15.2857 5.48132 34.3401
1223235 9.52928 1.26033 18.1017 5.43109 -15.2521 5.56918 34.3224
1223245 9.54861 1.30843 18.0713 5.50854 -15.1022 5.54181 34.4369
1223263 9.54861 1.30843 18.0713 5.50854 -15.1022 5.54181 34.4369
1223268 9.51961 1.34692 18.0006 5.38269 -15.1757 5.48182 34.2498
1223276 9.52928 1.27957 18.1017 5.43109 -15.2295 5.55765 34.3416
1223286 9.52928 1.27957 18.1017 5.43109 -15.2295 5.55765 34.3416
1223296 9.6066 1.29881 17.9703 5.42141 -15.2029 5.46093 34.2971
1223306 9.6066 1.29881 17.9703 5.42141 -15.2029 5.46093 34.2971
1223316 9.5776 1.31805 17.8692 5.26651 -15.3257 5.39505 34.0314
1223327 9.56794 1.28919 17.7985 5.30524 -15.2911 5.40913 33.9608
1223347 9.56794 1.28919 17.7985 5.30524 -15.2911 5.40913 33.9608
1223355 9.63559 1.29881 17.6772 5.26651 -15.3104 5.31728 33.8781
1223367 9.89653 2.0781 17.566 5.4795 -14.2096 4.74193 35.0201
1223381 9.95452 2.55914 17.091 5.51822 -13.5013 4.31152 35.1228
1223389 9.95452 2.55914 17.091 5.51822 -13.5013 4.31152 35.1228
1223398 10.0608 3.62705 16.1601 5.53759 -12.0503 3.39537 35.3856
1223410 10.2251 5.08942 14.7232 5.48918 -10.1119 2.06795 35.5269
1223419 10.2251 5.08942 14.7232 5.48918 -10.1119 2.06795 35.5269
1223431 10.0802 6.7442 13.2661 5.89579 -7.43774 0.974332 35.9862
1223439 9.91586 8.34126 12.1125 7.07688 -4.41311 0.373439 37.4465
1223453 9.91586 8.34126 12.1125 7.07688 -4.41311 0.373439 37.4465
1223464 9.59693 9.94793 11.1512 9.09055 -1.07426 0.26273 39.7866
1223470 9.59693 9.94793 11.1512 9.09055 -1.07426 0.26273 39.7866
1223479 8.77544 10.9485 9.41071 9.82631 1.66106 -0.187463 38.961
1223496 7.84764 11.5835 7.26548 9.22608 3.96437 -1.22745 35.9227
1223501 7.84764 11.5835 7.26548 9.22608 3.96437 -1.22745 35.9227
1223510 7.1228 12.3435 5.65655 8.73235 6.12648 -2.24962 33.8552
1223520 6.81353 13.0651 4.78631 8.75171 7.64361 -2.84616 33.4166
1223530 6.81353 13.0651 4.78631 8.75171 7.64361 -2.84616 33.4166
1223542 6.51393 13.6231 4.35119 8.95501 8.75587 -3.06377 33.4432
1223566 6.32064 14.0656 4.33095 9.40034 9.38988 -2.92591 34.1176
1223571 6.10802 14.3928 4.47262 10.2329 9.97338 -2.46912 35.2063
1223581 6.10802 14.3928 4.47262 10.2329 9.97338 -2.46912 35.2063
1223591 5.67311 14.489 4.57381 10.9687 10.6504 -1.94075 35.7046
1223601 5.18022 14.7199 4.47262 11.4721 11.5352 -1.65521 35.8448
1223616 5.18022 14.7199 4.47262 11.4721 11.5352 -1.65521 35.8448
1223624 4.72598 14.9027 4.28036 11.6173 12.3244 -1.5753 35.5263
1223633 4.72598 14.9027 4.28036 11.6173 12.3244 -1.5753 35.5263
1223642 4.34906 15.0374 4.11845 11.8013 13.0084 -1.47285 35.3061
1223653 3.97214 15.1624 4.06786 12.0626 13.6006 -1.27778 35.2651
1223662 3.97214 15.1624 4.06786 12.0626 13.6006 -1.27778 35.2651
1223678 3.69187 15.2394 3.9869 12.2853 14.0937 -1.133 35.2035
1223684 3.47925 15.3067 3.96667 12.4305 14.4184 -1.01844 35.1832
1223697 3.47925 15.3067 3.96667 12.4305 14.4184 -1.01844 35.1832
1223713 3.43093 15.4414 3.8756 12.4499 14.6208 -1.08538 35.1978
1223730 3.48891 15.5088 3.8756 12.3628 14.5497 -1.17465 35.236
1223739 3.52757 15.5184 3.91607 12.2659 14.435 -1.21946 35.228
1223748 3.52757 15.5184 3.91607 12.2659 14.435 -1.21946 35.228
1223756 3.58556 15.6435 3.80476 12.111 14.4859 -1.4141 35.1448
1223766 3.59522 15.6627 3.65298 11.8013 14.5596 -1.64368 34.7122
1223789 3.59522 15.6627 3.65298 11.8013 14.5596 -1.64368 34.7122
1223791 3.64355 15.6627 3.57202 11.3946 14.4734 -1.89927 34.2729
1223795 3.64355 15.6627 3.57202 11.3946 14.4734 -1.89927 34.2729
1223805 3.67254 15.7301 3.33929 10.9687 14.6 -2.26693 33.7106
1223815 3.69187 15.7108 3.22798 10.7073 14.6217 -2.46 33.3379
1223832 3.69187 15.7108 3.22798 10.7073 14.6217 -2.46 33.3379
1223835 3.68221 15.6819 3.09643 10.4556 14.7032 -2.64861 32.9162
1223845 3.68221 15.5665 3.14702 10.3878 14.5844 -2.61436 32.7835
1223860 3.68221 15.5665 3.14702 10.3878 14.5844 -2.61436 32.7835
1223866 3.62422 15.3741 3.20774 10.5718 14.5784 -2.38827 32.7778
1223876 3.62422 15.3741 3.20774 10.5718 14.5784 -2.38827 32.7778
1223886 3.59522 15.2683 3.4506 10.8235 14.3688 -2.07744 33.1375
1223901 3.59522 15.2105 3.59226 11.1526 14.2886 -1.81556 33.5506
1223907 3.59522 15.2105 3.59226 11.1526 14.2886 -1.81556 33.5506
1223916 3.59522 15.1528 3.84524 11.5883 14.1163 -1.45452 34.1815
1223935 3.63388 15.0566 4.01726 11.9755 13.97 -1.16672 34.6833
1223939 3.63388 15.0566 4.01726 11.9755 13.97 -1.16672 34.6833
1223957 3.46958 14.9411 4.18929 12.2853 14.0228 -0.8325 34.8853
1223967 3.37294 14.5082 4.31071 12.508 13.9284 -0.459278 34.6998
1223978 3.51791 14.1041 4.79643 12.9243 13.2376 0.0418675 35.3427
1223987 3.51791 14.1041 4.79643 12.9243 13.2376 0.0418675 35.3427
1223999 3.70153 13.5173 5.08988 13.2147 12.6259 0.458477 35.5234
1224007 3.95281 12.7187 5.44405 13.3502 11.7522 0.897793 35.4658
1224021 3.95281 12.7187 5.44405 13.3502 11.7522 0.897793 35.4658
1224033 4.28141 11.9875 5.7375 13.3018 10.8122 1.17693 35.3083
1224039 4.28141 11.9875 5.7375 13.3018 10.8122 1.17693 35.3083
1224049 4.65833 11.2275 6.01071 12.9727 9.70134 1.3325 34.8692
1224068 5.2672 10.429 6.5875 12.5467 7.98224 1.48062 34.8304
1224070 5.2672 10.429 6.5875 12.5467 7.98224 1.48062 34.8304
1224079 5.96305 9.69779 7.89286 12.4112 5.73688 1.93655 35.9649
1224098 6.71688 8.74533 9.86607 12.1982 2.90498 2.63895 37.5265
1224099 6.71688 8.74533 9.86607 12.1982 2.90498 2.63895 37.5265
1224110 7.49005 7.86984 11.6976 11.9465 0.40293 3.18591 39.004
1224120 7.49005 7.86984 11.6976 11.9465 0.40293 3.18591 39.004
1224133 8.00227 7.05207 12.7095 11.172 -1.59734 3.40066 38.9358
1224140 8.44685 6.08998 13.1649 10.2426 -3.47822 3.50671 37.9443
1224166 8.80443 5.15676 13.4786 9.24544 -5.37056 3.58298 36.6852
1224172 9.12337 4.23316 13.9238 8.32574 -7.3641 3.74642 35.6061
1224182 9.12337 4.23316 13.9238 8.32574 -7.3641 3.74642 35.6061
1224191 9.50995 3.54046 14.1667 7.34795 -9.24938 3.67317 34.565
1224201 9.50995 3.54046 14.1667 7.34795 -9.24938 3.67317 34.565
1224217 9.83854 2.90549 14.4804 6.44761 -11.1115 3.64573 33.672
1224225 10.2058 2.57838 15.1179 5.64408 -12.7445 3.56722 33.5461
1224231 10.2058 2.57838 15.1179 5.64408 -12.7445 3.56722 33.5461
1224249 10.631 2.19355 15.8565 4.9664 -14.3604 3.56565 33.6475
1224252 10.8437 1.82796 16.747 4.54043 -15.6234 3.80568 33.9591
1224263 10.8437 1.82796 16.747 4.54043 -15.6234 3.80568 33.9591
1224274 11.0949 1.50085 17.6064 4.29841 -16.5954 4.04734 34.5006
1224293 11.3076 1.21222 18.5059 4.28872 -17.2115 4.36431 35.3145
1224303 11.4719 1.11602 19.264 4.35649 -17.443 4.57046 36.2083
1224329 11.4429 1.00057 19.7996 4.4049 -17.6252 4.81382 36.648
1224338 11.4815 0.846633 20.1029 4.47267 -17.793 4.97811 36.9037
1224344 11.4815 0.846633 20.1029 4.47267 -17.793 4.97811 36.9037
1224354 11.3655 0.904358 20.2342 4.52107 -17.6733 5.0582 37.0252
1224365 11.1529 0.779287 20.0826 4.42426 -17.8599 5.17631 36.4391
1224375 11.1529 0.779287 20.0826 4.42426 -17.8599 5.17631 36.4391
1224385 10.863 0.769666 19.9007 4.4533 -17.7432 5.30253 35.9867
1224395 10.863 0.769666 19.9007 4.4533 -17.7432 5.30253 35.9867
1224410 10.5151 0.644595 19.7693 4.46298 -17.7843 5.54051 35.392
1224417 10.2348 0.615733 19.6076 4.43394 -17.7639 5.67078 34.8921
1224435 10.2348 0.615733 19.6076 4.43394 -17.7639 5.67078 34.8921
1224436 9.97385 0.615733 19.4762 4.42426 -17.6936 5.78902 34.4901
1224451 9.7419 0.481041 19.2539 4.42426 -17.7653 5.95343 33.9011
1224457 9.7419 0.481041 19.2539 4.42426 -17.7653 5.95343 33.9011
1224475 9.50028 0.548387 19.0517 4.34681 -17.6822 5.98699 33.4472
1224476 9.50028 0.548387 19.0517 4.34681 -17.6822 5.98699 33.4472
1224488 9.36498 0.432937 18.9911 4.35649 -17.7751 6.1319 33.1455
1224499 9.43263 0.500283 19.173 4.38554 -17.7059 6.10258 33.4915
1224516 9.43263 0.500283 19.173 4.38554 -17.7059 6.10258 33.4915
1224524 9.49062 0.481041 19.3044 4.42426 -17.7222 6.12323 33.7003
1224528 9.4133 0.529145 19.456 4.50171 -17.5799 6.20142 33.9002
1224538 9.4133 0.529145 19.456 4.50171 -17.5799 6.20142 33.9002
1224548 9.53894 0.558008 19.5571 4.51139 -17.5811 6.13406 34.1654
1224563 9.53894 0.558008 19.5571 4.51139 -17.5811 6.13406 34.1654
1224571 9.54861 0.509904 19.9108 4.62756 -17.5752 6.27797 34.5969
1224579 9.67425 0.567629 20.214 4.71469 -17.4904 6.26383 35.1706
1224605 9.72257 0.567629 20.4263 4.74374 -17.5108 6.2943 35.4602
1224609 9.78056 0.538766 20.396 4.67597 -17.6327 6.25265 35.3913
1224619 9.78056 0.538766 20.396 4.67597 -17.6327 6.25265 35.3913
1224634 9.79989 0.500283 20.305 4.58884 -17.7699 6.21995 35.194
1224649 9.75156 0.519525 20.214 4.53075 -17.7886 6.2002 35.0159
1224664 9.99318 1.02943 20.0725 4.77278 -16.9117 5.78067 35.8679
1224670 9.99318 1.02943 20.0725 4.77278 -16.9117 5.78067 35.8679
1224688 10.1671 1.37578 19.6076 4.75342 -16.4645 5.35517 35.9039
1224691 10.3121 2.11658 19.0922 5.13098 -15.113 4.82695 36.6518
1224700 10.3121 2.11658 19.0922 5.13098 -15.113 4.82695 36.6518
1224715 10.4667 3.03056 18.5969 5.91515 -13.2322 4.34686 38.0094
1224722 10.4667 3.03056 18.5969 5.91515 -13.2322 4.34686 38.0094
1224734 10.3121 3.80023 17.5458 6.54442 -11.4608 3.91775 38.2025
1224741 9.96418 4.56027 16.1804 6.71868 -9.93065 3.35668 37.4235
1224756 9.96418 4.56027 16.1804 6.71868 -9.93065 3.35668 37.4235
1224766 9.48096 5.29145 14.4196 6.62187 -8.36775 2.6257 35.8139
1224772 8.99773 6.08036 12.7298 6.65091 -6.5268 1.87293 34.4588
1224804 8.45651 7.08093 11.0601 7.05752 -3.99508 1.14999 33.6551
1224809 8.45651 7.08093 11.0601 7.05752 -3.99508 1.14999 33.6551
1224818 7.91529 8.18732 9.67381 7.66743 -1.29647 0.555537 33.4439
1224827 7.2581 9.21675 8.41905 8.45159 1.49285 0.178041 33.3455
1224835 7.2581 9.21675 8.41905 8.45159 1.49285 0.178041 33.3455
1224851 6.67823 10.4578 7.29583 9.19704 4.22316 -0.286893 33.6289
1224854 6.13701 11.5931 6.25357 9.85535 6.69188 -0.718629 33.839
1224864 6.13701 11.5931 6.25357 9.85535 6.69188 -0.718629 33.839
1224874 5.54747 12.6706 5.44405 10.3588 8.84594 -1.06491 34.0209
1224897 5.54747 12.6706 4.78631 10.3588 9.5132 -1.38162 33.3632
1224900 5.00625 13.5076 4.78631 10.7944 10.6391 -1.29045 34.0946
1224909 4.72598 14.3928 4.35119 11.1139 11.8766 -1.58469 34.5838
1224924 4.43604 15.1047 3.97679 11.2978 12.9179 -1.83803 34.8154
1224939 4.28141 15.807 3.84524 11.5302 13.5424 -1.99344 35.4638
1224947 4.28141 15.807 3.84524 11.5302 13.5424 -1.99344 35.4638
1224954 4.02047 16.2688 3.6631 11.6367 14.2052 -2.10297 35.5891
1224971 4.02047 16.2688 3.6631 11.6367 14.2052 -2.10297 35.5891
1224979 3.82717 16.5767 3.44048 11.6464 14.7612 -2.24722 35.4907
1224994 3.78852 16.9134 3.41012 11.6948 14.948 -2.34469 35.8068
1224998 3.78852 16.9134 3.41012 11.6948 14.948 -2.34469 35.8068
1225006 3.77885 17.1435 3.29881 11.627 15.1283 -2.50914 35.8482
1225018 3.83684 17.2679 3.11667 11.5205 15.2726 -2.71427 35.7419
1225041 3.77885 17.3348 3.16726 11.5011 15.2939 -2.70189 35.7821
1225045 3.77885 17.3348 3.16726 11.5011 15.2939 -2.70189 35.7821
1225064 3.7112 17.1913 3.07619 11.3946 15.4061 -2.72735 35.3734
1225066 3.74019 16.9808 3.10655 11.4043 15.2833 -2.64395 35.2318
1225076 3.74019 16.9808 3.10655 11.4043 15.2833 -2.64395 35.2318
1225095 3.58556 16.7787 3.01548 11.2882 15.4796 -2.6223 34.6679
1225104 3.5469 16.5959 3.04583 11.3656 15.4603 -2.488 34.5543
1225112 3.5469 16.5959 3.04583 11.3656 15.4603 -2.488 34.5543
1225116 3.45992 16.3169 3.15714 11.4721 15.3839 -2.2442 34.4061
1225138 3.45992 16.3169 3.15714 11.4721 15.3839 -2.2442 34.4061
1225139 3.29562 16.0379 3.28869 11.656 15.3958 -1.92052 34.2783
1225148 3.26663 15.6916 3.49107 11.8593 15.1516 -1.57735 34.3086
1225161 3.26663 15.6916 3.49107 11.8593 15.1516 -1.57735 34.3086
1225176 3.22797 15.4126 3.64286 12.1498 15.023 -1.24062 34.4332
1225188 3.12166 15.0855 3.89583 12.4983 14.8595 -0.785951 34.6012
1225210 3.112 14.7391 4.09821 12.9243 14.6624 -0.356412 34.8736
1225216 3.112 14.7391 4.09821 12.9243 14.6624 -0.356412 34.8736
1225223 3.00569 14.2965 4.38155 13.2244 14.419 0.130495 34.9082
1225233 2.88971 13.8347 4.58393 13.4567 14.2512 0.567892 34.7651
1225239 2.88971 13.8347 4.58393 13.4567 14.2512 0.567892 34.7651
1225249 2.79306 13.219 4.78631 13.6891 14.0114 1.07139 34.4875
1225259 2.62877 12.6033 5.01905 13.9021 13.8036 1.62022 34.1531
1225285 2.54179 12.103 5.21131 14.086 13.5789 2.05608 33.9421
1225290 2.54179 12.103 5.21131 14.086 13.5789 2.05608 33.9421
1225304 2.44514 11.468 5.45417 14.2118 13.2378 2.56983 33.5792
1225310 2.37749 11.0062 5.67679 14.2699 12.9175 2.95361 33.3304
1225320 2.37749 11.0062 5.67679 14.2699 12.9175 2.95361 33.3304
1225335 2.36782 10.5925 6.03095 14.3958 12.4221 3.35446 33.3871
1225341 2.95736 10.3424 6.33452 14.6281 11.4401 3.3548 34.2624
1225354 2.95736 10.3424 6.33452 14.6281 11.4401 3.3548 34.2624
1225365 3.58556 10.2077 6.82024 14.7927 10.3051 3.31285 35.4062
1225378 3.58556 10.2077 6.82024 14.7927 10.3051 3.31285 35.4062
1225382 4.5037 10.0345 6.95179 14.6765 9.16287 2.94061 36.1665
1225391 5.52814 9.80362 7.11369 14.2506 7.77493 2.46587 36.696
1225404 5.52814 9.80362 7.11369 14.2506 7.77493 2.46587 36.696
1225412 6.3303 9.32258 7.19464 13.5535 6.42232 2.09965 36.4011
1225427 7.14213 8.75495 7.57917 12.7306 4.67058 1.82813 36.2069
1225431 7.14213 8.75495 7.57917 12.7306 4.67058 1.82813 36.2069
1225446 8.11825 8.20656 8.16607 11.7528 2.53498 1.48747 36.2437
1225455 8.11825 8.20656 8.16607 11.7528 2.53498 1.48747 36.2437
1225463 9.16202 7.49462 8.96548 10.7557 0.0844032 1.26362 36.3778
1225479 10.3508 6.75382 9.96726 9.48747 -2.78776 0.964247 36.5593
1225483 10.3508 6.75382 9.96726 9.48747 -2.78776 0.964247 36.5593
1225505 11.4429 5.80136 10.706 8.15148 -5.67563 0.670277 36.1017
1225507 12.3513 4.91624 11.3839 6.84453 -8.43368 0.406052 35.496
1225513 12.3513 4.91624 11.3839 6.84453 -8.43368 0.406052 35.496
1225531 13.1728 4.21392 11.8798 5.75057 -10.772 0.104342 35.0171
1225540 13.1728 4.21392 11.8798 5.75057 -10.772 0.104342 35.0171
1225553 13.8687 3.59819 12.3958 4.82118 -12.8627 -0.108054 34.6839
1225558 14.4582 3.22298 12.9827 4.10478 -14.4621 -0.256121 34.7687
1225566 14.4582 3.22298 12.9827 4.10478 -14.4621 -0.256121 34.7687
1225577 15.0188 2.95359 13.3167 3.48519 -15.742 -0.504897 34.7742
1225585 15.3764 2.78042 13.7619 2.99146 -16.7332 -0.603009 34.9101
1225595 15.3764 2.78042 13.7619 2.99146 -16.7332 -0.603009 34.9101
1225605 15.7436 2.70345 14.197 2.8656 -17.1584 -0.584811 35.5097
1225615 15.7436 2.70345 14.197 2.8656 -17.1584 -0.584811 35.5097
1225628 15.9079 2.72269 14.6119 2.80752 -17.3298 -0.503956 36.05
1225636 16.0915 2.61686 14.9863 2.79784 -17.5811 -0.379905 36.4925
1225653 16.0915 2.61686 14.9863 2.79784 -17.5811 -0.379905 36.4925
1225656 16.0722 2.47255 15.2393 2.78815 -17.8078 -0.212174 36.5722
1225666 15.7919 2.22241 15.4012 2.80752 -18.057 0.0804895 36.223
1225693 15.531 1.91454 15.4214 2.8172 -18.37 0.333381 35.6842
1225704 15.0961 1.55857 15.6946 2.78815 -18.8147 0.780426 35.1375
1225708 15.0961 1.55857 15.6946 2.78815 -18.8147 0.780426 35.1375
1225718 14.7965 1.39502 15.9375 2.8656 -18.9125 1.11943 34.9946
1225736 14.7965 1.39502 15.9375 2.8656 -18.9125 1.11943 34.9946
1225745 14.4196 1.08715 16.0893 2.91401 -19.2029 1.51981 34.51
1225750 14.1296 1.16412 16.3625 3.06891 -18.905 1.78732 34.7251
1225759 14.1296 1.16412 16.3625 3.06891 -18.905 1.78732 34.7251
1225769 13.9557 1.08715 16.5042 3.07859 -18.9846 1.96673 34.6256
1225784 13.801 1.07753 16.6762 3.12699 -18.9384 2.12992 34.6817
1225789 13.801 1.07753 16.6762 3.12699 -18.9384 2.12992 34.6817
1225808 13.888 1.13526 16.5851 3.16572 -18.8158 2.03927 34.7741
1225810 13.888 1.13526 16.5851 3.16572 -18.8158 2.03927 34.7741
1225820 13.8204 1.13526 16.3726 3.08827 -18.8641 1.96357 34.4165
1225832 13.7044 1.03905 16.1702 3.03986 -18.9934 1.97329 33.9535
1225857 13.6657 1.08715 16.0387 3.01082 -18.9383 1.90666 33.8024
1225860 13.6464 1.12564 15.8768 3.0205 -18.8429 1.83784 33.6693
1225883 13.6464 1.12564 15.8768 3.0205 -18.8429 1.83784 33.6693
1225884 13.7914 1.14488 15.9476 3.01082 -18.8697 1.78001 33.8947
1225890 13.7914 1.14488 15.9476 3.01082 -18.8697 1.78001 33.8947
1225900 13.8493 1.14488 15.8262 2.9721 -18.9085 1.68857 33.7925
1225919 13.9653 1.24109 15.8262 2.90433 -18.8925 1.55764 33.9369
1225936 13.9653 1.24109 15.8262 2.90433 -18.8925 1.55764 33.9369
1225938 14.033 1.28919 15.7554 2.95273 -18.7674 1.49246 34.0303
1225945 14.062 1.23147 15.6643 2.91401 -18.8806 1.45469 33.8717
1225960 14.062 1.23147 15.6643 2.91401 -18.8806 1.45469 33.8717
1225963 13.9943 1.26033 15.6137 2.92369 -18.8092 1.45718 33.792
1225976 13.9943 1.26033 15.6137 2.92369 -18.8092 1.45718 33.792
1225988 13.9363 1.25071 15.6036 3.19476 -18.4597 1.59391 33.9854
1225993 14.2456 2.51104 15.5327 3.1754 -16.983 0.825398 35.4648
1226003 14.2456 2.51104 15.5327 3.1754 -16.983 0.825398 35.4648
1226013 14.4292 3.85795 14.9256 3.3303 -15.1647 -0.0128397 36.5431
1226023 14.1683 4.78155 14.278 3.61105 -13.609 -0.431938 36.8389
1226038 14.1683 4.78155 14.278 3.61105 -13.609 -0.431938 36.8389
1226048 13.772 6.11885 13.1851 4.02733 -11.3271 -1.08282 37.1033
1226063 13.772 6.11885 13.1851 4.02733 -11.3271 -1.08282 37.1033
1226064 13.1052 7.61969 12.2036 5.31492 -8.08907 -1.25762 38.2434
1226074 12.1097 8.85116 11.0095 6.58314 -4.98329 -1.31047 38.5535
1226088 12.1097 8.85116 11.0095 6.58314 -4.98329 -1.31047 38.5535
1226094 10.9596 9.7459 9.22857 6.99943 -2.33046 -1.81848 36.9335
1226114 10.0802 10.4482 7.29583 7.1156 0.134391 -2.62606 34.9398
1226119 10.0802 10.4482 7.29583 7.1156 0.134391 -2.62606 34.9398
1226124 9.22968 11.2371 5.83869 7.30923 2.58665 -3.26593 33.6147
1226139 9.22968 11.2371 5.83869 7.30923 2.58665 -3.26593 33.6147
1226146 8.63047 11.901 5.03929 7.7836 4.50827 -3.46666 33.3543
1226154 8.23422 12.4975 4.64464 8.53872 6.01305 -3.33848 33.915
1226180 7.96362 13.1132 4.63452 9.5746 7.14849 -2.91944 35.2859
1226185 7.60603 13.6038 4.64464 10.5718 8.18429 -2.46806 36.4263
1226196 7.60603 13.6038 4.64464 10.5718 8.18429 -2.46806 36.4263
1226205 7.02615 14.1041 4.56369 11.172 9.28111 -2.19496 36.866
1226231 6.30131 14.3735 4.39167 11.5495 10.3985 -1.93915 36.616
1226236 5.55713 14.6621 4.18929 11.6851 11.4984 -1.80568 36.0936
1226278 4.86128 14.9411 3.9869 11.869 12.5931 -1.66013 35.6584
1226280 4.22342 15.2394 3.76429 12.0917 13.692 -1.53184 35.3188
1226282 4.22342 15.2394 3.76429 12.0917 13.692 -1.53184 35.3188
1226286 3.67254 15.4414 3.60238 12.1885 14.5789 -1.42806 34.9048
1226307 3.67254 15.4414 3.60238 12.1885 14.5789 -1.42806 34.9048
1226336 2.96703 15.8359 3.3494 12.324 15.8395 -1.36157 34.4763
1226348 2.90904 16.1437 3.24821 12.2756 16.0962 -1.53092 34.5766
1226350 2.89937 16.3073 3.06607 12.1595 16.3374 -1.73434 34.4322
1226375 2.89937 16.3073 3.06607 12.1595 16.3374 -1.73434 34.4322
1226377 2.86072 16.4612 3.00536 11.9755 16.4496 -1.89828 34.3028
1226385 2.86072 16.4612 3.00536 11.9755 16.4496 -1.89828 34.3028
1226390 2.82206 16.5478 2.77262 11.6367 16.7187 -2.2028 33.7792
1226405 2.87038 16.6825 2.70179 11.6948 16.7934 -2.27825 33.9494
1226433 2.72541 16.4805 2.7119 11.6948 16.9118 -2.14171 33.6126
1226435 2.63843 16.5286 2.78274 11.8497 16.9804 -2.01244 33.7994
1226461 2.65776 16.4516 2.8131 11.9658 16.9281 -1.91679 33.8883
1226463 2.65776 16.4516 2.8131 11.9658 16.9281 -1.91679 33.8883
1226470 2.60944 16.4612 2.8131 12.2659 17.0606 -1.75329 34.1497
1226490 2.59977 16.365 2.96488 12.3724 16.8888 -1.58626 34.3021
1226492 2.59977 16.365 2.96488 12.3724 16.8888 -1.58626 34.3021
1226500 2.50313 16.1919 3.01548 12.5467 16.9453 -1.37174 34.2571
1226520 2.47413 16.0091 3.1369 12.75 16.8373 -1.13308 34.3701
1226547 2.44514 15.6338 3.29881 13.0695 16.6627 -0.744918 34.4473
1226549 2.44514 15.6338 3.29881 13.0695 16.6627 -0.744918 34.4473
1226552 2.28084 15.1817 3.50119 13.3405 16.5724 -0.271439 34.3042
1226561 2.20352 14.5467 3.71369 13.5535 16.3027 0.227975 34.0174
1226577 2.20352 14.5467 3.71369 13.5535 16.3027 0.227975 34.0174
1226585 2.04889 13.8347 3.92619 13.8149 16.1151 0.82862 33.6247
1226604 1.98124 13.1324 4.11845 14.1054 15.8516 1.39939 33.3375
1226605 1.98124 13.1324 4.11845 14.1054 15.8516 1.39939 33.3375
1226612 1.74929 12.5167 4.26012 14.328 15.8544 1.97334 32.8541
1226633 2.50313 12.5167 4.66488 14.328 14.4628 1.75217 34.0127
1226641 2.50313 12.3628 4.66488 14.512 14.472 1.8995 34.0427
1226650 2.81239 12.3724 4.8875 14.5797 13.8897 1.85377 34.652
1226664 2.81239 12.3724 4.8875 14.5797 13.8897 1.85377 34.652
1226668 3.58556 12.2858 5.05952 14.4539 12.7842 1.5439 35.3848
1226676 4.37806 12.0549 5.42381 14.2506 11.4268 1.34658 36.1073
1226693 4.37806 12.0549 5.42381 14.2506 11.4268 1.34658 36.1073
1226696 5.21887 11.6123 5.66667 13.8343 10.0194 1.10222 36.3322
1226705 6.13701 11.2467 6.18274 13.5826 8.4185 0.961622 37.1491
1226721 6.13701 11.2467 6.18274 13.5826 8.4185 0.961622 37.1491
1226725 7.18078 10.8715 7.225 13.1663 6.26374 0.912622 38.4436
1226751 8.20523 10.3135 8.46964 12.7306 4.00897 1.01268 39.719
1226755 8.84309 9.52462 9.22857 11.6948 2.00282 0.97565 39.291
1226775 8.84309 9.52462 9.22857 11.6948 2.00282 0.97565 39.291
1226777 9.278 8.65874 9.06667 10.1264 0.296596 0.507549 37.1298
1226786 9.56794 7.79287 8.85417 8.44191 -1.57784 -0.0280139 34.6569
1226806 9.56794 7.79287 8.85417 8.44191 -1.57784 -0.0280139 34.6569
1226808 10.0415 6.99434 9.04643 6.85421 -3.97688 -0.516995 32.9365
1226817 10.0415 6.99434 9.04643 6.85421 -3.97688 -0.516995 32.9365
1226835 10.718 6.36899 9.47143 5.64408 -6.34763 -0.91833 32.2025
1226841 11.5588 6.01302 10.3821 4.6082 -8.69088 -1.18919 32.5622
1226848 11.5588 6.01302 10.3821 4.6082 -8.69088 -1.18919 32.5622
1226863 12.5446 5.8206 11.556 4.08542 -10.4351 -1.20147 34.0066
1226868 13.4144 5.70515 12.5577 3.72722 -11.6792 -1.20096 35.4046
1226877 13.4144 5.70515 12.5577 3.72722 -11.6792 -1.20096 35.4046
1226895 14.2166 5.6378 13.3571 3.67882 -12.3726 -1.14601 36.8904
1226910 14.7482 5.43577 13.772 3.65945 -12.9102 -1.0976 37.6154
1226928 15.0478 5.13752 13.8327 3.52392 -13.4643 -1.13018 37.5419
1226931 15.0478 5.13752 13.8327 3.52392 -13.4643 -1.13018 37.5419
1226939 15.1251 4.81041 13.6607 3.35934 -13.9465 -1.18335 36.9555
1226956 15.0671 4.50255 13.5089 3.19476 -14.3898 -1.18514 36.2733
1226964 15.0671 4.50255 13.5089 3.19476 -14.3898 -1.18514 36.2733
1226970 14.9994 4.16582 13.1952 3.05923 -14.8008 -1.2327 35.4197
1226983 14.9994 4.16582 13.1952 3.05923 -14.8008 -1.2327 35.4197
1226990 14.7288 3.76174 12.9827 2.91401 -15.2933 -1.13144 34.3873
1227012 14.5162 3.39615 12.9929 2.83656 -15.7641 -0.925975 33.7418
1227016 14.5162 3.39615 12.9929 2.83656 -15.7641 -0.925975 33.7418
1227025 14.4099 2.97284 13.3673 2.8656 -16.3159 -0.513092 33.6156
1227040 14.4679 2.62649 13.9238 3.08827 -16.6222 -0.0361902 34.1064
1227044 14.4679 2.62649 13.9238 3.08827 -16.6222 -0.0361902 34.1064
1227053 14.4775 2.39559 14.4905 3.3303 -16.748 0.409716 34.6939
1227073 14.3616 2.15507 15.0369 3.51424 -16.9167 0.870246 35.0678
1227081 14.2843 2.06848 15.381 3.60137 -16.977 1.11628 35.335
1227096 14.2843 2.06848 15.381 3.60137 -16.977 1.11628 35.335
1227101 14.1973 1.98189 15.6339 3.69818 -17.0024 1.33181 35.5113
1227126 14.0426 1.96265 15.7554 3.71754 -16.9948 1.46609 35.4782
1227127 14.0426 1.96265 15.7554 3.71754 -16.9948 1.46609 35.4782
1227136 13.7624 1.8472 15.5732 3.70786 -17.0393 1.57844 34.8906
1227143 13.7624 1.8472 15.5732 3.70786 -17.0393 1.57844 34.8906
1227157 13.4628 1.72213 15.5631 3.72722 -17.0967 1.78625 34.4752
1227163 13.1438 1.71251 15.5631 3.76595 -16.9871 1.96255 34.1854
1227185 13.1438 1.71251 15.5631 3.76595 -16.9871 1.96255 34.1854
1227188 12.9215 1.65478 15.4315 3.74658 -16.999 2.04498 33.7545
1227194 12.7862 1.59706 15.3708 3.70786 -17.0732 2.1048 33.462
1227215 12.7862 1.59706 15.3708 3.70786 -17.0732 2.1048 33.462
1227218 12.6799 1.59706 15.3708 3.69818 -17.0602 2.15559 33.346
1227224 12.6799 1.59706 15.3708 3.69818 -17.0602 2.15559 33.346
1227245 12.6219 1.56819 15.3101 3.64977 -17.1298 2.15826 33.15
1227247 12.6219 1.52971 15.3607 3.69818 -17.1292 2.21642 33.2105
1227254 12.6219 1.52971 15.3607 3.69818 -17.1292 2.21642 33.2105
1227275 12.6413 1.53933 15.4518 3.69818 -17.1431 2.2364 33.3306
1227279 12.6316 1.55857 15.644 3.77563 -17.0645 2.33391 33.6099
1227305 12.8539 2.18393 15.7756 4.11446 -15.9837 2.08382 34.9279
1227320 13.0472 3.0498 15.4619 4.17255 -14.8936 1.48502 35.7314
1227335 13.1148 4.58913 14.703 4.22096 -12.9735 0.499603 36.6279
1227336 13.1148 4.58913 14.703 4.22096 -12.9735 0.499603 36.6279
1227345 13.0085 6.4652 13.9238 4.86959 -10.1899 -0.266673 38.2671
1227365 12.6316 8.13922 13.1042 6.11845 -7.17499 -0.580674 39.9934
1227374 12.6316 8.13922 13.1042 6.11845 -7.17499 -0.580674 39.9934
1227376 11.9648 9.66893 11.556 6.69932 -4.48273 -1.27043 39.889
1227395 11.9648 9.66893 11.556 6.69932 -4.48273 -1.27043 39.889
1227397 11.0949 10.6887 9.36012 6.15718 -2.41894 -2.51993 37.301
1227427 10.5054 11.5642 7.2756 5.45046 -0.550577 -4.02791 34.7957
1227428 10.5054 11.5642 7.2756 5.45046 -0.550577 -4.02791 34.7957
1227431 9.93519 12.5648 5.55536 5.11162 1.64763 -5.35157 33.167
1227436 9.43263 13.4692 4.36131 5.18907 3.74727 -6.17127 32.4522
1227456 9.43263 13.4692 4.36131 5.18907 3.74727 -6.17127 32.4522
1227461 8.95907 14.4697 3.57202 5.59567 5.77846 -6.56256 32.5965
1227487 8.27288 15.4126 3.0256 6.30239 7.88806 -6.52346 33.0134
1227489 7.66401 16.2881 2.8131 7.08656 9.525 -6.22675 33.8517
1227496 7.66401 16.2881 2.8131 7.08656 9.525 -6.22675 33.8517
1227518 7.05514 17.0957 2.69167 7.7836 10.9256 -5.92424 34.6261
1227521 6.34963 17.9088 2.50952 8.25797 12.3534 -5.77756 35.026
1227527 6.34963 17.9088 2.50952 8.25797 12.3534 -5.77756 35.026
1227548 5.7311 18.6263 2.37798 8.62585 13.534 -5.6645 35.3613
1227550 5.7311 18.6263 2.37798 8.62585 13.534 -5.6645 35.3613
1227557 5.29619 19.2577 2.16548 8.6549 14.4533 -5.82353 35.3743
1227580 4.9386 19.9657 1.94286 8.77107 15.34 -5.97602 35.6182
1227582 4.9386 19.9657 1.94286 8.77107 15.34 -5.97602 35.6182
1227588 4.58101 20.5971 1.84167 8.86788 16.0517 -6.04743 35.8876
1227613 4.37806 21.0084 1.7 8.74203 16.5179 -6.25666 35.8285
1227615 4.37806 21.0084 1.7 8.74203 16.5179 -6.25666 35.8285
1227618 4.29107 21.3528 1.72024 8.75171 16.6777 -6.30137 36.1159
1227645 4.29107 21.3528 1.72024 8.75171 16.6777 -6.30137 36.1159
1227647 4.1751 21.5059 1.61905 8.74203 16.962 -6.37585 36.0421
1227654 4.1751 21.5633 1.6494 8.74203 16.9395 -6.37159 36.1298
1227677 4.1751 21.5633 1.6494 8.74203 16.9395 -6.37159 36.1298
1227678 4.18476 21.5729 1.52798 8.64522 17.0504 -6.50602 35.9308
1227680 4.15577 21.4676 1.52798 8.49032 17.0266 -6.5675 35.6417
1227694 4.15577 21.4676 1.52798 8.49032 17.0266 -6.5675 35.6417
1227711 4.08812 21.3146 1.38631 8.35478 17.2114 -6.68465 35.1438
1227713 4.08812 21.3146 1.38631 8.35478 17.2114 -6.68465 35.1438
1227720 3.95281 21.1232 1.38631 8.31606 17.3241 -6.6307 34.7784
1227741 3.91416 20.8554 1.3256 8.3451 17.393 -6.5761 34.4402
1227750 3.91416 20.8554 1.3256 8.3451 17.393 -6.5761 34.4402
1227751 3.68221 20.5684 1.36607 8.44191 17.5888 -6.36078 34.0586
1227769 3.64355 20.2431 1.52798 8.61617 17.4017 -6.05738 34.0308
1227772 3.64355 20.2431 1.52798 8.61617 17.4017 -6.05738 34.0308
1227800 3.63388 19.9848 1.60893 8.82916 17.3028 -5.80528 34.0568
1227802 3.63388 19.9848 1.60893 8.82916 17.3028 -5.80528 34.0568
1227804 3.48891 19.6595 1.76071 9.15831 17.2952 -5.38465 34.0675
1227813 3.46958 19.3151 1.9125 9.46811 17.1235 -5.00688 34.1653
1227829 3.46958 19.3151 1.9125 9.46811 17.1235 -5.00688 34.1653
1227833 3.4116 18.9899 2.03393 9.68109 17.0192 -4.69851 34.1165
1227861 3.31495 18.6837 2.25655 9.90376 16.8448 -4.32026 34.159
1227863 3.31495 18.6837 2.25655 9.90376 16.8448 -4.32026 34.159
1227865 3.33428 18.368 2.35774 10.1845 16.6892 -4.01235 34.2446
1227874 3.33428 18.368 2.35774 10.1845 16.6892 -4.01235 34.2446
1227891 3.22797 17.928 2.59048 10.3685 16.4723 -3.60415 34.1149
1227894 3.09267 17.22 2.73214 10.6686 16.3613 -3.07533 33.7134
1227923 3.09267 17.22 2.73214 10.6686 16.3613 -3.07533 33.7134
1227925 3.15065 16.4709 3.24821 10.9687 15.545 -2.39578 33.8384
1227926 3.99147 16.0091 3.57202 11.2494 14.1398 -2.23095 34.822
1227939 3.99147 16.0091 3.57202 11.2494 14.1398 -2.23095 34.822
1227954 5.00625 15.4318 4.05774 11.3366 12.3522 -2.1114 35.8324
1227957 5.00625 15.4318 4.05774 11.3366 12.3522 -2.1114 35.8324
1227968 5.96305 14.5178 4.64464 11.3075 10.4422 -1.86454 36.433
1227982 7.00682 13.3826 5.05952 10.9106 8.40689 -1.82316 36.3595
1227985 7.00682 13.3826 5.05952 10.9106 8.40689 -1.82316 36.3595
1227995 7.85731 12.1896 5.50476 10.4169 6.42532 -1.72037 35.9685
1228014 8.72712 10.9196 6.2131 10.0006 4.16894 -1.43602 35.8604
1228031 9.50028 9.72666 7.09345 9.65205 1.93549 -1.03472 35.9724
1228047 9.50028 9.72666 7.09345 9.65205 1.93549 -1.03472 35.9724
1228049 10.0125 8.57216 8.34821 9.22608 -0.388898 -0.419136 36.159
1228056 10.4088 7.56197 9.64345 8.63554 -2.65844 0.127557 36.2497
1228082 10.4088 7.56197 9.64345 8.63554 -2.65844 0.127557 36.2497
1228083 10.6407 6.52292 10.7161 7.9385 -4.81275 0.624381 35.8182
1228088 10.8823 5.61856 11.6976 7.23178 -6.86531 1.02815 35.4303
1228098 10.8823 5.61856 11.6976 7.23178 -6.86531 1.02815 35.4303
1228116 11.0273 4.8489 12.3756 6.52506 -8.64723 1.30452 34.7768
1228118 11.0273 4.8489 12.3756 6.52506 -8.64723 1.30452 34.7768
1228128 11.2206 4.23316 13.1244 5.8861 -10.3192 1.54802 34.4643
1228146 11.5975 3.79061 13.9137 5.33428 -11.8275 1.67161 34.6361
1228160 12.0324 3.55971 14.3488 4.74374 -13.0301 1.51383 34.6847
1228181 12.39 3.52122 14.9155 4.46298 -13.6876 1.47376 35.2897
1228182 12.39 3.52122 14.9155 4.46298 -13.6876 1.47376 35.2897
1228189 12.6606 3.4635 15.3708 4.18223 -14.2848 1.44166 35.6772
1228213 12.9409 3.41539 15.6643 4.03702 -14.666 1.39154 36.0576
1228215 12.9409 3.41539 15.6643 4.03702 -14.666 1.39154 36.0576
1228219 13.2018 3.38653 15.7554 3.88212 -14.9676 1.26255 36.2258
1228243 13.2018 3.38653 15.7554 3.88212 -14.9676 1.26255 36.2258
1228244 13.3081 3.18449 15.8262 3.76595 -15.3693 1.28843 36.0848
1228251 13.2308 2.97284 15.7554 3.75626 -15.5795 1.38931 35.7153
1228260 13.2308 2.97284 15.7554 3.75626 -15.5795 1.38931 35.7153
1228278 13.2501 2.57838 15.806 3.67882 -16.1404 1.55306 35.3133
1228286 13.0665 2.1262 15.9173 3.64977 -16.6916 1.88767 34.7598
1228306 13.0569 1.81834 16.0185 3.65945 -17.0734 2.08493 34.5531
1228312 13.0569 1.81834 16.0185 3.65945 -17.0734 2.08493 34.5531
1228323 13.0762 1.52009 16.2714 3.64977 -17.5112 2.31402 34.5175
1228339 13.1535 1.42388 16.3827 3.77563 -17.5156 2.41005 34.7357
1228343 13.1535 1.42388 16.3827 3.77563 -17.5156 2.41005 34.7357
1228353 13.1052 1.44312 16.5244 3.75626 -17.5358 2.46879 34.829
1228369 13.0182 1.37578 16.7673 3.84339 -17.545 2.66394 35.0046
1228374 13.0182 1.37578 16.7673 3.84339 -17.545 2.66394 35.0046
1228384 12.9409 1.37578 16.8583 3.84339 -17.548 2.73502 35.0184
1228408 12.9409 1.37578 16.8583 3.84339 -17.548 2.73502 35.0184
1228409 12.8636 1.30843 16.919 3.90148 -17.5557 2.84998 34.9925
1228414 12.6896 1.28919 16.9292 3.91116 -17.5323 2.95594 34.8191
1228424 12.6896 1.28919 16.9292 3.91116 -17.5323 2.95594 34.8191
1228440 12.6026 1.26995 16.8179 3.94021 -17.4775 2.9824 34.6306
1228444 12.4963 1.25071 16.6458 3.83371 -17.5724 2.95057 34.2266
1228471 12.448 1.22184 16.5143 3.77563 -17.6421 2.92409 33.9597
1228480 12.448 1.22184 16.5143 3.77563 -17.6421 2.92409 33.9597
1228506 12.361 1.24109 16.4131 3.81435 -17.5281 2.93768 33.8295
1228507 12.419 1.25071 16.4637 3.76595 -17.6007 2.90269 33.8993
1228508 12.419 1.25071 16.4637 3.76595 -17.6007 2.90269 33.8993
1228516 12.4866 1.28919 16.5446 3.82403 -17.5124 2.8963 34.1445
1228538 12.506 1.29881 16.5851 3.8918 -17.4295 2.9194 34.2817
1228540 12.506 1.29881 16.5851 3.8918 -17.4295 2.9194 34.2817
1228546 12.6219 1.31805 16.6155 3.90148 -17.426 2.86312 34.457
1228573 12.6219 1.33729 16.6863 3.90148 -17.4179 2.87806 34.547
1228576 12.8056 1.79909 16.7673 4.10478 -16.6792 2.64993 35.4767
1228586 12.8056 1.79909 16.7673 4.10478 -16.6792 2.64993 35.4767
1228606 13.0955 2.44369 16.494 3.96925 -16.0938 2.05156 36.0025
1228608 13.3081 3.47312 15.9274 4.19191 -14.6139 1.35691 36.9005
1228617 13.3081 3.47312 15.9274 4.19191 -14.6139 1.35691 36.9005
1228639 13.5111 4.9451 15.4619 5.02449 -12.1996 0.782 38.9426
1228640 13.4338 4.9451 14.4702 5.58599 -11.3002 0.654618 38.4351
1228653 13.4338 6.19581 14.4702 5.58599 -10.1562 0.16126 39.6858
1228674 13.0279 7.11941 12.7804 5.33428 -8.72573 -0.796862 38.2619
1228674 13.0279 7.11941 12.7804 5.33428 -8.72573 -0.796862 38.2619
1228679 12.3223 7.86022 10.7161 4.63724 -7.41571 -2.03847 35.5359
1228689 11.6168 8.75495 8.94524 4.33713 -5.54908 -3.15982 33.6541
1228706 11.6168 8.75495 8.94524 4.33713 -5.54908 -3.15982 33.6541
1228709 10.921 9.68817 7.3869 4.35649 -3.29434 -4.11054 32.3525
1228721 10.4088 10.91 6.29405 4.83087 -0.741221 -4.71302 32.4437
1228735 10.4088 10.91 6.29405 4.83087 -0.741221 -4.71302 32.4437
1228740 9.92553 12.2666 5.4744 5.46014 1.75596 -5.0975 33.1266
1228769 9.49062 13.575 4.77619 6.12813 4.00082 -5.37002 33.9699
1228771 9.06538 14.8257 4.29048 6.63155 5.81777 -5.588 34.8131
1228804 8.56282 15.9321 3.76429 6.98007 7.50941 -5.85308 35.2393
1228806 7.95395 16.6825 3.43036 7.20273 8.861 -5.95558 35.2696
1228838 7.34508 17.3253 3.11667 7.43508 10.1489 -6.01268 35.2221
1228846 6.73621 17.9567 2.7119 7.51253 11.4707 -6.21545 34.9173
1228869 6.28198 18.3967 2.53988 7.77392 12.3946 -6.15771 34.9925
1228870 6.28198 18.3967 2.53988 7.77392 12.3946 -6.15771 34.9925
1228874 5.88573 18.8464 2.41845 7.85137 13.1375 -6.19778 35.0019
1228884 5.39284 19.1238 2.30714 8.25797 14.0257 -5.96529 35.0818
1228900 5.39284 19.1238 2.30714 8.25797 14.0257 -5.96529 35.0818
1228910 4.97726 19.2864 2.20595 8.53872 14.7407 -5.79248 35.0084
1228932 4.97726 19.2864 2.20595 8.53872 14.7407 -5.79248 35.0084
1228932 4.60034 19.5065 2.19583 8.87756 15.3409 -5.55714 35.1802
1228938 4.39738 19.6213 2.26667 9.22608 15.617 -5.29094 35.5114
1228946 4.39738 19.6213 2.26667 9.22608 15.617 -5.29094 35.5114
1228966 4.3104 19.7552 2.32738 9.35194 15.7151 -5.19778 35.7449
1228969 4.25242 19.87 2.3375 9.4197 15.8166 -5.16946 35.8796
1228974 4.25242 19.87 2.3375 9.4197 15.8166 -5.16946 35.8796
1229000 4.22342 19.9083 2.30714 9.38098 15.8841 -5.2109 35.8198
1229002 4.22342 19.9083 2.30714 9.38098 15.8841 -5.2109 35.8198
1229005 4.19443 19.8987 2.20595 9.18736 15.9819 -5.36817 35.4864
1229036 4.19443 19.8126 2.14524 9.0131 15.9859 -5.48069 35.1654
1229038 4.19443 19.8126 2.14524 9.0131 15.9859 -5.48069 35.1654
1229039 4.14611 19.6978 2.09464 8.8582 16.0326 -5.55701 34.7968
1229045 4.22342 19.5447 2.11488 8.8098 15.8651 -5.55309 34.6928
1229071 4.22342 19.5447 2.11488 8.8098 15.8651 -5.55309 34.6928
1229073 4.14611 19.3534 2.08452 8.64522 15.8987 -5.59599 34.2293
1229075 4.14611 19.3534 2.08452 8.64522 15.8987 -5.59599 34.2293
1229085 4.07845 18.9994 2.03393 8.50968 15.91 -5.59208 33.6215
1229103 4.07845 18.789 2.08452 8.57745 15.8096 -5.46034 33.5294
1229105 4.07845 18.789 2.08452 8.57745 15.8096 -5.46034 33.5294
1229120 4.04946 18.5498 2.15536 8.6549 15.714 -5.29296 33.4095
1229140 3.89483 18.2341 2.29702 8.97437 15.7309 -4.87609 33.4003
1229142 3.89483 18.2341 2.29702 8.97437 15.7309 -4.87609 33.4003
1229146 3.86583 17.8993 2.50952 9.28417 15.5012 -4.45699 33.5588
1229174 3.73053 17.3348 2.86369 9.8844 15.2491 -3.68963 33.8134
1229176 3.5759 16.7691 3.16726 10.5524 15.1024 -2.9174 34.0646
1229191 3.5759 16.7691 3.16726 10.5524 15.1024 -2.9174 34.0646
1229210 3.52757 16.1822 3.60238 11.2107 14.6736 -2.1276 34.5229
1229212 3.45992 15.7301 3.89583 11.7335 14.4372 -1.53391 34.8193
1229226 3.45992 15.7301 3.89583 11.7335 14.4372 -1.53391 34.8193
1229246 3.42126 15.172 4.32083 12.1401 13.957 -0.912464 35.0542
1229248 3.98181 14.691 4.56369 12.3531 12.9944 -0.740124 35.5896
1229285 4.34906 13.9694 4.91786 12.508 12.0372 -0.374606 35.7443
1229288 4.34906 13.9694 4.91786 12.508 12.0372 -0.374606 35.7443
1229291 4.76464 13.1228 5.16071 12.4208 11.0084 -0.12936 35.469
1229292 5.42183 12.2954 5.5756 12.3434 9.56988 0.0849169 35.6362
1229319 6.28198 11.4776 5.95 12.0626 7.90299 0.106096 35.7723
1229320 6.28198 11.4776 5.95 12.0626 7.90299 0.106096 35.7723
1229330 7.10347 10.708 6.83036 11.8013 5.88274 0.337581 36.4431
1229354 7.99261 10.0153 8.11548 11.656 3.68139 0.700232 37.7794
1229356 7.99261 10.0153 8.11548 11.656 3.68139 0.700232 37.7794
1229360 8.57248 9.32258 8.80357 10.9203 1.90516 0.7292 37.6189
1229370 8.98806 8.32201 8.73274 9.70046 0.210997 0.471327 35.7433
1229392 8.98806 8.32201 8.73274 9.70046 0.210997 0.471327 35.7433
