899824 9.73223 5.71477 12.578 5.41173 -8.36185 1.14068 33.4367
899831 10.7857 5.05093 14.1667 5.13098 -10.51 1.47763 35.1343
899838 10.7857 5.05093 14.1667 5.13098 -10.51 1.47763 35.1343
899859 11.5298 4.2043 15.7351 5.14066 -12.2371 2.10666 36.6099
899860 11.9454 3.30956 16.8887 5.13098 -13.6779 2.72223 37.2747
899870 11.9454 3.30956 16.8887 5.13098 -13.6779 2.72223 37.2747
899879 12.3997 2.53028 17.4447 5.04385 -14.8792 3.03003 37.4185
899896 12.3997 2.53028 17.4447 5.04385 -14.8792 3.03003 37.4185
899899 12.564 1.95303 17.8086 4.97608 -15.7121 3.32465 37.3016
899914 12.477 1.67402 17.8692 4.95672 -16.0339 3.51906 36.9769
899920 12.477 1.67402 17.8692 4.95672 -16.0339 3.51906 36.9769
899930 12.419 1.6163 17.8692 4.94704 -16.0949 3.57419 36.8515
899940 12.187 1.52009 17.4447 4.8115 -16.1972 3.56575 35.9633
899950 12.187 1.52009 17.4447 4.8115 -16.1972 3.56575 35.9633
899960 11.8584 1.3854 16.8583 4.54043 -16.4472 3.53102 34.6426
899979 11.8584 1.3854 16.8583 4.54043 -16.4472 3.53102 34.6426
899990 11.5878 1.30843 16.2917 4.30809 -16.6161 3.44973 33.496
899996 11.3945 1.26995 15.8768 4.17255 -16.6817 3.38611 32.7138
900005 11.3945 1.26995 15.8768 4.17255 -16.6817 3.38611 32.7138
900015 11.3752 1.2026 15.7756 4.02733 -16.9243 3.34695 32.3807
900024 11.5009 1.26033 15.7048 3.98861 -16.9134 3.20395 32.4546
900032 11.5009 1.26033 15.7048 3.98861 -16.9134 3.20395 32.4546
900041 11.6168 1.26995 15.725 3.98861 -16.9348 3.14114 32.6004
900056 11.6168 1.26995 15.725 3.98861 -16.9348 3.14114 32.6004
900062 11.8005 1.31805 15.7857 4.10478 -16.7858 3.07734 33.009
900073 11.9261 1.37578 15.8869 4.13383 -16.7329 3.02446 33.3226
900099 12.0614 1.47199 16.0286 4.12415 -16.6937 2.9475 33.6861
900102 12.1774 1.50085 16.2714 4.24032 -16.604 2.99804 34.19
900115 12.1774 1.50085 16.2714 4.24032 -16.604 2.99804 34.19
900122 12.4576 1.6163 16.4131 4.33713 -16.4522 2.87571 34.8242
900137 12.4576 1.6163 16.4131 4.33713 -16.4522 2.87571 34.8242
900144 12.5543 1.63554 16.3524 4.26936 -16.5188 2.77145 34.8116
900157 12.6896 1.71251 16.1399 4.22096 -16.4658 2.57116 34.7629
900164 12.6896 1.71251 16.1399 4.22096 -16.4658 2.57116 34.7629
900177 12.8442 1.69327 15.9577 4.19191 -16.5168 2.4269 34.6871
900189 12.8539 1.78947 15.8768 4.14351 -16.4421 2.32676 34.6637
900197 12.8539 1.78947 15.8768 4.14351 -16.4421 2.32676 34.6637
900205 12.8539 1.77023 15.7048 4.20159 -16.3528 2.29459 34.5305
900217 13.0569 2.588 15.6542 4.38554 -15.2289 1.84737 35.6846
900230 13.0569 2.588 15.6542 4.38554 -15.2289 1.84737 35.6846
900235 12.9119 2.8189 15.2696 4.4533 -14.7441 1.68903 35.4537
900250 12.9119 2.8189 15.2696 4.4533 -14.7441 1.68903 35.4537
900259 12.6799 3.67516 14.5512 4.53075 -13.4218 1.15424 35.437
900266 12.3417 4.8489 13.8327 4.74374 -11.5901 0.581222 35.767
900276 12.3417 4.8489 13.8327 4.74374 -11.5901 0.581222 35.767
900286 11.9261 6.0515 12.8512 4.72437 -9.84541 -0.169618 35.5532
900296 11.8488 7.15789 11.3131 4.71469 -8.05584 -1.27541 35.0345
900316 11.8488 7.15789 11.3131 4.71469 -8.05584 -1.27541 35.0345
900319 11.8874 8.19694 9.75476 4.7631 -6.27283 -2.41308 34.6022
900328 11.8874 8.19694 9.75476 4.7631 -6.27283 -2.41308 34.6022
900337 11.8584 9.14941 8.34821 5.2762 -4.17317 -3.19793 34.6323
900348 11.6652 10.2847 7.32619 6.46697 -1.56654 -3.42304 35.743
900361 11.6652 10.2847 7.32619 6.46697 -1.56654 -3.42304 35.743
900371 11.3559 11.2949 6.30417 7.4738 0.760806 -3.65348 36.4287
900378 10.9113 11.901 5.48452 8.40319 2.66234 -3.64764 36.7
900387 10.9113 11.901 5.48452 8.40319 2.66234 -3.64764 36.7
900402 10.0898 12.5456 5.00893 9.27449 4.5514 -3.39338 36.9188
900412 10.0898 12.5456 5.00893 9.27449 4.5514 -3.39338 36.9188
900419 9.20068 13.219 4.76607 10.0683 6.25475 -3.05414 37.2541
900429 8.0506 13.8155 4.39167 10.5621 8.10386 -2.81602 36.8198
900439 8.0506 13.8155 4.39167 10.5621 8.10386 -2.81602 36.8198
900449 6.78454 14.1811 4.06786 10.9396 9.91597 -2.48441 35.9731
900459 5.46049 14.5467 3.80476 11.5399 11.8956 -1.97835 35.3518
900469 5.46049 14.5467 3.80476 11.5399 11.8956 -1.97835 35.3518
900479 4.27175 14.893 3.85536 12.2272 13.4713 -1.31168 35.2474
900489 4.27175 14.893 3.85536 12.2272 13.4713 -1.31168 35.2474
900504 3.42126 15.1624 3.91607 12.8759 14.6294 -0.759744 35.3756
900513 3.13132 15.4895 4.16905 13.3405 14.8972 -0.461354 36.1305
900522 3.13132 15.4895 4.16905 13.3405 14.8972 -0.461354 36.1305
900530 3.02501 15.4895 4.31071 13.6407 14.9417 -0.231657 36.4659
900542 2.97669 15.3067 4.35119 13.8052 14.9452 -0.0522771 36.4399
900550 2.97669 15.3067 4.35119 13.8052 14.9452 -0.0522771 36.4399
900564 2.87038 15.0662 4.37143 13.6987 14.9438 0.0556487 36.0068
900575 2.87038 15.0662 4.37143 13.6987 14.9438 0.0556487 36.0068
900584 2.79306 14.7776 4.1994 13.4083 15.0614 0.0158054 35.1784
900594 2.68675 14.4793 4.18929 13.176 15.0438 0.086512 34.5313
900609 2.68675 14.4793 4.18929 13.176 15.0438 0.086512 34.5313
900617 2.63843 14.3158 4.05774 13.0501 15.1706 0.067656 34.0621
900626 2.56111 14.1715 3.99702 12.9436 15.2621 0.0926793 33.6732
900632 2.56111 14.1715 3.99702 12.9436 15.2621 0.0926793 33.6732
900646 2.56111 14.0656 4.09821 12.9339 15.1076 0.180661 33.6589
900670 2.57078 13.9791 4.10833 12.9339 15.0585 0.219889 33.5921
900679 2.60944 14.0464 4.13869 12.8565 14.9734 0.15126 33.651
900689 2.60944 14.0464 4.13869 12.8565 14.9734 0.15126 33.651
900696 2.6481 14.0656 4.05774 12.7887 15.0093 0.0593215 33.5602
900705 2.6481 14.1426 4.10833 12.779 14.9691 0.0430548 33.6781
900714 2.6481 14.1426 4.10833 12.779 14.9691 0.0430548 33.6781
900724 2.67709 14.1811 4.05774 12.779 15.0062 -0.00952989 33.695
900734 2.67709 14.1811 4.05774 12.779 15.0062 -0.00952989 33.695
900744 2.69642 14.1811 4.17917 12.8855 14.8716 0.0827211 33.9422
900756 2.75441 14.2003 4.31071 13.0598 14.7086 0.181687 34.3253
900769 2.75441 14.2003 4.31071 13.0598 14.7086 0.181687 34.3253
900778 2.77374 14.1811 4.38155 13.0985 14.6104 0.228792 34.4349
900785 2.73508 14.133 4.45238 13.2244 14.5969 0.351144 34.5448
900795 2.73508 14.133 4.45238 13.2244 14.5969 0.351144 34.5448
900805 2.77374 13.9502 4.52321 13.2534 14.4249 0.457687 34.5006
900831 2.72541 13.854 4.49286 13.1953 14.4678 0.485349 34.2676
900836 2.71575 13.7097 4.63452 13.3018 14.3046 0.659564 34.3618
900846 2.71575 13.7097 4.63452 13.3018 14.3046 0.659564 34.3618
900856 2.72541 13.498 4.66488 13.3405 14.2046 0.78092 34.2289
900867 2.65776 13.1517 4.79643 13.4277 14.0488 1.06425 34.0335
900881 2.65776 13.1517 4.79643 13.4277 14.0488 1.06425 34.0335
900889 3.49858 13.1805 5.1 13.5729 12.8386 0.845971 35.352
900897 3.63388 12.9689 5.37321 13.4858 12.3003 0.954362 35.4617
900911 3.63388 12.9689 5.37321 13.4858 12.3003 0.954362 35.4617
900917 4.29107 12.7187 5.60595 13.3018 11.2226 0.792636 35.9176
900933 4.29107 12.7187 5.60595 13.3018 11.2226 0.792636 35.9176
900939 4.97726 12.2954 6.0006 12.8952 9.82401 0.673156 36.1685
900949 5.90506 11.8913 6.73929 12.537 7.94655 0.598783 37.0727
900959 5.90506 11.8913 6.73929 12.537 7.94655 0.598783 37.0727
900969 7.02615 11.2949 8.53036 12.1595 5.06129 0.91083 39.0108
900979 7.90563 10.5059 10.5542 11.6173 2.25677 1.38971 40.583
900992 7.90563 10.5059 10.5542 11.6173 2.25677 1.38971 40.583
901010 8.37919 9.38993 11.222 10.0683 -0.0914961 1.35226 39.0595
901024 8.55315 7.9468 11.1411 8.25797 -2.43005 1.21135 35.899
901030 8.9494 6.80192 11.5054 6.82517 -5.00828 1.13515 34.0819
901047 8.9494 6.80192 11.5054 6.82517 -5.00828 1.13515 34.0819
901056 9.73223 5.92643 12.153 5.80866 -7.54762 1.02749 33.6203
901066 10.5634 5.18563 12.8613 5.07289 -9.77206 0.97312 33.6832
901075 10.5634 5.18563 12.8613 5.07289 -9.77206 0.97312 33.6832
901088 11.3076 4.68534 13.6 4.51139 -11.5168 0.931767 34.1043
901092 11.3076 4.68534 13.6 4.51139 -11.5168 0.931767 34.1043
901101 12.0904 4.21392 14.4095 4.33713 -12.802 1.0452 35.051
901111 12.7572 3.9734 15.1685 4.11446 -13.7711 1.06305 36.0136
901121 12.7572 3.9734 15.1685 4.11446 -13.7711 1.06305 36.0136
901140 13.2405 3.5116 15.4923 3.97893 -14.6606 1.12598 36.2233
901155 13.6174 3.12677 15.7857 3.94989 -15.3006 1.23004 36.4798
901159 13.6174 3.12677 15.7857 3.94989 -15.3006 1.23004 36.4798
901166 13.8687 2.76118 15.806 3.80467 -15.9413 1.23375 36.2405
901178 13.8687 2.76118 15.806 3.80467 -15.9413 1.23375 36.2405
901182 14.0233 2.309 15.7756 3.582 -16.747 1.27149 35.6899
901192 14.1683 1.8953 15.7149 3.47551 -17.3827 1.33041 35.254
901202 14.1683 1.8953 15.7149 3.47551 -17.3827 1.33041 35.254
901212 14.3036 1.6163 15.7351 3.36902 -17.883 1.36375 35.024
901223 14.4002 1.52971 15.8161 3.32062 -18.0841 1.37171 35.0666
901245 14.4002 1.52971 15.8161 3.32062 -18.0841 1.37171 35.0666
901250 14.4002 1.55857 15.7756 3.29157 -18.0764 1.33117 35.026
901259 14.4002 1.55857 15.7756 3.29157 -18.0764 1.33117 35.026
901268 14.3616 1.51047 15.6036 3.29157 -18.094 1.30429 34.7672
901274 14.2746 1.53933 15.4518 3.30125 -17.9982 1.2754 34.567
901284 14.2746 1.53933 15.4518 3.30125 -17.9982 1.2754 34.567
901294 14.1779 1.49123 15.3506 3.28189 -18.0424 1.29585 34.3017
901304 14.1103 1.54895 15.219 3.32062 -17.8805 1.26338 34.1989
901319 14.1103 1.54895 15.219 3.32062 -17.8805 1.26338 34.1989
901325 13.975 1.57782 15.1887 3.32062 -17.8096 1.30196 34.0621
901337 13.975 1.57782 15.1887 3.32062 -17.8096 1.30196 34.0621
901346 13.801 1.59706 15.0976 3.35934 -17.68 1.35528 33.855
901357 13.6754 1.55857 14.9762 3.3303 -17.712 1.3741 33.5404
901366 13.6754 1.55857 14.9762 3.3303 -17.712 1.3741 33.5404
901379 13.6077 1.57782 14.9256 3.32062 -17.674 1.37324 33.4318
901386 13.5884 1.52971 14.8851 3.34966 -17.6852 1.40167 33.3529
901405 13.5884 1.52971 14.8851 3.34966 -17.6852 1.40167 33.3529
901407 13.5014 1.57782 14.794 3.35934 -17.5718 1.38756 33.2326
901416 13.5014 1.57782 14.794 3.35934 -17.5718 1.38756 33.2326
901426 13.4434 1.55857 14.956 3.47551 -17.4715 1.53863 33.4335
901445 13.5208 1.57782 15.3101 3.46583 -17.5554 1.62839 33.8745
901454 13.5208 1.57782 15.3101 3.46583 -17.5554 1.62839 33.8745
901460 13.4531 1.59706 15.4417 3.55296 -17.4364 1.73792 34.0448
901469 13.4144 1.54895 15.5125 3.54328 -17.5156 1.80445 34.0192
901477 13.4144 1.54895 15.5125 3.54328 -17.5156 1.80445 34.0192
901491 13.3275 1.62592 15.5327 3.67882 -17.2366 1.86954 34.1649
901503 13.3275 1.62592 15.5327 3.67882 -17.2366 1.86954 34.1649
901509 13.2405 1.62592 15.644 3.7369 -17.1705 1.97733 34.2473
901519 13.2405 1.60668 15.6036 3.77563 -17.1372 1.98621 34.2264
901545 13.4821 2.70345 15.3708 3.99829 -15.5754 1.34311 35.5547
901549 13.3854 3.13639 14.8649 4.14351 -14.7553 1.04976 35.5302
901560 13.3854 3.13639 14.8649 4.14351 -14.7553 1.04976 35.5302
901569 13.3758 4.19468 14.2274 4.47267 -13.0518 0.46715 36.2705
901595 13.4144 5.65705 13.2661 4.74374 -10.9757 -0.429465 37.0813
901604 13.1632 6.98472 12.0619 4.97608 -8.91754 -1.25447 37.1859
901610 13.1632 6.98472 12.0619 4.97608 -8.91754 -1.25447 37.1859
901620 12.7283 8.11998 10.7262 5.56663 -6.57483 -1.83978 37.1411
901631 12.1967 9.02433 9.41071 6.29271 -4.25895 -2.24145 36.9245
901641 12.1967 9.02433 9.41071 6.29271 -4.25895 -2.24145 36.9245
901652 11.7618 9.91907 7.63988 6.93166 -1.75916 -2.94159 36.2524
901661 11.037 11.064 5.97024 7.35763 0.998053 -3.71437 35.4288
901674 11.037 11.064 5.97024 7.35763 0.998053 -3.71437 35.4288
901681 10.2928 12.1222 4.63452 7.88041 3.63252 -4.2514 34.93
901696 10.2928 12.1222 4.63452 7.88041 3.63252 -4.2514 34.93
901701 9.37464 13.0362 4.05774 8.75171 5.93091 -4.08915 35.2203
901719 8.76578 13.8059 3.95655 9.74886 7.46506 -3.66606 36.2771
901722 8.76578 13.8059 3.95655 9.74886 7.46506 -3.66606 36.2771
901732 8.19557 14.3639 3.9869 10.746 8.66627 -3.14805 37.2924
901743 7.40307 14.7391 3.95655 11.4431 9.8707 -2.69403 37.5418
901753 7.40307 14.7391 3.95655 11.4431 9.8707 -2.69403 37.5418
901771 6.36896 14.9219 3.7744 12.0142 11.3221 -2.22585 37.0795
901790 5.24787 15.0085 3.63274 12.6145 12.836 -1.64744 36.5036
901799 4.04946 15.0566 3.55179 13.0985 14.3708 -1.0302 35.7564
901812 4.04946 15.0566 3.55179 13.0985 14.3708 -1.0302 35.7564
901819 3.12166 14.9892 3.53155 13.5148 15.5379 -0.454196 35.1573
901826 2.52246 15.0374 3.51131 13.7278 16.3305 -0.138239 34.7989
901835 2.52246 15.0374 3.51131 13.7278 16.3305 -0.138239 34.7989
901844 2.13587 15.1239 3.57202 13.9892 16.8039 0.129831 34.821
901870 2.13587 15.249 3.58214 14.1441 16.8573 0.145823 35.1111
901880 2.13587 15.4414 3.47083 14.0182 17.0056 -0.0377458 35.0664
901889 2.13587 15.4414 3.47083 14.0182 17.0056 -0.0377458 35.0664
901904 2.19386 15.5761 3.35952 13.8052 17.0518 -0.259861 34.9347
901907 2.11654 15.6627 3.16726 13.5245 17.3359 -0.473223 34.471
901915 2.11654 15.6627 3.16726 13.5245 17.3359 -0.473223 34.471
901930 2.07789 15.8455 2.93452 13.2921 17.6612 -0.745264 34.1501
901936 2.07789 15.8455 2.93452 13.2921 17.6612 -0.745264 34.1501
901949 2.05856 15.8647 2.78274 13.0695 17.8331 -0.919786 33.7755
901956 2.03923 15.9417 2.7119 12.7694 17.9007 -1.12052 33.4622
901972 2.03923 15.9417 2.7119 12.7694 17.9007 -1.12052 33.4622
901976 1.9909 15.884 2.6006 12.6629 18.0722 -1.18205 33.1384
901995 2.00057 15.9513 2.52976 12.6822 18.1698 -1.23926 33.1639
901997 2.00057 15.9513 2.52976 12.6822 18.1698 -1.23926 33.1639
902006 2.00057 15.9417 2.52976 12.6048 18.1518 -1.27328 33.0768
902021 2.00057 15.9417 2.52976 12.6048 18.1518 -1.27328 33.0768
902027 2.00057 15.9802 2.59048 12.7306 18.1069 -1.19797 33.3019
902040 2.00057 16.0572 2.66131 12.9339 18.0736 -1.09759 33.653
902047 2.00057 16.0572 2.66131 12.9339 18.0736 -1.09759 33.653
902057 2.02956 16.1053 2.72202 13.0888 18.0012 -1.02692 33.9457
902067 1.9909 16.0572 2.86369 13.2825 17.9014 -0.834314 34.1942
902089 1.9909 16.0572 2.86369 13.2825 17.9014 -0.834314 34.1942
902090 2.0199 16.0091 2.975 13.4374 17.7487 -0.704066 34.4413
902115 1.98124 16.0475 3.0256 13.5051 17.7562 -0.650209 34.5595
902120 2.08755 16.0187 3.00536 13.5632 17.6562 -0.665175 34.6748
902139 2.08755 16.0187 3.00536 13.5632 17.6562 -0.665175 34.6748
902141 2.02956 16.0379 2.96488 13.5729 17.7837 -0.663068 34.6053
902150 2.02956 15.9321 3.06607 13.5729 17.6365 -0.573408 34.6006
902167 2.02956 15.9321 3.06607 13.5729 17.6365 -0.573408 34.6006
902180 2.46447 16.1053 3.27857 13.7084 16.9241 -0.667693 35.5567
902185 2.46447 16.1053 3.27857 13.7084 16.9241 -0.667693 35.5567
902194 3.02501 16.2207 3.44048 13.6987 16.1152 -0.868423 36.3849
902204 3.67254 16.1534 3.63274 13.4083 15.0924 -1.13307 36.867
902212 3.67254 16.1534 3.63274 13.4083 15.0924 -1.13307 36.867
902221 4.30074 15.8359 4.20952 13.2244 13.6743 -1.07906 37.5705
902236 5.44116 15.6146 5.76786 13.0985 10.9614 -0.82262 39.9221
902242 5.44116 15.6146 5.76786 13.0985 10.9614 -0.82262 39.9221
902252 6.54292 14.97 7.02262 12.508 8.4742 -0.724475 41.0435
902262 6.81353 13.7289 6.70893 11.1139 7.37669 -1.06331 38.3653
902276 6.81353 13.7289 6.70893 11.1139 7.37669 -1.06331 38.3653
902282 7.03582 12.5071 6.10179 9.5262 6.32318 -1.66967 35.1709
902300 7.03582 12.5071 6.10179 9.5262 6.32318 -1.66967 35.1709
902304 7.45139 11.2467 5.85893 8.04499 4.58668 -2.20579 32.6021
902315 8.10858 10.1211 6.1625 6.78645 2.114 -2.54056 31.1786
902328 8.10858 10.1211 6.1625 6.78645 2.114 -2.54056 31.1786
902339 9.1137 9.0532 7.15417 5.69248 -1.22703 -2.57319 31.0135
902351 10.4281 8.06225 8.82381 4.97608 -4.81071 -2.17889 32.2902
902355 10.4281 8.06225 8.82381 4.97608 -4.81071 -2.17889 32.2902
902365 11.6748 7.17714 10.8071 4.66629 -7.7483 -1.4764 34.3254
902376 11.6748 7.17714 10.8071 4.66629 -7.7483 -1.4764 34.3254
902385 12.7572 6.32088 12.9827 4.65661 -10.0514 -0.587781 36.7175
902400 13.3758 5.32994 14.7232 4.73405 -11.8145 0.295397 38.163
902406 13.3758 5.32994 14.7232 4.73405 -11.8145 0.295397 38.163
902425 13.5981 4.17544 15.644 4.64692 -13.4113 0.992056 38.0645
902431 13.4821 3.07866 16.6054 4.46298 -14.979 1.79685 37.6291
902440 13.4821 3.07866 16.6054 4.46298 -14.979 1.79685 37.6291
902454 13.4531 2.10696 17.0606 4.35649 -16.2602 2.37595 36.9772
902458 13.4531 2.10696 17.0606 4.35649 -16.2602 2.37595 36.9772
902467 13.5304 1.52971 17.2931 4.22096 -17.1384 2.64692 36.5742
902481 13.7817 1.47199 17 4.05638 -17.3873 2.39714 36.3101
902489 13.7817 1.47199 17 4.05638 -17.3873 2.39714 36.3101
902497 13.9363 1.40464 16.5649 3.77563 -17.741 2.10174 35.6815
902516 13.9557 1.30843 16.2613 3.61105 -17.9995 1.9673 35.1364
902532 13.9557 1.30843 16.2613 3.61105 -17.9995 1.9673 35.1364
902535 13.8783 1.26033 15.9375 3.40774 -18.2315 1.8298 34.4839
902544 13.83 1.21222 15.7655 3.32062 -18.3591 1.77734 34.1283
902558 13.83 1.21222 15.7655 3.32062 -18.3591 1.77734 34.1283
902562 13.8977 1.13526 15.6946 3.1754 -18.6427 1.69769 33.903
902571 13.8977 1.13526 15.6946 3.1754 -18.6427 1.69769 33.903
902586 13.917 1.13526 15.4315 3.08827 -18.7098 1.5493 33.5721
902590 13.8977 1.05829 15.1988 2.96241 -18.9296 1.45178 33.1172
902611 13.8977 1.05829 15.1988 2.96241 -18.9296 1.45178 33.1172
902613 14.0136 1.06791 14.9863 2.88497 -19.0022 1.26987 32.9528
902621 14.0136 1.06791 14.9863 2.88497 -19.0022 1.26987 32.9528
902636 14.2263 1.06791 14.794 2.76879 -19.1615 1.0357 32.857
902640 14.4292 1.11602 14.6423 2.70103 -19.197 0.820066 32.8885
902650 14.4292 1.11602 14.6423 2.70103 -19.197 0.820066 32.8885
902661 14.6128 1.12564 14.7333 2.76879 -19.1421 0.795853 33.2406
902675 14.8545 1.18336 14.956 2.84624 -19.0461 0.782079 33.84
902688 14.8545 1.18336 14.956 2.84624 -19.0461 0.782079 33.84
902690 15.1637 1.32767 15.2089 2.8656 -18.9344 0.687003 34.5659
902705 15.1637 1.32767 15.2089 2.8656 -18.9344 0.687003 34.5659
902714 15.386 1.39502 15.2393 2.93337 -18.8084 0.597199 34.9537
902721 15.6276 1.39502 15.3607 2.9721 -18.824 0.555852 35.3555
902738 15.6276 1.39502 15.3607 2.9721 -18.824 0.555852 35.3555
902746 15.7823 1.46237 15.4012 2.95273 -18.7988 0.467418 35.5986
902751 15.8596 1.52971 15.4417 2.96241 -18.7249 0.425271 35.7934
902766 15.8596 1.52971 15.4417 2.96241 -18.7249 0.425271 35.7934
902772 16.0819 1.86644 15.472 3.28189 -17.9863 0.329247 36.7022
902791 16.0819 1.86644 15.472 3.28189 -17.9863 0.329247 36.7022
902795 16.1495 2.14544 15.1179 3.18508 -17.7174 0.00326693 36.5979
902804 16.1978 2.53028 14.7435 3.30125 -17.0709 -0.278772 36.7728
902815 16.1978 2.53028 14.7435 3.30125 -17.0709 -0.278772 36.7728
902822 16.1109 2.91511 14.2071 3.55296 -16.2085 -0.516171 36.7861
902832 15.9756 3.43463 13.7518 3.90148 -15.1033 -0.711046 37.0635
902866 15.647 3.84833 13.1143 4.25968 -14.0044 -0.863045 36.8693
902869 15.299 4.23316 12.2946 4.33713 -13.1508 -1.20303 36.164
902879 15.299 4.23316 12.2946 4.33713 -13.1508 -1.20303 36.164
902892 14.9511 4.74307 11.303 4.43394 -12.0495 -1.67533 35.4311
902896 14.9511 4.74307 11.303 4.43394 -12.0495 -1.67533 35.4311
902906 14.5259 5.33956 10.2708 4.37585 -10.9246 -2.26822 34.5121
902917 14.1586 6.10922 9.15774 4.62756 -9.23524 -2.85548 34.0531
902925 14.1586 6.10922 9.15774 4.62756 -9.23524 -2.85548 34.0531
902941 13.7527 7.10979 8.00417 5.07289 -7.05238 -3.44087 33.9396
902946 13.2308 8.28353 6.84048 5.62472 -4.53438 -3.99468 33.9795
902955 13.2308 8.28353 6.84048 5.62472 -4.53438 -3.99468 33.9795
902970 12.7186 9.50538 5.83869 6.37016 -1.94708 -4.36289 34.4328
902975 12.7186 9.50538 5.83869 6.37016 -1.94708 -4.36289 34.4328
902991 12.2644 10.4482 5.41369 7.41572 0.130755 -4.17105 35.542
902996 11.7425 11.4392 5.02917 8.49032 2.15106 -3.94899 36.7011
903006 11.7425 11.4392 5.02917 8.49032 2.15106 -3.94899 36.7011
903019 10.9886 12.3147 4.91786 9.47779 3.90327 -3.54425 37.6989
903027 9.85787 12.863 4.78631 10.3007 5.63344 -3.0287 37.8079
903042 9.85787 12.863 4.78631 10.3007 5.63344 -3.0287 37.8079
903048 8.69812 13.142 4.49286 10.7944 7.23554 -2.64746 37.1274
903057 8.69812 13.142 4.49286 10.7944 7.23554 -2.64746 37.1274
903070 7.2581 13.2671 4.31071 11.2978 8.99169 -2.04103 36.1338
903077 5.90506 13.3922 4.28036 11.9368 10.6602 -1.30093 35.5144
903087 5.90506 13.3922 4.28036 11.9368 10.6602 -1.30093 35.5144
903098 4.73565 13.5173 4.28036 12.4596 12.1174 -0.648554 34.9928
903112 3.80785 13.6808 4.37143 12.9823 13.2625 -0.0580689 34.8424
903125 3.80785 13.6808 4.37143 12.9823 13.2625 -0.0580689 34.8424
903129 3.16998 13.7578 4.26012 13.1953 14.1952 0.230209 34.3832
903139 3.16998 13.7578 4.26012 13.1953 14.1952 0.230209 34.3832
903152 2.74474 13.7674 4.35119 13.447 14.6592 0.562259 34.3104
903159 2.56111 13.9598 4.42202 13.5826 14.887 0.644594 34.5255
903186 2.51279 14.2581 4.33095 13.5826 15.1343 0.494174 34.6844
903190 2.52246 14.4216 4.26012 13.4664 15.2185 0.338522 34.6706
903203 2.52246 14.4216 4.26012 13.4664 15.2185 0.338522 34.6706
903210 2.44514 14.3062 4.0881 13.418 15.4645 0.330489 34.2574
903230 2.44514 14.3062 4.0881 13.418 15.4645 0.330489 34.2574
903232 2.3195 14.3543 3.99702 13.4567 15.7457 0.342818 34.1275
903259 2.30017 14.3639 3.97679 13.4277 15.7877 0.325989 34.0685
903260 2.30017 14.3639 3.97679 13.4277 15.7877 0.325989 34.0685
903263 2.28084 14.4409 3.80476 13.3502 16.018 0.191853 33.8767
903284 2.1552 14.4601 3.84524 13.5148 16.1694 0.328799 33.9753
903286 2.1552 14.4601 3.84524 13.5148 16.1694 0.328799 33.9753
903292 2.09721 14.3831 3.93631 13.631 16.1396 0.478862 34.0476
903311 2.06822 14.3831 3.92619 13.631 16.1869 0.48774 34.0085
903313 2.06822 14.1041 3.92619 13.9021 16.1848 0.730526 34.0006
903325 2.01023 14.0368 4.00714 14.086 16.1872 0.898992 34.1402
903338 2.01023 14.0368 4.00714 14.086 16.1872 0.898992 34.1402
903343 1.93292 13.9502 4.14881 14.2312 16.125 1.09311 34.2631
903353 1.86526 13.8347 4.12857 14.3571 16.2334 1.22228 34.1856
903365 1.86526 13.8347 4.12857 14.3571 16.2334 1.22228 34.1856
903377 1.91359 13.7385 4.21964 14.4829 16.0737 1.33188 34.3547
903392 1.84594 13.6712 4.27024 14.6572 16.1217 1.48512 34.4445
903420 1.73962 13.4211 4.39167 14.8218 16.0815 1.76852 34.3741
903422 1.73962 13.4211 4.39167 14.8218 16.0815 1.76852 34.3741
903427 1.62365 13.1517 4.50298 15.0251 16.0699 2.07824 34.3034
903437 1.65264 12.7668 4.71548 15.2671 15.7446 2.42562 34.402
903448 1.65264 12.7668 4.71548 15.2671 15.7446 2.42562 34.402
903455 1.61399 12.5744 4.8369 15.4607 15.6471 2.65725 34.486
903465 1.51734 12.1992 5.01905 15.6156 15.4859 3.0209 34.3512
903478 1.51734 12.1992 5.01905 15.6156 15.4859 3.0209 34.3512
903490 1.49801 11.8529 5.21131 15.8092 15.24 3.34711 34.3714
903504 1.49801 11.8529 5.21131 15.8092 15.24 3.34711 34.3714
903506 2.28084 11.6604 5.50476 15.877 13.9794 3.15961 35.323
903516 2.88005 11.2852 5.74762 15.6446 12.868 3.04872 35.5575
903530 2.88005 11.2852 5.74762 15.6446 12.868 3.04872 35.5575
903536 3.69187 10.7465 6.10179 15.1993 11.2985 2.88033 35.7394
903557 4.60034 10.2366 6.93155 14.7927 9.22932 2.82569 36.5612
903559 4.60034 10.2366 6.93155 14.7927 9.22932 2.82569 36.5612
903567 5.7021 9.70741 8.82381 14.3377 6.16992 3.01469 38.571
903585 5.7021 9.70741 8.82381 14.3377 6.16992 3.01469 38.571
903588 6.84252 9.07244 10.6554 13.5051 3.16882 3.08625 40.0754
903597 7.34508 8.14884 10.8982 11.5883 0.98328 2.76165 37.9804
903612 7.34508 8.14884 10.8982 11.5883 0.98328 2.76165 37.9804
903626 7.722 7.4369 10.6149 9.28417 -1.15225 2.02813 35.0579
903640 8.23422 6.80192 10.8881 7.53189 -3.5782 1.51714 33.4561
903645 8.23422 6.80192 10.8881 7.53189 -3.5782 1.51714 33.4561
903654 8.98806 6.24392 11.6875 6.45729 -5.97298 1.30906 33.3768
903667 8.98806 6.24392 11.6875 6.45729 -5.97298 1.30906 33.3768
903670 9.86754 5.90719 12.75 5.70216 -8.0406 1.17339 34.2269
903680 10.8823 5.57046 13.9744 5.67312 -9.42731 1.32745 36.1003
903709 11.6941 5.24335 14.9054 5.65376 -10.4692 1.44878 37.4966
903711 12.2064 4.59875 15.3607 5.46982 -11.6236 1.60436 37.6357
903730 12.5543 3.84833 15.6542 5.24715 -12.809 1.80894 37.3039
903740 12.5543 3.84833 15.6542 5.24715 -12.809 1.80894 37.3039
903753 12.6993 3.0498 15.7857 5.08257 -13.8955 2.09705 36.6174
903761 12.9602 2.60724 16.0488 4.94704 -14.6696 2.22699 36.5633
903782 12.9602 2.60724 16.0488 4.94704 -14.6696 2.22699 36.5633
903784 13.0375 2.32824 15.9173 4.85991 -15.0559 2.24584 36.1429
903810 13.1535 2.25127 15.806 4.80182 -15.2074 2.16716 36.0125
903811 13.1535 2.25127 15.806 4.80182 -15.2074 2.16716 36.0125
903817 13.2018 2.27051 15.472 4.62756 -15.304 1.95122 35.5719
903826 12.9505 2.15507 15.0167 4.44362 -15.4549 1.88973 34.5659
903839 12.9505 2.15507 15.0167 4.44362 -15.4549 1.88973 34.5659
903848 12.8442 2.1262 14.703 4.34681 -15.4865 1.79865 34.0202
903854 12.8442 2.1262 14.703 4.34681 -15.4865 1.79865 34.0202
903868 12.7186 2.09734 14.5613 4.33713 -15.4574 1.81637 33.7144
903874 12.6703 2.02999 14.5613 4.33713 -15.5247 1.87426 33.5987
903884 12.6703 2.02999 14.5613 4.33713 -15.5247 1.87426 33.5987
903896 12.6026 2.10696 14.4905 4.25968 -15.4861 1.81139 33.4597
903909 12.4576 2.02999 14.3589 4.16287 -15.6196 1.83318 33.0094
903925 12.4576 2.02999 14.3589 4.16287 -15.6196 1.83318 33.0094
903927 12.3417 2.00113 14.1565 4.24032 -15.4681 1.85741 32.7397
903935 12.3417 2.00113 14.1565 4.24032 -15.4681 1.85741 32.7397
903953 12.2547 2.00113 14.0655 4.11446 -15.5728 1.81472 32.4358
903957 12.274 1.99151 14.0554 4.17255 -15.5149 1.82916 32.4934
903966 12.274 1.99151 14.0554 4.17255 -15.5149 1.82916 32.4934
903985 12.3707 2.04924 14.2375 4.17255 -15.5242 1.8231 32.83
903989 12.4576 2.0781 14.4601 4.32745 -15.3888 1.91389 33.3233
904015 12.5446 2.05886 14.5411 4.31777 -15.4719 1.90753 33.4623
904024 12.5446 2.05886 14.5411 4.31777 -15.4719 1.90753 33.4623
904037 12.5736 2.09734 14.8042 4.4533 -15.3464 2.02773 33.9284
904039 12.6509 2.14544 15.047 4.55979 -15.2549 2.09738 34.4032
904047 12.6509 2.14544 15.047 4.55979 -15.2549 2.09738 34.4032
904064 12.7959 2.14544 15.1887 4.63724 -15.2456 2.1074 34.7673
904069 12.9409 2.18393 15.1988 4.58884 -15.3004 2.00337 34.9124
904079 12.9409 2.18393 15.1988 4.58884 -15.3004 2.00337 34.9124
904095 13.1438 2.22241 15.1988 4.57916 -15.3233 1.88298 35.1442
904099 13.5497 3.36729 15.1179 4.73405 -13.9834 1.19729 36.7689
904109 13.5497 3.36729 15.1179 4.73405 -13.9834 1.19729 36.7689
904124 13.6561 3.81947 14.6423 4.82118 -13.3041 0.807247 36.939
904134 13.6561 3.81947 14.6423 4.82118 -13.3041 0.807247 36.939
904140 13.6754 4.57951 13.944 4.89863 -12.2254 0.237665 37.0976
904153 13.5691 6.0034 13.0839 5.26651 -10.141 -0.48336 37.9229
904164 13.5691 6.0034 13.0839 5.26651 -10.141 -0.48336 37.9229
904181 13.4144 7.44652 11.7988 5.79897 -7.7796 -1.27273 38.4587
904183 13.0762 7.44652 9.67381 5.73121 -6.66078 -2.13666 35.9277
904190 13.0762 8.61064 9.67381 5.73121 -5.66711 -2.54037 37.0918
904200 12.6896 9.71703 7.41726 5.29556 -3.62639 -4.14036 35.1195
904213 12.6896 9.71703 7.41726 5.29556 -3.62639 -4.14036 35.1195
904225 12.3223 10.8427 5.4744 5.13098 -1.34962 -5.57869 33.7704
904242 11.9551 12.3147 4.37143 5.58599 1.14977 -6.27235 34.2272
904243 11.9551 12.3147 4.37143 5.58599 1.14977 -6.27235 34.2272
904251 11.6652 13.7289 3.89583 6.31207 3.1459 -6.39831 35.602
904272 11.0756 13.7289 3.62262 6.97039 4.23834 -6.02225 35.3975
904272 11.0756 15.0085 3.62262 6.97039 4.96266 -6.33546 36.6771
904281 10.4088 15.9128 3.50119 7.52221 6.37643 -6.14468 37.345
904301 10.4088 15.9128 3.50119 7.52221 6.37643 -6.14468 37.345
904303 9.46163 16.4516 3.20774 7.9385 7.90671 -5.97702 37.0595
904316 8.45651 16.9038 2.98512 8.09339 9.30021 -5.87908 36.4388
904330 8.45651 16.9038 2.98512 8.09339 9.30021 -5.87908 36.4388
904332 7.37408 17.2296 2.74226 8.35478 10.8317 -5.67494 35.7007
904343 6.40762 17.4209 2.67143 8.52904 12.0407 -5.40755 35.029
904362 5.66344 17.6697 2.56012 8.71298 13.1184 -5.22739 34.6062
904388 5.66344 17.6697 2.56012 8.71298 13.1184 -5.22739 34.6062
904389 5.02558 17.9375 2.57024 8.90661 13.9724 -5.00274 34.44
904397 4.68732 18.1002 2.66131 9.08087 14.359 -4.79819 34.5297
904417 4.51336 18.2628 2.74226 9.25513 14.5673 -4.64956 34.7735
904424 4.44571 18.3776 2.8131 9.30353 14.6125 -4.59647 34.9399
904447 4.44571 18.3776 2.8131 9.30353 14.6125 -4.59647 34.9399
904453 4.4747 18.4063 2.85357 9.39066 14.5684 -4.54236 35.1252
904461 4.4747 18.4063 2.85357 9.39066 14.5684 -4.54236 35.1252
904477 4.5037 18.2724 2.93452 9.44875 14.4221 -4.43387 35.1593
904478 4.46504 18.1097 2.90417 9.45843 14.4537 -4.38449 34.9374
904507 4.46504 17.9088 2.94464 9.28417 14.2932 -4.39781 34.6027
904508 4.41671 17.6505 2.89405 9.18736 14.2957 -4.38634 34.1487
904515 4.41671 17.6505 2.89405 9.18736 14.2957 -4.38634 34.1487
904536 4.3394 17.3444 3.01548 9.13895 14.1323 -4.22423 33.8382
904537 4.3394 17.3444 3.01548 9.13895 14.1323 -4.22423 33.8382
904550 4.25242 16.9038 3.19762 9.41002 13.9674 -3.7978 33.7638
904565 4.16543 16.4612 3.31905 9.75854 13.8968 -3.3597 33.7043
904568 4.16543 16.4612 3.31905 9.75854 13.8968 -3.3597 33.7043
904576 3.95281 15.9128 3.64286 10.3007 13.7669 -2.62744 33.8092
904592 3.83684 15.2875 4.0881 10.9784 13.4107 -1.78025 34.1908
904596 3.83684 15.2875 4.0881 10.9784 13.4107 -1.78025 34.1908
904624 3.67254 14.6429 4.35119 11.5108 13.2617 -1.07678 34.1775
904626 3.67254 14.6429 4.35119 11.5108 13.2617 -1.07678 34.1775
904629 3.56623 14.3158 4.53333 11.9077 13.201 -0.629725 34.3231
904638 3.5469 14.1041 4.63452 12.0626 13.0905 -0.416557 34.3482
904655 3.5469 14.1041 4.63452 12.0626 13.0905 -0.416557 34.3482
904662 3.45026 13.8059 4.78631 12.2466 12.9895 -0.0976628 34.289
904669 3.3826 13.5557 4.9381 12.508 12.9005 0.22149 34.3844
904688 3.3826 13.5557 4.9381 12.508 12.9005 0.22149 34.3844
904690 3.32462 13.2383 5.11012 12.8081 12.769 0.589598 34.4811
904719 3.16032 12.7861 5.32262 12.992 12.6201 1.03685 34.261
904722 3.07334 12.305 5.3631 13.1276 12.5455 1.37837 33.869
904729 3.07334 12.305 5.3631 13.1276 12.5455 1.37837 33.869
904751 2.93803 11.6989 5.45417 13.0888 12.3535 1.76585 33.18
904753 4.13644 11.2949 5.53512 12.8565 10.7026 1.31286 33.8229
904760 4.13644 11.2949 5.53512 12.8565 10.7026 1.31286 33.8229
904785 5.11256 10.5348 5.91964 12.3337 8.72866 1.15307 33.9007
904787 5.11256 10.5348 5.91964 12.3337 8.72866 1.15307 33.9007
904790 6.35929 9.71703 6.8506 12.1207 6.15439 1.23902 35.0477
904800 8.31154 9.17827 7.74107 11.6367 3.22935 0.768129 36.8676
904815 8.31154 9.17827 7.74107 11.6367 3.22935 0.768129 36.8676
904820 10.3508 8.62988 8.45952 10.5427 0.238463 0.00852585 37.9829
904830 11.5492 7.78325 9.48155 9.38098 -2.53076 -0.18454 38.195
904849 11.5492 7.78325 9.48155 9.38098 -2.53076 -0.18454 38.195
904855 12.274 6.90775 10.5542 8.04499 -5.21126 -0.231315 37.7809
904861 12.274 6.90775 10.5542 8.04499 -5.21126 -0.231315 37.7809
904879 12.7186 5.98415 11.2726 6.41856 -7.96046 -0.416921 36.3939
904881 13.4048 5.26259 11.7179 4.70501 -10.7972 -0.959455 35.0902
904891 13.4048 5.26259 11.7179 4.70501 -10.7972 -0.959455 35.0902
904910 14.3229 4.7142 12.4262 3.54328 -13.2058 -1.31446 35.0066
904911 15.27 4.36786 13.3065 3.12699 -14.6111 -1.3325 36.0714
904926 15.27 4.36786 13.3065 3.12699 -14.6111 -1.3325 36.0714
904944 15.9466 4.25241 14.0756 3.09795 -15.1661 -1.2143 37.3725
904946 15.9466 4.25241 14.0756 3.09795 -15.1661 -1.2143 37.3725
904953 16.1785 3.99264 14.9458 3.28189 -15.5277 -0.759175 38.3989
904978 16.1978 3.73288 15.5732 3.55296 -15.6728 -0.308991 39.0569
904981 16.1978 3.73288 15.5732 3.55296 -15.6728 -0.308991 39.0569
904991 15.8113 3.13639 15.8667 3.65945 -16.1682 0.225533 38.4738
905012 15.3087 2.54952 15.9476 3.61105 -16.7677 0.681691 37.4169
905014 15.3087 2.54952 15.9476 3.61105 -16.7677 0.681691 37.4169
905016 14.9028 2.02999 15.5935 3.50456 -17.3197 0.901408 36.0308
905024 14.9028 2.02999 15.5935 3.50456 -17.3197 0.901408 36.0308
905044 14.5259 1.69327 15.3506 3.3787 -17.7436 1.07737 34.9484
905045 14.3519 1.54895 15.128 3.33998 -17.8875 1.12039 34.3688
905059 14.3519 1.54895 15.128 3.33998 -17.8875 1.12039 34.3688
905076 14.2263 1.55857 14.875 3.21412 -17.9552 1.02038 33.874
905084 14.091 1.47199 14.6827 3.15604 -18.0722 1.02203 33.4017
905085 14.091 1.47199 14.6827 3.15604 -18.0722 1.02203 33.4017
905107 14.062 1.52009 14.531 3.15604 -17.9723 0.94905 33.269
905114 14.062 1.52009 14.531 3.15604 -17.9723 0.94905 33.269
905115 14.1489 1.54895 14.4804 3.08827 -18.0302 0.843515 33.2665
905139 14.2649 1.6163 14.4804 3.21412 -17.8067 0.810077 33.5757
905140 14.2649 1.6163 14.4804 3.21412 -17.8067 0.810077 33.5757
905155 14.2746 1.67402 14.5006 3.26253 -17.6783 0.807365 33.7117
905171 14.2359 1.6644 14.4804 3.21412 -17.7392 0.801083 33.5948
905175 14.2359 1.6644 14.4804 3.21412 -17.7392 0.801083 33.5948
905176 14.1296 1.68364 14.4399 3.31093 -17.5596 0.865905 33.5641
905186 14.1296 1.68364 14.4399 3.31093 -17.5596 0.865905 33.5641
905203 13.9363 1.67402 14.6726 3.3787 -17.4948 1.08772 33.6617
905211 13.8107 1.6644 14.8345 3.51424 -17.3447 1.2744 33.8239
905217 13.8107 1.6644 14.8345 3.51424 -17.3447 1.2744 33.8239
905232 13.6464 1.73175 15.1482 3.64977 -17.1268 1.50098 34.1761
905237 13.4241 1.63554 15.4012 3.7369 -17.145 1.78891 34.1977
905247 13.4241 1.63554 15.4012 3.7369 -17.145 1.78891 34.1977
905265 13.1342 1.68364 15.6845 3.96925 -16.8006 2.10433 34.4716
905269 13.1342 1.68364 15.6845 3.96925 -16.8006 2.10433 34.4716
905277 12.7862 1.54895 15.978 4.10478 -16.7866 2.5049 34.418
905297 12.4673 1.52009 16.15 4.19191 -16.6806 2.77657 34.3293
905299 12.4673 1.52009 16.15 4.19191 -16.6806 2.77657 34.3293
905309 12.0614 1.4335 16.2512 4.27904 -16.6054 3.10153 34.0251
905330 11.7715 1.35654 16.2512 4.31777 -16.5804 3.3123 33.697
905331 11.7715 1.35654 16.2512 4.31777 -16.5804 3.3123 33.697
905339 11.3269 1.32767 16.3726 4.4049 -16.4265 3.64453 33.4321
905362 11.3269 1.32767 16.3726 4.4049 -16.4265 3.64453 33.4321
905364 11.1046 1.53933 16.3929 4.69533 -15.7586 3.75499 33.7321
905370 11.5492 2.82852 15.8667 4.57916 -14.364 2.6138 34.8235
905395 11.5492 2.82852 15.8667 4.57916 -14.364 2.6138 34.8235
905396 11.7425 4.56027 15.2292 5.00513 -11.91 1.61407 36.537
905400 11.8005 6.43633 14.7738 6.68964 -8.46865 1.21913 39.7002
905428 11.8005 6.43633 14.7738 6.68964 -8.46865 1.21913 39.7002
905430 11.9358 8.89926 14.0048 8.82916 -4.70134 0.68661 43.6689
905432 11.3559 10.3231 11.4446 8.2967 -2.52333 -0.701715 41.4204
905460 10.3218 10.9677 8.54048 6.90262 -0.675075 -2.38742 36.7326
905462 10.3218 10.9677 8.54048 6.90262 -0.675075 -2.38742 36.7326
905471 9.05571 11.6027 6.12202 6.49601 2.19449 -3.62436 33.2765
905495 8.04093 12.5456 4.70536 7.13497 5.34607 -4.0458 32.4268
905500 8.04093 12.5456 4.70536 7.13497 5.34607 -4.0458 32.4268
905502 7.45139 13.6327 3.89583 8.15148 7.87543 -4.09134 33.1314
905512 7.08414 14.6525 3.84524 9.5746 9.45611 -3.54848 35.1565
905530 7.08414 14.6525 3.84524 9.5746 9.45611 -3.54848 35.1565
905532 6.68789 15.4222 3.96667 10.9493 10.6121 -2.91447 37.0261
905542 6.68789 15.4222 3.96667 10.9493 10.6121 -2.91447 37.0261
905563 6.11768 15.8744 4.13869 11.5979 11.4077 -2.48699 37.7287
905567 5.50881 16.0475 4.07798 11.9368 12.2418 -2.21244 37.5711
905574 5.50881 16.0475 4.07798 11.9368 12.2418 -2.21244 37.5711
905593 4.91927 16.2784 3.97679 12.1982 13.0982 -2.01594 37.3727
905595 4.23309 16.3073 3.91607 12.4112 13.9481 -1.71417 36.8676
905604 4.23309 16.3073 3.91607 12.4112 13.9481 -1.71417 36.8676
905627 3.68221 16.3073 3.86548 12.4789 14.6134 -1.50483 36.3339
905628 3.68221 16.3073 3.86548 12.4789 14.6134 -1.50483 36.3339
905640 3.20864 16.1726 3.76429 12.4015 15.192 -1.35686 35.547
905662 2.9477 16.2111 3.58214 12.1498 15.6424 -1.47326 34.8907
905663 2.9477 16.2111 3.58214 12.1498 15.6424 -1.47326 34.8907
905666 2.86072 16.1437 3.43036 11.84 15.8226 -1.6342 34.2748
905675 2.81239 16.0091 3.29881 11.6657 15.956 -1.71236 33.786
905693 2.81239 16.0091 3.29881 11.6657 15.956 -1.71236 33.786
905696 2.76407 15.9417 3.22798 11.5302 16.047 -1.7695 33.4639
905706 2.76407 15.9417 3.22798 11.5302 16.047 -1.7695 33.4639
905727 2.69642 15.9321 3.1875 11.5495 16.1826 -1.74947 33.3656
905728 2.71575 15.9128 3.11667 11.4624 16.2183 -1.82918 33.2077
905761 2.65776 15.9032 3.07619 11.3269 16.3027 -1.89202 32.9641
905762 2.6191 15.8647 2.96488 11.1526 16.436 -2.00897 32.6013
905766 2.6191 15.8647 2.96488 11.1526 16.436 -2.00897 32.6013
905776 2.59977 15.8359 2.94464 11.2591 16.5066 -1.94484 32.6394
905802 2.50313 15.8936 3.01548 11.385 16.5868 -1.82773 32.7972
905811 2.54179 16.0187 3.11667 11.6367 16.5073 -1.71421 33.3138
905833 2.54179 16.0187 3.11667 11.6367 16.5073 -1.71421 33.3138
905834 2.6481 16.163 3.26845 12.0142 16.3231 -1.55236 34.0938
905839 2.70608 16.3169 3.3494 12.3628 16.2833 -1.42975 34.7352
905870 2.70608 16.3169 3.3494 12.3628 16.2833 -1.42975 34.7352
905871 2.69642 16.4324 3.48095 12.4983 16.2023 -1.34565 35.108
905873 2.69642 16.4324 3.48095 12.4983 16.2023 -1.34565 35.108
905881 2.67709 16.2977 3.53155 12.5854 16.1537 -1.22157 35.0917
905905 2.57078 16.086 3.58214 12.6919 16.1927 -1.0232 34.9309
905906 2.57078 16.086 3.58214 12.6919 16.1927 -1.0232 34.9309
905910 2.52246 15.7974 3.64286 12.8468 16.1442 -0.788657 34.8095
905920 2.51279 15.4029 3.75417 13.0114 15.9649 -0.497463 34.6813
905938 2.51279 15.4029 3.75417 13.0114 15.9649 -0.497463 34.6813
905945 2.33883 14.9219 3.825 13.1082 15.987 -0.143679 34.1939
905951 2.17453 14.335 3.88571 13.2437 15.9922 0.276414 33.639
905977 2.0199 13.7385 4.09821 13.4374 15.812 0.800655 33.294
905982 2.0199 13.7385 4.09821 13.4374 15.812 0.800655 33.294
906010 1.92325 13.296 4.26012 13.7278 15.6897 1.25064 33.2071
906011 1.95225 13.0266 4.40179 13.9989 15.4821 1.53768 33.3795
906039 1.86526 12.661 4.7256 14.4248 15.2145 2.05965 33.6767
906041 2.89937 12.6995 4.92798 14.754 13.9071 1.73597 35.2808
906043 2.89937 12.6995 4.92798 14.754 13.9071 1.73597 35.2808
906076 2.82206 12.2088 5.1 14.8218 13.6674 2.09893 34.9526
906077 2.82206 12.2088 5.1 14.8218 13.6674 2.09893 34.9526
906078 3.19898 11.8144 5.4744 14.9186 12.7516 2.27909 35.4063
906084 4.07845 11.545 7.82202 15.5672 9.74793 2.98587 39.0127
906113 4.07845 11.545 7.82202 15.5672 9.74793 2.98587 39.0127
906116 6.11768 11.5835 11.7988 16.3998 5.48301 3.43055 45.8997
906119 6.84252 10.9774 11.1411 14.7249 4.41716 2.76272 43.6859
906130 6.84252 10.9774 11.1411 14.7249 4.41716 2.76272 43.6859
906150 6.34963 9.83248 9.04643 12.6145 4.65799 2.17165 37.843
906153 6.34963 9.83248 9.04643 12.6145 4.65799 2.17165 37.843
906155 5.88573 8.88002 8.09524 11.0655 4.3952 1.94316 33.9265
906165 6.22399 8.31239 8.05476 10.0199 3.10751 1.6275 32.6111
906187 6.22399 8.31239 8.05476 10.0199 3.10751 1.6275 32.6111
906194 6.98749 7.97567 8.3381 9.18736 1.41391 1.18301 32.4886
906195 7.95395 7.78325 8.70238 8.2967 -0.440176 0.5782 32.7363
906225 7.95395 7.78325 8.70238 8.2967 -0.440176 0.5782 32.7363
906226 8.98806 7.55235 9.39048 7.50285 -2.48502 0.158336 33.4337
906236 9.79989 7.19638 10.1696 6.67027 -4.50914 -0.0693119 33.8362
906262 10.6987 6.85965 11.1917 6.041 -6.45979 -0.140411 34.791
906266 10.6987 6.85965 11.1917 6.041 -6.45979 -0.140411 34.791
