1292718 9.69358 5.98415 25.5303 15.18 -6.2335 6.65901 56.388
1292745 9.7419 4.54103 26.4096 12.6145 -8.90879 6.96189 53.307
1292750 9.83854 3.37691 27.1677 10.4846 -11.3749 7.20599 50.8677
1292778 10.0222 2.53028 28.4209 8.94533 -13.5057 7.45626 49.9187
1292781 10.0222 2.53028 28.4209 8.94533 -13.5057 7.45626 49.9187
1292791 9.98351 1.93379 30.129 8.35478 -14.7933 7.90652 50.4011
1292801 10.0125 1.41426 31.736 8.35478 -15.5187 8.3459 51.5176
1292811 10.0125 1.41426 31.736 8.35478 -15.5187 8.3459 51.5176
1292826 9.9062 1.22184 32.9287 8.66458 -15.6239 8.66781 52.7213
1292832 9.72257 1.07753 33.9596 8.94533 -15.6686 8.96699 53.705
1292860 9.42297 0.942841 34 9.14863 -15.5713 9.18897 53.5144
1292863 9.17169 0.942841 34 9.14863 -15.5268 9.30308 53.2632
1292875 9.17169 0.875495 34 9.07118 -15.6373 9.32559 53.1184
1292883 9.01706 0.856254 33.8989 9.00342 -15.6589 9.38758 52.7757
1292910 8.88175 0.798529 33.4845 8.83884 -15.734 9.41561 52.0037
1292913 8.7851 0.779287 32.9489 8.73235 -15.7196 9.40085 51.2456
1292927 8.7851 0.779287 32.9489 8.73235 -15.7196 9.40085 51.2456
1292933 8.65947 0.788908 32.5244 8.56777 -15.7434 9.3916 50.5405
1292948 8.50483 0.846633 32.1706 8.5 -15.6575 9.3916 50.0221
1292955 8.50483 0.846633 32.1706 8.5 -15.6575 9.3916 50.0221
1292968 8.35986 0.788908 31.9078 8.44191 -15.6757 9.45513 49.4985
1292992 8.17624 0.798529 31.6956 8.40319 -15.6246 9.51348 49.0736
1293000 8.03127 0.673458 31.9483 8.51936 -15.6525 9.68926 49.1724
1293008 8.03127 0.673458 31.9483 8.51936 -15.6525 9.68926 49.1724
1293017 7.97328 0.654216 32.2515 8.6549 -15.6033 9.77479 49.5339
1293026 7.90563 0.625354 32.5345 8.73235 -15.6043 9.86063 49.7978
1293043 7.90563 0.625354 32.5345 8.73235 -15.6043 9.86063 49.7978
1293047 7.89596 0.663837 32.8781 8.80011 -15.5809 9.88846 50.238
1293056 7.89596 0.663837 32.8781 8.80011 -15.5809 9.88846 50.238
1293074 7.91529 0.673458 32.9388 8.83884 -15.5569 9.88424 50.3663
1293077 7.91529 0.644595 32.9893 8.90661 -15.5351 9.91046 50.4558
1293090 7.91529 0.644595 32.9893 8.90661 -15.5351 9.91046 50.4558
1293098 7.94429 0.683079 32.8882 8.80011 -15.5763 9.85606 50.3157
1293107 8.0216 0.644595 32.6861 8.80011 -15.584 9.81608 50.1524
1293117 8.0216 0.644595 32.6861 8.80011 -15.584 9.81608 50.1524
1293127 8.16657 0.70232 32.6356 8.77107 -15.5785 9.70783 50.2755
1293146 8.16657 0.70232 32.6356 8.77107 -15.5785 9.70783 50.2755
1293157 8.34053 0.769666 32.4435 8.63554 -15.6303 9.55449 50.1893
1293160 8.5145 0.875495 32.3222 8.59681 -15.5859 9.40061 50.309
1293169 8.5145 0.875495 32.3222 8.59681 -15.5859 9.40061 50.309
1293179 8.71745 0.913979 32.3323 8.52904 -15.6491 9.27754 50.4928
1293189 8.9494 1.03905 32.2616 8.50968 -15.5942 9.09663 50.7597
1293198 8.9494 1.03905 32.2616 8.50968 -15.5942 9.09663 50.7597
1293213 9.17169 1.06791 32.1403 8.49032 -15.6053 8.96134 50.8702
1293220 9.17169 1.06791 32.1403 8.49032 -15.6053 8.96134 50.8702
1293230 9.278 1.05829 32.0696 8.42255 -15.6737 8.8993 50.8284
1293240 9.45196 1.1064 32.0797 8.45159 -15.6459 8.8001 51.0896
1293250 9.45196 1.1064 32.0797 8.45159 -15.6459 8.8001 51.0896
1293260 9.58727 1.16412 31.9786 8.30638 -15.7218 8.68016 51.0364
1293275 9.6066 1.18336 31.8068 8.26765 -15.7096 8.63605 50.8644
1293282 9.6066 1.18336 31.8068 8.26765 -15.7096 8.63605 50.8644
1293291 9.58727 1.21222 31.6451 8.19989 -15.7077 8.60276 50.6444
1293303 9.58727 1.21222 31.6451 8.19989 -15.7077 8.60276 50.6444
1293311 9.56794 1.11602 31.453 8.09339 -15.8328 8.61903 50.2304
1293323 9.58727 1.12564 31.3621 8.09339 -15.8119 8.59383 50.1684
1293331 9.58727 1.12564 31.3621 8.09339 -15.8119 8.59383 50.1684
1293346 9.65492 1.12564 31.4834 8.11276 -15.8307 8.58003 50.3767
1293352 9.67425 1.1064 31.5945 8.04499 -15.9249 8.58552 50.4202
1293364 9.67425 1.1064 31.5945 8.04499 -15.9249 8.58552 50.4202
1293381 9.69358 1.06791 31.4025 7.92882 -16.0199 8.55507 50.0928
1293386 9.69358 1.06791 31.4025 7.92882 -16.0199 8.55507 50.0928
1293392 9.67425 1.06791 30.8567 7.77392 -16.0458 8.47283 49.3728
1293402 9.52928 1.04867 30.4322 7.63838 -16.0716 8.47692 48.6486
1293412 9.52928 1.04867 30.4322 7.63838 -16.0716 8.47692 48.6486
1293427 9.46163 1.07753 30.2806 7.7836 -15.8842 8.4948 48.6034
1293433 9.58727 1.81834 30.2402 8.24829 -14.912 8.14211 49.8941
1293443 9.58727 1.81834 30.2402 8.24829 -14.912 8.14211 49.8941
1293453 9.62592 2.53028 30.1492 8.69362 -13.996 7.84916 50.9991
1293469 9.75156 3.33843 29.8359 9.32289 -12.8836 7.48404 52.2488
1293475 9.75156 3.33843 29.8359 9.32289 -12.8836 7.48404 52.2488
1293485 9.67425 4.25241 29.3103 10.1071 -11.5407 7.16783 53.3441
1293497 9.67425 4.25241 29.3103 10.1071 -11.5407 7.16783 53.3441
1293506 9.54861 5.32032 28.3805 11.0849 -9.90348 6.79031 54.3343
1293515 9.46163 6.5614 26.5916 11.6657 -8.21019 6.14428 54.2803
1293525 9.46163 6.5614 26.5916 11.6657 -8.21019 6.14428 54.2803
1293535 9.22968 7.78325 24.1861 11.7432 -6.55873 5.35953 52.9422
1293552 8.91074 8.88002 21.4269 11.7044 -4.78827 4.51883 50.9221
1293556 8.91074 8.88002 21.4269 11.7044 -4.78827 4.51883 50.9221
1293566 8.57248 10.2173 18.6474 12.1304 -2.45735 3.62778 49.5677
1293576 8.57248 10.2173 18.6474 12.1304 -2.45735 3.62778 49.5677
1293586 8.24389 11.5739 16.0792 13.0404 0.148779 2.85115 48.9373
1293596 7.83798 13.1613 13.7012 14.1731 2.96441 2.11005 48.8736
1293606 7.83798 13.1613 13.7012 14.1731 2.96441 2.11005 48.8736
1293621 7.37408 14.8257 11.7381 15.5672 5.69675 1.54697 49.5051
1293627 6.89085 16.2496 9.99762 16.9806 8.15152 1.14862 50.1187
1293637 6.89085 16.2496 9.99762 16.9806 8.15152 1.14862 50.1187
1293647 6.23366 17.574 8.34821 18.1288 10.5007 0.796282 50.2847
1293657 6.23366 17.574 8.34821 18.1288 10.5007 0.796282 50.2847
1293667 5.47982 18.7507 7.1744 19.2384 12.5065 0.646359 50.6433
1293682 4.82263 19.7456 6.44583 20.1549 13.989 0.595821 51.169
1293688 4.82263 19.7456 6.44583 20.1549 13.989 0.595821 51.169
1293699 4.22342 20.5588 6.06131 21.0426 15.0891 0.671175 51.8861
1293708 3.7112 21.1998 5.7375 21.6504 15.9666 0.710413 52.2989
1293721 3.7112 21.1998 5.7375 21.6504 15.9666 0.710413 52.2989
1293737 3.20864 21.6494 5.34286 21.9205 16.7966 0.692233 52.1215
1293756 2.84139 22.0034 5.14048 22.0653 17.3326 0.680391 52.0505
1293766 2.65776 22.386 4.8875 21.9688 17.731 0.523837 51.9001
1293776 2.65776 22.386 4.8875 21.9688 17.731 0.523837 51.9001
1293781 2.6481 22.673 4.8875 21.9688 17.7789 0.441325 52.1774
1293790 2.81239 22.9313 4.95833 21.7951 17.5989 0.288506 52.4972
1293800 2.81239 22.9313 4.95833 21.7951 17.5989 0.288506 52.4972
1293818 2.9187 23.1418 4.81667 21.5057 17.6165 0.0749749 52.3829
1293821 2.9187 23.1418 4.81667 21.5057 17.6165 0.0749749 52.3829
1293831 2.90904 23.3044 4.7256 21.0522 17.6578 -0.125697 51.9913
1293841 2.99602 23.4001 4.52321 20.5023 17.6886 -0.399826 51.4216
1293852 2.99602 23.4001 4.52321 20.5023 17.6886 -0.399826 51.4216
1293861 3.02501 23.3905 4.4119 20.0778 17.6953 -0.567496 50.9052
1293876 3.02501 23.3331 4.31071 19.6629 17.7126 -0.710652 50.3318
1293893 3.00569 23.2853 4.23988 19.4217 17.7476 -0.78958 49.9526
1293902 3.00569 23.2853 4.23988 19.4217 17.7476 -0.78958 49.9526
1293915 2.96703 23.2088 4.22976 19.1129 17.7332 -0.858196 49.5185
1293923 2.9477 23.094 4.12857 19.0068 17.8053 -0.886477 49.1771
1293935 2.9477 23.094 4.12857 19.0068 17.8053 -0.886477 49.1771
1293951 2.88971 22.9983 4.06786 18.9875 17.8922 -0.868141 48.9434
1293960 2.86072 22.9313 4.12857 19.0936 17.8701 -0.786459 49.0143
1293962 2.86072 22.9313 4.12857 19.0936 17.8701 -0.786459 49.0143
1293979 2.89937 22.9122 4.13869 19.2866 17.8529 -0.726983 49.2369
1293995 2.9187 22.9792 4.3006 19.5857 17.7494 -0.606094 49.7842
1294003 2.86072 22.9026 4.36131 19.9234 17.7849 -0.443174 50.048
1294013 2.86072 22.9026 4.36131 19.9234 17.7849 -0.443174 50.048
1294023 2.85105 22.8835 4.48274 20.2321 17.7315 -0.303185 50.4494
1294033 2.87038 22.7496 4.53333 20.3865 17.6754 -0.207797 50.5398
1294045 2.87038 22.7496 4.53333 20.3865 17.6754 -0.207797 50.5398
1294058 2.7834 22.6156 4.52321 20.5409 17.7604 -0.0995672 50.4631
1294069 2.7834 22.6156 4.52321 20.5409 17.7604 -0.0995672 50.4631
1294075 2.66742 22.3095 4.60417 20.6277 17.7586 0.0761604 50.2088
1294085 2.63843 22.0321 4.65476 20.7917 17.7238 0.232247 50.117
1294095 2.63843 22.0321 4.65476 20.7917 17.7238 0.232247 50.117
1294114 2.6191 21.7642 4.68512 20.9171 17.6937 0.365789 49.9856
1294122 2.46447 21.3911 4.69524 21.0522 17.783 0.572104 49.603
1294135 2.46447 21.3911 4.69524 21.0522 17.783 0.572104 49.603
1294141 2.40648 21.085 4.78631 21.2259 17.7351 0.763802 49.5036
1294150 2.32916 21.085 4.85714 21.5443 17.7871 0.899498 49.8156
1294157 2.32916 20.798 4.85714 21.5443 17.7453 0.991632 49.5285
1294167 2.25185 20.3866 4.96845 21.9591 17.7165 1.29801 49.566
1294179 2.25185 20.3866 4.96845 21.9591 17.7165 1.29801 49.566
1294187 2.1842 19.9848 5.07976 22.2775 17.6666 1.57137 49.5263
1294199 2.02956 19.4873 5.27202 22.6731 17.619 1.94944 49.462
1294223 2.13587 18.8942 5.7375 22.895 17.0731 2.29622 49.6626
1294231 2.74474 18.8942 6.33452 22.895 16.0757 2.2383 50.8685
1294237 2.74474 18.4159 6.33452 23.059 16.0203 2.44281 50.5542
1294247 3.45992 17.8323 6.87083 22.8275 14.8699 2.47284 50.9905
1294263 3.45992 17.8323 6.87083 22.8275 14.8699 2.47284 50.9905
1294268 4.35873 16.9134 7.29583 22.2486 13.5327 2.44181 50.8166
1294278 5.18988 15.8455 7.87262 21.6311 12.0768 2.5134 50.5391
1294288 5.18988 15.8455 7.87262 21.6311 12.0768 2.5134 50.5391
1294298 5.99204 14.6333 8.72262 20.5891 10.2668 2.60921 49.937
1294308 6.91018 13.017 11.3333 19.7401 7.1144 3.27827 51.0006
1294323 6.91018 13.017 11.3333 19.7401 7.1144 3.27827 51.0006
1294330 8.15691 11.2467 18.2128 19.6822 1.98922 4.84078 57.2987
1294340 8.15691 11.2467 18.2128 19.6822 1.98922 4.84078 57.2987
1294352 8.9494 8.99547 24.1659 17.9455 -2.57021 6.03597 60.0563
1294360 9.31666 6.5133 26.4501 14.4248 -6.53762 6.62508 56.7048
1294375 9.31666 6.5133 26.4501 14.4248 -6.53762 6.62508 56.7048
1294380 9.52928 4.42558 27.2788 11.1139 -10.1574 7.00258 52.3476
1294395 9.76123 3.02094 27.8853 8.88724 -12.9848 7.26178 49.5547
1294401 9.76123 3.02094 27.8853 8.88724 -12.9848 7.26178 49.5547
1294411 9.96418 2.15507 28.4007 7.79328 -14.7043 7.47458 48.3132
1294421 9.96418 2.15507 28.4007 7.79328 -14.7043 7.47458 48.3132
1294440 10.3411 1.67402 28.9364 7.60934 -15.4415 7.57728 48.5609
1294442 10.7374 1.6644 29.4316 7.66743 -15.5741 7.48391 49.5008
1294470 11.1143 1.70289 30.1492 7.96754 -15.5069 7.45072 50.9339
1294472 11.3172 1.85682 30.7455 8.36446 -15.2252 7.44088 52.284
1294485 11.3172 1.85682 30.7455 8.36446 -15.2252 7.44088 52.284
1294492 11.4429 1.99151 31.2812 8.6549 -15.0259 7.44843 53.3705
1294515 11.4429 2.00113 31.352 8.77107 -14.9451 7.47074 53.567
1294529 11.4429 2.14544 31.1195 8.73235 -14.8225 7.37185 53.4402
1294534 11.4429 2.14544 31.1195 8.73235 -14.8225 7.37185 53.4402
1294544 11.4332 2.17431 30.6445 8.67426 -14.7512 7.2869 52.9262
1294553 11.1433 2.21279 30.1391 8.56777 -14.6466 7.3039 52.0629
1294575 11.1433 2.21279 30.1391 8.56777 -14.6466 7.3039 52.0629
1294577 10.9596 2.22241 29.8662 8.58713 -14.5328 7.34128 51.6354
1294583 10.9596 2.22241 29.8662 8.58713 -14.5328 7.34128 51.6354
1294597 10.8243 2.21279 29.6439 8.54841 -14.4971 7.36544 51.2294
1294606 10.718 2.19355 29.4114 8.57745 -14.4195 7.3901 50.9004
1294625 10.602 2.24165 29.3205 8.49032 -14.4067 7.39335 50.6545
1294635 10.5441 2.18393 28.9364 8.38383 -14.4424 7.37056 50.0482
1294666 10.6987 2.19355 28.6029 8.07403 -14.6432 7.19742 49.5691
1294668 10.6987 2.19355 28.6029 8.07403 -14.6432 7.19742 49.5691
1294675 10.9886 2.28976 28.33 7.9385 -14.6782 6.9601 49.5468
1294690 11.2689 2.39559 28.431 7.88041 -14.7191 6.79736 49.9759
1294696 11.2689 2.39559 28.431 7.88041 -14.7191 6.79736 49.9759
1294706 11.5395 2.41483 28.2693 7.89977 -14.7108 6.64802 50.1234
1294716 11.8874 2.53028 28.0773 7.832 -14.705 6.40558 50.327
1294742 12.0807 2.62649 28.0268 7.71583 -14.7499 6.25435 50.4498
1294747 12.0807 2.62649 28.0268 7.71583 -14.7499 6.25435 50.4498
1294757 12.3803 2.64573 27.9257 7.69647 -14.7902 6.09975 50.6482
1294767 12.6026 2.76118 27.7943 7.63838 -14.7635 5.92626 50.7965
1294778 12.6026 2.76118 27.7943 7.63838 -14.7635 5.92626 50.7965
1294787 12.8926 2.86701 27.6023 7.61902 -14.7157 5.72619 50.9808
1294799 12.9312 2.83814 27.4102 7.45444 -14.8363 5.65686 50.634
1294812 12.9312 2.83814 27.4102 7.45444 -14.8363 5.65686 50.634
1294821 13.0182 2.88625 27.1272 7.38667 -14.8123 5.53652 50.4183
1294843 13.0279 2.87663 26.8746 7.25114 -14.8783 5.46307 50.0302
1294848 13.0375 2.8189 26.7229 7.20273 -14.9345 5.44451 49.7821
1294867 13.0375 2.8189 26.7229 7.20273 -14.9345 5.44451 49.7821
1294869 12.9989 2.80928 26.4501 7.15433 -14.9179 5.40235 49.4125
1294878 12.9409 2.76118 26.5815 7.1156 -15.0031 5.46417 49.3991
1294909 12.8249 2.71307 26.8847 7.24146 -14.9781 5.61416 49.6641
1294911 12.8249 2.71307 26.8847 7.24146 -14.9781 5.61416 49.6641
1294920 12.6896 2.69383 27.2788 7.39636 -14.9216 5.78075 50.0586
1294932 12.564 2.588 27.5113 7.48349 -14.958 5.93543 50.1467
1294940 12.564 2.588 27.5113 7.48349 -14.958 5.93543 50.1467
1294954 12.361 2.52066 27.4507 7.45444 -14.9822 6.03276 49.7868
1294961 12.1291 2.42445 27.673 7.52221 -15.0031 6.22379 49.7487
1294976 12.1291 2.42445 27.673 7.52221 -15.0031 6.22379 49.7487
1294981 11.8005 2.3571 27.5315 7.54157 -14.9466 6.37272 49.2306
1294991 11.8005 2.3571 27.5315 7.54157 -14.9466 6.37272 49.2306
1295001 11.4332 2.19355 27.3496 7.49317 -15.0074 6.56578 48.4695
1295011 10.9016 2.14544 27.0767 7.55125 -14.8304 6.78999 47.675
1295026 10.9016 2.14544 27.0767 7.55125 -14.8304 6.78999 47.675
1295032 10.5537 2.29938 27.1272 8.03531 -14.2382 6.96943 48.0156
1295044 10.0995 3.02094 26.7229 8.8098 -12.8418 6.90982 48.6532
1295055 10.0995 3.02094 26.7229 8.8098 -12.8418 6.90982 48.6532
1295065 9.56794 4.57951 25.9851 9.91344 -10.5204 6.51934 50.046
1295072 9.56794 4.57951 25.9851 9.91344 -10.5204 6.51934 50.046
1295086 8.83343 6.62875 25.1463 11.7528 -7.44734 6.14106 52.3613
1295092 8.03127 8.58178 23.8323 14.2603 -4.12278 5.88958 54.7056
1295109 8.03127 8.58178 23.8323 14.2603 -4.12278 5.88958 54.7056
1295113 7.19045 10.2366 21.8109 16.6999 -0.922874 5.65373 55.9378
1295123 6.33997 11.9491 18.8092 18.2928 2.29856 5.09459 55.391
1295133 6.33997 11.9491 18.8092 18.2928 2.29856 5.09459 55.391
1295143 5.38317 13.2767 15.0673 18.6691 5.48485 4.31609 52.3963
1295156 4.46504 13.2767 11.475 18.6691 8.35623 3.88497 47.8859
1295165 4.46504 14.6333 11.475 18.891 8.88735 3.41692 49.4643
1295177 3.90449 15.9706 8.77321 19.6532 11.8765 2.65563 48.3015
1295185 3.90449 15.9706 8.77321 19.6532 11.8765 2.65563 48.3015
1295195 3.33428 17.1435 6.94167 21.1776 14.4274 2.35864 48.5971
1295205 2.9187 18.2437 6.04107 23.0301 16.0819 2.3616 50.2335
1295226 2.9187 18.2437 6.04107 23.0301 16.0819 2.3616 50.2335
1295232 2.66742 19.3056 5.88929 24.7764 16.8722 2.47708 52.6387
1295242 2.55145 20.1187 6.0006 26.349 17.2282 2.6389 55.0198
1295251 2.55145 20.1187 6.0006 26.349 17.2282 2.6389 55.0198
1295261 2.30984 20.6927 6.01071 27.3717 17.6217 2.76134 56.385
1295271 2.30984 20.6927 6.01071 27.3717 17.6217 2.76134 56.385
1295280 2.02956 21.0658 5.86905 27.6708 18.0268 2.76625 56.6353
1295294 1.75895 21.1424 5.60595 27.5165 18.427 2.73663 56.0237
1295297 1.75895 21.1424 5.60595 27.5165 18.427 2.73663 56.0237
1295306 1.57533 21.1806 5.4744 27.0341 18.6218 2.64704 55.2644
1295321 1.527 21.0467 5.21131 26.3973 18.7818 2.50124 54.1823
1295327 1.527 21.0467 5.21131 26.3973 18.7818 2.50124 54.1823
1295338 1.50767 20.9797 4.98869 25.5482 18.8742 2.27712 53.0243
1295361 1.48835 20.7214 4.64464 24.6413 19.0451 2.06119 51.4958
1295367 1.37237 20.511 4.50298 23.8309 19.1501 1.92678 50.2172
1295383 1.37237 20.511 4.50298 23.8309 19.1501 1.92678 50.2172
1295387 1.35304 20.2622 4.34107 23.1845 19.2063 1.80408 49.1408
1295408 1.31438 19.9944 4.21964 22.924 19.2892 1.80636 48.4523
1295410 1.31438 19.9944 4.21964 22.924 19.2892 1.80636 48.4523
1295418 1.23707 19.7074 4.13869 22.6731 19.3717 1.84291 47.7562
1295431 1.23707 19.7074 4.13869 22.6731 19.3717 1.84291 47.7562
1295438 1.2274 19.4586 4.20952 22.6152 19.2782 1.9381 47.5108
1295454 1.2274 19.3343 4.36131 22.924 19.1598 2.10784 47.8469
1295466 1.2274 19.3343 4.36131 22.924 19.1598 2.10784 47.8469
1295470 1.23707 19.3151 4.38155 23.223 19.1663 2.1967 48.1568
1295480 1.2274 19.2099 4.52321 23.6379 19.0835 2.38397 48.5984
1295490 1.2274 19.2099 4.52321 23.6379 19.0835 2.38397 48.5984
1295500 1.24673 19.0568 4.60417 24.1589 19.0378 2.58613 49.0666
1295515 1.24673 19.0568 4.60417 24.1589 19.0378 2.58613 49.0666
1295522 1.12109 18.7985 4.80655 24.6703 18.9999 2.90219 49.3964
1295531 1.10176 18.4924 5.02917 25.336 18.8641 3.23393 49.9593
1295544 1.10176 18.4924 5.02917 25.336 18.8641 3.23393 49.9593
1295551 0.976123 18.0906 5.23155 25.8377 18.8092 3.59099 50.136
1295570 0.850483 17.5931 5.35298 26.4069 18.8217 3.97869 50.2035
1295578 0.850483 17.5931 5.35298 26.4069 18.8217 3.97869 50.2035
1295590 0.792496 17.0287 5.41369 26.9376 18.8151 4.34404 50.1725
1295596 0.792496 17.0287 5.41369 26.9376 18.8151 4.34404 50.1725
1295605 0.676521 16.5863 5.59583 27.5261 18.7755 4.7214 50.3848
1295613 0.58954 16.0187 5.71726 28.1339 18.7506 5.1258 50.4594
1295635 0.367254 15.326 5.87917 28.5488 18.7687 5.60683 50.1212
1295642 0.222285 14.7199 5.96012 28.9058 18.7938 6.00016 49.8081
1295666 0.222285 14.7199 5.96012 28.9058 18.7938 6.00016 49.8081
1295667 0.193292 14.2292 6.07143 29.3207 18.712 6.31429 49.8146
1295673 0.193292 14.2292 6.07143 29.3207 18.712 6.31429 49.8146
1295692 0.10631 13.6712 6.33452 29.9478 18.5669 6.74338 50.0598
1295694 0.0483229 13.1998 6.5369 30.5074 18.4531 7.09735 50.2924
1295710 0.0483229 13.1998 6.5369 30.5074 18.4531 7.09735 50.2924
1295717 0.00966458 13.0074 6.75952 31.0959 18.3469 7.32373 50.8725
1295723 0.0579875 12.9015 6.90119 31.3564 18.2062 7.40907 51.2171
1295734 0.0579875 12.9015 6.90119 31.3564 18.2062 7.40907 51.2171
1295749 0.0386583 12.9015 6.92143 31.2696 18.1939 7.40766 51.1312
1295758 0.0386583 12.9015 6.92143 31.2696 18.1939 7.40766 51.1312
1295765 0.0289937 12.863 6.94167 31.1731 18.1669 7.41746 51.0068
1295775 0.10631 12.9977 6.84048 30.9608 18.1768 7.27741 50.9054
1295785 0.10631 12.9977 6.84048 30.9608 18.1768 7.27741 50.9054
1295796 0.135304 12.9496 6.83036 30.6907 18.1177 7.24305 50.606
1295806 0.12564 12.9015 6.75952 30.3434 18.1327 7.20398 50.1301
1295816 0.12564 12.9015 6.75952 30.3434 18.1327 7.20398 50.1301
1295829 0.0966458 12.7957 6.65833 30.0925 18.1965 7.20899 49.6432
1295836 0.0966458 12.7957 6.65833 30.0925 18.1965 7.20899 49.6432
1295846 0 12.738 6.70893 29.9864 18.2142 7.26959 49.4333
1295865 0.0193292 12.7572 6.70893 30.0829 18.2131 7.26731 49.5683
1295876 0.0193292 12.7572 6.70893 30.0829 18.2131 7.26731 49.5683
1295878 0.0676521 12.738 6.64821 30.0636 18.2187 7.24174 49.5174
1295887 0.0676521 12.6514 6.73929 30.0057 18.1193 7.28588 49.464
1295913 0.328596 12.6802 6.99226 29.861 17.6589 7.1731 49.8621
1295917 0.328596 12.6802 6.99226 29.861 17.6589 7.1731 49.8621
1295936 0.947129 12.661 7.4881 29.4654 16.6585 6.92581 50.5616
1295938 1.75895 12.5937 8.19643 28.6935 15.286 6.59725 51.2426
1295950 1.75895 12.5937 8.19643 28.6935 15.286 6.59725 51.2426
1295958 2.59977 12.2858 9.50179 27.6998 13.3833 6.42654 52.0871
1295977 3.72086 11.9202 11.7685 26.3876 10.604 6.27775 53.7971
1295978 3.72086 11.9202 11.7685 26.3876 10.604 6.27775 53.7971
1295988 5.03525 11.3333 14.025 24.4966 7.63783 6.05382 54.8902
1296001 6.00171 10.5059 15.6137 21.9109 4.99769 5.83456 54.0322
1296010 6.00171 10.5059 15.6137 21.9109 4.99769 5.83456 54.0322
1296023 7.05514 9.5631 16.6155 19.0358 2.35713 5.46198 52.2695
1296030 7.05514 9.5631 16.6155 19.0358 2.35713 5.46198 52.2695
1296040 8.06026 8.76457 17.374 16.0513 -0.307658 4.95533 50.25
1296055 8.98806 7.91794 18.1825 13.3405 -3.05194 4.52736 48.4291
1296061 8.98806 7.91794 18.1825 13.3405 -3.05194 4.52736 48.4291
1296071 9.88687 7.04244 19.3347 11.1817 -5.79477 4.29557 47.4457
1296081 10.7857 6.18619 21.0125 9.70046 -8.34202 4.32247 47.6848
1296095 10.7857 6.18619 21.0125 9.70046 -8.34202 4.32247 47.6848
1296101 11.8005 5.52235 22.6903 8.78075 -10.3433 4.34938 48.7938
1296111 11.8005 5.52235 22.6903 8.78075 -10.3433 4.34938 48.7938
1296121 12.6026 4.96435 24.5398 8.5 -11.6971 4.5862 50.6068
1296136 13.3854 4.55065 26.3793 8.71298 -12.4938 4.85293 53.0284
1296146 13.3854 4.55065 26.3793 8.71298 -12.4938 4.85293 53.0284
1296152 14.033 4.1562 27.7943 8.86788 -13.1278 5.05175 54.8513
1296162 14.4486 3.93492 28.5018 8.98405 -13.4382 5.12867 55.8693
1296173 14.4486 3.93492 28.5018 8.98405 -13.4382 5.12867 55.8693
1296187 14.5839 3.67516 28.5725 8.81948 -13.7741 5.15705 55.651
1296198 14.5839 3.67516 28.5725 8.81948 -13.7741 5.15705 55.651
1296203 14.6708 3.52122 28.239 8.58713 -13.996 5.08034 55.0182
1296213 14.5065 3.53084 27.5315 8.35478 -13.9792 4.96505 53.9237
1296224 14.5065 3.53084 27.5315 8.35478 -13.9792 4.96505 53.9237
1296233 14.3132 3.50198 26.7331 8.07403 -14.0009 4.84353 52.6223
1296249 14.0523 3.36729 26.0357 7.80296 -14.1039 4.8048 51.2582
1296253 14.0523 3.36729 26.0357 7.80296 -14.1039 4.8048 51.2582
1296263 13.7914 3.40577 25.5101 7.6287 -14.0392 4.75059 50.3359
1296275 13.7914 3.40577 25.5101 7.6287 -14.0392 4.75059 50.3359
1296288 13.5401 3.29994 25.2574 7.61902 -14.0188 4.83836 49.7165
1296299 13.2405 3.19411 25.3585 7.68679 -14.0047 5.03559 49.4799
1296308 13.2405 3.19411 25.3585 7.68679 -14.0047 5.03559 49.4799
1296336 12.8926 3.14601 25.6213 7.82232 -13.9169 5.27616 49.4822
1296338 12.4866 3.01132 25.8841 7.9869 -13.8612 5.58236 49.3689
1296339 12.4866 3.01132 25.8841 7.9869 -13.8612 5.58236 49.3689
1296362 12.1774 2.95359 26.2378 8.1902 -13.757 5.84063 49.559
1296365 11.9068 2.80928 26.7027 8.43223 -13.7249 6.14398 49.851
1296375 11.5878 2.65535 27.2182 8.55809 -13.7909 6.45741 50.0195
1296401 11.3269 2.63611 27.6831 8.8098 -13.6575 6.6979 50.4559
1296407 10.9983 2.43407 28.0975 8.97437 -13.7055 7.02105 50.5042
1296426 10.747 2.40521 28.5018 9.10023 -13.6655 7.22594 50.7542
1296436 10.747 2.40521 28.5018 9.10023 -13.6655 7.22594 50.7542
1296449 10.4667 2.25127 28.8454 9.27449 -13.6642 7.49496 50.8379
1296461 10.2735 2.26089 29.2194 9.44875 -13.5654 7.65601 51.2025
1296478 10.1478 2.15507 29.5327 9.54556 -13.6139 7.8167 51.3811
1296488 10.0705 2.15507 29.8056 9.67141 -13.563 7.90622 51.7026
1296499 10.0705 2.15507 29.8056 9.67141 -13.563 7.90622 51.7026
1296507 9.80955 2.03962 29.8966 9.7779 -13.5319 8.10074 51.5236
1296525 9.80955 2.03962 29.8966 9.7779 -13.5319 8.10074 51.5236
1296530 9.59693 1.97227 29.9067 9.70046 -13.5956 8.21803 51.1763
1296538 9.38431 1.93379 29.7247 9.67141 -13.5582 8.30478 50.7142
1296550 9.38431 1.93379 29.7247 9.67141 -13.5582 8.30478 50.7142
1296558 9.22968 1.85682 29.5933 9.59396 -13.6116 8.38433 50.2738
1296575 9.06538 1.82796 29.563 9.67141 -13.5299 8.48066 50.1278
1296583 9.06538 1.82796 29.563 9.67141 -13.5299 8.48066 50.1278
1296590 8.92041 1.80872 29.7045 9.64237 -13.5663 8.5723 50.076
1296616 8.75611 1.77985 29.9067 9.75854 -13.5078 8.70375 50.2012
1296628 8.73678 1.73175 30.2604 9.90376 -13.5099 8.79737 50.6327
1296630 8.73678 1.73175 30.2604 9.90376 -13.5099 8.79737 50.6327
1296640 8.61114 1.71251 30.5838 10.0683 -13.4447 8.92438 50.9758
1296654 8.47584 1.57782 30.7253 10.049 -13.5626 9.06607 50.828
1296668 8.47584 1.57782 30.7253 10.049 -13.5626 9.06607 50.828
1296680 8.26322 1.53933 30.7354 10.1071 -13.5019 9.19338 50.645
1296686 8.26322 1.53933 30.7354 10.1071 -13.5019 9.19338 50.645
1296695 8.0506 1.45274 30.9679 10.1555 -13.5355 9.36858 50.6267
1296708 7.90563 1.37578 31.1296 10.3104 -13.4801 9.51036 50.7214
1296712 7.90563 1.37578 31.1296 10.3104 -13.4801 9.51036 50.7214
1296735 7.65435 1.30843 31.2307 10.32 -13.4897 9.677 50.5135
1296737 7.44173 1.26033 31.3722 10.3491 -13.488 9.8226 50.4233
1296760 7.29676 1.23147 31.4732 10.3878 -13.4705 9.9226 50.3893
1296762 7.29676 1.23147 31.4732 10.3878 -13.4705 9.9226 50.3893
1296772 7.20978 1.16412 31.4732 10.4362 -13.465 10.004 50.2834
1296786 7.04548 1.16412 31.2711 10.3975 -13.4102 10.0622 49.8782
1296797 7.04548 1.16412 31.2711 10.3975 -13.4102 10.0622 49.8782
1296812 7.11313 1.14488 31.0386 10.3685 -13.409 10.0118 49.6651
1296813 7.2871 1.76061 30.7253 10.6298 -12.7086 9.61477 50.4029
1296824 7.2871 1.76061 30.7253 10.6298 -12.7086 9.61477 50.4029
1296836 7.50938 2.43407 30.0886 10.5814 -12.1423 9.10624 50.6135
1296848 7.59636 3.14601 29.1284 10.746 -11.2773 8.63312 50.6168
1296866 7.69301 4.05999 27.8246 11.1042 -10.0398 8.04307 50.6818
1296887 7.64468 5.25297 26.2479 11.9755 -8.14934 7.43111 51.1211
1296895 7.49005 6.73458 24.4084 13.6213 -5.52232 6.83343 52.2544
1296905 7.49005 6.73458 24.4084 13.6213 -5.52232 6.83343 52.2544
1296920 7.15179 8.20656 22.2051 15.5188 -2.65227 6.32006 53.0823
1296926 6.74588 8.20656 19.5672 14.3861 -1.90182 5.82779 48.9057
1296940 6.74588 9.61121 19.5672 16.8645 0.0770122 5.70422 52.7887
1296945 6.29164 10.8138 16.7774 17.7622 2.66578 5.06364 51.645
1296966 6.29164 10.8138 16.7774 17.7622 2.66578 5.06364 51.645
1296968 5.78908 11.9491 14.0756 18.4472 5.23846 4.41237 50.261
1296977 5.27686 13.2864 11.7786 19.4892 7.88673 3.8243 49.831
1296990 5.27686 13.2864 11.7786 19.4892 7.88673 3.8243 49.831
1296996 4.7743 14.5467 9.81548 20.8207 10.3977 3.39746 49.9571
1297006 4.7743 14.5467 8.34821 20.8207 11.4688 3.04637 48.4899
1297021 4.15577 15.5954 8.34821 21.9688 12.513 3.16545 50.0681
1297030 3.65321 16.3843 7.40714 23.223 14.0854 3.13594 50.6677
1297043 3.65321 16.3843 7.40714 23.223 14.0854 3.13594 50.6677
1297048 3.31495 17.0574 7.04286 24.5159 15.0274 3.23113 51.9311
1297057 3.02501 17.5357 6.84048 25.2781 15.6363 3.29099 52.6793
1297076 3.02501 17.5357 6.84048 25.2781 15.6363 3.29099 52.6793
1297085 2.66742 18.0906 6.73929 25.7412 16.1655 3.30281 53.2385
1297096 2.34849 18.3585 6.66845 26.0306 16.5581 3.3682 53.4061
1297099 2.34849 18.3585 6.66845 26.0306 16.5581 3.3682 53.4061
1297108 2.13587 18.5594 6.5369 26.0499 16.8615 3.34773 53.2821
1297122 2.13587 18.5594 6.5369 26.0499 16.8615 3.34773 53.2821
1297128 1.91359 18.6646 6.34464 25.8666 17.1781 3.30551 52.7895
1297138 1.66231 18.7316 6.06131 25.4711 17.5629 3.21759 51.9262
1297150 1.66231 18.7316 6.06131 25.4711 17.5629 3.21759 51.9262
1297160 1.62365 18.6646 5.91964 25.1623 17.6579 3.15174 51.3702
1297176 1.56566 18.5785 5.92976 24.8439 17.6397 3.13137 50.9179
1297204 1.527 18.5211 5.7881 24.5159 17.736 3.05525 50.3521
1297205 1.527 18.5211 5.7881 24.5159 17.736 3.05525 50.3521
1297210 1.50767 18.435 5.67679 24.2168 17.7919 2.99508 49.8363
1297220 1.49801 18.1767 5.69702 24.1493 17.7354 3.08099 49.521
1297231 1.49801 18.1767 5.69702 24.1493 17.7354 3.08099 49.521
1297240 1.46902 18.0045 5.67679 24.1203 17.7484 3.14292 49.2706
1297257 1.46902 18.0045 5.80833 24.1203 17.6346 3.1745 49.4022
1297261 1.42069 17.7462 5.80833 24.2747 17.6609 3.32472 49.2499
1297271 1.35304 17.6027 5.84881 24.5738 17.7075 3.48336 49.3783
1297283 1.35304 17.6027 5.84881 24.5738 17.7075 3.48336 49.3783
1297291 1.34338 17.4401 5.88929 24.7957 17.6896 3.60883 49.4684
1297312 1.28539 17.1913 5.96012 24.9211 17.6602 3.76976 49.358
1297313 1.28539 17.1913 5.96012 24.9211 17.6602 3.76976 49.358
1297322 1.2564 17.0861 5.96012 25.1527 17.704 3.87328 49.4553
1297340 1.2274 16.9519 6.19286 25.3939 17.5449 4.04114 49.766
1297343 1.2274 16.9519 6.19286 25.3939 17.5449 4.04114 49.766
1297354 1.2564 16.7114 6.18274 25.7026 17.5389 4.18758 49.8531
1297366 1.2564 16.7114 6.18274 25.7026 17.5389 4.18758 49.8531
1297373 1.18874 16.5286 6.38512 26.0017 17.4419 4.3917 50.1041
1297392 1.18874 16.2977 6.54702 26.3008 17.3156 4.57781 50.3342
1297402 1.18874 16.2977 6.54702 26.3008 17.3156 4.57781 50.3342
1297419 1.14042 16.0956 6.5875 26.542 17.3282 4.73342 50.3656
1297421 1.13076 15.9706 6.65833 26.5999 17.2665 4.81246 50.3596
1297428 1.13076 15.9706 6.65833 26.5999 17.2665 4.81246 50.3596
1297446 1.0631 15.884 6.67857 26.6771 17.3049 4.89294 50.3027
1297447 1.0631 15.884 6.67857 26.6771 17.3049 4.89294 50.3027
1297456 1.15009 15.8744 6.84048 26.7832 17.1117 4.91604 50.6481
1297475 1.17908 15.9321 6.77976 26.7928 17.1485 4.87181 50.6838
1297477 1.17908 15.9321 6.77976 26.7928 17.1485 4.87181 50.6838
1297486 1.17908 15.8744 6.77976 26.7157 17.1276 4.87904 50.5489
1297501 1.15975 15.8455 6.70893 26.5613 17.1744 4.85275 50.2755
1297511 1.15975 15.8455 6.70893 26.5613 17.1744 4.85275 50.2755
1297517 1.13076 15.8359 6.61786 26.4841 17.262 4.83397 50.0686
1297530 1.16941 15.9802 6.67857 26.3201 17.1752 4.74066 50.1483
1297537 1.16941 15.9802 6.67857 26.3201 17.1752 4.74066 50.1483
1297557 1.16941 15.9994 6.5369 26.2429 17.2858 4.6881 49.9487
1297557 1.16941 15.9994 6.5369 26.2429 17.2858 4.6881 49.9487
1297567 1.19841 16.0956 6.56726 26.214 17.246 4.63917 50.0753
1297584 1.15009 16.163 6.60774 26.214 17.263 4.64008 50.1348
1297588 1.15009 16.163 6.60774 26.214 17.263 4.64008 50.1348
1297599 1.23707 16.2015 6.62798 26.3104 17.1938 4.61517 50.377
1297612 1.16941 16.1149 6.60774 26.2719 17.2483 4.6633 50.1639
1297618 1.16941 16.1149 6.60774 26.2719 17.2483 4.6633 50.1639
1297628 1.16941 16.0091 6.56726 26.0789 17.2361 4.65664 49.8246
1297643 1.16941 16.0091 6.56726 26.0789 17.2361 4.65664 49.8246
1297650 1.13076 15.7878 6.70893 25.9149 17.0879 4.75511 49.5423
1297667 1.75895 15.8455 6.94167 25.5965 16.3241 4.46737 50.1426
1297670 1.75895 15.8455 6.94167 25.5965 16.3241 4.46737 50.1426
1297680 2.41615 15.8455 7.10357 25.0658 15.5616 4.13667 50.4311
1297696 3.23764 15.6627 7.21488 24.4098 14.6561 3.77763 50.525
1297705 3.23764 15.6627 7.21488 24.4098 14.6561 3.77763 50.525
1297711 3.99147 15.4992 7.36667 23.5318 13.7296 3.39592 50.3891
1297724 3.99147 15.4992 7.36667 23.5318 13.7296 3.39592 50.3891
1297731 4.85162 15.1817 7.66012 22.5187 12.5411 3.03081 50.2121
1297741 5.88573 14.8161 8.31786 21.4864 10.9387 2.70337 50.506
1297752 5.88573 14.8161 8.31786 21.4864 10.9387 2.70337 50.506
1297761 7.05514 14.3831 10.0583 20.5698 8.56572 2.64754 52.0664
1297780 8.22456 13.7482 12.6488 19.3638 5.66755 2.78961 53.9853
1297810 9.30699 12.7668 15.0369 17.8973 2.8724 2.96148 55.008
1297811 9.30699 12.7668 15.0369 17.8973 2.8724 2.96148 55.008
1297817 10.0802 11.5931 16.6155 15.8576 0.348631 2.99185 54.1464
1297826 10.747 10.1981 17.5155 13.7278 -2.07738 2.9599 52.1883
1297839 10.747 10.1981 17.5155 13.7278 -2.07738 2.9599 52.1883
1297843 11.2496 8.81268 18.3746 11.8884 -4.4327 3.04043 50.3252
1297853 11.7715 7.51387 19.4358 10.3975 -6.76724 3.22117 49.1186
1297868 11.7715 7.51387 19.4358 10.3975 -6.76724 3.22117 49.1186
1297873 12.2933 6.36899 20.5981 9.29385 -8.8708 3.46919 48.5543
1297883 12.2933 6.36899 20.5981 9.29385 -8.8708 3.46919 48.5543
1297896 12.8152 5.46463 21.8716 8.43223 -10.698 3.71234 48.5837
1297903 13.4724 4.82965 23.327 7.88041 -12.164 3.90995 49.5095
1297925 13.4724 4.82965 23.327 7.88041 -12.164 3.90995 49.5095
1297927 14.1489 4.31013 24.5398 7.35763 -13.4149 4.00297 50.3565
1297935 14.7288 3.94454 25.7021 7.24146 -14.1644 4.14696 51.617
1297953 14.7288 3.94454 25.7021 7.24146 -14.1644 4.14696 51.617
1297956 15.1734 3.70402 26.5309 7.15433 -14.671 4.22577 52.5627
1297965 15.1734 3.70402 26.5309 7.15433 -14.671 4.22577 52.5627
1297983 15.473 3.48274 27.1576 7.05752 -15.0883 4.30481 53.1708
1297986 15.6566 3.41539 27.3193 6.98975 -15.2539 4.28158 53.381
1297996 15.6566 3.41539 27.3193 6.98975 -15.2539 4.28158 53.381
1298012 15.8016 3.34805 27.2687 6.8639 -15.4171 4.218 53.2823
1298016 15.8016 3.34805 26.9453 6.69932 -15.4844 4.11834 52.7943
1298026 15.8016 3.34805 26.9453 6.69932 -15.4844 4.11834 52.7943
1298041 15.8596 3.34805 26.4501 6.64123 -15.4498 3.98201 52.2989
1298047 15.8596 3.34805 26.4501 6.64123 -15.4498 3.98201 52.2989
1298069 15.7146 3.31919 26.1165 6.47665 -15.5129 3.93962 51.627
1298070 15.647 3.29994 25.7628 6.36048 -15.542 3.87008 51.0702
1298099 15.4537 3.2326 25.5809 6.26367 -15.6035 3.90601 50.5308
1298100 15.2894 3.13639 25.7224 6.34112 -15.6143 4.05167 50.4892
1298108 15.2894 3.13639 25.7224 6.34112 -15.6143 4.05167 50.4892
1298128 14.9994 3.07866 26.0458 6.43793 -15.5891 4.27366 50.5618
1298130 14.7482 2.95359 26.4096 6.50569 -15.656 4.50843 50.6171
1298156 14.7482 2.95359 26.4096 6.50569 -15.656 4.50843 50.6171
1298158 14.5839 2.89587 26.6724 6.64123 -15.6119 4.67598 50.7934
1298160 14.5839 2.89587 26.6724 6.64123 -15.6119 4.67598 50.7934
1298185 14.3229 2.74194 26.8139 6.67995 -15.6822 4.87424 50.5587
1298187 14.2553 2.71307 26.8847 6.67995 -15.706 4.92637 50.5329
1298193 14.2553 2.71307 26.8847 6.67995 -15.706 4.92637 50.5329
1298200 14.033 2.67459 26.9049 6.67027 -15.7077 5.03183 50.2827
1298215 13.9073 2.67459 27.0464 6.67995 -15.7028 5.11181 50.3083
1298221 13.9073 2.67459 27.0464 6.67995 -15.7028 5.11181 50.3083
1298242 13.888 2.60724 27.0262 6.66059 -15.7658 5.13875 50.182
1298244 13.888 2.60724 27.0262 6.66059 -15.7658 5.13875 50.182
1298251 13.83 2.57838 27.2485 6.709 -15.7801 5.22649 50.3659
1298270 13.743 2.45331 27.3496 6.7574 -15.8448 5.34079 50.3033
1298280 13.743 2.45331 27.3496 6.7574 -15.8448 5.34079 50.3033
1298283 13.7044 2.46293 27.5012 6.79613 -15.8262 5.38893 50.4646
1298299 13.6174 2.40521 27.7033 6.84453 -15.8546 5.49489 50.5705
1298302 13.6174 2.40521 27.7033 6.84453 -15.8546 5.49489 50.5705
1298312 13.5594 2.43407 27.7741 6.83485 -15.8414 5.51815 50.6024
1298327 13.5594 2.43407 27.7741 6.83485 -15.8414 5.51815 50.6024
1298337 13.5401 2.34748 27.8246 6.88326 -15.8779 5.57965 50.5954
1298343 13.5014 2.37634 27.8044 6.87358 -15.8518 5.57806 50.5557
1298357 13.5014 2.37634 27.8044 6.87358 -15.8518 5.57806 50.5557
1298363 13.6657 2.49179 27.7337 6.79613 -15.838 5.43694 50.6873
1298386 13.9267 2.45331 27.5719 6.62187 -16.0278 5.28352 50.5738
1298395 14.1103 2.50141 27.3698 6.53474 -16.0562 5.13483 50.5162
1298414 14.4292 2.55914 27.1171 6.46697 -16.0761 4.92236 50.5725
1298415 14.4292 2.55914 27.1171 6.46697 -16.0761 4.92236 50.5725
1298425 14.7868 2.68421 26.6724 6.1959 -16.1797 4.58805 50.3393
1298444 14.7868 2.68421 26.6724 6.1959 -16.1797 4.58805 50.3393
1298446 15.1057 2.79004 26.3389 6.03132 -16.2253 4.31935 50.266
1298456 15.473 2.80928 25.8436 5.97323 -16.2349 4.05234 50.0992
1298475 15.473 2.80928 25.8436 5.97323 -16.2349 4.05234 50.0992
1298477 15.7629 2.95359 25.2675 5.76025 -16.2414 3.71236 49.7443
1298486 15.9852 3.06904 24.8329 5.67312 -16.1803 3.46602 49.5603
1298504 15.9852 3.06904 24.8329 5.67312 -16.1803 3.46602 49.5603
1298515 16.2752 3.15563 24.4792 5.46982 -16.2662 3.1951 49.3798
1298532 16.2752 3.15563 24.4792 5.46982 -16.2662 3.1951 49.3798
1298532 16.3911 3.2326 24.1861 5.44077 -16.1947 3.04661 49.2506
1298541 16.5941 3.25184 24.176 5.41173 -16.2372 2.95602 49.4336
1298561 16.5941 3.25184 24.176 5.41173 -16.2372 2.95602 49.4336
1298563 16.7391 3.29994 24.0951 5.4795 -16.1522 2.88297 49.6136
1298567 16.7487 3.35767 24.1457 5.46014 -16.1311 2.86632 49.7122
1298589 16.7487 3.35767 24.1457 5.46014 -16.1311 2.86632 49.7122
1298591 16.7004 3.29994 24.1052 5.45046 -16.1712 2.89228 49.556
1298619 16.6714 3.71364 23.9031 5.90547 -15.418 2.81615 50.1936
1298620 16.5458 4.67572 23.327 6.15718 -14.3179 2.44431 50.7057
1298628 16.5458 4.67572 23.327 6.15718 -14.3179 2.44431 50.7057
1298649 16.0915 5.61856 22.4073 6.53474 -13.0032 2.14164 50.6521
1298653 15.5117 6.83079 21.4168 7.2221 -11.2176 1.85257 50.9813
1298660 15.5117 6.83079 21.4168 7.2221 -11.2176 1.85257 50.9813
1298678 14.8158 8.28353 20.396 8.69362 -8.7349 1.7217 52.1889
1298680 14.8158 8.28353 20.396 8.69362 -8.7349 1.7217 52.1889
1298690 14.3326 10.1404 19.6784 10.7557 -5.97141 1.62852 54.907
1298708 13.8977 11.5931 18.5666 11.9465 -3.98396 1.34517 56.0038
1298710 13.8977 11.5931 18.5666 11.9465 -3.98396 1.34517 56.0038
1298725 13.1728 12.7187 16.5345 12.2272 -2.178 0.787745 54.6533
1298738 12.3513 13.7097 14.3185 12.4499 -0.241446 0.200835 52.8293
1298741 12.3513 13.7097 14.3185 12.4499 -0.241446 0.200835 52.8293
1298751 11.5395 14.6429 12.3756 12.5757 1.61514 -0.361133 51.1337
1298767 11.5395 14.6429 12.3756 12.5757 1.61514 -0.361133 51.1337
1298771 10.602 15.5761 10.625 13.2244 3.78464 -0.698253 50.0275
1298797 9.65492 16.4228 9.12738 14.5507 6.12549 -0.723414 49.7557
1298799 9.65492 16.4228 9.12738 14.5507 6.12549 -0.723414 49.7557
1298802 8.63047 17.2966 7.96369 16.1384 8.41549 -0.547172 50.0291
1298812 7.61569 18.0236 7.21488 17.8201 10.3668 -0.178893 50.6743
1298838 6.74588 18.7794 6.78988 19.3155 11.8918 0.168546 51.6307
1298843 5.8954 19.3534 6.64821 20.647 13.0637 0.584198 52.544
1298860 5.8954 19.3534 6.64821 20.647 13.0637 0.584198 52.544
1298864 5.04491 19.7169 6.5875 21.689 14.034 0.993991 53.0383
1298889 5.04491 19.7169 6.5875 21.689 14.034 0.993991 53.0383
1298891 4.3394 20.0039 6.60774 22.4512 14.7503 1.32455 53.4023
1298900 3.70153 20.0613 6.45595 22.9143 15.4415 1.58302 53.1331
1298919 3.70153 20.0613 6.45595 22.9143 15.4415 1.58302 53.1331
1298921 3.05401 19.937 6.4256 23.2906 16.0073 1.91393 52.7072
1298926 2.57078 19.65 6.39524 23.3581 16.3745 2.17395 51.9741
1298952 2.28084 19.4682 6.30417 23.4064 16.6585 2.3207 51.4596
1298956 2.28084 19.4682 6.30417 23.4064 16.6585 2.3207 51.4596
1298966 2.26151 19.1334 6.30417 23.2616 16.5958 2.40507 50.9607
1298981 2.22285 18.8272 6.25357 22.9432 16.5652 2.43201 50.2469
1298991 2.22285 18.8272 6.25357 22.9432 16.5652 2.43201 50.2469
1298997 2.14554 18.5498 6.14226 22.5766 16.614 2.4356 49.4142
1299011 2.16487 18.435 6.15238 22.3354 16.5282 2.41036 49.0877
1299017 2.16487 18.435 6.15238 22.3354 16.5282 2.41036 49.0877
1299027 2.14554 18.2724 6.1625 22.2968 16.5011 2.46784 48.8772
1299048 2.1552 18.0523 6.25357 22.3451 16.3855 2.5789 48.8062
1299073 2.13587 18.0906 6.38512 22.4512 16.3162 2.63229 49.0628
1299076 2.13587 18.0906 6.38512 22.4512 16.3162 2.63229 49.0628
1299078 2.20352 18.0236 6.34464 22.4608 16.2832 2.62427 49.0326
1299103 2.16487 17.9088 6.43571 22.6056 16.2444 2.73875 49.115
1299104 2.16487 17.9088 6.43571 22.6056 16.2444 2.73875 49.115
1299110 2.1842 17.8897 6.49643 22.8082 16.2101 2.80406 49.3785
1299118 2.1842 17.8897 6.49643 22.8082 16.2101 2.80406 49.3785
1299134 2.26151 17.794 6.52679 22.9625 16.131 2.85613 49.5449
1299140 2.10688 17.7079 6.60774 23.0204 16.1872 2.97717 49.443
1299150 2.10688 17.7079 6.60774 23.0204 16.1872 2.97717 49.443
1299165 2.1552 17.6984 6.60774 23.1941 16.1762 3.00519 49.6554
1299193 2.13587 17.6314 6.67857 23.3871 16.156 3.09987 49.8329
1299195 2.13587 17.6314 6.67857 23.3871 16.156 3.09987 49.8329
1299196 2.16487 17.6601 6.7494 23.416 16.084 3.10273 49.9904
1299203 2.16487 17.6601 6.7494 23.416 16.084 3.10273 49.9904
1299223 2.08755 17.6123 6.71905 23.4353 16.1676 3.14553 49.8542
1299224 2.1552 17.6027 6.97202 23.6283 15.9377 3.22958 50.3582
1299231 2.1552 17.6027 6.97202 23.6283 15.9377 3.22958 50.3582
1299254 2.13587 17.5644 7.08333 23.9659 15.917 3.3544 50.7496
1299256 2.12621 17.5357 7.13393 24.1396 15.9099 3.4195 50.9355
1299262 2.12621 17.5357 7.13393 24.1396 15.9099 3.4195 50.9355
1299272 2.16487 17.3444 7.16429 24.2457 15.8393 3.50577 50.9193
1299290 2.1552 17.1148 7.26548 24.2264 15.7207 3.61154 50.7619
1299292 2.1552 17.1148 7.26548 24.2264 15.7207 3.61154 50.7619
1299302 2.07789 16.8557 7.25536 24.1782 15.7348 3.72266 50.3671
1299318 2.07789 16.8557 7.25536 24.1782 15.7348 3.72266 50.3671
1299322 2.00057 16.5478 7.19464 23.9274 15.7438 3.79711 49.6704
1299332 1.94258 16.1822 7.2756 23.8116 15.6342 3.95098 49.212
1299358 2.1842 15.884 7.42738 23.6476 15.2208 3.97007 49.1431
1299363 2.1842 15.884 7.42738 23.6476 15.2208 3.97007 49.1431
1299378 2.72541 15.6242 7.66012 23.3967 14.4897 3.85795 49.4065
1299385 3.43093 15.326 7.95357 22.9529 13.5383 3.66957 49.6634
1299393 3.43093 15.326 7.95357 22.9529 13.5383 3.66957 49.6634
1299409 4.13644 15.0181 8.32798 22.4512 12.519 3.49201 49.9337
1299417 5.24787 14.5948 8.62143 21.5057 11.1223 3.0872 49.9698
1299426 5.24787 14.5948 8.62143 21.5057 11.1223 3.0872 49.9698
1299441 6.57192 14.1426 8.83393 20.2804 9.54123 2.52859 49.8288
1299445 6.57192 14.1426 8.83393 20.2804 9.54123 2.52859 49.8288
1299455 8.06026 13.6712 9.33988 18.92 7.59683 1.95886 49.9913
1299471 9.53894 13.0747 10.2506 17.5017 5.35425 1.5304 50.3659
1299475 9.53894 13.0747 10.2506 17.5017 5.35425 1.5304 50.3659
1299485 11.0949 12.305 12.1429 16.1093 2.5055 1.4091 51.6522
1299501 12.6703 11.4103 15.1381 14.8605 -0.710802 1.64149 54.0791
1299506 12.6703 11.4103 15.1381 14.8605 -0.710802 1.64149 54.0791
1299516 13.7527 10.1981 17.566 13.2244 -3.60617 1.87416 54.7411
1299533 14.5259 8.97623 18.7283 11.1913 -6.12419 1.80195 53.4217
1299545 14.5259 8.97623 18.7283 11.1913 -6.12419 1.80195 53.4217
1299546 15.1347 7.82173 19.648 9.05182 -8.66749 1.66777 51.6563
1299565 15.1347 7.82173 19.648 9.05182 -8.66749 1.66777 51.6563
1299568 15.6663 6.89813 20.5172 7.4254 -10.8203 1.59727 50.5071
1299577 16.4105 6.30164 21.4471 6.68964 -12.2256 1.60022 50.8488
1299596 16.4105 6.30164 21.4471 6.68964 -12.2256 1.60022 50.8488
1299597 17.0481 5.88795 22.4275 6.37984 -13.1455 1.70203 51.7434
1299629 17.6061 5.73401 23.2866 6.41856 -13.5451 1.79988 53.0452
1299631 17.6061 5.73401 23.2866 6.41856 -13.5451 1.79988 53.0452
1299632 17.9621 5.5416 23.7717 6.58314 -13.7439 1.9081 53.8585
1299660 18.0006 5.38766 23.9941 6.5541 -13.9298 1.99121 53.9364
1299662 18.0198 5.14714 23.9233 6.49601 -14.1361 2.0301 53.5863
1299668 18.0198 5.14714 23.9233 6.49601 -14.1361 2.0301 53.5863
1299692 17.8274 4.8489 23.6605 6.31207 -14.4006 2.07877 52.6489
1299693 17.4618 4.55065 23.4887 6.29271 -14.5322 2.24997 51.7939
1299707 17.4618 4.55065 23.4887 6.29271 -14.5322 2.24997 51.7939
1299708 17.1828 4.40634 23.3068 6.20558 -14.6168 2.32573 51.1015
1299725 17.1828 4.40634 23.3068 6.20558 -14.6168 2.32573 51.1015
1299729 16.9227 4.26203 23.0844 6.18622 -14.6461 2.40389 50.4554
1299738 16.6714 4.19468 22.953 6.18622 -14.6202 2.48169 50.0053
1299757 16.6714 4.19468 22.953 6.18622 -14.6202 2.48169 50.0053
1299760 16.4008 4.10809 22.8924 6.22494 -14.5891 2.60198 49.6262
1299770 16.4008 4.10809 22.8924 6.22494 -14.5891 2.60198 49.6262
1299790 16.1302 4.06961 23.0541 6.31207 -14.5274 2.77399 49.566
1299791 16.0142 4.05999 23.1855 6.44761 -14.4305 2.88455 49.7073
1299800 16.0142 4.05999 23.1855 6.44761 -14.4305 2.88455 49.7073
1299822 15.8016 4.00226 23.5493 6.58314 -14.4011 3.10254 49.9363
1299822 15.5986 4.01188 24.0648 6.77677 -14.308 3.33912 50.4521
1299833 15.5986 4.01188 24.0648 6.77677 -14.308 3.33912 50.4521
1299855 15.4633 3.91568 24.5196 6.98007 -14.2924 3.57341 50.8787
1299866 15.1831 3.86757 24.8026 7.14465 -14.2033 3.79328 50.9979
1299871 14.9318 3.79061 24.9845 7.21241 -14.1956 3.96939 50.9193
1299887 14.9318 3.79061 24.9845 7.21241 -14.1956 3.96939 50.9193
1299891 14.7675 3.71364 25.0957 7.2705 -14.1989 4.09611 50.8473
1299901 14.4969 3.63667 24.9845 7.2705 -14.1769 4.20378 50.3886
1299918 14.4969 3.63667 24.9845 7.2705 -14.1769 4.20378 50.3886
1299926 14.3616 3.62705 24.8835 7.25114 -14.1486 4.23336 50.1232
1299933 14.3616 3.62705 24.8835 7.25114 -14.1486 4.23336 50.1232
1299951 14.2359 3.57895 24.843 7.20273 -14.1882 4.2812 49.8607
1299955 14.1296 3.58857 24.8329 7.30923 -14.0717 4.33931 49.8604
1299962 14.1296 3.58857 24.8329 7.30923 -14.0717 4.33931 49.8604
1299983 14.1103 3.59819 24.934 7.29954 -14.0896 4.36258 49.942
1299991 13.859 3.52122 24.9441 7.36731 -14.0439 4.50715 49.6917
1299993 13.859 3.52122 24.9441 7.36731 -14.0439 4.50715 49.6917
1300016 13.8107 3.56933 25.2271 7.45444 -13.9898 4.58482 50.0616
1300021 13.8107 3.56933 25.2271 7.45444 -13.9898 4.58482 50.0616
1300027 13.772 3.49236 25.3282 7.48349 -14.0408 4.6571 50.0761
1300034 13.8204 3.47312 25.3484 7.43508 -14.1086 4.63986 50.0769
1300061 13.772 3.48274 25.3484 7.46412 -14.0678 4.66105 50.0673
1300063 13.8687 3.49236 25.4191 7.40604 -14.142 4.62203 50.1862
1300090 14.1006 3.65591 25.217 7.37699 -14.0439 4.42025 50.3505
1300095 14.1683 3.65591 25.1867 7.37699 -14.052 4.38781 50.3879
1300114 14.1683 3.67516 25.1867 7.35763 -14.0521 4.37633 50.3877
1300116 14.3326 3.77136 25.2776 7.43508 -13.9737 4.3122 50.8167
1300125 14.3326 3.77136 25.2776 7.43508 -13.9737 4.3122 50.8167
1300147 14.5355 3.80985 25.308 7.40604 -14.0168 4.22115 51.0594
1300148 14.5259 3.75212 25.1463 7.36731 -14.0539 4.20412 50.7916
1300155 14.5259 3.75212 25.1463 7.36731 -14.0539 4.20412 50.7916
1300165 14.5355 3.80023 24.9845 7.30923 -14.0287 4.13534 50.6295
1300181 14.4969 3.76174 24.7117 7.21241 -14.0658 4.08471 50.1827
1300186 14.4969 3.76174 24.7117 7.21241 -14.0658 4.08471 50.1827
1300196 14.4099 3.77136 24.4388 7.08656 -14.078 4.02685 49.7066
1300214 14.4099 3.77136 24.4388 7.08656 -14.078 4.02685 49.7066
1300216 14.1489 3.65591 24.1962 7.02847 -14.1041 4.10563 49.0295
1300246 14.1006 3.85795 24.0951 7.36731 -13.6432 4.09862 49.421
1300247 14.1006 3.85795 24.0951 7.36731 -13.6432 4.09862 49.421
1300248 13.9363 4.60838 23.8829 7.43508 -12.9234 3.84253 49.8627
1300257 13.6754 5.176 23.3876 7.57061 -12.2047 3.64594 49.8096
1300279 13.6754 5.176 23.3876 7.57061 -12.2047 3.64594 49.8096
1300281 13.3081 5.76288 22.8115 7.71583 -11.4121 3.46474 49.5984
1300287 13.3081 5.76288 22.8115 7.71583 -11.4121 3.46474 49.5984
1300315 12.8346 6.49406 22.286 8.11276 -10.3131 3.33924 49.7273
1300318 12.5156 7.31183 22.003 9.2164 -8.81072 3.34749 51.0468
1300349 12.1194 8.57216 21.7503 11.4237 -6.43911 3.476 53.8655
1300351 11.6748 9.92869 20.78 13.873 -3.84539 3.47947 56.2565
1300356 11.6748 9.92869 20.78 13.873 -3.84539 3.47947 56.2565
1300365 10.9983 11.1217 19.1225 14.9863 -1.78412 3.19823 56.2288
1300384 10.9983 11.1217 19.1225 14.9863 -1.78412 3.19823 56.2288
1300385 10.1961 12.0549 16.8381 15.0154 0.0166506 2.66219 54.1045
1300391 9.278 12.6899 14.7435 14.9282 1.74123 2.23777 51.6396
1300419 8.55315 13.5654 12.8512 15.2864 3.70475 1.79653 50.2562
1300420 7.78965 14.412 11.3435 16.1287 5.74125 1.59153 49.6738
1300430 7.78965 14.412 11.3435 16.1287 5.74125 1.59153 49.6738
1300453 7.10347 15.2586 10.0381 17.2605 7.74132 1.49107 49.6607
1300454 7.10347 15.2586 10.0381 17.2605 7.74132 1.49107 49.6607
1300462 6.4946 16.163 9.03631 18.4955 9.52769 1.45674 50.1894
1300486 5.85674 16.9134 8.21667 19.7594 11.1335 1.5388 50.7462
1300488 5.85674 16.9134 8.21667 19.7594 11.1335 1.5388 50.7462
1300491 5.29619 17.6601 7.66012 20.8689 12.4175 1.62359 51.4853
1300501 4.71632 18.2819 7.18452 21.8048 13.5541 1.7286 51.9875
1300521 4.71632 18.2819 7.18452 21.8048 13.5541 1.7286 51.9875
1300523 4.23309 18.9133 6.8506 22.3644 14.4162 1.73846 52.3614
1300536 4.23309 18.9133 6.8506 22.3644 14.4162 1.73846 52.3614
1300558 3.73053 19.3534 6.68869 22.7117 15.074 1.80524 52.4843
1300559 3.36327 19.6787 6.5875 22.9625 15.5397 1.8562 52.592
1300592 3.04434 19.7648 6.375 22.895 15.9567 1.86089 52.0791
1300594 2.72541 19.8413 6.23333 22.6827 16.2993 1.84995 51.4828
1300595 2.72541 19.8413 6.23333 22.6827 16.2993 1.84995 51.4828
1300603 2.52246 19.937 6.01071 22.3354 16.6021 1.73801 50.8056
1300628 2.52246 19.937 6.01071 22.3354 16.6021 1.73801 50.8056
1300629 2.50313 19.9944 6.10179 22.1714 16.5257 1.7064 50.7707
1300638 2.62877 20.1187 5.98036 21.853 16.4897 1.50824 50.5809
1300645 2.62877 20.1187 5.98036 21.853 16.4897 1.50824 50.5809
1300664 2.63843 20.1857 5.92976 21.5539 16.4842 1.38931 50.3078
1300665 2.69642 20.2335 5.81845 21.1583 16.4692 1.21632 49.9068
1300674 2.69642 20.2335 5.81845 21.1583 16.4692 1.21632 49.9068
1300697 2.71575 20.3388 5.66667 20.7917 16.5351 1.0312 49.5129
1300698 2.71575 20.3388 5.66667 20.7917 16.5351 1.0312 49.5129
1300732 2.77374 20.4249 5.56548 20.5312 16.5416 0.881855 49.2953
1300734 2.75441 20.5588 5.43393 20.319 16.6558 0.745831 49.0661
1300735 2.75441 20.5588 5.43393 20.319 16.6558 0.745831 49.0661
1300745 2.84139 20.7119 5.4744 20.319 16.5741 0.680929 49.3466
1300767 2.85105 20.9032 5.48452 20.2707 16.5818 0.606242 49.5095
1300768 2.85105 20.9032 5.48452 20.2707 16.5818 0.606242 49.5095
1300770 2.9187 21.0276 5.46429 20.2128 16.5534 0.523192 49.6234
1300777 2.88971 21.1041 5.44405 20.1453 16.5962 0.482681 49.5832
1300803 2.88971 21.1041 5.44405 20.1453 16.5962 0.482681 49.5832
1300805 2.90904 21.0467 5.49464 20.1549 16.5295 0.512195 49.6053
1300807 2.90904 21.0467 5.49464 20.1549 16.5295 0.512195 49.6053
1300840 2.9187 21.2285 5.48452 20.1549 16.5608 0.449603 49.7866
1300841 2.89937 21.2476 5.40357 20.1356 16.6446 0.420308 49.6862
1300843 2.89937 21.2476 5.40357 20.1356 16.6446 0.420308 49.6862
1300848 2.97669 21.3146 5.42381 20.0874 16.5662 0.367434 49.8025
1300875 2.97669 21.3146 5.42381 20.0874 16.5662 0.367434 49.8025
1300877 2.99602 21.3337 5.46429 20.097 16.5212 0.37029 49.8911
1300881 3.01535 21.4102 5.38333 20.1646 16.5969 0.336877 49.9735
1300890 3.01535 21.4102 5.38333 20.1646 16.5969 0.336877 49.9735
1300912 3.01535 21.4198 5.44405 20.2804 16.5675 0.385546 50.1596
1300914 3.02501 21.4485 5.53512 20.3479 16.5005 0.419853 50.3565
1300918 3.02501 21.4485 5.53512 20.3479 16.5005 0.419853 50.3565
1300928 2.95736 21.4389 5.45417 20.3961 16.6298 0.43406 50.2466
1300948 2.95736 21.4389 5.45417 20.3961 16.6298 0.43406 50.2466
1300950 2.9477 21.2859 5.525 20.4637 16.5648 0.524202 50.2223
1300960 2.9477 21.1806 5.63631 20.4733 16.4567 0.591572 50.238
1300983 2.9477 21.1806 5.63631 20.4733 16.4567 0.591572 50.238
1300987 2.96703 21.1328 5.58571 20.4926 16.4776 0.591443 50.1782
1300995 2.96703 20.9893 5.54524 20.5602 16.4982 0.643925 50.0617
1301019 2.96703 20.9893 5.54524 20.5602 16.4982 0.643925 50.0617
1301020 2.89937 20.8554 5.66667 20.5505 16.4291 0.739143 49.9719
1301055 2.88005 20.6258 5.7375 20.7049 16.3735 0.881882 49.9482
1301056 2.7834 20.5205 5.80833 20.9654 16.4216 1.03932 50.0777
1301058 2.7834 20.5205 5.80833 20.9654 16.4216 1.03932 50.0777
1301061 2.86072 20.3101 6.10179 21.139 16.1107 1.21104 50.4116
1301090 3.46958 20.224 6.4256 21.1776 15.355 1.14325 51.2968
1301091 3.46958 20.224 6.4256 21.1776 15.355 1.14325 51.2968
1301093 4.1751 19.937 6.64821 20.8689 14.5182 0.989277 51.6292
1301102 4.8033 19.4873 6.86071 20.4637 13.701 0.881649 51.615
1301127 4.8033 19.4873 6.86071 20.4637 13.701 0.881649 51.615
1301128 5.65378 18.8846 7.05298 19.7304 12.6205 0.656147 51.3218
1301133 5.65378 18.8846 7.05298 19.7304 12.6205 0.656147 51.3218
1301163 6.61057 18.1576 7.37679 18.9296 11.3069 0.45177 51.0746
