448605 14.5303 8.1158 19.1225 11.2145 -6.75808 2.17734 52.9831
448612 14.4711 7.91722 20.1635 11.7672 -6.88076 2.63507 54.319
448620 14.3612 7.85678 20.6587 11.999 -6.90844 2.85365 54.8757
448635 14.3612 7.85678 20.6587 11.999 -6.90844 2.85365 54.8757
448642 14.2005 7.76181 20.6688 12.0524 -6.88282 2.95125 54.6836
448652 14.2005 7.76181 20.6688 12.0524 -6.88282 2.95125 54.6836
448670 14.006 7.67547 20.5981 12.0435 -6.85025 3.02639 54.3231
448672 13.7861 7.6064 20.8205 12.1594 -6.82365 3.19668 54.3723
448682 13.7861 7.6064 20.8205 12.1594 -6.82365 3.19668 54.3723
448700 13.6677 7.5546 20.9316 12.2396 -6.8046 3.29516 54.3935
448709 13.4647 7.43372 20.6587 12.1238 -6.78358 3.32076 53.6809
448718 13.4647 7.43372 20.6587 12.1238 -6.78358 3.32076 53.6809
448725 13.0756 7.20924 20.0927 11.7939 -6.7878 3.33567 52.1715
448734 12.5512 6.84662 19.365 11.3036 -6.87388 3.37674 50.0665
448753 12.1876 6.66531 18.7182 10.9381 -6.85557 3.34064 48.5092
448763 12.1876 6.66531 18.7182 10.9381 -6.85557 3.34064 48.5092
448774 11.8662 6.4322 18.415 10.7063 -6.92887 3.42356 47.4197
448784 11.697 6.34586 18.415 10.7063 -6.92251 3.52337 47.1642
448794 11.697 6.34586 18.415 10.7063 -6.92251 3.52337 47.1642
448804 11.6632 6.35449 18.6879 10.947 -6.84618 3.65685 47.6526
448814 11.7055 6.35449 19.3448 11.268 -6.897 3.86854 48.6728
448829 11.7055 6.35449 19.3448 11.268 -6.897 3.86854 48.6728
448835 11.8408 6.41493 20.0927 11.7048 -6.89957 4.05822 50.0532
448844 11.8408 6.41493 20.0927 11.7048 -6.89957 4.05822 50.0532
448864 11.9254 6.46673 20.7194 12.0703 -6.891 4.21953 51.1818
448865 12.0184 6.58761 21.3359 12.409 -6.85646 4.33772 52.3509
448875 12.0184 6.58761 21.3359 12.409 -6.85646 4.33772 52.3509
448885 12.2975 7.22651 21.7503 12.6854 -6.5493 4.14522 53.9597
448904 12.2975 7.22651 21.7503 12.6854 -6.5493 4.14522 53.9597
448905 12.602 7.90858 21.9322 13.0241 -6.13046 3.90659 55.4669
448915 12.8896 8.8842 21.821 13.2737 -5.51828 3.51364 56.8685
448929 12.8896 8.8842 21.821 13.2737 -5.51828 3.51364 56.8685
448935 13.4308 10.5678 21.0226 13.6481 -4.36237 2.72853 58.6694
448945 14.0483 12.8989 19.1629 13.2648 -2.96734 1.38456 59.3749
448972 14.7333 14.9451 16.2527 12.0079 -1.74022 -0.367076 57.9391
448977 14.7333 14.9451 13.0209 12.0079 -0.366129 -1.2749 54.7072
448987 15.1647 16.3352 13.0209 10.2606 -0.725494 -2.25032 54.7814
448997 15.4522 17.2009 10.0038 8.656 0.195283 -4.09057 51.313
449023 15.7567 17.9184 8.72418 9.18196 1.26958 -4.58567 51.5813
449033 15.9005 18.5976 9.93846 13.033 2.51947 -3.00854 57.4696
449041 15.9005 18.5976 9.93846 13.033 2.51947 -3.00854 57.4696
449050 15.0463 18.5307 10.1813 15.119 3.57613 -2.1086 58.8773
449059 12.9234 17.7462 9.22857 15.7341 5.09074 -1.53873 55.6323
449069 12.9234 17.7462 9.22857 15.7341 5.09074 -1.53873 55.6323
449078 10.09 16.7151 8.43462 17.1061 7.30552 -0.362317 52.3459
449093 10.09 16.7151 8.43462 17.1061 7.30552 -0.362317 52.3459
449099 7.29055 15.7999 8.53736 19.1901 9.42684 1.36872 50.8179
449109 5.4806 15.3941 9.19121 21.5829 10.7966 2.87501 51.6488
449119 5.4806 15.3941 9.19121 21.5829 10.7966 2.87501 51.6488
449129 5.01542 15.5668 9.87308 23.3581 11.1665 3.52579 53.8134
449139 5.0408 15.7913 10.144 23.9756 11.1835 3.62705 54.9516
449154 5.0408 15.7913 10.144 23.9756 11.1835 3.62705 54.9516
449160 5.00697 15.9294 9.99451 24.0045 11.3463 3.56674 54.9354
449170 5.00697 15.9294 9.99451 24.0045 11.3463 3.56674 54.9354
449180 4.96468 15.774 9.99451 23.8888 11.3066 3.6097 54.6219
449190 4.9393 15.7999 10.1159 24.13 11.3097 3.68465 54.9851
449200 4.9393 15.7999 10.1159 24.13 11.3097 3.68465 54.9851
449210 4.96468 15.8172 10.2467 24.4869 11.2999 3.76971 55.5155
449220 5.0408 15.9812 10.2654 24.6124 11.3093 3.71802 55.8998
449235 5.0408 15.9812 10.2654 24.6124 11.3093 3.71802 55.8998
449242 5.03234 15.938 10.0319 24.0721 11.3237 3.57705 55.0743
449251 5.03234 15.938 10.0319 24.0721 11.3237 3.57705 55.0743
449262 4.93085 15.774 9.58352 23.1362 11.416 3.37342 53.4246
449272 4.81244 15.42 9.13517 22.0846 11.446 3.20315 51.4522
449298 4.72786 15.2473 8.76154 21.2259 11.5005 3.00592 49.9626
449304 4.6602 14.9883 8.52802 20.6373 11.4913 2.92443 48.8139
449313 4.6602 14.9883 8.52802 20.6373 11.4913 2.92443 48.8139
449323 4.64328 14.9451 8.37857 20.1356 11.4645 2.78336 48.1026
449333 4.64328 14.9451 8.37857 20.1356 11.4645 2.78336 48.1026
449343 4.6602 15.0056 8.25714 19.9427 11.5067 2.67437 47.8656
449353 4.76169 15.2042 8.29451 20.0295 11.4814 2.59625 48.2899
449368 4.76169 15.2042 8.29451 20.0295 11.4814 2.59625 48.2899
449374 4.90547 15.5409 8.27582 20.126 11.5079 2.44291 48.8482
449384 5.18458 16.1194 8.34121 20.2225 11.4383 2.18371 49.8676
449403 5.18458 16.1194 8.34121 20.2225 11.4383 2.18371 49.8676
449412 6.40249 17.4305 8.49066 20.2032 10.8233 1.38811 52.5268
449420 6.40249 17.4305 8.49066 20.2032 10.8233 1.38811 52.5268
449429 8.50846 19.3151 8.93901 19.8558 9.59206 0.257317 56.6185
449438 10.09 20.6162 9.13517 18.9393 8.64666 -0.671602 58.7807
449447 10.09 20.6162 9.13517 18.9393 8.64666 -0.671602 58.7807
449455 12.1706 21.9555 8.94835 16.8663 7.38346 -2.07994 59.9408
449465 14.0821 22.96 8.12637 14.5218 6.39692 -3.61717 59.6903
449475 14.0821 22.96 8.12637 14.5218 6.39692 -3.61717 59.6903
449485 15.2154 23.3331 7.11758 11.8474 5.58457 -5.10756 57.5136
449495 15.2154 23.3331 7.11758 11.8474 5.58457 -5.10756 57.5136
449509 15.8328 23.1035 6.48242 9.77032 4.78292 -6.16525 55.1891
449518 15.9851 22.0895 7.0989 9.12847 3.74479 -6.03492 54.3019
449526 15.9851 22.0895 7.0989 9.12847 3.74479 -6.03492 54.3019
449545 15.892 20.4057 9.55549 10.1358 2.27456 -4.44903 55.9891
449547 15.4861 18.0236 11.7319 10.4033 0.543153 -3.06621 55.6448
449556 15.4861 18.0236 11.7319 10.4033 0.543153 -3.06621 55.6448
449569 14.894 15.2732 12.8901 9.79706 -1.28364 -2.12284 52.8544
449578 14.894 15.2732 12.8901 9.79706 -1.28364 -2.12284 52.8544
449588 14.2766 12.1737 14.4313 9.4494 -3.51913 -0.76581 50.331
449598 13.8453 9.37633 16.6731 9.88621 -5.65267 1.00571 49.7809
449608 13.8453 9.37633 16.6731 9.88621 -5.65267 1.00571 49.7809
449619 13.8453 7.90858 18.8698 10.8311 -6.79011 2.31672 51.4548
449629 14.0144 7.58913 20.4667 11.7226 -7.04991 2.95181 53.7929
449640 14.0144 7.58913 20.4667 11.7226 -7.04991 2.95181 53.7929
449649 14.1075 7.47689 21.4673 12.3377 -7.11336 3.30948 55.3894
449659 14.0229 7.49416 22.1849 12.7745 -7.05564 3.57026 56.4765
449669 14.0229 7.49416 22.1849 12.7745 -7.05564 3.57026 56.4765
449684 13.8114 7.38192 22.8317 13.14 -7.0503 3.87782 57.1651
449690 13.8114 7.38192 22.8317 13.14 -7.0503 3.87782 57.1651
449700 13.5408 7.23514 23.5392 13.6214 -7.00054 4.24206 57.9366
449711 13.3378 7.20924 24.1558 14.0582 -6.90344 4.50986 58.761
449723 13.3378 7.20924 24.1558 14.0582 -6.90344 4.50986 58.761
449731 13.0418 7.17471 24.0446 14.1206 -6.76199 4.61156 58.3817
449741 12.5428 6.88979 23.2057 13.6303 -6.76594 4.63938 56.2686
449752 12.5428 6.88979 23.2057 13.6303 -6.76594 4.63938 56.2686
449770 11.9423 6.63941 21.9625 12.9439 -6.69379 4.57804 53.4881
449772 11.9423 6.63941 21.9625 12.9439 -6.69379 4.57804 53.4881
449781 11.4179 6.30269 20.7699 12.2664 -6.70783 4.52619 50.7569
449800 11.1388 6.13865 19.8097 11.7672 -6.67429 4.39044 48.8544
449809 11.1388 6.13865 19.8097 11.7672 -6.67429 4.39044 48.8544
449818 10.8766 6.04368 19.1225 11.3749 -6.6328 4.29495 47.4177
449823 10.7751 5.97461 18.7384 11.1877 -6.61541 4.23444 46.6759
449833 10.7751 5.97461 18.7384 11.1877 -6.61541 4.23444 46.6759
449843 10.7413 6.09548 18.6171 11.1432 -6.50244 4.16019 46.5971
449858 10.7413 6.09548 18.6171 11.1432 -6.50244 4.16019 46.5971
449864 10.8682 6.13865 18.6272 11.1699 -6.50952 4.09912 46.8039
449874 11.0458 6.24225 18.9203 11.3125 -6.5294 4.08605 47.5209
449884 11.0458 6.24225 18.9203 11.3125 -6.5294 4.08605 47.5209
449894 11.2995 6.32859 19.2539 11.4463 -6.61028 4.05726 48.3282
449904 11.5701 6.4581 19.6379 11.6335 -6.65143 4.02938 49.2996
449914 11.5701 6.4581 19.6379 11.6335 -6.65143 4.02938 49.2996
449929 11.8831 6.56171 20.0523 11.8117 -6.73934 4.00107 50.3089
449937 11.8831 6.56171 20.0523 11.8117 -6.73934 4.00107 50.3089
449945 12.0945 6.74302 20.3757 11.9365 -6.74035 3.95155 51.1498
449954 13.5408 9.97207 20.3656 12.2664 -5.19548 2.43633 56.1449
449969 13.5408 9.97207 20.3656 12.2664 -5.19548 2.43633 56.1449
449975 14.2935 11.6816 19.8199 12.8458 -4.08674 1.71142 58.6408
449985 14.8687 13.8141 18.0612 12.8369 -2.63459 0.55774 59.5809
449996 14.8687 13.8141 18.0612 12.8369 -2.63459 0.55774 59.5809
450005 15.9512 17.7845 14.9637 11.785 -0.55614 -1.73275 60.4845
450015 15.9512 17.7845 14.9637 11.785 -0.55614 -1.73275 60.4845
450025 16.7209 20.5971 10.9753 9.78815 1.15745 -4.27535 58.0814
450038 17.0385 22.2234 7.59396 7.88044 2.49899 -6.51875 54.7363
450047 17.0385 22.2234 7.59396 7.88044 2.49899 -6.51875 54.7363
450057 16.9323 23.1227 6.2022 7.67541 3.55237 -7.28059 53.9326
450067 15.9851 23.4671 6.90275 11.1075 5.08452 -5.5972 57.4624
450077 15.9851 23.4671 6.90275 11.1075 5.08452 -5.5972 57.4624
450087 14.1498 23.2279 7.57527 14.8338 6.83123 -3.7555 59.7867
450102 14.1498 23.2279 7.57527 14.8338 6.83123 -3.7555 59.7867
450108 11.5194 21.879 7.08022 16.0551 8.54996 -2.7231 56.5337
450118 8.38159 20.0231 6.77198 17.2798 10.556 -1.24472 52.4564
450128 8.38159 20.0231 6.77198 17.2798 10.556 -1.24472 52.4564
450138 6.28408 18.9612 6.99615 18.8042 11.9918 0.163119 51.0456
450148 5.58209 18.6933 7.41648 20.3479 12.5109 1.00567 52.0398
450158 5.58209 18.6933 7.41648 20.3479 12.5109 1.00567 52.0398
450177 5.41294 18.9229 7.79011 21.3513 12.6555 1.34793 53.4773
450185 5.41294 18.9229 7.79011 21.3513 12.6555 1.34793 53.4773
450196 5.39602 18.9803 7.9022 21.6215 12.664 1.43247 53.9
450204 5.28607 18.8177 7.85549 21.6504 12.7433 1.51152 53.6096
450214 5.28607 18.8177 7.85549 21.6504 12.7433 1.51152 53.6096
450223 5.22687 18.6837 7.9022 21.8144 12.759 1.62399 53.6272
450231 5.25224 18.6455 8.05165 22.0846 12.6893 1.73183 54.0339
450259 5.24378 18.6359 8.1544 22.4126 12.6961 1.84235 54.4467
450262 5.20149 18.5594 8.1544 22.538 12.7364 1.9094 54.4533
450270 5.20149 18.5594 8.1544 22.538 12.7364 1.9094 54.4533
450281 5.12537 18.2915 7.95824 22.0363 12.7521 1.84727 53.4114
450290 5.12537 18.2915 7.95824 22.0363 12.7521 1.84727 53.4114
450300 4.94776 17.8993 7.70604 21.4381 12.8308 1.81679 51.9912
450315 4.78706 17.5166 7.45385 20.8978 12.9175 1.79093 50.6554
450321 4.78706 17.5166 7.45385 20.8978 12.9175 1.79093 50.6554
450331 4.67711 17.1435 7.3511 20.6277 12.9233 1.8549 49.7994
450341 4.55871 16.7755 7.37912 20.5795 12.8909 2.01582 49.2928
450352 4.55871 16.7755 7.37912 20.5795 12.8909 2.01582 49.2928
450364 4.52488 16.4215 7.52857 20.8207 12.7743 2.25258 49.2956
450383 4.45721 16.223 7.73407 21.2934 12.737 2.51892 49.7077
450392 4.41493 16.033 8.01429 21.882 12.6558 2.81511 50.3442
450407 4.41493 16.033 8.01429 21.882 12.6558 2.81511 50.3442
450413 4.34726 15.8172 8.21978 22.3451 12.6136 3.07527 50.7293
450423 4.38109 15.6186 8.38791 22.7406 12.5128 3.26499 51.1282
450433 4.38109 15.6186 8.38791 22.7406 12.5128 3.26499 51.1282
450443 5.50597 16.2748 9.0978 23.2134 11.501 2.92016 54.0919
450458 5.50597 16.2748 9.0978 23.2134 11.501 2.92016 54.0919
450464 7.75572 17.8036 9.83571 22.9722 9.93038 1.86284 58.3672
450474 8.96517 18.5976 10.172 21.361 8.80835 1.00772 59.0957
450484 8.96517 18.5976 10.172 21.361 8.80835 1.00772 59.0957
450494 10.9189 20.0996 9.72363 18.2157 7.49381 -0.783413 58.9578
450513 12.5343 21.2667 8.66813 14.6377 6.43615 -2.75675 57.1069
450522 12.5343 21.2667 8.66813 14.6377 6.43615 -2.75675 57.1069
450530 13.4731 22.0703 7.71538 11.5087 5.65594 -4.46965 54.7675
450539 13.4731 22.0703 7.71538 11.5087 5.65594 -4.46965 54.7675
450548 13.9721 22.5487 9.99451 11.7137 4.42035 -3.81579 58.229
450555 13.8706 21.9651 14.1231 13.9958 3.11439 -1.80993 63.9546
450565 13.8706 21.9651 14.1231 13.9958 3.11439 -1.80993 63.9546
450578 13.1602 19.5543 14.6835 13.2024 2.0268 -1.19518 60.6004
450586 12.4413 15.8949 14.1698 11.0629 0.161812 -0.86901 53.5689
450597 12.4413 15.8949 14.1698 11.0629 0.161812 -0.86901 53.5689
450607 11.7985 11.8629 15.3747 10.216 -2.58583 0.587604 49.2522
450616 11.7985 11.8629 15.3747 10.216 -2.58583 0.587604 49.2522
450626 11.1219 8.02946 17.9096 10.8401 -5.30365 3.00568 47.901
450637 11.0542 6.30269 20.6891 12.2575 -6.5518 4.64867 50.3035
450663 11.3587 6.15592 23.1956 13.764 -6.71618 5.35437 54.4743
450667 11.7055 6.35449 24.3478 14.4772 -6.68964 5.47553 56.885
450683 11.7055 6.35449 24.3478 14.4772 -6.68964 5.47553 56.885
450688 11.8662 6.41493 24.4084 14.5307 -6.69737 5.4154 57.2202
450698 11.8662 6.41493 24.4084 14.5307 -6.69737 5.4154 57.2202
450708 11.9085 6.42357 23.9233 14.2187 -6.72413 5.2617 56.474
450718 11.9338 6.46673 23.4887 13.9601 -6.71254 5.11598 55.8494
450728 11.9338 6.46673 23.4887 13.9601 -6.71254 5.11598 55.8494
450740 11.9169 6.57897 23.0541 13.7551 -6.61645 4.96699 55.3051
450760 12.01 6.67395 22.3971 13.4074 -6.57281 4.71311 54.4885
450769 12.0607 6.86389 21.4976 12.9171 -6.45737 4.35612 53.3394
450779 12.0607 6.86389 21.4976 12.9171 -6.45737 4.35612 53.3394
450789 12.0438 6.81209 20.2545 12.2753 -6.42731 3.99155 51.3856
450800 11.9677 6.83799 19.0719 11.58 -6.38004 3.59285 49.4576
450809 11.9677 6.83799 19.0719 11.58 -6.38004 3.59285 49.4576
450819 11.8154 6.81209 18.2027 11.0718 -6.33283 3.33401 47.9021
450838 11.697 6.78619 17.8086 10.9114 -6.25383 3.25299 47.2031
450841 11.697 6.78619 17.8086 10.9114 -6.25383 3.25299 47.2031
450849 11.6378 6.82072 17.8995 11.0094 -6.17891 3.30937 47.3675
450859 11.6378 6.82072 17.8995 11.0094 -6.17891 3.30937 47.3675
450879 11.6124 6.82072 18.0612 11.2145 -6.0987 3.40897 47.7089
450881 11.6547 6.87252 18.4958 11.5354 -6.04562 3.55365 48.5585
450890 11.6547 6.87252 18.4958 11.5354 -6.04562 3.55365 48.5585
450900 11.6294 6.92433 18.9507 11.7493 -6.04337 3.69911 49.2537
450910 11.5786 6.85526 19.5065 12.1416 -6.03426 3.95779 50.082
450925 11.5786 6.85526 19.5065 12.1416 -6.03426 3.95779 50.082
450930 11.5194 6.75165 20.1231 12.516 -6.0768 4.23335 50.9101
450957 11.2995 6.59624 20.8912 12.9528 -6.10829 4.6236 51.7397
450962 11.0881 6.4322 21.5684 13.3807 -6.11954 4.98257 52.4693
450972 11.0881 6.4322 21.5684 13.3807 -6.11954 4.98257 52.4693
450982 11.0627 6.91569 22.1748 14.2632 -5.53994 5.08844 54.4164
450992 11.8323 9.49721 22.5589 15.1725 -4.11502 4.16565 59.0609
451003 11.8323 9.49721 22.5589 15.1725 -4.11502 4.16565 59.0609
451013 12.196 11.3362 22.0939 16.0996 -2.77603 3.56286 61.7258
451023 12.196 11.3362 22.0939 16.0996 -2.77603 3.56286 61.7258
451033 12.5935 13.5119 19.931 16.162 -1.14577 2.40864 62.1985
451043 13.4985 16.6115 16.4396 14.8338 0.613841 0.284282 61.3833
451053 13.4985 16.6115 16.4396 14.8338 0.613841 0.284282 61.3833
451063 14.0652 18.3967 12.4604 12.6408 1.95955 -1.91807 57.5631
451078 14.5642 19.6021 9.04176 10.5905 3.0608 -4.05237 53.7985
451084 14.5642 19.6021 9.04176 10.5905 3.0608 -4.05237 53.7985
451094 14.894 20.2335 7.53791 9.72575 3.59189 -5.11457 52.3912
451104 14.894 20.2335 7.53791 9.72575 3.59189 -5.11457 52.3912
451114 14.5134 20.4631 6.98681 9.97535 4.30231 -5.20259 51.9387
451124 13.3294 20.1474 6.64121 10.9738 5.45619 -4.65685 51.0918
451134 13.3294 20.1474 6.64121 10.9738 5.45619 -4.65685 51.0918
451144 11.6632 19.516 6.73462 13.6036 7.1441 -3.15652 51.5174
451159 9.50647 18.5689 7.48187 18.1095 9.1724 -0.694284 53.6668
451178 7.20597 17.2296 7.93956 22.0846 11.0947 1.53927 54.4597
451195 5.17612 16.1539 8.2478 24.6799 12.6295 3.20628 54.2577
451205 4.13582 15.6618 8.72418 26.7832 13.3736 4.26087 55.305
451215 4.13582 15.6618 8.72418 26.7832 13.3736 4.26087 55.305
451225 3.6791 15.5322 8.96703 27.9699 13.7386 4.73539 56.1483
451245 3.5607 15.5927 9.0511 28.4427 13.8681 4.85648 56.6472
451248 3.5607 15.5927 9.0511 28.4427 13.8681 4.85648 56.6472
451257 3.54378 15.5582 8.96703 28.462 13.9345 4.86293 56.5309
451275 3.54378 15.5582 8.96703 28.462 13.9345 4.86293 56.5309
451279 3.47612 15.4977 8.96703 28.462 13.9694 4.90804 56.4028
451287 3.48458 15.4114 9.03242 28.6549 13.9393 4.98152 56.5833
451308 3.44229 15.3682 8.97637 28.5199 13.9723 4.97785 56.3067
451318 3.4 15.1783 8.77088 27.8541 13.9763 4.90372 55.2033
451326 3.4 15.1783 8.77088 27.8541 13.9763 4.90372 55.2033
451341 3.32388 14.7984 8.40659 26.7446 13.9903 4.79477 53.2735
451348 3.32388 14.7984 8.40659 26.7446 13.9903 4.79477 53.2735
451358 3.24776 14.4789 7.92088 25.4325 14.0675 4.58888 51.08
451368 3.19701 14.3062 7.57527 24.3036 14.0929 4.36665 49.3822
451378 3.19701 14.3062 7.57527 24.3036 14.0929 4.36665 49.3822
451388 3.22239 14.2372 7.37912 23.4835 14.0304 4.16054 48.3222
451398 3.27313 14.2113 7.25769 23.0397 13.9803 4.02235 47.7818
451417 3.27313 14.2113 7.25769 23.0397 13.9803 4.02235 47.7818
451425 3.35771 14.3667 7.1456 22.7889 13.9807 3.84296 47.6589
451435 3.35771 14.3667 7.1456 22.7889 13.9807 3.84296 47.6589
451444 3.47612 14.643 7.12692 22.567 13.912 3.63127 47.813
451452 3.66219 15.1265 7.17363 22.4898 13.818 3.36666 48.4521
451460 3.66219 15.1265 7.17363 22.4898 13.818 3.36666 48.4521
451469 3.80597 15.4804 7.28571 22.6152 13.7251 3.23696 49.1873
451488 3.96667 15.9121 7.36978 22.6924 13.6502 3.05862 49.941
451492 3.96667 15.9121 7.36978 22.6924 13.6502 3.05862 49.941
451500 4.93085 16.8619 7.80879 22.8564 12.8573 2.53703 52.4579
451510 4.93085 16.8619 7.80879 22.8564 12.8573 2.53703 52.4579
451523 7.01144 18.7124 8.69615 22.9047 11.2994 1.5378 57.3247
451532 8.20398 19.6021 9.16319 21.6118 10.1768 0.760195 58.5811
451542 8.20398 19.6021 9.16319 21.6118 10.1768 0.760195 58.5811
451552 9.95473 21.1041 9.16319 18.727 8.78437 -0.806281 58.949
451561 12.2552 22.9887 8.71484 15.4756 7.35866 -2.78968 59.4344
451571 12.2552 22.9887 8.71484 15.4756 7.35866 -2.78968 59.4344
451582 13.6254 24.242 8.31319 13.2381 6.53898 -4.11894 59.4186
451591 13.6254 24.242 8.31319 13.2381 6.53898 -4.11894 59.4186
451610 14.6403 24.7107 8.82692 12.6675 5.71573 -4.40211 60.8455
451619 14.7587 23.6106 10.611 12.9439 4.51551 -3.58852 61.9242
451629 14.7587 23.6106 10.611 12.9439 4.51551 -3.58852 61.9242
451638 14.3697 20.9606 11.7505 12.302 3.00695 -2.84872 59.3829
451647 13.6338 17.3157 12.1242 10.9203 1.14734 -2.1961 53.994
451655 13.6338 17.3157 12.1242 10.9203 1.14734 -2.1961 53.994
451664 12.7458 13.2961 13.1984 9.93078 -1.38153 -0.888551 49.171
451674 12.7458 13.2961 15.4027 9.93078 -2.39494 -0.206811 51.3754
451683 12.3229 10.1188 15.4027 10.5726 -3.63207 1.09475 48.4171
451698 12.1876 8.47842 17.8389 11.8741 -4.80055 2.6937 50.379
451704 12.1876 8.47842 17.8389 11.8741 -4.80055 2.6937 50.379
451714 12.1199 7.59777 19.7693 13.1133 -5.3128 3.75424 52.6003
451724 12.2552 7.48553 21.1742 13.9601 -5.45956 4.20781 54.8751
451734 12.2552 7.48553 21.1742 13.9601 -5.45956 4.20781 54.8751
451744 12.3483 7.50279 21.7402 14.3078 -5.49108 4.3463 55.8991
451754 12.3483 7.50279 21.7402 14.3078 -5.49108 4.3463 55.8991
451765 12.3652 7.54596 21.72 14.1919 -5.52964 4.29951 55.823
451779 12.4413 7.45962 21.9221 14.1652 -5.68807 4.33655 55.9882
451785 12.4413 7.45962 21.9221 14.1652 -5.68807 4.33655 55.9882
451795 12.5005 7.39055 22.1748 14.1919 -5.81822 4.3929 56.2578
451805 12.5174 7.37329 21.9322 13.9067 -5.90786 4.29256 55.7296
451815 12.5174 7.37329 21.9322 13.9067 -5.90786 4.29256 55.7296
451825 12.492 7.28695 21.1237 13.1668 -6.0857 4.02578 54.0694
451852 12.3483 7.13154 19.8704 12.4179 -6.11823 3.71132 51.7681
451855 12.103 6.95886 18.7081 11.5443 -6.23952 3.40385 49.3142
451871 12.103 6.95886 18.7081 11.5443 -6.23952 3.40385 49.3142
451877 11.8746 6.78619 17.758 10.8757 -6.32776 3.16303 47.2946
451887 11.8239 6.76892 17.1213 10.4657 -6.33968 2.92146 46.1797
451897 11.8239 6.76892 17.1213 10.4657 -6.33968 2.92146 46.1797
451907 11.8323 6.78619 16.7198 10.2071 -6.34465 2.7363 45.5454
451917 11.8323 6.78619 16.7198 10.2071 -6.34465 2.7363 45.5454
451927 11.9085 6.82072 16.7478 10.3141 -6.29022 2.72959 45.7911
451944 12.0184 7.00203 17.1819 10.5905 -6.20172 2.80554 46.7928
451946 12.0184 7.00203 17.1819 10.5905 -6.20172 2.80554 46.7928
451962 12.1199 7.00203 17.7681 11.0718 -6.1581 3.0393 47.9619
451972 12.1537 7.05383 18.7586 11.7761 -6.07252 3.41575 49.7423
451980 12.1537 7.05383 18.7586 11.7761 -6.07252 3.41575 49.7423
451989 12.0945 7.0452 19.9007 12.6319 -5.95975 3.88783 51.6723
452008 12.6189 8.1935 21.1237 13.6749 -5.33806 3.7725 55.6109
452024 13.5577 10.2224 21.9322 14.8873 -4.2823 3.22757 60.5996
452029 13.5577 10.2224 21.9322 14.8873 -4.2823 3.22757 60.5996
452039 13.693 11.1635 21.8413 15.8322 -3.41379 3.07457 62.53
452049 14.1836 12.9766 20.1231 15.9124 -2.14318 2.10662 63.1957
452059 14.1836 12.9766 20.1231 15.9124 -2.14318 2.10662 63.1957
452069 14.8348 15.4718 17.3032 14.8338 -0.733642 0.43968 62.4436
452079 14.8348 15.4718 17.3032 14.8338 -0.733642 0.43968 62.4436
452089 15.1901 16.9482 13.9736 13.033 0.345573 -1.30144 59.1449
452109 15.4184 18.1002 11.022 11.58 1.44321 -2.91782 56.1205
452111 15.4184 18.1002 11.022 11.58 1.44321 -2.91782 56.1205
452120 15.2323 18.8177 9.58352 11.268 2.39965 -3.60606 54.9015
452131 14.3866 19.0377 9.20055 12.204 3.49022 -3.28835 54.8288
452141 14.3866 19.0377 9.20055 12.204 3.49022 -3.28835 54.8288
452150 12.7035 18.5689 8.82692 14.1474 5.1551 -2.29456 54.2467
452161 10.6398 17.6123 8.41593 16.2601 6.99847 -1.01346 52.9281
452171 10.6398 17.6123 8.41593 16.2601 6.99847 -1.01346 52.9281
452181 8.09403 16.1021 8.23846 18.891 9.08934 0.857286 51.3256
452191 8.09403 16.1021 8.23846 18.891 9.08934 0.857286 51.3256
452201 5.60746 14.5912 8.42527 21.7469 11.0706 2.97003 50.3708
452216 4.06816 13.6155 9.24725 24.5448 12.0663 4.69397 51.4758
452223 4.06816 13.6155 9.24725 24.5448 12.0663 4.69397 51.4758
452233 3.61144 13.4774 10.0879 26.9183 12.3377 5.52288 54.095
452243 3.75522 13.7105 10.4896 28.1243 12.2995 5.65663 56.0796
452269 3.71294 13.6242 10.4615 28.2401 12.353 5.71868 56.0387
452274 3.71294 13.6242 10.4615 28.2401 12.353 5.71868 56.0387
452284 3.54378 13.4429 10.3027 28.2015 12.5236 5.81652 55.4909
452294 3.46766 13.2443 10.3775 28.4137 12.5276 5.96703 55.5032
452304 3.46766 13.2443 10.3775 28.4137 12.5276 5.96703 55.5032
452314 3.46766 13.1148 10.3121 28.5102 12.5645 6.02111 55.4047
452324 3.35771 12.9853 10.2 28.2497 12.6282 6.05192 54.7927
452343 3.35771 12.9853 10.2 28.2497 12.6282 6.05192 54.7927
452352 3.26468 12.8903 9.82637 27.2946 12.7139 5.90303 53.2759
452360 3.26468 12.8903 9.82637 27.2946 12.7139 5.90303 53.2759
452369 3.17164 12.6745 9.38736 26.1754 12.7852 5.75289 51.4088
452378 3.07861 12.3205 8.98571 25.336 12.8679 5.70867 49.7208
452395 3.05323 12.1305 8.73352 24.6992 12.8778 5.63049 48.6165
452405 3.02786 12.0615 8.64945 24.3229 12.8518 5.58129 48.0617
452415 3.02786 12.0615 8.64945 24.3229 12.8518 5.58129 48.0617
452425 3.00249 12.0269 8.67747 24.5159 12.8896 5.65001 48.2228
452440 3.00249 12.0269 8.67747 24.5159 12.8896 5.65001 48.2228
452447 3.02786 12.096 8.93901 25.1141 12.8328 5.77382 49.1769
452457 3.07861 12.0874 9.3967 26.1657 12.7038 6.03108 50.7284
452483 2.95174 12.0874 9.82637 27.3042 12.7533 6.35182 52.1697
452486 2.9602 11.9665 10.2374 28.3944 12.6793 6.63904 53.5585
452496 2.9602 11.9665 10.2374 28.3944 12.6793 6.63904 53.5585
452506 2.84179 11.8888 10.6016 29.3593 12.7097 6.91982 54.6915
452522 2.84179 11.8888 10.6016 29.3593 12.7097 6.91982 54.6915
452528 3.15473 11.906 11.7692 30.4012 11.9617 7.10531 57.2313
452538 4.55871 12.519 12.8901 30.7775 10.6377 6.5659 60.7454
452548 4.55871 12.519 12.8901 30.7775 10.6377 6.5659 60.7454
452558 6.16567 13.5292 13.5159 29.5329 9.31588 5.58318 62.7437
452568 7.47662 14.3926 13.5626 26.9569 8.13857 4.48406 62.3887
452594 8.88905 15.4891 12.8341 23.1555 7.00766 2.88518 60.3677
452599 8.88905 15.4891 12.8341 23.1555 7.00766 2.88518 60.3677
452609 9.7602 16.3179 11.6011 18.9489 6.13897 1.18454 56.6281
452619 10.5383 17.4496 10.6297 15.5737 5.46921 -0.493971 54.1913
452630 10.5383 17.4496 10.6297 15.5737 5.46921 -0.493971 54.1913
452639 10.8766 18.4733 10.7511 14.0582 5.0332 -1.25757 54.1592
452654 10.8512 18.7603 11.3396 13.7819 4.72811 -1.23055 54.7329
452660 10.8512 18.7603 11.3396 13.7819 4.72811 -1.23055 54.7329
452670 10.7582 18.5498 11.6291 13.2292 4.33463 -1.23224 54.1663
452680 10.7582 18.5498 11.6291 13.2292 4.33463 -1.23224 54.1663
452699 10.5975 17.5453 11.6945 12.2396 3.59704 -1.21224 52.077
452701 10.3438 16.033 12.3016 11.4106 2.39482 -0.797945 50.089
452710 10.3438 16.033 12.3016 11.4106 2.39482 -0.797945 50.089
452729 9.93781 13.8832 14.4126 11.1877 0.364456 0.540063 49.4214
452739 9.26965 11.1031 17.6772 11.7761 -2.04092 2.73367 49.826
452748 9.26965 11.1031 17.6772 11.7761 -2.04092 2.73367 49.826
452758 8.57612 8.39208 21.6694 13.3005 -4.11692 5.19899 51.9381
452766 8.57612 8.39208 21.6694 13.3005 -4.11692 5.19899 51.9381
452777 8.10249 6.51854 25.126 15.0745 -5.3061 6.99893 54.8215
452785 7.56119 4.645 27.7033 16.3314 -6.3513 8.48898 56.2409
452794 7.56119 4.645 27.7033 16.3314 -6.3513 8.48898 56.2409
452803 7.40896 3.68664 29.1385 16.9376 -6.9629 9.17775 57.1717
452822 7.65423 3.69528 29.7551 17.0675 -7.15397 9.14694 58.1721
452825 7.65423 3.69528 29.7551 17.0675 -7.15397 9.14694 58.1721
452833 7.79801 3.76435 29.8662 16.9643 -7.25069 9.05972 58.3929
452843 7.79801 3.76435 29.8662 16.9643 -7.25069 9.05972 58.3929
452853 7.90796 3.71254 29.6439 16.6612 -7.41384 8.98168 57.9256
452863 7.92488 3.67801 29.2699 16.4027 -7.47006 8.9226 57.2755
452878 7.92488 3.67801 29.2699 16.4027 -7.47006 8.9226 57.2755
452884 7.95871 3.67801 28.6029 15.8322 -7.60247 8.77402 56.0718
452894 7.91642 3.71254 27.299 15.0923 -7.59466 8.54189 54.0203
452904 7.91642 3.71254 27.299 15.0923 -7.59466 8.54189 54.0203
452915 7.73035 3.62621 25.9447 14.3256 -7.61386 8.40079 51.6269
452924 7.73035 3.62621 25.9447 14.3256 -7.61386 8.40079 51.6269
452934 7.47662 3.48807 24.8228 13.666 -7.6564 8.34849 49.4535
452949 7.21443 3.41899 24.2063 13.3985 -7.56827 8.38694 48.2383
452955 7.21443 3.41899 24.2063 13.3985 -7.56827 8.38694 48.2383
452965 7.03682 3.31539 23.9738 13.354 -7.51956 8.48645 47.68
452975 6.68159 3.24632 24.2063 13.6927 -7.29132 8.7726 47.8269
452986 6.68159 3.24632 24.2063 13.6927 -7.29132 8.7726 47.8269
452998 6.40249 3.06501 24.8127 14.2098 -7.18729 9.1426 48.49
453007 6.40249 3.06501 24.8127 14.2098 -7.18729 9.1426 48.49
453017 6.04726 2.9614 25.6516 14.7625 -7.06912 9.53167 49.4227
453026 5.90348 2.83189 26.4602 15.3152 -7.03643 9.81177 50.5107
453036 5.90348 2.83189 26.4602 15.3152 -7.03643 9.81177 50.5107
453046 5.91194 2.82326 27.1474 15.6807 -7.05709 9.91778 51.5633
453056 5.96269 2.8578 27.8044 16.3582 -6.86594 10.0057 52.983
453066 5.96269 2.8578 27.8044 16.3582 -6.86594 10.0057 52.983
453085 7.23134 5.19756 28.4715 17.7236 -5.45068 8.63968 58.624
453094 8.36468 5.19756 27.5719 18.3507 -5.20649 8.16016 59.4849
453103 8.36468 7.44236 27.5719 18.3507 -4.10804 7.31795 61.7297
453112 9.43035 8.97918 24.651 17.5017 -3.13747 5.88069 60.5622
453130 10.9612 11.5607 20.0725 15.3152 -1.79499 3.33256 57.9096
453139 12.2552 13.3997 16.0099 14.0493 -0.366214 1.18577 55.7141
453165 12.9741 14.3321 16.6918 18.8235 1.38876 1.96007 62.8215
453169 12.2637 13.8228 17.1314 22.2196 2.53957 3.0406 65.4375
453179 12.2637 13.8228 17.1314 22.2196 2.53957 3.0406 65.4375
453194 10.5129 13.1234 14.3753 20.8593 3.86204 2.95516 58.8709
453200 10.5129 13.1234 14.3753 20.8593 3.86204 2.95516 58.8709
453210 8.28856 12.5363 11.6665 19.8751 5.94675 3.06974 52.3665
453219 6.06418 11.7075 10.5269 21.139 8.22016 4.21572 49.4376
453234 6.06418 11.7075 10.5269 21.139 8.22016 4.21572 49.4376
453240 4.60945 11.2326 10.7511 23.3485 9.62149 5.48365 49.9416
453250 3.95821 10.9218 11.7505 25.9052 10.0495 6.50293 52.5358
453260 3.95821 10.9218 11.7505 25.9052 10.0495 6.50293 52.5358
453270 3.89055 11.0427 12.6005 27.4972 10.0165 6.85919 55.0309
453280 3.89055 11.0427 12.6005 27.4972 10.0165 6.85919 55.0309
453290 3.96667 11.0945 13.0769 28.2497 9.88716 6.98702 56.3878
453305 4.04279 11.1981 13.1143 28.2497 9.84488 6.9225 56.6049
453313 4.04279 11.1981 13.1143 28.2497 9.84488 6.9225 56.6049
