391563 18.5105 14.9892 34 18.756 -5.43885 3.34869 86.2557
391572 18.0487 11.6604 34 14.1054 -8.44408 3.54618 77.8145
391587 17.5965 9.01471 34 12.0626 -10.4987 4.01481 72.6739
391593 17.5965 9.01471 34 12.0626 -10.4987 4.01481 72.6739
391603 17.3367 6.71534 34 11.2494 -12.0387 4.58808 69.3015
391613 16.9323 5.00283 34 10.8331 -13.1411 5.1442 66.7683
391628 16.9323 5.00283 34 10.8331 -13.1411 5.1442 66.7683
391634 16.2558 3.60781 34 10.6492 -13.9503 5.76294 64.5128
391645 16.2558 3.60781 34 10.6492 -13.9503 5.76294 64.5128
391659 15.618 2.60724 34 10.6492 -14.458 6.30399 62.8744
391668 15.1734 2.13582 34 10.8428 -14.559 6.64506 62.152
391674 15.1734 2.13582 34 10.8428 -14.559 6.64506 62.152
391684 14.9511 1.95303 34 11.0461 -14.5084 6.81401 61.9503
391699 14.7771 1.90492 34 11.1333 -14.4539 6.90392 61.8153
391706 14.7771 1.90492 34 11.1333 -14.4539 6.90392 61.8153
391716 14.8931 1.92417 34 11.0849 -14.4923 6.84974 61.9021
391734 14.8931 1.92417 34 11.0849 -14.4923 6.84974 61.9021
391737 15.1444 1.98189 34 10.959 -14.5781 6.72447 62.0853
391746 15.2797 2.04924 34 10.93 -14.5764 6.6499 62.2589
391763 15.2797 2.04924 34 10.93 -14.5764 6.6499 62.2589
391773 15.2604 2.0781 34 10.959 -14.5364 6.65048 62.2975
391777 15.3087 2.03962 34 10.8912 -14.612 6.63796 62.2395
391787 15.3087 2.03962 34 10.8912 -14.612 6.63796 62.2395
391797 15.3957 2.09734 34 10.746 -14.6822 6.56814 62.239
391807 15.3957 2.09734 34 10.746 -14.6822 6.56814 62.239
391817 15.473 2.18393 34 10.5427 -14.7695 6.48375 62.1996
391833 15.4633 2.10696 34 10.3491 -14.9417 6.48718 61.9194
391849 15.5213 2.27051 34 10.2716 -14.8957 6.39985 62.0635
391858 15.5117 2.24165 34 10.2232 -14.9439 6.40644 61.9765
391868 15.5117 2.24165 34 10.2232 -14.9439 6.40644 61.9765
391879 15.444 2.32824 34 10.2426 -14.8647 6.40259 62.0148
391893 15.444 2.32824 34 10.2426 -14.8647 6.40259 62.0148
391900 15.5117 2.3571 34 10.1845 -14.8945 6.36125 62.0533
391909 15.676 2.3571 34 10.1651 -14.9336 6.30213 62.1982
391919 15.676 2.3571 34 10.1651 -14.9336 6.30213 62.1982
391934 15.7146 2.37634 34 10.2813 -14.8531 6.29856 62.3723
391941 15.7629 2.33786 34 10.2716 -14.8918 6.29385 62.3724
391967 15.7533 2.37634 34 10.3297 -14.8285 6.29212 62.4593
391971 15.8016 2.34748 34 10.4749 -14.7624 6.3057 62.624
391983 15.8016 2.34748 34 10.4749 -14.7624 6.3057 62.624
391996 15.9176 2.42445 34 10.5233 -14.702 6.247 62.8654
392003 15.9176 2.42445 34 10.5233 -14.702 6.247 62.8654
392012 15.9466 2.43407 34 10.5524 -14.6823 6.238 62.933
392023 15.9466 2.41483 34 10.4846 -14.7373 6.23506 62.846
392037 15.9466 2.41483 34 10.4846 -14.7373 6.23506 62.846
392044 16.0239 2.46293 34 10.3104 -14.8297 6.16832 62.7972
392052 16.0915 2.45331 34 10.1167 -14.9699 6.12143 62.6616
392067 16.0915 2.45331 34 10.1167 -14.9699 6.12143 62.6616
392073 16.3621 2.51104 34 10.1942 -14.9273 6.02237 63.0674
392086 16.3621 2.51104 34 10.1942 -14.9273 6.02237 63.0674
392102 16.8164 4.10809 34 10.8138 -13.6505 5.45101 65.7383
392103 17.4233 6.2824 34 11.3172 -12.2509 4.69659 69.0229
392113 17.4233 6.2824 34 11.3172 -12.2509 4.69659 69.0229
392132 18.039 9.13978 34 11.9658 -10.5727 3.85271 73.1447
392141 18.1064 10.9677 34 13.5148 -9.01692 3.61162 76.5889
392150 18.1064 10.9677 34 13.5148 -9.01692 3.61162 76.5889
392158 18.0487 13.1902 33.3329 17.1447 -6.43895 3.53151 81.7165
392170 18.0487 13.1902 33.3329 17.1447 -6.43895 3.53151 81.7165
392174 17.481 14.97 30.3008 20.9557 -3.54094 3.36986 83.7076
392191 16.2848 16.1534 25.5606 22.4801 -0.997761 2.90808 80.479
392196 16.2848 16.1534 25.5606 22.4801 -0.997761 2.90808 80.479
392204 14.5452 17.2296 20.6587 23.1845 1.72251 2.39395 75.618
392215 12.6896 18.148 17.2122 24.8729 4.49758 2.31359 72.9227
392229 12.6896 18.148 17.2122 24.8729 4.49758 2.31359 72.9227
392236 10.9886 19.1334 15.1077 26.9376 6.91954 2.47826 72.1673
392246 10.9886 19.1334 15.1077 26.9376 6.91954 2.47826 72.1673
392256 9.37464 19.8126 14.1464 29.4075 8.83235 2.96256 72.7412
392266 7.91529 20.377 13.9339 31.9739 10.2768 3.56108 74.2001
392283 7.91529 20.377 13.9339 31.9739 10.2768 3.56108 74.2001
392289 6.60091 20.5875 14.0756 34 11.264 4.16278 75.264
392299 5.42183 20.6162 14.197 34 11.786 4.47746 74.2351
392307 5.42183 20.6162 14.197 34 11.786 4.47746 74.2351
392317 4.38772 20.5492 14.2274 34 12.2786 4.77495 73.1643
392335 4.38772 20.5492 14.2274 34 12.2786 4.77495 73.1643
392343 3.48891 20.6066 14.0756 34 12.8313 4.98399 72.1712
392352 2.89937 20.8267 13.853 34 13.298 5.056 71.579
392358 2.89937 20.8267 13.853 34 13.298 5.056 71.579
392373 2.47413 21.1041 13.5899 34 13.714 5.0609 71.1681
392378 2.25185 21.2093 13.5292 34 13.8851 5.08548 70.9904
392388 2.25185 21.2093 13.5292 34 13.8851 5.08548 70.9904
392399 2.27118 21.1041 13.6202 34 13.8082 5.1225 70.9955
392408 2.27118 21.1041 13.6202 34 13.8082 5.1225 70.9955
392423 2.20352 20.7693 13.6911 34 13.7534 5.24701 70.6639
392430 2.08755 20.3101 13.6708 34 13.755 5.4104 70.0685
392457 2.00057 19.7361 13.7518 34 13.6655 5.61571 69.4884
392467 1.87493 19.363 13.6506 34 13.7314 5.75118 68.8885
392476 1.87493 19.363 13.6506 34 13.7314 5.75118 68.8885
392484 1.87493 19.1334 13.5494 34 13.7508 5.80703 68.5577
392493 1.75895 19.009 13.4988 34 13.8249 5.87347 68.2668
392504 1.75895 19.009 13.4988 34 13.8249 5.87347 68.2668
392512 1.74929 18.8081 13.5595 34 13.7628 5.94613 68.1169
392521 1.74929 18.8081 13.5595 34 13.7628 5.94613 68.1169
392536 1.73962 18.6455 13.6405 34 13.6954 6.00996 68.0256
392542 1.63331 18.4541 13.5393 34 13.7821 6.08897 67.6267
392552 1.63331 18.4541 13.5393 34 13.7821 6.08897 67.6267
392563 1.61399 18.3489 13.5292 34 13.7815 6.12656 67.4921
392572 1.53667 18.2054 13.519 34 13.808 6.19458 67.2611
392582 1.53667 18.2054 13.519 34 13.808 6.19458 67.2611
392592 1.54633 18.148 13.7417 34 13.6648 6.23866 67.436
392602 1.54633 18.148 13.7417 34 13.6648 6.23866 67.436
392616 1.45935 18.0141 13.7315 34 13.6981 6.30715 67.205
392623 1.48835 17.8897 13.8024 34 13.6197 6.34657 67.1804
392649 2.01023 17.8706 14.1363 34 13.1305 6.23127 68.0171
392654 2.88005 17.7079 14.4804 34 12.4324 6.05756 69.0683
392663 2.88005 17.7079 14.4804 34 12.4324 6.05756 69.0683
392673 4.34906 17.3061 14.3185 34 11.661 5.71571 69.9736
392683 4.34906 17.3061 14.3185 34 11.661 5.71571 69.9736
392698 6.72655 16.6152 14.3185 31.1635 9.71091 4.82542 68.8236
392705 9.9062 15.6146 17.0303 27.6805 5.82308 4.09858 70.2316
392727 9.9062 15.6146 17.0303 27.6805 5.82308 4.09858 70.2316
392729 13.0375 14.1907 28.805 25.7123 -0.593163 5.00743 81.7455
392734 16.0819 12.9785 34 21.7469 -4.52688 4.72009 84.8072
392750 16.0819 12.9785 34 21.7469 -4.52688 4.72009 84.8072
392754 17.9428 11.3333 34 15.209 -8.09086 3.80954 78.4852
392773 17.9428 11.3333 34 15.209 -8.09086 3.80954 78.4852
392776 19.9921 9.73628 34 11.84 -10.724 3.19809 75.5683
392786 22.0606 8.44709 34 10.6686 -12.2861 2.82554 75.1762
392796 22.0606 8.44709 34 10.6686 -12.2861 2.82554 75.1762
392806 23.5518 7.35031 34 9.87471 -13.4824 2.60227 74.7768
392824 24.5716 6.26316 34 9.0615 -14.631 2.48188 73.8962
392828 24.5716 6.26316 34 9.0615 -14.631 2.48188 73.8962
392840 25.3028 5.51273 34 8.3451 -15.5292 2.36389 73.1606
392854 25.3028 5.51273 34 8.3451 -15.5292 2.36389 73.1606
392865 25.9089 5.05093 34 7.88041 -16.1235 2.24888 72.8402
392872 26.3995 4.92586 34 7.52221 -16.4561 2.09962 72.8476
392878 26.3995 4.92586 34 7.52221 -16.4561 2.09962 72.8476
392887 26.6786 4.97397 34 7.23178 -16.6266 1.97147 72.8843
392897 26.8132 5.04131 34 6.88326 -16.803 1.8619 72.7378
392912 26.8132 5.04131 34 6.88326 -16.803 1.8619 72.7378
392918 27.1307 5.06055 34 6.45729 -17.0729 1.70671 72.6486
392931 27.1307 5.06055 34 6.45729 -17.0729 1.70671 72.6486
392937 27.4963 5.13752 33.1207 6.09909 -17.1809 1.37486 71.8536
392954 27.7465 5.18563 32.1403 5.77961 -17.2619 1.05597 70.852
392958 27.7465 5.18563 32.1403 5.77961 -17.2619 1.05597 70.852
392968 28.0543 5.23373 31.3722 5.60535 -17.2871 0.787615 70.2656
392978 28.343 5.32032 30.6647 5.42141 -17.2998 0.521042 69.7494
392993 28.343 5.32032 30.6647 5.42141 -17.2998 0.521042 69.7494
393001 28.5931 5.43577 30.2705 5.3246 -17.2725 0.337436 69.624
393009 28.5931 5.43577 30.2705 5.3246 -17.2725 0.337436 69.624
393023 28.7278 5.53198 30.3615 5.35364 -17.2218 0.311975 69.9749
393029 28.6893 5.50311 30.9073 5.50854 -17.2023 0.472333 70.6082
393039 28.6893 5.50311 30.9073 5.50854 -17.2023 0.472333 70.6082
393049 28.6123 5.5416 31.7765 5.76025 -17.1176 0.707785 71.6906
393059 28.5739 5.49349 32.6659 5.97323 -17.1144 0.943197 72.7065
393070 28.5739 5.49349 32.6659 5.97323 -17.1144 0.943197 72.7065
393079 28.8048 5.49349 33.242 6.15718 -17.0956 1.03821 73.6974
393095 28.8048 5.49349 33.242 6.15718 -17.0956 1.03821 73.6974
393101 29.2569 5.56084 33.343 6.11845 -17.1383 0.937756 74.2793
393117 29.6129 5.6378 33.2218 6.07005 -17.1469 0.813178 74.5425
393121 29.6129 5.6378 33.2218 6.07005 -17.1469 0.813178 74.5425
393140 29.8727 5.64743 33.1308 5.96355 -17.2193 0.718546 74.6144
393143 29.7091 5.58008 33.1611 5.94419 -17.2546 0.769436 74.3945
393156 29.7091 5.58008 33.1611 5.94419 -17.2546 0.769436 74.3945
393166 29.3531 5.4069 33.1813 5.92483 -17.3296 0.882565 73.8662
393172 29.3531 5.4069 33.1813 5.92483 -17.3296 0.882565 73.8662
393191 28.9106 5.29145 33.2015 5.91515 -17.3576 1.00547 73.3187
393201 28.7182 5.23373 33.2117 5.95387 -17.3496 1.06957 73.1174
393222 28.5642 5.27221 33.3026 5.96355 -17.3151 1.11413 73.1026
393234 28.4295 5.21449 33.4239 6.12813 -17.2519 1.21072 73.1961
393238 28.4295 5.21449 33.4239 6.12813 -17.2519 1.21072 73.1961
393243 28.2371 5.60894 33.5957 6.59282 -16.7594 1.28503 74.0346
393257 28.2371 5.60894 33.5957 6.59282 -16.7594 1.28503 74.0346
393263 28.0832 6.53254 33.2521 7.16401 -15.8728 1.15958 75.0318
393273 27.8619 7.96604 31.7158 7.40604 -14.7451 0.659219 74.9498
393286 27.8619 7.96604 31.7158 7.40604 -14.7451 0.659219 74.9498
393295 27.4194 10.2462 28.9566 7.46412 -13.0475 -0.252033 74.0863
393304 26.438 12.94 25.8335 7.79328 -10.8001 -1.18168 73.0049
393314 26.438 12.94 25.8335 7.79328 -10.8001 -1.18168 73.0049
393327 24.4273 15.1143 23.1147 9.81663 -7.79983 -1.36814 72.473
393334 24.4273 15.1143 23.1147 9.81663 -7.79983 -1.36814 72.473
393351 21.7046 17.3253 22.8621 17.1158 -3.20399 0.17998 79.0077
393354 18.7414 19.1812 23.893 27.2849 1.07512 2.23152 89.1005
393373 18.7414 19.1812 23.893 27.2849 1.07512 2.23152 89.1005
393381 15.4343 19.4395 20.4465 29.4557 3.83788 2.65907 84.7761
393389 12.39 20.1379 16.575 29.6487 6.60989 2.60868 78.7516
393407 9.62592 20.4344 14.8042 31.6266 9.03076 3.21025 76.4911
393422 9.62592 20.4344 14.8042 31.6266 9.03076 3.21025 76.4911
393427 7.47072 20.7214 14.1464 32.9869 10.6508 3.77187 75.3255
393437 5.84707 20.8362 14.0958 34 11.6655 4.29515 74.7791
393447 5.84707 20.8362 14.0958 34 11.6655 4.29515 74.7791
393458 4.45537 20.8458 14.1262 34 12.347 4.66277 73.4274
393470 3.50824 20.731 14.0756 34 12.8422 4.94428 72.3148
393482 3.50824 20.731 14.0756 34 12.8422 4.94428 72.3148
393494 2.85105 20.4823 14.1464 34 13.1103 5.20702 71.4798
393518 2.4838 20.2144 14.2982 34 13.1811 5.40873 70.9964
393520 2.35816 20.0326 14.5613 34 13.0768 5.53271 70.9521
393533 2.35816 20.0326 14.5613 34 13.0768 5.53271 70.9521
393543 2.26151 19.7743 14.622 34 13.0526 5.64399 70.6579
393558 2.16487 19.4586 14.5208 34 13.1062 5.75185 70.1443
393560 2.16487 19.4586 14.5208 34 13.1062 5.75185 70.1443
393572 1.9909 19.1429 14.4196 34 13.2029 5.88449 69.5535
393580 1.86526 18.7411 14.2375 34 13.3049 6.02038 68.8439
393608 1.84594 18.5689 14.0655 34 13.3825 6.05661 68.4803
393618 1.84594 18.5689 14.0655 34 13.3825 6.05661 68.4803
393627 1.78795 18.6742 13.7619 34 13.6038 6.00224 68.224
393639 1.79761 18.8368 13.6911 34 13.6655 5.93995 68.3255
393646 1.79761 18.8368 13.6911 34 13.6655 5.93995 68.3255
393652 1.92325 19.009 13.5696 34 13.6916 5.83284 68.5019
393664 1.94258 19.2003 13.6506 34 13.6667 5.77983 68.7935
393673 1.94258 19.2003 13.6506 34 13.6667 5.77983 68.7935
393684 1.91359 19.4778 13.6101 34 13.7512 5.69961 69.0015
393693 1.91359 19.4778 13.6101 34 13.7512 5.69961 69.0015
393708 2.02956 19.7839 13.681 34 13.6966 5.58336 69.4944
393713 2.16487 20.2527 13.6708 34 13.703 5.4046 70.0884
393723 2.16487 20.2527 13.6708 34 13.703 5.4046 70.0884
393734 2.27118 20.664 13.6 34 13.7495 5.2452 70.5352
393743 2.33883 21.018 13.4988 34 13.824 5.11081 70.8556
393758 2.33883 21.018 13.4988 34 13.824 5.11081 70.8556
393767 2.37749 21.2763 13.2661 34 13.971 4.99414 70.9199
393781 2.37749 21.2763 13.2661 34 13.971 4.99414 70.9199
393784 2.36782 21.4772 13.0839 34 14.1076 4.91454 70.929
393794 2.35816 21.6111 12.9625 34 14.2004 4.86239 70.9318
393805 2.35816 21.6111 12.9625 34 14.2004 4.86239 70.9318
393819 2.33883 21.5346 12.7804 34 14.3005 4.8632 70.6538
393830 2.25185 21.4198 12.5375 34 14.4676 4.88523 70.2092
393836 2.25185 21.4198 12.5375 34 14.4676 4.88523 70.2092
393846 2.23252 21.2285 12.3452 34 14.5584 4.91738 69.8062
393856 2.23252 21.2285 12.3452 34 14.5584 4.91738 69.8062
393866 2.21319 21.1328 12.1833 34 14.6472 4.92684 69.5293
393877 2.25185 20.8936 12.5071 34 14.4053 5.03103 69.6526
393891 2.25185 20.8936 12.5071 34 14.4053 5.03103 69.6526
393901 3.59522 21.0467 12.9423 34 13.4489 4.67289 71.5842
393907 5.12223 21.2093 12.9726 33.3729 12.5512 4.13072 72.6771
393926 5.12223 21.2093 12.9726 33.3729 12.5512 4.13072 72.6771
393927 7.40307 21.2667 12.75 31.5301 11.187 3.20979 72.9499
393937 7.40307 21.2667 12.75 31.5301 11.187 3.20979 72.9499
393956 9.85787 20.7788 12.9423 29.1663 9.32879 2.36548 72.7453
393964 11.9454 19.2577 13.7518 25.8859 6.86272 1.78595 70.8409
393974 11.9454 19.2577 13.7518 25.8859 6.86272 1.78595 70.8409
393981 14.6612 17.6697 16.3929 22.0653 3.06577 1.29836 70.789
393996 17.8466 15.9513 21.9322 18.2832 -1.87275 1.3006 74.0134
394004 17.8466 15.9513 21.9322 18.2832 -1.87275 1.3006 74.0134
394020 20.8868 14.5178 27.7842 14.6669 -6.25719 1.35759 77.8557
394024 23.8885 13.3152 32.1201 11.7238 -9.55289 1.22894 81.0476
394031 23.8885 13.3152 32.1201 11.7238 -9.55289 1.22894 81.0476
394044 26.4861 12.026 34 10.3781 -11.4857 1.06152 82.8903
394049 26.4861 12.026 34 10.3781 -11.4857 1.06152 82.8903
394070 28.2948 10.4867 34 9.68109 -12.7716 0.891228 82.4626
394071 29.4205 8.92813 34 8.89692 -14.0301 0.839733 81.2455
394081 29.4205 8.92813 34 8.89692 -14.0301 0.839733 81.2455
394095 29.7861 7.45614 34 8.05467 -15.2198 0.910335 79.2969
394101 29.6321 6.34975 34 7.33827 -16.1485 1.03913 77.3202
394111 29.6321 6.34975 34 7.33827 -16.1485 1.03913 77.3202
394123 29.3724 5.53198 34 6.84453 -16.8306 1.17629 75.7489
394147 29.0549 5.22411 34 6.45729 -17.1849 1.24002 74.7363
394152 28.9202 5.15676 32.8074 6.13781 -17.2663 1.00002 73.0221
394163 28.9202 5.15676 32.8074 6.13781 -17.2663 1.00002 73.0221
394172 28.8529 5.18563 31.4631 5.62472 -17.4006 0.643088 71.1263
394182 28.8913 5.07018 30.5737 5.43109 -17.4955 0.43806 69.9663
394196 28.8913 5.07018 30.5737 5.43109 -17.4955 0.43806 69.9663
394207 28.901 5.03169 30.0077 5.1697 -17.6195 0.270174 69.1101
394213 28.901 5.03169 30.0077 5.1697 -17.6195 0.270174 69.1101
394223 29.2954 5.15676 29.6742 5.14066 -17.5669 0.0785387 69.267
394233 29.8438 5.29145 29.6338 5.10194 -17.5624 -0.0857762 69.871
394246 29.8438 5.29145 29.6338 5.10194 -17.5624 -0.0857762 69.871
394253 30.5173 5.43577 29.4923 5.01481 -17.584 -0.307824 70.4601
394272 31.0753 5.53198 29.563 5.02449 -17.5862 -0.425538 71.1947
394274 31.0753 5.53198 29.563 5.02449 -17.5862 -0.425538 71.1947
394298 31.768 5.66667 29.6237 5.01481 -17.5898 -0.581945 72.0731
394300 31.768 5.66667 29.6237 5.01481 -17.5898 -0.581945 72.0731
394304 32.4126 5.85908 29.5125 4.94704 -17.5712 -0.786207 72.7312
394314 32.9898 5.95529 29.3306 4.93736 -17.561 -0.958269 73.213
394333 32.9898 5.95529 29.3306 4.93736 -17.561 -0.958269 73.213
394350 33.1726 5.99377 29.1891 4.86959 -17.5822 -1.04631 73.225
394350 33.0572 6.04188 29.179 4.92768 -17.5077 -1.02296 73.2057
394357 33.0572 6.04188 29.179 4.92768 -17.5077 -1.02296 73.2057
394366 32.8166 6.0034 29.3811 5.02449 -17.4699 -0.904284 73.2256
394392 32.6531 5.98415 29.3306 4.9664 -17.4929 -0.892643 72.9342
394401 32.6146 5.98415 29.2699 4.97608 -17.477 -0.896308 72.8447
394406 32.6146 5.98415 29.2699 4.97608 -17.477 -0.896308 72.8447
394416 32.4607 5.99377 29.1486 4.94704 -17.4598 -0.901191 72.5501
394426 32.0758 5.91681 29.1082 4.98576 -17.4379 -0.811248 72.0866
394441 32.0758 5.91681 29.1082 4.98576 -17.4379 -0.811248 72.0866
394453 31.5082 5.81098 29.1891 5.15034 -17.3517 -0.623746 71.6586
394457 31.5082 5.81098 29.1891 5.15034 -17.3517 -0.623746 71.6586
394467 31.0368 6.92699 29.5024 6.06036 -16.1682 -0.489829 73.5265
394478 30.3537 8.53367 28.9869 6.8639 -14.699 -0.609439 74.7382
394487 30.3537 8.53367 28.9869 6.8639 -14.699 -0.609439 74.7382
394504 29.4301 11.1602 27.481 7.36731 -12.7202 -1.14172 75.4386
394509 27.7561 13.9502 25.8537 8.08371 -10.4357 -1.54054 75.6437
394518 27.7561 13.9502 25.8537 8.08371 -10.4357 -1.54054 75.6437
394529 25.5144 16.4805 24.3175 9.36162 -7.92538 -1.64835 75.674
394554 23.013 19.3343 22.6903 10.746 -5.15382 -1.76378 75.7836
394558 20.7329 22.3286 21.3157 13.5923 -1.96477 -1.56861 77.9695
394584 18.4816 24.7299 21.3258 20.1067 1.48539 -0.31526 84.644
394589 15.9466 25.6196 20.5172 26.2236 4.35396 0.878987 88.307
394607 15.9466 25.6196 20.5172 26.2236 4.35396 0.878987 88.307
394610 13.0955 25.5239 16.6054 26.9279 6.92338 0.897206 82.1527
394636 10.4474 25.6387 13.094 26.6578 9.4791 0.725039 75.838
394645 8.36953 25.9257 11.7887 27.4875 11.3002 1.01554 73.5714
394659 8.36953 25.9257 11.7887 27.4875 11.3002 1.01554 73.5714
394663 7.00682 26.1553 11.4042 28.5392 12.4079 1.39138 73.1055
394672 6.07902 26.251 11.5762 29.5233 12.9781 1.7914 73.4295
394686 6.07902 26.251 11.5762 29.5233 12.9781 1.7914 73.4295
394691 5.35418 26.2127 11.8494 30.3627 13.3411 2.16427 73.779
394711 5.35418 26.2127 11.8494 30.3627 13.3411 2.16427 73.779
394713 4.7743 26.0692 11.9304 30.7486 13.6398 2.41465 73.5225
394721 4.52302 25.9927 12.1327 31.1442 13.7145 2.594 73.7926
394738 4.52302 25.9927 12.1327 31.1442 13.7145 2.594 73.7926
394742 4.49403 25.964 12.3048 31.5976 13.7045 2.712 74.3604
394752 4.45537 25.9831 12.4161 31.8099 13.7018 2.76989 74.6644
394765 4.45537 25.9831 12.4161 31.8099 13.7018 2.76989 74.6644
394772 4.55202 26.0597 12.2946 31.6362 13.7 2.68018 74.5425
394782 4.55202 26.0597 12.2946 31.6362 13.7 2.68018 74.5425
394792 4.54235 25.964 12.1024 31.424 13.7585 2.63802 74.0327
394807 4.51336 26.0692 12.0315 31.2213 13.7961 2.57403 73.8355
394819 4.51336 26.0692 12.0315 31.2213 13.7961 2.57403 73.8355
394823 4.4747 26.0023 11.7988 30.7389 13.856 2.47775 73.0147
394834 4.49403 26.0118 11.4851 30.3144 13.9502 2.34291 72.3054
394847 4.49403 26.0118 11.4851 30.3144 13.9502 2.34291 72.3054
394854 4.49403 26.1744 11.1714 29.7452 14.0582 2.1474 71.5851
394864 4.49403 26.1744 11.1714 29.7452 14.0582 2.1474 71.5851
394876 4.57135 26.4136 10.969 29.2435 14.0864 1.94408 71.1975
394884 4.65833 26.8059 10.8173 29.1373 14.1656 1.78323 71.4188
394903 4.65833 26.8059 10.8173 29.1373 14.1656 1.78323 71.4188
394904 4.7743 27.1503 10.706 29.0119 14.1962 1.63171 71.6424
394914 4.88061 27.5425 10.7869 29.1952 14.1807 1.56598 72.4052
394928 4.88061 27.5425 10.7869 29.1952 14.1807 1.56598 72.4052
394936 5.06424 27.9826 10.8679 29.5136 14.1513 1.49834 73.4283
394953 5.06424 27.9826 10.8679 29.5136 14.1513 1.49834 73.4283
394956 5.15122 28.3557 11.0905 29.9671 14.1089 1.51896 74.5644
394966 5.18988 28.7862 11.1613 30.2179 14.1506 1.47366 75.3553
394978 5.18988 28.7862 11.1613 30.2179 14.1506 1.47366 75.3553
394986 5.25753 29.0253 11.0399 30.2855 14.2225 1.39717 75.6082
395005 5.19955 29.2071 10.7869 30.0153 14.372 1.27557 75.2089
395011 5.19955 29.2071 10.7869 30.0153 14.372 1.27557 75.2089
395017 5.18022 29.3123 10.5339 29.639 14.477 1.14118 74.6655
395034 5.16089 29.3793 10.1292 29.0409 14.6283 0.942172 73.7102
395043 5.16089 29.3793 10.1292 29.0409 14.6283 0.942172 73.7102
395057 5.11256 29.5515 9.76488 28.4041 14.7866 0.721838 72.833
395061 5.11256 29.5515 9.76488 28.4041 14.7866 0.721838 72.833
395069 5.14156 29.5898 9.48155 27.8831 14.8586 0.547879 72.0959
395084 5.04491 29.6185 9.1881 27.3814 15.0095 0.401384 71.2328
395088 5.04491 29.6185 9.1881 27.3814 15.0095 0.401384 71.2328
395111 5.00625 29.4654 8.9756 26.899 15.0621 0.299147 70.3462
395115 4.85162 28.9966 8.95536 26.6578 15.0614 0.381122 69.4614
395119 4.85162 28.9966 8.95536 26.6578 15.0614 0.381122 69.4614
395137 4.72598 28.3652 8.99583 26.5999 15.0113 0.546944 68.6869
395142 4.72598 28.3652 8.99583 26.5999 15.0113 0.546944 68.6869
395151 4.56168 27.753 9.02619 26.1271 14.9301 0.631118 67.468
395163 5.88573 27.1503 9.39048 24.8536 13.6473 0.269337 67.28
395171 5.88573 27.1503 9.39048 24.8536 13.6473 0.269337 67.28
395181 8.91074 26.3275 9.4006 22.8275 11.4293 -0.669266 67.4663
395191 13.3661 24.7968 9.96726 20.5312 8.00838 -1.67441 68.6614
395206 13.3661 24.7968 9.96726 20.5312 8.00838 -1.67441 68.6614
395219 17.3079 22.3286 11.3333 18.0323 4.24616 -2.23272 69.0022
395221 17.3079 22.3286 11.3333 18.0323 4.24616 -2.23272 69.0022
395236 21.3294 19.6691 14.8548 15.1412 -0.483771 -2.32465 70.9945
395249 25.9955 17.4688 22.2759 12.7113 -5.76513 -1.62083 78.4514
395252 25.9955 17.4688 22.2759 12.7113 -5.76513 -1.62083 78.4514
395262 29.6129 15.4895 28.0571 10.5233 -9.45746 -1.16906 83.6829
395277 31.8065 13.7866 30.8668 8.92597 -11.7 -1.01896 85.3859
395282 31.8065 13.7866 30.8668 8.92597 -11.7 -1.01896 85.3859
395304 33.3843 12.2473 33.6463 8.43223 -13.2114 -0.607643 87.7101
395309 33.3843 12.2473 33.6463 8.43223 -13.2114 -0.607643 87.7101
395313 34 10.554 34 7.82232 -14.3626 -0.474388 86.3764
395331 34 9.0532 34 7.17369 -15.3672 -0.334723 84.2269
395334 34 9.0532 34 7.17369 -15.3672 -0.334723 84.2269
395343 34 7.76401 34 6.40888 -16.3762 -0.247368 82.1729
395360 33.8557 6.72496 33.3835 5.87642 -17.1084 -0.248137 79.8405
395374 33.5574 6.41709 32.8074 5.72153 -17.2687 -0.276224 78.5034
395389 33.1918 6.40747 32.4334 5.64408 -17.2425 -0.293877 77.6768
395395 33.1918 6.40747 32.4334 5.64408 -17.2425 -0.293877 77.6768
395404 32.5665 6.36899 31.5541 5.55695 -17.1588 -0.359865 76.0465
395423 32.5665 6.36899 31.5541 5.55695 -17.1588 -0.359865 76.0465
395433 31.768 6.08998 30.7152 5.19875 -17.3489 -0.395268 73.7719
395448 30.7963 5.8687 29.9774 5.07289 -17.3715 -0.337725 71.7153
395451 30.7963 5.8687 29.9774 5.07289 -17.3715 -0.337725 71.7153
395456 30.0074 5.65705 29.4316 4.93736 -17.4362 -0.277456 70.0334
395466 29.4686 5.52235 28.8555 4.7631 -17.5044 -0.300027 68.6096
395481 29.4686 5.52235 28.8555 4.7631 -17.5044 -0.300027 68.6096
395487 29.4975 5.42615 28.1379 4.52107 -17.6407 -0.502628 67.5826
395504 29.4975 5.42615 28.1379 4.52107 -17.6407 -0.502628 67.5826
395507 29.7091 5.37804 27.9358 4.33713 -17.7886 -0.626682 67.3601
395532 30.1036 5.34918 28.0065 4.34681 -17.8502 -0.685644 67.8061
395534 30.1036 5.34918 28.0065 4.34681 -17.8502 -0.685644 67.8061
395538 30.6327 5.38766 28.6332 4.42426 -17.8979 -0.643393 69.0778
395551 31.335 5.50311 29.0779 4.48235 -17.9079 -0.698436 70.3984
395571 32.0277 5.5897 29.4013 4.47267 -17.9625 -0.785435 71.4914
395579 32.0277 5.5897 29.4013 4.47267 -17.9625 -0.785435 71.4914
395591 32.5761 5.6378 29.937 4.62756 -17.9475 -0.752154 72.7785
395599 33.24 5.69553 30.321 4.66629 -17.9915 -0.801136 73.9228
395619 33.24 5.69553 30.321 4.66629 -17.9915 -0.801136 73.9228
395624 33.8364 5.74363 30.412 4.48235 -18.1346 -0.943759 74.4744
395631 34 5.68591 29.9269 4.31777 -18.2344 -1.10399 73.9305
395647 34 5.68591 29.9269 4.31777 -18.2344 -1.10399 73.9305
395651 34 5.72439 29.3306 4.21128 -18.2195 -1.26577 73.2662
395675 34 5.68591 29.0678 4.13383 -18.2638 -1.33445 72.8875
395677 34 5.68591 29.0678 4.13383 -18.2638 -1.33445 72.8875
395681 34 6.26316 28.8454 4.57916 -17.6431 -1.39207 73.6877
395691 34 6.26316 28.8454 4.57916 -17.6431 -1.39207 73.6877
395706 34 7.35031 28.2188 4.90831 -16.7702 -1.65618 74.4774
395712 34 9.17827 26.4602 4.97608 -15.515 -2.36054 74.6145
395722 34 9.17827 26.4602 4.97608 -15.515 -2.36054 74.6145
395735 33.8461 11.7663 24.0547 4.87927 -13.8354 -3.35598 74.5463
395742 33.8461 11.7663 24.0547 4.87927 -13.8354 -3.35598 74.5463
395763 32.8166 15.0855 21.2551 5.11162 -11.4027 -4.34949 74.2688
395766 31.2677 18.5115 18.7687 6.07005 -8.52838 -5.01363 74.618
395773 31.2677 18.5115 18.7687 6.07005 -8.52838 -5.01363 74.618
395791 29.026 21.3911 17.6873 9.92312 -4.93386 -4.38436 78.0275
395793 26.4573 24.1463 18.3644 17.3956 -0.949425 -2.57809 86.3636
395819 22.8783 25.2369 16.6762 20.8014 1.89378 -1.86424 85.5928
395824 22.8783 25.2369 16.6762 20.8014 1.89378 -1.86424 85.5928
395833 19.1551 25.8205 13.3268 21.004 4.52127 -2.01336 79.3063
395847 15.8403 25.9927 11.647 22.3065 6.86531 -1.55954 75.7864
395875 13.4241 26.4902 11.2018 23.8791 8.58168 -0.966733 74.9952
395876 11.6072 26.9111 11.3131 25.1816 9.72247 -0.404639 75.013
395884 11.6072 26.9111 11.3131 25.1816 9.72247 -0.404639 75.013
395903 10.0125 26.9972 11.5155 26.4745 10.6479 0.19605 74.9996
395905 10.0125 26.9972 11.5155 26.4745 10.6479 0.19605 74.9996
395914 8.49517 26.9015 11.7482 27.584 11.4555 0.789961 74.7289
395933 7.16146 26.6815 11.9911 28.433 12.1056 1.32922 74.267
395941 7.16146 26.6815 11.9911 28.433 12.1056 1.32922 74.267
395961 6.18533 26.471 12.1935 29.0988 12.5733 1.75173 73.9486
395964 5.47982 26.2893 12.325 29.5426 12.9104 2.05709 73.6366
395971 5.47982 26.2893 12.325 29.5426 12.9104 2.05709 73.6366
395977 5.46049 26.2988 12.497 29.7548 12.8684 2.12654 74.0112
395992 5.53781 26.2223 12.6185 30.0057 12.7956 2.1908 74.3842
395997 5.53781 26.2223 12.6185 30.0057 12.7956 2.1908 74.3842
396007 5.37351 25.9162 12.6994 29.9767 12.7829 2.30914 73.9658
396024 5.37351 25.9162 12.6994 29.9767 12.7829 2.30914 73.9658
396032 5.38317 25.5144 12.6387 29.8417 12.7198 2.36778 73.3779
396038 5.18988 24.9786 12.6083 29.6005 12.7046 2.49532 72.3773
396064 5.12223 24.7777 12.3048 29.0312 12.7681 2.40806 71.2359
396068 5.11256 24.7777 12.153 28.7128 12.7993 2.32677 70.7561
396085 5.11256 24.7777 12.153 28.7128 12.7993 2.32677 70.7561
396089 5.25753 24.8351 12.1327 28.5681 12.7176 2.24771 70.7935
396099 5.25753 24.8351 12.1327 28.5681 12.7176 2.24771 70.7935
396115 5.21887 24.7203 12.2137 28.7804 12.712 2.33773 70.9332
396119 5.13189 24.5864 12.3655 29.1663 12.7212 2.48705 71.25
396145 5.13189 24.5864 12.3655 29.1663 12.7212 2.48705 71.25
396147 5.08357 24.3759 12.669 29.6873 12.6402 2.69374 71.8158
396154 4.95793 24.0985 12.7095 30.0925 12.7068 2.86931 71.8584
396175 4.95793 24.0985 12.7095 30.0925 12.7068 2.86931 71.8584
396177 4.86128 23.9645 12.8815 30.382 12.6939 3.00412 72.0893
396183 4.86128 23.9645 12.8815 30.382 12.6939 3.00412 72.0893
396192 4.65833 23.6967 12.8815 30.5074 12.7761 3.14324 71.7439
396205 4.56168 23.4479 12.9018 30.6521 12.7986 3.25814 71.5635
396234 4.40705 23.1896 12.9827 30.7293 12.8067 3.38991 71.3087
396236 4.36839 22.9696 13.0232 30.7775 12.7763 3.47126 71.1387
396242 4.36839 22.9696 13.0232 30.7775 12.7763 3.47126 71.1387
396265 4.34906 22.6443 13.3369 30.7679 12.5623 3.61009 71.0982
396265 4.34906 22.6443 13.3369 30.7679 12.5623 3.61009 71.0982
396272 5.37351 22.2808 13.9744 30.6617 11.6179 3.52367 72.2905
396294 6.60091 21.8312 14.369 29.9671 10.5913 3.27836 72.7682
396297 6.60091 21.8312 14.369 29.9671 10.5913 3.27836 72.7682
396307 8.79477 21.1519 14.5613 28.9154 9.09495 2.76411 73.4235
396325 11.1916 20.2335 14.8345 27.3042 7.31053 2.18455 73.5639
396326 11.1916 20.2335 14.8345 27.3042 7.31053 2.18455 73.5639
396333 13.2985 18.8942 15.0774 24.9597 5.35723 1.62906 72.2298
396356 13.2985 18.8942 15.0774 24.9597 5.35723 1.62906 72.2298
396359 15.2507 17.507 16.1905 22.2003 2.90455 1.1876 71.1486
396363 17.6831 15.9128 20.4263 19.2287 -1.01288 1.24075 73.2509
396385 17.6831 15.9128 20.4263 19.2287 -1.01288 1.24075 73.2509
396388 19.6361 14.0464 29.563 16.6031 -5.80775 2.34511 79.8486
396395 20.8483 11.8625 34 13.0792 -9.37044 2.70115 79.79
396416 20.8483 11.8625 34 13.0792 -9.37044 2.70115 79.79
396418 21.8489 9.81324 34 9.75854 -12.0249 2.40579 75.4207
396427 21.8489 9.81324 34 9.75854 -12.0249 2.40579 75.4207
396447 22.9168 8.15846 34 8.02563 -13.9303 2.24697 73.1009
396449 24.0521 6.91737 34 7.36731 -15.1263 2.15614 72.3367
396456 24.0521 6.91737 34 7.36731 -15.1263 2.15614 72.3367
396476 24.8506 5.72439 34 7.08656 -16.0615 2.20025 71.6615
396478 25.4182 4.78155 34 6.73804 -16.8805 2.22835 70.9378
396486 25.4182 4.78155 34 6.73804 -16.8805 2.22835 70.9378
396507 25.5914 3.87719 34 6.33144 -17.6872 2.33442 69.8
396509 25.5914 3.87719 34 6.33144 -17.6872 2.33442 69.8
396517 25.5625 3.03056 34 5.78929 -18.5511 2.45594 68.3824
396539 25.6203 2.50141 34 5.40205 -19.1476 2.50587 67.5237
396546 25.6203 2.50141 34 5.40205 -19.1476 2.50587 67.5237
396549 25.9474 2.39559 34 5.08257 -19.4545 2.38922 67.4255
396569 26.3803 2.47255 34 4.92768 -19.541 2.22958 67.7805
396571 26.3803 2.47255 34 4.92768 -19.541 2.22958 67.7805
396577 26.7748 2.52066 34 4.77278 -19.6426 2.0885 68.0682
396600 26.7748 2.52066 34 4.77278 -19.6426 2.0885 68.0682
396602 26.871 2.53028 34 4.66629 -19.7137 2.04173 68.0675
396612 26.9576 2.55914 34 4.65661 -19.7078 2.01103 68.1733
396633 26.9576 2.55914 34 4.65661 -19.7078 2.01103 68.1733
396635 26.8517 2.45331 34 4.58884 -19.8139 2.0511 67.8939
396638 26.7267 2.39559 34 4.55011 -19.8681 2.08975 67.6723
396648 26.7267 2.39559 34 4.55011 -19.8681 2.08975 67.6723
396665 26.6112 2.28014 34 4.46298 -19.9943 2.13163 67.3543
396673 26.6112 2.28014 34 4.46298 -19.9943 2.13163 67.3543
396679 26.4477 2.10696 34 4.41458 -20.1309 2.20847 66.9692
396693 26.3707 2.11658 34 4.4533 -20.0927 2.23318 66.9406
396699 26.3707 2.11658 34 4.4533 -20.0927 2.23318 66.9406
396709 26.3322 2.02999 34 4.49203 -20.1222 2.27282 66.8542
396721 26.4765 2.05886 34 4.55011 -20.0742 2.23925 67.0855
396729 26.4765 2.05886 34 4.55011 -20.0742 2.23925 67.0855
396750 26.6304 2.10696 34 4.66629 -19.9756 2.20957 67.4037
396754 26.6304 2.10696 34 4.66629 -19.9756 2.20957 67.4037
396761 26.6304 1.98189 34 4.78246 -19.9815 2.26355 67.3948
396783 26.6304 2.04924 34 4.7631 -19.9495 2.24266 67.4428
396785 26.6304 2.04924 34 4.7631 -19.9495 2.24266 67.4428
396791 26.5631 1.93379 34 4.71469 -20.0541 2.28037 67.2116
396817 26.236 1.94341 34 4.7631 -19.9908 2.37152 66.9425
396823 26.034 1.8953 34 4.73405 -20.0277 2.4312 66.6633
396832 25.7838 1.88568 34 4.68565 -20.0484 2.49027 66.3551
396858 25.5048 1.93379 34 4.85991 -19.8764 2.58407 66.2985
396880 25.5048 1.93379 34 4.85991 -19.8764 2.58407 66.2985
396880 25.1488 1.8472 34 5.02449 -19.7958 2.73289 66.0205
396884 24.8891 2.38596 34 5.70216 -18.962 2.78314 66.9772
396893 24.8891 2.38596 34 5.70216 -18.962 2.78314 66.9772
396915 24.5812 3.26146 34 6.26367 -18.0072 2.73565 68.1063
396916 24.1868 4.88738 34 6.709 -16.6911 2.50093 69.7831
396923 24.1868 4.88738 34 6.709 -16.6911 2.50093 69.7831
396943 23.5037 6.69609 34 7.12528 -15.311 2.29769 71.3251
396944 23.5037 6.69609 34 7.12528 -15.311 2.29769 71.3251
396954 22.3299 8.23543 34 8.41287 -13.5937 2.43514 72.9782
396975 20.7521 9.62083 34 13.2147 -10.284 3.25601 77.5876
396977 20.7521 9.62083 34 13.2147 -10.284 3.25601 77.5876
396984 19.0204 11.2949 34 20.9364 -6.09639 4.33209 85.2517
397007 16.4684 11.8625 33.0702 23.0011 -4.34674 4.93003 84.4022
397009 16.4684 11.8625 33.0702 23.0011 -4.34674 4.93003 84.4022
397016 14.033 12.9208 26.349 22.7599 -1.54519 4.36913 76.0627
397026 14.033 12.9208 26.349 22.7599 -1.54519 4.36913 76.0627
397045 11.3849 13.5942 21.8716 24.7957 1.79125 4.54067 71.6464
397047 9.13303 14.3735 19.5166 27.6129 4.72024 5.01649 70.6361
397058 9.13303 14.3735 19.5166 27.6129 4.72024 5.01649 70.6361
397079 7.46106 14.9989 18.4352 30.3434 6.82425 5.54166 71.2385
397081 6.08869 15.4222 18.6474 33.1606 8.13114 6.19837 73.3189
397087 6.08869 15.4222 18.6474 33.1606 8.13114 6.19837 73.3189
397097 5.08357 15.8455 19.082 34 8.67434 6.51652 74.0111
397113 5.08357 15.8455 19.082 34 8.67434 6.51652 74.0111
397122 4.25242 16.0283 19.4863 34 8.90965 6.75212 73.767
397128 3.56623 16.0379 19.6379 34 9.15927 6.97013 73.2421
397154 3.02501 15.9706 19.6278 34 9.4039 7.15311 72.6234
397158 2.65776 15.8455 19.6683 34 9.53267 7.30863 72.1715
397176 2.65776 15.8455 19.6683 34 9.53267 7.30863 72.1715
397183 2.63843 15.7397 19.6177 34 9.54344 7.34201 71.9958
397189 2.63843 15.7397 19.6177 34 9.54344 7.34201 71.9958
397208 2.65776 15.7397 19.4964 34 9.59243 7.32309 71.8939
397217 2.71575 15.8551 19.0214 34 9.81879 7.21807 71.5923
397237 2.71575 15.8551 19.0214 34 9.81879 7.21807 71.5923
397238 2.74474 15.961 18.7889 34 9.94035 7.15087 71.4946
397244 2.67709 15.8263 18.3442 34 10.1644 7.16486 70.8476
397275 2.66742 15.6531 18.1118 34 10.2488 7.19654 70.4323
397277 2.66742 15.6531 18.1118 34 10.2488 7.19654 70.4323
397281 2.66742 15.6531 17.6671 34 10.4728 7.14696 69.9876
397309 2.66742 15.8455 17.3537 34 10.6719 7.05075 69.8667
397311 2.66742 15.8455 17.3537 34 10.6719 7.05075 69.8667
397313 2.77374 16.0475 17.091 33.6334 10.7182 6.88104 69.5456
397321 2.82206 16.3265 17.0101 33.5851 10.7821 6.76332 69.7438
397341 2.82206 16.3265 17.0101 33.5851 10.7821 6.76332 69.7438
397343 2.98636 16.5574 16.919 33.5465 10.7838 6.62521 70.0094
397356 2.98636 16.5574 16.919 33.5465 10.7838 6.62521 70.0094
397374 2.88005 16.7018 16.919 33.4983 10.8576 6.6077 69.9991
397375 2.93803 16.6055 16.7875 33.5755 10.8915 6.61298 69.9066
397382 2.93803 16.6055 16.7875 33.5755 10.8915 6.61298 69.9066
397406 2.82206 16.4997 16.8482 33.5079 10.8849 6.68097 69.6779
397410 2.81239 16.4131 16.8077 33.3729 10.8657 6.68999 69.4061
397413 2.81239 16.4131 16.8077 33.3729 10.8657 6.68999 69.4061
397439 4.0398 16.5959 17.283 32.9194 9.94964 6.26076 70.8381
397440 5.88573 16.7595 17.283 31.5301 8.78864 5.49297 71.4583
397443 5.88573 16.7595 17.283 31.5301 8.78864 5.49297 71.4583
397475 9.20068 16.7595 16.6357 28.9637 6.94762 4.11669 71.5596
397476 9.20068 16.7595 16.6357 28.9637 6.94762 4.11669 71.5596
397478 12.8539 15.8647 16.2512 25.7991 4.43653 2.82574 70.7689
397484 16.4105 14.2677 17.1213 22.0942 1.0123 1.83222 69.8936
397511 20.2903 12.5744 22.4073 18.4762 -3.94823 1.63096 73.7482
397514 24.3311 11.2371 31.5036 15.0444 -8.99734 2.00566 82.1162
397548 24.3311 11.2371 31.5036 15.0444 -8.99734 2.00566 82.1162
397555 26.7074 9.96718 34 10.7654 -12.2713 1.4902 81.44
397558 26.7074 9.96718 34 10.7654 -12.2713 1.4902 81.44
397560 28.2467 8.95699 34 7.89977 -14.3451 0.890486 79.1035
397582 29.5359 7.96604 34 7.0672 -15.4331 0.680652 78.5692
397582 29.5359 7.96604 34 7.0672 -15.4331 0.680652 78.5692
397586 30.5461 7.05207 34 6.61219 -16.2644 0.578055 78.2104
