503366 19.2032 11.7182 21.7705 17.8104 -4.0584 1.84241 70.5023
503375 19.2032 11.7182 21.7705 17.8104 -4.0584 1.84241 70.5023
503385 20.1171 10.2077 29.6136 15.0638 -8.15284 2.87041 75.0022
503395 20.2999 8.68761 34 12.3918 -11.0178 3.46333 75.3793
503405 20.2999 8.68761 34 12.3918 -11.0178 3.46333 75.3793
503417 19.8574 7.19638 34 10.0587 -12.8678 3.5869 71.1124
503425 19.4629 6.0515 34 9.5746 -13.6913 3.92106 69.089
503438 19.4629 6.0515 34 9.5746 -13.6913 3.92106 69.089
503453 18.8664 4.87776 34 9.7295 -14.1756 4.44291 67.4737
503473 18.2315 3.86757 34 9.85535 -14.5967 4.94804 65.9544
503483 17.7408 2.98246 34 9.70046 -15.1566 5.34986 64.4237
503492 17.7408 2.98246 34 9.70046 -15.1566 5.34986 64.4237
503501 17.7312 2.27051 34 9.4197 -15.7837 5.53867 63.4214
503509 17.9621 1.86644 34 9.11959 -16.2737 5.55006 62.9481
503522 17.9621 1.86644 34 9.11959 -16.2737 5.55006 62.9481
503527 18.2315 1.67402 34 8.89692 -16.584 5.49137 62.8024
503537 18.2315 1.67402 34 8.89692 -16.584 5.49137 62.8024
503552 18.395 1.77023 34 8.49032 -16.8119 5.34471 62.6556
503558 18.3565 1.75099 34 8.09339 -17.0866 5.30198 62.2009
503568 18.3565 1.75099 34 8.09339 -17.0866 5.30198 62.2009
503578 18.2218 1.73175 34 7.64806 -17.3867 5.2826 61.6017
503588 18.0583 1.6163 34 7.41572 -17.6077 5.33828 61.0903
503598 18.0583 1.6163 34 7.41572 -17.6077 5.33828 61.0903
503608 18.0583 1.67402 34 7.19305 -17.723 5.2837 60.9254
503618 18.0583 1.67402 34 7.19305 -17.723 5.2837 60.9254
503629 18.1353 1.74137 34 7.15433 -17.7121 5.22957 61.031
503638 18.1641 1.73175 34 7.10592 -17.7562 5.21543 61.0018
503650 18.1641 1.73175 34 7.10592 -17.7562 5.21543 61.0018
503658 18.4335 1.74137 34 7.1156 -17.7746 5.12496 61.2905
503670 18.4335 1.74137 34 7.1156 -17.7746 5.12496 61.2905
503680 18.8183 1.69327 34 7.13497 -17.8396 5.01813 61.6466
503697 19.588 1.81834 34 7.00911 -17.9285 4.71104 62.4155
503706 19.588 1.81834 34 7.00911 -17.9285 4.71104 62.4155
503715 20.4635 1.99151 34 6.93166 -17.9613 4.37237 63.3867
503719 21.3005 2.04924 34 6.87358 -18.0533 4.09287 64.2233
503734 21.3005 2.04924 34 6.87358 -18.0533 4.09287 64.2233
503740 22.0221 2.28976 34 6.77677 -18.0352 3.79443 65.0886
503750 22.8879 2.44369 34 6.77677 -18.0263 3.5045 66.1084
503760 22.8879 2.44369 34 6.77677 -18.0263 3.5045 66.1084
503776 23.6961 2.60724 34 6.57346 -18.1361 3.20069 66.8768
503782 23.6961 2.60724 34 6.57346 -18.1361 3.20069 66.8768
503790 24.562 2.76118 34 6.21526 -18.3546 2.86329 67.5384
503809 25.3316 2.82852 34 5.81834 -18.64 2.57247 67.9785
503810 25.3316 2.82852 34 5.81834 -18.64 2.57247 67.9785
503822 25.9762 2.95359 34 5.42141 -18.8736 2.30243 68.3512
503832 26.4092 2.95359 34 5.42141 -18.9121 2.19352 68.7842
503850 26.4092 3.09791 34 5.1213 -19.0118 2.10137 68.6284
503852 26.5823 3.14601 34 5.1697 -18.9652 2.05551 68.8981
503862 26.5823 3.14601 34 5.1697 -18.9652 2.05551 68.8981
503874 26.8132 4.08885 34 5.60535 -18.1254 1.85156 70.5075
503883 26.9672 4.87776 34 6.20558 -17.3086 1.74058 72.0505
503892 26.9672 4.87776 34 6.20558 -17.3086 1.74058 72.0505
503907 27.6695 6.86927 33.8282 6.72836 -15.9464 1.20203 75.0953
503913 28.343 8.8704 32.6457 7.51253 -14.4128 0.570914 77.3715
503925 28.343 8.8704 32.6457 7.51253 -14.4128 0.570914 77.3715
503933 28.4584 10.5348 30.9881 8.36446 -12.9386 0.0688022 78.3458
503944 28.4584 10.5348 30.9881 8.36446 -12.9386 0.0688022 78.3458
503953 28.1986 11.9683 29.0779 9.34226 -11.4414 -0.333416 78.5871
503965 27.5444 13.575 26.9453 11.2301 -9.35896 -0.556918 79.2948
503973 27.5444 13.575 26.9453 11.2301 -9.35896 -0.556918 79.2948
503987 26.0821 14.7391 25.6314 15.2961 -6.62953 0.019514 81.7487
503994 23.927 14.7391 24.3478 20.2128 -4.00198 1.06237 83.2267
504004 23.927 15.3741 24.3478 20.2128 -3.78238 0.940754 83.8617
504014 20.8868 15.6146 21.5583 22.731 -1.26855 1.44593 80.7907
504024 20.8868 15.6146 21.5583 22.731 -1.26855 1.44593 80.7907
504034 17.2117 15.884 18.2634 24.101 1.49416 1.84245 75.46
504045 13.2888 16.0187 16.0185 26.6095 4.62948 2.7776 71.9355
504059 13.2888 16.0187 16.0185 26.6095 4.62948 2.7776 71.9355
504065 9.62592 16.2111 15.1179 30.1986 7.6124 4.1065 71.1535
504075 6.53326 16.3746 15.1786 34 9.94043 5.46649 72.0865
504085 6.53326 16.3746 15.1786 34 9.94043 5.46649 72.0865
504096 3.98181 16.6248 15.472 34 11.12 6.17851 70.0786
504118 3.98181 16.6248 15.472 34 11.12 6.17851 70.0786
504119 2.39682 16.8076 15.8363 34 11.7954 6.65518 69.0407
504127 1.63331 17.1339 16.1196 34 12.1144 6.82693 68.8869
504139 1.63331 17.1339 16.1196 34 12.1144 6.82693 68.8869
504147 1.62365 17.3444 16.322 34 12.0503 6.78755 69.2901
504157 1.62365 17.5836 16.2613 34 12.1273 6.70536 69.4685
504175 1.62365 17.5836 16.2613 34 12.1273 6.70536 69.4685
504178 1.6913 17.7845 15.7149 34 12.4216 6.55561 69.1907
504194 1.6913 17.7845 15.7149 34 12.4216 6.55561 69.1907
504206 1.77828 18.0523 14.9357 34 12.8473 6.34869 68.7663
504213 1.82661 18.368 14.0958 34 13.3421 6.12849 68.2905
504222 1.82661 18.368 14.0958 34 13.3421 6.12849 68.2905
504230 2.03923 18.6933 13.1851 34 13.7921 5.84221 67.9176
504239 2.1552 19.1525 12.3756 34 14.2656 5.55555 67.6833
504251 2.1552 19.1525 12.3756 34 14.2656 5.55555 67.6833
504259 2.34849 19.6691 11.6167 33.3536 14.5763 5.13959 66.9878
504271 2.34849 19.6691 11.6167 33.3536 14.5763 5.13959 66.9878
504279 2.53212 20.2527 11.0298 32.1572 14.7214 4.63884 65.9718
504293 2.81239 20.8745 10.5643 31.2792 14.7935 4.15607 65.5304
504304 2.81239 20.8745 10.5643 31.2792 14.7935 4.15607 65.5304
504313 3.05401 21.6303 10.2911 30.7486 14.8476 3.73274 65.7239
504320 3.34395 22.4052 10.119 30.7003 14.8879 3.39581 66.5685
504334 3.34395 22.4052 10.119 30.7003 14.8879 3.39581 66.5685
504341 3.53724 23.4001 9.97738 30.5942 14.9905 3.02943 67.5089
504350 3.53724 23.4001 9.97738 30.5942 14.9905 3.02943 67.5089
504360 3.70153 24.0698 9.96726 30.7196 15.0167 2.82996 68.4582
504370 3.8465 24.529 10.0381 30.8837 14.9818 2.71575 69.2972
504400 4.25242 24.8638 10.5542 31.038 14.5298 2.64664 70.7084
504402 6.59125 25.7631 10.9792 30.8354 13.1551 1.91325 74.1689
504415 6.59125 25.7631 10.9792 30.8354 13.1551 1.91325 74.1689
504422 9.28766 26.605 11.3738 29.5812 11.5569 0.988129 76.8476
504432 9.28766 26.605 11.3738 29.5812 11.5569 0.988129 76.8476
504442 12.0131 27.0546 11.1613 26.9955 9.99544 -0.17693 77.2244
504452 15.4053 26.9972 10.5744 23.4932 8.01314 -1.63494 76.4701
504464 15.4053 26.9972 10.5744 23.4932 8.01314 -1.63494 76.4701
504477 18.2699 25.8396 10.1595 19.6822 5.77824 -2.89404 73.9513
504487 20.146 23.7349 10.6554 16.3998 3.28935 -3.55796 70.9361
504493 20.146 23.7349 10.6554 16.3998 3.28935 -3.55796 70.9361
504508 21.8489 22.1182 13.9744 14.2215 0.1789 -3.27823 72.163
504513 21.8489 22.1182 13.9744 14.2215 0.1789 -3.27823 72.163
504523 23.4171 20.5684 21.9322 13.9117 -3.40389 -1.5298 79.8294
504542 24.3503 18.3585 29.5428 13.8827 -6.28436 0.124814 86.1343
504546 24.3503 18.3585 29.5428 13.8827 -6.28436 0.124814 86.1343
504555 24.6486 15.7204 32.6356 12.5564 -8.47563 0.845527 85.5609
504572 24.9083 13.1132 34 11.2397 -10.3756 1.30041 83.2613
504580 24.9083 13.1132 34 11.2397 -10.3756 1.30041 83.2613
504590 25.4182 10.6791 34 9.95216 -12.1134 1.47187 80.0495
504595 25.4182 10.6791 34 9.95216 -12.1134 1.47187 80.0495
504604 25.8608 8.6395 34 8.81948 -13.7099 1.61392 77.3198
504614 26.2168 6.81154 34 7.85137 -15.209 1.76745 74.8797
504624 26.2168 6.81154 34 7.85137 -15.209 1.76745 74.8797
504634 26.6401 5.55122 34 7.13497 -16.3495 1.82957 73.3262
504649 26.996 4.86814 34 6.87358 -16.9287 1.85792 72.7378
504655 26.996 4.86814 34 6.87358 -16.9287 1.85792 72.7378
504668 27.1115 4.77193 34 6.69932 -17.0978 1.8219 72.5827
504675 27.1115 4.77193 34 6.69932 -17.0978 1.8219 72.5827
504690 27.0249 4.76231 34 6.50569 -17.2067 1.80899 72.2929
504697 26.8325 4.76231 33.525 6.32175 -17.2426 1.73259 71.4415
504706 26.8325 4.76231 33.525 6.32175 -17.2426 1.73259 71.4415
504724 26.6497 4.78155 33.0702 6.24431 -17.2074 1.67145 70.7457
504738 26.313 4.75269 32.9994 6.28303 -17.1563 1.75203 70.3481
504742 26.313 4.75269 32.9994 6.28303 -17.1563 1.75203 70.3481
504751 25.7453 4.62762 33.3228 6.45729 -17.0995 2.01142 70.1531
504760 25.7453 4.62762 33.3228 6.45729 -17.0995 2.01142 70.1531
504772 25.3509 4.56027 33.9394 6.61219 -17.0721 2.26511 70.4627
504782 25.1585 4.54103 34 6.74772 -16.9878 2.35245 70.4472
504788 25.1585 4.54103 34 6.74772 -16.9878 2.35245 70.4472
504798 25.0623 4.53141 34 6.93166 -16.8731 2.41148 70.5253
504808 24.8602 4.37748 34 6.98975 -16.9068 2.51014 70.2274
504818 24.8602 4.37748 34 6.98975 -16.9068 2.51014 70.2274
504830 24.6005 4.26203 34 7.10592 -16.8764 2.62478 69.9684
504838 24.6005 4.26203 34 7.10592 -16.8764 2.62478 69.9684
504854 24.206 4.12733 34 7.10592 -16.9114 2.75909 69.4393
504859 23.7634 3.9734 34 7.19305 -16.9001 2.92824 68.9299
504869 23.7634 3.9734 34 7.19305 -16.9001 2.92824 68.9299
504879 23.3401 4.21392 34 7.77392 -16.3543 3.07665 69.328
504889 22.9842 4.86814 34 8.20957 -15.667 3.07384 70.0619
504908 22.9842 4.86814 34 8.20957 -15.667 3.07384 70.0619
504909 22.7629 6.08036 34 8.75171 -14.6417 2.91399 71.5949
504920 22.7629 6.08036 34 8.75171 -14.6417 2.91399 71.5949
504930 22.6089 7.58121 34 8.98405 -13.6809 2.62262 73.1742
504949 22.378 9.73628 34 9.3713 -12.3436 2.23691 75.4856
504950 22.378 9.73628 34 9.3713 -12.3436 2.23691 75.4856
504966 22.1568 12.2666 34 10.2232 -10.702 1.86911 78.6466
504970 21.6372 14.2484 32.8377 12.9727 -8.34001 1.82224 81.696
504980 21.6372 14.2484 32.8377 12.9727 -8.34001 1.82224 81.696
504997 20.4827 15.4799 31.3621 16.3417 -5.98305 2.10499 83.6664
505003 20.4827 15.4799 31.3621 16.3417 -5.98305 2.10499 83.6664
505014 18.5874 15.9513 27.956 17.2509 -4.18244 2.00665 79.7456
505022 16.3235 16.4709 23.6706 17.0096 -2.21628 1.60993 73.4746
505038 16.3235 16.4709 23.6706 17.0096 -2.21628 1.60993 73.4746
505042 14.1489 17.1626 19.6986 17.8876 0.436422 1.36607 68.8978
505052 12.2064 18.148 16.4333 20.483 3.71309 1.46318 67.2707
505062 12.2064 18.148 16.4333 20.483 3.71309 1.46318 67.2707
505077 10.5344 19.4586 14.0554 24.1203 6.96405 1.80053 68.1687
505086 10.5344 19.4586 14.0554 24.1203 6.96405 1.80053 68.1687
505093 9.15236 20.5971 12.9726 28.6356 9.49713 2.49283 71.3577
505109 8.09892 22.0129 13.4988 33.6237 11.0181 3.30371 77.2344
505113 8.09892 22.0129 13.4988 33.6237 11.0181 3.30371 77.2344
505123 6.92951 23.1705 14.2577 34 11.4804 3.47592 78.3578
505133 5.82774 24.0506 14.5208 34 12.0225 3.56683 78.3992
505143 5.82774 24.0506 14.5208 34 12.0225 3.56683 78.3992
505156 4.49403 24.5003 14.3994 34 12.7939 3.76098 77.3937
505168 4.49403 24.5003 14.3994 34 12.7939 3.76098 77.3937
505180 3.34395 24.5864 13.8935 34 13.6333 3.94925 75.8238
505184 2.53212 24.682 13.5494 34 14.2451 4.07991 74.7636
505194 2.53212 24.682 13.5494 34 14.2451 4.07991 74.7636
505204 2.4548 24.7681 13.3065 34 14.4261 4.04208 74.5295
505214 2.50313 24.6629 12.9625 34 14.5684 4.00584 74.1285
505227 2.50313 24.6629 12.9625 34 14.5684 4.00584 74.1285
505239 2.57078 24.5385 12.6286 34 14.6937 3.97067 73.7379
505250 2.57078 24.5385 12.6286 34 14.6937 3.97067 73.7379
505255 2.58044 24.2515 12.2744 34 14.8403 3.9892 73.1064
505265 2.57078 23.9071 11.9708 34 14.9642 4.03587 72.4488
505276 2.57078 23.9071 11.9708 34 14.9642 4.03587 72.4488
505301 2.56111 23.5723 11.728 33.7395 15.0217 4.05038 71.6009
505303 2.50313 23.1896 11.6268 33.2378 14.9869 4.07579 70.5574
505307 2.50313 23.1896 11.6268 33.2378 14.9869 4.07579 70.5574
505317 2.39682 22.807 11.4851 32.765 15.0064 4.11345 69.4539
505337 2.33883 22.5008 11.3536 32.5721 15.0441 4.16329 68.7653
505348 2.24218 22.1277 11.3232 32.5238 15.0572 4.28276 68.217
505365 2.24218 22.1277 11.3232 32.5238 15.0572 4.28276 68.217
505374 2.1552 21.9173 11.2524 32.3888 15.0998 4.33487 67.7136
505377 2.07789 21.8216 11.1411 32.3116 15.1867 4.35468 67.3521
505390 2.07789 21.8216 11.1411 32.3116 15.1867 4.35468 67.3521
505400 2.06822 21.879 11.0905 32.4081 15.245 4.34823 67.4458
505408 2.06822 21.879 11.0905 32.4081 15.245 4.34823 67.4458
505423 1.9909 21.9268 11.1917 32.601 15.2655 4.40293 67.7104
505429 2.06822 22.099 11.303 32.9291 15.2256 4.40022 68.3993
505439 2.06822 22.099 11.303 32.9291 15.2256 4.40022 68.3993
505449 2.08755 22.3382 11.3435 33.1413 15.2548 4.36632 68.9105
505459 4.39738 23.0748 11.7887 33.2378 13.837 3.63198 72.4987
505478 6.63957 23.7062 11.9607 32.4467 12.5589 2.8216 74.7532
505496 6.63957 23.7062 11.9607 32.4467 12.5589 2.8216 74.7532
505499 8.77544 23.7158 11.9202 30.5267 11.1915 1.99278 74.9382
505512 11.1626 23.7445 11.4244 27.7094 9.74695 0.856295 74.0409
505522 11.1626 23.7445 11.4244 27.7094 9.74695 0.856295 74.0409
505534 14.6418 23.821 10.6958 24.1589 7.72061 -0.738188 73.3176
505539 17.2405 23.5245 10.6149 20.1453 5.52755 -2.09818 71.5252
505572 19.8381 22.807 12.7298 16.2062 2.25102 -2.8728 71.581
505580 22.7917 21.7164 19.8805 14.0957 -2.18521 -2.01288 78.4843
505597 25.0141 19.9944 25.3686 11.9562 -5.59684 -1.39988 82.3333
505605 25.0141 19.9944 25.3686 11.9562 -5.59684 -1.39988 82.3333
505610 26.5631 17.8897 26.8948 9.69077 -7.98307 -1.45621 81.0383
505624 27.5252 15.7301 29.179 8.91629 -9.85176 -0.951438 81.3505
505632 27.5252 15.7301 29.179 8.91629 -9.85176 -0.951438 81.3505
505649 28.4584 13.5173 31.4631 8.64522 -11.5001 -0.341232 82.084
505654 28.4584 13.5173 31.4631 8.64522 -11.5001 -0.341232 82.084
505662 28.7759 11.4776 32.6153 8.26765 -12.8321 0.11637 81.1365
505675 28.7951 9.67855 33.0904 8.01595 -13.8826 0.496223 79.58
505690 28.7951 9.67855 33.0904 8.01595 -13.8826 0.496223 79.58
505710 28.343 6.55178 32.8781 7.0672 -15.9013 1.01227 74.8401
505714 28.343 6.55178 32.8781 7.0672 -15.9013 1.01227 74.8401
505726 28.0543 5.43577 32.8983 6.98975 -16.5332 1.30788 73.3782
505733 28.0543 5.43577 32.8983 6.98975 -16.5332 1.30788 73.3782
505752 28.1409 5.176 32.9185 6.87358 -16.7592 1.32854 73.109
505754 28.3911 5.16638 32.6356 6.79613 -16.8053 1.20722 72.9891
505764 28.3911 5.16638 32.6356 6.79613 -16.8053 1.20722 72.9891
505777 28.5835 5.20487 31.827 6.47665 -16.8982 0.939487 72.092
505784 28.824 5.16638 31.0083 6.23462 -16.9974 0.684911 71.2333
505794 28.824 5.16638 31.0083 6.23462 -16.9974 0.684911 71.2333
505805 29.1511 5.28183 30.412 6.02164 -17.0248 0.423483 70.8666
505814 29.1511 5.28183 30.412 6.02164 -17.0248 0.423483 70.8666
505827 29.4301 5.28183 30.0482 5.90547 -17.0843 0.26357 70.6656
505835 29.7957 5.43577 29.8258 5.79897 -17.0722 0.0832647 70.8562
505845 29.7957 5.43577 29.8258 5.79897 -17.0722 0.0832647 70.8562
505854 29.9496 5.50311 29.6237 5.72153 -17.0728 -0.0227872 70.7979
505869 30.1709 5.51273 29.28 5.71184 -17.0591 -0.146821 70.6755
505877 30.1709 5.51273 29.28 5.71184 -17.0591 -0.146821 70.6755
505885 30.4692 5.66667 29.1891 5.69248 -17.0026 -0.264925 71.0174
505904 30.4692 5.66667 29.1891 5.69248 -17.0026 -0.264925 71.0174
505907 30.652 5.69553 29.2598 5.69248 -17.014 -0.293519 71.2998
505915 30.777 5.73401 29.6034 5.78929 -16.987 -0.23329 71.9038
505930 30.777 5.73401 29.6034 5.78929 -16.987 -0.23329 71.9038
505935 30.6423 5.73401 30.1492 5.8861 -16.9764 -0.0706413 72.4117
505956 30.5654 5.61856 30.8365 6.10877 -16.9818 0.156164 73.1292
505968 30.5846 5.5897 31.1903 6.26367 -16.9505 0.260691 73.6282
505982 30.5846 5.5897 31.1903 6.26367 -16.9505 0.260691 73.6282
505992 30.5365 6.20543 31.2206 6.79613 -16.3043 0.255775 74.7586
506008 30.4403 7.49462 30.7556 7.14465 -15.348 -0.00684857 75.8352
506010 30.4403 7.49462 30.7556 7.14465 -15.348 -0.00684857 75.8352
506020 30.1517 9.8421 29.28 7.41572 -13.7483 -0.645076 76.6895
506035 29.5552 12.6995 27.1171 7.71583 -11.7584 -1.44415 77.0876
506040 29.5552 12.6995 27.1171 7.71583 -11.7584 -1.44415 77.0876
506060 28.4873 15.2875 24.6409 8.49032 -9.54099 -2.07595 76.906
506067 28.4873 15.2875 24.6409 8.49032 -9.54099 -2.07595 76.906
506075 27.2366 17.8993 22.8722 11.7238 -6.4233 -1.98287 79.7318
506090 25.6203 20.3101 22.6801 19.0454 -2.55115 -0.719539 87.6559
506093 25.6203 20.3101 22.6801 19.0454 -2.55115 -0.719539 87.6559
506099 22.9938 21.4581 20.1938 21.8144 0.0245482 -0.423945 86.4601
506116 19.5591 22.1277 16.0185 21.0329 2.40768 -0.883087 78.7383
506120 19.5591 22.1277 16.0185 21.0329 2.40768 -0.883087 78.7383
506144 15.7436 22.2808 12.922 22.2872 5.42864 -0.576624 73.2336
506147 12.4093 22.8261 11.0196 24.6124 8.46987 0.0839424 70.8674
506152 12.4093 22.8261 11.0196 24.6124 8.46987 0.0839424 70.8674
506160 9.50028 23.3427 10.4732 27.2753 10.8528 1.04237 70.5915
506173 9.50028 23.3427 10.4732 27.2753 10.8528 1.04237 70.5915
506186 6.98749 23.8593 10.9185 30.3916 12.5923 2.17511 72.1569
506198 5.14156 24.3663 11.4649 32.9484 13.7675 3.02457 73.9211
506205 5.14156 24.3663 11.4649 32.9484 13.7675 3.02457 73.9211
506212 3.5759 24.7394 11.7583 34 14.6493 3.53222 74.0737
506225 2.44514 25.1125 11.9 34 15.2358 3.74549 73.4577
506232 2.44514 25.1125 11.9 34 15.2358 3.74549 73.4577
506253 2.17453 25.4665 12.0821 34 15.3309 3.7521 73.7232
506280 2.28084 25.6866 12.1732 34 15.2523 3.68337 74.1406
506282 2.29051 25.6866 12.1125 34 15.28 3.67166 74.0896
506285 2.29051 25.6866 12.1125 34 15.28 3.67166 74.0896
506293 2.30017 25.5718 11.8494 34 15.4033 3.65786 73.7213
506307 2.21319 25.457 11.5661 34 15.5926 3.66539 73.2362
506335 2.20352 25.4378 11.1512 34 15.8269 3.60817 72.7925
506336 2.20352 25.4378 11.1512 34 15.8269 3.60817 72.7925
506344 2.19386 25.4187 10.7262 33.1896 15.9686 3.4189 71.5283
506362 2.14554 25.3517 10.372 32.3116 16.0819 3.24583 70.1808
506365 2.14554 25.3517 10.372 32.3116 16.0819 3.24583 70.1808
506374 2.1842 25.2082 10.0988 31.6169 16.1132 3.10889 69.1081
506389 2.1552 25.0073 9.9875 31.4047 16.1438 3.11349 68.5547
506415 2.07789 24.8542 10.0179 31.3661 16.1472 3.17314 68.3161
506418 2.07789 24.8542 10.0179 31.3661 16.1472 3.17314 68.3161
506425 2.02956 24.6246 10.0179 31.5687 16.1729 3.28227 68.2407
506443 2.0199 24.5672 10.2202 31.8581 16.0871 3.38406 68.6655
506446 2.0199 24.5672 10.2202 31.8581 16.0871 3.38406 68.6655
506455 2.0199 24.6916 10.2708 32.0607 16.0992 3.39354 69.0431
506472 2.01023 24.7203 10.4732 32.5721 16.0546 3.50725 69.7758
506475 2.01023 24.7203 10.4732 32.5721 16.0546 3.50725 69.7758
506497 1.9909 24.7777 10.544 32.9869 16.0846 3.57663 70.2996
506498 1.9909 24.7777 10.544 32.9869 16.0846 3.57663 70.2996
506507 2.0199 24.9786 10.4631 32.9677 16.1379 3.49973 70.4293
506526 2.56111 25.2656 11.1917 32.7361 15.4168 3.36586 71.7545
506529 2.56111 25.2656 11.1917 32.7361 15.4168 3.36586 71.7545
506537 5.15122 26.1171 11.4244 32.0414 13.9103 2.44819 74.7341
506553 7.29676 26.4136 11.7179 30.4012 12.4623 1.66335 75.8295
506557 7.29676 26.4136 11.7179 30.4012 12.4623 1.66335 75.8295
506567 8.60148 25.7918 12.0619 28.2497 11.17 1.18835 74.7049
506580 8.60148 25.7918 12.0619 28.2497 11.17 1.18835 74.7049
506590 10.9113 25.4952 12.244 25.5772 9.4025 0.285884 74.2278
506607 13.743 24.9977 12.7298 22.5863 7.1267 -0.693674 74.0568
506609 13.743 24.9977 12.7298 22.5863 7.1267 -0.693674 74.0568
506618 15.7436 23.888 15.9577 19.8655 3.99317 -0.757086 75.4548
506634 17.5099 22.1947 25.0957 18.9972 -0.421776 0.785514 83.7975
506664 18.2603 19.8317 31.4025 16.9903 -3.71185 1.78657 86.4849
506667 18.2603 19.8317 31.4025 16.9903 -3.71185 1.78657 86.4849
506672 18.5682 17.1339 31.7663 13.2921 -6.1628 1.7378 80.7606
506680 19.2994 14.6718 34 11.5302 -8.52106 2.18091 79.5013
506694 19.2994 14.6718 34 11.5302 -8.52106 2.18091 79.5013
506699 20.1941 12.2762 34 11.3559 -9.81739 2.48354 77.8262
506709 20.858 10.0249 34 11.0268 -11.1337 2.79488 75.9096
506721 20.858 10.0249 34 11.0268 -11.1337 2.79488 75.9096
506729 21.4256 8.10074 34 10.3685 -12.503 3.01283 73.8948
506749 21.4256 8.10074 34 10.3685 -12.503 3.01283 73.8948
506751 21.9643 6.53254 34 9.73918 -13.7371 3.1651 72.2361
506761 22.4261 5.26259 34 9.25513 -14.7682 3.29128 70.9439
506781 22.4261 5.26259 34 9.25513 -14.7682 3.29128 70.9439
506789 22.7821 4.52179 34 9.12927 -15.3092 3.37029 70.4332
506792 22.7821 4.52179 34 9.12927 -15.3092 3.37029 70.4332
506810 23.1092 4.53141 34 9.10023 -15.3651 3.27808 70.7409
506811 23.0323 4.4833 34 8.96469 -15.4597 3.28797 70.4803
506820 23.0323 4.4833 34 8.96469 -15.4597 3.28797 70.4803
506840 22.9072 4.4833 34 8.8098 -15.532 3.29471 70.2003
506843 22.8783 4.33899 34 8.61617 -15.7242 3.30762 69.8335
506870 22.8687 4.33899 34 8.40319 -15.8476 3.27438 69.6109
506874 22.8687 4.33899 34 8.40319 -15.8476 3.27438 69.6109
506882 23.1766 4.37748 34 8.25797 -15.9504 3.15933 69.812
506899 23.5133 4.39672 34 8.00626 -16.1301 3.02424 69.9163
506928 23.8981 4.52179 34 7.73519 -16.2644 2.84696 70.1551
506928 24.3888 4.68534 33.8989 7.40604 -16.4098 2.60677 70.3791
506933 24.3888 4.68534 33.8989 7.40604 -16.4098 2.60677 70.3791
506943 24.8314 4.85852 32.9185 7.19305 -16.3673 2.23958 69.8015
506960 25.3797 5.02207 32.2515 6.98975 -16.3762 1.90387 69.643
506963 25.3797 5.02207 32.2515 6.98975 -16.3762 1.90387 69.643
506973 25.9089 5.19525 31.8876 6.82517 -16.3915 1.6347 69.8169
506988 25.9089 5.19525 31.8876 6.82517 -16.3915 1.6347 69.8169
506998 26.2168 5.4069 31.8775 6.95103 -16.2296 1.534 70.4522
507004 26.4573 5.5416 32.302 7.18337 -16.0995 1.57095 71.4843
507019 26.4573 5.5416 32.302 7.18337 -16.0995 1.57095 71.4843
507024 26.6978 5.68591 32.7164 7.44476 -15.95 1.60813 72.5449
507034 26.7748 5.8206 32.7366 7.63838 -15.7778 1.5992 72.9704
507049 26.7748 5.8206 32.7366 7.63838 -15.7778 1.5992 72.9704
507055 26.5727 5.84946 32.2616 7.50285 -15.7515 1.52568 72.1866
507082 26.1686 5.98415 31.5036 7.63838 -15.4463 1.47047 71.2948
507087 25.9089 7.44652 30.8163 8.25797 -14.1588 1.18436 72.4297
507107 25.9089 7.44652 30.8163 8.25797 -14.1588 1.18436 72.4297
507115 25.5048 9.37068 29.7551 9.27449 -12.3857 0.843117 73.905
507118 25.1777 13.2767 28.3603 10.2039 -9.75653 0.0213683 77.0186
507138 25.1777 13.2767 28.3603 10.2039 -9.75653 0.0213683 77.0186
507145 24.8217 16.9134 26.3894 11.2494 -7.2594 -0.774113 79.374
507168 24.8217 16.9134 26.3894 11.2494 -7.2594 -0.774113 79.374
507170 23.9366 19.7361 24.2973 12.2369 -5.06843 -1.33502 80.2069
507172 22.5224 22.4721 21.8615 13.0598 -2.76913 -1.89072 79.9158
507178 22.5224 22.4721 21.8615 13.0598 -2.76913 -1.89072 79.9158
507199 20.7521 24.5194 19.365 14.0666 -0.486359 -2.25655 78.7032
507201 18.549 25.7918 17.3841 16.574 2.05392 -1.98904 78.2988
507208 18.549 25.7918 17.3841 16.574 2.05392 -1.98904 78.2988
507229 16.2848 26.4615 15.9274 20.3961 4.63053 -1.21843 79.0698
507229 16.2848 26.4615 15.9274 20.3961 4.63053 -1.21843 79.0698
507238 14.0426 26.6719 14.0452 23.0011 6.9396 -0.70759 77.7609
507261 12.0711 26.9781 11.4851 23.5414 9.09992 -0.814552 74.0757
507263 12.0711 26.9781 11.4851 23.5414 9.09992 -0.814552 74.0757
507269 10.4281 27.4564 9.9875 24.5352 10.9022 -0.696434 72.4072
507293 9.1137 27.8773 9.69405 26.3297 12.1206 -0.198704 73.0148
507293 9.1137 27.8773 9.69405 26.3297 12.1206 -0.198704 73.0148
507299 8.07959 28.4035 9.96726 28.1532 12.9048 0.329225 74.6036
507326 8.07959 28.4035 9.96726 28.1532 12.9048 0.329225 74.6036
507327 7.06481 28.614 10.4125 29.9285 13.5048 0.919937 76.0198
507331 5.97271 28.6522 10.7363 31.4818 14.1278 1.48222 76.8431
507339 5.97271 28.6522 10.7363 31.4818 14.1278 1.48222 76.8431
507357 4.90961 28.5183 11.0095 32.7747 14.6913 2.01192 77.2121
507361 3.78852 28.2026 11.2423 33.9132 15.2583 2.55961 77.1465
507370 3.78852 28.2026 11.2423 33.9132 15.2583 2.55961 77.1465
507390 3.17965 27.9539 11.8494 34 15.2387 2.86737 76.9829
507391 3.17965 27.9539 11.8494 34 15.2387 2.86737 76.9829
507405 3.03468 27.753 12.0821 34 15.1672 2.9845 76.8698
507427 2.9187 27.3703 12.1125 34 15.163 3.10665 76.4015
507429 2.9187 27.3703 12.1125 34 15.163 3.10665 76.4015
507434 2.7834 26.825 12.072 34 15.1854 3.26312 75.6804
507443 2.79306 26.2988 11.9304 34 15.1873 3.3667 75.0222
507459 2.79306 26.2988 11.9304 34 15.1873 3.3667 75.0222
507463 2.68675 25.8205 11.7381 34 15.2857 3.4812 74.2453
507492 2.68675 25.8205 11.7381 34 15.2857 3.4812 74.2453
507494 2.56111 25.3708 11.5155 33.3246 15.3283 3.48516 72.7721
507496 2.53212 24.969 11.2625 32.6589 15.343 3.44854 71.4226
507525 2.53212 24.969 11.2625 32.6589 15.343 3.44854 71.4226
507526 2.4548 24.462 10.9083 31.9739 15.4274 3.43101 69.799
507527 2.32916 24.1367 10.797 31.559 15.4637 3.46331 68.822
507542 2.32916 24.1367 10.797 31.559 15.4637 3.46331 68.822
507557 2.22285 23.8019 10.5744 31.2985 15.5761 3.50119 67.8977
507559 2.09721 23.5627 10.5542 31.3082 15.6317 3.59934 67.5223
507569 2.09721 23.5627 10.5542 31.3082 15.6317 3.59934 67.5223
507590 2.05856 23.3427 10.6857 31.6266 15.5896 3.74615 67.7135
507591 2.05856 23.3427 10.6857 31.6266 15.5896 3.74615 67.7135
507595 1.97157 23.1322 10.8375 32.0704 15.5832 3.92669 68.0117
507605 1.90392 23.0079 10.9792 32.3984 15.5673 4.05607 68.2894
507623 1.90392 23.0079 10.9792 32.3984 15.5673 4.05607 68.2894
507630 1.89426 22.7591 11.0298 32.3888 15.5071 4.13499 68.0719
507637 2.1552 22.52 11.1411 32.1186 15.214 4.10346 67.9349
507663 5.27686 23.1896 11.8899 31.7906 13.1029 3.16312 72.147
507667 5.27686 23.1896 11.8899 31.7906 13.1029 3.16312 72.147
507687 8.27288 23.8593 12.4667 30.1793 11.1326 2.109 74.7782
507692 11.1433 24.0793 12.5881 27.4779 9.23973 0.964959 75.2886
507698 11.1433 24.0793 12.5881 27.4779 9.23973 0.964959 75.2886
507722 14.8158 24.0124 12.2036 24.101 7.01891 -0.503828 75.1328
507724 17.914 22.8644 12.1429 20.5891 4.55605 -1.64189 73.5103
507728 17.914 22.8644 12.1429 20.5891 4.55605 -1.64189 73.5103
507738 20.0209 21.1137 11.8595 16.8548 2.17899 -2.66725 69.8489
507755 20.0209 21.1137 11.8595 16.8548 2.17899 -2.66725 69.8489
507763 22.0702 19.6213 13.4077 13.8246 -0.737059 -3.14676 68.9238
507769 23.7538 19.5352 22.5488 13.447 -4.20016 -1.37981 79.2848
507789 23.7538 19.5352 22.5488 13.447 -4.20016 -1.37981 79.2848
507792 24.7063 19.4778 32.6153 14.4539 -6.40798 0.474256 91.2533
507799 23.7153 18.215 34 13.6794 -7.20373 0.962355 89.6097
507823 23.7153 18.215 34 13.6794 -7.20373 0.962355 89.6097
507824 22.2434 15.7108 34 13.0404 -8.08643 1.60356 84.9946
507834 22.2434 15.7108 34 13.0404 -8.08643 1.60356 84.9946
507860 20.6752 12.4493 34 12.3144 -9.41336 2.49057 79.4389
507861 19.2128 8.99547 34 11.5592 -11.0679 3.52817 73.7675
507862 19.2128 8.99547 34 11.5592 -11.0679 3.52817 73.7675
507870 18.1353 5.94567 34 10.959 -12.7573 4.53609 69.0399
507890 17.6542 3.91568 34 10.4459 -14.1226 5.19785 66.0158
507893 17.6542 3.91568 34 10.4459 -14.1226 5.19785 66.0158
507902 17.6061 2.74194 34 10.1748 -14.9906 5.53915 64.5229
507921 17.6061 2.74194 34 10.1748 -14.9906 5.53915 64.5229
507922 17.9813 2.67459 34 9.97153 -15.2161 5.41154 64.6274
507957 18.4912 2.79966 34 9.55524 -15.4737 5.15012 64.8461
507959 18.4912 2.79966 34 9.55524 -15.4737 5.15012 64.8461
507960 18.9819 2.92473 34 9.19704 -15.6904 4.90535 65.1037
507963 19.309 2.96321 34 8.8098 -15.9552 4.73347 65.082
507972 19.309 2.96321 34 8.8098 -15.9552 4.73347 65.082
507990 19.5399 3.0017 34 8.67426 -16.0482 4.63062 65.2159
507992 19.5399 3.0017 34 8.67426 -16.0482 4.63062 65.2159
508007 19.5399 3.02094 34 8.59681 -16.0849 4.6125 65.1576
508024 19.4918 3.10753 34 8.74203 -15.9326 4.62403 65.3413
508026 19.4918 3.10753 34 8.74203 -15.9326 4.62403 65.3413
508033 19.4533 3.05942 34 8.83884 -15.8967 4.66541 65.3516
508059 19.5207 3.15563 34 8.82916 -15.8521 4.61478 65.5054
508061 19.5207 3.15563 34 8.82916 -15.8521 4.61478 65.5054
508064 19.5976 3.19411 34 8.90661 -15.7907 4.59255 65.6983
508074 19.5976 3.19411 34 8.90661 -15.7907 4.59255 65.6983
508094 19.7131 3.21336 34 8.97437 -15.753 4.56321 65.9008
508095 19.7997 3.2807 34 9.17768 -15.5986 4.54978 66.258
508104 19.7997 3.2807 34 9.17768 -15.5986 4.54978 66.258
508129 19.7131 3.2326 34 9.43907 -15.4559 4.6306 66.3847
508130 19.5495 3.14601 34 9.65205 -15.3553 4.73789 66.3476
508139 19.5495 3.14601 34 9.65205 -15.3553 4.73789 66.3476
508145 19.4341 3.17487 34 9.76822 -15.2503 4.7816 66.3772
508166 19.4341 3.17487 34 9.76822 -15.2503 4.7816 66.3772
508168 19.309 3.09791 34 9.95216 -15.1671 4.87015 66.3591
508175 19.7131 5.04131 34 10.533 -13.7611 4.28187 69.2874
508198 19.7131 5.04131 34 10.533 -13.7611 4.28187 69.2874
508200 19.7516 6.35937 34 11.2688 -12.6518 4.02591 71.3797
508207 19.4726 8.18732 34 11.6657 -11.4624 3.6834 73.3256
508231 19.4726 8.18732 34 11.6657 -11.4624 3.6834 73.3256
508233 18.5971 10.5444 34 11.9852 -10.0056 3.36306 75.1267
508237 18.5971 10.5444 34 11.9852 -10.0056 3.36306 75.1267
508267 17.5291 13.5461 34 12.3337 -8.2837 2.95672 77.409
508269 16.3331 16.3939 31.0993 13.5148 -5.66443 2.30545 77.3411
508271 16.3331 16.3939 31.0993 13.5148 -5.66443 2.30545 77.3411
508277 15.2507 18.9133 27.5113 18.3314 -1.72399 2.18957 80.0068
508301 14.004 20.6258 23.2967 23.2423 2.02278 2.20083 81.1688
508304 14.004 20.6258 23.2967 23.2423 2.02278 2.20083 81.1688
508308 12.1677 21.2476 16.3827 23.0494 5.40394 1.23892 72.8474
508318 12.1677 21.2476 16.3827 23.0494 5.40394 1.23892 72.8474
508338 10.3991 22.4052 11.8798 23.8405 8.74389 0.638316 68.5246
508340 8.76578 23.7062 11.4851 27.8252 10.8942 1.42896 71.7823
508353 8.76578 23.7062 11.4851 27.8252 10.8942 1.42896 71.7823
508378 7.29676 24.969 12.1833 31.5976 12.192 2.27133 76.0468
508380 5.76009 25.7153 12.7905 34 13.149 2.93521 78.2658
508382 5.76009 25.7153 12.7905 34 13.149 2.93521 78.2658
508389 4.25242 26.0023 12.9929 34 13.8377 3.25024 77.2475
508411 4.25242 26.0023 12.9929 34 13.8377 3.25024 77.2475
508412 2.7834 26.0597 12.7905 34 14.7044 3.55942 75.6335
508424 2.49346 26.3084 13.1649 34 14.6939 3.62587 75.9667
508444 2.49346 26.3084 13.1649 34 14.6939 3.62587 75.9667
508445 2.58044 26.471 13.256 34 14.6233 3.57852 76.3074
508450 2.60944 26.1649 13.0131 34 14.6932 3.60986 75.7874
508460 2.60944 26.1649 13.0131 34 14.6932 3.60986 75.7874
508484 2.40648 25.5239 12.5173 34 14.977 3.74495 74.4477
508497 2.19386 24.6342 12.2238 34 15.1319 3.9826 73.0519
508520 1.98124 23.8306 11.9304 34 15.3045 4.20642 71.7422
508521 1.98124 23.8306 11.9304 34 15.3045 4.20642 71.7422
508522 1.82661 23.1227 11.8494 34 15.3416 4.42807 70.7987
508532 1.79761 22.5869 11.9304 34 15.2382 4.59628 70.3149
508555 1.79761 22.5869 11.9304 34 15.2382 4.59628 70.3149
508556 1.74929 22.3095 12.0619 34 15.1518 4.70684 70.1207
508562 1.74929 22.3095 12.0619 34 15.1518 4.70684 70.1207
508593 1.70097 21.9364 12.3958 34 14.9356 4.8745 70.0332
508594 1.64298 21.6781 12.7601 34 14.724 5.01683 70.0812
508597 1.64298 21.6781 12.7601 34 14.724 5.01683 70.0812
508607 1.60432 21.3241 13.1952 34 14.4475 5.19085 70.1237
508627 1.50767 20.9606 13.4482 34 14.3045 5.35924 69.9165
508629 1.50767 20.9606 13.4482 34 14.3045 5.35924 69.9165
508633 1.38204 20.5205 13.6202 34 14.2105 5.54875 69.5228
508661 1.38204 20.5205 13.6202 34 14.2105 5.54875 69.5228
508662 1.29505 20.2048 13.7113 34 14.159 5.68075 69.2112
508664 1.20807 19.9274 13.6 34 14.2282 5.77529 68.7355
508674 1.20807 19.9274 13.6 34 14.2282 5.77529 68.7355
508695 1.17908 19.5543 13.4786 34 14.2558 5.88134 68.212
508696 1.08243 19.2003 13.3369 34 14.3379 6.00139 67.6197
508704 1.08243 19.2003 13.3369 34 14.3379 6.00139 67.6197
508727 0.918135 18.9707 13.1143 34 14.5285 6.09495 67.0032
508728 0.918135 18.9707 13.1143 34 14.5285 6.09495 67.0032
508739 0.889142 18.789 12.831 34 14.6855 6.12387 66.5091
508765 1.53667 19.009 12.9827 34 14.2494 5.87243 67.5284
508767 1.53667 19.009 12.9827 34 14.2494 5.87243 67.5284
508769 3.30529 19.6595 12.8917 34 13.407 5.13771 69.8565
508775 5.84707 20.6832 12.4768 31.9835 12.0942 3.78855 70.9906
508801 5.84707 20.6832 12.4768 31.9835 12.0942 3.78855 70.9906
508803 8.16657 21.372 12.3756 29.8417 10.6861 2.65039 71.7558
508814 10.2155 21.8503 12.9018 27.42 9.0323 1.71079 72.3875
508837 10.2155 21.8503 12.9018 27.42 9.0323 1.71079 72.3875
