1247055 20.6367 16.0764 20.9013 9.56492 -5.91576 -1.39481 67.1793
1247064 20.6367 16.0764 20.9013 9.56492 -5.91576 -1.39481 67.1793
1247082 20.348 14.8257 21.4168 9.17768 -6.75153 -1.04442 65.7682
1247090 19.9921 13.3922 21.3157 8.51936 -7.67021 -0.842117 63.2193
1247100 19.9921 13.3922 21.3157 8.51936 -7.67021 -0.842117 63.2193
1247110 19.6361 12.0453 21.1034 7.80296 -8.62027 -0.687012 60.5878
1247120 19.6361 12.0453 21.1034 7.80296 -8.62027 -0.687012 60.5878
1247129 19.3379 10.7561 21.4471 7.45444 -9.56617 -0.30318 58.9955
1247137 19.1166 9.57272 22.478 7.34795 -10.5417 0.291372 58.5153
1247146 19.1166 9.57272 22.478 7.34795 -10.5417 0.291372 58.5153
1247155 18.8472 8.42784 23.8728 7.52221 -11.407 1.05333 58.67
1247172 18.8472 8.42784 23.8728 7.52221 -11.407 1.05333 58.67
1247181 18.7029 7.23486 25.6011 7.65774 -12.4211 1.85511 59.1966
1247190 18.5682 6.37861 27.0868 7.88041 -13.1004 2.5087 59.914
1247199 18.5682 6.37861 27.0868 7.88041 -13.1004 2.5087 59.914
1247209 18.4335 5.57046 28.1885 7.94818 -13.7608 3.02608 60.1406
1247216 18.395 5.03169 29.0476 8.09339 -14.1649 3.39643 60.5677
1247234 18.395 5.03169 29.0476 8.09339 -14.1649 3.39643 60.5677
1247244 18.395 4.69496 29.4518 8.16116 -14.4106 3.58871 60.703
1247264 18.3277 4.70458 29.5731 8.16116 -14.4138 3.62914 60.7665
1247272 18.3181 4.67572 29.2901 8.03531 -14.4635 3.56395 60.3192
1247281 18.3181 4.67572 29.2901 8.03531 -14.4635 3.56395 60.3192
1247290 18.2796 4.57951 28.7241 7.84169 -14.5488 3.45985 59.4249
1247299 18.2796 4.58913 27.9863 7.52221 -14.6267 3.2478 58.3772
1247308 18.2796 4.58913 27.9863 7.52221 -14.6267 3.2478 58.3772
1247325 18.2315 4.56989 27.3193 7.30923 -14.6577 3.08911 57.4298
1247334 18.2315 4.56989 27.3193 7.30923 -14.6577 3.08911 57.4298
1247342 18.3469 4.55065 26.9554 7.17369 -14.7203 2.95429 57.0267
1247351 18.5393 4.67572 26.6219 6.98007 -14.7427 2.7422 56.817
1247360 18.5393 4.67572 26.6219 6.98007 -14.7427 2.7422 56.817
1247369 18.751 4.78155 26.4703 6.92198 -14.7202 2.59809 56.9248
1247391 18.9242 4.76231 26.44 6.9123 -14.7661 2.5419 57.0387
1247393 18.9242 4.76231 26.44 6.9123 -14.7661 2.5419 57.0387
1247399 19.03 4.85852 26.4602 6.92198 -14.7151 2.48652 57.2707
1247416 19.03 4.85852 26.4602 6.92198 -14.7151 2.48652 57.2707
1247425 19.2898 4.93548 26.6522 7.03816 -14.6629 2.45144 57.9156
1247434 19.386 4.95473 26.9554 7.08656 -14.6876 2.49251 58.3827
1247442 19.386 4.95473 26.9554 7.08656 -14.6876 2.49251 58.3827
1247453 19.511 5.07018 27.4911 7.46412 -14.4734 2.61369 59.5364
1247460 19.7708 5.68591 27.7741 7.74487 -13.9868 2.47531 60.9757
1247486 19.8189 6.32088 27.6932 8.08371 -13.3678 2.3347 61.9167
1247495 19.8093 7.07131 27.4001 8.43223 -12.6393 2.14113 62.7129
1247506 19.8093 7.07131 27.4001 8.43223 -12.6393 2.14113 62.7129
1247516 19.867 8.13922 26.7432 8.71298 -11.7227 1.76087 63.4624
1247526 19.867 8.13922 26.7432 8.71298 -11.7227 1.76087 63.4624
1247535 19.9921 9.38993 25.4394 8.89692 -10.6502 1.16629 63.7183
1247544 19.9728 10.6022 23.8222 8.77107 -9.66539 0.479273 63.1683
1247555 19.9728 10.6022 23.8222 8.77107 -9.66539 0.479273 63.1683
1247570 19.7131 11.5835 21.821 8.64522 -8.62389 -0.201647 61.7628
1247579 19.1839 11.5835 20.0321 8.42255 -8.10931 -0.585782 59.2221
1247587 19.1839 12.1703 20.0321 8.42255 -7.78443 -0.72722 59.8089
1247598 18.5971 12.7091 18.3442 8.28702 -6.88034 -1.21034 57.9374
1247605 18.5971 12.7091 18.3442 8.28702 -6.88034 -1.21034 57.9374
1247614 18.3084 13.3922 16.7369 8.28702 -5.8908 -1.76556 56.7245
1247632 18.2796 14.2292 15.2798 8.76139 -4.67231 -2.24606 56.5499
1247634 18.2796 14.2292 15.2798 8.76139 -4.67231 -2.24606 56.5499
1247644 18.1064 15.3164 14.3792 10.3975 -2.90884 -2.2284 58.1994
1247662 17.8466 16.0956 14.0351 14.1828 -0.644828 -1.38135 62.1602
1247670 17.8466 16.0956 14.0351 14.1828 -0.644828 -1.38135 62.1602
1247682 17.2886 16.5478 13.9643 19.0647 1.62999 -0.181139 66.8654
1247687 17.2886 16.5478 13.9643 19.0647 1.62999 -0.181139 66.8654
1247696 16.0239 16.6921 13.347 22.6056 3.61402 0.707 68.6686
1247705 14.5355 16.721 12.5476 24.4387 5.15679 1.25943 68.2429
1247724 14.5355 16.721 12.5476 24.4387 5.15679 1.25943 68.2429
1247731 12.8829 16.5671 11.6976 25.2877 6.50042 1.70137 66.4353
1247740 11.2399 16.2688 10.9185 25.5675 7.68735 2.10422 63.9947
1247750 11.2399 16.2688 10.9185 25.5675 7.68735 2.10422 63.9947
1247760 9.72257 15.9513 10.1899 25.828 8.86135 2.51509 61.6918
1247770 9.72257 15.9513 10.1899 25.828 8.86135 2.51509 61.6918
1247779 8.31154 15.5088 9.69405 26.0982 9.89782 3.01243 59.6125
1247789 6.92951 14.9989 9.44107 26.9762 10.971 3.72492 58.3456
1247796 6.92951 14.9989 9.44107 26.9762 10.971 3.72492 58.3456
1247814 5.78908 14.5563 9.48155 28.4041 11.8879 4.51827 58.231
1247824 4.73565 14.1907 9.71429 30.3434 12.751 5.37382 58.984
1247841 3.89483 13.9983 9.99762 31.9546 13.393 6.03032 59.8453
1247853 3.89483 13.9983 9.99762 31.9546 13.393 6.03032 59.8453
1247859 3.28596 13.8155 10.1089 33.2089 13.915 6.5086 60.4193
1247877 2.68675 13.7963 10.1798 33.7588 14.3527 6.816 60.4216
1247880 2.68675 13.7963 10.1798 33.7588 14.3527 6.816 60.4216
1247889 2.21319 13.575 10.0786 33.8167 14.7025 7.06404 59.6834
1247899 1.90392 13.5076 9.90655 33.6623 14.9878 7.16101 58.9804
1247925 1.78795 13.6712 9.85595 33.4501 15.0929 7.10801 58.7652
1247933 1.78795 13.6712 9.85595 33.4501 15.0929 7.10801 58.7652
1247942 1.79761 13.8251 9.68393 33.1124 15.1731 6.97724 58.419
1247951 1.88459 13.8829 9.49167 32.5528 15.161 6.81789 57.8119
1247960 1.88459 13.8829 9.49167 32.5528 15.161 6.81789 57.8119
1247977 1.94258 13.9983 9.36012 32.0318 15.1429 6.65876 57.3328
1247987 1.90392 14.0656 9.31964 31.723 15.1569 6.59677 57.0123
1248007 1.9909 13.9887 9.17798 31.4915 15.142 6.53759 56.649
1248016 2.02956 13.9887 9.29941 31.4915 15.0289 6.54102 56.8091
1248025 2.02956 14.0849 9.29941 31.3757 15.0255 6.48728 56.7896
1248034 2.08755 14.2003 9.30952 31.3757 14.9979 6.42338 56.9731
1248045 2.08755 14.2003 9.30952 31.3757 14.9979 6.42338 56.9731
1248051 2.1842 14.2965 9.27917 31.1056 14.9206 6.3054 56.8655
1248069 3.12166 14.6525 9.63333 30.7003 14.0247 5.82352 58.1078
1248077 3.12166 14.6525 9.63333 30.7003 14.0247 5.82352 58.1078
1248088 5.07391 15.249 10.1696 29.668 12.3309 4.86566 60.1605
1248095 7.14213 15.8166 10.3619 27.9024 10.7047 3.74994 61.2231
1248114 9.26833 16.2784 10.625 25.664 8.91439 2.60583 61.8358
1248130 9.26833 16.2784 10.625 25.664 8.91439 2.60583 61.8358
1248137 11.7135 16.721 10.6958 23.0011 6.96621 1.27049 62.1314
1248151 13.9943 16.8268 10.706 20.1742 4.98401 0.0143552 61.7013
1248156 13.9943 16.8268 10.706 20.1742 4.98401 0.0143552 61.7013
1248165 15.8113 16.6921 10.6048 17.3377 3.14901 -1.13183 60.4458
1248173 17.3079 16.5959 10.4327 14.6475 1.48464 -2.24389 58.984
1248193 17.3079 16.5959 10.4327 14.6475 1.48464 -2.24389 58.984
1248200 18.472 16.4612 10.3518 12.3821 0.0084877 -3.17321 57.6671
1248208 18.472 16.4612 10.3518 12.3821 0.0084877 -3.17321 57.6671
1248217 19.5591 16.3073 10.6048 10.717 -1.3725 -3.81496 57.1882
1248226 20.6271 16.1726 10.797 9.30353 -2.61332 -4.40221 56.9002
1248236 20.6271 16.1726 10.797 9.30353 -2.61332 -4.40221 56.9002
1248256 21.7816 16.2207 11.2321 8.24829 -3.7162 -4.83324 57.4827
1248275 22.7052 16.1919 11.819 7.4738 -4.66514 -5.0535 58.1899
1248282 22.7052 16.1919 11.819 7.4738 -4.66514 -5.0535 58.1899
1248302 24.5042 16.6729 13.681 7.24146 -5.74515 -4.89248 62.0995
1248311 25.0719 17.1531 15.472 7.77392 -5.9633 -4.34827 65.4709
1248320 25.0719 17.1531 15.472 7.77392 -5.9633 -4.34827 65.4709
1248330 25.2835 17.2009 17.7479 8.43223 -6.33453 -3.56172 68.6646
1248337 25.0526 16.7402 19.5268 8.74203 -6.8144 -2.89547 70.0617
1248347 25.0526 16.7402 19.5268 8.74203 -6.8144 -2.89547 70.0617
1248357 24.4273 15.8551 20.3859 8.74203 -7.28133 -2.41056 69.4103
1248375 24.4273 15.8551 20.3859 8.74203 -7.28133 -2.41056 69.4103
1248384 23.648 14.5659 20.6486 8.27734 -7.9883 -2.07506 67.1399
1248396 22.7629 13.0843 20.2646 7.60934 -8.76232 -1.87692 63.7211
1248401 22.7629 13.0843 20.2646 7.60934 -8.76232 -1.87692 63.7211
1248410 21.8008 11.6797 20.0826 7.05752 -9.54553 -1.56885 60.6206
1248420 20.9926 10.2847 20.3454 6.76708 -10.3984 -1.06991 58.3898
1248441 20.4731 9.07244 21.2449 6.71868 -11.2708 -0.412612 57.5092
1248450 20.4731 9.07244 21.2449 6.71868 -11.2708 -0.412612 57.5092
1248469 20.0306 8.00453 22.4881 6.95103 -11.9893 0.366438 57.4742
1248470 19.6553 7.16752 23.6807 7.10592 -12.6119 1.03207 57.6095
1248483 19.6553 7.16752 23.6807 7.10592 -12.6119 1.03207 57.6095
1248490 19.3379 6.41709 24.9542 7.43508 -13.0881 1.71152 58.1443
1248500 19.1358 6.01302 26.2479 7.85137 -13.2997 2.26601 59.2481
1248510 19.1358 6.01302 26.2479 7.85137 -13.2997 2.26601 59.2481
1248520 18.9145 5.70515 27.3395 8.20957 -13.4369 2.72467 60.1687
1248530 18.9145 5.70515 27.3395 8.20957 -13.4369 2.72467 60.1687
1248549 18.6836 5.72439 27.7741 8.35478 -13.3714 2.90422 60.5369
1248556 18.3662 5.49349 27.6427 8.32574 -13.4509 3.03589 59.8281
1248565 18.3662 5.49349 27.6427 8.32574 -13.4509 3.03589 59.8281
1248574 17.9909 5.32032 27.2384 8.17084 -13.5124 3.0904 58.7205
1248582 17.5676 5.176 26.9453 8.00626 -13.5759 3.1739 57.6952
1248591 17.5676 5.176 26.9453 8.00626 -13.5759 3.1739 57.6952
1248601 17.2598 5.02207 26.8847 8.02563 -13.5931 3.31211 57.1921
1248620 17.2598 5.02207 26.8847 8.02563 -13.5931 3.31211 57.1921
1248622 16.9034 4.82003 26.9049 7.99658 -13.6829 3.49089 56.6248
1248635 16.6038 4.7142 26.9049 8.05467 -13.6554 3.63598 56.2775
1248641 16.6038 4.7142 26.9049 8.05467 -13.6554 3.63598 56.2775
1248658 16.4781 4.72383 27.1171 8.15148 -13.6 3.73646 56.4705
1248667 16.5941 5.23373 27.4102 8.63554 -13.0176 3.68509 57.8736
1248680 16.5941 5.23373 27.4102 8.63554 -13.0176 3.68509 57.8736
1248685 16.942 6.20543 27.7235 9.168 -12.1971 3.43379 60.039
1248694 16.942 6.20543 27.7235 9.168 -12.1971 3.43379 60.039
1248703 17.4137 7.53311 27.6831 9.74886 -11.1476 3.00226 62.3788
1248720 17.6638 8.88002 26.915 10.1555 -10.0384 2.48213 63.6143
1248729 17.6638 8.88002 26.915 10.1555 -10.0384 2.48213 63.6143
1248739 17.8081 10.3616 25.6718 10.4556 -8.81172 1.85645 64.2972
1248749 17.8274 12.0934 24.0244 10.8138 -7.31351 1.13901 64.7589
1248759 17.8274 12.0934 24.0244 10.8138 -7.31351 1.13901 64.7589
1248770 17.7312 13.7674 21.6593 10.7557 -5.81544 0.215081 63.9136
1248776 17.3463 13.7674 19.1831 10.4653 -5.0594 -0.36175 60.7621
1248785 17.3463 15.1336 19.1831 10.4653 -4.39842 -0.683634 62.1283
1248802 16.7584 16.2111 16.6762 10.32 -2.87808 -1.49416 59.9657
1248815 16.7584 16.2111 16.6762 10.32 -2.87808 -1.49416 59.9657
1248820 16.1592 17.1435 14.4298 10.2813 -1.36352 -2.22144 58.0138
1248829 15.6083 18.0523 12.4262 10.3491 0.162545 -2.8932 56.4359
1248837 15.6083 18.0523 12.4262 10.3491 0.162545 -2.8932 56.4359
1248847 15.0381 18.7603 10.8577 10.7073 1.61286 -3.31446 55.3634
1248861 14.7675 19.6978 9.80536 11.656 3.0312 -3.48775 55.9267
1248867 14.7675 19.6978 9.80536 11.656 3.0312 -3.48775 55.9267
1248876 14.7675 20.6449 9.28929 13.3405 4.27649 -3.30343 58.0422
1248894 14.7675 20.6449 9.28929 13.3405 4.27649 -3.30343 58.0422
1248907 14.6515 21.238 9.50179 15.9738 5.32002 -2.54557 61.3651
1248911 14.3422 21.4007 9.86607 19.0068 6.2675 -1.59482 64.6158
1248930 13.685 21.1328 10.4631 22.1617 7.09729 -0.487751 67.4427
1248937 12.7572 20.7023 10.9286 24.7764 7.87719 0.486971 69.1645
1248955 12.7572 20.7023 10.9286 24.7764 7.87719 0.486971 69.1645
1248965 11.4332 20.0422 10.6655 25.9245 8.76659 1.12714 68.0654
1248977 11.4332 20.0422 10.6655 25.9245 8.76659 1.12714 68.0654
1248984 9.81922 19.2769 10.0583 25.9728 9.73944 1.59726 65.1272
1248992 8.26322 18.3393 9.38036 26.1368 10.7987 2.1526 62.1197
1249001 8.26322 18.3393 9.38036 26.1368 10.7987 2.1526 62.1197
1249010 6.6589 17.4018 9.0869 26.7639 11.8591 2.95188 59.9115
1249027 5.30586 16.5093 8.99583 27.7963 12.7987 3.8332 58.6073
1249036 5.30586 16.5093 8.99583 27.7963 12.7987 3.8332 58.6073
1249047 4.02047 15.6627 9.06667 28.8672 13.643 4.75138 57.617
1249054 4.02047 15.6627 9.06667 28.8672 13.643 4.75138 57.617
1249062 3.07334 14.9604 9.24881 30.4109 14.321 5.62265 57.6934
1249071 2.32916 14.4986 9.63333 31.916 14.7541 6.35222 58.3771
1249081 2.32916 14.4986 9.63333 31.916 14.7541 6.35222 58.3771
1249094 1.9909 14.2388 9.96726 32.8229 14.8694 6.75038 59.0199
1249101 1.89426 14.1426 10.028 33.2089 14.9431 6.88331 59.2737
1249119 1.89426 14.1426 10.028 33.2089 14.9431 6.88331 59.2737
1249127 1.86526 13.9213 10.0482 33.2089 14.9113 6.97885 59.0437
1249142 1.78795 13.7001 10.0887 33.2571 14.9066 7.1025 58.8338
1249154 1.79761 13.5461 10.0786 33.2089 14.8721 7.14902 58.6312
1249166 1.79761 13.5461 10.0786 33.2089 14.8721 7.14902 58.6312
1249180 1.6913 13.4018 10.1393 33.0641 14.8531 7.23293 58.2965
1249190 1.64298 13.1998 9.99762 32.9869 14.935 7.29979 57.8273
1249200 1.64298 13.1998 9.99762 32.9869 14.935 7.29979 57.8273
1249213 1.57533 13.0555 10.119 33.0352 14.8811 7.4042 57.785
1249217 1.60432 12.8919 10.1899 33.2764 14.826 7.4971 57.9625
1249237 1.54633 12.8246 10.3821 33.5369 14.768 7.60375 58.2899
1249252 1.54633 12.8246 10.3821 33.5369 14.768 7.60375 58.2899
1249262 1.50767 12.6995 10.3619 33.7202 14.8184 7.68793 58.2893
1249270 1.556 12.5937 10.5036 33.6527 14.6584 7.71961 58.3059
1249279 1.556 12.5937 10.5036 33.6527 14.6584 7.71961 58.3059
1249287 2.12621 12.6418 10.8274 33.479 14.0362 7.50031 59.0744
1249296 2.93803 12.6802 11.131 33.2957 13.2846 7.1967 60.0449
1249308 2.93803 12.6802 11.131 33.2957 13.2846 7.1967 60.0449
1249315 3.86583 12.7284 11.5661 32.9484 12.3734 6.85343 61.1086
1249330 3.86583 12.7284 11.5661 32.9484 12.3734 6.85343 61.1086
1249342 5.47982 13.1132 12.0518 32.0028 11.0078 6.09639 62.6476
1249353 7.4224 13.4595 12.1935 30.2276 9.50637 5.10381 63.303
1249360 7.4224 13.4595 12.1935 30.2276 9.50637 5.10381 63.303
1249369 9.1137 13.8155 12.1226 27.8831 8.12835 4.07004 62.9349
1249378 10.4088 14.0849 11.8696 25.3263 6.94316 3.08861 61.6896
1249395 10.4088 14.0849 11.8696 25.3263 6.94316 3.08861 61.6896
1249405 11.5588 14.4024 11.6065 22.731 5.79116 2.0837 60.2988
1249412 11.5588 14.4024 11.6065 22.731 5.79116 2.0837 60.2988
1249426 12.6799 14.4697 11.2726 20.0681 4.52437 1.07481 58.4904
1249431 13.888 14.6814 11.1512 17.6947 3.19464 0.0722283 57.4152
1249451 14.8738 14.9219 11.131 15.7124 2.04346 -0.781877 56.6391
1249460 15.9659 15.1239 11.5256 13.9892 0.716209 -1.47737 56.6046
1249473 15.9659 15.1239 11.5256 13.9892 0.716209 -1.47737 56.6046
1249486 16.9807 15.326 12.4667 12.8081 -0.570181 -1.83181 57.5814
1249504 17.9909 15.5665 14.2274 11.9562 -1.96501 -1.85147 59.741
1249512 18.8472 15.5761 16.5143 11.5399 -3.29939 -1.52915 62.4775
1249524 18.8472 15.5761 16.5143 11.5399 -3.29939 -1.52915 62.4775
1249530 19.2994 15.3933 18.4756 11.1429 -4.36889 -1.1835 64.3113
1249540 19.5014 15.0855 20.2444 10.9977 -5.18867 -0.762156 65.8289
1249550 19.5014 15.0855 20.2444 10.9977 -5.18867 -0.762156 65.8289
1249570 19.5784 14.7391 21.154 10.8331 -5.71608 -0.527194 66.3046
1249585 19.3667 14.2196 21.5077 10.5137 -6.15065 -0.357786 65.6077
1249595 19.1262 13.5654 21.4976 10.0877 -6.60065 -0.25816 64.2769
1249602 19.1262 13.5654 21.4976 10.0877 -6.60065 -0.25816 64.2769
1249620 18.7606 12.6802 21.6189 9.67141 -7.18457 -0.0359979 62.7312
1249629 18.4912 11.6316 22.0737 9.18736 -8.04202 0.278154 61.3839
1249643 18.4912 11.6316 22.0737 9.18736 -8.04202 0.278154 61.3839
1249646 18.2796 10.4771 22.7004 8.97437 -8.90616 0.724313 60.4314
1249655 18.0006 9.34182 23.5696 8.79043 -9.81446 1.26065 59.7024
1249667 18.0006 9.34182 23.5696 8.79043 -9.81446 1.26065 59.7024
1249682 17.635 8.27391 24.4893 8.8582 -10.5441 1.88299 59.2564
1249683 17.635 8.27391 24.4893 8.8582 -10.5441 1.88299 59.2564
1249694 17.3848 7.40804 25.6516 8.91629 -11.2499 2.47007 59.3608
1249716 17.2501 6.63837 26.6926 9.15831 -11.7787 3.00365 59.7395
1249720 17.2501 6.63837 26.6926 9.15831 -11.7787 3.00365 59.7395
1249729 17.0289 6.17657 27.5315 9.34226 -12.0847 3.41258 60.0792
1249740 16.826 5.76288 28.0874 9.50683 -12.314 3.73991 60.1831
1249755 16.5361 5.57046 28.2087 9.56492 -12.3619 3.9246 59.8802
1249772 16.5361 5.57046 28.2087 9.56492 -12.3619 3.9246 59.8802
1249788 16.3428 5.50311 28.1986 9.60364 -12.3368 4.01261 59.6481
1249791 16.2075 5.51273 27.9257 9.42939 -12.3533 3.96989 59.0753
1249801 16.2075 5.51273 27.9257 9.42939 -12.3533 3.96989 59.0753
1249813 16.1592 5.49349 27.4304 9.23576 -12.3718 3.86158 58.3189
1249819 16.2075 5.56084 26.9251 9.00342 -12.3786 3.68135 57.6968
1249829 16.2075 5.56084 26.9251 9.00342 -12.3786 3.68135 57.6968
1249837 16.3525 5.58008 26.3894 8.77107 -12.4318 3.47536 57.093
1249846 16.3525 5.58008 26.3894 8.77107 -12.4318 3.47536 57.093
1249863 16.4878 5.64743 26.0559 8.60649 -12.452 3.30837 56.7976
1249872 16.5748 5.67629 25.7021 8.51936 -12.4314 3.17954 56.4725
1249884 16.5748 5.67629 25.7021 8.51936 -12.4314 3.17954 56.4725
1249890 16.6714 5.71477 25.5707 8.45159 -12.4431 3.09426 56.4085
1249900 16.884 6.2343 25.3787 8.62585 -11.9928 2.85864 57.1229
1249910 16.884 6.2343 25.3787 8.62585 -11.9928 2.85864 57.1229
1249918 17.3752 7.35031 25.2979 8.95501 -11.1769 2.42309 58.9784
1249927 17.3752 7.35031 25.2979 8.95501 -11.1769 2.42309 58.9784
1249937 17.76 8.53367 24.9946 9.30353 -10.2809 1.98157 60.5919
1249958 17.9428 9.55348 24.2771 9.55524 -9.42104 1.54968 61.3286
1249964 17.9428 9.55348 24.2771 9.55524 -9.42104 1.54968 61.3286
1249972 18.2892 10.9389 23.327 9.90376 -8.3149 0.961277 62.4588
1249982 18.5971 12.6995 21.9423 10.0199 -7.04248 0.157855 63.2588
1249990 18.5971 12.6995 21.9423 10.0199 -7.04248 0.157855 63.2588
1250007 18.8087 14.3639 20.0624 9.98121 -5.74458 -0.742445 63.2162
1250017 18.8087 14.3639 20.0624 9.98121 -5.74458 -0.742445 63.2162
1250031 18.7221 15.4992 17.9501 9.69077 -4.64026 -1.59559 61.8621
1250037 18.4335 16.4324 15.6946 9.3713 -3.47248 -2.45277 59.9318
1250055 18.039 17.1531 13.853 9.03246 -2.45641 -3.17851 58.0775
1250063 17.8274 17.9854 12.0821 9.05182 -1.26098 -3.86645 56.9467
1250079 17.8274 17.9854 12.0821 9.05182 -1.26098 -3.86645 56.9467
1250081 17.8466 19.0664 10.6655 9.35194 -0.0411764 -4.45165 56.9305
1250090 17.8466 19.0664 10.6655 9.35194 -0.0411764 -4.45165 56.9305
1250107 17.9428 20.3483 9.60298 9.68109 1.07842 -4.9519 57.5752
1250116 17.9332 21.4485 8.86429 10.3007 2.11442 -5.17965 58.5467
1250129 17.9332 21.4485 8.86429 10.3007 2.11442 -5.17965 58.5467
1250133 17.8466 22.4339 8.39881 11.3172 3.12753 -5.14142 59.9965
1250144 17.5484 23.0653 8.34821 12.7113 4.00496 -4.75592 61.6732
1250156 17.5484 23.0653 8.34821 12.7113 4.00496 -4.75592 61.6732
1250164 17.0289 23.314 8.56071 14.6959 4.88225 -4.02981 63.5995
1250172 17.0289 23.314 8.56071 14.6959 4.88225 -4.02981 63.5995
1250190 16.2848 23.1322 8.82381 16.6805 5.66229 -3.21452 64.9214
1250198 15.3764 22.9313 8.90476 18.1674 6.43075 -2.57774 65.3799
1250207 15.3764 22.9313 8.90476 18.1674 6.43075 -2.57774 65.3799
1250217 14.4969 22.6635 8.60119 19.3059 7.25068 -2.13315 65.0674
1250233 13.3371 22.4052 8.31786 20.1549 8.13872 -1.69808 64.2151
1250238 13.3371 22.4052 8.31786 20.1549 8.13872 -1.69808 64.2151
1250247 12.0807 22.1182 7.92321 20.9364 9.1386 -1.27007 63.0586
1250258 12.0807 22.1182 7.92321 20.9364 9.1386 -1.27007 63.0586
1250265 10.7857 21.9364 7.72083 21.9977 10.1807 -0.72153 62.4406
1250275 9.55827 21.5442 7.67024 23.1845 11.0964 -0.059984 61.9571
1250285 9.55827 21.5442 7.67024 23.1845 11.0964 -0.059984 61.9571
1250295 8.37919 21.1424 7.68036 24.294 11.9426 0.598276 61.4959
1250310 7.31609 20.6832 7.83214 25.4132 12.633 1.28486 61.2446
1250313 7.31609 20.6832 7.83214 25.4132 12.633 1.28486 61.2446
1250326 6.20466 20.2048 8.10536 26.4648 13.2666 2.00739 60.9797
1250338 6.20466 20.2048 8.10536 26.4648 13.2666 2.00739 60.9797
1250362 5.32518 19.7839 8.20655 27.256 13.83 2.56393 60.5716
1250363 4.61967 19.4299 8.34821 27.6226 14.1971 2.97929 60.0204
1250365 4.61967 19.4299 8.34821 27.6226 14.1971 2.97929 60.0204
1250375 4.1751 19.1142 8.38869 27.6998 14.4205 3.23331 59.3778
1250387 3.75952 18.8464 8.24702 27.6998 14.7472 3.41767 58.5527
1250395 3.75952 18.8464 8.24702 27.6998 14.7472 3.41767 58.5527
1250413 3.59522 18.7794 8.11548 27.3814 14.8822 3.40122 57.8715
1250425 3.59522 18.7794 8.11548 27.3814 14.8822 3.40122 57.8715
1250427 3.58556 18.6933 7.94345 26.9183 14.9117 3.30313 57.1406
1250440 3.61455 18.7124 7.99405 26.7832 14.8356 3.2704 57.1042
1250446 3.61455 18.7124 7.99405 26.7832 14.8356 3.2704 57.1042
1250465 3.53724 18.6072 7.93333 26.735 14.9049 3.30661 56.8127
1250472 3.55657 18.4924 7.94345 26.7832 14.8724 3.34942 56.7756
1250481 3.55657 18.4924 7.94345 26.7832 14.8724 3.34942 56.7756
1250492 3.45992 18.3393 8.06488 27.0437 14.8742 3.50813 56.9078
1250499 3.45992 18.3393 8.19643 27.0437 14.7822 3.53463 57.0394
1250507 3.52757 18.148 8.19643 27.2367 14.7354 3.61351 57.1087
1250526 3.45026 17.9471 8.39881 27.5936 14.6767 3.81473 57.3898
1250546 3.53724 17.7653 8.72262 27.912 14.4197 3.96949 57.9372
1250548 4.71632 17.9088 9.21845 28.0471 13.3665 3.66678 59.8907
1250557 4.71632 17.9088 9.21845 28.0471 13.3665 3.66678 59.8907
1250572 6.43661 18.1384 9.775 27.5647 11.9081 3.09248 61.9147
1250585 6.43661 18.1384 9.775 27.5647 11.9081 3.09248 61.9147
1250598 8.3502 18.2724 10.1696 26.4359 10.3547 2.36832 63.2281
1250602 10.5441 18.1671 10.4631 24.622 8.53576 1.49866 63.7963
1250611 10.5441 18.1671 10.4631 24.622 8.53576 1.49866 63.7963
1250623 12.7476 17.9567 10.5946 22.4608 6.69517 0.553145 63.7597
1250629 14.6612 17.5836 10.5542 20.0585 4.94242 -0.389481 62.8574
1250639 14.6612 17.5836 10.5542 20.0585 4.94242 -0.389481 62.8574
1250657 16.2075 17.067 10.5036 17.5692 3.22962 -1.27186 61.3473
1250666 16.2075 17.067 10.5036 17.5692 3.22962 -1.27186 61.3473
1250678 17.3945 16.4324 10.4935 15.2284 1.58393 -2.04161 59.5486
1250684 18.3758 15.7397 10.8274 13.3502 -0.0485733 -2.55721 58.2931
1250692 18.3758 15.7397 10.8274 13.3502 -0.0485733 -2.55721 58.2931
1250705 19.0108 15.0181 11.6875 11.869 -1.65455 -2.72786 57.5854
1250719 19.588 14.3158 14.1262 10.9977 -3.55794 -2.23112 59.0277
1250731 19.588 14.3158 14.1262 10.9977 -3.55794 -2.23112 59.0277
1250736 20.0883 13.7289 17.4851 10.533 -5.38182 -1.40673 61.8354
1250745 20.1845 12.9593 20.5172 10.1264 -6.90421 -0.587909 63.7874
1250757 20.1845 12.9593 20.5172 10.1264 -6.90421 -0.587909 63.7874
1250762 20.2037 12.2184 22.5386 9.7779 -8.01144 -0.0244761 64.7387
1250772 20.2037 12.2184 22.5386 9.7779 -8.01144 -0.0244761 64.7387
1250784 20.2615 11.468 23.802 9.42939 -8.91539 0.346806 64.9609
1250792 20.3384 10.6503 24.4489 8.94533 -9.78199 0.56044 64.3829
1250811 20.3384 10.6503 24.4489 8.94533 -9.78199 0.56044 64.3829
1250820 20.2999 9.70741 24.5398 8.41287 -10.6097 0.70172 62.9601
1250839 20.146 8.72609 24.4893 7.94818 -11.4016 0.872306 61.3096
1250840 20.146 8.72609 24.4893 7.94818 -11.4016 0.872306 61.3096
1250851 19.9921 7.92756 24.7319 7.58998 -12.1206 1.09614 60.2415
1250867 19.9921 7.92756 24.7319 7.58998 -12.1206 1.09614 60.2415
1250869 19.8862 7.13865 25.1463 7.44476 -12.7689 1.40049 59.6159
1250877 19.8478 6.60951 25.7426 7.33827 -13.2867 1.66874 59.5381
1250895 19.8478 6.60951 25.7426 7.33827 -13.2867 1.66874 59.5381
1250896 19.5784 6.0034 26.4298 7.28018 -13.7981 2.05634 59.2918
1250923 19.4726 5.47425 27.2182 7.4254 -14.1764 2.44086 59.5904
1250923 19.4726 5.47425 27.2182 7.4254 -14.1764 2.44086 59.5904
1250925 19.1839 5.05093 27.7741 7.4738 -14.472 2.7772 59.4827
1250951 18.953 4.68534 28.1885 7.59966 -14.6637 3.06675 59.4265
1250960 18.7799 4.53141 28.522 7.57061 -14.8138 3.2274 59.4039
1250979 18.7799 4.53141 28.522 7.57061 -14.8138 3.2274 59.4039
1250981 18.7895 4.54103 28.4917 7.61902 -14.7714 3.22508 59.4412
1250989 18.9049 4.4833 28.2693 7.50285 -14.8698 3.13992 59.1604
1251006 18.9049 4.4833 28.2693 7.50285 -14.8698 3.13992 59.1604
1251015 18.8472 4.56989 27.673 7.28018 -14.8492 2.96455 58.3703
1251035 18.8472 4.56989 27.673 7.28018 -14.8492 2.96455 58.3703
1251036 18.8376 4.49293 27.0464 6.99943 -14.9851 2.80132 57.3763
1251041 19.0108 4.54103 26.5006 6.82517 -15.0082 2.57764 56.8776
1251051 19.0108 4.54103 26.5006 6.82517 -15.0082 2.57764 56.8776
1251064 19.309 4.68534 26.2176 6.67995 -15.0115 2.3474 56.8919
1251071 19.6361 4.79117 26.2075 6.63155 -15.0267 2.20333 57.2663
1251080 19.6361 4.79117 26.2075 6.63155 -15.0267 2.20333 57.2663
1251092 19.8574 4.8489 25.9851 6.57346 -15.0267 2.05684 57.2649
1251097 19.8574 4.8489 25.9851 6.57346 -15.0267 2.05684 57.2649
1251119 20.0787 5.13752 25.8234 6.709 -14.743 1.90037 57.7486
1251123 20.6078 5.8687 25.7122 6.96071 -14.1551 1.57138 59.1495
1251132 20.6078 5.8687 25.7122 6.96071 -14.1551 1.57138 59.1495
1251149 20.9734 6.82117 25.3585 7.2705 -13.3393 1.20014 60.4236
1251150 21.1754 7.92756 24.7925 7.74487 -12.2872 0.835748 61.6404
1251159 21.1754 7.92756 24.7925 7.74487 -12.2872 0.835748 61.6404
1251179 21.4352 9.47651 23.8829 8.2967 -10.9147 0.301436 63.0913
1251185 21.4352 9.47651 23.8829 8.2967 -10.9147 0.301436 63.0913
1251195 21.6372 11.468 22.5184 8.62585 -9.36263 -0.457819 64.2495
1251208 21.5507 13.0555 20.6284 8.63554 -8.01944 -1.25462 63.8701
1251222 21.0119 14.0753 18.3644 8.35478 -6.85458 -2.03084 61.8064
1251237 20.2037 14.7102 16.4536 8.03531 -5.85483 -2.63247 59.4029
1251241 20.2037 14.7102 16.4536 8.03531 -5.85483 -2.63247 59.4029
1251266 19.4629 15.2683 14.9256 7.92882 -4.85862 -3.09368 57.5856
1251268 19.4629 15.2683 14.9256 7.92882 -4.85862 -3.09368 57.5856
1251275 18.828 15.7589 14.0149 8.23861 -3.89042 -3.25474 56.8404
1251295 18.2218 16.2688 13.4179 8.63554 -2.97792 -3.29936 56.5441
1251296 18.2218 16.2688 13.4179 8.63554 -2.97792 -3.29936 56.5441
1251301 18.0872 16.9134 13.0637 9.33257 -2.13638 -3.29399 57.3968
1251311 18.3181 17.6888 12.7196 10.5233 -1.19222 -3.23137 59.2498
1251330 18.3181 17.6888 12.7196 10.5233 -1.19222 -3.23137 59.2498
1251336 18.5297 18.2819 12.5881 12.6919 -0.057961 -2.78579 62.0917
1251380 18.5297 18.2819 12.5881 12.6919 -0.057961 -2.78579 62.0917
1251381 17.6735 19.1525 11.5054 18.5341 3.18092 -1.52244 66.8654
1251393 16.6327 19.0664 10.7363 19.4796 4.23914 -1.2478 65.915
1251410 16.6327 19.0664 10.7363 19.4796 4.23914 -1.2478 65.915
1251412 15.3087 19.0377 10.0179 19.9909 5.32283 -1.01102 64.3552
1251439 13.7624 18.9229 9.46131 20.5795 6.48801 -0.632393 62.726
1251447 12.1097 18.6455 8.86429 21.1294 7.73712 -0.18803 60.7489
1251469 10.3604 18.3202 8.38869 21.853 9.08997 0.397405 58.9223
1251475 8.66913 18.0619 8.20655 23.088 10.4584 1.17969 58.0256
1251484 8.66913 18.0619 8.20655 23.088 10.4584 1.17969 58.0256
1251501 7.17112 17.8419 8.20655 24.5159 11.6826 2.00296 57.7354
1251510 7.17112 17.8419 8.20655 24.5159 11.6826 2.00296 57.7354
1251530 5.8664 17.5357 8.38869 26.0306 12.6732 2.85807 57.8215
1251532 4.68732 17.2487 8.65179 27.4779 13.5138 3.6666 58.0657
1251536 4.68732 17.2487 8.65179 27.4779 13.5138 3.6666 58.0657
1251545 3.92382 17.2583 8.91488 28.9154 14.122 4.2317 59.0124
1251562 3.37294 17.0861 9.23869 30.0346 14.4432 4.72464 59.7323
1251572 3.37294 17.0861 9.23869 30.0346 14.4432 4.72464 59.7323
1251591 2.90904 17.0478 9.49167 30.9512 14.7345 5.0876 60.3997
1251592 2.90904 17.0478 9.49167 30.9512 14.7345 5.0876 60.3997
1251600 2.76407 17.0287 9.75476 31.7134 14.7824 5.30731 61.2609
1251622 2.71575 16.9808 9.68393 31.6169 14.8359 5.31277 60.9973
1251624 2.71575 16.9808 9.68393 31.6169 14.8359 5.31277 60.9973
1251626 2.66742 16.9038 9.52202 31.0187 14.861 5.23262 60.112
1251654 2.6481 16.8268 9.21845 30.2758 14.9384 5.09233 58.9692
1251656 2.6481 16.8268 9.21845 30.2758 14.9384 5.09233 58.9692
1251661 2.62877 16.8749 8.93512 29.4847 15.018 4.89856 57.9235
1251670 2.62877 16.8749 8.93512 29.4847 15.018 4.89856 57.9235
1251684 2.73508 16.9808 8.60119 28.6839 15.0561 4.62341 57.0009
1251690 2.80273 17.1913 8.30774 27.9024 15.116 4.32781 56.2042
1251700 2.80273 17.1913 8.30774 27.9024 15.116 4.32781 56.2042
1251714 2.79306 17.2679 8.08512 27.256 15.1825 4.13707 55.402
1251726 3.03468 17.507 8.10536 26.9762 14.9862 3.92097 55.6232
1251745 3.03468 17.507 8.10536 26.9762 14.9862 3.92097 55.6232
1251748 3.85617 18.1671 8.18631 26.4938 14.3812 3.34815 56.7034
1251752 5.28653 19.1238 8.43929 25.6833 13.2751 2.48892 58.5329
1251761 5.28653 19.1238 8.43929 25.6833 13.2751 2.48892 58.5329
1251778 6.97783 19.9752 8.53036 24.4098 12.0535 1.49943 59.8932
1251787 6.97783 19.9752 8.53036 24.4098 12.0535 1.49943 59.8932
1251808 8.92041 20.9606 8.62143 22.8564 10.7055 0.390365 61.3589
1251811 11.4525 22.0225 8.60119 20.9654 9.09486 -0.929974 63.0416
1251815 11.4525 22.0225 8.60119 20.9654 9.09486 -0.929974 63.0416
1251825 13.7527 22.8452 8.31786 18.563 7.6158 -2.29614 63.4788
1251840 15.3667 23.247 8.04464 16.2836 6.40245 -3.40444 62.942
1251844 15.3667 23.247 8.04464 16.2836 6.40245 -3.40444 62.942
1251851 16.3621 23.1514 7.63988 14.2312 5.44948 -4.31112 61.3846
1251869 16.3621 23.1514 7.63988 14.2312 5.44948 -4.31112 61.3846
1251877 16.9517 22.8739 7.2756 12.4983 4.67494 -5.04662 59.5995
1251899 17.4714 22.5678 7.30595 11.2978 3.87441 -5.48286 58.643
1251901 17.4714 22.5678 7.30595 11.2978 3.87441 -5.48286 58.643
1251904 18.0294 22.2808 7.41726 10.3975 3.11037 -5.80529 58.125
1251912 18.7221 22.1564 7.72083 9.83599 2.37419 -5.98655 58.4354
1251930 18.7221 22.1564 7.72083 9.83599 2.37419 -5.98655 58.4354
1251933 19.309 21.9651 8.26726 9.46811 1.63404 -5.98346 59.0095
1251961 19.309 21.9651 8.26726 9.46811 1.63404 -5.98346 59.0095
1251963 19.8478 21.659 9.1881 9.168 0.748006 -5.80092 59.8628
1251967 20.4827 21.2572 10.706 9.23576 -0.281993 -5.30098 61.6816
1251976 20.4827 21.2572 10.706 9.23576 -0.281993 -5.30098 61.6816
1251992 20.9734 20.8554 12.5375 9.46811 -1.24831 -4.65811 63.8344
1251994 21.4448 19.9752 14.622 9.62301 -2.46272 -3.92333 65.6651
1252022 21.4448 19.9752 14.622 9.62301 -2.46272 -3.92333 65.6651
1252024 21.4737 18.9516 16.2512 9.56492 -3.4753 -3.30817 66.2414
1252029 21.4737 18.9516 16.2512 9.56492 -3.4753 -3.30817 66.2414
1252037 21.3871 17.507 17.192 9.2164 -4.53876 -2.86796 65.3026
1252055 20.9926 15.8551 17.9501 8.69362 -5.66767 -2.41074 63.4914
1252057 20.9926 15.8551 17.9501 8.69362 -5.66767 -2.41074 63.4914
1252066 20.5886 14.0945 18.6677 8.20957 -6.88437 -1.902 61.5603
1252087 20.2037 12.3243 19.5369 7.77392 -8.20638 -1.30782 59.8388
1252092 20.2037 12.3243 19.5369 7.77392 -8.20638 -1.30782 59.8388
1252101 19.7419 10.7561 20.4061 7.38667 -9.43771 -0.69615 58.2908
1252119 19.7419 10.7561 20.4061 7.38667 -9.43771 -0.69615 58.2908
1252121 19.4533 9.25523 21.821 7.34795 -10.6566 0.119333 57.8775
1252127 19.2994 8.01415 23.418 7.4738 -11.6954 0.922142 58.2053
1252150 19.2994 8.01415 23.418 7.4738 -11.6954 0.922142 58.2053
1252154 19.2994 6.95586 25.217 7.77392 -12.569 1.70535 59.2462
1252164 19.1743 6.16695 26.6118 8.03531 -13.1625 2.32691 59.9883
1252182 19.1743 6.16695 26.6118 8.03531 -13.1625 2.32691 59.9883
1252183 19.1551 5.67629 27.5315 8.1902 -13.5501 2.69772 60.5531
1252190 19.1551 5.67629 27.5315 8.1902 -13.5501 2.69772 60.5531
1252199 19.2032 5.48387 28.0672 8.3451 -13.6832 2.87857 61.0993
1252214 19.232 5.51273 28.1683 8.37415 -13.6706 2.88746 61.2872
1252225 19.232 5.51273 28.1683 8.37415 -13.6706 2.88746 61.2872
1252247 19.2513 5.4069 27.9055 8.20957 -13.7973 2.82777 60.7732
1252248 19.3571 5.37804 27.1677 7.89009 -13.9049 2.58959 59.7929
1252252 19.3571 5.37804 27.1677 7.89009 -13.9049 2.58959 59.7929
1252262 19.5207 5.3107 26.1772 7.46412 -14.0762 2.26002 58.4726
1252279 19.5207 5.3107 26.1772 7.46412 -14.0762 2.26002 58.4726
1252281 19.588 5.37804 25.1766 7.03816 -14.143 1.90152 57.1808
1252290 19.6938 5.4069 24.4287 6.7574 -14.1944 1.62169 56.2868
1252310 19.6938 5.4069 24.4287 6.7574 -14.1944 1.62169 56.2868
1252316 19.9344 5.46463 23.9536 6.54442 -14.2579 1.36834 55.897
1252325 20.2518 5.57046 23.9233 6.48633 -14.2794 1.22368 56.2319
1252343 20.2518 5.57046 23.9233 6.48633 -14.2794 1.22368 56.2319
1252345 20.6752 5.6378 24.0143 6.48633 -14.3299 1.10563 56.8136
1252351 21.0889 5.93605 24.1861 6.68964 -14.0971 0.997612 57.9006
1252360 21.0889 5.93605 24.1861 6.68964 -14.0971 0.997612 57.9006
1252376 21.9643 6.95586 24.2771 6.94134 -13.4457 0.573222 60.1386
1252380 21.9643 6.95586 24.2771 6.94134 -13.4457 0.573222 60.1386
1252390 22.6089 8.06225 24.1558 7.28018 -12.6484 0.184702 62.1071
1252410 23.0611 8.89926 23.6302 7.52221 -11.9904 -0.19203 63.1128
1252438 23.4171 10.0634 22.8317 7.71583 -11.1161 -0.687095 64.0281
1252439 23.4171 10.0634 22.8317 7.71583 -11.1161 -0.687095 64.0281
1252445 23.6191 11.3333 21.5684 7.68679 -10.1886 -1.33099 64.2076
1252453 23.7346 12.4686 20.2747 7.52221 -9.3822 -1.97022 64.0001
1252470 23.7346 12.4686 20.2747 7.52221 -9.3822 -1.97022 64.0001
1252480 23.4556 13.0362 18.7586 7.28986 -8.74961 -2.50478 62.5403
1252503 22.9168 13.3633 17.0707 6.97039 -8.14548 -3.04345 60.3213
1252506 22.532 13.7097 15.4113 6.59282 -7.5717 -3.66658 58.2458
1252515 22.3877 13.7097 13.9036 6.3992 -7.17302 -4.20067 56.4001
1252537 22.3877 14.1426 13.9036 6.3992 -6.92793 -4.28294 56.8331
1252538 22.378 14.6718 12.8613 6.58314 -6.18844 -4.67446 56.4943
1252545 22.378 14.6718 12.8613 6.58314 -6.18844 -4.67446 56.4943
1252554 22.3299 15.4126 12.1226 7.2221 -5.17537 -4.83413 57.0872
1252570 22.2241 16.2303 11.7887 8.26765 -4.06541 -4.71659 58.5108
1252580 22.2241 16.2303 11.7887 8.26765 -4.06541 -4.71659 58.5108
1252603 22.0798 17 11.5863 10.0199 -2.73793 -4.31901 60.686
1252606 22.0798 17 11.5863 10.0199 -2.73793 -4.31901 60.686
1252607 21.6853 17.8514 11.5661 12.1014 -1.30474 -3.76621 63.2042
1252615 20.9638 18.5115 11.475 14.2022 0.105491 -3.17674 65.1525
1252637 20.9638 18.5115 11.475 14.2022 0.105491 -3.17674 65.1525
1252642 19.7323 18.8464 11.1714 15.9932 1.49665 -2.60424 65.7433
1252643 18.2892 18.942 10.8173 17.4631 2.78527 -2.04945 65.5116
1252669 18.2892 18.942 10.8173 17.4631 2.78527 -2.04945 65.5116
1252671 16.5651 18.8081 10.4125 18.6691 4.07248 -1.46418 64.4548
1252675 16.5651 18.8081 10.4125 18.6691 4.07248 -1.46418 64.4548
1252685 14.7095 18.4924 9.96726 19.962 5.45595 -0.777586 63.1311
1252703 12.6413 18.0715 9.775 21.4188 6.89508 0.116571 61.9066
1252705 12.6413 18.0715 9.775 21.4188 6.89508 0.116571 61.9066
1252715 10.6504 17.5166 9.70417 23.0011 8.28094 1.11832 60.8723
1252735 8.84309 16.9134 9.78512 24.6606 9.52864 2.16501 60.2022
1252742 8.84309 16.9134 9.78512 24.6606 9.52864 2.16501 60.2022
1252751 7.20011 16.3939 9.87619 26.1368 10.6759 3.12521 59.607
1252769 7.20011 16.3939 9.87619 26.1368 10.6759 3.12521 59.607
1252771 5.98238 16.0668 10.0786 27.555 11.5447 3.91682 59.6828
1252781 5.09324 15.884 10.3417 28.7321 12.1485 4.5203 60.051
1252802 5.09324 15.884 10.3417 28.7321 12.1485 4.5203 60.051
1252804 4.42638 15.9128 10.4125 29.5522 12.6966 4.88164 60.3039
1252807 3.8755 15.807 10.3923 29.861 13.0975 5.14819 59.9357
1252836 3.8755 15.807 10.3923 29.861 13.0975 5.14819 59.9357
1252838 3.51791 15.7589 10.4024 29.861 13.3102 5.28715 59.5402
1252842 3.17965 15.7589 10.2202 29.861 13.648 5.37345 59.0198
1252851 3.17965 15.7301 10.2202 29.639 13.5995 5.3471 58.769
1252870 3.06367 15.8647 10.0482 29.2435 13.7394 5.24645 58.2201
1252872 3.06367 15.8647 10.0482 29.2435 13.7394 5.24645 58.2201
1252886 3.16998 15.9513 9.79524 28.6935 13.7474 5.04272 57.6101
1252905 3.21831 16.0764 9.62321 28.1822 13.7553 4.86269 57.1001
1252906 3.21831 16.0764 9.62321 28.1822 13.7553 4.86269 57.1001
1252915 3.32462 16.3362 9.49167 27.9217 13.7722 4.66566 57.0741
1252938 3.49858 16.4901 9.41071 27.4972 13.6555 4.46052 56.8966
1252941 3.49858 16.4901 9.41071 27.4972 13.6555 4.46052 56.8966
1252942 3.55657 16.7402 9.27917 27.1788 13.6919 4.27131 56.7547
1252950 3.55657 16.7402 9.27917 27.1788 13.6919 4.27131 56.7547
1252972 3.58556 16.8268 9.1375 26.9762 13.7458 4.16656 56.526
1252976 3.86583 16.9423 9.4006 26.9762 13.4004 4.08377 57.1849
1252985 3.86583 16.9423 9.4006 26.9762 13.4004 4.08377 57.1849
1253006 4.88061 17.3827 9.775 27.0533 12.5992 3.69724 59.0916
1253008 6.195 17.9375 9.9875 26.7157 11.6998 3.09949 60.8357
1253012 6.195 17.9375 9.9875 26.7157 11.6998 3.09949 60.8357
1253022 7.30642 18.2628 10.2405 26.0114 10.8083 2.59198 61.8211
1253044 7.30642 18.2628 10.2405 26.0114 10.8083 2.59198 61.8211
