1400060 11.9551 17.4401 10.5238 18.5341 5.77182 -0.0865558 58.453
1400080 11.9551 17.4401 10.5238 18.5341 5.77182 -0.0865558 58.453
1400081 12.7283 17.2966 11.5661 16.8935 4.23008 -0.401452 58.4844
1400089 13.6561 17.2392 13.0131 15.2574 2.46233 -0.665434 59.1657
1400101 13.6561 17.2392 13.0131 15.2574 2.46233 -0.665434 59.1657
1400121 14.6708 17.3253 14.3589 13.447 0.728461 -1.051 59.8021
1400124 14.6708 17.3253 14.3589 13.447 0.728461 -1.051 59.8021
1400129 15.56 17.2774 15.7452 11.7625 -0.938456 -1.32479 60.3452
1400140 16.6134 17.22 17.5559 10.6395 -2.54307 -1.36341 62.0289
1400158 16.6134 17.22 17.5559 10.6395 -2.54307 -1.36341 62.0289
1400159 17.356 16.7595 19.3246 10.1167 -3.85654 -1.10313 63.5568
1400169 17.9428 16.163 21.0327 9.8844 -4.97061 -0.735603 65.0229
1400189 17.9428 16.163 21.0327 9.8844 -4.97061 -0.735603 65.0229
1400191 18.3662 15.1336 22.0838 9.66173 -5.9984 -0.403284 65.2453
1400201 18.4527 15.1336 22.8014 9.66173 -6.22976 -0.255069 66.0495
1400219 18.4527 13.7674 22.8014 9.28417 -7.07658 -0.0313854 64.3057
1400220 18.2122 12.103 23.1754 8.80011 -8.22132 0.399805 62.2907
1400231 18.2122 12.103 23.1754 8.80011 -8.22132 0.399805 62.2907
1400241 17.9525 10.3809 23.6403 8.36446 -9.46642 0.912716 60.3381
1400251 17.7889 8.74533 24.3478 8.1418 -10.6947 1.51346 59.0238
1400262 17.7889 8.74533 24.3478 8.1418 -10.6947 1.51346 59.0238
1400272 17.558 7.30221 25.4293 7.99658 -11.8761 2.20438 58.286
1400291 17.6061 6.14771 26.6017 8.02563 -12.8614 2.79375 58.3811
1400293 17.6061 6.14771 26.6017 8.02563 -12.8614 2.79375 58.3811
1400302 17.6735 5.22411 27.673 8.13212 -13.6238 3.2982 58.7027
1400322 17.6735 5.22411 27.673 8.13212 -13.6238 3.2982 58.7027
1400324 17.8081 4.7142 28.3097 8.21925 -14.049 3.55791 59.0514
1400333 17.9428 4.56027 28.9263 8.38383 -14.1796 3.71331 59.8132
1400343 17.9428 4.56027 28.9263 8.38383 -14.1796 3.71331 59.8132
1400353 18.0872 4.59875 29.3407 8.51936 -14.1668 3.75932 60.5459
1400363 18.2218 4.56027 29.2295 8.51936 -14.1959 3.70886 60.531
1400383 18.2218 4.56027 29.2295 8.51936 -14.1959 3.70886 60.531
1400385 18.1545 4.55065 28.8555 8.35478 -14.2303 3.63141 59.9155
1400393 18.1545 4.55065 28.8555 8.35478 -14.2303 3.63141 59.9155
1400412 17.9428 4.49293 28.2693 8.11276 -14.2841 3.55666 58.8178
1400425 17.7697 4.35823 27.673 7.91913 -14.3647 3.49902 57.72
1400431 17.7697 4.35823 27.673 7.91913 -14.3647 3.49902 57.72
1400440 17.6638 4.37748 27.1778 7.65774 -14.4199 3.37419 56.8768
1400449 17.7023 4.31013 26.8644 7.53189 -14.5034 3.29307 56.4088
1400458 17.7023 4.31013 26.8644 7.53189 -14.5034 3.29307 56.4088
1400467 17.7312 4.67572 26.8644 7.73519 -14.1145 3.20825 57.0065
1400477 17.7312 4.67572 26.8644 7.73519 -14.1145 3.20825 57.0065
1400488 18.116 5.46463 26.8038 7.99658 -13.4712 2.88272 58.381
1400504 18.4431 6.25354 26.9352 8.21925 -12.9093 2.62095 59.8511
1400509 18.4431 6.25354 26.9352 8.21925 -12.9093 2.62095 59.8511
1400516 18.6355 6.89813 26.9251 8.61617 -12.299 2.45786 61.0749
1400534 18.8664 7.92756 26.6017 8.96469 -11.4559 2.11008 62.3604
1400536 18.8664 7.92756 26.6017 8.96469 -11.4559 2.11008 62.3604
1400554 19.0877 9.53424 25.874 9.2164 -10.2849 1.52288 63.7123
1400563 19.0877 9.53424 25.874 9.2164 -10.2849 1.52288 63.7123
1400574 19.0781 10.7465 24.56 9.2164 -9.30617 0.932034 63.601
1400580 18.7702 11.6893 23.044 9.09055 -8.4011 0.401396 62.5941
1400590 18.7702 11.6893 23.044 9.09055 -8.4011 0.401396 62.5941
1400598 18.2026 12.305 21.4875 8.90661 -7.58536 -0.0279602 60.9018
1400607 17.6542 12.9785 20.1029 8.84852 -6.68385 -0.423268 59.5841
1400625 17.6542 12.9785 20.1029 8.84852 -6.68385 -0.423268 59.5841
1400636 17.4041 13.854 18.607 8.80011 -5.69204 -0.984639 58.6652
1400643 17.4041 13.854 18.607 8.80011 -5.69204 -0.984639 58.6652
1400652 17.2694 14.7968 17.0707 8.95501 -4.55669 -1.55971 58.092
1400661 17.2501 15.7685 15.8363 9.53588 -3.33187 -1.9643 58.3909
1400669 17.2501 15.7685 15.8363 9.53588 -3.33187 -1.9643 58.3909
1400688 17.0192 16.7787 14.7738 10.6686 -1.83395 -2.11568 59.2403
1400691 16.6714 17.7462 14.0048 12.5757 -0.145178 -1.92722 60.9981
1400702 16.6714 17.7462 14.0048 12.5757 -0.145178 -1.92722 60.9981
1400709 16.1012 18.368 13.0536 14.5507 1.51593 -1.65892 62.0735
1400723 16.1012 18.368 13.0536 14.5507 1.51593 -1.65892 62.0735
1400738 15.5213 18.6933 11.8798 16.1093 2.97473 -1.50124 62.2037
1400748 14.8255 19.1238 10.797 17.6657 4.47311 -1.31862 62.412
1400757 14.8255 19.1238 10.797 17.6657 4.47311 -1.31862 62.412
1400768 14.1006 19.3725 10.0887 19.0358 5.67872 -1.04206 62.5976
1400774 13.2791 19.6117 9.75476 20.2804 6.69762 -0.680731 62.926
1400783 13.2791 19.6117 9.75476 20.2804 6.69762 -0.680731 62.926
1400792 12.39 19.8126 9.50179 21.168 7.59031 -0.365699 62.8724
1400802 12.39 19.8126 9.50179 21.168 7.59031 -0.365699 62.8724
1400820 11.3366 19.8604 9.19821 21.9302 8.52616 -0.0165072 62.3254
1400823 10.2638 19.7839 9.07679 22.9818 9.42946 0.485684 62.1063
1400832 10.2638 19.7839 9.07679 22.9818 9.42946 0.485684 62.1063
1400853 9.15236 19.8126 8.90476 23.7923 10.358 0.907872 61.662
1400853 8.06026 19.7169 8.7125 24.4773 11.2444 1.33169 60.967
1400863 8.06026 19.7169 8.7125 24.4773 11.2444 1.33169 60.967
1400873 6.92951 19.5543 8.61131 25.307 12.1355 1.84626 60.4022
1400891 6.92951 19.5543 8.61131 25.307 12.1355 1.84626 60.4022
1400899 5.88573 19.4586 8.56071 26.0982 12.962 2.32851 60.0033
1400908 4.95793 19.3343 8.40893 26.5131 13.7131 2.69271 59.2142
1400919 4.95793 19.3343 8.40893 26.5131 13.7131 2.69271 59.2142
1400927 4.25242 19.2864 8.32798 26.8507 14.2874 2.97352 58.7176
1400935 3.90449 19.2673 8.38869 27.1788 14.5358 3.16543 58.7393
1400945 3.90449 19.2673 8.38869 27.1788 14.5358 3.16543 58.7393
1400954 3.82717 19.2003 8.46964 27.5068 14.5797 3.29188 59.004
1400964 3.72086 18.9707 8.46964 27.5261 14.614 3.40043 58.6874
1400976 3.72086 18.9707 8.46964 27.5261 14.614 3.40043 58.6874
1400984 3.58556 18.7507 8.4494 27.4393 14.6651 3.4914 58.2249
1401003 3.58556 18.7507 8.4494 27.4393 14.6651 3.4914 58.2249
1401012 3.52757 18.502 8.38869 27.3428 14.6849 3.55827 57.761
1401024 3.45026 18.435 8.36845 27.3524 14.7418 3.60264 57.6062
1401029 3.45026 18.435 8.36845 27.3524 14.7418 3.60264 57.6062
1401038 3.42126 18.3106 8.37857 27.2367 14.7119 3.63139 57.3471
1401047 3.4116 18.2915 8.31786 27.0823 14.7296 3.59797 57.1032
1401066 3.4116 18.2915 8.31786 27.0823 14.7296 3.59797 57.1032
1401067 3.47925 18.2437 8.30774 26.9665 14.66 3.56632 56.9972
1401077 3.47925 18.2437 8.30774 26.9665 14.66 3.56632 56.9972
1401087 3.86583 18.4637 8.53036 26.8507 14.26 3.39233 57.7106
1401097 4.639 18.8464 8.90476 26.8025 13.5596 3.09715 59.1926
1401116 4.639 18.8464 8.90476 26.8025 13.5596 3.09715 59.1926
1401118 5.84707 19.2099 9.28929 26.5709 12.5763 2.66015 60.9172
1401129 7.03582 19.5543 9.49167 26.0789 11.7058 2.16707 62.1607
1401146 7.03582 19.5543 9.49167 26.0789 11.7058 2.16707 62.1607
1401154 8.41785 19.6691 9.62321 25.0079 10.6173 1.56515 62.7181
1401163 8.41785 19.6691 9.62321 25.0079 10.6173 1.56515 62.7181
1401173 9.58727 19.4873 9.68393 23.6476 9.55985 1.02319 62.4061
1401182 10.6117 19.2577 9.55238 22.0267 8.59269 0.417327 61.4485
1401193 10.6117 19.2577 9.55238 22.0267 8.59269 0.417327 61.4485
1401199 11.4815 18.7794 9.41071 20.1549 7.53933 -0.174323 59.8266
1401218 12.332 18.4063 9.41071 18.1964 6.36723 -0.805006 58.3454
1401220 12.332 18.4063 9.41071 18.1964 6.36723 -0.805006 58.3454
1401229 13.0955 18.0045 9.99762 16.332 4.89441 -1.24597 57.4296
1401239 13.0955 18.0045 9.99762 16.332 4.89441 -1.24597 57.4296
1401259 13.975 17.6888 11.981 15.0347 2.88329 -1.18817 58.6795
1401266 14.8931 17.354 15.2899 13.9601 0.459817 -0.731028 61.4971
1401274 14.8931 17.354 15.2899 13.9601 0.459817 -0.731028 61.4971
1401283 15.5793 16.7306 18.6272 12.8081 -1.83066 -0.205806 63.7452
1401292 15.9272 15.8263 21.1034 11.6464 -3.70449 0.231689 64.5033
1401303 15.9272 15.8263 21.1034 11.6464 -3.70449 0.231689 64.5033
1401311 16.1205 14.6814 22.9328 10.9493 -5.18777 0.714296 64.684
1401339 16.0915 13.4307 24.4792 10.6589 -6.37221 1.30278 64.6603
1401348 16.0432 12.2954 25.4899 10.3685 -7.34818 1.75703 64.197
1401370 15.8306 11.1024 26.0862 10.0683 -8.22112 2.19255 63.0876
1401376 15.5213 9.82286 26.6118 9.78759 -9.11943 2.68575 61.7435
1401385 15.5213 9.82286 26.6118 9.78759 -9.11943 2.68575 61.7435
1401394 15.328 8.64912 27.1778 9.55524 -10.0072 3.15166 60.7102
1401404 15.328 8.64912 27.1778 9.55524 -10.0072 3.15166 60.7102
1401413 15.1927 7.64856 27.9863 9.3713 -10.8636 3.61709 60.1989
1401423 15.27 6.76344 28.7949 9.32289 -11.6284 4.01096 60.1513
1401442 15.27 6.76344 28.7949 9.32289 -11.6284 4.01096 60.1513
1401444 15.299 5.95529 29.6641 9.46811 -12.2294 4.44086 60.3865
1401458 15.2217 5.38766 30.6142 9.60364 -12.6771 4.83544 60.8272
1401472 15.2217 5.38766 30.6142 9.60364 -12.6771 4.83544 60.8272
1401473 15.2507 4.82965 31.3014 9.65205 -13.1363 5.12989 61.0338
1401483 15.2507 4.82965 31.3014 9.65205 -13.1363 5.12989 61.0338
1401501 15.4537 4.46406 31.4227 9.60364 -13.4585 5.19541 60.9441
1401509 15.7049 4.22354 31.1296 9.42939 -13.7143 5.11606 60.4875
1401528 15.9176 4.26203 30.4929 9.18736 -13.7659 4.88658 59.8598
1401537 16.1205 4.31013 29.9168 8.96469 -13.8094 4.6662 59.3121
1401546 16.1205 4.31013 29.9168 8.96469 -13.8094 4.6662 59.3121
1401554 16.2655 4.3871 29.2497 8.74203 -13.8061 4.43499 58.6443
1401573 16.2655 4.3871 29.2497 8.74203 -13.8061 4.43499 58.6443
1401574 16.1882 4.29089 28.6231 8.5 -13.8972 4.33422 57.6021
1401593 16.0819 4.29089 28.1581 8.35478 -13.885 4.25595 56.8857
1401603 16.0819 4.29089 28.1581 8.35478 -13.885 4.25595 56.8857
1401612 16.0529 4.31975 27.9358 8.20957 -13.9156 4.18612 56.518
1401621 16.0432 4.25241 27.9964 8.21925 -13.9653 4.22572 56.5113
1401634 16.0432 4.25241 27.9964 8.21925 -13.9653 4.22572 56.5113
1401638 16.0625 4.33899 28.3805 8.38383 -13.872 4.29351 57.1659
1401647 16.0625 4.33899 28.3805 8.38383 -13.872 4.29351 57.1659
1401657 16.1399 4.24278 28.896 8.49032 -13.9793 4.41508 57.7689
1401678 16.1882 4.19468 29.1082 8.59681 -13.9895 4.47309 58.0879
1401684 16.1882 4.19468 29.1082 8.59681 -13.9895 4.47309 58.0879
1401693 16.4201 4.618 29.3609 8.90661 -13.5975 4.35777 59.3056
1401702 16.6811 5.33956 29.4215 9.20672 -13.0078 4.10748 60.6489
1401710 16.6811 5.33956 29.4215 9.20672 -13.0078 4.10748 60.6489
1401722 16.8067 6.15733 29.2901 9.5746 -12.2778 3.8576 61.8288
1401728 16.8067 6.15733 29.2901 9.5746 -12.2778 3.8576 61.8288
1401747 17.0096 7.2541 28.8454 9.98121 -11.3408 3.46239 63.0904
1401749 17.1443 8.73571 27.7842 10.1555 -10.1996 2.83446 63.8197
1401768 17.2886 10.2173 25.9447 10.0683 -9.03182 2.00895 63.519
1401778 17.2598 11.3718 23.7515 9.73918 -8.00851 1.17327 62.1222
1401797 17.2598 11.3718 23.7515 9.73918 -8.00851 1.17327 62.1222
1401810 17.0673 12.3435 21.4067 9.38098 -6.95595 0.343058 60.1985
1401815 17.0673 12.3435 21.4067 9.38098 -6.95595 0.343058 60.1985
1401824 16.7874 13.3633 19.2134 9.22608 -5.72255 -0.438091 58.5902
1401834 16.5844 14.5948 17.2426 9.54556 -4.17763 -1.13627 57.9673
1401843 16.5844 14.5948 17.2426 9.54556 -4.17763 -1.13627 57.9673
1401854 16.1688 15.8551 15.7452 10.6879 -2.297 -1.43459 58.4571
1401862 15.6083 16.9615 14.7839 13.2921 -0.0571221 -1.11147 60.6459
1401875 15.6083 16.9615 14.7839 13.2921 -0.0571221 -1.11147 60.6459
1401879 15.0478 17.7462 13.7012 16.2836 2.10297 -0.671206 62.7787
1401908 14.1876 18.2724 12.4667 18.8524 4.10422 -0.268317 63.7791
1401921 13.1535 18.5976 11.1917 20.9654 5.95302 0.0952721 63.9082
1401935 12.1097 18.8464 10.2304 22.4222 7.43944 0.400066 63.6087
1401944 11.1529 18.9899 9.7244 23.3581 8.48974 0.697439 63.2253
1401953 11.1529 18.9899 9.7244 23.3581 8.48974 0.697439 63.2253
1401967 10.2445 19.0951 9.46131 23.8791 9.28065 0.95745 62.68
1401972 9.51961 19.1238 9.1375 24.13 9.93228 1.12033 61.9109
1401992 9.51961 19.1238 9.1375 24.13 9.93228 1.12033 61.9109
1401994 8.70779 19.2482 8.75298 24.2747 10.6841 1.24748 60.9836
1402015 8.70779 19.2482 8.75298 24.2747 10.6841 1.24748 60.9836
1402019 7.91529 19.3247 8.53036 24.4291 11.3407 1.42512 60.1994
1402028 7.14213 19.2769 8.41905 24.979 11.9927 1.7501 59.817
1402038 7.14213 19.2769 8.41905 24.979 11.9927 1.7501 59.817
1402047 6.42695 19.3151 8.32798 25.6254 12.6415 2.0633 59.6955
1402061 5.60546 19.3534 8.24702 26.185 13.3379 2.39258 59.3909
1402075 4.87095 19.2577 8.24702 26.8314 13.922 2.7741 59.2072
1402086 4.87095 19.2577 8.24702 26.8314 13.922 2.7741 59.2072
1402094 4.25242 19.1334 8.19643 27.3621 14.4402 3.09769 58.9443
1402109 3.94315 19.1621 8.26726 27.6901 14.6632 3.26404 59.0626
1402114 3.94315 19.1621 8.26726 27.6901 14.6632 3.26404 59.0626
1402124 3.85617 19.1812 8.23691 27.6901 14.7454 3.27901 58.9644
1402143 3.8465 19.0664 8.21667 27.6805 14.744 3.31174 58.8101
1402145 3.8465 19.0664 8.21667 27.6805 14.744 3.31174 58.8101
1402156 3.74986 18.9707 8.25714 27.6708 14.7636 3.37793 58.6486
1402166 3.74986 18.9707 8.25714 27.6708 14.7636 3.37793 58.6486
1402184 3.65321 18.7603 8.20655 27.4972 14.7967 3.4302 58.1172
1402185 3.53724 18.5211 8.22679 27.42 14.8068 3.53221 57.7051
1402201 3.53724 18.5211 8.22679 27.42 14.8068 3.53221 57.7051
1402205 3.52757 18.3011 8.17619 27.3524 14.7975 3.5828 57.3573
1402216 3.51791 18.1384 8.11548 27.227 14.7951 3.60169 56.9988
1402227 3.51791 18.1384 8.11548 27.227 14.7951 3.60169 56.9988
1402237 3.45992 18.0428 8.15595 27.1691 14.7798 3.64849 56.8278
1402255 3.45992 18.0428 8.15595 27.1691 14.7798 3.64849 56.8278
1402257 3.95281 18.148 8.51012 27.0051 14.1845 3.49236 57.616
1402270 5.30586 18.4254 9.05655 26.7253 12.9334 3.03729 59.5132
1402286 5.30586 18.4254 9.05655 26.7253 12.9334 3.03729 59.5132
1402289 6.9585 18.6072 9.50179 26.1175 11.5488 2.46471 61.185
1402298 8.79477 18.7029 9.80536 24.8439 10.0354 1.72615 62.1469
1402308 8.79477 18.7029 9.80536 24.8439 10.0354 1.72615 62.1469
1402321 10.776 18.7507 9.88631 23.2616 8.51621 0.866674 62.6747
1402347 12.4576 18.5307 9.92679 21.3513 7.02527 0.0698072 62.2664
1402357 13.9267 18.0715 9.9369 19.4217 5.55342 -0.645295 61.3567
1402370 13.9267 18.0715 9.9369 19.4217 5.55342 -0.645295 61.3567
1402376 15.1154 17.6314 9.87619 17.4921 4.21353 -1.34207 60.1151
1402384 16.2655 17.1244 9.83571 15.4994 2.77675 -2.0574 58.725
1402393 16.2655 17.1244 9.83571 15.4994 2.77675 -2.0574 58.725
1402402 17.1154 16.6729 9.83571 13.5826 1.44402 -2.7191 57.2066
1402417 17.1154 16.6729 9.83571 13.5826 1.44402 -2.7191 57.2066
1402422 18.0968 16.1534 10.0685 11.9174 -0.0419825 -3.27128 56.236
1402430 19.0204 15.6338 10.8476 10.6686 -1.58695 -3.50844 56.1704
1402442 19.0204 15.6338 10.8476 10.6686 -1.58695 -3.50844 56.1704
1402457 19.9247 15.2298 12.3857 9.73918 -3.20425 -3.41212 57.2794
1402466 21.0311 15.1047 15.1179 9.34226 -4.82789 -2.89022 60.5959
1402476 21.0311 15.1047 15.1179 9.34226 -4.82789 -2.89022 60.5959
1402490 21.8778 15.172 18.3341 9.22608 -6.11893 -2.20312 64.61
1402504 22.4454 15.0662 21.5785 9.28417 -7.19331 -1.45865 68.3743
1402514 22.5993 14.4216 23.4988 9.24544 -8.03806 -0.919516 69.7652
1402523 22.5993 14.4216 23.4988 9.24544 -8.03806 -0.919516 69.7652
1402539 22.4165 13.5269 24.1153 8.84852 -8.76412 -0.648599 68.9073
1402549 21.8008 12.2858 23.9536 8.3451 -9.46125 -0.403973 66.3853
1402563 21.8008 12.2858 23.9536 8.3451 -9.46125 -0.403973 66.3853
1402567 20.9542 10.9581 23.6807 7.81264 -10.1979 -0.0990996 63.4057
1402587 19.9728 9.61121 23.7818 7.33827 -11.0393 0.379554 60.7041
1402593 19.2417 8.37012 24.3175 7.19305 -11.8382 0.989158 59.1223
1402612 19.2417 8.37012 24.3175 7.19305 -11.8382 0.989158 59.1223
1402613 18.6836 7.34069 25.308 7.19305 -12.5834 1.65997 58.5254
1402623 18.2218 6.49406 26.2985 7.34795 -13.1413 2.29527 58.3623
1402634 18.2218 6.49406 26.2985 7.34795 -13.1413 2.29527 58.3623
1402643 17.9332 5.83984 27.4405 7.43508 -13.6827 2.83959 58.6487
1402660 17.9332 5.83984 27.4405 7.43508 -13.6827 2.83959 58.6487
1402669 17.6735 5.21449 28.4512 7.67711 -14.0779 3.36528 59.0163
1402683 17.3656 4.7142 29.3306 7.90945 -14.3597 3.83351 59.3198
1402687 17.3656 4.7142 29.3306 7.90945 -14.3597 3.83351 59.3198
1402695 17.0385 4.35823 30.0684 8.15148 -14.5082 4.23283 59.6166
1402713 16.8357 4.11771 30.4929 8.31606 -14.5973 4.48163 59.7623
1402723 16.8357 4.11771 30.4929 8.31606 -14.5973 4.48163 59.7623
1402734 16.5458 3.9734 30.5434 8.37415 -14.6129 4.64318 59.4367
1402742 16.5458 3.9734 30.5434 8.37415 -14.6129 4.64318 59.4367
1402757 16.1012 3.90606 30.2301 8.30638 -14.5698 4.74753 58.5437
1402759 15.7436 3.73288 29.6338 8.09339 -14.663 4.78571 57.2037
1402783 15.56 3.73288 29.2194 7.9385 -14.6623 4.74707 56.4507
1402795 15.6276 3.76174 29.1992 7.95786 -14.6372 4.7132 56.5464
1402808 15.6276 3.76174 29.1992 7.95786 -14.6372 4.7132 56.5464
1402812 15.7339 3.89643 29.1891 7.94818 -14.5675 4.62593 56.7676
1402822 15.8016 3.89643 29.1183 7.95786 -14.5601 4.59139 56.7742
1402835 15.8016 3.91568 29.1183 7.95786 -14.5467 4.58475 56.7934
1402842 15.9756 4.39672 28.9869 8.1418 -14.0971 4.37117 57.501
1402850 15.9756 4.39672 28.9869 8.1418 -14.0971 4.37117 57.501
1402860 16.2945 5.37804 28.9667 8.45159 -13.298 3.99701 59.0908
1402868 16.6424 6.43633 28.8252 8.92597 -12.3727 3.61806 60.8299
1402885 16.6424 6.43633 28.8252 8.92597 -12.3727 3.61806 60.8299
1402894 16.9807 8.02377 28.1885 9.44875 -11.0536 3.02501 62.6417
1402908 16.9807 8.02377 26.8746 9.44875 -10.7548 2.76845 61.3277
1402912 17.4522 10.2654 26.8746 9.74886 -9.44672 2.07624 64.341
1402920 17.5965 12.5167 24.7723 9.7295 -7.78558 1.01879 64.615
1402932 17.5965 12.5167 24.7723 9.7295 -7.78558 1.01879 64.615
1402947 17.3848 14.1715 22.2556 9.61333 -6.24975 0.0739431 63.4253
1402957 17.0192 15.5184 19.6683 9.29385 -4.82736 -0.872085 61.4997
1402965 17.0192 15.5184 19.6683 9.29385 -4.82736 -0.872085 61.4997
1402981 16.6811 16.7787 16.8482 8.94533 -3.29316 -1.94071 59.2533
1402984 16.4588 17.9184 14.3893 8.69362 -1.84304 -2.94838 57.4601
1402993 16.4588 17.9184 14.3893 8.69362 -1.84304 -2.94838 57.4601
1403006 16.2848 19.1334 12.5173 9.04214 -0.274919 -3.64848 56.9776
1403011 16.2848 19.1334 12.5173 9.04214 -0.274919 -3.64848 56.9776
1403031 15.9659 20.2909 11.1613 10.0974 1.4175 -3.9115 57.5155
1403037 15.7146 21.5059 10.453 12.3821 3.21387 -3.59303 60.0556
1403045 15.7146 21.5059 10.453 12.3821 3.21387 -3.59303 60.0556
1403058 15.299 22.4817 9.92679 15.3349 4.99297 -2.97874 63.0424
1403063 14.7095 23.0653 9.46131 17.9262 6.45338 -2.39109 65.1623
1403072 14.7095 23.0653 9.46131 17.9262 6.45338 -2.39109 65.1623
1403090 13.917 23.4479 8.9756 19.6243 7.64788 -1.99312 65.9648
1403100 13.917 23.4479 8.9756 19.6243 7.64788 -1.99312 65.9648
1403112 13.0279 23.4288 8.67202 20.7145 8.52155 -1.61067 65.8432
1403119 12.0517 23.3427 8.40893 21.1873 9.25877 -1.33825 64.9907
1403128 12.0517 23.3427 8.40893 21.1873 9.25877 -1.33825 64.9907
1403138 11.0659 23.027 7.99405 21.2838 9.96153 -1.13975 63.3708
1403146 10.0898 22.5104 7.72083 21.2934 10.5467 -0.873005 61.6145
1403163 10.0898 22.5104 7.72083 21.2934 10.5467 -0.873005 61.6145
1403172 9.08471 21.9077 7.47798 21.6504 11.2255 -0.465074 60.1208
1403189 8.12791 21.4676 7.54881 22.5477 11.8687 0.125878 59.692
1403198 7.34508 21.1328 7.60952 23.5125 12.4542 0.665467 59.5999
1403214 7.34508 21.1328 7.60952 23.5125 12.4542 0.665467 59.5999
1403217 6.52359 20.7788 7.61964 24.2168 13.0424 1.15001 59.1389
1403227 5.81808 20.6545 7.52857 24.5738 13.6072 1.44169 58.5749
1403241 5.81808 20.6545 7.52857 24.5738 13.6072 1.44169 58.5749
1403245 5.16089 20.5205 7.44762 24.979 14.1508 1.7412 58.108
1403272 4.70665 20.5205 7.53869 25.4035 14.4744 1.98945 58.1694
1403280 4.26208 20.5205 7.60952 25.8087 14.8012 2.22565 58.2009
1403293 4.26208 20.5205 7.60952 25.8087 14.8012 2.22565 58.2009
1403298 4.25242 20.6545 7.63988 26.0789 14.8574 2.25461 58.6257
1403307 4.23309 20.4918 7.58929 25.9921 14.8618 2.27842 58.3063
1403324 4.23309 20.4918 7.58929 25.9921 14.8618 2.27842 58.3063
1403333 4.12678 20.2909 7.67024 26.0789 14.8593 2.40637 58.1668
1403345 4.12678 20.2909 7.67024 26.0789 14.8593 2.40637 58.1668
1403352 4.03013 20.0326 7.61964 26.0596 14.9122 2.49813 57.742
1403370 3.93349 19.8317 7.61964 26.021 14.9373 2.58042 57.4059
1403398 3.8755 19.6691 7.47798 25.8184 15.013 2.57343 56.841
1403408 3.79818 19.363 7.63988 25.7509 14.8871 2.71332 56.5519
1403410 3.79818 19.363 7.63988 25.7509 14.8871 2.71332 56.5519
1403412 4.12678 19.3534 7.8625 25.9245 14.5322 2.69967 57.2672
1403425 5.14156 19.3534 8.25714 26.0596 13.6088 2.50505 58.8117
1403435 5.14156 19.5256 8.25714 26.0596 13.6421 2.45395 58.9839
1403443 6.25298 19.65 8.68214 25.9149 12.6569 2.15555 60.5
1403452 6.25298 19.65 8.68214 25.9149 12.6569 2.15555 60.5
1403461 7.18078 19.3917 8.90476 25.5193 11.8144 1.93083 60.9965
1403469 8.26322 19.1238 9.1375 24.9211 10.8406 1.62866 61.4456
1403488 8.26322 19.1238 9.1375 24.9211 10.8406 1.62866 61.4456
1403498 9.73223 18.8846 9.41071 24.0142 9.57254 1.16245 62.0418
1403511 11.4042 18.5594 9.60298 22.6538 8.11872 0.552843 62.2204
1403515 11.4042 18.5594 9.60298 22.6538 8.11872 0.552843 62.2204
1403524 12.9505 18.3489 9.60298 20.6566 6.6814 -0.253373 61.5591
1403538 12.9505 18.3489 9.60298 20.6566 6.6814 -0.253373 61.5591
1403542 14.12 18.1193 9.46131 18.5437 5.42862 -1.05427 60.2443
1403551 15.1541 17.6984 9.52202 16.5256 4.05259 -1.73296 58.9001
1403568 15.1541 17.6984 9.52202 16.5256 4.05259 -1.73296 58.9001
1403577 16.1399 17.287 10.0381 14.8121 2.54008 -2.20756 58.277
1403591 17.2501 16.8076 11.3232 13.447 0.714484 -2.36813 58.828
1403594 17.2501 16.8076 11.3232 13.447 0.714484 -2.36813 58.828
1403604 18.3758 16.3169 13.8327 12.3434 -1.45731 -2.09875 60.8688
1403624 19.1935 15.7397 16.2613 11.2107 -3.40696 -1.79341 62.4052
1403633 19.7708 14.97 18.4756 10.049 -5.22696 -1.47384 63.2654
1403659 20.2518 14.0175 20.5172 9.22608 -6.84452 -1.06058 64.0127
1403673 20.7136 13.1805 22.3567 8.73235 -8.13959 -0.647498 64.9832
1403677 20.7136 13.1805 22.3567 8.73235 -8.13959 -0.647498 64.9832
1403686 20.8291 12.1222 23.5999 8.5 -9.14923 -0.196333 65.0512
1403701 20.8291 12.1222 23.5999 8.5 -9.14923 -0.196333 65.0512
1403712 20.7521 11.1505 24.5297 8.32574 -9.96229 0.220699 64.7581
1403728 20.4924 10.0441 25.0553 8.06435 -10.7763 0.608693 63.6561
1403730 20.4924 10.0441 25.0553 8.06435 -10.7763 0.608693 63.6561
1403738 19.8381 8.83192 25.6819 7.91913 -11.5499 1.18779 62.2711
1403756 19.1358 7.72552 26.1165 7.80296 -12.2258 1.74187 60.7808
1403758 19.1358 7.72552 26.1165 7.80296 -12.2258 1.74187 60.7808
1403767 18.5778 6.78268 26.6825 7.6287 -12.9244 2.24999 59.6717
1403784 18.5778 6.78268 26.6825 7.6287 -12.9244 2.24999 59.6717
1403793 18.039 6.0034 27.5113 7.7836 -13.3825 2.84453 59.3373
1403812 17.5676 5.23373 28.2895 7.9385 -13.8427 3.41186 59.0294
1403813 17.5676 5.23373 28.2895 7.9385 -13.8427 3.41186 59.0294
1403819 17.2117 4.72383 28.9768 8.09339 -14.139 3.84744 59.0057
1403828 16.9227 4.36786 29.654 8.25797 -14.3367 4.21133 59.2025
1403841 16.9227 4.36786 29.654 8.25797 -14.3367 4.21133 59.2025
1403856 16.6327 4.16582 30.1391 8.42255 -14.3966 4.48864 59.3602
1403868 16.6231 4.1562 30.3514 8.54841 -14.3559 4.55449 59.6791
1403874 16.6231 4.1562 30.3514 8.54841 -14.3559 4.55449 59.6791
1403883 16.4781 4.16582 30.2705 8.48064 -14.354 4.57291 59.3951
1403896 16.4781 4.16582 30.2705 8.48064 -14.354 4.57291 59.3951
1403901 16.3041 4.06961 29.8763 8.31606 -14.4259 4.56372 58.5662
1403909 16.0432 4.01188 29.5125 8.27734 -14.3774 4.59887 57.8449
1403927 16.0432 4.01188 29.5125 8.27734 -14.3774 4.59887 57.8449
1403936 15.7339 3.99264 29.2901 8.22893 -14.3253 4.66214 57.2456
1403953 15.5213 3.91568 29.0476 8.13212 -14.3602 4.70074 56.6167
1403955 15.5213 3.91568 29.0476 8.13212 -14.3602 4.70074 56.6167
1403963 15.3667 3.84833 28.9566 8.13212 -14.3609 4.76177 56.3037
1403981 15.3667 3.84833 28.9566 8.13212 -14.3609 4.76177 56.3037
1403983 15.3474 3.89643 28.9869 8.24829 -14.2485 4.77826 56.479
1403992 15.5986 4.31975 29.4721 8.56777 -13.8821 4.68996 57.9582
1404009 15.5986 4.31975 29.4721 8.56777 -13.8821 4.68996 57.9582
1404018 16.0432 5.22411 29.7955 8.93565 -13.1999 4.36607 59.9984
1404037 16.4201 6.34975 29.7753 9.31321 -12.3397 3.95709 61.8584
1404038 16.4201 6.34975 29.7753 9.31321 -12.3397 3.95709 61.8584
1404044 16.6327 7.52349 29.2295 9.61333 -11.3991 3.49686 62.999
1404065 16.8454 9.14941 28.0166 9.69077 -10.2123 2.75799 63.7022
1404079 16.8357 10.8523 26.2985 9.65205 -8.88999 1.94753 63.6385
1404099 16.6038 12.4397 24.0143 9.49715 -7.4659 1.07137 62.5549
1404109 16.2172 13.6135 21.7806 9.23576 -6.22403 0.292309 60.847
1404124 16.2172 13.6135 21.7806 9.23576 -6.22403 0.292309 60.847
1404127 15.7243 14.6525 19.5975 9.03246 -4.93028 -0.444058 59.0068
1404135 15.7243 14.6525 19.5975 9.03246 -4.93028 -0.444058 59.0068
1404154 15.4537 15.7782 17.4346 9.10991 -3.46171 -1.21693 57.7763
1404155 15.2604 16.8172 15.5732 9.84567 -1.81347 -1.73716 57.4965
1404170 15.2604 16.8172 15.5732 9.84567 -1.81347 -1.73716 57.4965
1404182 14.9801 17.8323 14.5107 12.0142 0.149873 -1.58942 59.3374
1404188 14.5162 18.6742 13.5089 14.9767 2.28034 -1.14424 61.676
1404197 14.5162 18.6742 13.5089 14.9767 2.28034 -1.14424 61.676
1404211 13.8204 19.229 12.0619 17.0965 4.19693 -0.938229 62.2078
1404218 13.8204 19.229 12.0619 17.0965 4.19693 -0.938229 62.2078
1404227 13.4434 19.583 10.8274 18.6016 5.56948 -0.864008 62.4554
1404242 13.1148 19.8796 9.92679 20.0199 6.69588 -0.726337 62.9411
1404244 13.1148 19.8796 9.92679 20.0199 6.69588 -0.726337 62.9411
1404254 12.6799 20.157 9.31964 21.2741 7.65858 -0.530462 63.4307
1404270 12.1001 20.2622 9.27917 22.403 8.30906 -0.159307 64.0444
1404276 12.1001 20.2622 9.27917 22.403 8.30906 -0.159307 64.0444
1404284 11.3172 20.224 9.1881 23.3774 9.00688 0.239673 64.1067
1404302 11.3172 20.224 9.1881 23.3774 9.00688 0.239673 64.1067
1404312 10.4088 19.9657 9.1375 24.0624 9.62725 0.666661 63.5744
1404329 9.39397 19.4873 9.01607 24.5255 10.2538 1.11985 62.4229
1404332 9.39397 19.4873 9.01607 24.5255 10.2538 1.11985 62.4229
1404340 8.17624 18.8272 8.83393 24.8536 10.9863 1.65198 60.691
1404359 6.90051 18.215 8.75298 25.3263 11.778 2.27144 59.1948
1404361 6.90051 18.215 8.75298 25.3263 11.778 2.27144 59.1948
1404367 5.85674 17.7079 8.70238 25.9824 12.5028 2.86358 58.2495
1404387 5.85674 17.7079 8.70238 25.9824 12.5028 2.86358 58.2495
1404393 4.89028 17.2966 8.84405 26.9183 13.1497 3.51398 57.9492
1404402 3.99147 17 9.10714 27.9699 13.7214 4.15516 58.0685
1404417 3.99147 17 9.10714 27.9699 13.7214 4.15516 58.0685
1404421 3.45026 16.8461 9.25893 28.9154 14.132 4.58641 58.4707
1404429 3.23764 16.7114 9.39048 29.5715 14.282 4.84111 58.911
1404445 3.23764 16.7114 9.39048 29.5715 14.282 4.84111 58.911
1404457 3.00569 16.6152 9.58274 30.0443 14.3765 5.06503 59.2479
1404458 3.00569 16.6152 9.58274 30.0443 14.3765 5.06503 59.2479
1404475 2.90904 16.519 9.59286 30.3916 14.4787 5.18994 59.4125
1404485 2.85105 16.519 9.62321 30.5267 14.5209 5.23687 59.5199
1404504 2.85105 16.519 9.62321 30.5267 14.5209 5.23687 59.5199
1404506 2.86072 16.3939 9.48155 30.2276 14.534 5.2035 58.9637
1404512 2.75441 16.3169 9.33988 29.7934 14.6105 5.1702 58.2046
1404520 2.75441 16.3169 9.33988 29.7934 14.6105 5.1702 58.2046
1404534 2.73508 16.2303 9.22857 29.4075 14.6152 5.12244 57.6015
1404547 2.73508 16.2303 9.22857 29.4075 14.6152 5.12244 57.6015
1404565 2.70608 16.2207 9.10714 29.2049 14.6808 5.08009 57.2388
1404567 3.00569 16.2881 9.22857 29.1759 14.3981 4.96829 57.6983
1404574 3.00569 16.2881 9.22857 29.1759 14.3981 4.96829 57.6983
1404595 3.37294 16.4612 9.31964 28.9058 14.0694 4.75148 58.0596
1404599 4.16543 16.7883 9.53214 28.6646 13.4214 4.37265 59.1505
1404602 4.16543 16.7883 9.53214 28.6646 13.4214 4.37265 59.1505
1404610 5.19955 17.1244 9.71429 28.2787 12.6371 3.89668 60.3169
1404628 6.50426 17.1244 9.89643 30.1407 12.1197 3.86594 63.6658
1404637 6.50426 17.5262 9.89643 27.6708 11.6873 3.29643 61.5977
1404656 7.77999 17.9567 9.97738 26.7253 10.7803 2.6344 62.4394
1404657 7.77999 17.9567 9.97738 26.7253 10.7803 2.6344 62.4394
1404663 8.93007 18.1958 9.92679 25.3167 9.88292 1.95229 62.3694
1404687 10.2541 18.3298 9.82559 23.3967 8.7559 1.12572 61.8062
1404688 10.2541 18.3298 9.82559 23.3967 8.7559 1.12572 61.8062
1404693 11.3366 18.3106 9.70417 21.332 7.66352 0.343335 60.6834
1404703 12.3513 18.2628 10.1696 19.1322 6.20621 -0.328524 59.916
1404729 13.0762 18.1002 11.0298 17.0868 4.67217 -0.774059 59.2929
1404751 13.0762 18.1002 11.0298 17.0868 4.67217 -0.774059 59.2929
1404752 13.772 17.8897 12.2339 15.2574 3.01808 -1.05753 59.1531
1404756 14.3422 17.6792 13.5292 13.5826 1.43338 -1.24543 59.1332
1404782 14.9801 17.287 14.6119 11.9077 -0.168943 -1.46652 58.7868
1404791 15.7533 16.8076 16.069 10.5814 -1.87181 -1.49727 59.2113
1404812 15.7533 16.8076 16.069 10.5814 -1.87181 -1.49727 59.2113
1404813 16.4588 16.1919 17.7176 9.7295 -3.434 -1.29877 60.0977
1404819 16.4588 16.1919 17.7176 9.7295 -3.434 -1.29877 60.0977
1404828 17.1154 15.5088 19.6379 9.30353 -4.84892 -0.897276 61.5657
1404843 17.7889 14.7872 21.5077 9.13895 -6.0779 -0.457772 63.2228
1404854 17.7889 14.7872 21.5077 9.13895 -6.0779 -0.457772 63.2228
1404873 18.2988 13.9502 23.2461 9.28417 -7.06652 0.0651348 64.7793
1404875 18.674 13.0266 24.7015 9.42939 -7.94436 0.553756 65.8316
1404889 18.7221 11.9106 25.5101 9.17768 -8.85785 0.931195 65.3205
1404905 18.549 11.9106 26.0862 8.88724 -9.10754 1.03478 65.433
1404917 18.549 10.5829 26.0862 8.88724 -9.81393 1.36687 64.1053
1404919 18.193 9.36106 26.349 8.69362 -10.5786 1.79448 62.5967
1404944 17.8947 8.08149 26.5713 8.37415 -11.4944 2.20839 60.9217
1404953 17.6446 6.93662 27.0767 8.26765 -12.314 2.69413 59.9256
1404969 17.6446 6.93662 27.0767 8.26765 -12.314 2.69413 59.9256
1404970 17.4618 5.97453 27.5517 8.21925 -13.0135 3.12495 59.2073
1404979 17.5388 5.27221 27.9257 8.15148 -13.6024 3.37916 58.8881
1405000 17.5388 5.27221 27.9257 8.15148 -13.6024 3.37916 58.8881
1405006 17.6446 4.83928 28.0268 8.09339 -13.9661 3.49027 58.604
1405014 17.6446 4.83928 28.0268 8.09339 -13.9661 3.49027 58.604
1405031 17.7312 4.76231 27.8448 7.96754 -14.0836 3.42647 58.3059
1405033 18.1256 4.82003 27.7943 7.94818 -14.122 3.27071 58.6881
1405064 18.5393 4.99321 27.5719 7.86105 -14.1002 3.02731 58.9655
1405066 18.9242 5.0798 27.1576 7.66743 -14.1659 2.7591 58.8289
1405078 18.9242 5.0798 27.1576 7.66743 -14.1659 2.7591 58.8289
1405095 19.107 5.15676 26.6118 7.43508 -14.2028 2.51664 58.3106
1405097 19.107 5.15676 26.6118 7.43508 -14.2028 2.51664 58.3106
1405104 19.2801 5.21449 26.1064 7.28018 -14.2066 2.30437 57.8812
1405128 19.2609 5.20487 25.9144 7.18337 -14.2395 2.24934 57.5635
1405130 19.2609 5.20487 25.9144 7.18337 -14.2395 2.24934 57.5635
1405139 19.2128 5.14714 25.7021 7.14465 -14.2567 2.22531 57.2067
1405159 19.0877 5.15676 25.6617 7.05752 -14.2789 2.23162 56.9637
1405161 19.0877 5.15676 25.6617 7.05752 -14.2789 2.23162 56.9637
1405165 18.9723 5.14714 25.5809 7.19305 -14.155 2.28177 56.8933
1405176 18.9723 5.14714 25.5809 7.19305 -14.155 2.28177 56.8933
1405191 19.0396 5.62818 25.9043 7.56093 -13.6561 2.26999 58.133
1405194 19.2417 6.62875 26.4096 8.08371 -12.8135 2.14274 60.3638
1405222 19.2417 6.62875 26.4096 8.08371 -12.8135 2.14274 60.3638
1405224 19.2513 7.75439 26.6219 8.6549 -11.8267 1.992 62.2824
1405229 19.0492 9.07244 26.2782 9.09055 -10.6963 1.71217 63.4905
1405238 19.0492 9.07244 26.2782 9.09055 -10.6963 1.71217 63.4905
1405254 18.7125 10.6214 25.1867 9.32289 -9.38033 1.21602 63.8435
1405256 18.2988 12.3531 23.5291 9.45843 -7.86319 0.550509 63.6395
1405285 17.8178 14.0272 21.2753 9.28417 -6.32236 -0.308991 62.4044
1405292 17.8178 14.0272 21.2753 9.28417 -6.32236 -0.308991 62.4044
1405301 17.2694 15.451 18.5767 8.99374 -4.72762 -1.28129 60.2909
1405318 16.6521 16.7306 16.069 8.83884 -3.06725 -2.18083 58.2906
1405321 16.6521 16.7306 16.069 8.83884 -3.06725 -2.18083 58.2906
1405330 16.0722 17.7462 13.9744 9.10991 -1.40173 -2.82959 56.9027
1405351 15.8209 17.7462 12.2036 9.10991 -0.53224 -3.34917 54.8806
1405353 15.8209 18.8751 12.2036 10.746 0.692418 -3.05654 57.6456
1405357 15.5696 20.0805 11.3131 14.5216 3.13873 -2.39459 61.4849
1405383 15.5696 20.0805 11.3131 14.5216 3.13873 -2.39459 61.4849
1405385 15.2604 21.0084 10.706 18.2736 5.10192 -1.67575 65.2483
1405392 14.6612 21.5633 10.0179 20.483 6.50699 -1.28669 66.7253
1405401 14.6612 21.5633 10.0179 20.483 6.50699 -1.28669 66.7253
1405417 13.8783 21.8025 9.45119 21.6504 7.53317 -1.02854 66.7824
1405419 12.8152 21.946 9.04643 22.3933 8.48841 -0.75259 66.2009
1405428 12.8152 21.946 9.04643 22.3933 8.48841 -0.75259 66.2009
1405449 11.6458 21.8025 8.78333 22.5477 9.23173 -0.490269 64.7793
1405456 11.6458 21.8025 8.78333 22.5477 9.23173 -0.490269 64.7793
1405464 10.3701 21.4485 8.16607 22.4126 10.1467 -0.298075 62.3973
1405483 9.05571 20.7884 7.89286 22.4126 10.9113 0.115047 60.1496
1405491 7.8863 20.1187 7.69048 22.9143 11.7115 0.665351 58.6098
1405515 6.6589 20.1187 7.63988 22.9143 12.5298 0.988076 57.3318
1405516 6.6589 19.4778 7.63988 23.5221 12.5226 1.31557 57.2987
1405522 5.51848 18.8368 7.76131 24.4966 13.2715 2.09385 56.6132
1405530 5.51848 18.8368 7.76131 24.4966 13.2715 2.09385 56.6132
1405550 4.57135 18.2628 8.09524 25.9052 13.8566 2.94705 56.8346
1405552 3.89483 17.9662 8.54048 27.6322 14.2862 3.69913 58.0338
1405583 3.89483 17.9662 8.54048 27.6322 14.2862 3.69913 58.0338
1405585 3.45026 17.8993 8.89464 29.0023 14.5817 4.18946 59.2464
1405585 3.22797 17.7271 9.11726 29.8224 14.6942 4.50405 59.8947
1405594 3.22797 17.7271 9.11726 29.8224 14.6942 4.50405 59.8947
1405617 3.13132 17.5931 9.26905 30.2758 14.7125 4.68408 60.2693
1405619 3.13132 17.5931 9.26905 30.2758 14.7125 4.68408 60.2693
1405629 3.12166 17.2679 9.35 30.1986 14.5962 4.79472 59.9382
1405651 2.99602 17.0096 9.25893 30.0057 14.6618 4.87404 59.2702
1405653 2.99602 17.0096 9.25893 30.0057 14.6618 4.87404 59.2702
1405655 2.9477 16.7499 9.23869 29.7452 14.6165 4.92992 58.6814
1405664 2.84139 16.5093 9.06667 29.475 14.7154 4.9724 57.8924
1405685 2.84139 16.5093 9.06667 29.475 14.7154 4.9724 57.8924
1405687 2.73508 16.3458 8.96548 29.2049 14.7814 5.00151 57.2512
1405694 2.73508 16.3458 8.96548 29.2049 14.7814 5.00151 57.2512
1405718 2.73508 16.24 8.82381 28.8479 14.7974 4.95086 56.6467
1405720 2.74474 16.1534 8.82381 28.5874 14.7277 4.93163 56.3093
1405732 2.74474 16.1534 8.82381 28.5874 14.7277 4.93163 56.3093
1405751 2.72541 16.0764 8.81369 28.4041 14.7008 4.93112 56.0196
1405753 3.39227 16.2303 9.14762 28.3365 14.0207 4.69162 57.1068
1405758 3.39227 16.2303 9.14762 28.3365 14.0207 4.69162 57.1068
1405767 5.04491 16.7595 9.53214 27.7577 12.6663 3.93069 59.0942
1405785 5.04491 16.7595 9.53214 27.7577 12.6663 3.93069 59.0942
1405793 7.23877 17.287 9.88631 26.6674 10.9813 2.95385 61.0795
1405802 9.52928 17.6505 10.028 24.9404 9.26563 1.87984 62.1482
1405821 9.52928 17.6505 10.028 24.9404 9.26563 1.87984 62.1482
1405821 11.9358 17.9088 10.1393 22.7599 7.40859 0.73026 62.7438
1405828 14.1973 17.9662 9.83571 20.3093 5.71453 -0.485925 62.3085
1405837 14.1973 17.9662 9.83571 20.3093 5.71453 -0.485925 62.3085
1405857 15.8403 17.8419 9.58274 17.6078 4.1179 -1.59962 60.8727
1405859 15.8403 17.8419 9.58274 17.6078 4.1179 -1.59962 60.8727
1405891 17.1251 17.7175 9.33988 14.9863 2.63605 -2.66602 59.1688
1405892 18.2892 17.5644 9.67381 12.7597 1.01271 -3.45363 58.2871
1405895 18.2892 17.5644 9.67381 12.7597 1.01271 -3.45363 58.2871
1405900 19.1551 17.4114 11.0702 11.2107 -0.681096 -3.64132 58.8474
1405926 20.0113 17.2296 13.3875 10.2523 -2.42973 -3.3511 60.8807
1405928 20.0113 17.2296 13.3875 10.2523 -2.42973 -3.3511 60.8807
1405930 20.5597 17.0287 15.4214 9.56492 -3.75052 -3.02088 62.5748
1405944 20.5597 17.0287 15.4214 9.56492 -3.75052 -3.02088 62.5748
1405963 20.9349 17.0574 16.919 8.94533 -4.63978 -2.84886 63.8567
1405966 21.1466 16.7787 18.2634 8.55809 -5.43392 -2.57245 64.7468
