1000157 20.8676 12.9689 20.6992 8.64522 -7.89506 -1.06648 63.1808
1000168 20.8676 12.9689 20.6992 8.64522 -7.89506 -1.06648 63.1808
1000177 21.1754 12.3339 21.9828 8.11276 -8.92681 -0.805086 63.6049
1000190 21.3005 11.5258 22.6397 7.75456 -9.75155 -0.577024 63.2205
1000204 21.1851 10.7849 22.7812 7.41572 -10.3615 -0.427818 62.1669
1000213 21.137 10.073 22.8419 6.98975 -11.0237 -0.338709 61.0416
1000222 21.137 10.073 22.8419 6.98975 -11.0237 -0.338709 61.0416
1000231 21.0215 9.30334 23.0945 6.79613 -11.6318 -0.108157 60.2155
1000257 20.9253 8.51443 23.7919 6.63155 -12.3495 0.246495 59.8632
1000266 20.7425 7.82173 24.5297 6.54442 -12.9556 0.631283 59.6384
1000274 20.7425 7.82173 24.5297 6.54442 -12.9556 0.631283 59.6384
1000283 20.5982 7.10979 25.4293 6.65091 -13.4921 1.09692 59.7881
1000292 20.4539 6.5133 26.7533 6.79613 -14.0035 1.63151 60.5166
1000301 20.4539 6.5133 26.7533 6.79613 -14.0035 1.63151 60.5166
1000311 20.1941 5.81098 28.1177 7.12528 -14.4395 2.26242 61.2481
1000333 20.1941 5.81098 28.1177 7.12528 -14.4395 2.26242 61.2481
1000334 19.9151 5.13752 29.3205 7.29954 -14.9169 2.81341 61.6726
1000342 19.4341 4.56989 30.0583 7.4254 -15.2458 3.28839 61.4876
1000369 18.9915 4.16582 30.2099 7.35763 -15.5117 3.55954 60.7248
1000378 18.4912 3.98302 30.1694 7.39636 -15.5235 3.77037 60.04
1000387 18.4912 3.98302 30.1694 7.39636 -15.5235 3.77037 60.04
1000396 18.0294 3.82909 29.8359 7.38667 -15.5082 3.90076 59.0811
1000404 18.0294 3.82909 29.8359 7.38667 -15.5082 3.90076 59.0811
1000415 17.6927 3.75212 29.371 7.26082 -15.5186 3.92249 58.0766
1000431 17.3945 3.68478 29.0375 7.1156 -15.5644 3.9507 57.2323
1000441 17.3945 3.68478 29.0375 7.1156 -15.5644 3.9507 57.2323
1000453 17.1154 3.60781 28.7241 7.02847 -15.5833 3.9918 56.4759
1000461 16.9903 3.59819 28.7342 7.0672 -15.5432 4.04671 56.39
1000469 16.9903 3.59819 28.7342 7.0672 -15.5432 4.04671 56.39
1000478 17.0289 3.93492 28.6938 7.2705 -15.1583 3.9525 56.9281
1000487 17.0289 3.93492 28.6938 7.2705 -15.1583 3.9525 56.9281
1000496 17.4233 4.78155 28.4007 7.48349 -14.4429 3.53233 58.0891
1000504 17.7408 6.01302 27.6023 7.74487 -13.3607 2.94242 59.101
1000531 18.0102 7.39842 26.8038 8.07403 -12.1676 2.35606 60.2864
1000539 18.2122 9.0532 26.0862 8.67426 -10.7096 1.81256 62.0259
1000548 18.2122 9.0532 26.0862 8.67426 -10.7096 1.81256 62.0259
1000558 18.5201 11.0928 24.8329 9.19704 -9.0596 1.04106 63.6429
1000566 18.5201 11.0928 24.8329 9.19704 -9.0596 1.04106 63.6429
1000584 18.5874 13.1324 23.0137 9.3713 -7.44772 0.155629 64.1048
1000586 18.4912 14.6237 21.1237 9.34226 -6.15319 -0.624944 63.5808
1000597 18.4912 14.6237 21.1237 9.34226 -6.15319 -0.624944 63.5808
1000613 18.3181 15.7204 19.1932 9.25513 -5.01535 -1.34192 62.4868
1000622 17.8947 16.5382 17.3639 9.08087 -3.95856 -1.96826 60.8777
1000631 17.8947 16.5382 17.3639 9.08087 -3.95856 -1.96826 60.8777
1000640 17.4714 17.1339 15.8869 9.04214 -3.01601 -2.438 59.5344
1000648 17.4714 17.1339 15.8869 9.04214 -3.01601 -2.438 59.5344
1000657 17.1251 17.7271 14.6929 9.19704 -2.08276 -2.79925 58.742
1000674 16.6038 18.0715 13.944 9.46811 -1.2947 -2.90848 58.0874
1000683 16.6038 18.0715 13.944 9.46811 -1.2947 -2.90848 58.0874
1000692 16.0722 18.3202 13.6 10.2329 -0.480497 -2.72033 58.2253
1000703 15.5406 18.5307 13.772 11.5883 0.339156 -2.19858 59.4316
1000709 15.5406 18.5307 13.772 11.5883 0.339156 -2.19858 59.4316
1000722 14.9704 18.4063 14.1667 13.4567 1.11718 -1.41476 61.0001
1000729 14.9704 18.4063 14.1667 13.4567 1.11718 -1.41476 61.0001
1000747 14.4389 18.1958 14.1464 15.1703 1.92925 -0.803375 61.9514
1000756 13.743 17.7845 13.6708 16.5256 2.79317 -0.323466 61.724
1000765 13.743 17.7845 13.6708 16.5256 2.79317 -0.323466 61.724
1000773 12.9602 17.4975 12.75 17.6754 3.88558 -0.00795901 60.883
1000782 12.332 17.2679 11.7077 18.5823 4.93005 0.172856 59.8899
1000791 12.332 17.2679 11.7077 18.5823 4.93005 0.172856 59.8899
1000808 12.0421 17.1626 10.7565 19.441 5.80996 0.250703 59.4022
1000817 11.9841 17.1626 10.2202 19.441 6.12132 0.131232 58.8079
1000828 11.9841 17.2679 10.2202 20.6856 6.54493 0.412384 60.1578
1000836 11.7425 17.4975 9.97738 22.046 7.27336 0.681506 61.2633
1000844 11.7425 17.4975 9.97738 22.046 7.27336 0.681506 61.2633
1000854 11.3462 17.5836 10.0786 23.6765 7.91071 1.15465 62.6849
1000864 10.6407 17.6984 10.1798 25.2202 8.66741 1.66167 63.739
1000875 10.6407 17.6984 10.1798 25.2202 8.66741 1.66167 63.739
1000883 9.66458 17.6601 10.1292 26.6385 9.55841 2.21001 64.0923
1000892 8.6498 17.6601 10.0179 27.7963 10.4441 2.69109 64.124
1000911 8.6498 17.5166 10.0179 27.7963 10.4115 2.73076 63.9805
1000918 7.2871 17.1435 9.89643 28.7997 11.3897 3.38973 63.1267
1000927 7.2871 17.1435 9.89643 28.7997 11.3897 3.38973 63.1267
1000936 5.92439 16.7114 9.78512 29.6776 12.3511 4.06459 62.0985
1000945 4.64866 16.2015 9.6131 30.4591 13.2951 4.73277 60.9224
1000953 4.64866 16.2015 9.6131 30.4591 13.2951 4.73277 60.9224
1000973 3.40193 15.6916 9.53214 31.0284 14.1591 5.39788 59.654
1000981 2.60944 15.2298 9.5119 31.4047 14.685 5.89151 58.7558
1000989 2.60944 15.2298 9.5119 31.4047 14.685 5.89151 58.7558
1000999 2.13587 14.8546 9.5119 31.5108 14.9611 6.21383 58.0131
1001008 2.13587 14.8546 9.5119 31.5108 14.9611 6.21383 58.0131
1001017 1.95225 14.6333 9.5625 31.588 15.0281 6.38205 57.736
1001026 1.89426 14.4409 9.48155 31.4915 15.0749 6.4488 57.3082
1001037 1.89426 14.4409 9.48155 31.4915 15.0749 6.4488 57.3082
1001052 1.88459 14.2581 9.4006 31.2889 15.0715 6.47877 56.8321
1001061 1.80728 14.1715 9.41071 31.202 15.0886 6.52942 56.5915
1001069 1.80728 14.1715 9.41071 31.202 15.0886 6.52942 56.5915
1001079 1.78795 14.2388 9.41071 31.1635 15.1074 6.50538 56.6009
1001087 1.78795 14.2388 9.41071 31.1635 15.1074 6.50538 56.6009
1001096 1.91359 14.2965 9.4006 31.3371 15.0662 6.46054 56.9478
1001113 2.09721 14.6525 9.58274 31.4818 14.8987 6.30852 57.8143
1001132 3.01535 15.0085 9.96726 31.6073 14.1082 5.92735 59.5984
1001143 4.29107 15.5569 10.281 31.3178 13.1426 5.30968 61.4467
1001151 4.29107 15.5569 10.281 31.3178 13.1426 5.30968 61.4467
1001159 5.68277 15.9128 10.5238 30.4205 12.043 4.64073 62.54
1001168 5.68277 15.9128 10.5238 30.4205 12.043 4.64073 62.54
1001177 7.07447 16.1245 10.5238 28.8383 10.9351 3.87536 62.561
1001194 8.7851 16.3169 10.453 27.1402 9.65745 2.98854 62.6952
1001203 8.7851 16.3169 10.453 27.1402 9.65745 2.98854 62.6952
1001212 10.631 16.4805 10.3417 25.0755 8.22952 1.99244 62.5287
1001221 12.2547 16.3843 10.2101 22.8564 6.79675 1.0763 61.7055
1001230 12.2547 16.3843 10.2101 22.8564 6.79675 1.0763 61.7055
1001238 13.5787 16.1245 10.119 20.4347 5.33608 0.211728 60.257
1001252 13.5787 16.1245 10.119 20.4347 5.33608 0.211728 60.257
1001258 14.6998 15.605 9.95714 18.3218 3.95579 -0.518712 58.5837
1001268 15.676 15.0951 10.1393 16.4579 2.50038 -1.09134 57.3682
1001286 15.676 15.0951 10.1393 16.4579 2.50038 -1.09134 57.3682
1001294 16.5458 14.5371 10.8274 14.8508 0.887373 -1.42827 56.761
1001303 17.3463 14.0079 12.5071 13.7859 -0.893231 -1.31695 57.6473
1001321 18.0968 13.6327 14.8143 12.9436 -2.66221 -1.00145 59.4874
1001338 18.0968 13.6327 14.8143 12.9436 -2.66221 -1.00145 59.4874
1001347 18.6355 13.2864 17.0404 11.8303 -4.34235 -0.752849 60.7926
1001358 18.9242 12.9015 19.0922 10.5621 -5.91767 -0.5298 61.4799
1001364 18.9242 12.9015 19.0922 10.5621 -5.91767 -0.5298 61.4799
1001373 19.2032 12.4878 20.9316 9.5746 -7.26414 -0.285729 62.1972
1001384 19.5207 11.9491 22.67 8.78075 -8.52698 -0.00451326 62.9205
1001401 19.5207 11.9491 22.67 8.78075 -8.52698 -0.00451326 62.9205
1001407 19.7323 11.2179 24.0244 8.2967 -9.57864 0.325 63.2713
1001416 19.9728 10.5059 24.9239 7.90945 -10.4567 0.557849 63.3121
1001424 19.9728 10.5059 24.9239 7.90945 -10.4567 0.557849 63.3121
1001434 19.9825 9.66893 25.5202 7.58998 -11.2504 0.826653 62.7616
1001447 19.9825 9.66893 25.5202 7.58998 -11.2504 0.826653 62.7616
1001456 20.0306 8.73571 26.066 7.28018 -12.1073 1.10604 62.1124
1001466 20.1268 7.73514 26.5309 7.02847 -12.9817 1.39141 61.4213
1001473 20.1268 7.73514 26.5309 7.02847 -12.9817 1.39141 61.4213
1001491 20.2326 6.86927 26.9756 6.71868 -13.825 1.62653 60.7962
1001499 20.4635 6.86927 27.198 6.38952 -14.1179 1.54006 60.9203
1001510 20.4635 6.0034 27.198 6.38952 -14.6819 1.77854 60.0544
1001519 20.6174 5.32994 27.673 6.20558 -15.3591 1.98857 59.826
1001532 20.6174 5.32994 27.673 6.20558 -15.3591 1.98857 59.826
1001538 20.704 4.74307 28.2895 6.07005 -15.9599 2.23533 59.8067
1001547 20.9542 4.27165 28.9465 6.16686 -16.3501 2.45799 60.3391
1001557 20.9542 4.27165 28.9465 6.16686 -16.3501 2.45799 60.3391
1001565 20.9926 3.9734 29.3205 6.09909 -16.6599 2.59669 60.3856
1001582 20.9542 3.81947 29.4923 6.11845 -16.7711 2.69203 60.3843
1001600 20.8676 3.76174 29.4721 6.13781 -16.7831 2.73424 60.2392
1001608 20.8676 3.76174 29.4721 6.13781 -16.7831 2.73424 60.2392
1001621 20.781 3.70402 29.2194 6.041 -16.8445 2.70533 59.7454
1001626 20.5886 3.72326 28.9566 5.94419 -16.8367 2.68244 59.2126
1001634 20.5886 3.72326 28.9566 5.94419 -16.8367 2.68244 59.2126
1001653 20.5116 3.71364 28.5321 5.87642 -16.8221 2.60514 58.6338
1001654 20.5116 3.71364 28.5321 5.87642 -16.8221 2.60514 58.6338
1001664 20.3288 3.55008 28.0672 5.72153 -16.9612 2.57766 57.6676
1001674 20.1364 3.50198 27.8448 5.62472 -17.0093 2.58226 57.1079
1001692 20.1364 3.50198 27.8448 5.62472 -17.0093 2.58226 57.1079
1001701 20.1268 3.49236 27.7539 5.59567 -17.0237 2.56204 56.9687
1001709 20.2518 3.47312 28.1784 5.74089 -17.0079 2.65273 57.6442
1001718 20.2518 3.47312 28.1784 5.74089 -17.0079 2.65273 57.6442
1001729 20.3865 3.81947 28.7039 5.97323 -16.6846 2.66744 58.8832
1001736 20.3865 3.81947 28.7039 5.97323 -16.6846 2.66744 58.8832
1001754 20.6078 4.35823 29.1992 6.42825 -16.0993 2.63924 60.5935
1001764 20.8002 5.20487 29.4417 6.88326 -15.3031 2.48353 62.3301
1001774 20.8002 5.20487 29.4417 6.88326 -15.3031 2.48353 62.3301
1001783 20.7714 6.06112 29.3002 7.29954 -14.4686 2.3097 63.4323
1001795 20.5789 6.91737 28.6534 7.54157 -13.6492 2.04862 63.6913
1001801 20.5789 6.91737 28.6534 7.54157 -13.6492 2.04862 63.6913
1001809 20.223 7.74477 27.5719 7.61902 -12.8372 1.71549 63.1587
1001818 20.223 7.74477 27.5719 7.61902 -12.8372 1.71549 63.1587
1001840 19.6938 8.39898 26.5006 7.61902 -12.1264 1.45312 62.2124
1001844 19.0396 8.76457 25.3888 7.54157 -11.5759 1.26605 60.7346
1001853 19.0396 8.76457 25.3888 7.54157 -11.5759 1.26605 60.7346
1001862 18.5778 8.93775 24.4489 7.50285 -11.1768 1.11897 59.4673
1001872 17.9621 9.12054 23.8222 8.04499 -10.4406 1.21746 58.9499
1001884 17.9621 9.12054 23.8222 8.04499 -10.4406 1.21746 58.9499
1001891 17.481 9.24561 23.7212 9.3713 -9.43899 1.59626 59.8191
1001917 16.8937 9.42841 23.6908 11.3269 -8.08172 2.12642 61.3398
1001928 16.0432 9.58234 23.3573 13.3018 -6.62938 2.65721 62.2847
1001943 15.1154 9.64969 22.3769 14.7927 -5.26762 3.00426 61.9347
1001952 14.0523 9.89021 21.1136 15.7511 -3.91586 3.18766 60.8072
1001961 14.0523 9.89021 21.1136 15.7511 -3.91586 3.18766 60.8072
1001974 13.1825 9.98642 19.5773 16.5934 -2.60365 3.28662 59.3396
1001981 13.1825 9.98642 19.5773 16.5934 -2.60365 3.28662 59.3396
1001991 12.3223 10.1404 17.94 17.5114 -1.12692 3.36411 57.914
1002001 12.0517 10.4963 16.322 18.756 0.381133 3.26153 57.626
1002021 11.9164 10.8908 14.9661 20.3286 1.86607 3.22385 58.1019
1002041 11.6748 11.2852 13.944 22.4608 3.42256 3.39717 59.3649
1002056 11.3366 11.7085 13.4786 24.786 4.76248 3.7236 61.3097
1002066 11.3366 11.7085 13.4786 24.786 4.76248 3.7236 61.3097
1002073 10.834 12.026 13.4381 27.2656 5.90728 4.21081 63.5637
1002082 10.0512 12.1415 13.5089 29.639 6.97133 4.81063 65.3406
1002091 10.0512 12.1415 13.5089 29.639 6.97133 4.81063 65.3406
1002112 9.00739 12.2666 13.6101 31.1731 7.88035 5.33839 66.0572
1002119 7.70267 12.103 13.3976 32.2633 8.8847 5.92408 65.4666
1002134 7.70267 12.103 13.3976 32.2633 8.8847 5.92408 65.4666
1002138 6.15634 11.8144 13.0131 32.958 10.0103 6.56856 63.9418
1002147 6.15634 11.8144 13.0131 32.958 10.0103 6.56856 63.9418
1002156 4.68732 11.4969 12.5476 33.2667 11.1005 7.16875 61.9986
1002164 3.39227 11.1794 12.2137 33.4597 12.0479 7.7438 60.2451
1002173 3.39227 11.1794 12.2137 33.4597 12.0479 7.7438 60.2451
1002182 2.30984 10.8523 11.981 33.7491 12.867 8.29515 58.8922
1002202 1.58499 10.6503 11.8089 33.9035 13.4431 8.66571 57.9477
1002208 1.58499 10.6503 11.8089 33.9035 13.4431 8.66571 57.9477
1002217 1.17908 10.6118 11.9607 34 13.6239 8.87505 57.7516
1002226 1.17908 10.6118 11.9607 34 13.6239 8.87505 57.7516
1002236 0.995452 10.5829 12.0315 34 13.6938 8.97064 57.6099
1002248 1.03411 10.5829 11.9708 34 13.7086 8.94819 57.5879
1002256 1.03411 10.5829 11.9708 34 13.7086 8.94819 57.5879
1002264 1.07277 10.5252 11.9708 34 13.6713 8.95613 57.5688
1002282 1.07277 10.5829 11.9405 34 13.703 8.92893 57.5962
1002294 1.07277 10.5829 11.9405 34 13.703 8.92893 57.5962
1002301 1.13076 10.6984 11.8798 34 13.7275 8.85062 57.7089
1002309 1.15009 10.6984 11.7077 34 13.8302 8.82424 57.5562
1002318 1.15009 10.8234 11.7077 33.8263 13.8208 8.75377 57.5076
1002327 1.2564 11.1024 11.5256 33.3536 13.8343 8.5224 57.238
1002340 1.2564 11.1024 11.5256 33.3536 13.8343 8.5224 57.238
1002346 1.59466 11.5258 11.5863 33.2474 13.6281 8.20822 57.9542
1002362 2.47413 12.0357 12.0012 33.3343 12.906 7.72635 59.8453
1002371 2.47413 12.0357 12.0012 33.3343 12.906 7.72635 59.8453
1002379 3.59522 12.6418 12.1732 32.8036 12.1202 7.04249 61.2138
1002388 4.90961 12.6418 12.2339 31.7423 11.0684 6.4422 61.5276
1002397 4.90961 13.2286 12.2339 31.7423 11.2001 6.23961 62.1145
1002409 6.14667 13.6135 12.1935 30.3144 10.2732 5.47979 62.268
1002424 6.14667 13.6135 12.1935 30.3144 10.2732 5.47979 62.268
1002433 7.39341 13.9213 11.981 28.5874 9.346 4.66693 61.8831
1002442 8.69812 14.1522 11.7583 26.5902 8.28692 3.79865 61.1989
1002456 8.69812 14.1522 11.7583 26.5902 8.28692 3.79865 61.1989
1002459 9.96418 14.3831 11.4952 24.6799 7.27152 2.93143 60.5225
1002468 11.1529 14.6044 11.4649 22.8854 6.18556 2.14438 60.1076
1002487 11.1529 14.6044 11.4649 22.8854 6.18556 2.14438 60.1076
1002502 12.158 14.768 11.6976 21.2066 5.06387 1.49879 59.8302
1002507 12.158 14.768 11.6976 21.2066 5.06387 1.49879 59.8302
1002516 13.0279 14.7487 12.1732 19.5375 3.81809 0.991999 59.4873
1002525 13.917 14.8161 12.8714 18.0131 2.5331 0.541304 59.6176
1002533 13.917 14.8161 12.8714 18.0131 2.5331 0.541304 59.6176
1002542 14.9221 14.7487 13.6405 16.5256 1.13298 0.124152 59.8369
1002551 15.8016 14.7006 14.1161 14.8798 -0.141685 -0.379752 59.4981
1002559 15.8016 14.7006 14.1161 14.8798 -0.141685 -0.379752 59.4981
1002577 16.8164 14.6621 14.45 13.389 -1.35512 -0.920361 59.3175
1002586 16.8164 14.6621 14.45 13.389 -1.35512 -0.920361 59.3175
1002596 17.7408 14.5467 14.6726 11.7432 -2.60785 -1.50035 58.7033
1002606 18.6355 14.4793 15.0673 10.2426 -3.84292 -2.00387 58.4247
1002619 18.6355 14.4793 15.0673 10.2426 -3.84292 -2.00387 58.4247
1002624 19.6072 14.3831 15.7655 9.08087 -5.06007 -2.33121 58.8367
1002633 20.4924 14.3831 16.7673 8.13212 -6.16663 -2.50342 59.7749
1002643 20.4924 14.2677 16.7673 8.13212 -6.22694 -2.47924 59.6594
1002651 21.3967 14.0175 17.94 7.57061 -7.28296 -2.43834 60.9248
1002668 21.3967 14.0175 17.94 7.57061 -7.28296 -2.43834 60.9248
1002677 22.0894 13.6038 19.173 7.36731 -8.15125 -2.20611 62.2336
1002690 22.7436 13.017 20.2342 7.14465 -9.03406 -1.99124 63.1395
1002694 22.7436 13.017 20.2342 7.14465 -9.03406 -1.99124 63.1395
1002703 23.1381 12.382 21.0327 6.8639 -9.82584 -1.80319 63.4167
1002714 23.3979 11.4199 21.6088 6.63155 -10.6866 -1.56461 63.0581
1002722 23.3979 11.4199 21.6088 6.63155 -10.6866 -1.56461 63.0581
1002738 23.4652 10.4675 22.104 6.30239 -11.5495 -1.32972 62.3391
1002752 23.4652 10.4675 22.104 6.30239 -11.5495 -1.32972 62.3391
1002754 23.3979 9.27448 22.6195 5.89579 -12.6035 -1.01909 61.1876
1002763 23.5325 8.14884 23.1451 5.58599 -13.6324 -0.732546 60.4124
1002773 23.5325 8.14884 23.1451 5.58599 -13.6324 -0.732546 60.4124
1002786 23.5614 7.06169 23.5898 5.30524 -14.6108 -0.435517 59.5181
1002793 23.5133 6.15733 24.1356 5.18907 -15.3836 -0.0879756 58.9952
1002803 23.5133 6.15733 24.1356 5.18907 -15.3836 -0.0879756 58.9952
1002813 23.5422 5.50311 24.8329 5.24715 -15.9089 0.262531 59.1254
1002835 23.5422 5.50311 24.8329 5.24715 -15.9089 0.262531 59.1254
1002839 23.648 5.03169 25.4394 5.28588 -16.3159 0.516511 59.4049
1002848 23.6961 4.87776 25.9346 5.36333 -16.4475 0.682476 59.8718
1002859 23.6961 4.87776 25.9346 5.36333 -16.4475 0.682476 59.8718
1002866 23.4844 4.81041 26.0761 5.42141 -16.4439 0.803447 59.7924
1002876 23.2343 4.72383 26.1165 5.48918 -16.4268 0.918574 59.5638
1002894 23.2343 4.72383 26.1165 5.48918 -16.4268 0.918574 59.5638
1002896 22.8206 4.68534 26.0963 5.41173 -16.4452 1.01724 59.014
1002908 22.8206 4.68534 26.0963 5.41173 -16.4452 1.01724 59.014
1002916 22.3492 4.54103 25.9649 5.48918 -16.4043 1.17335 58.3443
1002933 21.974 4.39672 25.6314 5.3246 -16.5211 1.19978 57.3267
1002942 21.974 4.39672 25.6314 5.3246 -16.5211 1.19978 57.3267
1002955 21.5699 4.28127 25.3585 5.31492 -16.5115 1.27969 56.5246
1002959 21.4737 4.36786 25.2574 5.45046 -16.3188 1.29082 56.5494
1002968 21.4737 4.36786 25.2574 5.45046 -16.3188 1.29082 56.5494
1002978 21.7527 5.34918 25.6011 5.89579 -15.4051 1.12502 58.5987
1002987 21.7527 5.34918 25.6011 5.89579 -15.4051 1.12502 58.5987
1003004 22.1471 6.5614 25.8841 6.44761 -14.3439 0.890347 61.0402
1003009 22.2722 7.69666 25.6112 6.94134 -13.2936 0.619862 62.5214
1003019 22.2722 7.69666 25.6112 6.94134 -13.2936 0.619862 62.5214
1003028 22.0317 8.71647 24.9239 7.35763 -12.2488 0.364916 63.0297
1003051 21.7431 10.0922 23.8323 7.73519 -10.9411 -0.063352 63.4029
1003056 21.7431 10.0922 23.8323 7.73519 -10.9411 -0.063352 63.4029
1003074 21.2909 11.6123 22.6599 8.13212 -9.50085 -0.497175 63.6953
1003083 20.6174 12.6129 21.1843 8.2967 -8.32869 -0.896808 62.7113
1003092 19.867 13.3826 19.6076 8.30638 -7.26971 -1.30852 61.1636
1003107 19.867 13.3826 19.6076 8.30638 -7.26971 -1.30852 61.1636
1003109 19.232 14.0849 18.1219 8.2967 -6.26609 -1.73222 59.7355
1003132 18.4527 14.7199 17.0505 8.54841 -5.20448 -1.93299 58.7715
1003133 18.4527 14.7199 17.0505 8.54841 -5.20448 -1.93299 58.7715
1003141 17.8466 15.0951 16.322 8.98405 -4.33043 -1.96633 58.2478
1003156 17.8466 15.0951 16.322 8.98405 -4.33043 -1.96633 58.2478
1003161 17.1828 15.6338 15.725 9.82631 -3.18996 -1.86712 58.368
1003171 16.5651 16.0187 15.4518 11.201 -2.02459 -1.50185 59.2366
1003181 16.5651 16.0187 15.4518 11.201 -2.02459 -1.50185 59.2366
1003191 15.8789 16.2881 15.0875 12.9727 -0.708023 -1.02283 60.2271
1003207 15.1347 16.3169 14.6827 14.9573 0.596127 -0.444814 61.0917
1003211 15.1347 16.3169 14.6827 14.9573 0.596127 -0.444814 61.0917
1003232 14.4002 16.1822 13.8226 16.7289 1.91723 -0.00758529 61.134
1003238 14.4002 16.1822 13.8226 16.7289 1.91723 -0.00758529 61.134
1003248 13.7237 16.0091 13.0738 18.3121 3.07749 0.405734 61.1187
1003258 13.4144 15.9802 12.1631 19.5857 4.08399 0.577533 61.1434
1003267 13.4144 15.9802 12.1631 19.5857 4.08399 0.577533 61.1434
1003281 13.0085 15.9225 11.5863 20.8014 4.94506 0.845586 61.3187
1003285 12.6509 15.8455 11.2018 21.8337 5.61761 1.10651 61.5319
1003293 12.6509 15.8455 11.2018 21.8337 5.61761 1.10651 61.5319
1003305 12.245 15.5665 11.1714 22.5959 5.98661 1.45078 61.5789
1003319 12.245 15.5665 11.1714 22.5959 5.98661 1.45078 61.5789
1003329 11.6555 15.2201 11.4042 23.6862 6.39329 1.98851 61.966
1003337 10.9596 14.893 11.5762 24.9018 6.92236 2.55701 62.3307
1003354 10.9596 14.893 11.5762 24.9018 6.92236 2.55701 62.3307
1003356 10.1188 14.5852 11.7077 26.0403 7.52534 3.13297 62.452
1003366 9.14269 14.2388 11.8899 27.3524 8.20721 3.79906 62.6238
1003378 9.14269 14.2388 11.8899 27.3524 8.20721 3.79906 62.6238
1003383 8.06993 13.9213 11.9304 28.5102 8.9823 4.43267 62.4318
1003403 8.06993 13.9213 11.9304 28.5102 8.9823 4.43267 62.4318
1003409 6.88118 13.4499 11.981 29.4268 9.72425 5.12076 61.7388
1003418 5.65378 13.0843 11.8393 30.1793 10.604 5.74764 60.7567
1003436 4.4747 12.6129 11.8798 30.9222 11.3462 6.44045 59.8896
1003452 3.43093 12.2762 11.981 31.8388 12.0547 7.08403 59.5269
1003463 3.43093 12.2762 11.981 31.8388 12.0547 7.08403 59.5269
1003479 2.6481 12.0838 12.0012 32.4274 12.619 7.52954 59.1604
1003482 2.6481 12.0838 12.0012 32.4274 12.619 7.52954 59.1604
1003491 2.09721 11.8913 12.0417 32.8905 13.0018 7.8776 58.9207
1003506 1.91359 11.9491 12.2238 33.3439 13.1059 8.00224 59.4304
1003510 1.91359 11.9491 12.2238 33.3439 13.1059 8.00224 59.4304
1003517 1.88459 12.0357 12.244 33.4115 13.1423 7.99031 59.5758
1003532 1.91359 11.9779 12.1732 33.2474 13.1249 7.97369 59.3122
1003558 1.94258 11.901 12.0214 32.7361 13.0855 7.91299 58.6011
1003561 1.94258 11.901 12.0214 32.7361 13.0855 7.91299 58.6011
1003569 1.83627 11.8529 11.7887 32.3019 13.2096 7.89243 57.7797
1003584 1.83627 11.747 11.6774 31.9835 13.1965 7.88139 57.2442
1003589 1.83627 11.747 11.6774 31.9835 13.1965 7.88139 57.2442
1003599 1.78795 11.6989 11.6976 31.9739 13.2033 7.92131 57.1584
1003609 1.95225 11.8144 11.7786 32.0897 13.0881 7.83422 57.6349
1003617 1.95225 11.8144 11.7786 32.0897 13.0881 7.83422 57.6349
1003635 2.29051 12.0357 12.0821 32.2344 12.7456 7.67113 58.6427
1003643 2.29051 12.0357 12.0821 32.2344 12.7456 7.67113 58.6427
1003652 3.04434 12.2377 12.406 32.1669 12.0935 7.34045 59.8548
1003661 3.98181 12.459 12.6488 31.7809 11.3393 6.89717 60.8705
1003669 3.98181 12.459 12.6488 31.7809 11.3393 6.89717 60.8705
1003686 5.22854 12.7284 12.8006 31.1345 10.435 6.29602 61.892
1003688 6.66856 12.94 12.9827 30.189 9.34916 5.62991 62.7803
1003712 6.66856 12.94 12.9827 30.189 9.34916 5.62991 62.7803
1003714 8.34053 13.2383 12.9321 28.7128 8.17668 4.76075 63.2238
1003719 8.34053 13.2383 12.7095 28.7128 8.29391 4.72457 63.0011
1003729 9.79989 13.3152 12.7095 26.9376 7.0677 3.9511 62.7622
1003740 11.1819 13.4211 12.4565 24.8439 5.90698 3.07677 61.9035
1003749 11.1819 13.4211 12.4565 24.8439 5.90698 3.07677 61.9035
1003767 12.3997 13.2767 12.1833 22.7117 4.70743 2.28291 60.5714
1003776 13.4434 13.142 12.072 20.7242 3.51572 1.56885 59.3817
1003791 13.4434 13.142 12.072 20.7242 3.51572 1.56885 59.3817
1003794 14.4002 12.9977 12.2036 18.891 2.25882 0.947977 58.4926
1003803 15.444 12.863 12.7905 17.3184 0.833231 0.46267 58.4159
1003817 15.444 12.863 12.7905 17.3184 0.833231 0.46267 58.4159
1003823 16.4298 12.7765 13.6911 15.8092 -0.653751 0.0751323 58.7065
1003832 16.4298 12.7765 13.6911 15.8092 -0.653751 0.0751323 58.7065
1003849 17.4041 12.5744 14.6423 14.2506 -2.21727 -0.27662 58.8713
1003858 18.193 12.382 15.4923 12.6822 -3.66855 -0.612896 58.7495
1003871 18.193 12.382 15.4923 12.6822 -3.66855 -0.612896 58.7495
1003877 18.9819 12.3147 16.1601 11.0655 -5.02453 -1.04343 58.5222
1003886 19.8189 12.2473 17.0606 9.61333 -6.39209 -1.37697 58.7402
1003898 19.8189 12.2473 17.0606 9.61333 -6.39209 -1.37697 58.7402
1003903 20.704 12.3243 18.3948 8.40319 -7.67695 -1.56211 59.8263
1003929 20.704 12.3243 18.3948 8.40319 -7.67695 -1.56211 59.8263
1003931 21.5218 12.459 19.6278 7.70615 -8.55606 -1.62607 61.3147
1003941 22.1856 12.4493 21.063 7.34795 -9.29931 -1.48083 63.0459
1003953 22.1856 12.4493 21.063 7.34795 -9.29931 -1.48083 63.0459
1003960 22.6378 12.1511 22.0737 7.32859 -9.82683 -1.25872 64.1912
1003968 22.8014 11.6316 22.8115 7.20273 -10.3878 -1.02844 64.4472
1003981 22.8014 11.6316 22.8115 7.20273 -10.3878 -1.02844 64.4472
1003986 22.5801 10.8715 23.3068 6.97039 -11.0017 -0.747178 63.7288
1003994 22.5801 10.8715 23.3068 6.97039 -11.0017 -0.747178 63.7288
1004012 22.3877 9.85173 23.7717 6.68964 -11.8093 -0.425366 62.7007
1004021 21.9932 8.77419 24.2771 6.45729 -12.617 -0.00806451 61.5017
1004034 21.9932 8.77419 24.2771 6.45729 -12.617 -0.00806451 61.5017
1004038 21.5891 7.57159 24.8532 6.16686 -13.5857 0.463425 60.1807
1004047 21.2139 6.57102 25.6112 6.06036 -14.3776 0.98053 59.4565
1004064 21.2139 6.57102 25.6112 6.06036 -14.3776 0.98053 59.4565
1004073 20.8291 5.58008 26.6219 6.07005 -15.1439 1.59458 59.1011
1004092 20.5789 4.77193 27.7438 6.13781 -15.7907 2.16031 59.2324
1004101 20.4539 4.23316 28.7545 6.32175 -16.1694 2.60758 59.7633
1004114 20.4539 4.23316 28.7545 6.32175 -16.1694 2.60758 59.7633
1004118 20.3096 3.88681 29.4518 6.42825 -16.4151 2.91721 60.0765
1004127 20.1941 3.78098 29.7348 6.50569 -16.4585 3.05538 60.2156
1004144 20.1941 3.78098 29.7348 6.50569 -16.4585 3.05538 60.2156
1004153 20.0306 3.71364 29.6641 6.50569 -16.4717 3.11086 59.914
1004170 20.0306 3.71364 29.6641 6.50569 -16.4717 3.11086 59.914
1004172 19.7708 3.68478 29.3912 6.43793 -16.4626 3.13071 59.2847
1004179 19.6169 3.60781 29.0476 6.30239 -16.5405 3.10508 58.5746
1004198 19.6169 3.60781 29.0476 6.30239 -16.5405 3.10508 58.5746
1004200 19.4341 3.54046 28.7342 6.18622 -16.5997 3.09507 57.895
1004227 19.4629 3.57895 28.6231 6.18622 -16.5601 3.05113 57.8512
1004237 19.6361 3.56933 28.613 6.13781 -16.6255 2.98812 57.9562
1004254 19.6938 3.65591 28.6837 6.26367 -16.4922 2.9841 58.2971
1004263 19.944 4.11771 28.5725 6.45729 -16.052 2.78419 59.0915
1004281 19.944 4.11771 28.5725 6.45729 -16.052 2.78419 59.0915
1004283 19.944 4.82003 28.0874 6.64123 -15.3675 2.5124 59.4926
1004289 20.0402 5.62818 27.6629 6.94134 -14.5728 2.22387 60.2726
1004309 20.0402 5.62818 27.6629 6.94134 -14.5728 2.22387 60.2726
1004316 20.2422 6.81154 27.2889 7.45444 -13.4574 1.8665 61.7971
1004324 20.2422 6.81154 27.2889 7.45444 -13.4574 1.8665 61.7971
1004337 20.3673 8.25467 26.6017 7.89977 -12.2041 1.39714 63.1234
1004343 20.3865 9.70741 25.4697 8.15148 -10.9854 0.830387 63.7151
1004353 20.3865 9.70741 25.4697 8.15148 -10.9854 0.830387 63.7151
1004365 20.1556 10.8715 24.0143 8.17084 -9.93775 0.274774 63.2123
1004372 19.7612 11.6412 22.5488 8.18052 -9.04861 -0.162503 62.1317
1004392 19.7612 11.6412 22.5488 8.18052 -9.04861 -0.162503 62.1317
1004401 19.3667 12.2473 21.0731 8.1418 -8.24062 -0.591603 60.829
1004407 19.3667 12.2473 21.0731 8.1418 -8.24062 -0.591603 60.829
1004421 18.9049 12.7668 19.9007 8.10308 -7.51385 -0.921978 59.6755
1004424 18.4624 13.1805 18.9203 8.26765 -6.77132 -1.13586 58.8309
1004433 18.4624 13.1805 18.9203 8.26765 -6.77132 -1.13586 58.8309
1004451 18.0775 13.5365 18.1724 8.53872 -6.07573 -1.26092 58.3252
1004459 17.7312 13.931 17.7277 9.32289 -5.19693 -1.17816 58.7127
1004477 17.7312 13.931 17.7277 9.32289 -5.19693 -1.17816 58.7127
1004479 17.4426 14.2292 17.5155 10.6395 -4.21605 -0.881741 59.8267
1004487 17.0577 14.5178 17.3436 12.3144 -3.09029 -0.469733 61.2335
1004504 17.0577 14.5178 17.3436 12.3144 -3.09029 -0.469733 61.2335
1004506 16.5554 14.5852 16.7268 13.8052 -1.98297 -0.148017 61.6726
1004514 16.5554 14.5852 16.7268 13.8052 -1.98297 -0.148017 61.6726
1004532 15.8789 14.6237 15.9071 15.0735 -0.849392 0.116628 61.4832
1004541 15.0574 14.614 14.6625 16.119 0.418979 0.275438 60.453
1004560 15.0574 14.614 14.6625 16.119 0.418979 0.275438 60.453
1004562 14.4486 14.7872 13.3571 17.0482 1.68917 0.294165 59.6411
1004567 14.004 14.9892 12.2744 18.0613 2.85365 0.339414 59.3289
1004576 14.004 14.9892 12.2744 18.0613 2.85365 0.339414 59.3289
1004589 13.5691 15.1624 11.5054 19.3638 3.96464 0.537996 59.6006
1004596 13.5691 15.1624 11.5054 19.3638 3.96464 0.537996 59.6006
1004606 13.1632 15.528 11.2929 21.0329 4.95965 0.893506 61.0169
1004623 12.5833 15.7685 11.4345 22.6924 5.77921 1.38649 62.4787
1004645 11.8101 15.7878 11.6774 24.5738 6.60701 2.0329 63.8491
1004649 10.6117 15.7204 11.7786 26.0499 7.55139 2.68771 64.1607
1004658 10.6117 15.7204 11.7786 26.0499 7.55139 2.68771 64.1607
1004673 9.14269 15.3741 11.6673 27.1884 8.58123 3.39396 63.3725
1004684 9.14269 15.3741 11.6673 27.1884 8.58123 3.39396 63.3725
1004702 7.39341 14.8642 11.5458 28.3655 9.76792 4.25946 62.1689
1004704 5.82774 14.3447 11.5863 29.4268 10.7695 5.10923 61.1855
1004713 5.82774 14.3447 11.5863 29.4268 10.7695 5.10923 61.1855
1004731 4.35873 13.8444 11.556 30.4012 11.7731 5.9227 60.1603
1004735 3.18931 13.3922 11.5762 31.231 12.5688 6.62391 59.3887
1004741 3.18931 13.3922 11.5762 31.231 12.5688 6.62391 59.3887
1004761 2.55145 13.1324 11.7179 31.8678 12.9623 7.06141 59.2695
1004763 2.55145 13.1324 11.7179 31.8678 12.9623 7.06141 59.2695
1004789 2.19386 12.8246 11.8798 32.3791 13.129 7.39924 59.2773
1004791 2.06822 12.4878 11.9607 32.601 13.1348 7.61336 59.1178
1004803 1.91359 12.2473 12.0821 32.8808 13.1641 7.81463 59.1239
1004819 1.88459 12.0068 12.072 32.9291 13.1508 7.92369 58.8925
1004821 1.88459 12.0068 12.072 32.9291 13.1508 7.92369 58.8925
1004831 1.75895 11.9972 11.981 32.8133 13.2666 7.95164 58.5504
1004849 1.75895 11.9972 11.981 32.8133 13.2666 7.95164 58.5504
1004851 1.72996 11.8625 11.7381 32.3116 13.3175 7.92578 57.6421
1004879 1.76862 11.9394 11.5762 31.9257 13.337 7.8117 57.2099
1004881 1.76862 11.9394 11.5762 31.9257 13.337 7.8117 57.2099
1004886 1.84594 12.0549 11.4345 31.5108 13.3189 7.66397 56.8461
1004894 2.10688 12.2281 11.6369 31.5204 13.0473 7.51989 57.4923
1004908 2.10688 12.2281 11.6369 31.5204 13.0473 7.51989 57.4923
1004912 2.76407 12.6033 11.9101 31.588 12.5358 7.16823 58.8654
1004937 3.83684 12.9111 12.2036 31.3275 11.6949 6.66477 60.279
1004939 3.83684 12.9111 12.2036 31.3275 11.6949 6.66477 60.279
1004947 4.99659 13.1709 12.4667 30.8065 10.7885 6.12924 61.4406
1004966 4.99659 13.1709 12.4667 30.8065 10.7885 6.12924 61.4406
1004968 6.166 13.3345 12.5982 29.8513 9.85535 5.55667 61.95
1004976 7.46106 13.4211 12.6286 28.6646 8.84436 4.92424 62.1753
1004995 7.46106 13.4211 12.6286 28.6646 8.84436 4.92424 62.1753
1004995 8.9784 13.3922 12.6083 27.1788 7.63551 4.20299 62.1577
1005011 10.5537 13.4403 12.5274 25.2974 6.33164 3.35596 61.8188
1005025 10.5537 13.4403 12.5274 25.2974 6.33164 3.35596 61.8188
1005028 11.9454 13.4884 12.2339 23.2906 5.16731 2.48301 60.9583
1005037 11.9454 13.4884 12.2339 23.2906 5.16731 2.48301 60.9583
1005055 12.9119 13.3537 12.3958 21.2838 3.89095 1.8552 59.9452
1005057 13.772 13.1998 13.0232 19.4989 2.48067 1.39937 59.4939
1005072 13.772 13.1998 13.0232 19.4989 2.48067 1.39937 59.4939
1005086 14.5549 13.1132 14.4601 17.849 0.811657 1.16072 59.9772
1005090 15.2507 12.9593 16.2006 16.2836 -0.909665 1.05634 60.6942
1005099 15.2507 12.9593 16.2006 16.2836 -0.909665 1.05634 60.6942
1005116 15.7823 12.6802 17.6671 14.4442 -2.61041 0.903543 60.5738
1005119 15.7823 12.6802 17.6671 14.4442 -2.61041 0.903543 60.5738
1005131 16.0915 12.4012 18.89 12.75 -4.08691 0.785072 60.1328
1005146 16.4491 11.8625 19.8704 11.1139 -5.62566 0.676106 59.2959
1005161 16.8067 11.4873 21.0731 9.89408 -6.96008 0.676639 59.2612
1005176 17.279 11.2467 22.3668 9.14863 -8.01552 0.746915 60.0412
1005180 17.279 11.2467 22.3668 9.14863 -8.01552 0.746915 60.0412
1005192 17.8563 10.9677 23.7414 8.77107 -8.90939 0.902023 61.3364
1005206 17.8563 10.9677 23.7414 8.77107 -8.90939 0.902023 61.3364
1005210 18.2122 10.6984 25.0654 8.6549 -9.54975 1.15192 62.6309
1005218 18.5105 10.1885 26.0357 8.56777 -10.1852 1.39912 63.3024
1005237 18.5105 10.1885 26.0357 8.56777 -10.1852 1.39912 63.3024
1005244 18.6067 9.48613 26.5107 8.27734 -10.8753 1.59712 62.8808
1005253 18.6259 8.78381 26.915 8.00626 -11.5315 1.80765 62.331
1005267 18.6259 8.78381 26.915 8.00626 -11.5315 1.80765 62.331
1005273 18.6067 7.96604 27.3496 7.81264 -12.2206 2.08703 61.7349
1005282 18.6067 7.96604 27.3496 7.81264 -12.2206 2.08703 61.7349
1005299 18.4624 7.12903 27.8751 7.54157 -12.9765 2.41574 61.0081
1005300 18.2315 6.13809 28.5119 7.34795 -13.8044 2.86163 60.2294
1005308 18.2315 6.13809 28.5119 7.34795 -13.8044 2.86163 60.2294
1005329 18.039 5.24335 29.2194 7.18337 -14.5898 3.29739 59.6852
1005334 17.8851 4.47368 29.9875 7.23178 -15.1764 3.74143 59.5781
1005343 17.8851 4.47368 29.9875 7.23178 -15.1764 3.74143 59.5781
1005359 17.6831 3.9253 30.786 7.17369 -15.6838 4.11746 59.568
1005361 17.6831 3.9253 30.786 7.17369 -15.6838 4.11746 59.568
1005371 17.6638 3.41539 31.5238 7.25114 -16.0896 4.4347 59.8542
1005391 17.6927 3.15563 31.9988 7.32859 -16.2887 4.60628 60.1757
1005392 17.6927 3.15563 31.9988 7.32859 -16.2887 4.60628 60.1757
1005421 17.7216 3.03056 32.1504 7.28986 -16.4271 4.65711 60.1924
1005422 17.837 3.05942 31.8775 7.19305 -16.4516 4.54604 59.967
1005426 17.837 3.05942 31.8775 7.19305 -16.4516 4.54604 59.967
1005434 18.0294 3.05942 31.3014 7.07688 -16.4774 4.36109 59.4672
1005452 18.1449 3.10753 30.5636 6.76708 -16.5721 4.11679 58.5831
1005469 18.2507 3.19411 29.6944 6.51538 -16.5796 3.8414 57.6546
1005485 18.2507 3.19411 29.6944 6.51538 -16.5796 3.8414 57.6546
1005487 18.4046 3.20374 29.0678 6.32175 -16.644 3.62675 56.9979
1005496 18.6067 3.19411 28.997 6.27335 -16.7056 3.54021 57.0712
1005514 18.6067 3.19411 28.997 6.27335 -16.7056 3.54021 57.0712
1005516 18.6163 3.29032 29.2295 6.41856 -16.5655 3.58132 57.5547
1005526 18.6933 3.33843 29.7045 6.61219 -16.4731 3.67234 58.3484
1005547 18.6933 3.33843 29.7045 6.61219 -16.4731 3.67234 58.3484
1005548 19.0492 3.86757 30.1694 6.87358 -16.043 3.53392 59.9598
1005561 19.0492 3.86757 30.1694 6.87358 -16.043 3.53392 59.9598
1005578 19.3186 4.42558 30.2503 7.23178 -15.4801 3.36568 61.2263
1005580 19.5399 5.07018 30.1391 7.53189 -14.8829 3.14564 62.2811
1005587 19.5399 5.07018 30.1391 7.53189 -14.8829 3.14564 62.2811
1005609 19.6553 6.07074 29.5327 7.79328 -14.0059 2.7596 63.0521
1005610 19.7997 7.29259 28.3805 7.87073 -13.0309 2.16888 63.3435
1005622 19.7997 7.29259 28.3805 7.87073 -13.0309 2.16888 63.3435
1005639 19.7131 8.45671 26.915 7.90945 -12.0098 1.58459 62.9942
1005639 19.7131 8.45671 26.915 7.90945 -12.0098 1.58459 62.9942
1005649 19.5495 9.39955 25.2776 7.87073 -11.0942 1.01437 62.0974
1005669 19.3571 10.1981 23.5392 7.69647 -10.2819 0.414666 60.7909
1005671 19.3571 10.1981 23.5392 7.69647 -10.2819 0.414666 60.7909
1005677 19.1358 10.7946 21.9019 7.53189 -9.56438 -0.125479 59.3642
1005702 18.8376 11.4873 20.4465 7.37699 -8.77919 -0.645254 58.1483
1005706 18.8376 11.4873 20.4465 7.37699 -8.77919 -0.645254 58.1483
1005712 18.7029 12.0164 19.365 7.36731 -8.1304 -1.04095 57.4517
1005733 18.7029 12.0164 19.365 7.36731 -8.1304 -1.04095 57.4517
1005734 18.6355 12.4975 18.4958 7.41572 -7.54595 -1.37299 57.0445
1005738 18.5393 12.9015 17.9703 7.79328 -6.91153 -1.48869 57.2044
1005765 18.5393 12.9015 17.9703 7.79328 -6.91153 -1.48869 57.2044
1005767 18.4624 13.4788 17.6772 8.86788 -5.89578 -1.38394 58.4862
1005774 18.2699 13.8829 17.758 10.9784 -4.58487 -0.841632 60.8892
1005797 18.2699 13.8829 17.758 10.9784 -4.58487 -0.841632 60.8892
1005799 17.9428 14.1811 17.5256 13.5245 -3.072 -0.254983 63.174
1005803 17.9428 14.1811 17.5256 13.5245 -3.072 -0.254983 63.174
1005812 17.4041 14.3254 16.5244 15.6543 -1.54469 0.105445 63.9082
1005829 16.5651 14.3735 14.7232 17.2701 0.141165 0.251403 62.932
1005831 16.5651 14.3735 14.7232 17.2701 0.141165 0.251403 62.932
1005861 15.676 14.5178 12.9827 18.6981 1.84131 0.360494 61.8746
1005863 14.6225 14.7583 11.8899 20.0006 3.36476 0.61438 61.2713
1005873 13.5884 14.8738 11.3536 21.1294 4.53736 0.989603 60.9452
1005897 13.5884 14.8738 11.3536 21.1294 4.53736 0.989603 60.9452
1005898 12.5736 14.97 11.1613 22.4222 5.58562 1.48214 61.1272
1005901 11.4525 15.047 11.1512 23.8019 6.60882 2.06345 61.4526
1005911 11.4525 15.047 11.1512 23.8019 6.60882 2.06345 61.4526
1005930 10.4667 15.0181 11.3131 25.2395 7.44622 2.67606 62.0374
1005938 9.30699 14.9989 11.4952 26.706 8.36011 3.33452 62.5071
1005947 9.30699 14.9989 11.4952 26.706 8.36011 3.33452 62.5071
1005963 8.16657 15.0085 11.4851 27.9313 9.30163 3.89223 62.5915
1005965 7.11313 14.7872 11.5762 29.0891 10.0642 4.49886 62.5656
1005996 6.0307 14.6237 11.6369 29.996 10.8176 5.05205 62.2873
1005999 6.0307 14.6237 11.6369 29.996 10.8176 5.05205 62.2873
1006008 4.88061 14.3254 11.6976 30.874 11.5823 5.67332 61.7777
1006028 4.00114 14.1715 11.6875 31.3371 12.1819 6.09145 61.1972
1006030 4.00114 14.1715 11.6875 31.3371 12.1819 6.09145 61.1972
1006036 3.33428 14.0656 11.556 31.3757 12.6597 6.34785 60.3316
1006061 2.90904 13.8925 11.3637 31.1635 12.9715 6.50418 59.3287
1006063 2.90904 13.8925 11.3637 31.1635 12.9715 6.50418 59.3287
1006074 2.69642 13.7289 11.2119 30.7775 13.0952 6.56446 58.4148
1006075 2.69642 13.7289 11.2119 30.7775 13.0952 6.56446 58.4148
1006096 2.68675 13.6038 11.0702 30.4205 13.0957 6.54195 57.7814
1006102 2.6191 13.575 10.878 30.0346 13.1826 6.49272 57.1067
1006111 2.6191 13.575 10.878 30.0346 13.1826 6.49272 57.1067
1006131 2.59977 13.5461 10.8375 29.8224 13.1726 6.4731 56.8058
1006133 2.60944 13.5461 10.8173 29.668 13.1475 6.44315 56.6408
1006138 2.60944 13.5461 10.8173 29.668 13.1475 6.44315 56.6408
1006148 2.69642 13.5076 10.8071 29.639 13.0816 6.4189 56.6502
1006165 2.69642 13.5076 10.8071 29.639 13.0816 6.4189 56.6502
1006167 3.16998 13.6327 11.1208 29.5329 12.5638 6.22673 57.4564
1006177 4.43604 13.9117 11.2726 29.0795 11.6195 5.62292 58.6998
1006203 5.82774 14.0753 11.475 28.3462 10.5145 5.00254 59.7242
1006212 7.16146 14.1619 11.6268 27.3621 9.42418 4.39353 60.3122
1006233 7.16146 14.1619 11.6268 27.3621 9.42418 4.39353 60.3122
1006235 8.9494 14.3158 11.7887 26.0017 8.01704 3.56852 61.0556
1006238 8.9494 14.3158 11.7887 26.0017 8.01704 3.56852 61.0556
1006248 10.9403 14.412 11.819 24.3326 6.49764 2.63381 61.5039
1006266 12.8829 14.4312 11.7786 22.6442 5.02695 1.72715 61.7369
1006277 12.8829 14.4312 11.7786 22.6442 5.02695 1.72715 61.7369
1006301 14.5065 14.1907 11.8089 21.0136 3.6122 1.00584 61.5198
1006301 15.9562 14.1138 11.8089 19.1708 2.26022 0.223534 61.0497
1006303 15.9562 14.1138 11.8089 19.1708 2.26022 0.223534 61.0497
1006312 17.3945 13.8925 11.6369 17.2991 0.896755 -0.585557 60.2229
1006333 18.4816 13.6808 11.6673 15.6931 -0.325507 -1.21015 59.5227
1006339 18.4816 13.6808 11.6673 15.6931 -0.325507 -1.21015 59.5227
