1012617 11.8488 14.7102 12.5476 20.8689 4.66138 1.71507 59.9755
1012636 12.477 14.2292 12.6387 19.4796 3.65201 1.38006 58.8244
1012637 12.477 14.2292 12.6387 19.4796 3.65201 1.38006 58.8244
1012647 12.9409 13.7482 12.9827 18.2157 2.6086 1.16848 57.8874
1012667 13.2985 13.2383 13.8833 17.3184 1.46126 1.21193 57.7384
1012674 13.2985 13.2383 13.8833 17.3184 1.46126 1.21193 57.7384
1012688 13.8107 12.7572 15.8161 16.6612 -0.0882298 1.50122 59.0451
1012693 13.8107 12.7572 15.8161 16.6612 -0.0882298 1.50122 59.0451
1012702 14.2553 12.2281 17.9096 15.9641 -1.6455 1.83668 60.3571
1012711 14.5742 11.6604 19.6784 14.8605 -3.18051 2.04963 60.7735
1012720 14.5742 11.6604 19.6784 14.8605 -3.18051 2.04963 60.7735
1012738 14.6612 11.0736 20.9316 13.3502 -4.65246 2.13619 60.0166
1012739 14.8835 10.7849 22.5083 12.1595 -5.9862 2.23731 60.3362
1012752 14.8835 10.7849 22.5083 12.1595 -5.9862 2.23731 60.3362
1012768 15.3087 10.631 24.2568 11.2882 -7.17511 2.34333 61.4847
1012770 15.3087 10.631 24.2568 11.2882 -7.17511 2.34333 61.4847
1012779 15.6856 10.3809 25.9851 10.8235 -8.13773 2.56273 62.8751
1012789 15.7339 9.75552 27.3597 10.6879 -8.91219 2.96476 63.5371
1012818 15.5793 8.97623 28.4917 10.6008 -9.62086 3.42594 63.648
1012827 15.299 7.95642 29.7854 10.4265 -10.5178 4.00752 63.4674
1012837 15.299 7.95642 29.7854 10.4265 -10.5178 4.00752 63.4674
1012846 15.1154 6.96548 30.8163 10.3491 -11.3118 4.52623 63.2463
1012856 15.1154 6.96548 30.8163 10.3491 -11.3118 4.52623 63.2463
1012863 14.7482 5.99377 31.5238 10.1651 -12.0585 5.03285 62.4309
1012872 14.4389 5.09904 32.0797 9.95216 -12.7771 5.4801 61.5698
1012882 14.4389 5.09904 32.0797 9.95216 -12.7771 5.4801 61.5698
1012892 14.1973 4.30051 32.5042 9.85535 -13.3696 5.8814 60.8573
1012902 13.888 3.75212 32.8882 9.82631 -13.7511 6.23177 60.3547
1012921 13.888 3.75212 32.8882 9.82631 -13.7511 6.23177 60.3547
1012922 13.6947 3.29032 33.4643 9.9328 -14.0505 6.56123 60.3822
1012933 13.6947 3.29032 33.4643 9.9328 -14.0505 6.56123 60.3822
1012943 13.5014 3.05942 33.8383 10.0103 -14.1824 6.77569 60.4094
1012953 13.3178 2.97284 33.9596 10.049 -14.2023 6.8951 60.2992
1012972 13.3178 2.97284 33.9596 10.049 -14.2023 6.8951 60.2992
1012974 13.0858 2.90549 33.6564 9.99089 -14.1879 6.95588 59.6386
1012983 12.9022 2.80928 33.2218 9.86503 -14.2222 6.98369 58.7983
1012993 12.9022 2.80928 33.2218 9.86503 -14.2222 6.98369 58.7983
1013012 12.8346 2.84776 32.7568 9.69077 -14.2151 6.90658 58.1299
1013021 12.8346 2.84776 32.7568 9.69077 -14.2151 6.90658 58.1299
1013029 12.7476 2.78042 32.3627 9.54556 -14.2699 6.88944 57.4362
1013041 12.7089 2.80928 32.0797 9.43907 -14.2628 6.83781 57.0369
1013049 12.7089 2.80928 32.0797 9.43907 -14.2628 6.83781 57.0369
1013059 12.8249 2.88625 32.0291 9.39066 -14.2555 6.74993 57.1309
1013087 12.9699 2.91511 31.9584 9.36162 -14.2695 6.66944 57.205
1013097 13.83 3.77136 32.3222 9.73918 -13.6776 6.14957 59.6628
1013116 13.83 3.77136 32.3222 9.73918 -13.6776 6.14957 59.6628
1013118 14.5065 4.76231 32.0797 10.0683 -12.9262 5.58784 61.4168
1013127 14.5065 4.76231 32.0797 10.0683 -12.9262 5.58784 61.4168
1013144 15.0671 5.8687 31.1195 10.2136 -12.0864 4.91352 62.2688
1013156 15.5117 6.96548 29.9673 10.3297 -11.2243 4.2581 62.7742
1013163 15.5117 6.96548 29.9673 10.3297 -11.2243 4.2581 62.7742
1013172 16.0915 8.50481 28.3401 10.4362 -10.0558 3.35633 63.3726
1013181 16.5361 10.1115 26.3288 10.32 -8.86043 2.37009 63.2964
1013189 16.5361 10.1115 26.3288 10.32 -8.86043 2.37009 63.2964
1013198 16.7004 11.4295 23.9637 10.1555 -7.66241 1.44322 62.2491
1013217 16.7004 11.4295 23.9637 10.1555 -7.66241 1.44322 62.2491
1013219 16.6134 12.4397 21.5785 9.75854 -6.62096 0.56728 60.3902
1013229 16.2462 13.3441 19.4863 9.63269 -5.43173 -0.120398 58.7093
1013239 16.2462 13.3441 19.4863 9.63269 -5.43173 -0.120398 58.7093
1013258 16.0045 14.133 17.6468 9.44875 -4.39852 -0.79725 57.2331
1013266 15.6856 14.9123 16.2006 9.54556 -3.29599 -1.29164 56.3441
1013274 15.6856 14.9123 16.2006 9.54556 -3.29599 -1.29164 56.3441
1013284 15.328 15.6242 15.047 9.85535 -2.19117 -1.62472 55.8546
1013294 15.328 15.6242 15.047 9.85535 -2.19117 -1.62472 55.8546
1013303 14.9801 16.24 14.2071 10.5233 -1.08308 -1.73981 55.9506
1013312 14.7385 16.8557 13.6911 12.1014 0.229797 -1.51649 57.3866
1013323 14.7385 16.8557 13.6911 12.1014 0.229797 -1.51649 57.3866
1013339 14.5065 17.3922 13.7417 14.9379 1.68458 -0.797111 60.5784
1013341 14.091 17.4018 13.9744 18.1481 2.94134 0.148496 63.6153
1013352 14.091 17.4018 13.9744 18.1481 2.94134 0.148496 63.6153
1013362 13.3854 17.0191 13.853 20.7049 4.03525 0.959002 64.9624
1013391 12.5156 16.5959 13.853 23.0108 5.01631 1.76253 65.9753
1013392 11.5878 16.3458 13.6607 24.6992 5.95701 2.35912 66.2935
1013402 11.5878 16.3458 13.6607 24.6992 5.95701 2.35912 66.2935
1013412 10.5537 16.1053 13.3268 25.4904 6.76396 2.78533 65.4761
1013430 9.47129 15.7397 12.7095 25.5675 7.5315 3.08706 63.488
1013439 9.47129 15.7397 12.7095 25.5675 7.5315 3.08706 63.488
1013451 8.3502 15.2971 12.1935 25.7123 8.31223 3.47466 61.553
1013457 7.24844 14.9123 12.0012 26.5999 9.15976 4.05856 60.7618
1013467 7.24844 14.9123 12.0012 26.5999 9.15976 4.05856 60.7618
1013476 6.25298 14.5371 11.981 27.8831 9.96892 4.71707 60.6541
1013484 6.25298 14.5371 11.981 27.8831 9.96892 4.71707 60.6541
1013503 5.28653 14.1715 12.1732 29.2049 10.6502 5.40471 60.8361
1013513 4.39738 13.8347 12.153 30.2565 11.354 5.98039 60.6416
1013522 4.39738 13.8347 12.153 30.2565 11.354 5.98039 60.6416
1013534 3.65321 13.6038 12.1833 30.9512 11.8884 6.42742 60.3916
1013541 3.01535 13.3922 12.1935 31.559 12.3597 6.81805 60.16
1013549 3.01535 13.3922 12.1935 31.559 12.3597 6.81805 60.16
1013559 2.68675 13.3345 12.2137 31.8678 12.6042 7.00308 60.1027
1013568 2.68675 13.3345 12.2137 31.8678 12.6042 7.00308 60.1027
1013577 2.65776 13.3152 12.1327 31.7906 12.6532 6.99968 59.8963
1013587 2.73508 13.4595 11.9607 31.3854 12.659 6.84023 59.5407
1013598 2.73508 13.4595 11.9607 31.3854 12.659 6.84023 59.5407
1013618 2.69642 13.5076 11.8595 30.9994 12.6776 6.76944 59.063
1013623 2.69642 13.4884 11.6065 30.5846 12.7493 6.68245 58.3759
1013632 2.69642 13.4884 11.6065 30.5846 12.7493 6.68245 58.3759
1013641 2.80273 13.498 11.3435 29.9574 12.7207 6.51027 57.6016
1013651 2.80273 13.498 11.3435 29.9574 12.7207 6.51027 57.6016
1013660 2.79306 13.5269 11.1917 29.4461 12.7236 6.40417 56.9577
1013669 2.84139 13.5557 10.969 28.9444 12.7373 6.26427 56.3106
1013681 2.84139 13.5557 10.969 28.9444 12.7373 6.26427 56.3106
1013688 2.84139 13.6808 10.7869 28.8093 12.8576 6.1675 56.1184
1013698 2.96703 13.854 10.8881 29.0312 12.7908 6.10632 56.7403
1013708 2.96703 13.854 10.8881 29.0312 12.7908 6.10632 56.7403
1013727 3.00569 14.133 10.9994 29.3207 12.8129 6.05166 57.4587
1013746 3.112 14.3543 11.2625 29.7355 12.7066 6.03747 58.4643
1013754 3.98181 14.7968 11.7786 30.0732 12.0029 5.70831 60.6304
1013766 3.98181 14.7968 11.7786 30.0732 12.0029 5.70831 60.6304
1013772 4.99659 15.2394 11.981 29.8802 11.3299 5.22372 62.0972
1013781 5.82774 15.5857 12.2542 29.34 10.651 4.80433 63.0076
1013789 5.82774 15.5857 12.2542 29.34 10.651 4.80433 63.0076
1013810 7.06481 15.8166 12.5274 28.3655 9.63944 4.23637 63.7743
1013812 7.06481 15.8166 12.5274 28.3655 9.63944 4.23637 63.7743
1013819 8.64014 16.0956 12.4565 26.8411 8.52681 3.41115 64.0334
1013830 9.99318 16.2207 12.1024 24.7378 7.47888 2.5279 63.0541
1013848 9.99318 16.2207 12.1024 24.7378 7.47888 2.5279 63.0541
1013854 10.9016 15.9128 11.7077 22.6249 6.5123 1.84427 61.1471
1013861 11.4912 15.5761 11.3333 20.6373 5.66963 1.24582 59.038
1013871 11.4912 15.5761 11.3333 20.6373 5.66963 1.24582 59.038
1013889 12.1001 15.2683 11.0702 18.8428 4.77501 0.666375 57.2813
1013893 12.1001 15.2683 11.0702 18.8428 4.77501 0.666375 57.2813
1013901 12.9215 15.2394 11.0399 17.1544 3.74071 0.00886738 56.3552
1013921 13.6754 15.3356 11.5863 15.7221 2.57283 -0.453461 56.3194
1013923 13.6754 15.3356 11.5863 15.7221 2.57283 -0.453461 56.3194
1013931 14.5355 15.5184 13.2762 14.8895 1.11482 -0.486489 58.2196
1013949 15.2314 15.5569 15.4821 14.3377 -0.337806 -0.239675 60.6081
1013968 15.9756 15.3933 17.4144 13.4567 -1.82355 -0.119964 62.24
1013978 15.9756 15.3933 17.4144 13.4567 -1.82355 -0.119964 62.24
1013988 16.4201 14.9796 18.9608 12.3628 -3.20395 -0.018231 62.7233
1013996 16.6327 14.412 20.3151 11.3753 -4.44749 0.154374 62.7351
1014015 16.8647 13.5846 21.5886 10.6298 -5.68029 0.423453 62.6677
1014023 17.0577 12.5648 22.5993 10.0199 -6.85725 0.72219 62.2417
1014042 17.0577 12.5648 22.5993 10.0199 -6.85725 0.72219 62.2417
1014043 16.8937 11.5354 23.236 9.54556 -7.78002 1.06661 61.2107
1014054 16.8937 11.5354 23.236 9.54556 -7.78002 1.06661 61.2107
1014064 16.7874 10.5444 24.0143 9.25513 -8.66406 1.46967 60.6012
1014083 16.855 9.65931 24.9643 9.07118 -9.533 1.86322 60.5499
1014084 16.855 9.65931 24.9643 9.07118 -9.533 1.86322 60.5499
1014096 17.1251 8.8223 26.3187 9.02278 -10.4418 2.29913 61.2888
1014113 17.3463 8.00453 27.5719 8.93565 -11.3073 2.70538 61.8585
1014122 17.3463 8.00453 27.5719 8.93565 -11.3073 2.70538 61.8585
1014131 17.481 7.13865 28.7342 8.93565 -12.0971 3.14263 62.2896
1014142 17.481 7.13865 28.7342 8.93565 -12.0971 3.14263 62.2896
1014149 17.3271 6.20543 29.6742 8.90661 -12.8351 3.63406 62.1133
1014164 17.0481 5.4069 30.6344 8.98405 -13.4081 4.14753 62.0734
1014177 16.6424 4.618 31.5541 9.03246 -13.9643 4.68725 61.847
1014194 16.2945 3.94454 32.11 9.13895 -14.3609 5.12537 61.488
1014208 16.2945 3.94454 32.11 9.13895 -14.3609 5.12537 61.488
1014212 15.9369 3.61743 32.4536 9.168 -14.5503 5.41078 61.176
1014222 15.676 3.50198 32.3526 9.17768 -14.5569 5.52289 60.7082
1014231 15.676 3.50198 32.3526 9.17768 -14.5569 5.52289 60.7082
1014241 15.2604 3.34805 31.7866 8.94533 -14.6416 5.59235 59.3403
1014254 15.2604 3.34805 31.7866 8.94533 -14.6416 5.59235 59.3403
1014258 14.8351 3.2326 31.544 8.90661 -14.6279 5.7374 58.5183
1014267 14.6128 3.21336 31.4429 8.8098 -14.6493 5.79208 58.0789
1014286 14.6128 3.21336 31.4429 8.8098 -14.6493 5.79208 58.0789
1014299 14.4099 3.04018 31.2105 8.73235 -14.7439 5.87862 57.3929
1014303 14.4099 3.04018 31.2105 8.73235 -14.7439 5.87862 57.3929
1014312 14.1876 3.0017 30.9477 8.68394 -14.7171 5.92449 56.8209
1014322 14.0136 2.99208 30.8567 8.69362 -14.6689 5.97936 56.5561
1014329 14.0136 2.99208 30.8567 8.69362 -14.6689 5.97936 56.5561
1014348 13.9073 2.93435 31.0386 8.7033 -14.7164 6.07073 56.5836
1014357 13.9847 2.92473 31.3419 8.83884 -14.6974 6.11437 57.0901
1014366 13.9847 2.92473 31.3419 8.83884 -14.6974 6.11437 57.0901
1014376 14.1489 3.16525 31.8977 9.22608 -14.3979 6.11151 58.438
1014379 14.6998 4.24278 32.4435 9.75854 -13.5507 5.706 61.1447
1014410 15.0091 5.1279 32.8074 10.3781 -12.7563 5.45979 63.3225
1014416 15.0091 5.1279 32.8074 10.3781 -12.7563 5.45979 63.3225
1014424 14.9318 5.62818 32.7164 11.0074 -12.0608 5.40506 64.2838
1014446 14.9414 6.70572 32.0797 11.5205 -11.033 5.04687 65.2473
1014447 14.9414 6.70572 32.0797 11.5205 -11.033 5.04687 65.2473
1014456 14.9124 8.22581 30.7354 11.7238 -9.79392 4.41808 65.5975
1014464 14.8448 9.45727 28.7747 11.6948 -8.67181 3.74409 64.7715
1014478 14.8448 9.45727 28.7747 11.6948 -8.67181 3.74409 64.7715
1014492 14.3616 10.275 26.5309 11.5399 -7.60579 3.21354 62.7074
1014493 14.3616 10.275 26.5309 11.5399 -7.60579 3.21354 62.7074
1014503 13.7624 10.8908 24.0749 11.2301 -6.55309 2.66482 59.9581
1014524 13.3178 11.5642 21.6897 10.9977 -5.40456 2.03372 57.5694
1014526 13.3178 11.5642 21.6897 10.9977 -5.40456 2.03372 57.5694
1014533 13.0858 12.3435 19.8199 10.9396 -4.28134 1.42291 56.1889
1014566 13.0955 13.219 18.1219 11.172 -3.06896 0.803658 55.6084
1014568 13.0955 13.219 18.1219 11.172 -3.06896 0.803658 55.6084
1014573 13.2501 14.2292 16.7065 11.7528 -1.77633 0.262801 55.9387
1014574 13.2501 14.2292 16.7065 11.7528 -1.77633 0.262801 55.9387
1014584 13.2791 15.0662 15.553 12.7016 -0.4701 -0.0240576 56.5999
1014603 13.1342 15.8263 14.6827 14.3087 0.999972 0.00801623 57.9518
1014604 13.1342 15.8263 14.6827 14.3087 0.999972 0.00801623 57.9518
1014614 12.8829 16.3458 13.8631 16.787 2.66656 0.356079 59.8788
1014636 12.477 16.7306 13.2054 19.4024 4.22657 0.825076 61.8153
1014638 12.477 16.7306 13.2054 19.4024 4.22657 0.825076 61.8153
1014646 12.0034 16.8942 12.7702 21.6986 5.45208 1.31883 63.3665
1014664 12.0034 16.8942 12.7702 21.6986 5.45208 1.31883 63.3665
1014666 11.4042 16.923 12.6994 23.4642 6.31239 1.82268 64.4909
1014676 10.9693 16.9134 12.6589 24.6317 6.87277 2.16528 65.1733
1014696 10.9693 16.9134 12.6589 24.6317 6.87277 2.16528 65.1733
1014697 10.1961 16.8749 12.4565 25.336 7.53821 2.47939 64.8636
1014706 9.278 16.5671 12.1935 25.9921 8.23344 2.89091 64.0306
1014729 9.278 16.5671 12.1935 25.9921 8.23344 2.89091 64.0306
1014731 8.36953 16.1437 12.0821 26.8314 8.87775 3.40557 63.4269
1014737 8.36953 16.1437 12.0821 26.8314 8.87775 3.40557 63.4269
1014751 7.40307 15.7493 12.0315 27.5454 9.50914 3.92749 62.7293
1014757 6.48493 15.3356 11.9 28.0857 10.127 4.40858 61.8062
1014767 6.48493 15.3356 11.9 28.0857 10.127 4.40858 61.8062
1014786 5.52814 14.8161 11.7077 28.3751 10.7383 4.89979 60.4271
1014788 4.71632 14.412 11.6369 28.7611 11.2639 5.35973 59.5263
1014798 4.71632 14.412 11.6369 28.7611 11.2639 5.35973 59.5263
1014820 3.98181 14.1522 11.5661 29.147 11.7896 5.75534 58.8471
1014823 3.98181 14.1522 11.5661 29.147 11.7896 5.75534 58.8471
1014832 3.52757 13.9021 11.5863 29.4847 12.0823 6.06181 58.5007
1014842 3.34395 13.8347 11.7988 29.861 12.1319 6.24109 58.8385
1014851 3.34395 13.8347 11.7988 29.861 12.1319 6.24109 58.8385
1014864 3.22797 13.7193 11.8798 30.1504 12.1919 6.37945 58.9774
1014868 3.18931 13.6423 11.9405 30.1793 12.1676 6.43449 58.9515
1014878 3.18931 13.6423 11.9405 30.1793 12.1676 6.43449 58.9515
1014888 3.16032 13.4884 11.8696 30.0925 12.1782 6.47834 58.6109
1014908 3.16032 13.4884 11.8696 30.0925 12.1782 6.47834 58.6109
1014909 3.083 13.3922 11.8696 30.1697 12.2231 6.55328 58.5145
1014919 3.03468 13.2671 11.9607 30.2469 12.1855 6.64145 58.5094
1014930 3.03468 13.2671 11.9607 30.2469 12.1855 6.64145 58.5094
1014953 2.97669 13.1613 11.8798 30.1311 12.2255 6.67413 58.1488
1014954 2.92837 13.1324 11.8595 30.0057 12.2355 6.68208 57.926
1014959 2.92837 13.1324 11.8595 30.0057 12.2355 6.68208 57.926
1014969 2.99602 13.0939 11.8292 29.9478 12.1903 6.65846 57.8669
1014989 2.99602 13.0939 11.8292 29.9478 12.1903 6.65846 57.8669
1014992 2.9187 12.8823 11.819 29.8224 12.1717 6.74774 57.4424
1015001 2.88971 12.8534 11.8696 29.6198 12.1058 6.7478 57.2325
1015025 2.88971 12.8534 11.8696 29.6198 12.1058 6.7478 57.2325
1015028 3.80785 12.9593 12.2744 29.5908 11.2855 6.42089 58.6323
1015031 5.16089 13.1805 12.8208 29.7066 10.2291 5.96019 60.8688
1015049 5.16089 13.1805 12.8208 29.7066 10.2291 5.96019 60.8688
1015058 6.3303 13.3248 13.3976 29.5426 9.2417 5.5799 62.5953
1015071 6.3303 13.3248 13.3976 29.5426 9.2417 5.5799 62.5953
1015076 7.5867 13.3152 14.025 28.9251 8.07673 5.17952 63.852
1015084 9.24901 13.3441 14.4601 27.6805 6.68718 4.52952 64.7337
1015093 9.24901 13.3441 14.4601 27.6805 6.68718 4.52952 64.7337
1015102 11.1143 13.4018 14.531 25.9052 5.2584 3.67657 64.9523
1015117 12.3707 13.2479 14.2173 23.8598 4.12892 2.93392 63.6956
1015131 12.3707 13.2479 14.2173 23.8598 4.12892 2.93392 63.6956
1015133 13.1245 13.0074 13.9238 21.7469 3.11715 2.31515 61.8025
1015165 13.801 12.7091 13.4988 19.4796 2.05453 1.63096 59.4885
1015167 14.5839 12.5359 13.2458 17.4342 0.925788 0.923933 57.7998
1015173 14.5839 12.5359 13.2458 17.4342 0.925788 0.923933 57.7998
1015185 15.2121 12.305 13.428 15.9932 -0.150087 0.501611 56.9382
1015193 15.6856 12.1222 13.8429 14.8702 -1.12174 0.240219 56.5209
1015209 15.6856 12.1222 13.8429 14.8702 -1.12174 0.240219 56.5209
1015222 16.1399 11.9298 15.0571 13.9505 -2.32874 0.246488 57.0773
1015224 16.1399 11.9298 15.0571 13.9505 -2.32874 0.246488 57.0773
1015233 16.6134 11.6027 17.0809 13.1276 -3.83572 0.511503 58.4246
1015252 17.0673 11.2275 19.3549 12.3144 -5.37005 0.844113 59.9641
1015263 17.0673 11.2275 19.3549 12.3144 -5.37005 0.844113 59.9641
1015271 17.2694 10.8427 21.3662 11.4431 -6.70942 1.15655 60.9213
1015285 17.558 10.5156 22.9935 10.5137 -7.92547 1.32352 61.5807
1015290 17.558 10.5156 22.9935 10.5137 -7.92547 1.32352 61.5807
1015299 17.7504 10.1307 24.5196 9.89408 -8.9274 1.57297 62.2948
1015310 17.7504 10.1307 24.5196 9.89408 -8.9274 1.57297 62.2948
1015317 17.837 9.67855 25.9245 9.53588 -9.74463 1.89234 62.9759
1015326 17.8274 9.1013 27.1677 9.50683 -10.3717 2.29842 63.6032
1015344 17.8274 9.1013 27.1677 9.50683 -10.3717 2.29842 63.6032
1015347 17.5772 8.44709 28.1784 9.34226 -11.0026 2.71374 63.5449
1015356 17.1347 7.61969 28.8757 9.05182 -11.7015 3.15239 62.6819
1015380 17.1347 7.61969 28.8757 9.05182 -11.7015 3.15239 62.6819
1015383 16.6038 6.83079 29.6439 8.93565 -12.288 3.66328 62.0141
1015404 16.0335 5.87832 30.7658 8.98405 -12.9484 4.33931 61.6617
1015411 15.5117 5.07018 31.8977 8.98405 -13.567 4.95414 61.4636
1015419 15.5117 5.07018 31.8977 8.98405 -13.567 4.95414 61.4636
1015428 15.0671 4.33899 32.7973 8.90661 -14.1625 5.4732 61.1099
1015451 14.6418 3.65591 33.3734 8.78075 -14.7136 5.91951 60.4519
1015453 14.6418 3.65591 33.3734 8.78075 -14.7136 5.91951 60.4519
1015458 14.3616 3.10753 33.8181 8.69362 -15.1626 6.26265 59.9808
1015477 14.3229 2.79004 34 8.69362 -15.3993 6.41585 59.8066
1015478 14.3229 2.79004 34 8.69362 -15.3993 6.41585 59.8066
1015488 14.2359 2.60724 34 8.78075 -15.4501 6.5253 59.6239
1015507 14.2359 2.60724 34 8.78075 -15.4501 6.5253 59.6239
1015516 14.2553 2.588 34 8.79043 -15.4597 6.52664 59.6337
1015531 14.2746 2.588 34 8.67426 -15.5418 6.50312 59.5368
1015534 14.2746 2.588 34 8.67426 -15.5418 6.50312 59.5368
1015543 14.1973 2.57838 33.6564 8.55809 -15.5607 6.46857 58.9901
1015553 14.033 2.47255 33.2824 8.39351 -15.6619 6.48928 58.1814
1015561 14.033 2.47255 33.2824 8.39351 -15.6619 6.48928 58.1814
1015579 14.0136 2.54952 33.2319 8.36446 -15.6172 6.45634 58.1595
1015591 14.0136 2.54952 33.2319 8.36446 -15.6172 6.45634 58.1595
1015592 13.946 2.55914 33.1308 8.38383 -15.5696 6.46577 58.0198
1015603 13.9073 2.51104 33.1611 8.41287 -15.5816 6.50662 57.9924
1015612 13.9073 2.51104 33.1611 8.41287 -15.5816 6.50662 57.9924
1015621 13.888 2.56876 33.1611 8.41287 -15.5381 6.49239 58.0308
1015631 13.6657 2.47255 33.1914 8.48064 -15.5266 6.62523 57.8103
1015652 13.6657 2.47255 33.1914 8.48064 -15.5266 6.62523 57.8103
1015658 13.7527 2.90549 33.5048 9.04214 -14.91 6.55907 59.2051
1015667 13.7527 2.90549 33.5048 9.04214 -14.91 6.55907 59.2051
1015678 13.917 3.79061 33.5149 9.49715 -14.0581 6.25113 60.7196
1015685 14.1006 4.82003 33.2319 10.0683 -13.0359 5.87734 62.2209
1015693 14.1006 4.82003 33.2319 10.0683 -13.0359 5.87734 62.2209
1015703 14.1683 6.06112 32.7467 10.8525 -11.7508 5.49201 63.8286
1015713 14.2649 7.62932 31.8169 11.4624 -10.3532 4.92187 65.1735
1015732 14.2649 7.62932 31.8169 11.4624 -10.3532 4.92187 65.1735
1015734 14.1586 9.07244 30.038 11.6657 -9.03156 4.26721 64.9348
1015753 13.714 9.94793 27.9156 11.4818 -8.0083 3.74299 63.0593
1015777 13.1148 10.4578 25.591 11.2204 -7.0497 3.28862 60.384
1015779 13.1148 10.4578 25.591 11.2204 -7.0497 3.28862 60.384
1015784 12.4383 10.708 23.3977 11.0171 -6.1287 2.93649 57.5611
1015794 11.9744 11.1024 21.7705 11.2978 -5.05148 2.66937 56.1452
1015813 11.9744 11.1024 21.7705 11.2978 -5.05148 2.66937 56.1452
1015815 11.7135 11.4488 20.8811 12.6532 -3.74476 2.74409 56.6965
1015828 11.7135 11.4488 20.8811 12.6532 -3.74476 2.74409 56.6965
1015842 11.3849 11.747 20.3454 15.451 -1.92278 3.22371 58.9284
1015854 10.834 11.9394 19.4863 18.9007 0.212476 3.82933 61.1604
1015859 10.834 11.9394 19.4863 18.9007 0.212476 3.82933 61.1604
1015868 10.0802 12.0549 17.9096 21.7179 2.34083 4.24832 61.7626
1015881 9.22001 11.9972 16.0286 23.9659 4.37602 4.60141 61.2117
1015887 9.22001 11.9972 16.0286 23.9659 4.37602 4.60141 61.2117
1015896 8.33087 11.9106 14.4905 25.6447 6.10085 4.94241 60.3766
1015931 7.57703 11.7759 13.4583 27.0051 7.41671 5.29383 59.8164
1015933 6.87152 11.6989 13.1345 28.4909 8.38255 5.745 60.1959
1015936 6.87152 11.6989 13.1345 28.4909 8.38255 5.745 60.1959
1015956 6.21433 11.6508 13.1851 29.8899 9.0832 6.20524 60.9402
1015963 5.47015 11.468 13.1952 31.067 9.7506 6.69702 61.2004
1015972 5.47015 11.468 13.1952 31.067 9.7506 6.69702 61.2004
1015983 4.79363 11.4103 13.175 32.0993 10.3862 7.09285 61.4783
1015989 4.79363 11.4103 13.175 32.0993 10.3862 7.09285 61.4783
1015998 4.10745 11.4295 13.347 33.3343 10.9732 7.50848 62.2183
1016017 3.45026 11.3911 13.2762 34 11.5364 7.8323 62.1175
1016018 3.45026 11.3911 13.2762 34 11.5364 7.8323 62.1175
1016033 3.00569 11.5354 13.0435 34 11.9698 7.91654 61.5845
1016038 2.58044 12.0068 12.497 34 12.6585 7.83585 61.0843
1016048 2.58044 12.0068 12.497 34 12.6585 7.83585 61.0843
1016067 2.41615 12.6514 11.9708 33.3536 13.0887 7.51513 60.3919
1016076 2.41615 12.6514 11.9708 33.3536 13.0887 7.51513 60.3919
1016087 2.41615 13.2671 11.6369 32.8615 13.3245 7.18204 60.1817
1016093 2.50313 13.8636 11.4548 32.4177 13.4146 6.84913 60.2392
1016103 2.50313 13.8636 11.4548 32.4177 13.4146 6.84913 60.2392
1016113 2.69642 14.4505 11.1815 31.9739 13.493 6.46954 60.3023
1016122 2.89937 14.893 10.878 31.2696 13.5074 6.09488 59.94
1016137 2.89937 14.893 10.878 31.2696 13.5074 6.09488 59.94
1016141 3.01535 15.2971 10.4732 30.517 13.6274 5.73611 59.3027
1016151 3.01535 15.2971 10.4732 30.517 13.6274 5.73611 59.3027
1016169 3.10233 15.6338 10.1292 29.8031 13.7235 5.41929 58.6684
1016171 3.19898 15.9128 9.9875 29.311 13.7122 5.18402 58.4103
1016181 3.19898 15.9128 9.9875 29.311 13.7122 5.18402 58.4103
1016199 3.2473 16.0283 9.78512 28.8768 13.7531 5.01912 57.9376
1016215 3.26663 16.1245 9.63333 28.5778 13.8025 4.90084 57.6022
1016217 3.26663 16.1245 9.63333 28.5778 13.8025 4.90084 57.6022
1016226 3.22797 16.1053 9.6131 28.5585 13.8348 4.91394 57.5048
1016241 3.26663 16.1053 9.775 28.819 13.7506 4.97415 57.9658
1016244 3.26663 16.1053 9.775 28.819 13.7506 4.97415 57.9658
1016254 3.74986 16.2688 10.1494 29.1759 13.2892 4.88002 59.344
1016267 3.74986 16.2688 10.1494 29.1759 13.2892 4.88002 59.344
1016273 4.37806 16.3362 10.5036 29.4557 12.7363 4.75786 60.6735
1016283 5.05458 16.2688 11.131 29.5908 11.9567 4.68974 62.0452
1016297 5.05458 16.2688 11.131 29.5908 11.9567 4.68974 62.0452
1016306 5.79875 15.9994 11.5964 29.4075 11.1508 4.5872 62.8021
1016317 6.69756 15.5473 12.0518 28.819 10.1468 4.42662 63.1156
1016323 6.69756 15.5473 12.0518 28.819 10.1468 4.42662 63.1156
1016343 8.10858 15.1239 12.244 27.4393 8.82551 3.92209 62.9158
1016351 8.10858 15.1239 12.244 27.4393 8.82551 3.92209 62.9158
1016359 9.26833 14.6044 12.0619 25.7123 7.69967 3.38251 61.6469
1016372 10.0415 13.9791 11.9202 23.5993 6.55719 2.89695 59.5401
1016377 10.0415 13.9791 11.9202 23.5993 6.55719 2.89695 59.5401
1016386 10.602 13.4114 12.3958 21.4574 5.12859 2.55063 57.8667
1016398 11.3076 13.0651 14.8244 19.7401 2.83064 2.59391 58.9371
1016413 11.3076 13.0651 14.8244 19.7401 2.83064 2.59391 58.9371
1016426 12.0324 12.5937 19.0922 18.6884 0.0631064 3.16181 62.4066
1016432 12.0324 12.5937 19.0922 18.6884 0.0631064 3.16181 62.4066
1016441 12.2064 11.8625 21.6998 16.7773 -2.10498 3.45544 62.5459
1016452 12.0904 10.9004 23.0844 14.2603 -4.14937 3.56852 60.3355
1016458 12.0904 10.9004 23.0844 14.2603 -4.14937 3.56852 60.3355
1016467 12.187 9.89983 25.2473 12.5661 -6.24725 3.93818 59.9003
1016479 12.4576 8.98585 27.5315 11.7819 -7.90915 4.41182 60.7569
1016496 12.4576 8.98585 27.5315 11.7819 -7.90915 4.41182 60.7569
1016507 12.6316 8.21619 28.8151 11.2397 -9.02702 4.7306 60.9026
1016508 12.6316 8.21619 28.8151 11.2397 -9.02702 4.7306 60.9026
1016534 12.9989 7.6678 29.2901 10.7363 -9.83837 4.78468 60.6931
1016535 13.4918 7.16752 29.9572 10.3975 -10.6057 4.84203 61.014
1016539 13.4918 7.16752 29.9572 10.3975 -10.6057 4.84203 61.014
1016548 13.9073 6.60951 30.8062 10.1845 -11.348 4.99301 61.5075
1016567 14.1296 6.0996 31.7967 10.1361 -11.9408 5.23718 62.162
1016569 14.1296 6.0996 31.7967 10.1361 -11.9408 5.23718 62.162
1016578 14.3036 5.57046 32.4738 9.94248 -12.5479 5.42836 62.2904
1016617 14.3422 4.95473 32.8276 9.66173 -13.1718 5.63046 61.7863
1016618 14.3036 4.4833 33.2015 9.46811 -13.6494 5.82918 61.4565
1016624 14.3036 4.4833 33.2015 9.46811 -13.6494 5.82918 61.4565
1016633 14.5162 4.08885 33.6665 9.3713 -14.0821 5.94539 61.6428
1016646 14.8738 3.80985 33.9394 9.3713 -14.3691 5.9587 61.9943
1016651 14.8738 3.80985 33.9394 9.3713 -14.3691 5.9587 61.9943
1016662 15.1057 3.53084 33.8282 9.10991 -14.7354 5.92001 61.5747
1016686 15.3087 3.41539 33.4845 8.96469 -14.8811 5.81752 61.1733
1016702 15.5117 3.33843 32.9489 8.82916 -14.9654 5.67261 60.6281
1016703 15.5117 3.33843 32.9489 8.82916 -14.9654 5.67261 60.6281
1016712 15.7629 3.41539 32.2414 8.55809 -15.0184 5.40729 59.9778
1016729 16.0142 3.52122 31.3924 8.30638 -15.0162 5.106 59.2342
1016741 16.0142 3.52122 31.3924 8.30638 -15.0162 5.106 59.2342
1016743 16.1688 3.58857 30.5333 7.94818 -15.0953 4.82257 58.2389
1016754 16.7004 3.7425 29.7045 7.66743 -15.1324 4.39222 57.8148
1016769 16.7004 3.7425 29.7045 7.66743 -15.1324 4.39222 57.8148
1016784 17.1636 3.84833 29.088 7.4738 -15.1673 4.05131 57.5737
1016788 17.1636 3.84833 29.088 7.4738 -15.1673 4.05131 57.5737
1016798 17.5003 3.99264 28.6332 7.25114 -15.2019 3.76231 57.3772
1016813 17.837 4.10809 28.3097 7.18337 -15.1708 3.53807 57.4382
1016817 17.837 4.10809 28.3097 7.18337 -15.1708 3.53807 57.4382
1016826 18.0968 4.14658 28.0369 7.03816 -15.2433 3.358 57.3184
1016841 18.3758 4.35823 27.9055 7.16401 -15.0333 3.20105 57.8035
1016844 18.3758 4.35823 27.9055 7.16401 -15.0333 3.20105 57.8035
1016869 19.0204 5.15676 27.9257 7.46412 -14.4061 2.82355 59.5669
1016871 19.0204 5.15676 27.9257 7.46412 -14.4061 2.82355 59.5669
1016874 19.3667 6.06112 27.7943 7.95786 -13.5428 2.5313 61.18
1016884 19.7419 7.04244 27.2283 8.33542 -12.6677 2.11218 62.3481
1016897 19.7419 7.04244 27.2283 8.33542 -12.6677 2.11218 62.3481
1016913 19.9825 8.20656 26.1468 8.64522 -11.6216 1.57263 62.9811
1016926 20.2326 9.52462 24.4792 8.83884 -10.4432 0.846804 63.0752
1016932 20.2326 9.52462 24.4792 8.83884 -10.4432 0.846804 63.0752
1016940 20.5405 10.9485 22.387 8.84852 -9.21907 -0.0606 62.7245
1016954 20.5405 10.9485 22.387 8.84852 -9.21907 -0.0606 62.7245
1016959 20.6078 12.103 20.1938 8.68394 -8.12435 -0.933546 61.5886
1016967 20.4058 12.8438 18.132 8.53872 -7.15752 -1.6469 59.9203
1016994 20.1075 13.575 16.3524 8.45159 -6.16951 -2.27707 58.4865
1016996 19.7804 14.1041 15.1988 8.61617 -5.31154 -2.61776 57.6995
1017011 19.7804 14.1041 15.1988 8.61617 -5.31154 -2.61776 57.6995
1017017 19.4533 14.7199 14.1869 9.05182 -4.29725 -2.85684 57.4119
1017041 19.4533 14.7199 14.1869 9.05182 -4.29725 -2.85684 57.4119
1017042 18.8953 15.2394 13.7012 9.71982 -3.31735 -2.79217 57.5557
1017047 18.1737 15.7878 13.4685 10.8912 -2.12752 -2.46956 58.3212
1017069 18.1737 15.7878 13.4685 10.8912 -2.12752 -2.46956 58.3212
1017071 17.356 16.3169 13.0839 12.4789 -0.693858 -2.05367 59.2357
1017078 16.4395 16.6921 12.7095 14.3958 0.804716 -1.50064 60.2369
1017098 16.4395 16.6921 12.7095 14.3958 0.804716 -1.50064 60.2369
1017100 15.328 16.8653 11.9202 16.303 2.44966 -0.98569 60.4165
1017117 15.328 16.8653 11.9202 16.303 2.44966 -0.98569 60.4165
1017137 14.1296 16.8461 11.2119 18.3797 4.07985 -0.342785 60.5673
1017139 13.1342 17 10.8476 20.6084 5.53116 0.321931 61.5902
1017147 13.1342 17 10.8476 20.6084 5.53116 0.321931 61.5902
1017167 12.7766 17.2105 10.6857 22.5284 6.4384 0.765899 63.2011
1017170 11.8681 17.2774 10.6857 24.4194 7.44857 1.39133 64.2507
1017174 11.8681 17.2774 10.6857 24.4194 7.44857 1.39133 64.2507
1017183 10.5827 17.1722 10.5845 25.7509 8.48639 2.00821 64.0903
1017195 10.5827 17.1722 10.5845 25.7509 8.48639 2.00821 64.0903
1017203 8.83343 16.9615 10.3113 26.9376 9.81632 2.72523 63.0438
1017223 7.05514 16.6248 10.1089 28.5585 11.2351 3.6058 62.3473
1017225 7.05514 16.6248 10.1089 28.5585 11.2351 3.6058 62.3473
1017239 5.38317 16.2207 10.1089 30.1504 12.4787 4.52339 61.8632
1017253 3.96248 15.7397 10.2101 31.6459 13.4884 5.39827 61.5581
1017254 3.96248 15.7397 10.2101 31.6459 13.4884 5.39827 61.5581
1017269 2.93803 15.3067 10.4631 32.8905 14.1222 6.11432 61.5983
1017284 2.93803 15.3067 10.4631 32.8905 14.1222 6.11432 61.5983
1017285 2.51279 15.0951 10.7464 33.8842 14.3481 6.51271 62.2385
1017292 2.34849 14.9796 10.8173 34 14.4073 6.63504 62.1454
1017310 2.34849 14.9796 10.8173 34 14.4073 6.63504 62.1454
1017318 2.29051 14.7776 10.6048 33.7009 14.4945 6.65698 61.3738
1017327 2.25185 14.4986 10.4024 32.958 14.4742 6.64022 60.1108
1017340 2.25185 14.4986 10.4024 32.958 14.4742 6.64022 60.1108
1017344 2.21319 14.3831 10.1089 32.3019 14.5588 6.56222 59.0072
1017353 2.1552 14.2869 9.94702 31.7616 14.5941 6.5175 58.1508
1017369 2.1552 14.2869 9.94702 31.7616 14.5941 6.5175 58.1508
1017382 2.10688 14.2388 9.83571 31.4432 14.6376 6.49026 57.6247
1017384 2.10688 14.2388 9.83571 31.4432 14.6376 6.49026 57.6247
1017401 2.07789 14.1715 9.69405 31.1635 14.6931 6.46371 57.1069
1017411 2.08755 14.0849 9.58274 30.874 14.6959 6.43245 56.6292
1017414 2.08755 14.0849 9.58274 30.874 14.6959 6.43245 56.6292
1017428 2.01023 13.9887 9.60298 30.8354 14.7114 6.49556 56.4373
1017434 1.98124 13.7578 9.71429 31.0573 14.6519 6.64457 56.5106
1017458 1.98124 13.7578 9.71429 31.0573 14.6519 6.64457 56.5106
1017461 2.12621 13.7097 10.2708 31.6941 14.2761 6.7808 57.8008
1017471 2.12621 13.7097 10.2708 31.6941 14.2761 6.7808 57.8008
1017488 3.32462 14.0753 11.0095 32.3116 13.1967 6.40336 60.721
1017488 4.92894 14.3928 11.8696 32.2923 11.7694 5.86928 63.4836
1017497 4.92894 14.3928 11.8696 32.2923 11.7694 5.86928 63.4836
1017518 6.24332 14.5467 12.497 31.2889 10.4897 5.34159 64.5759
1017524 7.62536 14.4312 12.8411 29.6487 9.14595 4.74849 64.5464
1017533 7.62536 14.4312 12.8411 29.6487 9.14595 4.74849 64.5464
1017548 9.17169 14.2292 12.7298 26.9086 7.62873 3.86366 63.0393
1017551 9.17169 14.2292 12.7298 26.9086 7.62873 3.86366 63.0393
1017560 10.3798 14.0175 12.497 24.1879 6.27377 3.01747 61.0822
1017578 11.1239 13.5654 12.4768 21.5153 4.8908 2.37796 58.6814
1017579 11.1239 13.5654 12.4768 21.5153 4.8908 2.37796 58.6814
1017609 11.5782 12.9208 13.1649 19.248 3.26195 2.08585 56.9118
1017610 11.9454 12.4686 14.9054 17.6175 1.42056 2.13627 56.9369
1017611 11.9454 12.4686 14.9054 17.6175 1.42056 2.13627 56.9369
1017638 12.2644 11.8721 17.3942 16.2739 -0.654148 2.47341 57.8045
1017643 12.5156 11.2083 20.1231 15.0251 -2.72004 2.91078 58.872
1017652 12.8732 10.7176 22.4982 13.8149 -4.52346 3.18568 59.904
1017671 13.1245 10.1211 24.8026 12.9533 -6.08702 3.56802 61.0015
1017699 13.4338 9.58234 26.7836 12.5951 -7.22813 3.93364 62.3948
1017700 13.4338 9.58234 26.7836 12.5951 -7.22813 3.93364 62.3948
1017703 13.6464 9.04358 28.3502 12.5951 -7.99788 4.30311 63.6352
1017730 13.7334 8.42784 29.3103 12.537 -8.6234 4.61332 64.0086
1017732 13.7334 8.42784 29.3103 12.537 -8.6234 4.61332 64.0086
1017738 13.8493 7.86984 30.0279 12.3047 -9.25141 4.82736 64.0518
1017748 13.8493 7.86984 30.0279 12.3047 -9.25141 4.82736 64.0518
1017763 13.946 7.18676 30.412 11.9949 -9.90577 5.02225 63.5396
1017766 14.12 6.54216 30.6546 11.5883 -10.589 5.14603 62.905
1017794 14.1006 5.91681 30.7051 11.2397 -11.1556 5.30825 61.9623
1017795 14.0523 5.32994 30.7961 10.9203 -11.7016 5.48313 61.0986
1017803 14.0523 5.32994 30.7961 10.9203 -11.7016 5.48313 61.0986
1017824 13.9267 4.74307 30.9174 10.746 -12.1637 5.71667 60.3331
1017828 13.9267 4.74307 30.9174 10.746 -12.1637 5.71667 60.3331
1017833 13.8107 4.29089 31.0993 10.717 -12.4763 5.9368 59.9178
1017856 13.7334 4.1562 31.2307 10.6686 -12.6024 6.02362 59.7888
1017862 13.7334 4.1562 31.2307 10.6686 -12.6024 6.02362 59.7888
1017871 13.685 4.03113 31.2004 10.6492 -12.6772 6.07733 59.5657
1017888 13.6174 4.08885 31.1296 10.5621 -12.6671 6.05714 59.3979
1017892 13.6174 4.08885 31.1296 10.5621 -12.6671 6.05714 59.3979
1017897 13.5014 4.03113 31.0589 10.6298 -12.6219 6.11845 59.2212
1017921 13.5014 4.03113 31.0589 10.6298 -12.6219 6.11845 59.2212
1017921 13.5014 3.98302 31.1599 10.6202 -12.6797 6.14929 59.2645
1017934 13.5111 4.05037 31.0993 10.6782 -12.5894 6.12146 59.339
1017936 13.5111 4.05037 31.0993 10.6782 -12.5894 6.12146 59.339
1017952 13.7237 4.05999 30.7152 10.4265 -12.7078 5.946 58.9255
1017956 13.714 4.07923 30.0987 10.1942 -12.7136 5.81024 58.0862
1017983 13.714 4.07923 30.0987 10.1942 -12.7136 5.81024 58.0862
1017984 13.8204 4.09847 29.4417 9.90376 -12.774 5.61257 57.2643
1017986 13.8204 4.09847 29.4417 9.90376 -12.774 5.61257 57.2643
1018014 13.9267 4.1562 29.0071 9.71014 -12.7937 5.44921 56.8001
1018016 14.0813 4.24278 28.9263 9.68109 -12.7714 5.34413 56.9314
1018022 14.0813 4.24278 28.9263 9.68109 -12.7714 5.34413 56.9314
1018031 14.3036 4.31975 29.2093 9.71982 -12.8028 5.29233 57.5524
1018046 14.5935 4.41596 29.5529 9.86503 -12.7789 5.23944 58.4274
1018051 14.5935 4.41596 29.5529 9.86503 -12.7789 5.23944 58.4274
1018061 15.0381 4.81041 29.9673 10.1458 -12.5285 5.06939 59.9616
1018077 15.0381 4.81041 29.9673 10.1458 -12.5285 5.06939 59.9616
1018090 15.5986 5.38766 30.2705 10.5524 -12.1054 4.81399 61.8092
1018091 16.0142 6.2824 30.129 10.8235 -11.4774 4.42438 63.2491
1018128 16.3621 6.9751 29.2598 10.8912 -10.9294 3.9725 63.4883
1018144 16.855 8.03339 27.8448 10.717 -10.2244 3.23247 63.4502
1018145 16.855 8.03339 27.8448 10.717 -10.2244 3.23247 63.4502
1018147 17.4426 9.3322 25.8942 10.4653 -9.32113 2.27722 63.1342
1018149 17.6735 10.4867 23.8222 10.0296 -8.45779 1.37675 62.012
1018159 17.6735 10.4867 23.8222 10.0296 -8.45779 1.37675 62.012
1018178 17.635 11.3622 21.6897 9.61333 -7.60741 0.573583 60.3002
1018207 17.635 12.1319 19.3246 9.0615 -6.77791 -0.356145 58.153
1018207 17.6157 12.8149 17.1617 8.77107 -5.85106 -1.19702 56.3635
1018214 17.6157 12.8149 17.1617 8.77107 -5.85106 -1.19702 56.3635
1018237 17.5388 13.5846 15.4821 8.71298 -4.84617 -1.87864 55.3185
1018239 17.2501 14.2003 14.1161 9.08087 -3.69871 -2.26549 54.6474
1018249 17.2501 14.2003 14.1161 9.08087 -3.69871 -2.26549 54.6474
1018269 17.0289 14.8546 13.2357 9.89408 -2.50664 -2.38678 55.0132
1018271 17.0289 14.8546 13.2357 9.89408 -2.50664 -2.38678 55.0132
1018276 16.8357 15.4895 12.9524 11.4915 -1.23619 -2.08249 56.7691
1018284 16.942 16.2015 13.2863 13.8827 -0.0597566 -1.48588 60.3125
1018305 16.942 16.2015 13.2863 13.8827 -0.0597566 -1.48588 60.3125
1018306 16.9034 16.6248 13.7518 16.4385 0.944838 -0.785769 63.7184
1018322 16.6424 16.8461 14.1565 18.9586 1.87891 -0.0840855 66.6036
1018339 16.6424 16.8461 14.1565 18.9586 1.87891 -0.0840855 66.6036
1018341 15.9176 16.8172 14.2679 21.2162 2.87604 0.604522 68.2189
1018352 15.9176 16.8172 14.2679 21.2162 2.87604 0.604522 68.2189
1018353 14.6032 16.6344 13.9845 23.0976 4.078 1.2832 68.3197
1018370 12.8346 16.3746 13.4381 24.5062 5.43837 1.95115 67.1535
1018374 12.8346 16.3746 13.4381 24.5062 5.43837 1.95115 67.1535
1018384 10.7663 15.9706 12.5476 25.2781 6.94469 2.57629 64.5626
1018403 8.67879 15.4414 11.8494 26.0017 8.43734 3.32353 61.9713
1018405 8.67879 15.4414 11.8494 26.0017 8.43734 3.32353 61.9713
1018414 6.75554 14.8257 11.4548 27.0244 9.84001 4.22023 60.0604
1018443 5.12223 14.1619 11.5661 28.2015 10.8697 5.20311 59.0516
1018452 4.0108 13.6712 11.7179 29.3785 11.6204 5.97526 58.7784
1018469 4.0108 13.6712 11.7179 29.3785 11.6204 5.97526 58.7784
1018471 3.39227 13.3152 12.1024 30.4881 11.9349 6.54735 59.298
1018478 3.15065 13.2094 12.3452 31.0959 12.0438 6.79278 59.8012
1018502 3.15065 13.2094 12.3452 31.0959 12.0438 6.79278 59.8012
1018504 3.13132 13.2671 12.3756 31.2213 12.0766 6.80015 59.9954
1018516 3.13132 13.2671 12.3756 31.2213 12.0766 6.80015 59.9954
1018517 3.10233 13.3248 12.244 31.1056 12.1636 6.75574 59.7768
1018536 3.16998 13.4884 11.9607 30.5653 12.2173 6.55602 59.1844
1018546 3.16998 13.4884 11.9607 30.5653 12.2173 6.55602 59.1844
1018547 3.22797 13.5365 11.6571 29.7741 12.2112 6.35789 58.1957
1018570 3.30529 13.7674 11.3131 29.1856 12.3041 6.10355 57.5714
1018576 3.30529 13.7674 11.3131 29.1856 12.3041 6.10355 57.5714
1018584 3.36327 13.854 11.1613 28.79 12.2967 5.965 57.1686
1018603 3.36327 13.854 11.1613 28.79 12.2967 5.965 57.1686
1018605 3.35361 13.9791 11.0804 28.6356 12.3494 5.88532 57.0487
1018613 3.39227 14.133 10.8982 28.3751 12.42 5.74347 56.7986
1018637 3.45026 14.3254 10.878 28.2594 12.4122 5.63009 56.913
1018642 3.66288 14.4986 11.0196 28.1436 12.1935 5.49548 57.3247
1018651 3.66288 14.4986 11.0196 28.1436 12.1935 5.49548 57.3247
1018672 4.72598 15.1336 11.556 28.3558 11.3798 5.03224 59.7713
1018674 6.25298 15.9898 11.9607 27.9313 10.3434 4.26071 62.1348
1018680 6.25298 15.9898 11.9607 27.9313 10.3434 4.26071 62.1348
1018689 7.70267 16.7114 12.0821 26.8797 9.39089 3.44321 63.3759
1018706 7.70267 16.7114 12.0821 26.8797 9.39089 3.44321 63.3759
1018718 9.00739 17.4496 11.9202 25.1913 8.53931 2.51409 63.5685
1018720 10.7084 18.0141 11.6976 23.0204 7.34095 1.41762 63.4405
1018740 10.7084 18.0141 11.6976 23.0204 7.34095 1.41762 63.4405
1018748 12.2547 18.368 11.3637 20.647 6.14554 0.332399 62.6334
1018757 12.2547 18.368 11.3637 20.647 6.14554 0.332399 62.6334
1018775 13.3468 18.215 10.9994 18.3121 5.00257 -0.554481 60.8733
1018779 14.091 17.6792 10.7565 16.0222 3.78057 -1.27879 58.549
1018783 14.091 17.6792 10.7565 16.0222 3.78057 -1.27879 58.549
1018810 14.6998 17.0861 11.0601 14.0569 2.36503 -1.75796 56.903
