1026084 21.4833 10.0057 25.9952 8.78075 -10.8248 0.744064 66.265
1026094 21.2139 9.2841 25.4697 8.20957 -11.3708 0.743541 64.1773
1026103 20.7425 8.42784 25.0957 7.73519 -11.9656 0.885603 62.0013
1026113 20.7425 8.42784 25.0957 7.73519 -11.9656 0.885603 62.0013
1026121 20.1845 7.56197 25.2675 7.43508 -12.5953 1.22984 60.4491
1026129 19.5399 6.7442 25.7224 7.38667 -13.1039 1.72367 59.3931
1026147 19.5399 6.7442 25.7224 7.38667 -13.1039 1.72367 59.3931
1026156 18.9242 6.02264 26.3591 7.35763 -13.5958 2.24243 58.6635
1026164 18.9242 6.02264 26.3591 7.35763 -13.5958 2.24243 58.6635
1026176 18.472 5.32994 27.2889 7.4738 -14.0687 2.80736 58.5647
1026182 18.1353 4.8489 28.4614 7.70615 -14.3874 3.34311 59.1517
1026191 18.1353 4.8489 28.4614 7.70615 -14.3874 3.34311 59.1517
1026208 17.914 4.45444 29.7045 8.09339 -14.5724 3.84671 60.1663
1026218 17.7504 4.31975 30.4828 8.3451 -14.6016 4.12764 60.898
1026227 17.7504 4.31975 30.4828 8.3451 -14.6016 4.12764 60.898
1026237 17.5291 4.22354 30.8365 8.42255 -14.6363 4.30402 61.0117
1026246 17.2694 4.16582 30.6748 8.5 -14.5514 4.39026 60.61
1026256 17.2694 4.16582 30.6748 8.5 -14.5514 4.39026 60.61
1026263 17.0289 4.11771 30.5535 8.33542 -14.6285 4.43297 60.0355
1026281 17.0289 4.11771 30.5535 8.33542 -14.6285 4.43297 60.0355
1026290 16.913 4.05037 30.1391 8.19989 -14.6714 4.395 59.3024
1026298 16.6907 3.94454 29.8056 8.04499 -14.7501 4.41525 58.4858
1026307 16.6907 3.94454 29.8056 8.04499 -14.7501 4.41525 58.4858
1026319 16.4878 3.88681 29.3912 7.95786 -14.7402 4.41097 57.7237
1026324 16.2075 3.80985 29.2194 7.89009 -14.7597 4.48794 57.1268
1026342 16.2075 3.80985 29.2194 7.89009 -14.7597 4.48794 57.1268
1026351 16.0625 3.77136 29.2598 7.9385 -14.734 4.567 57.0322
1026361 16.0625 3.77136 29.2598 7.9385 -14.734 4.567 57.0322
1026371 16.0625 3.70402 29.6237 8.06435 -14.7585 4.67886 57.4546
1026382 16.1012 3.79061 29.937 8.22893 -14.6486 4.72137 58.0577
1026388 16.1012 3.79061 29.937 8.22893 -14.6486 4.72137 58.0577
1026397 16.2075 4.24278 30.1694 8.47096 -14.2422 4.61751 59.0907
1026406 16.4491 4.90662 30.0886 8.75171 -13.6551 4.3569 60.196
1026423 16.4491 4.90662 30.0886 8.75171 -13.6551 4.3569 60.196
1026432 16.6811 5.61856 29.9168 9.0131 -13.0518 4.07407 61.2295
1026442 16.6811 5.61856 29.9168 9.0131 -13.0518 4.07407 61.2295
1026449 16.7294 6.3305 29.6237 9.3713 -12.3484 3.85185 62.0549
1026461 16.884 7.37917 29.0981 9.70046 -11.458 3.45741 63.0618
1026472 16.884 7.37917 29.0981 9.70046 -11.458 3.45741 63.0618
1026482 16.9613 8.44709 27.9964 9.80695 -10.5612 2.94129 63.2118
1026492 16.7584 9.35144 26.5916 9.71982 -9.72373 2.45146 62.4212
1026503 16.7584 9.35144 26.5916 9.71982 -9.72373 2.45146 62.4212
1026511 16.3815 9.95755 25.2675 9.7295 -8.95148 2.11736 61.3361
1026519 16.3815 9.95755 25.2675 9.7295 -8.95148 2.11736 61.3361
1026528 15.8692 10.4482 24.0345 9.76822 -8.18664 1.86757 60.1202
1026537 15.444 10.8812 22.9732 9.76822 -7.52027 1.62943 59.0666
1026565 15.0091 11.3622 21.9828 10.0974 -6.64324 1.46502 58.4514
1026572 14.5839 11.7374 21.5077 11.1623 -5.5906 1.61433 58.9913
1026581 14.5839 11.7374 21.5077 11.1623 -5.5906 1.61433 58.9913
1026591 14.2166 12.1896 21.1641 13.3696 -4.02918 2.00054 60.9399
1026601 14.2166 12.1896 21.1641 13.3696 -4.02918 2.00054 60.9399
1026611 13.7817 12.4205 20.588 16.0997 -2.32531 2.50091 62.8898
1026619 13.2598 12.4493 19.2539 17.9552 -0.838055 2.74163 62.9182
1026637 13.2598 12.4493 19.2539 17.9552 -0.838055 2.74163 62.9182
1026648 12.6799 12.5456 17.3133 18.7463 0.529745 2.65174 61.2851
1026654 12.0131 12.7957 15.1583 19.4892 2.15011 2.48218 59.4563
1026663 12.0131 12.7957 15.1583 19.4892 2.15011 2.48218 59.4563
1026674 11.3559 13.1613 13.4887 20.647 3.82066 2.45986 58.6529
1026683 10.7567 13.498 12.406 22.0749 5.28228 2.61158 58.7356
1026692 10.7567 13.498 12.406 22.0749 5.28228 2.61158 58.7356
1026710 10.2445 14.0464 11.7583 23.6476 6.5712 2.79287 59.6968
1026718 10.2445 14.0464 11.7583 23.6476 6.5712 2.79287 59.6968
1026727 9.63559 14.489 11.6167 25.3746 7.61313 3.15795 61.1158
1026737 9.04605 14.7776 11.7583 27.2463 8.44346 3.6244 62.8283
1026745 9.04605 14.7776 11.7583 27.2463 8.44346 3.6244 62.8283
1026755 8.30188 15.047 11.8798 28.9444 9.2756 4.08473 64.173
1026764 7.30642 15.2298 11.7786 30.025 10.1686 4.49194 64.3397
1026775 7.30642 15.2298 11.7786 30.025 10.1686 4.49194 64.3397
1026790 6.09835 15.2971 11.303 30.5363 11.2407 4.84951 63.2348
1026799 6.09835 15.2971 11.303 30.5363 11.2407 4.84951 63.2348
1026808 4.85162 15.0951 10.9286 30.9319 12.2343 5.31826 61.8072
1026818 3.81751 15.0566 10.6048 31.395 13.154 5.69842 60.8739
1026826 3.81751 15.0566 10.6048 31.395 13.154 5.69842 60.8739
1026838 3.083 14.9892 10.453 31.916 13.8024 6.02984 60.4412
1026852 2.56111 14.9219 10.281 32.1186 14.2773 6.24135 59.8826
1026869 2.33883 14.8449 10.2607 32.0704 14.4148 6.33808 59.5149
1026878 2.33883 14.8449 10.2607 32.0704 14.4148 6.33808 59.5149
1026888 2.25185 14.7583 10.2202 31.9353 14.46 6.37498 59.1657
1026897 2.22285 14.6525 10.1798 31.7327 14.4514 6.38833 58.7878
1026906 2.22285 14.6525 10.1798 31.7327 14.4514 6.38833 58.7878
1026925 2.22285 14.5082 10.1292 31.4722 14.4124 6.39532 58.3324
1026932 2.10688 14.3062 9.84583 31.1731 14.594 6.42653 57.432
1026949 2.14554 14.1522 9.83571 30.8258 14.4826 6.41609 56.9593
1026958 2.09721 14.056 9.88631 30.8258 14.4632 6.47816 56.8653
1026967 2.09721 14.056 9.88631 30.8258 14.4632 6.47816 56.8653
1026986 1.9909 13.9406 9.90655 30.9415 14.5231 6.58246 56.7796
1026994 1.9909 13.9406 9.90655 30.9415 14.5231 6.58246 56.7796
1027006 1.98124 13.8155 10.0381 31.0766 14.4403 6.67299 56.9115
1027014 2.95736 13.9406 10.7768 31.2792 13.3518 6.40112 58.954
1027023 2.95736 13.9406 10.7768 31.2792 13.3518 6.40112 58.954
1027032 4.24275 14.056 11.4345 31.1345 12.1219 5.98106 60.8678
1027040 5.49915 13.9983 11.8595 30.71 11.0162 5.57593 62.067
1027050 5.49915 13.9983 11.8595 30.71 11.0162 5.57593 62.067
1027070 6.38829 13.8155 12.3958 29.9478 9.98409 5.30953 62.5474
1027076 6.38829 13.8155 12.3958 29.9478 9.98409 5.30953 62.5474
1027084 7.64468 13.6135 12.7298 28.7321 8.75763 4.83188 62.72
1027093 9.05571 13.4884 13.003 26.9569 7.35416 4.17951 62.504
1027102 9.05571 13.4884 13.003 26.9569 7.35416 4.17951 62.504
1027112 10.2928 13.2383 12.9321 24.9886 6.10315 3.51245 61.4518
1027122 11.1529 12.7668 12.8613 22.8468 4.86324 2.96547 59.6278
1027132 11.1529 12.7668 12.8613 22.8468 4.86324 2.96547 59.6278
1027148 11.9068 12.3916 12.8714 20.8689 3.65373 2.44025 58.0387
1027157 11.9068 12.3916 12.8714 20.8689 3.65373 2.44025 58.0387
1027165 12.535 11.9298 13.1042 19.277 2.44857 2.08889 56.8459
1027174 13.1632 11.5354 13.8226 18.0999 1.16983 1.91377 56.621
1027183 13.1632 11.5354 13.8226 18.0999 1.16983 1.91377 56.621
1027192 13.8687 11.2564 15.472 17.1447 -0.406815 1.94617 57.7418
1027209 14.5452 10.9966 18.4251 16.1577 -2.41828 2.25557 60.1246
1027227 14.8545 10.5252 22.2455 15.0735 -4.58597 2.85637 62.6987
1027240 14.8545 10.5252 22.2455 15.0735 -4.58597 2.85637 62.6987
1027247 15.0188 9.98642 25.4293 13.6987 -6.53439 3.30316 64.1332
1027257 15.0188 9.26486 27.6932 12.3144 -8.2176 3.66861 64.2912
1027266 15.0188 9.26486 27.6932 12.3144 -8.2176 3.66861 64.2912
1027274 15.1251 8.64912 29.4518 11.2978 -9.54296 3.94633 64.5239
1027285 15.2894 8.06225 30.695 10.8912 -10.4064 4.21201 64.9379
1027300 15.2894 8.06225 30.695 10.8912 -10.4064 4.21201 64.9379
1027309 15.4053 7.4369 31.1296 10.6105 -11.0276 4.38924 64.5823
1027318 15.4053 7.4369 31.1296 10.6105 -11.0276 4.38924 64.5823
1027328 15.3087 6.71534 30.8971 10.1845 -11.6099 4.52993 63.1057
1027335 15.1251 5.97453 30.6142 9.66173 -12.2618 4.68663 61.3755
1027349 15.1251 5.97453 30.6142 9.66173 -12.2618 4.68663 61.3755
1027363 14.8931 5.19525 30.6546 9.32289 -12.9148 4.96683 60.0658
1027366 14.4872 4.47368 31.0589 9.20672 -13.4508 5.39573 59.2265
1027374 14.4872 4.47368 31.0589 9.20672 -13.4508 5.39573 59.2265
1027386 14.1876 3.83871 31.6552 9.19704 -13.93 5.81517 58.8785
1027395 14.1876 3.83871 31.6552 9.19704 -13.93 5.81517 58.8785
1027405 13.772 3.24222 32.6558 9.38098 -14.3116 6.35616 59.051
1027416 13.5304 2.94397 33.717 9.71014 -14.4376 6.74926 59.9015
1027433 13.5304 2.94397 33.717 9.71014 -14.4376 6.74926 59.9015
1027443 13.2791 2.87663 34 10.078 -14.2464 6.95347 60.2338
1027452 13.1632 2.78042 34 10.262 -14.1685 7.05543 60.2055
1027461 13.1632 2.78042 34 10.262 -14.1685 7.05543 60.2055
1027469 13.0085 2.79004 34 10.1264 -14.2228 7.09083 59.925
1027482 13.0085 2.79004 34 10.1264 -14.2228 7.09083 59.925
1027488 12.8539 2.67459 34 9.94248 -14.3922 7.16669 59.471
1027497 12.7283 2.66497 33.7675 9.75854 -14.4572 7.16222 58.9193
1027514 12.7283 2.66497 33.7675 9.75854 -14.4572 7.16222 58.9193
1027528 12.564 2.59762 33.3026 9.58428 -14.5071 7.16435 58.0485
1027532 12.506 2.588 32.8175 9.39066 -14.5478 7.09769 57.3021
1027541 12.506 2.588 32.8175 9.39066 -14.5478 7.09769 57.3021
1027550 12.4287 2.60724 32.7568 9.33257 -14.5494 7.10373 57.1253
1027558 12.477 2.60724 32.9287 9.46811 -14.4962 7.12737 57.481
1027576 12.477 2.61686 32.9287 9.46811 -14.4896 7.12367 57.4906
1027584 12.564 2.62649 33.2015 9.55524 -14.489 7.13572 57.9472
1027595 12.564 2.62649 33.2015 9.55524 -14.489 7.13572 57.9472
1027602 12.6123 2.56876 33.4744 9.63269 -14.5335 7.18656 58.2882
1027610 12.8346 3.21336 33.6968 9.99089 -13.9478 6.94052 59.7356
1027621 12.8346 3.21336 33.6968 9.99089 -13.9478 6.94052 59.7356
1027629 13.1728 4.07923 33.626 10.3878 -13.1932 6.55221 61.2659
1027639 13.3275 4.87776 33.4037 10.7267 -12.4835 6.23844 62.3356
1027660 13.3275 4.87776 33.4037 10.7267 -12.4835 6.23844 62.3356
1027666 13.5304 5.88795 32.6861 11.0945 -11.5643 5.78228 63.199
1027674 13.5304 5.88795 32.6861 11.0945 -11.5643 5.78228 63.199
1027683 13.7334 7.10979 31.2206 11.2204 -10.5176 5.11924 63.2841
1027692 13.917 8.54329 29.4417 11.0849 -9.41886 4.30239 62.9869
1027705 13.917 8.54329 29.4417 11.0849 -9.41886 4.30239 62.9869
1027718 14.0136 9.7459 27.5214 10.9009 -8.39804 3.53707 62.1819
1027727 14.0136 9.7459 27.5214 10.9009 -8.39804 3.53707 62.1819
1027736 13.9363 10.4675 25.6819 10.6879 -7.59493 2.95344 60.7736
1027744 13.7624 11.2949 23.7717 10.4362 -6.66623 2.31604 59.2651
1027753 13.7624 11.2949 23.7717 10.4362 -6.66623 2.31604 59.2651
1027763 13.6464 12.18 22.1243 10.3685 -5.66806 1.71462 58.3191
1027773 13.4241 12.9015 20.7396 10.5911 -4.62701 1.30213 57.6563
1027782 13.4241 12.9015 20.7396 10.5911 -4.62701 1.30213 57.6563
1027799 13.3081 13.5654 19.8199 11.3753 -3.52485 1.11635 58.0686
1027808 13.4048 14.4409 19.1528 13.1082 -2.08318 1.10188 60.1066
1027817 13.4048 14.4409 19.1528 13.1082 -2.08318 1.10188 60.1066
1027825 13.5014 15.2105 18.3543 15.2574 -0.556703 1.17928 62.3237
1027838 13.5014 15.2105 18.3543 15.2574 -0.556703 1.17928 62.3237
1027844 13.4531 15.7204 16.9494 16.5934 0.761893 1.04501 62.7163
1027853 13.2985 15.8936 15.3607 17.4921 1.90446 0.885013 62.0448
1027863 13.2985 15.8936 15.3607 17.4921 1.90446 0.885013 62.0448
1027873 12.9699 15.9994 13.8327 18.4376 3.11661 0.808548 61.2396
1027886 12.593 16.2496 12.6792 19.7304 4.37041 0.873535 61.2521
1027901 12.593 16.2496 12.6792 19.7304 4.37041 0.873535 61.2521
1027910 12.3803 16.4805 11.981 20.6952 5.20598 0.930022 61.537
1027927 11.8584 16.4997 11.4649 21.5539 5.99993 1.13902 61.377
1027935 11.2786 16.4324 11.303 22.5187 6.65076 1.48964 61.5326
1027953 11.2786 16.4324 11.303 22.5187 6.65076 1.48964 61.5326
1027962 10.4474 16.1534 10.9994 23.4835 7.44474 1.93558 61.0837
1027975 9.49062 15.8263 10.8577 24.815 8.31817 2.54695 60.9896
1027988 8.58215 15.5857 10.8274 26.5323 9.22698 3.21608 61.5276
1027998 8.58215 15.5857 10.8274 26.5323 9.22698 3.21608 61.5276
1028007 7.53837 15.4703 10.8274 28.105 10.1748 3.85618 61.941
1028021 6.42695 15.3452 10.7565 29.7066 11.1947 4.50491 62.2353
1028025 6.42695 15.3452 10.7565 29.7066 11.1947 4.50491 62.2353
1028044 5.27686 15.1143 10.7161 31.231 12.1725 5.18684 62.3382
1028053 4.22342 14.691 10.6655 32.1862 12.9473 5.8132 61.7661
1028066 4.22342 14.691 10.6655 32.1862 12.9473 5.8132 61.7661
1028080 3.27629 14.2677 10.4935 32.6686 13.6587 6.33003 60.706
1028082 3.27629 14.2677 10.4935 32.6686 13.6587 6.33003 60.706
1028104 2.14554 13.4788 10.2911 33.1317 14.4689 7.06176 59.0471
1028114 2.14554 13.4788 10.2911 33.1317 14.4689 7.06176 59.0471
1028122 2.0199 13.3152 10.3619 33.4886 14.5399 7.22694 59.1857
1028130 1.91359 13.2383 10.3417 33.4404 14.6025 7.28703 58.9339
1028141 1.91359 13.2383 10.3417 33.4404 14.6025 7.28703 58.9339
1028149 1.89426 13.1228 10.0685 32.8615 14.6779 7.22545 57.947
1028160 1.89426 13.1228 10.0685 32.8615 14.6779 7.22545 57.947
1028168 1.87493 12.9785 9.92679 32.3309 14.6678 7.19761 57.1111
1028184 1.80728 12.9304 9.86607 32.109 14.7083 7.20404 56.7127
1028188 1.80728 12.9304 9.86607 32.109 14.7083 7.20404 56.7127
1028207 1.89426 13.017 9.80536 32.1379 14.7109 7.1319 56.8545
1028214 1.8556 13.1324 9.86607 32.244 14.7355 7.12512 57.0981
1028223 1.8556 13.1324 9.86607 32.244 14.7355 7.12512 57.0981
1028232 1.92325 13.2479 9.95714 32.4852 14.6896 7.10022 57.6135
1028241 1.92325 13.2479 9.95714 32.4852 14.6896 7.10022 57.6135
1028253 2.29051 13.3056 10.3315 32.6396 14.2243 7.01118 58.5673
1028260 3.33428 13.5654 10.8375 32.4467 13.2262 6.57598 60.1838
1028276 3.33428 13.5654 10.8375 32.4467 13.2262 6.57598 60.1838
1028288 4.57135 13.8925 11.0196 31.6941 12.2576 5.94579 61.1776
1028298 5.69244 14.0079 11.4345 30.6907 11.149 5.44067 61.8256
1028305 5.69244 14.0079 11.4345 30.6907 11.149 5.44067 61.8256
1028314 7.48039 14.2677 11.9708 29.2821 9.56276 4.64393 63.001
1028323 7.48039 14.2677 11.9708 29.2821 9.56276 4.64393 63.001
1028332 9.63559 14.6333 12.3756 27.391 7.8133 3.63028 64.0355
1028349 11.7715 14.7583 12.5071 24.8825 6.00844 2.54849 63.9195
1028358 11.7715 14.7583 12.5071 24.8825 6.00844 2.54849 63.9195
1028368 13.3565 14.5082 12.406 21.8048 4.2491 1.53347 62.0754
1028377 14.4389 13.9791 12.5274 18.8621 2.45575 0.745271 59.8074
1028395 15.3957 13.4692 13.1952 16.4385 0.562721 0.197158 58.4986
1028404 15.9562 12.8342 15.1482 14.8411 -1.45847 0.305952 58.7797
1028413 15.9562 12.8342 15.1482 14.8411 -1.45847 0.305952 58.7797
1028435 16.1205 12.0934 17.7479 13.6987 -3.38428 0.81279 59.6606
1028439 16.1205 12.0934 17.7479 13.6987 -3.38428 0.81279 59.6606
1028448 15.9562 11.2564 19.6581 12.1982 -5.14646 1.17923 59.0689
1028460 15.9466 10.5059 21.6088 10.9396 -6.82607 1.54979 59.0009
1028474 16.2075 9.86135 23.5493 10.4265 -8.10603 1.97529 60.0447
1028494 16.4395 9.45727 25.1361 10.3104 -8.88768 2.33517 61.3432
1028496 16.4395 9.45727 25.1361 10.3104 -8.88768 2.33517 61.3432
1028510 16.8067 9.1013 26.4602 10.4459 -9.44043 2.62634 62.8141
1028534 16.9807 8.68761 27.2586 10.5718 -9.83483 2.873 63.4987
1028541 17.1251 8.24505 27.8347 10.5621 -10.2532 3.06429 63.7669
1028558 16.9517 7.72552 27.9762 10.3878 -10.6337 3.25664 63.0412
1028567 16.9613 7.15789 27.8853 10.0877 -11.1129 3.34673 62.0922
1028582 16.9613 7.15789 27.8853 10.0877 -11.1129 3.34673 62.0922
1028587 16.9034 6.68647 27.6831 9.70046 -11.5622 3.39338 60.9734
1028606 16.9034 6.68647 27.6831 9.70046 -11.5622 3.39338 60.9734
1028614 16.8357 6.2824 27.8347 9.56492 -11.9069 3.53984 60.5177
1028623 16.8357 5.81098 28.0065 9.49715 -12.2751 3.70497 60.1504
1028634 16.8357 5.81098 28.0065 9.49715 -12.2751 3.70497 60.1504
1028642 16.7487 5.52235 28.047 9.40034 -12.5058 3.81195 59.7184
1028655 16.6907 5.29145 28.2794 9.39066 -12.6936 3.94484 59.6523
1028659 16.6907 5.29145 28.2794 9.39066 -12.6936 3.94484 59.6523
1028668 16.8164 5.09904 28.2087 9.33257 -12.8638 3.94216 59.4567
1028686 16.8164 5.09904 28.2087 9.33257 -12.8638 3.94216 59.4567
1028694 17.0673 5.176 27.7438 9.12927 -12.9008 3.71209 59.1164
1028703 17.3175 5.3588 27.0868 8.95501 -12.8114 3.41433 58.7181
1028712 17.3175 5.3588 27.0868 8.95501 -12.8114 3.41433 58.7181
1028726 17.5291 5.42615 26.6522 8.68394 -12.8969 3.18594 58.2914
1028729 17.7793 5.60894 26.2782 8.52904 -12.853 2.94328 58.1955
1028751 17.7793 5.60894 26.2782 8.52904 -12.853 2.94328 58.1955
1028753 18.0583 5.65705 26.0155 8.43223 -12.8881 2.76783 58.163
1028761 18.0583 5.65705 26.0155 8.43223 -12.8881 2.76783 58.163
1028775 18.2122 5.80136 25.8234 8.38383 -12.8178 2.62629 58.2208
1028788 18.3277 5.84946 25.6617 8.32574 -12.8146 2.52997 58.1646
1028800 18.3277 5.84946 25.6617 8.32574 -12.8146 2.52997 58.1646
1028806 18.2892 5.98415 25.6516 8.41287 -12.6606 2.51752 58.3378
1028814 18.4624 6.55178 25.6112 8.73235 -12.1254 2.35758 59.3577
1028824 18.4624 6.55178 25.6112 8.73235 -12.1254 2.35758 59.3577
1028832 18.5971 7.28297 25.2776 8.8582 -11.5526 2.06341 60.0159
1028849 18.5971 7.28297 25.2776 8.8582 -11.5526 2.06341 60.0159
1028858 18.7414 8.08149 24.7117 9.10991 -10.8261 1.73108 60.6444
1028872 18.751 9.1013 23.9839 9.51651 -9.82724 1.38091 61.3528
1028877 18.751 9.1013 23.9839 9.51651 -9.82724 1.38091 61.3528
1028897 18.8953 10.4675 22.9834 9.68109 -8.7583 0.798444 62.0272
1028900 18.9434 11.8529 21.8817 9.7779 -7.68316 0.207345 62.4559
1028911 18.9434 11.8529 21.8817 9.7779 -7.68316 0.207345 62.4559
1028923 18.8664 12.9015 20.588 9.7295 -6.77429 -0.350439 62.0855
1028929 18.5586 13.5846 19.3246 9.58428 -6.02531 -0.794638 61.0521
1028938 18.5586 13.5846 19.3246 9.58428 -6.02531 -0.794638 61.0521
1028948 18.039 14.0656 18.1118 9.5746 -5.23095 -1.10844 59.7911
1028955 18.039 14.0656 18.1118 9.5746 -5.23095 -1.10844 59.7911
1028964 17.4618 14.6044 17.0707 9.60364 -4.3941 -1.37686 58.7406
1028982 16.9517 14.9796 16.3119 9.91344 -3.59826 -1.4717 58.1567
1028997 16.9517 14.9796 16.3119 9.91344 -3.59826 -1.4717 58.1567
1028999 16.3621 15.4222 16.0185 10.7751 -2.63894 -1.27799 58.5778
1029008 15.7339 15.9128 16.0994 12.8759 -1.25559 -0.661029 60.622
1029023 15.7339 15.9128 16.0994 12.8759 -1.25559 -0.661029 60.622
1029026 15.0478 16.3554 16.0286 15.4994 0.309271 0.0297564 62.9312
1029049 15.0478 16.3554 16.0286 15.4994 0.309271 0.0297564 62.9312
1029051 14.2553 16.4516 15.3708 17.6271 1.74738 0.539462 63.7048
1029057 13.3854 16.2592 14.2071 18.5919 2.90604 0.757747 62.4437
1029067 13.3854 16.2592 14.2071 18.5919 2.90604 0.757747 62.4437
1029077 13.0762 16.1822 13.0333 19.1033 3.73646 0.703205 61.395
1029087 13.2115 16.2784 11.981 19.4603 4.32713 0.480371 60.9311
1029098 13.2115 16.2784 11.981 19.4603 4.32713 0.480371 60.9311
1029107 13.2501 16.4131 11.2524 19.798 4.82123 0.342692 60.7136
1029122 13.2501 16.4131 11.2524 19.798 4.82123 0.342692 60.7136
1029134 12.9505 16.365 10.8274 20.5119 5.399 0.500472 60.6549
1029146 12.5253 16.2592 10.7667 21.361 5.88068 0.823267 60.9121
1029154 12.5253 16.2592 10.7667 21.361 5.88068 0.823267 60.9121
1029170 12.0131 16.0475 10.6857 22.4415 6.45156 1.24207 61.1879
1029173 11.2786 15.5761 10.8173 23.6572 6.98587 1.86366 61.3292
1029182 11.2786 15.5761 10.8173 23.6572 6.98587 1.86366 61.3292
1029195 10.4281 15.1913 10.8577 25.1141 7.72007 2.52125 61.5912
1029199 10.4281 15.1913 10.8577 25.1141 7.72007 2.52125 61.5912
1029219 9.21035 14.614 10.8881 26.706 8.63812 3.36293 61.4185
1029226 7.87663 13.7482 11.0095 28.5585 9.56831 4.39836 61.1928
1029234 7.87663 13.7482 11.0095 28.5585 9.56831 4.39836 61.1928
1029244 6.43661 12.9111 11.05 30.382 10.6148 5.45022 60.7797
1029252 5.05458 12.2377 11.1107 32.1669 11.6557 6.43521 60.5698
1029269 5.05458 12.2377 11.1107 32.1669 11.6557 6.43521 60.5698
1029272 3.72086 11.6123 11.2929 34 12.6178 7.41257 60.6261
1029282 3.72086 11.6123 11.2929 34 12.6178 7.41257 60.6261
1029295 2.58044 11.064 11.3637 34 13.1846 8.06312 59.0081
1029308 1.60432 10.7272 11.4143 34 13.7277 8.59354 57.7458
1029320 1.60432 10.7272 11.4143 34 13.7277 8.59354 57.7458
1029326 1.05344 10.4097 11.2929 34 14.1234 8.94082 56.756
1029334 0.724844 10.2847 11.394 34 14.257 9.14425 56.4036
1029346 0.724844 10.2847 11.394 34 14.257 9.14425 56.4036
1029352 0.69585 10.2847 11.3333 34 14.3195 9.15036 56.3138
1029372 0.69585 10.2847 11.3333 34 14.3195 9.15036 56.3138
1029378 0.69585 10.1885 11.2524 34 14.3579 9.18332 56.1367
1029387 0.666856 10.0826 11.1006 34 14.4651 9.22589 55.8501
1029399 0.666856 10.0826 11.1006 34 14.4651 9.22589 55.8501
1029406 0.69585 9.95755 11.1714 34 14.371 9.27491 55.8248
1029415 0.599204 9.82286 11.131 34 14.4424 9.37183 55.553
1029425 0.599204 9.82286 11.131 34 14.4424 9.37183 55.553
1029433 0.579875 9.61121 11.1613 34 14.3941 9.47662 55.3524
1029459 0.425242 9.23599 11.2119 34 14.3963 9.71805 54.8731
1029476 0.434906 9.0532 11.3637 34 14.245 9.81069 54.8518
1029478 0.434906 9.0532 11.3637 34 14.245 9.81069 54.8518
1029486 0.966458 8.97623 11.7077 34 13.6127 9.6401 55.6504
1029502 1.76862 9.11092 12.153 34 12.795 9.27719 57.0325
1029512 1.76862 9.11092 12.153 34 12.795 9.27719 57.0325
1029528 2.83172 9.38031 12.5071 34 11.9388 8.7608 58.7192
1029531 4.30074 9.38031 12.8411 34 10.8384 8.21849 60.5221
1029541 4.30074 9.67855 12.8411 34 10.9078 8.10463 60.8204
1029553 5.81808 9.99604 13.0738 33.6816 9.90329 7.41766 62.5695
1029559 5.81808 9.99604 13.0738 33.6816 9.90329 7.41766 62.5695
1029568 7.14213 10.1019 13.1952 32.0414 8.72507 6.72032 62.4807
1029578 8.3502 10.2077 13.1042 30.3048 7.68883 6.01557 61.9668
1029586 8.3502 10.2077 13.1042 30.3048 7.68883 6.01557 61.9668
1029604 9.31666 10.1115 13.1851 28.6742 6.64244 5.49 61.2875
1029612 9.31666 10.1115 13.1851 28.6742 6.64244 5.49 61.2875
1029621 9.99318 9.98642 13.8429 27.1016 5.4379 5.16172 60.924
1029630 10.4667 9.8421 15.4518 25.9149 3.98799 5.12143 61.6755
1029638 10.4667 9.8421 15.4518 25.9149 3.98799 5.12143 61.6755
1029655 10.7567 9.60158 17.6367 24.6703 2.34517 5.2538 62.6653
1029658 10.805 9.19751 19.7996 22.9818 0.627032 5.44222 62.784
1029684 10.9113 8.65874 21.346 20.811 -1.12899 5.48875 61.7271
1029693 10.9016 8.21619 22.2759 18.4569 -2.71696 5.41721 59.8506
1029708 10.9016 8.21619 22.2759 18.4569 -2.71696 5.41721 59.8506
1029712 11.0853 7.90832 22.8216 16.1384 -4.25349 5.16786 57.9536
1029721 11.0853 7.90832 22.8216 16.1384 -4.25349 5.16786 57.9536
1029735 11.3172 7.83135 23.8728 14.3183 -5.68555 4.98151 57.3397
1029738 11.7521 8.05263 25.2675 12.9339 -6.91008 4.75726 58.0062
1029748 11.7521 8.05263 25.2675 12.9339 -6.91008 4.75726 58.0062
1029768 12.3803 8.32201 26.7432 12.111 -7.84566 4.57175 59.5566
1029770 12.8442 8.44709 28.3502 11.8593 -8.49094 4.61413 61.5008
1029787 12.8442 8.44709 28.3502 11.8593 -8.49094 4.61413 61.5008
1029789 13.2405 8.46633 29.6237 11.9368 -8.87545 4.70709 63.2673
1029799 13.2405 8.46633 29.6237 11.9368 -8.87545 4.70709 63.2673
1029813 13.5787 8.16808 30.3312 11.8303 -9.35384 4.79155 63.9083
1029819 13.888 7.83135 30.5737 11.6464 -9.76863 4.80941 63.9394
1029829 13.888 7.83135 30.5737 11.6464 -9.76863 4.80941 63.9394
1029840 14.033 7.45614 30.5636 11.3075 -10.1929 4.82527 63.3602
1029857 14.0813 6.87889 30.5939 11.0268 -10.694 4.95212 62.5809
1029868 14.0813 6.87889 30.5939 11.0268 -10.694 4.95212 62.5809
1029876 14.4002 6.3305 30.4929 10.5911 -11.3126 4.93894 61.8147
1029894 14.4002 6.3305 30.4929 10.5911 -11.3126 4.93894 61.8147
1029896 14.5742 5.6378 30.1897 10.1748 -11.9482 4.99018 60.5765
1029904 14.5549 5.04131 29.9269 9.82631 -12.4745 5.0945 59.3494
1029922 14.5549 5.04131 29.9269 9.82631 -12.4745 5.0945 59.3494
1029923 14.6708 4.59875 29.7753 9.51651 -12.9483 5.12851 58.5614
1029933 14.8835 4.40634 29.7854 9.51651 -13.1187 5.12328 58.5917
1029948 14.8835 4.40634 29.7854 9.51651 -13.1187 5.12328 58.5917
1029959 14.9124 4.31975 29.8662 9.55524 -13.1721 5.16317 58.6537
1029974 14.9124 4.31975 29.8662 9.55524 -13.1721 5.16317 58.6537
1029977 15.0864 4.44482 29.8258 9.53588 -13.1304 5.05081 58.8929
1029985 15.3087 4.50255 29.4013 9.35194 -13.1716 4.85157 58.5645
1030001 15.3087 4.50255 29.4013 9.35194 -13.1716 4.85157 58.5645
1030003 15.415 4.54103 28.9869 9.15831 -13.2108 4.6959 58.1013
1030027 15.444 4.60838 28.7848 9.10991 -13.1631 4.6186 57.9471
1030029 15.444 4.60838 28.7848 9.10991 -13.1631 4.6186 57.9471
1030033 15.5406 4.59875 28.805 9.03246 -13.2443 4.57891 57.9769
1030059 15.56 4.53141 28.7848 8.99374 -13.3142 4.58454 57.8699
1030068 15.4827 4.51217 28.6938 9.03246 -13.2672 4.60788 57.7211
1030082 15.4827 4.51217 28.6938 9.03246 -13.2672 4.60788 57.7211
1030085 15.3764 4.53141 28.7545 9.13895 -13.1747 4.66746 57.8012
1030094 15.6083 5.27221 28.805 9.61333 -12.4487 4.4363 59.2988
1030112 15.6083 5.27221 28.805 9.61333 -12.4487 4.4363 59.2988
1030120 15.8886 6.61913 28.4512 10.1458 -11.2818 3.94961 61.1047
1030134 15.8886 6.61913 28.4512 10.1458 -11.2818 3.94961 61.1047
1030138 15.9466 7.84097 27.7943 10.5427 -10.2042 3.51298 62.1245
1030147 15.8596 8.93775 26.6926 10.8428 -9.13309 3.06535 62.3328
1030161 15.8596 8.93775 26.6926 10.8428 -9.13309 3.06535 62.3328
1030167 15.7533 10.4867 25.1867 10.9784 -7.80181 2.38564 62.405
1030177 15.502 12.103 23.5291 11.0171 -6.40013 1.67525 62.1512
1030204 15.0671 13.3056 21.6593 10.9784 -5.0985 1.0486 61.0104
1030216 15.0671 13.3056 21.6593 10.9784 -5.0985 1.0486 61.0104
1030221 14.5355 14.1619 19.7895 10.9009 -3.89907 0.503401 59.3878
1030229 14.2166 15.0855 18.0916 10.8235 -2.74801 -0.0997227 58.2171
1030248 14.1489 15.9128 16.6155 10.8331 -1.74683 -0.681574 57.5104
1030257 13.9943 16.6152 15.4113 11.2204 -0.685723 -1.04237 57.2412
1030270 13.9943 16.6152 15.4113 11.2204 -0.685723 -1.04237 57.2412
1030287 13.9363 17.2583 14.5512 12.2272 0.430375 -1.14266 57.973
1030298 13.9363 17.2583 14.5512 12.2272 0.430375 -1.14266 57.973
1030300 13.7334 17.6984 14.0655 14.1247 1.6874 -0.815526 59.6219
1030308 13.5497 18.0619 13.681 16.1868 2.8538 -0.425485 61.4794
1030325 13.5497 18.0619 13.681 16.1868 2.8538 -0.425485 61.4794
1030329 13.5691 18.215 12.9119 18.1964 3.94737 -0.161172 62.8923
1030338 13.801 18.3585 12.072 19.9909 4.85669 -0.0225502 64.2224
1030364 13.714 18.4637 11.3536 21.689 5.78236 0.198898 65.2203
1030379 13.714 18.4637 11.3536 21.689 5.78236 0.198898 65.2203
1030382 13.3275 18.5307 10.9488 22.7889 6.49557 0.429806 65.5958
1030392 12.6703 18.3585 10.7161 23.6476 7.11845 0.764975 65.3924
1030412 11.6362 17.9949 10.4631 24.5448 7.90564 1.24774 64.639
1030420 10.3991 17.4114 10.1899 25.2106 8.71406 1.80111 63.2109
1030438 10.3991 17.4114 10.1899 25.2106 8.71406 1.80111 63.2109
1030447 8.8141 16.6537 9.82559 25.7798 9.73986 2.48988 61.0731
1030463 8.8141 16.6537 9.82559 25.7798 9.73986 2.48988 61.0731
1030465 7.20011 15.9321 9.66369 26.8604 10.8659 3.36726 59.6563
1030473 5.80841 15.2875 9.60298 28.0278 11.8787 4.22335 58.7267
1030491 5.80841 15.2875 9.60298 28.0278 11.8787 4.22335 58.7267
1030499 4.4747 14.7295 9.68393 29.4268 12.8602 5.12044 58.3149
1030508 3.28596 14.0945 9.86607 30.7679 13.6649 6.01234 58.0144
1030521 3.28596 14.0945 9.86607 30.7679 13.6649 6.01234 58.0144
1030527 2.42581 13.652 10.028 31.9739 14.2787 6.69532 58.0796
1030537 1.86526 13.4211 10.2607 33.0834 14.659 7.17831 58.6305
1030554 1.78795 13.4211 10.5137 33.8167 14.6693 7.33667 59.5394
1030581 1.6913 13.3056 10.5744 34 14.705 7.44759 59.5713
1030589 1.63331 13.2479 10.625 34 14.7 7.49766 59.5062
1030606 1.63331 13.2479 10.625 34 14.7 7.49766 59.5062
1030608 1.556 13.0843 10.5036 34 14.8049 7.57388 59.1439
1030616 1.56566 13.0074 10.5036 33.7781 14.7466 7.57169 58.8547
1030635 1.56566 13.0074 10.5036 33.7781 14.7466 7.57169 58.8547
1030642 1.527 12.9881 10.3417 33.4983 14.8306 7.53786 58.3551
1030650 1.527 12.9881 10.3417 33.4983 14.8306 7.53786 58.3551
1030665 1.48835 13.0747 10.1696 33.1703 14.9332 7.45476 57.903
1030669 1.53667 13.142 10.028 32.9194 14.9658 7.3583 57.6261
1030678 1.53667 13.142 10.028 32.9194 14.9658 7.3583 57.6261
1030694 1.59466 13.2575 9.97738 32.6107 14.9269 7.24298 57.4402
1030695 1.68164 13.4692 9.86607 32.4081 14.9454 7.0849 57.4249
1030722 1.68164 13.4692 9.86607 32.4081 14.9454 7.0849 57.4249
1030725 2.12621 13.8347 10.1595 32.5528 14.5304 6.83906 58.6733
1030731 2.12621 13.8347 10.1595 32.5528 14.5304 6.83906 58.6733
1030739 3.02501 14.2484 10.5643 32.6107 13.7596 6.42734 60.4484
1030751 4.11711 14.8449 10.9387 32.273 12.8921 5.85045 62.1737
1030757 4.11711 14.8449 10.9387 32.273 12.8921 5.85045 62.1737
1030780 5.27686 15.249 11.05 31.3468 12.0262 5.21376 62.9226
1030784 6.73621 15.7397 11.0095 29.8031 10.9803 4.34598 63.2885
1030794 6.73621 15.7397 11.0095 29.8031 10.9803 4.34598 63.2885
1030809 8.43718 16.1726 10.9792 27.8156 9.68851 3.35582 63.4045
1030812 8.43718 16.1726 10.9792 27.8156 9.68851 3.35582 63.4045
1030822 9.93519 16.4901 10.6857 25.3842 8.50202 2.31489 62.4952
1030839 11.3076 16.5574 10.5643 22.8178 7.14459 1.35119 61.2471
1030843 11.3076 16.5574 10.5643 22.8178 7.14459 1.35119 61.2471
1030852 12.4287 16.3265 10.7363 20.3479 5.64406 0.583817 59.8394
1030867 13.4338 16.0187 11.4446 18.1481 3.93274 0.0356483 59.0452
1030871 13.4338 16.0187 11.4446 18.1481 3.93274 0.0356483 59.0452
1030879 14.5549 15.5857 12.6286 16.2255 1.96112 -0.32711 58.9947
1030898 15.444 15.0855 13.9036 14.4345 0.0732124 -0.558383 58.8675
1030905 15.444 15.0855 13.9036 14.4345 0.0732124 -0.558383 58.8675
1030926 16.2752 14.5563 15.0673 12.6532 -1.76464 -0.796989 58.5519
1030927 16.2752 14.5563 15.0673 12.6532 -1.76464 -0.796989 58.5519
1030933 16.9903 13.9791 16.2208 11.2107 -3.43376 -0.908681 58.4009
1030943 17.7408 13.5269 17.7883 10.3297 -4.91386 -0.795548 59.3858
1030957 17.7408 13.5269 17.7883 10.3297 -4.91386 -0.795548 59.3858
1030961 18.4624 13.2286 19.648 10.078 -6.02591 -0.479903 61.4171
1030970 16.7391 13.2286 21.3966 10.078 -6.03369 0.367876 61.4423
1030988 19.2032 12.7668 21.3966 10.1845 -6.94259 -0.0918013 63.5511
1030997 19.7516 12.2088 22.5285 10.0683 -7.7462 0.14789 64.5573
1031017 19.7516 12.2088 22.5285 10.0683 -7.7462 0.14789 64.5573
1031019 19.944 11.3718 23.1249 9.71982 -8.56337 0.357435 64.1605
1031023 19.944 10.4482 23.2967 9.31321 -9.31684 0.528004 63.0021
1031032 19.944 10.4482 23.2967 9.31321 -9.31684 0.528004 63.0021
1031050 19.8766 9.43803 23.3573 8.76139 -10.1877 0.684655 61.4334
1031052 19.8766 9.43803 23.6706 8.76139 -10.2628 0.757293 61.7467
1031062 19.7516 8.53367 23.6706 8.56777 -10.8721 0.979741 60.5236
1031078 19.5591 7.72552 24.0951 8.35478 -11.5402 1.29705 59.7346
1031082 19.5591 7.72552 24.0951 8.35478 -11.5402 1.29705 59.7346
1031092 19.2705 6.90775 24.6308 8.28702 -12.144 1.71066 59.0961
1031109 19.0204 6.27278 25.217 8.41287 -12.5383 2.12227 58.923
1031118 19.0204 6.27278 25.217 8.41287 -12.5383 2.12227 58.923
1031138 18.7895 5.88795 25.9043 8.57745 -12.7742 2.48592 59.1592
1031140 18.7895 5.88795 25.9043 8.57745 -12.7742 2.48592 59.1592
1031144 18.6452 5.68591 26.5208 8.8098 -12.8517 2.76548 59.6617
1031153 18.4912 5.64743 26.9251 9.02278 -12.7924 2.94805 60.0865
1031171 18.4912 5.64743 26.9251 9.02278 -12.7924 2.94805 60.0865
1031179 18.3373 5.61856 27.1272 9.13895 -12.7474 3.06624 60.222
1031199 18.0294 5.52235 27.0868 9.15831 -12.7246 3.18411 59.7969
1031201 18.0294 5.52235 27.0868 9.15831 -12.7246 3.18411 59.7969
1031208 17.8466 5.44539 26.8847 9.07118 -12.7493 3.20615 59.2479
1031228 17.4907 5.37804 26.6724 9.02278 -12.705 3.28525 58.5639
1031230 17.4907 5.37804 26.6724 9.02278 -12.705 3.28525 58.5639
1031243 17.3367 5.29145 26.3187 8.90661 -12.7293 3.26612 57.8535
1031258 17.3367 5.29145 26.3187 8.90661 -12.7293 3.26612 57.8535
1031261 17.077 5.29145 26.2277 8.92597 -12.6418 3.334 57.5221
1031269 16.913 5.16638 26.2985 8.94533 -12.6911 3.44478 57.3232
1031290 16.8164 5.16638 26.4298 9.0615 -12.6224 3.52557 57.4741
1031304 16.6811 5.5897 26.8038 9.48747 -12.1272 3.59119 58.562
1031321 16.6811 5.5897 26.8038 9.48747 -12.1272 3.59119 58.562
1031324 16.8357 6.60951 27.0565 9.95216 -11.3022 3.3654 60.4539
1031333 16.8357 6.60951 27.0565 9.95216 -11.3022 3.3654 60.4539
1031350 16.8454 7.59083 26.9453 10.3781 -10.4525 3.13001 61.7596
1031352 16.5941 8.43746 26.6017 10.8331 -9.57521 2.97838 62.4664
1031360 16.5941 8.43746 26.6017 10.8331 -9.57521 2.97838 62.4664
1031381 16.4298 9.77476 25.8436 11.1139 -8.46425 2.55367 63.1621
1031387 16.2558 11.4392 24.7521 11.2204 -7.20476 1.95017 63.6675
1031395 16.2558 11.4392 24.7521 11.2204 -7.20476 1.95017 63.6675
1031411 15.9176 12.5937 23.1653 11.0752 -6.14088 1.3695 62.7517
1031422 15.4537 13.3345 21.4168 10.6589 -5.2893 0.810217 60.8638
1031441 14.9898 13.9887 19.7188 10.3975 -4.36688 0.288817 59.0947
1031444 14.9898 13.9887 19.7188 10.3975 -4.36688 0.288817 59.0947
1031452 14.5259 14.5467 18.3442 10.2136 -3.51805 -0.133984 57.6303
1031472 14.1973 15.172 17.2224 10.1748 -2.67444 -0.521116 56.7665
1031478 14.1973 15.172 17.2224 10.1748 -2.67444 -0.521116 56.7665
1031487 13.8687 15.7397 16.3119 10.3007 -1.84105 -0.799282 56.2209
1031504 13.6561 16.4901 15.4417 10.7267 -0.835031 -1.05954 56.3145
1031508 13.6561 16.4901 15.4417 10.7267 -0.835031 -1.05954 56.3145
1031513 13.4918 17.3635 14.8548 11.9949 0.438392 -1.04124 57.7049
1031535 13.4918 17.3635 14.8548 11.9949 0.438392 -1.04124 57.7049
1031539 13.2501 18.2437 14.4298 14.6572 2.15454 -0.59595 60.5807
1031549 12.8926 18.6837 13.681 17.5885 3.85816 -0.073227 62.8458
1031565 12.8926 18.6837 13.681 17.5885 3.85816 -0.073227 62.8458
1031568 12.6413 18.9612 12.5071 19.962 5.37474 0.202898 64.0716
1031577 12.7669 19.2577 11.3435 21.7951 6.50002 0.256416 65.1632
1031595 12.7669 19.2577 11.3435 21.7951 6.50002 0.256416 65.1632
1031597 12.6219 19.4586 10.6655 23.2134 7.34717 0.408953 65.9594
1031603 12.6219 19.4586 10.6655 23.2134 7.34717 0.408953 65.9594
1031629 12.1484 19.583 10.2607 24.2264 8.07944 0.624245 66.2186
1031631 11.2013 19.516 9.89643 24.7957 8.8726 0.911527 65.4094
1031638 11.2013 19.516 9.89643 24.7957 8.8726 0.911527 65.4094
1031647 9.93519 19.0951 9.44107 25.1527 9.77284 1.31164 63.624
1031664 8.71745 18.502 9.14762 25.6061 10.5864 1.82361 61.9732
1031665 8.71745 18.502 9.14762 25.6061 10.5864 1.82361 61.9732
1031696 7.50938 17.9184 8.98571 26.5709 11.476 2.49134 60.9844
1031700 7.50938 17.9184 8.98571 26.5709 11.476 2.49134 60.9844
1031702 6.13701 17.3827 9.00595 27.6901 12.4261 3.2823 60.2158
1031706 4.91927 16.9134 9.05655 28.6356 13.2605 3.99652 59.5249
1031729 4.91927 16.9134 9.05655 28.6356 13.2605 3.99652 59.5249
1031732 3.98181 16.5959 8.91488 29.2724 14.0269 4.49491 58.765
1031736 3.29562 16.2592 9.05655 29.8513 14.4359 4.96549 58.4627
1031746 3.29562 16.2592 9.05655 29.8513 14.4359 4.96549 58.4627
1031763 2.87038 16.1341 9.12738 30.1986 14.7157 5.22578 58.3305
1031773 2.87038 16.1341 9.12738 30.1986 14.7157 5.22578 58.3305
1031793 2.70608 16.1822 9.26905 30.4302 14.7801 5.32816 58.5876
1031795 2.77374 16.24 9.42083 30.8258 14.711 5.37449 59.2603
1031802 2.77374 16.24 9.42083 30.8258 14.711 5.37449 59.2603
1031826 2.87038 16.2688 9.46131 30.9608 14.6479 5.35992 59.5613
1031827 2.93803 16.3169 9.33988 30.6521 14.6384 5.25015 59.2469
1031839 2.83172 16.2688 9.12738 30.0539 14.7403 5.16819 58.2818
1031860 2.89937 16.163 9.02619 29.6583 14.6743 5.09694 57.7469
1031866 2.89937 16.163 9.02619 29.6583 14.6743 5.09694 57.7469
1031874 2.83172 16.1437 8.94524 29.4654 14.7388 5.0801 57.3861
1031892 2.83172 16.1437 8.94524 29.4654 14.7388 5.0801 57.3861
1031894 2.88005 16.1245 8.91488 29.311 14.6952 5.03788 57.2304
1031900 2.93803 16.0572 8.90476 29.0795 14.6078 4.99892 56.9794
1031924 2.93803 16.0572 8.90476 29.0795 14.6078 4.99892 56.9794
1031926 3.4116 16.1341 9.12738 28.9444 14.1188 4.82302 57.6175
1031930 4.4747 16.3746 9.47143 28.5585 13.157 4.37689 58.8792
1031958 4.4747 16.3746 9.47143 28.5585 13.157 4.37689 58.8792
1031960 6.01137 16.5959 9.775 27.6901 11.8606 3.70998 60.0724
1031965 6.01137 16.5959 9.775 27.6901 11.8606 3.70998 60.0724
1031974 7.56737 16.6055 10.0583 26.4069 10.4665 3.04075 60.6382
1031992 9.24901 16.6055 10.1696 24.786 9.03341 2.24497 60.8102
1031992 9.24901 16.6055 10.1696 24.786 9.03341 2.24497 60.8102
1032024 11.2882 16.6152 10.372 22.924 7.30353 1.32172 61.1994
1032025 13.4628 16.6152 10.5845 20.9654 5.48992 0.358273 61.6278
1032029 13.4628 16.6152 10.5845 20.9654 5.48992 0.358273 61.6278
1032039 15.531 16.4131 10.6958 18.7656 3.64459 -0.606462 61.4056
1032058 15.531 16.4131 10.6958 18.7656 3.64459 -0.606462 61.4056
1032059 17.1443 16.0379 10.7262 16.4869 1.92661 -1.48252 60.3953
1032066 18.395 15.5857 10.9387 14.4926 0.31333 -2.15852 59.412
1032091 19.3475 15.0758 11.5054 12.9243 -1.21181 -2.54712 58.8529
1032100 20.1556 14.6237 12.5173 11.6657 -2.70661 -2.6957 58.9623
1032109 20.1556 14.6237 12.5173 11.6657 -2.70661 -2.6957 58.9623
1032127 20.8964 14.2388 14.1565 10.9784 -4.07988 -2.48888 60.2702
