1953724 10.809 14.6861 13.9269 10.6439 0.296709 -0.276902 50.066
1953731 11.1726 14.7379 14.4313 11.0808 0.104398 -0.116244 51.4227
1953740 11.1726 14.7379 14.4313 11.0808 0.104398 -0.116244 51.4227
1953750 11.3164 14.4703 14.6088 11.1877 -0.129494 0.00285387 51.5832
1953760 11.3841 13.7882 14.8516 10.947 -0.735945 0.184337 50.971
1953786 11.3672 13.0457 14.7489 10.5637 -1.26024 0.271413 49.7255
1953795 11.2995 11.9924 14.6835 10.225 -1.95314 0.503086 48.2004
1953817 11.1557 11.1204 14.7396 10.0467 -2.51169 0.800049 47.0623
1953821 11.1557 11.1204 14.7396 10.0467 -2.51169 0.800049 47.0623
1953831 11.105 10.162 15.1692 10.1804 -3.18117 1.31368 46.6166
1953846 11.0204 9.3677 15.6643 10.4033 -3.72061 1.83383 46.4556
1953853 11.0204 9.3677 15.6643 10.4033 -3.72061 1.83383 46.4556
1953863 11.0542 8.67699 16.1407 10.6439 -4.23186 2.27451 46.5158
1953872 11.1134 8.10716 16.4956 10.7955 -4.67968 2.60273 46.5117
1953899 11.1388 7.58913 16.561 10.7509 -5.08241 2.7967 46.0398
1953909 11.2403 7.11427 16.4863 10.6261 -5.4909 2.88929 45.4669
1953914 11.2403 7.11427 16.4863 10.6261 -5.4909 2.88929 45.4669
1953924 11.308 6.69985 16.2994 10.4389 -5.84891 2.92669 44.7462
1953943 11.308 6.69985 16.2994 10.4389 -5.84891 2.92669 44.7462
1953944 11.5025 6.41493 16.1593 10.3141 -6.15712 2.89114 44.3909
1953955 11.7139 6.4063 16.094 10.225 -6.2876 2.76739 44.4391
1953965 11.7139 6.4063 16.094 10.225 -6.2876 2.76739 44.4391
1953984 11.9423 6.484 16.1407 10.225 -6.34824 2.65874 44.7919
1953985 11.9761 6.5358 16.122 10.1893 -6.34325 2.61004 44.8232
1953995 11.9761 6.5358 16.122 10.1893 -6.34325 2.61004 44.8232
1954005 12.1453 6.59624 16.0379 10.1358 -6.37374 2.48208 44.9152
1954015 12.1453 6.59624 16.0379 10.1358 -6.37374 2.48208 44.9152
1954025 12.3229 6.69121 15.7857 9.92187 -6.42615 2.24505 44.7217
1954037 12.4413 6.80345 15.711 9.87729 -6.39681 2.12239 44.833
1954050 12.4413 6.80345 15.711 9.87729 -6.39681 2.12239 44.833
1954059 12.5428 6.85526 15.9071 10.0199 -6.38429 2.16073 45.3251
1954066 12.4582 6.80345 16.2527 10.2517 -6.36705 2.37385 45.7661
1954080 12.4582 6.80345 16.2527 10.2517 -6.36705 2.37385 45.7661
1954091 12.4328 6.74302 16.533 10.43 -6.38984 2.53164 46.1388
1954097 12.4328 6.74302 16.533 10.43 -6.38984 2.53164 46.1388
1954107 12.492 6.75165 16.7104 10.5815 -6.37645 2.59423 46.5357
1954120 12.2468 6.61351 17.0707 10.9292 -6.28187 2.92562 46.8602
1954130 12.2468 6.61351 17.0707 10.9292 -6.28187 2.92562 46.8602
1954139 11.9085 6.484 17.7075 11.3571 -6.20289 3.3732 47.4571
1954150 11.2995 6.22499 18.2735 11.9455 -5.97073 3.98834 47.7434
1954161 11.2995 6.22499 18.2735 11.9455 -5.97073 3.98834 47.7434
1954171 10.3692 5.98324 18.5868 12.3912 -5.58918 4.63516 47.3304
1954180 9.701 5.98324 18.6171 12.5784 -5.20293 4.96311 46.8798
1954191 9.701 6.01778 18.6171 12.5784 -5.18069 4.94841 46.9143
1954205 9.8194 6.71712 17.8995 12.3555 -4.61957 4.39776 46.7916
1954216 9.8194 6.71712 17.8995 12.3555 -4.61957 4.39776 46.7916
1954223 10.2677 7.89132 16.8132 11.8385 -3.92595 3.36228 46.8107
1954231 10.8935 9.35043 15.4868 11.0629 -3.18792 2.02135 46.7937
1954251 11.6294 11.0513 13.8709 10.0378 -2.36706 0.395365 46.5893
1954265 12.5259 12.8644 11.9187 8.78972 -1.51329 -1.52343 46.0987
1954271 12.5259 12.8644 11.9187 8.78972 -1.51329 -1.52343 46.0987
1954281 13.5662 14.6171 9.92912 7.8537 -0.55722 -3.39394 45.966
1954309 14.4627 16.0848 8.22912 7.5506 0.509208 -4.78157 46.3272
1954318 15.1308 17.7653 7.36044 8.83429 2.09221 -5.10322 49.0909
1954327 15.1308 17.7653 7.36044 8.83429 2.09221 -5.10322 49.0909
1954337 15.3423 19.1142 7.33242 11.5621 3.74953 -4.37535 53.3511
1954348 15.3423 19.1142 7.3511 11.5621 3.73947 -4.36857 53.3698
1954354 15.1055 19.6213 7.3511 13.5501 4.81538 -3.72805 55.6279
1954364 14.4373 19.5543 7.08956 14.7625 5.72576 -3.26078 55.8436
1954372 14.4373 19.5543 7.08956 14.7625 5.72576 -3.26078 55.8436
1954382 13.3547 19.2673 6.85604 15.5826 6.64681 -2.77423 55.0607
1954393 11.8831 18.7507 6.63187 16.162 7.67289 -2.20107 53.4277
1954402 11.8831 18.7507 6.63187 16.162 7.67289 -2.20107 53.4277
1954417 10.2507 17.9088 6.19286 16.5008 8.83229 -1.61227 50.8532
1954422 8.5592 17.0765 5.95934 17.0193 10.0676 -0.81985 48.6144
1954437 8.5592 17.0765 5.95934 17.0193 10.0676 -0.81985 48.6144
1954444 7.11294 16.4474 5.85659 17.8008 11.2663 0.0308204 47.2178
1954456 7.11294 16.4474 5.85659 17.8008 11.2663 0.0308204 47.2178
1954464 5.76816 15.7567 5.91264 18.7367 12.3514 1.01499 46.1742
1954478 4.77015 15.3941 6.08077 19.5471 13.152 1.7897 45.7921
1954502 4.12736 15.0401 6.13681 20.0778 13.6914 2.32925 45.382
1954505 3.76368 14.7552 6.2956 20.5119 13.9035 2.74298 45.3264
1954531 3.63682 14.6948 6.37967 20.5795 13.942 2.85739 45.2907
1954536 3.63682 14.6948 6.37967 20.5795 13.942 2.85739 45.2907
1954546 3.55224 14.712 6.35165 20.7049 14.0736 2.91001 45.3208
1954556 3.48458 14.6948 6.38901 20.8689 14.1349 2.99707 45.4373
1954571 3.48458 14.6948 6.38901 20.8689 14.1349 2.99707 45.4373
1954577 3.53532 14.5739 6.56648 21.168 13.9823 3.14937 45.8437
1954588 3.48458 14.3667 6.63187 21.6407 14.0334 3.38914 46.1239
1954614 3.42537 14.2199 6.72527 21.7276 13.9902 3.51671 46.0981
1954619 3.28159 13.9868 6.76264 21.9881 14.0869 3.74268 46.0191
1954645 3.29005 13.8055 6.69725 21.9881 14.0923 3.79737 45.7809
1954654 3.29005 13.8055 6.69725 21.9881 14.0923 3.79737 45.7809
1954660 3.21393 13.9436 6.65055 21.9012 14.2096 3.73914 45.7094
1954679 3.33234 14.3149 6.63187 21.9495 14.2229 3.54785 46.2286
1954680 3.33234 14.3149 6.63187 21.9495 14.2229 3.54785 46.2286
1954690 3.40846 14.8588 6.47308 21.6407 14.3475 3.18445 46.3811
1954709 3.47612 15.2819 6.38901 21.525 14.4314 2.94266 46.672
1954723 3.47612 15.2819 6.38901 21.525 14.4314 2.94266 46.672
1954727 3.57761 15.7654 6.46374 21.6215 14.4141 2.76488 47.4282
1954732 3.57761 15.7654 6.46374 21.6215 14.4141 2.76488 47.4282
1954745 3.70448 16.3266 6.43571 22.046 14.5489 2.61292 48.5127
1954754 3.83134 16.7237 6.47308 22.1328 14.5197 2.45647 49.1609
1954771 3.86517 16.905 6.4544 22.017 14.5215 2.34595 49.2416
1954781 3.89055 17.0191 6.37967 21.8916 14.5587 2.24526 49.181
1954797 3.89055 17.0191 6.37967 21.8916 14.5587 2.24526 49.181
1954803 3.85672 16.9482 6.26758 21.8048 14.6431 2.23031 48.8773
1954813 3.85672 16.9482 6.25824 21.8048 14.6507 2.22787 48.8679
1954834 3.78905 16.8187 6.25824 21.6504 14.6455 2.25725 48.5164
1954837 3.80597 16.7928 6.14615 21.4671 14.6788 2.18238 48.212
1954842 3.80597 16.7928 6.14615 21.4671 14.6788 2.18238 48.212
1954857 3.68756 16.5338 6.07143 21.2548 14.7377 2.24141 47.5476
1954864 3.60299 16.4129 6.04341 21.0908 14.7705 2.26457 47.1501
1954879 3.60299 16.4129 6.04341 21.0908 14.7705 2.26457 47.1501
1954884 3.54378 16.2834 6.06209 21.0715 14.7725 2.33379 46.9608
1954894 3.46766 16.1021 6.02473 21.1969 14.8567 2.45299 46.7914
1954904 3.46766 16.1021 6.02473 21.1969 14.8567 2.45299 46.7914
1954919 3.38308 15.8172 6.10879 21.332 14.8245 2.6502 46.6411
1954936 3.33234 15.3768 6.12747 21.332 14.7552 2.84294 46.1687
1954946 3.24776 15.0229 6.30494 21.7276 14.6846 3.16239 46.3031
1954972 3.4 14.8156 6.56648 22.1714 14.3869 3.36149 46.9535
1954975 3.55224 14.4703 6.83736 22.702 14.0778 3.63217 47.5619
1954985 3.55224 14.4703 6.83736 22.702 14.0778 3.63217 47.5619
1954995 3.88209 14.099 7.10824 22.9818 13.5687 3.77844 48.0712
1955011 3.88209 14.099 7.10824 22.9818 13.5687 3.77844 48.0712
1955016 4.29652 13.7537 7.40714 23.3292 13.0052 3.9005 48.7865
1955026 4.96468 13.4688 7.9956 23.6476 12.0595 3.95686 50.0766
1955057 5.43831 13.0112 8.58407 23.5607 11.1423 4.06033 50.5943
1955064 5.78507 12.6227 9.22857 23.416 10.2958 4.18302 51.0523
1955074 5.78507 12.6227 9.22857 23.416 10.2958 4.18302 51.0523
1955082 6.08955 12.355 9.82637 22.6056 9.35827 4.12392 50.8765
1955091 6.08955 12.355 9.82637 22.6056 9.35827 4.12392 50.8765
1955102 6.37711 12.2859 10.0038 20.9364 8.48804 3.71262 49.6033
1955109 6.73234 12.4241 9.6956 18.042 7.48397 2.74487 46.894
1955123 6.73234 12.4241 9.6956 18.042 7.48397 2.74487 46.894
1955129 7.08756 12.6917 9.44341 14.8873 6.26163 1.54774 44.1099
1955139 7.73881 13.2357 9.63022 12.3377 4.77636 0.347021 42.9424
1955149 7.73881 13.2357 9.63022 12.3377 4.77636 0.347021 42.9424
1955159 8.5 13.9868 10.5643 10.8757 3.29994 -0.357454 43.9268
1955174 8.5 13.9868 10.5643 10.8757 3.29994 -0.357454 43.9268
1955180 9.25274 14.7725 12.3203 10.6261 2.03608 -0.344495 46.9717
1955190 9.92935 14.9538 14.1698 11.054 0.952294 0.101978 50.1069
1955200 9.92935 14.9538 14.1698 11.054 0.952294 0.101978 50.1069
1955215 10.1831 14.0559 16.0192 11.99 -0.0748396 1.08243 52.2482
1955221 10.1831 12.4154 17.6468 12.4803 -1.39124 2.14184 52.7257
1955233 10.1831 12.4154 17.6468 12.4803 -1.39124 2.14184 52.7257
1955242 9.95473 10.0843 18.7687 12.5338 -2.97289 3.29076 51.3416
1955255 9.82786 8.1417 19.4661 12.4803 -4.34327 4.20012 49.916
1955266 9.82786 8.1417 19.4661 12.4803 -4.34327 4.20012 49.916
1955277 9.84478 6.94159 19.9512 12.4358 -5.2969 4.75887 49.1734
1955283 9.84478 6.94159 19.9512 12.4358 -5.2969 4.75887 49.1734
1955292 9.98856 6.22499 19.9512 12.2307 -5.93241 4.94935 48.3955
1955302 10.1323 5.7933 19.7087 11.9455 -6.35893 4.95857 47.5798
1955312 10.1323 5.7933 19.7087 11.9455 -6.35893 4.95857 47.5798
1955322 10.1662 5.60335 19.2539 11.6691 -6.50402 4.86806 46.6925
1955337 10.2592 5.56882 18.8294 11.3928 -6.58358 4.68862 46.0502
1955348 10.2592 5.56882 18.8294 11.3928 -6.58358 4.68862 46.0502
1955354 10.3184 5.52565 18.4655 11.1342 -6.66979 4.54045 45.4438
1955364 10.3184 5.52565 18.4655 11.1342 -6.66979 4.54045 45.4438
1955380 10.4453 5.56018 17.9804 10.8757 -6.68153 4.29677 44.8616
1955385 10.5214 5.58608 17.9298 10.742 -6.76828 4.20876 44.7793
1955417 10.6905 5.61199 17.8995 10.6529 -6.8695 4.09649 44.8549
1955423 10.8597 5.68106 17.9096 10.5994 -6.93062 3.98501 45.0498
1955431 10.8597 5.68106 17.9096 10.5994 -6.93062 3.98501 45.0498
1955443 11.0542 5.69832 17.8086 10.5726 -6.97474 3.86473 45.1337
1955465 11.2741 5.82783 17.7985 10.3587 -7.11795 3.66396 45.2591
1955470 11.7224 6.03504 17.8995 10.4033 -7.15564 3.4342 46.0602
1955479 11.7224 6.03504 17.8995 10.4033 -7.15564 3.4342 46.0602
1955488 12.1622 6.18182 17.8288 10.225 -7.31942 3.13907 46.3977
1955496 12.602 6.41493 17.6367 10.1002 -7.33825 2.79762 46.7538
1955515 12.602 6.41493 17.6367 10.1002 -7.33825 2.79762 46.7538
1955524 12.991 6.58761 17.3537 9.81489 -7.4562 2.43543 46.7473
1955532 12.991 6.58761 17.3537 9.81489 -7.4562 2.43543 46.7473
1955541 13.507 6.76892 16.8973 9.39591 -7.64423 1.93818 46.569
1955547 14.0567 7.07974 16.4022 9.0839 -7.66543 1.39942 46.6226
1955574 14.8517 8.10716 16.0659 8.81647 -7.31275 0.603086 47.8413
1955583 15.41 8.45251 15.3841 8.4688 -7.26847 -0.00301749 47.7153
1955590 15.41 8.45251 15.3841 8.4688 -7.26847 -0.00301749 47.7153
1955599 16.1627 9.53174 14.4313 7.95176 -6.81738 -1.03313 48.0775
1955609 16.1627 9.53174 14.4313 7.95176 -6.81738 -1.03313 48.0775
1955619 16.7886 10.5851 13.4038 7.39906 -6.33518 -2.04583 48.1765
1955631 17.5195 11.7765 12.2643 6.76612 -5.81522 -3.18634 48.3265
1955655 17.9813 12.7435 10.9659 6.24017 -5.19684 -4.2307 47.931
1955659 18.3758 13.5292 9.45275 5.64289 -4.60442 -5.36461 47.0006
1955669 18.3758 13.5292 9.45275 5.64289 -4.60442 -5.36461 47.0006
1955679 18.5008 14.2803 8.04231 5.00996 -3.95609 -6.45672 45.8335
1955694 18.5008 14.2803 6.8467 5.00996 -3.39244 -7.03143 44.6379
1955703 18.5297 14.9624 6.8467 4.7871 -3.11733 -7.26577 45.1259
1955710 18.3373 15.7136 6.01538 4.98322 -2.02883 -7.67565 45.0495
1955725 18.3373 15.7136 6.01538 4.98322 -2.02883 -7.67565 45.0495
1955730 18.0968 16.3611 5.58571 5.87467 -0.78766 -7.51253 45.9183
1955740 17.6157 17.1531 5.58571 7.75564 0.887159 -6.68075 48.1102
1955755 17.6157 17.1531 5.58571 7.75564 0.887159 -6.68075 48.1102
1955761 16.907 18.0523 5.93132 10.1447 2.62503 -5.55005 51.0354
1955780 15.6383 18.2532 6.03407 12.0881 4.16667 -4.54766 52.0137
1955781 15.6383 18.2532 6.03407 12.0881 4.16667 -4.54766 52.0137
1955795 13.896 18.0619 5.93132 13.7997 5.82052 -3.54822 51.6889
1955801 13.896 18.0619 5.93132 13.7997 5.82052 -3.54822 51.6889
1955811 11.7393 17.6697 5.73516 15.3686 7.70293 -2.46626 50.5128
1955830 9.59104 17.2487 5.55769 16.8485 9.6193 -1.35046 49.2459
1955835 9.59104 17.2487 5.55769 16.8485 9.6193 -1.35046 49.2459
1955843 7.70498 16.7928 5.53901 18.1192 11.2489 -0.261515 48.156
1955852 6.08109 16.7928 5.64176 19.3927 12.7653 0.676482 47.9084
1955866 6.08109 16.2575 5.64176 19.3927 12.6271 0.85362 47.3731
1955873 4.9393 15.9467 5.94066 20.4926 13.5037 1.75847 47.3193
1955899 4.19502 15.6618 6.06209 21.1969 14.115 2.35661 47.1158
1955902 3.71294 15.4286 6.21154 21.5153 14.4124 2.74768 46.8684
1955917 3.71294 15.4286 6.21154 21.5153 14.4124 2.74768 46.8684
1955924 3.44229 15.2301 6.2956 21.5636 14.5362 2.96148 46.5315
1955939 3.24776 14.9797 6.32363 21.5153 14.6113 3.12967 46.0664
1955944 3.24776 14.9797 6.32363 21.5153 14.6113 3.12967 46.0664
1955962 3.33234 14.9106 6.25824 21.525 14.5814 3.10918 46.0262
1955965 3.33234 14.9106 6.25824 21.525 14.5814 3.10918 46.0262
1955975 3.41692 15.1783 6.21154 21.3031 14.5592 2.90158 46.1098
1955985 3.50149 15.4373 6.12747 21.2741 14.6106 2.73935 46.3404
1956000 3.50149 15.4373 6.12747 21.2741 14.6106 2.73935 46.3404
1956009 3.59453 15.7049 6.13681 21.1583 14.5574 2.57402 46.5946
1956016 3.6199 15.9553 6.07143 21.0715 14.6279 2.4298 46.7181
1956026 3.6199 15.9553 6.07143 21.0715 14.6279 2.4298 46.7181
1956036 3.72985 16.1971 5.97802 20.618 14.5666 2.15028 46.523
1956046 3.70448 16.1971 5.88462 20.618 14.6679 2.13379 46.4042
1956061 3.70448 16.3093 5.88462 20.3672 14.6369 2.02247 46.2656
1956068 3.73831 16.387 5.71648 19.9716 14.6812 1.82134 45.8134
1956082 3.73831 16.387 5.71648 19.9716 14.6812 1.82134 45.8134
1956096 3.74677 16.5165 5.53901 19.769 14.8118 1.6605 45.5713
1956099 3.6791 16.6115 5.61374 19.7883 14.8311 1.678 45.6926
1956110 3.6791 16.6115 5.61374 19.7883 14.8311 1.678 45.6926
1956117 3.69602 16.6546 5.59506 19.962 14.8807 1.70114 45.9077
1956134 3.60299 16.4474 5.81923 20.5312 14.8469 2.03661 46.4009
1956159 3.60299 16.4733 5.9033 21.0329 14.8896 2.18874 47.0125
1956176 3.67065 16.646 6.04341 21.2645 14.8014 2.20198 47.6245
1956186 3.72985 16.8705 5.9967 21.2452 14.8348 2.08232 47.8422
1956194 3.72985 16.8705 5.9967 21.2452 14.8348 2.08232 47.8422
1956199 3.75522 17.0957 5.88462 21.0329 14.9098 1.90502 47.7684
1956215 3.72139 17.1531 5.76319 20.6373 14.9687 1.75338 47.275
1956220 3.72139 17.1531 5.76319 20.6373 14.9687 1.75338 47.275
1956233 3.899 17.2009 5.79121 20.2707 14.7266 1.57819 47.1618
1956256 4.23731 17.507 5.86593 19.9427 14.3768 1.28202 47.553
1956260 4.47413 17.7845 5.83791 19.1322 14.0829 0.861198 47.2287
1956281 4.47413 17.7845 5.83791 19.1322 14.0829 0.861198 47.2287
1956283 5.21841 18.2054 5.95 18.1385 13.2468 0.20984 47.5123
1956291 6.33483 18.7029 5.98736 16.8663 12.1353 -0.684064 47.8913
1956317 7.46816 19.1047 6.10879 15.538 10.9218 -1.53237 48.2196
1956335 8.58458 19.3056 6.74396 14.397 9.36855 -2.06478 49.0311
1956344 9.28657 19.3343 8.41593 13.8353 7.60098 -1.87811 50.8721
1956356 9.28657 19.3343 8.41593 13.8353 7.60098 -1.87811 50.8721
1956364 9.87861 19.3247 10.3401 13.3985 5.90482 -1.5483 52.942
1956378 10.2761 19.0568 10.9192 12.0703 4.74546 -1.81857 52.3225
1956384 10.2761 19.0568 10.9192 12.0703 4.74546 -1.81857 52.3225
1956394 10.7159 18.5594 10.8632 10.5459 3.71226 -2.328 50.6844
1956406 11.1726 17.8323 11.078 9.35134 2.49471 -2.60211 49.4343
1956419 11.1726 17.8323 11.078 9.35134 2.49471 -2.60211 49.4343
1956429 11.5194 16.7151 11.7225 8.70058 1.11685 -2.40807 48.6576
1956436 11.5194 16.7151 11.7225 8.70058 1.11685 -2.40807 48.6576
1956445 11.6716 15.325 12.5071 8.47771 -0.195926 -1.87942 47.9815
1956456 11.6632 13.7796 13.3011 8.44206 -1.4531 -1.17607 47.1859
1956465 11.6632 13.7796 13.3011 8.44206 -1.4531 -1.17607 47.1859
1956480 11.4517 12.1046 14.3286 8.80755 -2.60649 -0.135002 46.6925
1956486 11.2065 10.4901 15.3747 9.35134 -3.62957 0.978886 46.4226
1956504 11.2065 10.4901 15.3747 9.35134 -3.62957 0.978886 46.4226
1956515 11.0881 9.28136 16.5797 9.92187 -4.51479 1.96245 46.871
1956516 11.0881 9.28136 16.5797 9.92187 -4.51479 1.96245 46.871
1956530 10.9612 8.33164 17.7681 10.4122 -5.25851 2.80815 47.4731
1956537 10.9697 7.54596 18.6778 10.742 -5.92436 3.41214 47.9354
1956556 10.9697 7.54596 18.6778 10.742 -5.92436 3.41214 47.9354
1956557 10.9104 6.76892 19.082 10.7509 -6.56285 3.83698 47.5123
1956571 10.8766 6.26816 19.2943 10.7687 -6.95542 4.1047 47.2078
1956580 10.8766 6.26816 19.2943 10.7687 -6.95542 4.1047 47.2078
1956587 10.902 5.68969 19.5065 10.7598 -7.4475 4.37748 46.8581
1956606 10.902 5.68969 19.5065 10.7598 -7.4475 4.37748 46.8581
1956612 10.8851 5.3357 19.5166 10.7242 -7.71704 4.52633 46.4616
1956619 10.902 5.19756 19.5672 10.8044 -7.7829 4.60674 46.4711
1956639 11.0204 5.11122 19.739 10.9649 -7.8377 4.66705 46.8355
1956649 11.1642 5.14576 19.7289 10.9292 -7.88734 4.58232 46.968
1956660 11.1642 5.14576 19.7289 10.9292 -7.88734 4.58232 46.968
1956674 11.2995 5.22346 19.5672 10.7777 -7.92951 4.42368 46.8678
1956684 11.2995 5.22346 19.5672 10.7777 -7.92951 4.42368 46.8678
1956690 11.4179 5.2062 19.2235 10.5013 -8.05517 4.23982 46.349
1956709 11.5109 5.29253 19.0012 10.3498 -8.05439 4.07788 46.1544
1956711 11.5109 5.29253 19.0012 10.3498 -8.05439 4.07788 46.1544
1956720 11.6886 5.38751 18.6677 10.1804 -8.05041 3.84503 45.9241
1956739 11.9169 5.38751 18.415 9.98427 -8.18322 3.64133 45.7037
1956759 12.0945 5.53428 18.2229 9.87729 -8.14903 3.43483 45.729
1956765 12.0945 5.53428 18.2229 9.87729 -8.14903 3.43483 45.729
1956771 12.2129 5.59472 18.0916 9.73466 -8.20395 3.29314 45.6339
1956784 12.3483 5.68106 18.132 9.72575 -8.21225 3.21281 45.887
1956791 12.3483 5.68106 18.132 9.72575 -8.21225 3.21281 45.887
1956810 12.6443 5.75013 18.0612 9.67226 -8.28302 3.03691 46.1279
1956812 12.8557 5.871 18.0916 9.56529 -8.36018 2.88792 46.3836
1956822 12.8557 5.871 18.0916 9.56529 -8.36018 2.88792 46.3836
1956835 13.1433 5.96597 17.9298 9.49397 -8.38822 2.68021 46.5331
1956860 13.4308 6.02641 17.8187 9.31568 -8.53557 2.47161 46.5916
1956862 13.7522 6.17318 17.5963 9.04824 -8.65747 2.16421 46.57
1956887 13.7522 6.17318 17.5963 9.04824 -8.65747 2.16421 46.57
1956888 14.192 6.4063 17.4952 8.91453 -8.70406 1.85439 47.0081
1956894 14.5896 6.54444 17.1819 8.72732 -8.76838 1.52262 47.0432
1956922 15.0801 6.76892 16.9626 8.45988 -8.89221 1.13393 47.2715
1956926 15.0801 6.76892 16.9626 8.45988 -8.89221 1.13393 47.2715
1956936 15.6721 7.03657 16.6637 8.18353 -8.9977 0.674542 47.556
1956943 16.3488 7.28695 16.4209 7.88936 -9.17353 0.211029 47.9459
1956964 17.0481 7.6841 16.178 7.613 -9.23734 -0.290946 48.5232
1956974 18.0102 8.05536 15.711 7.35448 -9.31761 -0.915941 49.131
1956989 18.0102 8.05536 15.711 7.35448 -9.31761 -0.915941 49.131
1956995 19.0781 8.45251 15.2533 6.86418 -9.57474 -1.63545 49.6481
1957011 19.9728 8.45251 14.4407 6.34714 -9.96372 -2.3279 49.2132
1957015 19.9728 8.78923 14.4407 6.34714 -9.72612 -2.41401 49.5499
1957038 20.858 9.29 13.4786 5.7677 -9.75764 -3.31061 49.3942
1957040 20.858 9.29 13.4786 5.7677 -9.75764 -3.31061 49.3942
1957046 21.4641 10.2052 12.5165 5.25066 -9.36795 -4.21818 49.4364
1957062 21.6661 10.965 11.461 4.83167 -8.85586 -5.00935 48.9237
1957072 21.6661 10.965 11.461 4.83167 -8.85586 -5.00935 48.9237
1957077 21.3198 11.6816 10.4615 4.63555 -8.03778 -5.58362 48.0984
1957089 20.6752 12.4845 9.51813 4.68904 -6.87176 -6.00182 47.3668
1957097 20.6752 12.4845 9.51813 4.68904 -6.87176 -6.00182 47.3668
1957115 19.8093 13.132 8.55604 4.87625 -5.58347 -6.31039 46.3736
1957119 19.8093 13.132 8.55604 4.87625 -5.58347 -6.31039 46.3736
1957127 18.7895 13.7709 7.48187 5.28631 -3.97877 -6.54959 45.3286
1957140 17.5965 14.5394 6.73462 6.258 -1.9576 -6.36291 45.1285
1957152 17.5965 14.5394 6.73462 6.258 -1.9576 -6.36291 45.1285
1957166 16.1627 15.1869 6.2022 7.93393 0.415483 -5.67655 45.4857
1957169 14.4965 15.6704 6.21154 10.1893 2.76567 -4.43421 46.5677
1957179 14.4965 15.6704 6.21154 10.1893 2.76567 -4.43421 46.5677
1957194 12.8219 15.9812 6.37967 12.6675 4.9358 -3.05825 47.8503
1957200 12.8219 15.9812 6.37967 12.6675 4.9358 -3.05825 47.8503
1957211 10.8766 16.4129 6.65989 15.3865 7.22743 -1.59412 49.3359
1957230 8.74527 16.6719 6.8467 17.7719 9.41916 -0.23942 50.0357
1957249 6.61393 16.9482 6.62253 19.277 11.6195 0.70884 49.4616
1957250 4.97313 17.4114 6.17418 19.7883 13.4716 1.11009 48.347
1957260 4.97313 17.4114 6.17418 19.7883 13.4716 1.11009 48.347
1957271 3.97512 17.8993 5.68846 19.7208 14.7813 1.12137 47.2836
1957281 3.97512 17.8993 5.68846 19.7208 14.7813 1.12137 47.2836
1957296 3.72985 18.4637 5.46429 19.4024 15.2315 0.852029 47.0602
1957301 3.88209 18.8655 5.22143 18.727 15.2524 0.385745 46.696
1957311 3.88209 18.8655 5.22143 18.727 15.2524 0.385745 46.696
1957323 3.93284 18.9229 5.07198 18.1192 15.2221 0.109266 46.0469
1957336 3.94129 18.7985 4.90385 17.5789 15.2204 -0.0852764 45.2226
1957352 3.94975 18.7603 4.94121 17.4052 15.1335 -0.121044 45.0564
1957362 3.94975 18.7603 4.94121 17.4052 15.1335 -0.121044 45.0564
1957373 4.07662 18.942 5.09066 17.9262 15.0433 -0.000577569 46.0355
1957390 4.11045 19.363 5.20275 18.1288 15.0511 -0.0454572 46.805
1957400 4.11045 19.363 5.20275 18.1288 15.0511 -0.0454572 46.805
1957404 4.16965 19.6021 5.06264 17.9455 15.1322 -0.244861 46.7799
1957412 4.20348 19.937 4.87582 17.5114 15.2431 -0.565237 46.5276
1957428 4.20348 19.937 4.87582 17.5114 15.2431 -0.565237 46.5276
1957432 4.29652 20.157 4.76374 17.0868 15.2166 -0.843214 46.3041
1957454 4.29652 20.157 4.76374 17.0868 15.2166 -0.843214 46.3041
1957456 4.24577 20.4344 4.67967 16.6523 15.301 -1.09152 46.0122
1957464 4.40647 20.7406 4.52088 16.376 15.3056 -1.38461 46.0439
1957483 4.47413 21.085 4.44615 16.269 15.3615 -1.57018 46.2743
1957494 4.51642 21.4198 4.40879 16.1709 15.4063 -1.72731 46.516
1957509 4.51642 21.4198 4.40879 16.1709 15.4063 -1.72731 46.516
1957515 4.59254 21.6494 4.39945 16.162 15.3939 -1.82053 46.8034
1957533 4.601 21.7929 4.5022 16.3671 15.3697 -1.75336 47.2632
1957535 4.601 21.7929 4.5022 16.3671 15.3697 -1.75336 47.2632
1957550 4.6602 21.9555 4.60495 16.8663 15.3663 -1.60475 48.087
1957564 4.6602 21.9555 4.60495 16.8663 15.3663 -1.60475 48.087
1957566 4.7194 22.1947 4.81978 17.2701 15.2669 -1.47667 49.004
1957579 4.73632 22.3765 4.85714 17.4245 15.2889 -1.46711 49.3945
1957591 4.73632 22.3765 4.85714 17.4245 15.2889 -1.46711 49.3945
1957597 4.81244 22.5487 4.77308 17.2605 15.297 -1.61785 49.3947
1957618 4.74478 22.4243 4.67967 17.0193 15.3573 -1.67905 48.8681
1957620 4.74478 22.4243 4.67967 17.0193 15.3573 -1.67905 48.8681
1957627 4.7194 22.0321 4.5956 16.7771 15.3219 -1.67652 48.1242
1957646 4.7194 22.0321 4.5956 16.7771 15.3219 -1.67652 48.1242
1957650 4.77015 21.7833 4.53022 16.2868 15.1834 -1.81646 47.3706
1957657 4.79552 21.4772 4.39945 15.8589 15.1195 -1.93881 46.5311
1957670 4.79552 21.4772 4.39945 15.8589 15.1195 -1.93881 46.5311
1957677 4.93085 21.3337 4.5022 15.4934 14.8044 -2.03271 46.2602
1957695 5.3791 21.3146 4.76374 15.1101 14.1095 -2.19675 46.5675
1957702 5.3791 21.3146 4.76374 15.1101 14.1095 -2.19675 46.5675
1957709 6.20796 21.4102 5.3989 15.021 12.9191 -2.24769 48.0381
1957723 6.20796 21.4102 5.3989 15.021 12.9191 -2.24769 48.0381
1957729 7.34975 21.5633 6.65055 14.9942 11.1542 -2.15643 50.5578
1957749 8.31393 21.3624 7.45385 14.5218 9.73651 -2.23633 51.6519
1957752 8.31393 21.3624 7.45385 14.5218 9.73651 -2.23633 51.6519
1957760 8.76219 20.8936 7.64066 13.5233 8.86176 -2.50645 50.8198
1957776 9.18507 20.2527 7.6033 12.1772 7.94499 -2.94318 49.2183
1957780 9.18507 20.2527 7.6033 12.1772 7.94499 -2.94318 49.2183
1957792 9.75174 19.6691 7.6967 10.8044 6.79494 -3.41798 47.922
1957803 9.75174 19.6691 7.6967 10.8044 6.79494 -3.41798 47.922
1957810 10.1746 19.0855 7.79945 9.6366 5.75424 -3.7982 46.6962
1957820 10.7159 18.4254 8.31319 8.72732 4.39764 -3.93039 46.1819
1957835 10.7159 18.4254 8.31319 8.72732 4.39764 -3.93039 46.1819
1957841 11.1388 17.9854 9.03242 8.09439 3.19373 -3.89096 46.251
1957860 11.6801 17.6984 9.88242 7.80021 2.09093 -3.72787 47.0611
1957862 11.6801 17.6984 9.88242 7.80021 2.09093 -3.72787 47.0611
1957876 12.1114 17.5453 11.0407 7.83587 1.14821 -3.3318 48.5333
1957888 12.1114 17.5453 11.0407 7.83587 1.14821 -3.3318 48.5333
1957892 12.6612 16.9741 12.5071 8.0409 -0.0763878 -2.71621 50.1833
1957902 13.1687 16.1366 13.7121 8.4064 -1.1365 -2.09634 51.4238
1957915 13.1687 16.1366 13.7121 8.4064 -1.1365 -2.09634 51.4238
1957922 13.5323 14.5912 14.3753 8.35291 -2.4402 -1.59149 50.8517
1957932 13.5831 12.5967 14.7115 8.01416 -3.92784 -1.05943 48.9055
1957947 13.5831 12.5967 14.7115 8.01416 -3.92784 -1.05943 48.9055
1957953 13.4816 10.3261 15.1505 7.76455 -5.64047 -0.286545 46.7227
1957973 13.2955 8.1676 15.9538 7.87153 -7.29227 0.7824 45.2885
1958002 13.1517 6.484 17.2122 8.38857 -8.56134 1.97796 45.2366
1958011 12.9741 5.42204 18.799 9.15522 -9.27495 3.09321 46.3504
1958029 12.7542 5.08532 20.2747 9.9397 -9.3665 3.86279 48.0539
1958031 12.7542 5.08532 20.2747 9.9397 -9.3665 3.86279 48.0539
1958039 12.3821 4.87811 21.0933 10.4389 -9.3039 4.38758 48.7924
1958056 12.1114 4.80904 21.1944 10.3943 -9.3294 4.53571 48.5092
1958057 12.1114 4.80904 21.1944 10.3943 -9.3294 4.53571 48.5092
1958066 11.7731 4.62773 20.78 10.1893 -9.36038 4.61318 47.3702
1958085 11.7731 4.62773 20.78 10.1893 -9.36038 4.61318 47.3702
1958087 11.4856 4.46369 20.3151 9.88621 -9.45317 4.63225 46.1506
1958096 11.2995 4.35145 20.022 9.67226 -9.53673 4.64547 45.3452
1958113 11.2995 4.35145 20.022 9.67226 -9.53673 4.64547 45.3452
1958116 11.2403 4.26511 19.7592 9.36025 -9.73345 4.57617 44.6249
1958126 11.3502 4.38598 19.3246 8.9591 -9.84201 4.27561 44.0199
1958143 11.3502 4.38598 19.3246 8.9591 -9.84201 4.27561 44.0199
1958151 11.7139 4.38598 18.7283 8.44206 -10.1768 3.83766 43.2703
1958157 11.7139 4.38598 18.7283 8.44206 -10.1768 3.83766 43.2703
1958172 12.306 4.65363 18.2027 8.01416 -10.3302 3.21608 43.1765
1958177 13.1264 4.87811 18.0309 7.81804 -10.5243 2.68319 43.8534
1958187 13.1264 4.87811 18.0309 7.81804 -10.5243 2.68319 43.8534
1958202 14.099 5.24073 18.2027 7.69324 -10.7038 2.17402 45.2357
1958209 14.894 5.49975 18.3341 7.57735 -10.8795 1.78739 46.3052
1958227 14.894 5.49975 18.3341 7.57735 -10.8795 1.78739 46.3052
1958228 15.6552 5.74149 18.2128 7.39014 -11.0301 1.34243 46.9997
1958244 15.6552 5.74149 18.2128 7.39014 -11.0301 1.34243 46.9997
1958258 16.2811 6.00051 17.9905 7.08705 -11.1826 0.885553 47.3591
1958260 17.0866 6.76028 17.6671 7.18511 -10.6821 0.309647 48.699
1958270 17.0866 6.76028 17.6671 7.18511 -10.6821 0.309647 48.699
1958284 17.7504 7.46826 17.2527 6.92659 -10.4297 -0.315627 49.3979
1958295 18.1737 8.50432 16.589 6.92659 -9.62863 -0.945078 50.1937
1958313 18.1737 8.50432 16.589 6.92659 -9.62863 -0.945078 50.1937
1958314 18.116 9.19502 15.7203 6.78395 -8.96179 -1.44737 49.8153
1958322 17.6157 9.74759 14.6648 6.71264 -8.11453 -1.84215 48.7408
1958341 17.6157 9.74759 14.6648 6.71264 -8.11453 -1.84215 48.7408
1958343 16.9323 10.1188 13.7214 6.54326 -7.39269 -2.15144 47.3159
1958351 16.9323 10.1188 13.7214 6.54326 -7.39269 -2.15144 47.3159
1958372 16.3741 10.4124 12.5632 6.1956 -6.76762 -2.64388 45.5453
1958380 15.8751 10.775 11.4703 5.9549 -6.02124 -3.13948 44.0754
1958389 15.8751 10.775 11.4703 5.9549 -6.02124 -3.13948 44.0754
1958401 15.393 11.1204 10.5923 6.20451 -4.99909 -3.36523 43.3102
1958406 14.8771 11.1894 10.0692 7.34557 -3.68626 -2.98464 43.4813
1958416 14.8771 11.1894 10.0692 7.34557 -3.68626 -2.98464 43.4813
1958431 14.395 11.3966 10.144 10.2606 -1.5595 -1.7492 46.1963
1958434 14.395 11.3966 10.144 10.2606 -1.5595 -1.7492 46.1963
1958444 13.9552 11.6816 10.583 14.1206 0.62772 -0.278071 50.3404
1958460 13.4731 11.7938 10.3962 16.2423 2.00691 0.396341 51.9054
1958469 13.4731 11.7938 10.3962 16.2423 2.00691 0.396341 51.9054
1958475 12.8726 11.8024 10.0879 17.7911 3.15533 0.914479 52.5541
1958488 11.7224 11.8111 9.8544 19.5085 4.60466 1.65308 52.8964
1958495 11.7224 11.8111 9.8544 19.5085 4.60466 1.65308 52.8964
1958516 10.09 11.6125 9.3967 20.7435 6.20589 2.44132 51.8427
1958518 10.09 11.6125 9.3967 20.7435 6.20589 2.44132 51.8427
1958525 8.2209 11.388 8.87363 21.9109 8.03894 3.32651 50.3934
1958545 6.14876 11.1204 8.73352 23.3967 9.93677 4.51254 49.3993
1958550 6.14876 11.1204 8.73352 23.3967 9.93677 4.51254 49.3993
1958556 4.48259 10.8354 8.50934 24.294 11.5009 5.45037 48.1214
1958574 3.4592 10.7318 8.53736 25.0465 12.4447 6.08881 47.7749
1958576 3.4592 10.7318 8.53736 25.0465 12.4447 6.08881 47.7749
1958591 3.02786 10.9391 8.52802 25.3842 12.9322 6.24865 47.8792
1958606 2.85871 10.9391 8.39725 25.336 13.1593 6.29131 47.531
1958608 2.85871 11.0945 8.39725 25.336 13.1979 6.22192 47.6864
1958617 2.97711 11.2412 8.39725 24.9501 13.0435 6.03238 47.5657
1958633 2.97711 11.2412 8.39725 24.9501 13.0435 6.03238 47.5657
1958637 3.01095 11.2326 8.21978 24.6606 13.0838 5.93228 47.1239
1958662 3.0194 11.2499 8.12637 24.4194 13.096 5.85597 46.8151
1958664 3.0194 11.2499 8.12637 24.4194 13.096 5.85597 46.8151
1958667 2.98557 11.2585 8.06099 24.2747 13.1423 5.82601 46.5798
1958693 3.02786 11.4053 8.07033 24.294 13.1423 5.74748 46.7975
1958693 3.02786 11.4053 8.07033 24.294 13.1423 5.74748 46.7975
1958699 3.0194 11.483 8.09835 24.3615 13.1631 5.73572 46.9623
1958708 3.0194 11.483 8.09835 24.3615 13.1631 5.73572 46.9623
1958722 3.11244 11.6125 8.10769 24.3326 13.1055 5.63403 47.1652
1958729 3.19701 11.8024 8.11703 24.4001 13.0946 5.52997 47.5166
1958753 3.19701 11.8024 8.11703 24.4001 13.0946 5.52997 47.5166
1958754 3.29005 11.8715 8.13571 24.2361 12.9813 5.431 47.5334
1958759 3.29005 11.8715 7.9956 24.2361 13.0936 5.40271 47.3933
1958780 3.30697 11.9578 7.9956 23.9563 13.0312 5.30123 47.2167
1958782 3.37463 12.1823 7.88352 23.6186 13.0383 5.0825 47.0591
1958790 3.37463 12.1823 7.88352 23.6186 13.0383 5.0825 47.0591
1958811 3.46766 12.3377 7.77143 23.2423 12.9973 4.87248 46.8192
1958812 3.49303 12.45 7.67802 22.895 12.9923 4.71773 46.516
1958842 3.50149 12.5449 7.63132 22.7406 13.0082 4.62926 46.4184
1958843 3.57761 12.5449 7.65 22.6538 12.9082 4.58185 46.4264
1958855 3.57761 12.6054 7.65 22.6538 12.9239 4.55639 46.4868
1958874 3.62836 12.7176 7.64066 22.538 12.8892 4.4598 46.5247
1958887 3.61144 12.7953 7.56593 22.5187 12.9791 4.41304 46.4914
1958903 3.68756 12.9335 7.49121 22.4126 12.9862 4.28248 46.5248
1958905 3.68756 12.9335 7.49121 22.4126 12.9862 4.28248 46.5248
1958911 3.72985 13.0371 7.56593 22.3354 12.8978 4.22163 46.6683
1958932 3.80597 13.132 7.54725 22.374 12.8858 4.15603 46.8593
1958934 3.80597 13.132 7.54725 22.374 12.8858 4.15603 46.8593
1958942 3.83134 13.3134 7.47253 22.2196 12.9327 4.01846 46.8369
1958964 3.83134 13.3134 7.47253 22.2196 12.9327 4.01846 46.8369
1958965 3.82289 13.4342 7.40714 21.9012 12.9417 3.88204 46.5655
1958977 4.15274 13.676 7.48187 21.5153 12.5767 3.57766 46.8259
1958995 4.62637 14.0127 7.70604 21.1969 12.03 3.23837 47.542
1959002 5.41294 14.5566 8.78022 21.0233 10.7421 2.96363 49.7731
1959025 5.41294 14.5566 8.78022 21.0233 10.7421 2.96363 49.7731
1959028 6.36866 15.1524 11.5824 21.5829 8.58723 3.19393 54.6863
1959034 6.36866 15.1524 11.5824 21.5829 8.58723 3.19393 54.6863
1959054 7.17214 15.6877 12.3951 19.6822 7.19125 2.51673 54.937
1959056 7.48507 15.6618 11.5544 16.0283 6.23434 1.31163 50.7295
1959064 7.48507 15.6618 11.5544 16.0283 6.23434 1.31163 50.7295
1959083 8.16169 15.8085 11.0126 12.8904 4.97387 -0.0210491 47.8733
1959085 8.83831 15.9467 10.9005 10.7598 3.75045 -1.00912 46.4454
1959101 8.83831 15.9467 10.9005 10.7598 3.75045 -1.00912 46.4454
1959115 9.51493 15.9726 11.4423 9.85055 2.60039 -1.345 46.7804
1959119 9.51493 15.9726 11.4423 9.85055 2.60039 -1.345 46.7804
1959127 10.0308 15.5582 12.3577 9.48505 1.3992 -1.18473 47.4317
1959147 10.5721 14.9365 13.4879 9.79706 0.34509 -0.683597 48.7936
1959147 10.5721 14.9365 13.4879 9.79706 0.34509 -0.683597 48.7936
1959156 10.902 14.0127 14.6648 10.2428 -0.658008 -0.00212699 49.8223
1959178 11.0204 12.6572 15.4588 10.4211 -1.71565 0.666586 49.5575
1959179 11.0204 12.6572 15.4588 10.4211 -1.71565 0.666586 49.5575
1959186 11.0542 11.1808 16.0099 10.3408 -2.8519 1.27065 48.5858
1959209 11.0542 11.1808 16.0099 10.3408 -2.8519 1.27065 48.5858
1959209 11.0965 9.69578 16.5423 10.2428 -4.04617 1.88938 47.5774
1959218 11.3502 8.2971 17.091 10.2071 -5.29177 2.44456 46.9454
1959242 11.3502 8.2971 17.091 10.2071 -5.29177 2.44456 46.9454
1959244 11.604 7.22651 17.6266 10.1804 -6.33809 2.88712 46.6375
1959252 11.9423 6.3804 17.9905 10.1715 -7.19641 3.17501 46.4846
1959272 11.9423 6.3804 17.9905 10.1715 -7.19641 3.17501 46.4846
1959273 12.3144 5.93144 18.1522 10.1626 -7.71716 3.2438 46.5606
1959285 12.3144 5.93144 18.1522 10.1626 -7.71716 3.2438 46.5606
1959303 12.5935 5.75013 18.3442 10.216 -7.97992 3.2673 46.9039
1959304 12.9318 5.74149 18.4049 10.2071 -8.13576 3.15278 47.2853
1959312 12.9318 5.74149 18.4049 10.2071 -8.13576 3.15278 47.2853
1959335 13.1179 5.75876 18.2229 10.0734 -8.21904 2.99526 47.173
1959337 13.3801 5.7933 17.9298 9.91295 -8.29698 2.76588 47.0162
1959340 13.3801 5.7933 17.9298 9.91295 -8.29698 2.76588 47.0162
1959350 13.4985 5.8192 17.5559 9.62769 -8.3909 2.53731 46.5013
1959369 13.6 5.8451 17.2426 9.41374 -8.45079 2.34631 46.1014
1959371 13.6 5.8451 17.2426 9.41374 -8.45079 2.34631 46.1014
1959385 13.5915 5.8192 17.091 9.23545 -8.54221 2.26807 45.7371
1959402 13.5915 5.8192 17.091 9.23545 -8.54221 2.26807 45.7371
1959403 13.5662 5.75876 16.9813 9.19979 -8.56421 2.25998 45.506
1959411 13.5577 5.76739 16.8505 9.0839 -8.59319 2.19048 45.2596
1959433 13.5577 5.76739 16.8505 9.0839 -8.59319 2.19048 45.2596
1959435 13.6 5.78466 16.8225 9.01259 -8.63852 2.1397 45.2198
1959442 13.6761 5.83647 16.7478 8.95018 -8.64691 2.0522 45.2106
1959465 13.6761 5.83647 16.7478 8.95018 -8.64691 2.0522 45.2106
1959468 13.8622 5.8192 16.7104 8.84321 -8.79309 1.94725 45.235
1959472 13.8622 5.8192 16.7104 8.84321 -8.79309 1.94725 45.235
1959496 14.0905 5.8969 16.6264 8.70058 -8.89311 1.76748 45.3144
1959496 14.505 6.06958 16.4396 8.62926 -8.89817 1.47697 45.6434
1959528 15.2408 7.39055 16.2434 8.45988 -8.25704 0.656583 47.3346
1959529 15.6214 7.77044 16.0286 8.32617 -8.1437 0.302505 47.7466
1959532 15.6214 7.77044 16.0286 8.32617 -8.1437 0.302505 47.7466
1959557 15.9597 8.49568 15.4868 8.21919 -7.64702 -0.233396 48.1614
1959558 15.9597 8.49568 15.4868 8.21919 -7.64702 -0.233396 48.1614
1959564 16.2473 9.06552 14.7956 7.82695 -7.37994 -0.841827 47.9353
1959574 16.5856 9.63535 13.9176 7.39014 -7.08923 -1.5506 47.5286
1959589 16.5856 9.63535 13.9176 7.39014 -7.08923 -1.5506 47.5286
1959599 16.9323 10.5246 12.8154 6.90876 -6.52504 -2.45845 47.1811
1959605 17.0962 11.5262 11.5544 6.32931 -5.80308 -3.46363 46.5061
1959621 17.0962 11.5262 11.5544 6.32931 -5.80308 -3.46363 46.5061
1959625 17.1732 12.7867 10.1066 5.62507 -4.85211 -4.67096 45.6915
1959652 17.2117 13.8141 8.59341 5.11694 -3.84142 -5.80586 44.7361
1959655 16.9408 14.7207 7.19231 4.84059 -2.61581 -6.73837 43.6944
1959668 16.9408 14.7207 7.19231 4.84059 -2.61581 -6.73837 43.6944
1959687 16.6786 15.9898 6.14615 5.41112 -0.804849 -7.16026 44.2257
1959688 16.3065 17.4305 5.63242 7.06922 1.37861 -6.79456 46.4386
1959696 16.3065 17.4305 5.63242 7.06922 1.37861 -6.79456 46.4386
1959719 15.9935 19.2195 5.66044 10.323 3.85208 -5.63405 51.1965
1959721 15.9935 19.2195 5.66044 10.323 3.85208 -5.63405 51.1965
1959731 15.2239 20.7693 5.72582 13.0687 5.881 -4.70872 54.7877
1959753 13.9637 21.2667 5.56703 14.4326 7.31877 -4.13654 55.2301
1959754 13.9637 21.2667 5.56703 14.4326 7.31877 -4.13654 55.2301
1959757 11.9761 21.4007 5.07198 15.5648 9.21868 -3.53802 54.0135
1959786 9.66716 21.3815 4.55824 16.5275 11.357 -2.86651 52.1345
1959787 9.66716 21.3815 4.55824 16.5275 11.357 -2.86651 52.1345
1959789 7.34975 21.1137 4.05385 17.0386 13.4942 -2.23111 49.5559
1959797 7.34975 21.1137 4.05385 17.0386 13.4942 -2.23111 49.5559
1959814 5.40448 20.5397 3.93242 17.6175 15.1705 -1.38783 47.494
1959817 4.21194 20.4057 3.96044 18.0323 16.2333 -0.844733 46.6105
1959846 4.21194 20.4057 3.96044 18.0323 16.2333 -0.844733 46.6105
1959847 3.69602 20.3866 4.01648 18.2446 16.679 -0.589574 46.3437
1959854 3.62836 20.377 4.07253 18.2928 16.6964 -0.530514 46.3708
1959862 3.62836 20.377 4.07253 18.2928 16.6964 -0.530514 46.3708
1959879 3.70448 20.3866 4.08187 18.1771 16.6005 -0.592927 46.35
1959881 3.70448 20.3866 4.08187 18.1771 16.6005 -0.592927 46.35
1959890 3.69602 20.2718 4.10989 18.1771 16.562 -0.545089 46.2548
1959912 3.62836 20.1092 4.14725 18.2446 16.572 -0.437576 46.1294
1959914 3.62836 20.1092 4.14725 18.2446 16.572 -0.437576 46.1294
1959920 3.59453 19.9178 4.17527 18.399 16.5704 -0.305332 46.0866
1959942 3.50149 19.8222 4.18462 18.6788 16.6794 -0.149483 46.1871
1959949 3.50149 19.8222 4.18462 18.6788 16.6794 -0.149483 46.1871
1959957 3.45075 19.7361 4.15659 18.756 16.749 -0.0892425 46.0994
1959976 3.45075 19.7361 4.17527 18.756 16.7321 -0.0831306 46.1181
1959977 3.43383 19.7169 4.17527 18.6595 16.7266 -0.103082 45.9855
1959981 3.45075 19.6978 4.11923 18.4858 16.7275 -0.178186 45.7536
1960011 3.45075 19.6978 4.11923 18.4858 16.7275 -0.178186 45.7536
1960013 3.4592 19.6787 4.01648 18.1867 16.7562 -0.309214 45.3411
1960014 3.44229 19.4204 4.03516 17.9552 16.6645 -0.29173 44.853
