536489 6.06936 32.4693 5.19107 26.2236 16.9515 -1.52759 69.9534
536507 6.06936 32.4693 5.19107 26.2236 16.9515 -1.52759 69.9534
536510 8.37919 33.1103 6.06131 24.9886 15.0464 -2.15873 72.5395
536528 10.5731 33.4834 6.38512 22.538 13.3816 -3.11045 72.9796
536534 10.5731 33.4834 6.38512 22.538 13.3816 -3.11045 72.9796
536540 13.2308 33.8087 6.0006 19.5471 11.7529 -4.44123 72.5872
536550 15.1637 33.7608 5.6869 16.5256 10.3447 -5.63251 71.1371
536560 15.1637 33.7608 5.6869 16.5256 10.3447 -5.63251 71.1371
536570 16.4201 33.4356 5.56548 13.9892 9.16259 -6.54824 69.4103
536580 16.4201 33.4356 5.56548 13.9892 9.16259 -6.54824 69.4103
536598 17.4522 32.7276 5.54524 12.3531 8.10954 -7.11275 68.0781
536609 18.4239 31.8379 5.88929 11.2591 6.96625 -7.36834 67.4102
536618 18.4239 31.8379 5.88929 11.2591 6.96625 -7.36834 67.4102
536632 19.3186 30.7091 6.36488 10.5427 5.81467 -7.42212 66.9353
536638 19.9055 29.3602 6.89107 9.84567 4.70031 -7.39266 66.0024
536647 19.9055 29.3602 6.89107 9.84567 4.70031 -7.39266 66.0024
536658 20.6078 28.1165 7.71071 9.30353 3.46125 -7.23549 65.7385
536669 20.6078 28.1165 7.71071 9.30353 3.46125 -7.23549 65.7385
536675 21.06 26.8154 8.94524 8.98405 2.20131 -6.82613 65.8047
536682 21.5891 25.6292 10.3518 8.77107 0.926766 -6.35249 66.3411
536694 21.5891 25.6292 10.3518 8.77107 0.926766 -6.35249 66.3411
536702 21.7142 24.3281 11.8393 8.5 -0.273199 -5.80801 66.3816
536714 21.5603 22.2808 13.7012 8.26765 -1.79038 -4.98532 65.8099
536735 21.262 19.4682 16.1095 7.90945 -3.85869 -3.87138 64.7492
536744 20.8098 15.9032 19.1124 7.60934 -6.46713 -2.36259 63.4348
536762 20.8098 15.9032 19.1124 7.60934 -6.46713 -2.36259 63.4348
536765 20.5116 12.0357 22.5993 7.37699 -9.47573 -0.616802 62.5235
536774 20.5116 12.0357 22.5993 7.37699 -9.47573 -0.616802 62.5235
536784 20.1941 8.3605 26.2075 7.45444 -12.2904 1.23134 62.2165
536795 20.146 6.02264 29.6136 8.13212 -13.9268 2.717 63.9143
536805 20.146 6.02264 29.6136 8.13212 -13.9268 2.717 63.9143
536815 20.1941 4.58913 32.1605 8.76139 -14.8406 3.68434 65.7052
536828 20.2711 4.06961 33.626 9.34226 -15.0371 4.15121 67.309
536836 20.2711 4.06961 33.626 9.34226 -15.0371 4.15121 67.309
536845 20.3673 4.22354 33.8787 9.51651 -14.8949 4.14888 67.9861
536855 20.3673 4.22354 33.8787 9.51651 -14.8949 4.14888 67.9861
536870 20.3192 4.27165 33.2015 9.32289 -14.8722 4.00809 67.1153
536876 20.0402 4.21392 32.1504 8.94533 -14.9317 3.86573 65.3498
536886 20.0402 4.21392 32.1504 8.94533 -14.9317 3.86573 65.3498
536896 19.5688 4.05999 30.8163 8.5 -15.0231 3.73839 62.945
536906 19.232 3.99264 29.7146 8.16116 -15.0542 3.59681 61.1005
536916 19.232 3.99264 29.7146 8.16116 -15.0542 3.59681 61.1005
536928 19.0396 4.02151 28.9869 7.86105 -15.0828 3.45194 59.9091
536953 19.0396 4.03113 28.9162 7.82232 -15.0906 3.42784 59.8092
536961 19.03 4.02151 29.3103 8.00626 -15.038 3.54453 60.3681
536971 19.03 4.02151 29.3103 8.00626 -15.038 3.54453 60.3681
536980 19.0204 4.02151 29.9269 8.22893 -14.9911 3.70453 61.1977
537000 18.9819 4.00226 31.069 8.68394 -14.8894 4.00929 62.7371
537010 18.7414 3.88681 32.1504 9.04214 -14.8709 4.36325 63.8207
537020 18.7414 3.88681 32.1504 9.04214 -14.8709 4.36325 63.8207
537029 18.4143 3.77136 33.1914 9.36162 -14.8569 4.71915 64.7387
537039 17.8947 3.60781 34 9.80695 -14.7299 5.12278 65.3095
537049 17.8947 3.60781 34 9.80695 -14.7299 5.12278 65.3095
537059 17.3463 3.33843 34 10.049 -14.6596 5.41391 64.7337
537069 17.1828 3.21336 34 10.1361 -14.6568 5.51816 64.5323
537082 17.1828 3.21336 34 10.1361 -14.6568 5.51816 64.5323
537089 17.3656 3.20374 34 10.0877 -14.7216 5.4561 64.657
537099 17.3656 3.20374 34 10.0877 -14.7216 5.4561 64.657
537109 17.6735 3.18449 34 9.96185 -14.8593 5.34649 64.8198
537124 17.8466 3.20374 34 9.78759 -14.9817 5.26016 64.838
537130 17.8466 3.20374 34 9.78759 -14.9817 5.26016 64.838
537141 18.193 3.29994 34 9.50683 -15.1486 5.08015 64.9998
537150 18.3373 3.32881 34 9.32289 -15.2663 4.99857 64.989
537176 18.7799 3.52122 34 9.34226 -15.202 4.80807 65.6433
537184 18.7799 3.52122 34 9.34226 -15.202 4.80807 65.6433
537191 19.6361 4.21392 33.5957 9.19704 -14.9382 4.26364 66.6428
537204 20.4346 4.63724 32.5143 9.0131 -14.7519 3.70624 66.5992
537211 20.4346 4.63724 32.5143 9.0131 -14.7519 3.70624 66.5992
537224 21.4737 5.55122 31.069 8.81948 -14.2617 2.88363 66.9133
537234 22.6955 6.52292 29.0779 8.54841 -13.7266 1.88672 66.8447
537244 22.6955 6.52292 29.0779 8.54841 -13.7266 1.88672 66.8447
537253 23.9174 7.8987 26.6421 8.20957 -12.919 0.682998 66.6677
537265 23.9174 7.8987 26.6421 8.20957 -12.919 0.682998 66.6677
537273 25.1777 9.50538 23.802 7.87073 -11.9069 -0.680496 66.3558
537282 26.1494 10.9389 20.8306 7.43508 -10.9427 -2.02497 65.3539
537295 26.1494 10.9389 20.8306 7.43508 -10.9427 -2.02497 65.3539
537304 26.8517 12.1992 18.1219 7.30923 -9.87297 -3.16829 64.482
537314 27.0153 13.219 15.7958 8.07403 -8.39184 -3.82918 64.1042
537332 27.0153 13.219 15.7958 8.07403 -8.39184 -3.82918 64.1042
537334 27.0153 14.2677 14.0048 9.69077 -6.56432 -4.05998 64.9785
537344 27.0153 14.2677 14.0048 9.69077 -6.56432 -4.05998 64.9785
537354 26.7074 15.2201 12.7905 12.1401 -4.53858 -3.81337 66.8581
537376 26.1013 16.3169 12.2238 14.8992 -2.55567 -3.29917 69.5412
537378 26.1013 16.3169 12.2238 14.8992 -2.55567 -3.29917 69.5412
537384 24.966 17.3157 11.7988 17.2026 -0.787894 -2.79456 71.2832
537397 23.1381 18.0428 11.2321 18.9972 0.93464 -2.30042 71.4102
537413 23.1381 18.0428 11.2321 18.9972 0.93464 -2.30042 71.4102
537415 20.5597 18.4541 10.453 20.7145 2.90532 -1.67701 70.1813
537424 20.5597 18.4541 10.453 20.7145 2.90532 -1.67701 70.1813
537435 17.3079 18.6072 9.80536 22.7792 5.20922 -0.729306 68.4997
537445 13.6464 18.6742 9.02619 25.1816 7.96021 0.425511 66.5284
537455 13.6464 18.6742 9.02619 25.1816 7.96021 0.425511 66.5284
537465 10.0125 18.6263 8.41905 27.9796 10.83 1.78969 65.0375
537475 6.74588 18.6837 8.24702 31.3757 13.4763 3.2727 65.0524
537487 6.74588 18.6837 8.24702 31.3757 13.4763 3.2727 65.0524
537500 4.12678 18.9229 8.42917 34 15.4122 4.43949 65.4788
537509 4.12678 18.9229 8.42917 34 15.4122 4.43949 65.4788
537516 2.59011 19.2386 8.78333 34 16.1987 4.86472 64.612
537530 2.00057 19.5065 9.17798 34 16.3592 5.02534 64.685
537538 2.00057 19.5065 9.17798 34 16.3592 5.02534 64.685
537547 1.60432 19.7169 9.12738 34 16.6742 5.07523 64.4486
537558 1.41103 19.7935 8.95536 34 16.9214 5.08516 64.1599
537567 1.41103 19.7935 8.95536 34 16.9214 5.08516 64.1599
537578 1.43036 19.8413 8.42917 34 17.2611 4.98208 63.7008
537587 1.43036 19.8413 8.42917 34 17.2611 4.98208 63.7008
537598 1.42069 19.8126 7.90298 34 17.6162 4.91073 63.1363
537609 1.38204 19.7552 7.25536 32.3984 17.8958 4.5689 60.791
537619 1.38204 19.7552 7.25536 32.3984 17.8958 4.5689 60.791
537629 1.44002 19.5639 6.8506 31.0091 17.9578 4.2953 58.8636
537641 1.38204 19.3343 6.68869 30.1311 17.9864 4.19827 57.5361
537649 1.38204 19.3343 6.68869 30.1311 17.9864 4.19827 57.5361
537662 1.48835 19.4108 6.57738 29.7548 17.9534 4.04491 57.2314
537674 1.48835 19.4108 6.57738 29.7548 17.9534 4.04491 57.2314
537682 1.53667 19.6787 6.55714 29.7838 17.9688 3.94194 57.5563
537690 1.60432 19.9944 6.64821 30.2951 17.9516 3.9317 58.542
537703 1.60432 19.9944 6.64821 30.2951 17.9516 3.9317 58.542
537719 1.64298 20.1666 6.95179 31.1442 17.8264 4.07802 59.9055
537726 1.70097 20.511 7.16429 32.2054 17.802 4.17928 61.5817
537731 1.70097 20.511 7.16429 32.2054 17.802 4.17928 61.5817
537741 1.74929 20.7884 7.47798 33.2667 17.7095 4.31566 63.2824
537751 1.74929 20.7884 7.47798 33.2667 17.7095 4.31566 63.2824
537761 1.82661 21.1328 7.57917 33.9325 17.7054 4.31641 64.471
537771 1.89426 21.5633 7.68036 34 17.6505 4.19636 65.1379
537781 1.89426 21.5633 7.68036 34 17.6505 4.19636 65.1379
537792 1.95225 22.0799 7.51845 34 17.776 4.0014 65.5506
537801 2.01023 22.6443 7.45774 33.8649 17.8248 3.78951 65.9772
537816 2.01023 22.6443 7.45774 33.8649 17.8248 3.78951 65.9772
537821 2.87038 23.4192 7.30595 33.286 17.3923 3.20769 66.8816
537838 2.87038 23.4192 7.30595 33.286 17.3923 3.20769 66.8816
537842 3.7112 24.2037 7.09345 32.2923 16.9728 2.55662 67.3006
537851 5.03525 25.2847 7.0631 30.9801 16.1514 1.6946 68.3632
537866 5.03525 25.2847 7.0631 30.9801 16.1514 1.6946 68.3632
537872 6.28198 26.3467 7.0125 29.3207 15.361 0.805779 68.9618
537883 7.71234 27.4277 6.7494 27.1112 14.5206 -0.278124 69.0007
537909 9.4133 28.4513 6.35476 24.6992 13.5604 -1.48233 68.9186
537913 9.4133 28.4513 6.35476 24.6992 13.5604 -1.48233 68.9186
537928 11.037 29.3984 5.82857 22.0846 12.6621 -2.74817 68.3485
537934 12.5543 30.0872 5.93988 19.8558 11.4882 -3.69224 68.4372
537949 12.5543 30.0872 5.93988 19.8558 11.4882 -3.69224 68.4372
537954 13.685 30.556 7.66012 18.4569 9.83104 -3.86396 70.358
537964 14.5355 30.8047 9.57262 17.4631 8.3452 -3.79363 72.376
537974 14.5355 30.8047 9.57262 17.4631 8.3452 -3.79363 72.376
537984 14.7482 30.2403 10.1393 16.2836 7.57458 -3.89971 71.4113
537994 14.7482 30.2403 10.1393 16.2836 7.57458 -3.89971 71.4113
538009 15.1831 29.2549 9.9875 14.9573 6.86109 -4.21427 69.3828
538016 15.502 28.0208 9.775 13.6503 6.12196 -4.50292 66.9482
538025 15.502 28.0208 9.775 13.6503 6.12196 -4.50292 66.9482
538038 15.9272 26.5571 9.88631 12.4499 5.08846 -4.66245 64.8205
538054 16.5264 24.6533 10.8071 11.201 3.37121 -4.55109 63.188
538055 16.5264 24.6533 10.8071 11.201 3.37121 -4.55109 63.188
538065 16.971 22.1947 12.6286 10.1845 1.12121 -3.95764 61.9788
538085 16.971 22.1947 12.6286 10.1845 1.12121 -3.95764 61.9788
538087 17.3848 19.0951 16.1399 9.4197 -2.01883 -2.64034 62.0395
538096 17.7408 15.5761 20.78 8.95501 -5.54689 -0.852127 63.052
538106 17.7408 15.5761 20.78 8.95501 -5.54689 -0.852127 63.052
538116 18.0679 11.8336 25.9043 8.82916 -9.01579 1.12135 64.635
538132 18.3662 8.62026 30.7658 8.91629 -11.8479 2.85644 66.6685
538136 18.3662 8.62026 30.7658 8.91629 -11.8479 2.85644 66.6685
538146 18.674 6.29202 34 9.28417 -13.5889 4.02595 68.2502
538161 18.674 6.29202 34 9.28417 -13.5889 4.02595 68.2502
538168 18.8472 4.76231 34 9.71982 -14.2453 4.48029 67.3293
538178 18.8183 3.82909 34 9.95216 -14.6537 4.7984 66.5996
538188 18.8183 3.82909 34 9.95216 -14.6537 4.7984 66.5996
538201 18.5682 3.29032 34 9.82631 -15.0155 5.01664 65.6848
538207 18.116 3.04018 34 9.5262 -15.2861 5.18766 64.6824
538223 18.116 3.04018 34 9.5262 -15.2861 5.18766 64.6824
538229 17.3463 2.82852 34 8.99374 -15.6423 5.41856 63.1686
538239 17.3463 2.82852 34 8.99374 -15.6423 5.41856 63.1686
538249 16.6424 2.61686 33.4643 8.48064 -15.934 5.55983 61.2042
538259 16.2268 2.48217 32.4738 8.19989 -16.0058 5.54826 59.3827
538270 16.2268 2.48217 32.4738 8.19989 -16.0058 5.54826 59.3827
538279 15.8499 2.33786 32.2111 8.08371 -16.09 5.67015 58.4825
538292 15.7629 2.33786 32.4941 8.12244 -16.0927 5.75189 58.7173
538304 15.7629 2.33786 32.4941 8.12244 -16.0927 5.75189 58.7173
538314 15.9272 2.39559 32.7771 8.24829 -16.0327 5.73797 59.3482
538321 15.9272 2.39559 32.7771 8.24829 -16.0327 5.73797 59.3482
538330 16.2268 2.5399 33.4138 8.47096 -15.9228 5.71743 60.6515
538343 16.8744 2.74194 34 8.69362 -15.8236 5.55545 62.3099
538351 16.8744 2.74194 34 8.69362 -15.8236 5.55545 62.3099
538362 17.6542 3.04018 34 8.8098 -15.6699 5.22376 63.5042
538370 18.5971 3.17487 34 8.8098 -15.7213 4.88634 64.5817
538386 18.5971 3.17487 34 8.8098 -15.7213 4.88634 64.5817
538391 19.2898 3.33843 34 8.7033 -15.7841 4.60922 65.3315
538401 19.2898 3.33843 34 8.7033 -15.7841 4.60922 65.3315
538412 19.9728 3.54046 34 8.50968 -15.8743 4.31586 66.023
538421 20.6655 3.70402 33.9394 8.32574 -15.9733 4.02843 66.6347
538441 20.6655 3.70402 33.9394 8.32574 -15.9733 4.02843 66.6347
538457 21.4641 3.90606 33.242 7.97722 -16.0772 3.57019 66.5893
538458 22.176 4.04075 32.5143 7.75456 -16.1294 3.17033 66.4856
538463 22.176 4.04075 32.5143 7.75456 -16.1294 3.17033 66.4856
538473 22.8687 4.2043 31.8977 7.45444 -16.2242 2.77286 66.4252
538491 23.4652 4.30051 31.2307 7.17369 -16.3298 2.41166 66.1701
538492 23.4652 4.30051 31.2307 7.17369 -16.3298 2.41166 66.1701
538507 24.129 4.52179 30.1998 7.00911 -16.2459 1.94916 65.8597
538514 24.129 4.52179 30.1998 7.00911 -16.2459 1.94916 65.8597
538526 25.0334 4.81041 28.8555 6.50569 -16.3227 1.26925 65.205
538534 26.0724 5.20487 27.2283 6.02164 -16.301 0.458558 64.5272
538549 26.0724 5.20487 27.2283 6.02164 -16.301 0.458558 64.5272
538555 27.2462 5.83022 25.5606 5.56663 -16.1245 -0.455378 64.2037
538565 28.4103 6.81154 23.8323 5.50854 -15.4588 -1.36634 64.5627
538575 28.4103 6.81154 23.8323 5.50854 -15.4588 -1.36634 64.5627
538585 29.661 8.48557 21.9828 5.34396 -14.4388 -2.47884 65.4733
538596 29.661 8.48557 21.9828 5.34396 -14.4388 -2.47884 65.4733
538605 30.5846 10.0826 19.8805 5.38269 -13.2715 -3.50461 65.9304
538619 30.9694 11.468 17.6165 5.43109 -12.097 -4.44143 65.4851
538642 31.1138 13.1228 14.9661 5.5279 -10.5936 -5.50187 64.7305
538646 30.9694 14.9796 12.1833 6.06036 -8.61187 -6.47395 64.1928
538656 30.9694 14.9796 12.1833 6.06036 -8.61187 -6.47395 64.1928
538667 30.2864 16.8364 10.4631 8.77107 -5.70473 -6.30423 66.357
538690 30.2864 16.8364 10.4631 8.77107 -5.70473 -6.30423 66.357
538692 29.0645 18.3202 10.5845 14.3183 -2.42452 -4.66509 72.2876
538698 26.6497 19.2386 11.1006 19.933 0.461948 -2.8967 76.9219
538708 26.6497 19.2386 11.1006 19.933 0.461948 -2.8967 76.9219
538718 23.2632 19.7169 10.4732 22.1714 2.69488 -2.05002 75.6247
538728 18.9338 20.0231 9.58274 23.5125 5.21118 -1.22029 72.0521
538738 18.9338 20.0231 9.58274 23.5125 5.21118 -1.22029 72.0521
538748 14.6225 20.2622 8.75298 24.7571 7.91136 -0.301487 68.3948
538762 14.6225 20.2622 8.75298 24.7571 7.91136 -0.301487 68.3948
538769 10.805 20.3292 8.11548 25.8859 10.4761 0.660283 65.1356
538779 7.59636 20.5014 7.73095 27.2849 12.8574 1.6442 63.1136
538789 7.59636 20.5014 7.73095 27.2849 12.8574 1.6442 63.1136
538811 5.34451 21.0658 7.60952 28.3944 14.6225 2.30563 62.4143
538812 4.04946 21.7259 7.57917 29.3014 15.7203 2.6586 62.6559
538838 3.62422 22.4721 7.72083 30.1022 16.1255 2.7519 63.9194
538846 3.62422 22.4721 7.72083 30.1022 16.1255 2.7519 63.9194
538862 3.60489 23.1227 7.8119 30.6135 16.2385 2.69316 65.153
538863 3.69187 23.6967 7.89286 30.8547 16.2418 2.57628 66.1361
538870 3.69187 23.6967 7.89286 30.8547 16.2418 2.57628 66.1361
538888 3.70153 24.0028 7.89286 30.8354 16.2736 2.48912 66.4326
538890 3.60489 24.0124 7.76131 30.5846 16.3844 2.43968 65.9631
538905 3.60489 24.0124 7.76131 30.5846 16.3844 2.43968 65.9631
538914 3.58556 23.7158 7.5994 30.189 16.408 2.41674 65.0898
538921 3.58556 23.7158 7.5994 30.189 16.408 2.41674 65.0898
538931 3.52757 23.4288 7.37679 29.5715 16.4683 2.34535 63.9047
538941 3.3826 23.1609 7.21488 28.9733 16.5533 2.30617 62.7318
538951 3.3826 23.1609 7.21488 28.9733 16.5533 2.30617 62.7318
538964 3.27629 22.9026 7.05298 28.4523 16.6273 2.26793 61.6842
538972 3.19898 22.5678 6.95179 28.298 16.682 2.33124 61.0165
538989 3.19898 22.5678 6.95179 28.298 16.682 2.33124 61.0165
538993 3.06367 22.2904 6.99226 28.3558 16.717 2.46961 60.7022
539003 2.84139 21.8312 7.0631 28.7321 16.8101 2.75915 60.4678
539014 2.84139 21.8312 7.0631 28.7321 16.8101 2.75915 60.4678
539023 2.69642 21.2189 7.34643 29.5522 16.743 3.20239 60.814
539039 2.69642 21.2189 7.34643 29.5522 16.743 3.20239 60.814
539044 2.44514 20.6066 7.71071 30.6328 16.7291 3.73605 61.3953
539054 2.30984 20.1187 8.15595 32.0607 16.6468 4.25925 62.6453
539074 2.19386 19.7743 8.61131 33.4886 16.5674 4.71336 64.0682
539092 2.0199 19.6308 8.94524 34 16.5125 4.94485 64.596
539094 2.0199 19.6308 8.94524 34 16.5125 4.94485 64.596
539104 2.07789 19.5639 9.22857 34 16.2853 4.99153 64.8703
539119 2.07789 19.5639 9.22857 34 16.2853 4.99153 64.8703
539125 2.00057 19.583 9.32976 34 16.2727 5.02505 64.9133
539142 2.07789 19.5734 9.28929 34 16.248 4.99794 64.9406
539145 2.07789 19.5734 9.28929 34 16.248 4.99794 64.9406
539155 2.09721 19.5734 9.20833 34 16.2872 4.97951 64.879
539174 2.25185 19.6404 9.20833 34 16.1981 4.91149 65.1006
539176 2.25185 19.6404 9.20833 34 16.1981 4.91149 65.1006
539194 3.04434 19.87 9.17798 34 15.7536 4.59894 66.0923
539217 3.79818 20.0805 9.1881 33.5465 15.2525 4.246 66.6133
539222 4.82263 20.5588 9.28929 32.4177 14.4826 3.65016 67.0884
539228 4.82263 20.5588 9.28929 32.4177 14.4826 3.65016 67.0884
539241 5.80841 21.1328 9.27917 30.8933 13.7597 2.9572 67.1137
539248 7.01649 21.7833 9.50179 28.9347 12.7163 2.14989 67.2363
539258 7.01649 21.7833 9.50179 28.9347 12.7163 2.14989 67.2363
539267 8.57248 22.5487 12.7702 27.6805 10.09 1.95528 71.5719
539278 8.57248 22.5487 12.7702 27.6805 10.09 1.95528 71.5719
539291 10.4474 23.4001 15.6744 25.9824 7.70178 1.55143 75.5043
539299 10.689 23.5149 14.6625 21.7276 7.04414 0.464517 70.594
539316 10.689 23.5149 14.6625 21.7276 7.04414 0.464517 70.594
539326 11.8005 23.8784 13.1143 17.4535 6.19547 -1.1573 66.2467
539342 13.2018 24.4524 11.8089 14.1441 5.33971 -2.75942 63.6073
539345 13.2018 24.4524 11.8089 14.1441 5.33971 -2.75942 63.6073
539350 14.4872 24.7968 11.7482 12.5467 4.36784 -3.53635 63.579
539367 14.4872 24.7968 11.7482 12.5467 4.36784 -3.53635 63.579
539371 15.8209 24.9499 13.003 12.1207 3.12877 -3.56186 65.8945
539380 17.1251 24.3281 15.047 11.6851 1.40832 -3.23847 68.1853
539394 17.1251 24.3281 15.047 11.6851 1.40832 -3.23847 68.1853
539401 18.0775 23.0844 17.2426 11.1333 -0.39634 -2.75809 69.5378
539410 18.6644 21.1424 19.4257 10.4362 -2.33659 -2.14118 69.6687
539425 18.6644 21.1424 19.4257 10.4362 -2.33659 -2.14118 69.6687
539431 18.953 18.5498 21.6492 9.65205 -4.50569 -1.352 68.8041
539446 18.953 18.5498 21.6492 9.65205 -4.50569 -1.352 68.8041
539451 18.9338 15.1239 23.9132 8.80011 -7.08501 -0.302022 66.771
539461 18.6836 11.5642 26.3894 8.32574 -9.69132 1.0315 64.963
539472 18.6836 11.5642 26.3894 8.32574 -9.69132 1.0315 64.963
539481 18.6452 8.47595 28.8858 8.26765 -11.9749 2.3413 64.2746
539500 18.7317 6.37861 30.9477 8.64522 -13.3902 3.35745 64.7033
539502 18.7317 6.37861 30.9477 8.64522 -13.3902 3.35745 64.7033
539512 18.9145 4.92586 32.3424 8.87756 -14.3918 4.00695 65.0604
539525 19.0204 4.07923 32.9388 8.99374 -14.9488 4.34391 65.0321
539532 19.0204 4.07923 32.9388 8.99374 -14.9488 4.34391 65.0321
539542 19.2128 3.82909 33.0904 9.03246 -15.1315 4.39217 65.1647
539563 19.2128 3.82909 33.0904 9.03246 -15.1315 4.39217 65.1647
539564 19.4437 3.79061 32.5042 8.76139 -15.2697 4.19333 64.4998
539580 19.6457 3.89643 31.261 8.35478 -15.3011 3.81748 63.1579
539584 19.6457 3.89643 31.261 8.35478 -15.3011 3.81748 63.1579
539606 19.7035 3.86757 29.9673 7.85137 -15.4553 3.48128 61.3897
539608 19.9825 3.86757 28.7545 7.4254 -15.5939 3.08092 60.0299
539614 19.9825 3.86757 28.7545 7.4254 -15.5939 3.08092 60.0299
539632 20.1941 3.96378 27.9459 7.05752 -15.6854 2.74982 59.1613
539650 20.4924 4.00226 27.764 6.99943 -15.7171 2.59934 59.258
539660 20.7906 4.08885 27.9863 7.02847 -15.7192 2.53831 59.8943
539687 21.1658 4.21392 28.7039 7.26082 -15.6473 2.58825 61.3445
539689 21.4737 4.23316 29.6843 7.57061 -15.6262 2.75121 62.9618
539714 21.8778 4.31975 30.3514 7.70615 -15.6421 2.76866 64.255
539717 21.8778 4.31975 30.3514 7.70615 -15.6421 2.76866 64.255
539726 22.3107 4.39672 30.7556 7.79328 -15.6599 2.72192 65.2563
539741 22.6186 4.47368 30.9073 7.86105 -15.6357 2.65927 65.8605
539746 22.6186 4.47368 30.9073 7.86105 -15.6357 2.65927 65.8605
539756 22.811 4.46406 30.9477 7.76424 -15.7343 2.5998 65.987
539771 22.8398 4.50255 30.8365 7.71583 -15.7289 2.55179 65.8947
539778 22.8398 4.50255 30.8365 7.71583 -15.7289 2.55179 65.8947
539796 22.7436 4.42558 30.7253 7.70615 -15.7534 2.57519 65.6007
539799 22.7436 4.42558 30.7253 7.70615 -15.7534 2.57519 65.6007
539807 22.8014 4.42558 30.8163 7.59966 -15.8404 2.55679 65.6429
539823 22.7629 4.36786 30.8567 7.5803 -15.8887 2.58655 65.5677
539827 22.7629 4.36786 30.8567 7.5803 -15.8887 2.58655 65.5677
539838 22.9457 4.31975 30.9881 7.59966 -15.95 2.579 65.8532
539850 23.0611 4.34861 30.9073 7.46412 -16.0212 2.49957 65.7811
539877 23.4844 4.47368 30.5232 7.34795 -16.021 2.2588 65.8293
539879 23.4844 4.47368 30.5232 7.34795 -16.021 2.2588 65.8293
539889 24.1002 4.56989 29.8763 7.17369 -16.0655 1.91265 65.7201
539906 24.8314 4.78155 29.0779 6.89294 -16.0996 1.45415 65.5837
539931 25.8223 5.33956 28.0065 6.60251 -15.9215 0.78618 65.7709
539934 26.794 5.67629 26.7836 6.1959 -15.9303 0.116701 65.4498
539942 26.794 5.67629 26.7836 6.1959 -15.9303 0.116701 65.4498
539957 27.6887 6.43633 25.1968 5.92483 -15.5274 -0.690484 65.2467
539961 27.6887 6.43633 25.1968 5.92483 -15.5274 -0.690484 65.2467
539970 28.6412 7.29259 23.6403 5.86674 -14.9456 -1.4731 65.4408
539982 29.4493 8.89926 21.8716 5.89579 -13.8113 -2.40061 66.116
539999 29.4493 8.89926 21.8716 5.89579 -13.8113 -2.40061 66.116
540009 29.9881 10.5156 19.9411 5.90547 -12.6255 -3.31357 66.3503
540013 30.2479 11.8336 17.9602 5.8861 -11.5613 -4.14891 65.9278
540021 30.2479 11.8336 17.9602 5.8861 -11.5613 -4.14891 65.9278
540035 30.4018 13.017 15.6339 5.86674 -10.456 -5.0643 64.9195
540041 30.4018 13.017 15.6339 5.86674 -10.456 -5.0643 64.9195
540060 30.3248 14.4312 13.4988 6.44761 -8.8655 -5.75163 64.7025
540062 30.0362 15.8551 12.0619 8.36446 -6.73973 -5.75977 66.3177
540071 30.0362 15.8551 12.0619 8.36446 -6.73973 -5.75977 66.3177
540089 29.3916 16.8557 11.7887 12.2079 -4.31239 -4.75147 70.2439
540092 28.3237 17.5549 12.1935 16.6128 -2.12544 -3.42888 74.6848
540102 28.3237 17.5549 12.1935 16.6128 -2.12544 -3.42888 74.6848
540116 26.6497 18.0332 12.0315 19.0647 -0.522353 -2.68939 75.7791
540124 26.6497 18.0332 12.0315 19.0647 -0.522353 -2.68939 75.7791
540142 24.1868 18.1193 11.1815 20.1646 0.989649 -2.2321 73.6522
540145 20.8098 17.9471 10.2202 21.1583 2.87848 -1.57802 70.1355
540154 20.8098 17.9471 10.2202 21.1583 2.87848 -1.57802 70.1355
540170 16.7584 17.6505 9.1375 22.5477 5.40983 -0.618153 66.0941
540179 12.2547 17.2966 8.38869 24.7764 8.54226 0.864326 62.7163
540185 12.2547 17.2966 8.38869 24.7764 8.54226 0.864326 62.7163
540199 8.03127 17.067 7.94345 27.555 11.8188 2.57446 60.5967
540205 4.87095 17.2009 8.13571 30.517 14.2904 4.09576 60.7246
540227 4.87095 17.2009 8.13571 30.517 14.2904 4.09576 60.7246
540229 3.15065 17.6505 8.6619 33.3053 15.5904 5.05813 62.7684
540236 3.15065 17.6505 8.6619 33.3053 15.5904 5.05813 62.7684
540257 2.58044 18.1958 9.24881 34 15.762 5.26494 64.0251
540259 2.41615 18.722 9.60298 34 15.7176 5.20492 64.7411
540275 2.41615 18.722 9.60298 34 15.7176 5.20492 64.7411
540288 2.30017 19.0281 9.71429 34 15.7642 5.16261 65.0426
540289 2.26151 19.1716 9.42083 34 15.9933 5.0855 64.854
540296 2.26151 19.1716 9.42083 34 15.9933 5.0855 64.854
540317 2.26151 19.0664 9.09702 34 16.1847 5.06848 64.4249
540324 2.26151 19.0664 9.09702 34 16.1847 5.06848 64.4249
540327 2.21319 18.9612 8.68214 33.3536 16.3816 4.95048 63.2101
540347 2.16487 18.6837 8.2875 32.1283 16.4695 4.79083 61.2644
540348 2.16487 18.6837 8.2875 32.1283 16.4695 4.79083 61.2644
540357 2.19386 18.4924 8.06488 31.3468 16.465 4.67372 60.0979
540376 2.19386 18.4733 7.98393 31.0766 16.4798 4.61932 59.7277
540383 2.19386 18.4733 7.98393 31.0766 16.4798 4.61932 59.7277
540389 2.20352 18.5594 8.0244 31.1345 16.4656 4.60501 59.9218
540405 2.20352 18.5594 8.0244 31.1345 16.4656 4.60501 59.9218
540409 2.23252 18.7124 8.17619 31.5783 16.426 4.6482 60.6995
540419 2.22285 18.789 8.39881 32.3405 16.3996 4.79202 61.7512
540434 2.22285 18.789 8.39881 32.3405 16.3996 4.79202 61.7512
540439 2.23252 18.9325 8.62143 33.1799 16.3812 4.91604 62.9663
540449 2.30984 18.9325 8.94524 34 16.2327 5.07176 64.1875
540464 2.30984 18.9325 8.94524 34 16.2327 5.07176 64.1875
540470 2.20352 18.942 9.14762 34 16.1724 5.13322 64.2932
540480 2.20352 18.942 9.14762 34 16.1724 5.13322 64.2932
540494 2.23252 19.0377 9.05655 34 16.2252 5.08023 64.3268
540500 2.24218 19.3917 8.94524 34 16.3382 4.95007 64.5791
540521 2.24218 19.3917 8.94524 34 16.3382 4.95007 64.5791
540523 2.30984 19.8987 8.53036 34 16.6278 4.70856 64.7389
540535 2.4548 20.664 8.20655 33.2474 16.7447 4.25918 64.5728
540553 2.4548 20.664 8.20655 33.2474 16.7447 4.25918 64.5728
540555 2.66742 21.5537 7.90298 32.3791 16.8063 3.73491 64.5033
540560 2.66742 21.5537 7.90298 32.3791 16.8063 3.73491 64.5033
540583 2.95736 22.5104 7.73095 31.5783 16.7499 3.20519 64.777
540585 3.83684 23.6297 7.54881 30.8161 16.3524 2.48324 65.8315
540613 3.83684 23.6297 7.54881 30.8161 16.3524 2.48324 65.8315
540613 4.49403 24.6438 7.35655 29.8127 16.0639 1.81688 66.3071
540616 4.49403 24.6438 7.35655 29.8127 16.0639 1.81688 66.3071
540625 5.24787 25.6387 7.32619 28.7418 15.61 1.1608 66.9545
540642 6.0307 26.6337 7.24524 27.4586 15.1467 0.454098 67.3682
540644 6.0307 26.6337 7.24524 27.4586 15.1467 0.454098 67.3682
540653 7.20978 27.7147 7.02262 25.828 14.5003 -0.458975 67.7751
540673 8.92041 29.0062 6.69881 23.8984 13.6031 -1.60442 68.5238
540675 8.92041 29.0062 6.69881 23.8984 13.6031 -1.60442 68.5238
540682 10.3798 30.0298 6.24345 21.6697 12.8348 -2.74355 68.3227
540701 11.5298 30.6708 6.04107 19.5182 12.0344 -3.68391 67.7599
540709 11.5298 30.6708 6.04107 19.5182 12.0344 -3.68391 67.7599
540714 12.477 31.0535 6.1625 17.6271 11.1561 -4.39857 67.3201
540730 12.477 31.0535 6.1625 17.6271 11.1561 -4.39857 67.3201
540734 13.4144 31.3405 7.03274 16.1577 9.95322 -4.76068 67.9454
540744 14.4872 31.3596 8.19643 15.2574 8.63389 -4.84692 69.3006
540769 14.4872 31.3596 8.19643 15.2574 8.63389 -4.84692 69.3006
540770 15.473 31.0056 9.26905 14.5313 7.39727 -4.84033 70.279
540793 16.7487 30.3073 9.82559 13.6697 6.16667 -5.00927 70.5513
540795 18.0294 29.2645 9.86607 12.4208 4.95461 -5.39093 69.5808
540805 18.0294 29.2645 9.86607 12.4208 4.95461 -5.39093 69.5808
540822 19.1358 27.8486 9.85595 11.1236 3.67122 -5.73942 67.964
540826 20.146 26.0118 9.85595 9.75854 2.19256 -6.05346 65.7723
540836 20.146 26.0118 9.85595 9.75854 2.19256 -6.05346 65.7723
540853 20.8483 23.888 10.2911 8.46128 0.476417 -6.13905 63.4887
540856 21.4641 21.3433 10.9994 7.35763 -1.53789 -5.99621 61.1644
540868 21.4641 21.3433 10.9994 7.35763 -1.53789 -5.99621 61.1644
540885 21.9162 18.789 12.4363 6.56378 -3.76843 -5.45306 59.7053
540888 22.176 15.9128 14.7333 6.20558 -6.26439 -4.3581 59.0278
540898 22.176 15.9128 14.7333 6.20558 -6.26439 -4.3581 59.0278
540915 22.6089 13.1902 18.1623 6.38952 -8.77848 -2.79547 60.3509
540917 22.6089 13.1902 18.1623 6.38952 -8.77848 -2.79547 60.3509
540932 23.0996 10.8138 22.2556 6.9123 -10.9498 -1.12842 63.0814
540947 23.7153 8.90889 26.1873 7.64806 -12.5436 0.273351 66.4596
540949 23.7153 8.90889 26.1873 7.64806 -12.5436 0.273351 66.4596
540959 24.1675 7.55235 29.1284 8.28702 -13.5447 1.23575 69.1353
540978 24.5427 6.50368 31.0791 8.91629 -14.1473 1.88951 71.0418
540979 24.5427 6.50368 31.0791 8.91629 -14.1473 1.88951 71.0418
540989 24.8121 5.83022 31.736 9.0615 -14.5774 2.13225 71.4399
541020 25.0719 5.94567 30.9073 8.7033 -14.6295 1.82499 70.6281
541023 25.1392 5.93605 28.9667 7.9385 -14.7952 1.28638 67.9805
541041 25.12 5.90719 26.5612 7.05752 -14.9725 0.601335 64.6459
541050 25.043 5.88795 24.3276 6.14749 -15.2001 -0.111359 61.406
541072 25.043 5.88795 24.3276 6.14749 -15.2001 -0.111359 61.406
541074 24.9468 5.92643 22.5386 5.43109 -15.3493 -0.740145 58.843
541081 24.9468 5.92643 22.5386 5.43109 -15.3493 -0.740145 58.843
541103 24.8795 5.7725 21.6694 5.19875 -15.4631 -0.986722 57.5201
541106 24.8025 5.8206 21.5785 5.17939 -15.415 -1.01041 57.381
541113 24.8025 5.8206 21.5785 5.17939 -15.415 -1.01041 57.381
541135 24.9564 5.88795 21.9625 5.35364 -15.3357 -0.909941 58.1606
541137 25.4663 6.07074 22.761 5.65376 -15.2217 -0.781205 59.9518
541146 25.4663 6.07074 22.761 5.65376 -15.2217 -0.781205 59.9518
541152 25.9762 6.34012 23.6201 5.98292 -15.0491 -0.657309 61.9194
541167 25.9762 6.34012 23.6201 5.98292 -15.0491 -0.657309 61.9194
541172 26.5342 6.48444 24.6207 6.1959 -15.0679 -0.517446 63.8353
541198 26.9479 6.47482 25.4191 6.53474 -15.0503 -0.337017 65.3766
541200 26.9479 6.47482 25.4191 6.53474 -15.0503 -0.337017 65.3766
541206 27.1692 6.52292 25.7021 6.64123 -15.0325 -0.306371 66.0355
541215 27.4386 6.5133 25.8032 6.56378 -15.1408 -0.358473 66.3189
541230 27.4386 6.5133 25.8032 6.56378 -15.1408 -0.358473 66.3189
541241 27.7176 6.61913 25.7224 6.48633 -15.153 -0.479683 66.5454
541261 27.7176 6.61913 25.7224 6.48633 -15.153 -0.479683 66.5454
541263 28.0351 6.65761 25.4394 6.31207 -15.2402 -0.664002 66.4441
541271 28.3911 6.75382 24.8127 6.08941 -15.2772 -0.963576 66.047
541276 28.3911 6.75382 24.8127 6.08941 -15.2772 -0.963576 66.047
541292 28.9972 6.92699 23.9637 5.67312 -15.3905 -1.4385 65.561
541295 29.6802 7.07131 22.8216 5.25683 -15.492 -2.00673 64.83
541304 29.6802 7.07131 22.8216 5.25683 -15.492 -2.00673 64.83
541324 30.652 7.27334 21.5886 4.69533 -15.6799 -2.71956 64.2092
541326 30.652 7.27334 21.5886 4.69533 -15.6799 -2.71956 64.2092
541334 31.7583 7.80249 20.3151 4.42426 -15.4924 -3.45757 64.3002
541357 32.8744 8.58178 19.0214 3.98861 -15.2504 -4.29205 64.4661
541358 32.8744 8.58178 19.0214 3.98861 -15.2504 -4.29205 64.4661
541365 33.9904 9.48613 17.6064 3.94021 -14.6757 -5.05894 65.0231
541375 34 9.48613 16.3321 3.94021 -14.4709 -5.46134 63.7585
541391 34 10.5925 16.3321 4.02733 -13.7456 -5.59638 64.952
541403 34 12.2281 15.128 4.43394 -12.337 -6.07984 65.79
541425 34 12.2281 15.128 4.43394 -12.337 -6.07984 65.79
541425 34 13.9791 13.7923 5.00513 -10.7853 -6.55508 66.7765
541432 34 15.7108 12.6488 5.60535 -9.31827 -6.94254 67.965
541455 34 15.7108 12.6488 5.60535 -9.31827 -6.94254 67.965
541457 34 17.2105 11.8494 6.33144 -8.03685 -7.13986 69.3913
541459 34 18.3967 11.3131 7.4254 -6.84997 -7.09738 71.1352
541466 34 18.3967 11.3131 7.4254 -6.84997 -7.09738 71.1352
541488 33.5382 19.0377 10.9286 9.09055 -5.6266 -6.72707 72.595
541490 33.5382 19.0377 10.9286 9.09055 -5.6266 -6.72707 72.595
541498 30.6712 19.1716 10.3315 10.6976 -3.92732 -6.09839 70.872
541521 26.9576 18.8272 9.50179 12.082 -2.0596 -5.38849 67.3686
541523 26.9576 18.8272 9.50179 12.082 -2.0596 -5.38849 67.3686
541528 22.6378 18.4254 8.62143 13.5438 0.28075 -4.48325 63.2285
541553 18.4912 20.5588 7.94345 15.6834 3.91193 -3.69113 62.6769
541554 18.4912 18.1097 7.94345 15.6834 3.05441 -3.23127 60.2278
541557 14.5549 18.0141 7.95357 19.2384 6.16792 -1.34963 59.7609
541568 14.5549 18.0141 7.95357 19.2384 6.16792 -1.34963 59.7609
541587 11.2302 18.1958 8.41905 23.6186 9.01554 0.637347 61.4637
541594 8.53383 18.3872 9.07679 28.2208 11.2885 2.42373 64.2186
541599 8.53383 18.3872 9.07679 28.2208 11.2885 2.42373 64.2186
541620 6.42695 18.5785 9.81548 32.3019 12.901 3.82402 67.1229
541622 4.86128 18.5785 10.4327 32.8905 13.546 4.46732 66.763
541629 4.86128 18.8464 10.4327 34 13.7776 4.56229 68.1404
541657 3.81751 18.9229 10.7869 34 14.1863 4.89724 67.5273
541658 3.81751 18.9229 10.7869 34 14.1863 4.89724 67.5273
541660 3.05401 19.0951 10.8679 34 14.6132 5.085 67.017
541670 2.65776 19.1334 10.7262 34 14.9395 5.17198 66.5173
541693 2.65776 19.1334 10.7262 34 14.9395 5.17198 66.5173
541693 2.4548 19.076 10.2911 34 15.3179 5.1868 65.8218
541702 2.4838 18.9133 9.75476 34 15.6077 5.14742 65.1519
541728 2.4838 18.9133 9.75476 34 15.6077 5.14742 65.1519
541732 2.49346 18.7411 9.30952 33.122 15.7306 4.99409 63.6661
541739 2.49346 18.7411 9.30952 33.122 15.7306 4.99409 63.6661
541762 2.34849 18.3585 9.02619 32.0704 15.7977 4.94865 61.8035
541764 2.29051 17.7366 9.06667 31.5976 15.6435 5.10051 60.6914
541769 2.29051 17.7366 9.06667 31.5976 15.6435 5.10051 60.6914
541780 2.20352 17.2296 8.99583 31.5301 15.6608 5.2768 59.959
541800 2.10688 16.8172 9.16786 31.752 15.5799 5.51328 59.8439
541802 2.10688 16.8172 9.16786 31.752 15.5799 5.51328 59.8439
541809 2.05856 16.5863 9.39048 32.3019 15.5125 5.72968 60.3373
541834 2.04889 16.1822 9.70417 33.0448 15.3632 6.03095 60.9801
541836 1.84594 15.7204 10.1393 33.9228 15.2762 6.4489 61.6285
541842 1.84594 15.7204 10.1393 33.9228 15.2762 6.4489 61.6285
541869 1.68164 15.1817 10.4732 34 15.0917 6.75208 61.3365
541871 1.50767 14.6525 10.8679 34 14.8608 7.05602 61.028
541880 1.50767 14.6525 10.8679 34 14.8608 7.05602 61.028
541904 1.32405 14.1907 11.2119 34 14.6784 7.33544 60.7267
541906 1.32405 14.1907 11.2119 34 14.6784 7.33544 60.7267
541909 1.2274 13.9502 11.3536 34 14.6079 7.47779 60.5312
541915 1.0631 13.777 11.4649 34 14.6128 7.61747 60.305
541937 1.0631 13.777 11.4649 34 14.6128 7.61747 60.305
541939 1.00512 13.6904 11.6369 34 14.523 7.69271 60.3325
541944 1.01478 13.5365 11.7179 34 14.4368 7.75685 60.2691
541974 1.01478 13.5365 11.7179 34 14.4368 7.75685 60.2691
541976 1.75895 13.7385 12.0113 34 13.8063 7.44133 61.5088
541978 1.75895 13.7385 12.0113 34 13.8063 7.44133 61.5088
541985 2.37749 14.0175 12.1429 34 13.3908 7.13515 62.5379
542010 3.5469 14.4505 12.406 34 12.6149 6.61656 64.4033
542011 3.5469 14.4505 12.406 34 12.6149 6.61656 64.4033
542020 4.67766 15.0951 12.4363 34 12.0758 6.04077 66.209
542044 6.20466 15.9994 12.2542 34 11.5182 5.26965 68.4583
542046 6.20466 15.9994 12.2542 34 11.5182 5.26965 68.4583
542049 8.12791 17.354 11.728 31.8485 10.6238 3.93028 69.0583
542057 8.12791 17.354 11.728 31.8485 10.6238 3.93028 69.0583
542081 10.1478 18.9133 11.7179 28.4813 9.21485 2.4122 69.2603
542083 12.0614 20.6066 14.1869 25.5 6.86143 1.45509 72.3549
542086 12.0614 20.6066 14.1869 25.5 6.86143 1.45509 72.3549
542096 13.1148 22.0225 14.4298 21.2355 5.54833 0.111848 70.8026
542119 14.3906 23.1801 13.5292 16.758 4.42776 -1.61002 67.8578
542133 15.8692 24.3759 12.7196 13.9601 3.64108 -3.04043 66.9249
542155 15.8692 24.3759 12.7196 13.9601 3.64108 -3.04043 66.9249
542157 17.2982 25.1604 13.0131 12.9339 2.84442 -3.62066 68.4057
542162 18.3662 25.0647 13.6708 12.2369 1.89816 -3.79077 69.3386
542172 18.3662 25.0647 13.6708 12.2369 1.89816 -3.79077 69.3386
542193 18.9242 24.3855 14.531 11.3559 0.826013 -3.7768 69.1965
542194 18.9145 22.96 15.644 10.5814 -0.373386 -3.44694 68.1001
542199 18.9145 22.96 15.644 10.5814 -0.373386 -3.44694 68.1001
542209 18.472 20.8841 17.1213 9.83599 -1.83719 -2.80459 66.3133
542233 18.472 20.8841 17.1213 9.83599 -1.83719 -2.80459 66.3133
542234 17.6061 18.1289 19.2033 9.29385 -3.65344 -1.69023 64.2322
542239 16.5748 14.8546 22.2253 9.02278 -5.9522 -0.0433668 62.6774
542249 16.5748 14.8546 22.2253 9.02278 -5.9522 -0.0433668 62.6774
542270 15.6373 11.2949 26.258 9.04214 -8.66043 2.01696 62.2323
542272 14.9801 8.06225 30.4727 9.62301 -10.9948 4.05143 63.138
542284 14.9801 8.06225 30.4727 9.62301 -10.9948 4.05143 63.138
542307 14.6128 5.62818 34 10.4072 -12.598 5.60715 64.6482
542309 14.6128 5.62818 34 10.4072 -12.598 5.60715 64.6482
542311 14.3519 3.87719 34 11.1526 -13.1434 6.37176 63.3817
542320 14.091 2.83814 34 11.5883 -13.4621 6.87629 62.5174
542344 14.091 2.83814 34 11.5883 -13.4621 6.87629 62.5174
542348 14.0233 2.40521 34 11.7432 -13.6215 7.07267 62.1717
542354 14.1103 2.38596 34 11.5883 -13.7458 7.02881 62.0845
542380 14.1103 2.38596 34 11.5883 -13.7458 7.02881 62.0845
542382 14.12 2.38596 34 11.1623 -14.0152 6.9703 61.6682
542384 14.12 2.38596 34 11.1623 -14.0152 6.9703 61.6682
542391 13.975 2.34748 34 10.6492 -14.342 6.96883 60.9717
542418 13.801 2.29938 34 10.2232 -14.6205 6.99299 60.3236
542418 13.801 2.29938 34 10.2232 -14.6205 6.99299 60.3236
542421 13.5304 2.26089 33.8585 9.97153 -14.7416 7.0542 59.6213
542457 13.4918 2.22241 33.808 9.94248 -14.7713 7.07218 59.4646
542459 13.4918 2.22241 33.808 9.94248 -14.7713 7.07218 59.4646
542461 13.4628 2.29938 34 10.0683 -14.6644 7.0966 59.8305
542462 13.4628 2.29938 34 10.0683 -14.6644 7.0966 59.8305
542494 13.714 2.36672 34 10.291 -14.5168 7.00913 60.3718
542494 13.9557 2.47255 34 10.5911 -14.2955 6.92311 61.0193
542509 14.2553 2.45331 34 10.8622 -14.1868 6.85884 61.5708
542532 14.4486 2.52066 34 10.9396 -14.1289 6.777 61.9088
542533 14.4486 2.52066 34 10.9396 -14.1289 6.777 61.9088
542539 14.7771 2.53028 34 10.8912 -14.2108 6.65219 62.1987
542549 14.7771 2.53028 34 10.8912 -14.2108 6.65219 62.1987
542570 15.1251 2.66497 34 10.8912 -14.1864 6.48548 62.6813
542572 15.444 2.75156 34 10.7267 -14.2898 6.32474 62.9222
542577 15.444 2.75156 34 10.7267 -14.2898 6.32474 62.9222
542587 15.7823 2.7708 34 10.6008 -14.4135 6.18673 63.1539
542608 16.2075 2.97284 34 10.4459 -14.455 5.9564 63.6262
542613 16.2075 2.97284 34 10.4459 -14.455 5.9564 63.6262
542615 16.797 3.10753 34 10.1361 -14.66 5.67566 64.0407
542647 17.6831 3.27108 34 9.7779 -14.9208 5.28882 64.7321
542649 19.0492 3.9734 33.8484 9.47779 -14.8633 4.59018 66.3488
542684 20.5116 4.51217 32.3728 8.90661 -14.8807 3.67756 66.3031
542686 22.0509 5.60894 30.4929 8.62585 -14.3418 2.57392 66.7786
542688 22.0509 5.60894 30.4929 8.62585 -14.3418 2.57392 66.7786
542701 23.4844 7.206 28.2794 8.31606 -13.4656 1.31641 67.2859
542723 23.4844 7.206 28.2794 8.31606 -13.4656 1.31641 67.2859
542725 24.9276 9.55348 25.4596 8.35478 -11.8891 -0.146427 68.2954
542727 25.9377 12.0164 21.9727 8.05467 -10.2378 -1.74904 67.9815
542761 26.6304 14.3254 18.0916 7.56093 -8.57087 -3.44627 66.6084
542763 26.6016 16.2881 14.5411 7.48349 -6.69003 -4.82138 64.9142
542768 26.6016 16.2881 14.5411 7.48349 -6.69003 -4.82138 64.9142
542798 26.3514 18.081 11.6065 8.12244 -4.58006 -5.77531 64.1615
542800 26.3514 18.081 11.6065 8.12244 -4.58006 -5.77531 64.1615
542802 25.9377 19.6787 10.3923 10.6782 -2.23923 -5.52115 66.6869
542809 25.1777 21.0467 10.7464 14.754 -0.0430241 -4.33406 71.7248
542838 23.6095 22.1182 10.7464 17.7622 1.86042 -3.47924 74.2363
542845 21.2332 22.6348 9.9875 18.9103 3.54715 -3.08595 72.7658
542855 21.2332 22.6348 9.9875 18.9103 3.54715 -3.08595 72.7658
542878 17.9909 22.5774 8.8744 19.576 5.53765 -2.6336 69.0188
542880 14.3422 22.2808 7.94345 20.6663 7.91834 -1.84262 65.2328
542884 14.3422 22.2808 7.94345 20.6663 7.91834 -1.84262 65.2328
542894 10.5731 21.9842 7.23512 22.4801 10.7014 -0.684581 62.2726
542920 7.38374 21.9268 7.10357 24.8729 13.1808 0.652469 61.287
542921 5.16089 22.1851 7.41726 27.5261 14.9035 1.82953 62.2894
542935 5.16089 22.1851 7.41726 27.5261 14.9035 1.82953 62.2894
542960 4.22342 22.8548 8.0244 29.8417 15.5705 2.49163 64.9443
542962 4.22342 22.8548 8.0244 29.8417 15.5705 2.49163 64.9443
542964 4.03013 23.6775 8.5 31.4818 15.7444 2.71995 67.6895
542971 3.94315 24.1176 8.70238 32.0993 15.8183 2.7753 68.8625
543002 3.94315 24.1176 8.70238 32.0993 15.8183 2.7753 68.8625
543004 4.06879 24.3376 8.59107 31.8292 15.8031 2.61827 68.8267
543006 3.89483 24.2994 8.17619 30.7679 16.0103 2.40173 67.1383
543011 3.89483 24.2994 8.17619 30.7679 16.0103 2.40173 67.1383
543043 3.79818 24.0028 7.65 29.2242 16.1495 2.10433 64.6752
543045 3.79818 24.0028 7.65 29.2242 16.1495 2.10433 64.6752
543047 3.74986 23.6584 7.21488 27.6998 16.2033 1.80665 62.3229
543052 3.69187 23.4097 6.7494 26.4938 16.3486 1.52663 60.3447
543085 3.69187 23.4097 6.7494 26.4938 16.3486 1.52663 60.3447
543087 3.74019 23.3044 6.54702 25.5579 16.3041 1.28326 59.1496
543089 3.75952 23.4671 6.30417 24.9501 16.3957 1.03306 58.4808
543092 3.75952 23.4671 6.30417 24.9501 16.3957 1.03306 58.4808
543126 3.86583 23.7732 6.31429 24.7957 16.3359 0.886209 58.749
543130 3.86583 23.7732 6.31429 24.7957 16.3359 0.886209 58.749
543131 3.99147 24.0506 6.26369 24.7378 16.3156 0.751827 59.0436
543134 4.09778 24.5003 6.34464 25.0079 16.2908 0.689197 59.9507
543166 4.09778 24.5003 6.34464 25.0079 16.2908 0.689197 59.9507
543166 4.21376 24.8255 6.48631 25.4904 16.2317 0.722111 61.016
543168 4.29107 25.0169 6.68869 26.1464 16.1657 0.85138 62.1431
543175 4.29107 25.0169 6.68869 26.1464 16.1657 0.85138 62.1431
543208 4.32007 25.1795 6.91131 26.8507 16.1231 1.01067 63.2616
543210 4.32007 25.1795 6.91131 26.8507 16.1231 1.01067 63.2616
543212 4.29107 25.3039 7.0631 27.3428 16.1297 1.12755 64.0008
543222 4.30074 25.4856 7.05298 27.5743 16.1869 1.12731 64.4137
543250 4.30074 25.4856 7.05298 27.5743 16.1869 1.12731 64.4137
543253 4.32007 25.7057 7.03274 27.6708 16.2306 1.08401 64.7293
543255 4.39738 25.9353 7.00238 27.6419 16.2278 0.995337 64.9769
543261 4.39738 25.9353 7.00238 27.6419 16.2278 0.995337 64.9769
543291 4.41671 26.2414 6.94167 27.5068 16.2771 0.873263 65.1066
543292 4.41671 26.2414 6.94167 27.5068 16.2771 0.873263 65.1066
543294 5.08357 26.5763 7.11369 27.3717 15.7799 0.640773 66.1452
543299 5.99204 27.1503 7.32619 27.0823 15.1421 0.281162 67.5508
543309 5.99204 27.1503 7.32619 27.0823 15.1421 0.281162 67.5508
