309434 16.768 25.457 11.0905 15.2768 4.69266 -3.46783 68.5922
309440 16.768 25.457 11.0905 15.2768 4.69266 -3.46783 68.5922
309450 17.8274 25.2178 10.2405 12.2563 3.58785 -4.70274 65.5419
309460 19.1839 25.0551 9.95714 9.82631 2.24155 -5.72977 64.0225
309470 19.1839 25.0551 9.95714 9.82631 2.24155 -5.72977 64.0225
309490 20.4635 24.6629 10.5542 8.73235 0.922793 -6.0174 64.4129
309491 21.6372 24.1654 11.6673 8.55809 -0.219968 -5.81056 66.028
309501 21.6372 24.1654 11.6673 8.55809 -0.219968 -5.81056 66.028
309520 22.378 23.2853 12.8613 8.37415 -1.3378 -5.4772 66.8988
309533 22.7533 22.2425 13.9542 8.13212 -2.36008 -5.12272 67.0821
309542 22.8206 20.8362 15.3202 7.86105 -3.53225 -4.59518 66.8381
309561 22.8206 20.8362 15.3202 7.86105 -3.53225 -4.59518 66.8381
309563 22.8495 18.9325 16.8077 7.5803 -4.96616 -3.94301 66.17
309572 22.8976 16.4516 18.6879 7.44476 -6.75343 -3.02753 65.4818
309593 22.8687 13.8155 20.7699 7.30923 -8.69083 -1.99304 64.7634
309603 22.8687 13.8155 20.7699 7.30923 -8.69083 -1.99304 64.7634
309613 23.09 11.1313 22.7509 7.40604 -10.6028 -0.946985 64.3782
309623 23.5806 9.2841 24.4489 7.73519 -11.9181 -0.156962 65.0488
309633 23.5806 9.2841 24.4489 7.73519 -11.9181 -0.156962 65.0488
309643 23.927 7.99491 25.6617 8.07403 -12.7631 0.414387 65.6576
309658 24.2733 7.21562 26.0862 8.24829 -13.2535 0.648447 65.8235
309665 24.2733 7.21562 26.0862 8.24829 -13.2535 0.648447 65.8235
309675 24.5427 6.76344 26.1266 8.19989 -13.6007 0.690286 65.6327
309684 24.5427 6.76344 26.1266 8.19989 -13.6007 0.690286 65.6327
309694 24.7159 6.71534 25.4798 7.94818 -13.6959 0.461782 64.8592
309705 24.8217 6.83079 24.5702 7.69647 -13.6362 0.144113 63.9191
309716 24.8217 6.83079 24.5702 7.69647 -13.6362 0.144113 63.9191
309725 24.9564 6.94624 23.6504 7.31891 -13.6554 -0.222676 62.872
309740 25.0334 7.08093 22.8419 7.02847 -13.6186 -0.543036 61.9846
309746 25.0334 7.08093 22.8419 7.02847 -13.6186 -0.543036 61.9846
309756 25.0526 7.14827 22.3365 6.88326 -13.5775 -0.728047 61.4207
309766 25.1104 7.14827 22.1344 6.80581 -13.5994 -0.813363 61.1988
309776 25.1104 7.206 22.1344 6.80581 -13.563 -0.826731 61.2565
309786 25.3509 7.29259 22.4174 6.97039 -13.5034 -0.787276 62.0312
309797 25.3509 7.29259 22.4174 6.97039 -13.5034 -0.787276 62.0312
309806 25.7742 7.50424 22.5892 7.04784 -13.4352 -0.86817 62.9155
309821 26.2841 7.63894 22.7913 7.08656 -13.4598 -0.951042 63.8009
309827 26.2841 7.63894 22.7913 7.08656 -13.4598 -0.951042 63.8009
309837 26.6786 7.74477 22.852 7.09624 -13.4724 -1.0428 64.3715
309857 27.0538 7.86022 23.1249 7.15433 -13.4846 -1.0664 65.1932
309867 27.275 7.92756 23.3876 7.2221 -13.4903 -1.04681 65.8123
309877 27.275 7.92756 23.3876 7.2221 -13.4903 -1.04681 65.8123
309887 27.2654 7.93718 23.7616 7.37699 -13.458 -0.918891 66.3412
309905 27.3231 7.86984 24.0446 7.44476 -13.5168 -0.833122 66.6823
309910 27.3231 7.86984 24.0446 7.44476 -13.5168 -0.833122 66.6823
309919 27.1596 7.7159 24.3882 7.51253 -13.5974 -0.668218 66.7763
309928 27.1596 7.7159 24.3882 7.51253 -13.5974 -0.668218 66.7763
309941 27.0922 7.72552 24.5904 7.58998 -13.5702 -0.590487 66.9981
309948 27.3809 7.65818 24.6005 7.51253 -13.7042 -0.653602 67.1521
309962 27.3809 7.65818 24.6005 7.51253 -13.7042 -0.653602 67.1521
309968 27.8427 7.65818 24.3276 7.21241 -13.9093 -0.886216 67.0408
309978 28.5161 7.74477 23.7616 6.93166 -14.0399 -1.24734 66.9541
309988 28.5161 7.74477 23.7616 6.93166 -14.0399 -1.24734 66.9541
310005 29.4205 7.97567 22.9126 6.51538 -14.1573 -1.78861 66.8241
310020 30.5654 8.3605 21.5785 6.08941 -14.1507 -2.53582 66.5938
310029 31.6044 9.00509 19.9917 5.51822 -14.0174 -3.42553 66.1194
310040 31.6044 9.00509 19.9917 5.51822 -14.0174 -3.42553 66.1194
310050 32.4126 9.95755 18.2634 5.17939 -13.5 -4.3139 65.8129
310065 33.2111 11.1505 16.403 4.87927 -12.7903 -5.27377 65.6439
310071 33.2111 11.1505 16.403 4.87927 -12.7903 -5.27377 65.6439
310083 33.6825 12.6225 14.0756 4.55979 -11.7707 -6.39116 64.9404
310092 33.6825 12.6225 14.0756 4.55979 -11.7707 -6.39116 64.9404
310101 33.6536 14.0175 11.647 4.25 -10.6315 -7.49765 63.5682
310111 33.3939 15.4222 9.22857 4.00797 -9.34381 -8.60065 62.0526
310121 33.3939 15.4222 9.22857 4.00797 -9.34381 -8.60065 62.0526
310132 33.0668 16.9423 7.08333 3.95957 -7.88192 -9.57369 61.052
310141 32.5088 18.502 5.72738 4.66629 -6.1347 -9.92203 61.4044
310156 32.5088 18.502 5.72738 4.66629 -6.1347 -9.92203 61.4044
310162 31.9219 19.9274 5.53512 6.78645 -4.18538 -9.23965 64.1709
310175 31.9219 19.9274 5.53512 6.78645 -4.18538 -9.23965 64.1709
310182 31.0656 21.1998 6.52679 10.3104 -2.20046 -7.69037 69.1026
310199 29.4397 22.2425 7.68036 14.1538 -0.24613 -6.0901 73.5164
310217 29.4397 22.2425 7.68036 14.1538 -0.24613 -6.0901 73.5164
310219 26.8421 22.9505 8.3381 17.0868 1.61435 -4.85944 75.2175
310223 22.9553 23.0461 8.48988 19.084 3.63063 -3.75688 73.5753
310233 22.9553 23.0461 8.48988 19.084 3.63063 -3.75688 73.5753
310251 17.9044 22.6156 8.45952 20.7338 6.09123 -2.43712 69.7134
310261 12.7186 21.8599 8.52024 22.403 8.78756 -0.837066 65.5017
310271 12.7186 21.8599 8.52024 22.403 8.78756 -0.837066 65.5017
310283 8.5145 21.1615 8.78333 24.2072 11.1985 0.793363 62.6665
310291 8.5145 21.1615 8.78333 24.2072 11.1985 0.793363 62.6665
310300 5.96305 20.7597 9.30952 25.8763 12.6652 2.05054 61.9086
310310 4.7743 20.6258 9.94702 27.4972 13.2875 2.87475 62.8443
310316 4.7743 20.6258 9.94702 27.4972 13.2875 2.87475 62.8443
310325 4.5037 20.6449 10.4429 28.6935 13.3748 3.26385 64.285
310337 4.56168 20.6832 10.7768 29.3593 13.2699 3.4164 65.3809
310346 4.56168 20.6832 10.7768 29.3593 13.2699 3.4164 65.3809
310356 4.69699 20.6832 10.9083 29.3978 13.1213 3.40847 65.6863
310367 4.69699 20.6832 10.9083 29.3978 13.1213 3.40847 65.6863
310376 4.71632 20.6832 10.7262 28.9058 13.1269 3.28283 65.0315
310388 4.8033 20.8362 10.453 28.1532 13.1266 3.02744 64.2458
310398 4.8033 20.8362 10.453 28.1532 13.1266 3.02744 64.2458
310410 5.02558 20.9797 10.2607 27.391 12.9932 2.74434 63.6571
310417 5.39284 21.5729 10.0786 26.7736 12.8785 2.32374 63.8178
310427 5.39284 21.5729 10.0786 26.7736 12.8785 2.32374 63.8178
310437 5.74076 22.2999 9.71429 26.021 12.8833 1.80975 63.776
310463 6.01137 22.7974 9.39048 25.1527 12.8442 1.35774 63.3519
310467 6.24332 23.4192 8.925 24.3615 12.9519 0.863544 62.9491
310482 6.24332 23.4192 8.925 24.3615 12.9519 0.863544 62.9491
310488 6.34963 23.8784 8.62143 23.5897 13.0115 0.476387 62.4392
310498 6.54292 24.5481 8.26726 22.8178 13.0901 -0.00143677 62.1761
310508 6.54292 24.5481 8.26726 22.8178 13.0901 -0.00143677 62.1761
310519 6.83286 25.2178 7.92321 22.1907 13.1314 -0.467325 62.1646
310528 6.83286 25.2178 7.92321 22.1907 13.1314 -0.467325 62.1646
310546 7.10347 25.9736 7.8119 21.8916 13.121 -0.806025 62.7805
310563 7.45139 26.7676 7.69048 21.6697 13.0921 -1.14632 63.5791
310573 7.65435 27.3703 7.50833 21.4574 13.1524 -1.42026 63.9904
310584 7.78965 27.8965 7.32619 21.2741 13.2434 -1.65334 64.2864
310592 7.78965 27.8965 7.32619 21.2741 13.2434 -1.65334 64.2864
310601 7.84764 28.2504 7.24524 21.0812 13.2864 -1.80948 64.4245
310611 7.84764 28.2504 7.24524 21.0812 13.2864 -1.80948 64.4245
310641 7.84764 28.4992 6.99226 20.8496 13.4404 -1.98748 64.1887
310650 8.42752 29.3028 6.69881 20.1356 13.2859 -2.53137 64.5647
310662 8.85276 29.8194 6.62798 19.8365 13.1167 -2.81123 65.1366
310671 8.85276 29.8194 6.62798 19.8365 13.1167 -2.81123 65.1366
310681 9.42297 30.2594 6.5875 19.6339 12.8532 -3.06377 65.9038
310694 9.42297 30.2594 6.5875 19.6339 12.8532 -3.06377 65.9038
310701 9.80955 30.3551 6.70893 19.5375 12.5635 -3.14366 66.411
310715 10.2928 30.2786 6.94167 19.5664 12.1537 -3.14477 67.0794
310723 10.2928 30.2786 6.94167 19.5664 12.1537 -3.14477 67.0794
310735 10.9596 30.3073 7.13393 19.3541 11.6478 -3.27182 67.755
310742 11.6458 30.269 7.32619 19.1322 11.1261 -3.39089 68.3732
310752 11.6458 30.269 7.32619 19.1322 11.1261 -3.39089 68.3732
310762 12.39 30.1159 7.41726 18.6305 10.5535 -3.60115 68.5537
310778 12.39 30.1159 7.41726 18.6305 10.5535 -3.60115 68.5537
310783 13.1535 29.7428 7.8625 18.2446 9.77178 -3.64965 69.0034
310793 13.714 29.2741 8.99583 17.9745 8.76902 -3.43443 69.9584
310803 13.714 29.2741 8.99583 17.9745 8.76902 -3.43443 69.9584
310813 14.1683 28.5948 9.88631 17.2894 7.80313 -3.34307 69.9389
310823 14.6128 27.9252 9.64345 15.5769 7.10088 -3.8337 67.7583
310852 15.2894 27.2268 8.8744 13.4954 6.37983 -4.65731 64.886
310853 15.2894 27.2268 8.8744 13.4954 6.37983 -4.65731 64.886
310865 15.9562 26.5571 8.34821 11.5205 5.51969 -5.44499 62.3821
310873 16.7874 25.9831 8.38869 10.0103 4.42104 -5.97641 61.1694
310889 16.7874 25.9831 8.38869 10.0103 4.42104 -5.97641 61.1694
310898 17.9428 25.5526 9.09702 9.12927 3.09535 -6.14107 61.7218
310904 19.2513 25.4378 10.5137 8.86788 1.77177 -5.92491 64.0707
310934 20.6463 25.2656 12.1631 8.94533 0.522813 -5.55133 67.0203
310938 20.6463 25.2656 12.1631 8.94533 0.522813 -5.55133 67.0203
310947 21.9066 24.8829 13.8935 9.04214 -0.672276 -5.13172 69.7252
310956 22.7629 23.8019 15.2494 8.82916 -1.90436 -4.77459 70.6433
310966 22.7629 23.8019 15.2494 8.82916 -1.90436 -4.77459 70.6433
310976 23.3979 21.9938 16.3929 8.41287 -3.34201 -4.39887 70.1974
310986 23.8308 19.7074 17.5963 7.92882 -4.99213 -3.91229 69.0633
311005 23.8308 19.7074 17.5963 7.92882 -4.99213 -3.91229 69.0633
311015 24.2445 17.0191 18.8294 7.37699 -6.92075 -3.34754 67.47
311022 24.2445 17.0191 18.8294 7.37699 -6.92075 -3.34754 67.47
311033 24.4273 13.6904 20.214 6.98007 -9.17552 -2.5088 65.3118
311037 24.6389 10.429 21.9322 6.74772 -11.5276 -1.5031 63.7479
311065 25.0334 8.09111 23.6201 6.96071 -13.1864 -0.598938 63.7053
311068 25.6876 6.88851 24.9037 7.17369 -14.1249 -0.115711 64.6535
311078 25.6876 6.88851 24.9037 7.17369 -14.1249 -0.115711 64.6535
311088 26.5727 6.7442 25.5 7.23178 -14.4199 -0.132889 66.0487
311098 27.3231 6.84041 25.4596 7.21241 -14.487 -0.334755 66.8355
311113 27.3231 6.84041 25.4596 7.21241 -14.487 -0.334755 66.8355
311119 27.9196 7.10017 24.8633 6.8639 -14.5395 -0.739956 66.747
311146 28.1024 7.13865 24.0547 6.57346 -14.5914 -1.05047 65.8692
311149 28.2948 7.13865 23.0743 6.09909 -14.7552 -1.45343 64.6069
311159 28.2948 7.13865 23.0743 6.09909 -14.7552 -1.45343 64.6069
311169 28.3622 7.14827 21.8918 5.70216 -14.8181 -1.88176 63.1044
311180 28.2083 7.08093 21.0327 5.35364 -14.9194 -2.16525 61.6755
311195 28.2083 7.08093 21.0327 5.35364 -14.9194 -2.16525 61.6755
311201 27.987 7.13865 20.4162 5.15034 -14.876 -2.36253 60.6922
311211 27.987 7.13865 20.4162 5.15034 -14.876 -2.36253 60.6922
311223 27.8234 7.18676 20.0321 5.05353 -14.816 -2.47718 60.0958
311233 27.7368 7.23486 20.0725 5.19875 -14.6805 -2.41532 60.243
311245 27.7368 7.23486 20.0725 5.19875 -14.6805 -2.41532 60.243
311252 27.7946 7.29259 20.4061 5.25683 -14.6713 -2.32697 60.75
311262 27.9774 7.36955 20.7699 5.46014 -14.5824 -2.22085 61.577
311272 27.9774 7.36955 20.7699 5.46014 -14.5824 -2.22085 61.577
311282 28.3622 7.55235 21.1439 5.56663 -14.5258 -2.20456 62.625
311293 28.3622 7.55235 21.1439 5.56663 -14.5258 -2.20456 62.625
311307 28.7663 7.68704 21.4875 5.61503 -14.5351 -2.2069 63.5559
311317 29.3339 7.93718 21.7099 5.75057 -14.4273 -2.27339 64.7315
311327 29.3339 7.93718 21.7099 5.75057 -14.4273 -2.27339 64.7315
311338 29.8053 7.95642 21.8514 5.75057 -14.5148 -2.33153 65.3637
311345 30.296 8.20656 21.6795 5.62472 -14.491 -2.55254 65.8068
311355 30.296 8.20656 21.6795 5.62472 -14.491 -2.55254 65.8068
311364 30.7097 8.33164 21.4471 5.46982 -14.5377 -2.75729 65.9582
311383 30.7097 8.33164 21.4471 5.46982 -14.5377 -2.75729 65.9582
311384 31.1907 8.43746 20.9923 5.3246 -14.5655 -3.02782 65.9451
311395 31.6237 8.55291 20.3454 5.01481 -14.6488 -3.39115 65.5368
311405 31.6237 8.55291 20.3454 5.01481 -14.6488 -3.39115 65.5368
311420 31.8834 8.62026 19.5369 4.71469 -14.7036 -3.76467 64.7552
311428 32.1432 8.76457 18.8193 4.38554 -14.7445 -4.14184 64.1125
311436 32.1432 8.76457 18.8193 4.38554 -14.7445 -4.14184 64.1125
311450 32.4414 8.84154 18.1421 4.25968 -14.714 -4.44719 63.6847
311456 32.9994 9.68817 17.4346 4.15319 -14.2328 -4.92408 64.2754
311467 32.9994 9.68817 17.4346 4.15319 -14.2328 -4.92408 64.2754
311477 33.6633 10.6214 16.6964 4.14351 -13.6641 -5.39997 65.1246
311496 33.6633 10.6214 16.6964 4.14351 -13.6641 -5.39997 65.1246
311498 34 12.0453 15.7048 4.07574 -12.7548 -5.98506 65.8258
311507 34 13.777 14.6119 4.03702 -11.5911 -6.57757 66.4259
311519 34 13.777 14.6119 4.03702 -11.5911 -6.57757 66.4259
311527 34 15.7108 13.1143 3.91116 -10.2989 -7.34654 66.7363
311541 34 17.5549 11.4143 3.85308 -8.98142 -8.14568 66.8222
311552 34 17.5549 11.4143 3.85308 -8.98142 -8.14568 66.8222
311563 34 19.1238 9.84583 4.21128 -7.63266 -8.72272 67.1809
311568 34 19.1238 9.84583 4.21128 -7.63266 -8.72272 67.1809
311578 33.3746 20.3292 8.925 5.59567 -6.00032 -8.6149 68.2245
311588 32.047 21.5346 8.76309 7.82232 -4.08067 -7.90888 70.167
311598 32.047 21.5346 8.76309 7.82232 -4.08067 -7.90888 70.167
311608 30.498 22.6635 8.70238 9.48747 -2.46998 -7.35199 71.3513
311618 28.4488 23.4479 8.20655 10.3781 -1.00354 -7.08954 70.4814
311633 28.4488 23.4479 8.20655 10.3781 -1.00354 -7.08954 70.4814
311639 25.8319 24.0315 7.76131 11.1429 0.574842 -6.753 68.7677
311666 23.013 24.3759 7.31607 12.2272 2.34343 -6.24041 66.9322
311670 20.0594 24.5194 7.12381 13.3696 4.11303 -5.55201 65.0722
311688 20.0594 24.5194 7.12381 13.3696 4.11303 -5.55201 65.0722
311691 17.3079 24.816 7.18452 14.8121 5.90126 -4.70846 64.1204
311701 15.0864 25.2847 7.40714 16.2836 7.44389 -3.9057 64.0619
311711 15.0864 25.2847 7.40714 16.2836 7.44389 -3.9057 64.0619
311729 13.2888 25.897 7.90298 17.7526 8.65875 -3.13001 64.8413
311732 13.2888 25.897 7.90298 17.7526 8.65875 -3.13001 64.8413
311747 12.0227 26.318 8.42917 18.9779 9.44668 -2.49446 65.7477
311751 11.1336 26.6241 8.9756 19.9909 9.93111 -1.97631 66.7242
311761 11.1336 26.6241 8.9756 19.9909 9.93111 -1.97631 66.7242
311771 10.5731 26.825 9.35 20.4058 10.1661 -1.70703 67.1538
311782 10.0608 26.7963 9.48155 20.4733 10.3751 -1.54963 66.812
311792 10.0608 26.7963 9.48155 20.4733 10.3751 -1.54963 66.812
311802 9.82888 26.892 9.12738 19.9041 10.5851 -1.75417 65.7523
311817 9.82888 26.892 9.12738 19.9041 10.5851 -1.75417 65.7523
311827 9.68391 26.8059 8.78333 19.1515 10.6676 -1.99184 64.4246
311833 9.73223 26.9111 8.25714 18.2543 10.7577 -2.40645 63.1547
311843 9.73223 26.9111 8.25714 18.2543 10.7577 -2.40645 63.1547
311854 9.78056 27.1694 7.60952 17.1351 10.9063 -2.96753 61.6945
311866 9.89653 27.5712 7.10357 16.2158 11.0167 -3.49128 60.7871
311873 9.89653 27.5712 7.10357 16.2158 11.0167 -3.49128 60.7871
311890 9.95452 27.8869 6.56726 15.4801 11.2063 -3.95586 59.8887
311894 9.95452 27.8869 6.56726 15.4801 11.2063 -3.95586 59.8887
311905 10.0608 28.3748 6.34464 15.0444 11.2887 -4.27413 59.8247
311918 10.1381 28.7383 6.19286 14.8218 11.3661 -4.47359 59.8911
311924 10.1381 28.7383 6.19286 14.8218 11.3661 -4.47359 59.8911
311939 10.2155 28.9201 6.22321 14.9767 11.3773 -4.45899 60.3354
311944 10.2445 29.1401 6.47619 15.5575 11.3879 -4.23755 61.4183
311955 10.2445 29.1401 6.47619 15.5575 11.3879 -4.23755 61.4183
311965 10.4281 29.4654 6.83036 16.1868 11.2834 -4.02388 62.9106
311975 10.4281 29.4654 6.83036 16.1868 11.2834 -4.02388 62.9106
311987 10.5441 29.9916 7.04286 16.6418 11.3073 -3.9359 64.2203
312000 10.7084 30.4125 7.0631 16.9322 11.354 -3.94499 65.1162
312011 10.7084 30.4125 7.0631 16.9322 11.354 -3.94499 65.1162
312016 10.747 30.7856 7.0631 16.9903 11.4223 -3.99762 65.586
312026 10.8243 30.9769 7.15417 17.0579 11.3827 -3.99674 66.0133
312036 10.8243 30.9769 7.15417 17.0579 11.3827 -3.99674 66.0133
312046 10.747 31.0535 6.98214 16.9806 11.5205 -4.06862 65.7633
312063 10.747 31.0535 6.98214 16.9806 11.5205 -4.06862 65.7633
312072 10.8823 30.9195 6.95179 16.7677 11.3906 -4.13966 65.5213
312083 11.5588 30.8526 6.93155 16.7483 11.0115 -4.2513 66.0912
312089 11.5588 30.8526 6.93155 16.7483 11.0115 -4.2513 66.0912
312098 11.9648 30.8047 7.15417 16.7967 10.6723 -4.23078 66.7203
312108 12.535 30.6134 7.44762 16.9032 10.1979 -4.17729 67.4992
312137 12.9409 30.556 7.47798 16.8548 9.94843 -4.23799 67.8296
312140 12.9409 30.556 7.47798 16.8548 9.94843 -4.23799 67.8296
312155 13.6561 30.5369 7.34643 16.303 9.5211 -4.54219 67.8423
312158 14.7192 30.9291 6.99226 15.422 9.05037 -5.12044 68.0625
312168 14.7192 30.9291 6.99226 15.422 9.05037 -5.12044 68.0625
312179 15.9756 31.3405 6.47619 14.2796 8.50878 -5.85269 68.0718
312188 17.0481 31.7231 5.81845 12.7887 8.03124 -6.71522 67.3784
312215 17.7697 31.9719 5.17083 11.0558 7.61245 -7.62069 65.9682
312230 18.6259 32.0484 4.94821 9.39066 6.86973 -8.3834 65.0132
312239 19.8478 32.2397 6.05119 8.49032 5.5648 -8.45262 66.629
312251 19.8478 32.2397 6.05119 8.49032 5.5648 -8.45262 66.629
312260 21.0696 32.3832 7.4375 8.07403 4.332 -8.25237 68.9644
312275 21.9643 32.2397 7.97381 7.66743 3.56824 -8.28177 69.8453
312281 21.9643 32.2397 7.97381 7.66743 3.56824 -8.28177 69.8453
312291 22.8976 31.6753 8.09524 7.15433 2.80598 -8.44785 69.8224
312301 22.8976 31.6753 8.10536 7.15433 2.80195 -8.44445 69.8326
312311 23.4652 30.4508 8.10536 6.49601 1.96163 -8.60686 68.5173
312323 23.8212 28.6331 8.20655 5.94419 0.956973 -8.62627 66.605
312331 23.8212 28.6331 8.20655 5.94419 0.956973 -8.62627 66.605
312347 23.9943 26.1362 8.89464 5.44077 -0.508805 -8.32884 64.4659
312356 24.0905 23.2757 10.2202 5.25683 -2.29865 -7.6116 62.8434
312362 24.0905 23.2757 10.2202 5.25683 -2.29865 -7.6116 62.8434
312372 24.1098 20.0231 12.4565 5.3246 -4.52994 -6.38427 61.914
312382 24.1098 20.0231 12.4565 5.3246 -4.52994 -6.38427 61.914
312396 24.0617 16.7499 15.4113 5.79897 -6.82186 -4.74057 62.0218
312402 24.0905 13.5076 18.6778 6.53474 -9.04541 -2.95786 62.8107
312414 24.0905 13.5076 18.6778 6.53474 -9.04541 -2.95786 62.8107
312425 24.206 10.8427 21.4168 7.16401 -10.8504 -1.52474 63.6294
312435 24.3984 9.01471 23.8829 7.95786 -11.995 -0.361447 65.2539
312448 24.3984 9.01471 23.8829 7.95786 -11.995 -0.361447 65.2539
312453 24.7929 8.16808 25.217 8.30638 -12.6103 0.126892 66.4843
312473 25.3413 8.05263 25.8639 8.48064 -12.7962 0.210502 67.7384
312477 25.3413 8.05263 25.8639 8.48064 -12.7962 0.210502 67.7384
312486 25.7357 8.1777 25.4798 8.44191 -12.75 0.00183284 67.8351
312498 25.7357 8.1777 25.4798 8.44191 -12.75 0.00183284 67.8351
312504 26.0628 8.56254 24.5499 8.13212 -12.5982 -0.433078 67.3074
312524 26.1686 8.62988 23.0945 7.58998 -12.6152 -0.942385 65.483
312526 26.1686 8.62988 23.0945 7.58998 -12.6152 -0.942385 65.483
312535 26.2745 8.78381 21.5684 7.00911 -12.5912 -1.52763 63.6358
312548 26.0917 8.81268 20.497 6.57346 -12.5868 -1.89606 61.9748
312560 26.0917 8.81268 20.497 6.57346 -12.5868 -1.89606 61.9748
312572 25.88 8.71647 20.0119 6.3992 -12.6116 -2.01255 61.0076
312576 25.88 8.71647 20.0119 6.3992 -12.6116 -2.01255 61.0076
312586 25.4952 8.62988 19.7592 6.37016 -12.5528 -1.99048 60.2544
312597 25.4759 8.61064 19.9209 6.3992 -12.576 -1.92854 60.4067
312606 25.4759 8.61064 19.9209 6.3992 -12.576 -1.92854 60.4067
312622 25.6876 8.69723 20.2241 6.57346 -12.5204 -1.86015 61.1824
312628 26.1879 8.88002 20.6587 6.62187 -12.5684 -1.87349 62.3485
312637 26.1879 8.88002 20.6587 6.62187 -12.5684 -1.87349 62.3485
312648 26.6978 9.09168 21.2146 6.8639 -12.5089 -1.81099 63.868
312657 26.6978 9.09168 21.2146 6.8639 -12.5089 -1.81099 63.868
312673 27.0634 9.15903 21.8514 7.15433 -12.4951 -1.65957 65.2281
312680 27.429 9.25523 22.4881 7.36731 -12.5093 -1.53941 66.5396
312688 27.429 9.25523 22.4881 7.36731 -12.5093 -1.53941 66.5396
312700 27.6021 9.2841 22.8216 7.43508 -12.5496 -1.48106 67.143
312708 27.5925 9.16865 22.9025 7.43508 -12.6274 -1.436 67.0988
312726 27.5925 9.16865 22.9025 7.43508 -12.6274 -1.436 67.0988
312728 27.4578 9.07244 22.8722 7.37699 -12.6838 -1.41086 66.7794
312738 27.4578 9.07244 22.8722 7.37699 -12.6838 -1.41086 66.7794
312750 27.1596 8.83192 22.9429 7.37699 -12.7782 -1.28294 66.3114
312767 26.717 8.5914 23.0339 7.37699 -12.8511 -1.11783 65.7193
312776 26.717 8.5914 23.0339 7.37699 -12.8511 -1.11783 65.7193
312785 26.3033 8.3605 23.1855 7.37699 -12.9362 -0.943182 65.2263
312801 26.2264 8.30277 23.0541 7.40604 -12.9143 -0.939156 64.9893
312803 26.2264 8.30277 23.0541 7.40604 -12.9143 -0.939156 64.9893
312812 26.4284 8.45671 22.7105 7.23178 -12.8998 -1.1437 64.8274
312825 26.4284 8.45671 22.7105 7.23178 -12.8998 -1.1437 64.8274
312831 26.9191 8.89926 22.2455 7.10592 -12.7204 -1.48847 65.1698
312849 27.5733 9.515 21.6795 6.98975 -12.4503 -1.92046 65.7576
312851 27.5733 9.515 21.6795 6.98975 -12.4503 -1.92046 65.7576
312861 28.1986 10.2847 20.9721 6.82517 -12.0929 -2.41837 66.2805
312875 29.026 11.266 19.8401 6.58314 -11.6229 -3.11821 66.7152
312882 29.026 11.266 19.8401 6.58314 -11.6229 -3.11821 66.7152
312891 29.7284 12.3916 18.3139 6.36048 -10.9628 -3.91775 66.7944
312901 29.7284 12.3916 18.3139 6.36048 -10.9628 -3.91775 66.7944
312911 30.2864 13.6616 16.747 6.65091 -9.91928 -4.57712 67.3459
312926 30.6423 14.9411 15.2494 7.84169 -8.41247 -4.91282 68.6746
312931 30.6423 14.9411 15.2494 7.84169 -8.41247 -4.91282 68.6746
312941 30.5557 15.961 13.4685 9.10023 -6.86217 -5.19966 69.0854
312956 29.94 16.6633 11.4143 9.75854 -5.50802 -5.62819 67.7761
312962 29.94 16.6633 11.4143 9.75854 -5.50802 -5.62819 67.7761
312977 29.2377 17.4401 9.70417 10.2039 -4.24187 -6.0305 66.5858
312982 29.2377 17.4401 9.70417 10.2039 -4.24187 -6.0305 66.5858
312992 28.4199 18.2437 9.09702 11.0074 -3.095 -5.96674 66.768
313002 27.4771 18.9612 9.10714 12.1498 -2.02129 -5.57972 67.6952
313012 27.4771 18.9612 9.10714 12.1498 -2.02129 -5.57972 67.6952
313029 26.0532 19.5543 9.19821 13.2534 -0.897634 -5.10347 68.0591
313033 24.3214 19.9657 9.54226 14.6281 0.266621 -4.40786 68.4575
313043 24.3214 19.9657 9.54226 14.6281 0.266621 -4.40786 68.4575
313054 22.0317 20.4536 9.71429 16.2352 1.80566 -3.62443 68.4347
313063 22.0317 20.4536 9.71429 16.2352 1.80566 -3.62443 68.4347
313080 19.3763 20.951 9.97738 17.878 3.47423 -2.74381 68.1827
313083 16.4298 21.4772 10.1798 19.4699 5.30576 -1.83342 67.5567
313093 16.4298 21.4772 10.1798 19.4699 5.30576 -1.83342 67.5567
313108 12.9602 21.7546 10.119 20.8207 7.42373 -0.862501 65.6545
313114 10.1865 21.9651 10.3012 21.9881 9.10352 0.0320506 64.4409
313131 10.1865 21.9651 10.3012 21.9881 9.10352 0.0320506 64.4409
313134 8.47584 22.3478 10.5339 23.0783 10.2491 0.649164 64.4359
313144 8.47584 22.3478 10.5339 23.0783 10.2491 0.649164 64.4359
313159 7.4224 22.5774 10.7667 23.7151 10.8959 1.04262 64.4815
313173 7.37408 22.9696 10.9083 24.0528 11.0022 1.06059 65.3048
313193 7.37408 23.1896 10.6149 23.937 11.1869 0.91871 65.1156
313212 7.20011 23.2853 10.3417 23.5318 11.3719 0.789641 64.3589
313214 7.20011 23.2853 10.3417 23.5318 11.3719 0.789641 64.3589
313216 7.07447 23.2088 10.0179 22.8757 11.4726 0.619764 63.1768
313242 6.91018 23.0079 9.54226 22.3258 11.686 0.473401 61.7861
313247 6.76521 22.7591 9.35 21.9302 11.7484 0.433154 60.8045
313266 6.76521 22.7591 9.35 21.9302 11.7484 0.433154 60.8045
313268 6.66856 22.6156 9.39048 21.882 11.7405 0.492488 60.5566
313277 6.53326 22.5391 9.52202 22.0749 11.7682 0.62418 60.6693
313292 6.53326 22.5391 9.52202 22.0749 11.7682 0.62418 60.6693
313297 6.59125 22.5582 9.76488 22.4801 11.6795 0.756304 61.3945
313323 6.64923 22.4626 10.0685 23.1169 11.5823 0.980836 62.2972
313328 6.70722 22.3956 10.5238 23.8116 11.419 1.23724 63.4382
313347 6.70722 22.3956 10.5238 23.8116 11.419 1.23724 63.4382
313349 6.72655 22.3191 10.9589 24.4966 11.2906 1.49065 64.5012
313358 6.75554 22.233 11.3131 25.1527 11.1975 1.71354 65.4543
313373 6.75554 22.233 11.3131 25.1527 11.1975 1.71354 65.4543
313383 6.74588 22.0416 11.4952 25.5482 11.1455 1.88117 65.831
313389 6.74588 22.0416 11.4952 25.5482 11.1455 1.88117 65.831
313407 6.63957 21.7355 11.7786 25.8859 11.0552 2.10997 66.0396
313416 6.47527 21.372 11.8798 26.0982 11.0577 2.30855 65.8252
313429 6.47527 21.372 11.8798 26.0982 11.0577 2.30855 65.8252
313431 6.31097 21.0945 11.8292 26.021 11.1007 2.40086 65.2557
313440 6.25298 21.0754 11.728 26.021 11.1849 2.40189 65.0774
313454 6.25298 21.0754 11.728 26.021 11.1849 2.40189 65.0774
313461 6.29164 21.0945 11.6875 25.8087 11.1448 2.33732 64.8824
313471 6.29164 21.0945 11.6875 25.8087 11.1448 2.33732 64.8824
313482 6.27231 21.1041 11.6571 25.693 11.1498 2.31135 64.7265
313493 6.66856 21.2572 11.647 25.7026 10.9705 2.16557 65.2754
313511 7.17112 21.3815 11.728 25.7701 10.6935 2.03149 66.0508
313534 7.84764 21.7546 11.7887 25.6351 10.3517 1.7504 67.026
313535 7.84764 21.7546 11.7887 25.6351 10.3517 1.7504 67.026
313541 8.42752 22.1373 11.6976 25.3456 10.1163 1.43735 67.6081
313561 8.42752 22.1373 11.6976 25.3456 10.1163 1.43735 67.6081
313562 8.95907 22.4339 11.5054 24.6992 9.86304 1.06771 67.5975
313588 9.55827 22.6061 11.1411 23.6765 9.54856 0.594165 66.9819
313593 10.5344 22.9026 10.7363 22.403 9.02532 -0.0670901 66.5763
313602 11.4525 23.1992 9.97738 20.8207 8.62874 -0.883204 65.4498
313617 11.4525 23.1992 9.97738 20.8207 8.62874 -0.883204 65.4498
313622 12.6413 23.5723 9.21845 19.0165 8.04094 -1.85699 64.4485
313632 12.6413 23.5723 9.21845 19.0165 8.04094 -1.85699 64.4485
313645 13.743 24.1176 8.58095 17.2316 7.46986 -2.83828 63.6732
313657 14.9028 24.6916 8.30774 15.4704 6.68723 -3.74364 63.3725
313673 14.9028 24.6916 8.30774 15.4704 6.68723 -3.74364 63.3725
313675 16.1495 25.3517 8.38869 13.9311 5.77576 -4.50826 63.821
313683 17.4137 25.8396 8.78333 12.324 4.64827 -5.16137 64.3607
313699 17.4137 25.8396 8.78333 12.324 4.64827 -5.16137 64.3607
313704 18.7125 26.3275 8.9756 10.7073 3.61028 -5.8767 64.7229
313714 18.7125 26.3275 8.9756 10.7073 3.61028 -5.8767 64.7229
313727 19.9151 26.7293 9.14762 9.46811 2.73317 -6.44238 65.2602
313735 21.0215 26.9207 9.66369 8.8582 1.91594 -6.63974 66.4641
313753 21.0215 26.9207 9.66369 8.8582 1.91594 -6.63974 66.4641
313754 22.0413 26.4615 10.8476 8.63554 0.811955 -6.40271 67.9859
313769 22.7917 25.3517 12.578 8.60649 -0.508997 -5.83293 69.3279
313787 23.2632 23.6106 14.4702 8.63554 -1.96031 -5.09463 69.9795
313796 23.2632 23.6106 14.4702 8.63554 -1.96031 -5.09463 69.9795
313810 23.4556 21.1424 16.3423 8.42255 -3.68819 -4.289 69.3628
313816 23.3113 18.081 18.2634 8.12244 -5.66966 -3.32109 67.7781
313826 23.3113 18.081 18.2634 8.12244 -5.66966 -3.32109 67.7781
313841 22.9553 14.7295 20.2747 7.88041 -7.82963 -2.17111 65.8399
313847 22.5031 11.4392 22.3466 7.81264 -9.98335 -0.885242 64.1015
313867 22.5031 11.4392 22.3466 7.81264 -9.98335 -0.885242 64.1015
313869 22.4069 8.88002 24.3478 8.12244 -11.6662 0.278395 63.7572
313877 22.6859 7.67742 26.2277 8.64522 -12.4896 1.03691 65.2363
313896 22.6859 7.67742 26.2277 8.64522 -12.4896 1.03691 65.2363
313904 23.09 7.33107 27.2283 9.10023 -12.6918 1.32753 66.7496
313924 23.09 7.33107 27.2283 9.10023 -12.6918 1.32753 66.7496
313925 23.3786 7.41766 27.5416 9.22608 -12.683 1.32573 67.564
313932 23.5325 7.64856 27.4304 9.34226 -12.4983 1.23428 67.9538
313953 23.3979 7.62932 26.7432 9.09055 -12.4965 1.07833 66.8609
313960 22.9938 7.52349 25.8942 8.8098 -12.4786 0.962886 65.2212
313970 22.9938 7.52349 25.8942 8.8098 -12.4786 0.962886 65.2212
313982 22.5993 7.44652 25.1058 8.48064 -12.485 0.834628 63.6323
313990 22.5993 7.44652 25.1058 8.48064 -12.485 0.834628 63.6323
314010 22.2818 7.42728 24.3074 8.16116 -12.4646 0.665694 62.1777
314014 22.3203 7.47538 23.802 7.9869 -12.4463 0.485485 61.5846
314020 22.3203 7.47538 23.802 7.9869 -12.4463 0.485485 61.5846
314040 22.2722 7.53311 23.6504 7.95786 -12.388 0.440363 61.4136
314047 22.3877 7.52349 23.6605 7.97722 -12.4078 0.420785 61.5489
314056 22.3877 7.52349 23.6605 7.97722 -12.4078 0.420785 61.5489
314069 22.5993 7.68704 23.802 8.06435 -12.3285 0.381321 62.1527
314071 22.5993 7.68704 23.802 8.06435 -12.3285 0.381321 62.1527
314081 22.8206 7.75439 23.9637 8.13212 -12.3254 0.364013 62.6708
314096 23.2632 7.90832 23.9435 8.09339 -12.3421 0.205377 63.2084
314102 23.2632 7.90832 23.9435 8.09339 -12.3421 0.205377 63.2084
314112 23.648 8.10074 23.8526 7.9869 -12.3501 0.021404 63.5882
314125 24.0809 8.20656 23.8526 7.99658 -12.3683 -0.10252 64.1366
314132 24.0809 8.20656 23.8526 7.99658 -12.3683 -0.10252 64.1366
314152 24.5331 8.39898 23.9435 8.02563 -12.3465 -0.222556 64.9012
314157 24.5331 8.39898 23.9435 8.02563 -12.3465 -0.222556 64.9012
314163 24.9179 8.52405 24.0951 7.99658 -12.3953 -0.309066 65.5337
314181 25.1104 8.54329 24.2568 8.13212 -12.3753 -0.287245 66.0426
314183 25.1104 8.54329 24.2568 8.13212 -12.3753 -0.287245 66.0426
314193 25.12 8.50481 24.2771 8.01595 -12.4687 -0.303058 65.9178
314210 25.1392 8.43746 24.1356 7.97722 -12.5058 -0.334278 65.6895
314213 25.1392 8.43746 24.1356 7.97722 -12.5058 -0.334278 65.6895
314240 25.245 8.6395 23.9738 8.08371 -12.3198 -0.415591 65.9421
314241 25.245 8.6395 23.9738 8.08371 -12.3198 -0.415591 65.9421
314244 25.3316 8.8223 23.7616 8.13212 -12.165 -0.513315 66.0476
314267 25.6876 10.0538 22.9834 8.15148 -11.3888 -1.03322 66.8762
314269 25.6876 10.0538 22.9834 8.15148 -11.3888 -1.03322 66.8762
314274 26.1783 11.5258 21.912 7.94818 -10.5886 -1.74142 67.5642
314296 26.438 12.9689 20.6385 7.69647 -9.747 -2.45164 67.7419
314312 26.4958 14.0464 19.2539 7.52221 -8.98011 -3.06739 67.3182
314325 26.4958 14.0464 19.2539 7.52221 -8.98011 -3.06739 67.3182
314327 26.4188 14.7968 17.6671 7.13497 -8.38944 -3.72936 66.0176
314334 26.3226 15.7974 15.7958 6.95103 -7.46529 -4.4799 64.8668
314353 26.3226 15.7974 15.7958 6.95103 -7.46529 -4.4799 64.8668
314360 26.2937 16.7595 14.1869 7.40604 -6.30939 -4.97948 64.6461
314366 26.0821 17.5644 13.175 9.28417 -4.69266 -4.8076 66.1057
314381 26.0821 17.5644 13.175 9.28417 -4.69266 -4.8076 66.1057
314386 25.678 18.2245 12.0619 11.3366 -3.03814 -4.56993 67.301
314396 25.678 18.2245 12.0619 11.3366 -3.03814 -4.56993 67.301
314409 24.8602 18.7029 10.5036 12.5854 -1.52864 -4.60768 66.6521
314417 23.5229 19.0664 9.0869 13.6407 0.0372171 -4.56125 65.3169
314427 23.5229 19.0664 9.0869 13.6407 0.0372171 -4.56125 65.3169
314440 21.5603 19.4682 8.22679 15.2284 1.90339 -4.08786 64.4836
314447 19.386 19.7935 8.22679 17.2412 3.64358 -3.18144 64.6474
314457 19.386 19.7935 8.22679 17.2412 3.64358 -3.18144 64.6474
314470 17.0673 20.2909 8.69226 19.5278 5.35967 -2.09022 65.5784
314482 17.0673 20.2909 8.69226 19.5278 5.35967 -2.09022 65.5784
314499 14.8448 20.8075 9.10714 21.9302 7.04224 -1.03802 66.6897
314500 12.7186 21.6303 9.5119 24.3229 8.69809 -0.113084 68.1837
314511 12.7186 21.6303 9.5119 24.3229 8.69809 -0.113084 68.1837
314528 10.5537 22.3095 9.70417 26.1947 10.2696 0.662196 68.7621
314530 8.35986 22.7783 9.84583 27.6998 11.7467 1.39934 68.6837
314543 8.35986 22.7783 9.84583 27.6998 11.7467 1.39934 68.6837
314559 6.61057 23.1609 10.028 28.7804 12.8692 1.97656 68.5799
314561 6.61057 23.1609 10.028 28.7804 12.8692 1.97656 68.5799
314569 5.36384 23.5245 10.2 29.5812 13.6676 2.37941 68.6695
314588 4.76464 23.8019 10.2405 29.8995 14.0803 2.52672 68.7066
314590 4.76464 23.8019 10.2405 29.8995 14.0803 2.52672 68.7066
314599 4.70665 24.175 10.1696 29.668 14.176 2.39146 68.7193
314618 4.86128 24.3568 9.85595 29.0698 14.2013 2.13688 68.1438
314621 4.86128 24.3568 9.85595 29.0698 14.2013 2.13688 68.1438
314649 4.86128 24.2802 9.59286 28.2111 14.2045 1.94093 66.9455
314650 4.86128 24.2802 9.59286 28.2111 14.2045 1.94093 66.9455
314652 4.7743 23.9167 9.27917 27.4682 14.2621 1.84671 65.4384
314661 4.639 23.5245 9.1375 26.87 14.2658 1.83355 64.171
314678 4.639 23.5245 9.1375 26.87 14.2658 1.83355 64.171
314688 4.43604 22.9505 8.90476 26.2911 14.3414 1.87178 62.5824
314697 4.40705 22.5869 8.75298 25.7219 14.2954 1.82553 61.4689
314712 4.40705 22.5869 8.75298 25.7219 14.2954 1.82553 61.4689
314716 4.3394 22.3765 8.65179 25.5579 14.3385 1.84499 60.9255
314724 4.41671 22.2138 8.77321 25.5675 14.1835 1.89684 60.9713
314741 4.41671 22.2138 8.77321 25.5675 14.1835 1.89684 60.9713
314744 4.35873 22.1086 8.83393 25.7123 14.1887 1.98616 61.0135
314753 4.35873 22.1086 8.83393 25.7123 14.1887 1.98616 61.0135
314773 4.35873 22.0321 9.02619 26.0403 14.1104 2.11749 61.4573
314778 4.40705 22.1086 9.22857 26.5902 14.0625 2.23868 62.3345
314784 4.40705 22.1086 9.22857 26.5902 14.0625 2.23868 62.3345
314804 4.43604 21.9173 9.41071 27.0244 13.9735 2.40852 62.7884
314806 4.28141 21.7451 9.67381 27.6033 13.9775 2.66587 63.3036
314815 4.28141 21.7451 9.67381 27.6033 13.9775 2.66587 63.3036
314835 4.3104 21.5729 10.0887 28.3751 13.8114 2.93266 64.3471
314839 4.3104 21.5729 10.0887 28.3751 13.8114 2.93266 64.3471
314846 4.22342 21.3337 10.4226 29.1084 13.7491 3.22037 65.0882
314864 4.18476 21.1424 10.6655 29.5812 13.6767 3.41283 65.5738
314882 4.1751 20.951 10.6351 29.6583 13.6806 3.4777 65.4196
314897 4.11711 20.9989 10.5643 29.4557 13.7302 3.43221 65.136
314901 4.11711 20.9989 10.5643 29.4557 13.7302 3.43221 65.136
314907 4.09778 20.9319 10.5339 29.3014 13.7214 3.42379 64.865
314929 4.09778 20.9319 10.5339 29.3014 13.7214 3.42379 64.865
314931 4.25242 20.9032 10.5542 29.0312 13.5648 3.34326 64.741
314937 4.51336 20.8171 10.4833 28.7611 13.3881 3.23205 64.5749
314959 4.51336 20.8171 10.4833 28.7611 13.3881 3.23205 64.5749
314960 5.27686 20.7214 10.4631 28.3848 12.8636 2.97232 64.8462
314972 6.195 20.9415 10.4429 27.941 12.3033 2.57493 65.5203
314991 6.195 20.9415 10.4429 27.941 12.3033 2.57493 65.5203
314997 7.44173 21.1328 10.3417 27.1498 11.5412 2.02456 66.066
315021 8.8141 21.525 10.3113 26.3008 10.7169 1.40542 66.9512
315026 10.3218 21.7929 10.1798 25.2106 9.8148 0.727866 67.505
315036 10.3218 21.7929 10.1798 25.2106 9.8148 0.727866 67.505
315052 11.5588 21.946 9.9875 23.8888 9.01158 0.0826907 67.3811
315054 12.6703 22.0321 9.5119 22.2582 8.31477 -0.661673 66.4725
315060 12.6703 22.0321 9.5119 22.2582 8.31477 -0.661673 66.4725
315069 13.6754 22.2521 8.86429 20.2804 7.68101 -1.56354 65.0721
315085 14.6708 22.8931 8.45952 17.9455 6.92063 -2.61663 63.969
315089 14.6708 22.8931 8.45952 17.9455 6.92063 -2.61663 63.969
315116 15.8499 23.7828 10.0685 16.1481 5.31991 -3.05611 65.8492
315118 15.8499 23.7828 10.0685 16.1481 5.31991 -3.05611 65.8492
315121 17.1539 24.7968 12.2542 14.5894 3.62608 -3.29399 68.7944
315131 17.7697 25.5718 12.4363 12.2466 2.79766 -4.11438 68.0243
315148 17.7697 25.5718 12.4363 12.2466 2.79766 -4.11438 68.0243
315151 18.3181 25.9066 12.2542 10.3588 2.12947 -4.8502 66.8376
315161 19.107 25.7344 13.2054 9.80695 1.1897 -4.82561 67.8536
315178 19.107 25.7344 13.2054 9.80695 1.1897 -4.82561 67.8536
315182 20.1075 24.9499 14.2881 9.5262 0.0292182 -4.62668 68.8717
315192 20.1075 24.9499 14.2881 9.5262 0.0292182 -4.62668 68.8717
315211 20.7906 23.6297 14.8548 8.99374 -1.10663 -4.52003 68.2688
315213 21.0792 21.8407 15.4417 8.27734 -2.40206 -4.32201 66.639
315222 21.0792 21.8407 15.4417 8.27734 -2.40206 -4.32201 66.639
315243 21.1947 19.516 16.4637 7.89009 -3.93926 -3.77094 65.0645
315244 21.2524 17.0287 18.2027 7.67711 -5.74701 -2.89926 64.1609
315253 21.2524 17.0287 18.2027 7.67711 -5.74701 -2.89926 64.1609
315274 21.4544 14.412 20.6688 7.85137 -7.71119 -1.71143 64.3867
315274 21.4544 14.412 20.6688 7.85137 -7.71119 -1.71143 64.3867
315283 21.9547 12.0068 22.9126 8.12244 -9.51516 -0.675377 64.9966
315307 22.3877 9.95755 24.7723 8.24829 -11.0739 0.154982 65.3658
315308 22.3877 9.95755 24.7723 8.24829 -11.0739 0.154982 65.3658
315318 22.9842 8.57216 25.7729 8.45159 -12.0602 0.608423 65.7808
315339 23.4844 7.8987 26.3187 8.5 -12.6146 0.778422 66.2018
315341 23.4844 7.8987 26.3187 8.5 -12.6146 0.778422 66.2018
315347 24.0136 7.70628 26.2782 8.48064 -12.8255 0.68571 66.4787
315357 24.0136 7.70628 26.2782 8.48064 -12.8255 0.68571 66.4787
315373 24.3792 7.99491 25.692 8.31606 -12.7143 0.369229 66.3822
315375 24.5427 8.08149 24.7015 8.01595 -12.6821 0.0214112 65.3417
315407 24.5427 8.08149 24.7015 8.01595 -12.6821 0.0214112 65.3417
315408 24.4465 8.07187 23.6504 7.56093 -12.7351 -0.307637 63.7297
315409 24.3118 8.02377 22.8722 7.25114 -12.772 -0.531297 62.4589
315418 24.3118 8.02377 22.8722 7.25114 -12.772 -0.531297 62.4589
315439 24.3407 8.10074 22.1647 6.99943 -12.7445 -0.797974 61.6055
315440 24.3407 8.10074 22.1647 6.99943 -12.7445 -0.797974 61.6055
315446 24.3792 8.09111 21.821 6.82517 -12.7968 -0.938553 61.1165
315456 24.6101 8.18732 21.7301 6.77677 -12.7952 -1.04982 61.3042
315474 24.6101 8.18732 21.7301 6.77677 -12.7952 -1.04982 61.3042
315477 24.8891 8.30277 21.7907 6.79613 -12.7799 -1.1181 61.7787
315487 25.2932 8.37974 21.9322 6.87358 -12.7932 -1.1685 62.4787
315506 25.2932 8.37974 21.9322 6.87358 -12.7932 -1.1685 62.4787
315508 25.9859 8.58178 22.0535 6.77677 -12.8872 -1.35746 63.3979
315517 25.9859 8.58178 22.0535 6.77677 -12.8872 -1.35746 63.3979
315539 26.8806 8.71647 22.1849 6.709 -13.0406 -1.55909 64.491
315541 27.7368 8.73571 22.2051 6.48633 -13.3202 -1.79112 65.164
315552 27.7368 8.73571 22.2051 6.48633 -13.3202 -1.79112 65.164
315577 29.4205 8.81268 21.7402 5.86674 -13.8522 -2.42092 65.8401
315581 29.4205 8.81268 21.7402 5.86674 -13.8522 -2.42092 65.8401
315588 30.1324 8.71647 21.4168 5.61503 -14.1231 -2.69057 65.8807
315610 30.1324 8.71647 21.4168 5.61503 -14.1231 -2.69057 65.8807
315612 30.7578 8.71647 20.9114 5.29556 -14.3333 -3.02992 65.6812
315618 31.4024 8.72609 20.3252 5.02449 -14.4999 -3.38558 65.4782
315646 31.4024 8.72609 20.3252 5.02449 -14.4999 -3.38558 65.4782
315647 31.9796 8.70685 19.648 4.58884 -14.7605 -3.80054 64.9233
315649 32.528 8.76457 18.8799 4.23064 -14.911 -4.23474 64.4031
315660 32.528 8.76457 18.8799 4.23064 -14.911 -4.23474 64.4031
315679 33.1437 8.89926 18.1724 3.92084 -15.0056 -4.66579 64.1363
315681 33.1437 8.89926 18.1724 3.92084 -15.0056 -4.66579 64.1363
315689 33.9327 9.20713 17.3335 3.69818 -14.9447 -5.16773 64.1715
315714 34 9.76514 16.2613 3.42711 -14.6048 -5.69158 63.4536
315715 34 9.76514 16.2613 3.42711 -14.6048 -5.69158 63.4536
315721 34 10.8234 15.1179 3.11731 -13.9462 -6.32466 63.0586
315747 34 12.3147 13.7315 2.79784 -12.9762 -7.10933 62.844
315749 34 12.3147 13.7315 2.79784 -12.9762 -7.10933 62.844
315751 34 14.0849 12.1631 2.55581 -11.7518 -7.9691 62.8038
315761 34 14.0849 12.1631 2.55581 -11.7518 -7.9691 62.8038
315782 34 15.9225 10.5238 2.33314 -10.4605 -8.85613 62.7794
315786 34 17.5453 8.925 2.23633 -9.22684 -9.66021 62.7066
315791 34 17.5453 8.925 2.23633 -9.22684 -9.66021 62.7066
315815 34 19.0568 7.35655 2.17825 -8.0368 -10.43 62.5916
315818 34 20.4823 6.48631 3.14636 -6.57323 -10.4928 64.1149
315826 34 20.4823 6.48631 3.14636 -6.57323 -10.4928 64.1149
315850 34 22.0416 6.94167 5.81834 -4.7534 -9.43618 68.8016
315851 34 22.0416 6.94167 5.81834 -4.7534 -9.43618 68.8016
315856 32.4992 22.96 7.47798 8.7033 -2.90122 -8.22396 71.6405
315862 29.5744 23.4575 7.35655 10.4749 -1.05785 -7.45105 70.8634
315884 29.5744 23.4575 7.35655 10.4749 -1.05785 -7.45105 70.8634
315886 26.2456 23.9645 7.07321 11.7141 0.855047 -6.8313 68.9975
315897 22.7917 24.2994 6.98214 13.4567 2.95506 -5.92009 67.53
315919 22.7917 24.2994 6.98214 13.4567 2.95506 -5.92009 67.53
315920 19.5399 24.749 7.26548 15.451 4.99761 -4.82925 67.0054
315927 19.5399 24.749 7.26548 15.451 4.99761 -4.82925 67.0054
315933 16.5168 25.0838 7.75119 17.4342 6.83154 -3.68684 66.786
315954 14.033 25.3613 8.2875 19.1322 8.29656 -2.68833 66.814
315971 11.9841 25.4665 8.74286 20.5216 9.46606 -1.84056 66.715
315990 10.3411 25.5048 9.16786 21.496 10.3338 -1.1687 66.5098
315995 9.09437 25.39 9.49167 22.1039 10.9367 -0.655758 66.0799
316005 9.09437 25.39 9.49167 22.1039 10.9367 -0.655758 66.0799
316026 8.22456 25.0456 9.67381 22.3837 11.3011 -0.278445 65.3276
316028 7.71234 24.9499 9.82559 22.4994 11.5066 -0.077835 64.9873
316035 7.71234 24.9499 9.82559 22.4994 11.5066 -0.077835 64.9873
316061 7.62536 24.9977 9.79524 22.1521 11.5104 -0.156983 64.5704
316063 7.68334 25.1125 9.47143 21.689 11.5887 -0.383575 63.9563
316066 7.68334 25.1125 9.47143 21.689 11.5887 -0.383575 63.9563
316075 7.67368 25.1604 9.10714 21.139 11.6988 -0.615376 63.0802
316098 7.67368 25.1604 9.10714 21.139 11.6988 -0.615376 63.0802
316103 7.52871 25.2561 8.81369 20.5698 11.8563 -0.820659 62.1683
316106 7.56737 25.4474 8.54048 20.0874 11.9345 -1.0675 61.6426
316133 7.56737 25.4474 8.54048 20.0874 11.9345 -1.0675 61.6426
316135 7.64468 25.8492 8.25714 19.5953 12.0393 -1.37939 61.3464
316137 7.74133 26.2319 8.00417 19.412 12.1757 -1.60215 61.3894
316169 7.74133 26.2319 8.00417 19.412 12.1757 -1.60215 61.3894
316171 7.84764 26.6719 7.99405 19.3252 12.1911 -1.74655 61.8388
316173 7.84764 26.6719 7.99405 19.3252 12.1911 -1.74655 61.8388
316177 7.85731 26.9589 7.99405 19.441 12.2682 -1.77857 62.2512
316204 7.82831 27.112 7.98393 19.5953 12.3542 -1.76609 62.5196
316205 7.82831 27.112 7.98393 19.5953 12.3542 -1.76609 62.5196
316212 7.73167 27.3416 8.08512 19.9137 12.4613 -1.68245 63.0721
316218 7.67368 27.4851 8.23691 20.4347 12.5368 -1.52446 63.8304
316239 7.67368 27.4851 8.23691 20.4347 12.5368 -1.52446 63.8304
316241 7.62536 27.5329 8.46964 21.0136 12.5506 -1.31688 64.6415
316250 7.62536 27.5329 8.46964 21.0136 12.5506 -1.31688 64.6415
316276 7.50938 27.4851 8.69226 21.5539 12.5832 -1.09172 65.2406
316278 7.32575 27.2842 8.85417 22.0074 12.6435 -0.858784 65.4715
316281 7.32575 27.2842 8.85417 22.0074 12.6435 -0.858784 65.4715
316289 7.23877 27.1885 8.99583 22.4126 12.6704 -0.687817 65.8357
316311 7.16146 26.8537 9.17798 22.6635 12.5947 -0.495104 65.8566
316313 7.16146 26.8537 9.17798 22.6635 12.5947 -0.495104 65.8566
316320 6.97783 26.5858 9.09702 22.8178 12.7251 -0.377712 65.4785
316329 6.97783 26.5858 9.09702 22.8178 12.7251 -0.377712 65.4785
316349 6.73621 26.1649 9.16786 22.895 12.7593 -0.193547 64.964
316351 6.43661 25.4856 9.37024 23.223 12.7496 0.156013 64.5155
316361 6.43661 25.4856 9.37024 23.223 12.7496 0.156013 64.5155
316386 6.61057 24.8542 9.7244 23.7633 12.4255 0.467167 64.9526
316388 6.85219 24.2037 10.0887 24.2264 12.0425 0.747862 65.371
316391 6.85219 24.2037 10.0887 24.2264 12.0425 0.747862 65.371
316422 7.59636 24.0315 10.2607 24.3519 11.521 0.675881 66.2405
316424 7.59636 24.0315 10.2607 24.3519 11.521 0.675881 66.2405
316424 8.29221 23.7732 10.4935 24.4966 10.9924 0.654225 67.0555
