2073849 2.9477 11.0255 10.7768 27.1595 11.7804 6.92449 51.9094
2073864 3.3826 10.9485 11.4042 26.3876 10.8155 6.75155 52.1229
2073871 3.3826 10.9485 11.4042 26.3876 10.8155 6.75155 52.1229
2073880 3.66288 10.7657 11.4143 25.0658 10.192 6.49738 50.9087
2073891 3.89483 10.4578 11.394 23.609 9.51153 6.27598 49.3557
2073901 3.89483 10.4578 11.394 23.609 9.51153 6.27598 49.3557
2073915 4.23309 10.2366 11.7685 22.0653 8.43641 6.01327 48.3034
2073925 4.65833 9.8421 12.4565 20.5988 7.00546 5.85256 47.5557
2073936 4.65833 9.8421 12.4565 20.5988 7.00546 5.85256 47.5557
2073944 5.21887 9.55348 13.6304 19.1901 5.19741 5.68829 47.5928
2073953 5.21887 9.55348 13.6304 19.1901 5.19741 5.68829 47.5928
2073962 5.92439 9.13016 15.047 17.7815 3.10144 5.56793 47.8831
2073980 6.6589 8.62988 16.4839 16.1287 0.843272 5.42485 47.9014
2073994 6.6589 8.62988 16.4839 16.1287 0.843272 5.42485 47.9014
2073996 7.52871 8.15846 17.9501 14.4055 -1.5168 5.20423 48.0427
2074003 8.33087 7.54273 19.4762 12.5951 -3.99899 5.06761 47.9449
2074016 8.33087 7.54273 19.4762 12.5951 -3.99899 5.06761 47.9449
2074023 9.15236 6.90775 21.0832 10.8719 -6.48543 4.96561 48.0152
2074033 9.15236 6.90775 21.0832 10.8719 -6.48543 4.96561 48.0152
2074043 9.96418 6.41709 22.5083 9.49715 -8.55516 4.84354 48.3867
2074053 10.689 6.14771 23.9435 8.6549 -10.0283 4.78253 49.4352
2074063 10.689 6.14771 23.9435 8.6549 -10.0283 4.78253 49.4352
2074082 11.3655 6.04188 25.217 8.52904 -10.7576 4.79106 51.1535
2074090 11.3655 6.04188 25.217 8.52904 -10.7576 4.79106 51.1535
2074100 11.8778 5.85908 26.1165 8.62585 -11.1994 4.86064 52.4792
2074109 12.1194 5.59932 26.5309 8.60649 -11.5618 4.94324 52.8561
2074117 12.1194 5.59932 26.5309 8.60649 -11.5618 4.94324 52.8561
2074125 12.1194 5.26259 26.5713 8.40319 -11.9493 5.04022 52.3565
2074134 12.0517 4.90662 26.4096 8.21925 -12.278 5.13805 51.5872
2074149 12.0517 4.90662 26.4096 8.21925 -12.278 5.13805 51.5872
2074154 11.9937 4.4833 26.3288 8.06435 -12.667 5.28288 50.8702
2074169 11.9937 4.4833 26.3288 8.06435 -12.667 5.28288 50.8702
2074175 11.6845 4.07923 26.2883 7.89009 -13.0168 5.53082 49.9421
2074185 11.6748 3.67516 26.3086 7.94818 -13.2845 5.717 49.6067
2074195 11.6748 3.67516 26.3086 7.94818 -13.2845 5.717 49.6067
2074205 11.5878 3.40577 26.3692 7.832 -13.5783 5.85659 49.1948
2074215 11.4912 3.31919 26.3793 7.86105 -13.6034 5.9418 49.0507
2074244 11.4429 3.18449 26.4703 7.95786 -13.6431 6.0546 49.0555
2074245 11.4429 3.18449 26.4703 7.95786 -13.6431 6.0546 49.0555
2074255 11.3752 3.11715 26.5612 8.05467 -13.6253 6.14669 49.1083
2074270 11.2302 3.10753 26.4703 8.03531 -13.5933 6.19362 48.8434
2074277 11.2302 3.10753 26.4703 8.03531 -13.5933 6.19362 48.8434
2074287 11.2013 3.05942 26.2883 8.03531 -13.582 6.19428 48.5843
2074297 11.0756 3.02094 26.157 7.94818 -13.6216 6.22652 48.2017
2074307 11.0756 3.02094 26.157 7.94818 -13.6216 6.22652 48.2017
2074328 11.1336 3.07866 26.1974 7.96754 -13.5833 6.18659 48.3772
2074334 11.1723 3.07866 26.1266 7.89977 -13.6298 6.14434 48.2773
2074343 11.1723 3.0498 26.1266 7.89977 -13.6529 6.15699 48.2485
2074349 11.2689 3.17487 26.0155 7.84169 -13.5959 6.02888 48.3009
2074358 11.2689 3.17487 26.0155 7.84169 -13.5959 6.02888 48.3009
2074369 11.3366 3.13639 25.9548 7.832 -13.6361 6.0031 48.2598
2074378 11.4719 3.17487 25.874 7.79328 -13.6491 5.90528 48.314
2074392 11.4719 3.17487 25.874 7.79328 -13.6491 5.90528 48.314
2074399 11.6168 3.22298 25.9144 7.71583 -13.7159 5.81506 48.47
2074408 11.6168 3.22298 25.9144 7.71583 -13.7159 5.81506 48.47
2074424 11.6941 3.2326 25.9548 7.66743 -13.7742 5.77628 48.549
2074429 11.8971 3.17487 26.0054 7.66743 -13.8785 5.72394 48.7448
2074439 11.8971 3.17487 26.0054 7.66743 -13.8785 5.72394 48.7448
2074449 11.9841 3.24222 26.0559 7.61902 -13.8947 5.65894 48.9012
2074459 12.1484 3.15563 26.1064 7.58998 -14.0352 5.63027 49.0004
2074469 12.1484 3.15563 26.1064 7.58998 -14.0352 5.63027 49.0004
2074479 12.39 3.2326 26.0054 7.50285 -14.0746 5.46061 49.1308
2074498 12.39 3.2326 26.0054 7.50285 -14.0746 5.46061 49.1308
2074500 12.6219 3.25184 25.7628 7.35763 -14.1727 5.28021 48.9942
2074510 12.9022 3.29994 25.6819 7.30923 -14.2169 5.11929 49.1933
2074520 12.9022 3.29994 25.6819 7.30923 -14.2169 5.11929 49.1933
2074530 13.2115 3.43463 25.6011 7.23178 -14.2213 4.90716 49.479
2074540 13.4918 3.56933 25.4697 7.14465 -14.216 4.69646 49.6754
2074558 13.4918 3.56933 25.4697 7.14465 -14.216 4.69646 49.6754
2074562 13.7914 3.78098 25.0149 7.09624 -14.0535 4.38942 49.6834
2074572 13.917 3.90606 24.6914 6.93166 -14.0409 4.18639 49.4462
2074582 13.917 3.90606 24.6914 6.93166 -14.0409 4.18639 49.4462
2074592 14.1006 4.28127 24.1861 6.94134 -13.6662 3.86156 49.5093
2074602 14.1006 4.28127 24.1861 6.94134 -13.6662 3.86156 49.5093
2074612 14.2359 4.63724 23.7414 6.83485 -13.4002 3.55001 49.4494
2074622 14.3036 5.00283 23.2967 6.76708 -13.0799 3.26838 49.3702
2074632 14.3036 5.00283 23.2967 6.76708 -13.0799 3.26838 49.3702
2074642 14.3519 5.33956 22.761 6.77677 -12.694 3.00014 49.2292
2074660 14.3519 5.33956 22.761 6.77677 -12.694 3.00014 49.2292
2074669 14.2359 5.70515 22.286 6.79613 -12.2496 2.79695 49.0232
2074681 14.1876 6.0515 21.8008 7.02847 -11.6717 2.62599 49.0684
2074687 14.1876 6.0515 21.8008 7.02847 -11.6717 2.62599 49.0684
2074695 14.0813 6.5133 21.3157 7.45444 -10.8525 2.48422 49.3647
2074704 14.004 6.96548 20.8306 8.16116 -9.86161 2.40855 49.9612
2074713 14.004 6.96548 20.8306 8.16116 -9.86161 2.40855 49.9612
2074724 13.7527 7.36955 20.305 8.98405 -8.77982 2.43005 50.4113
2074746 13.7527 7.36955 20.305 8.98405 -8.77982 2.43005 50.4113
2074750 13.3661 7.76401 19.5268 9.70046 -7.65946 2.41189 50.3573
2074760 12.9022 7.98529 18.7081 10.2426 -6.71293 2.42681 49.8382
2074767 12.9022 7.98529 18.7081 10.2426 -6.71293 2.42681 49.8382
2074774 12.2257 8.1777 17.7176 10.8622 -5.56487 2.50383 48.9832
2074784 11.4815 8.37012 16.8786 11.6851 -4.28836 2.69915 48.4153
2074811 10.7663 8.66836 15.9577 12.7016 -2.78315 2.87706 48.094
2074814 10.7663 8.66836 15.9577 12.7016 -2.78315 2.87706 48.094
2074835 9.99318 8.99547 15.0065 14.0085 -1.03935 3.13302 48.0037
2074835 9.23934 9.45727 13.9339 15.4704 0.911829 3.33914 48.1009
2074845 9.23934 9.45727 13.9339 15.4704 0.911829 3.33914 48.1009
2074855 8.39852 9.85173 12.9726 16.9516 2.81902 3.6349 48.1745
2074865 7.5867 10.2654 12.0821 18.4665 4.68128 3.93481 48.4008
2074876 7.5867 10.2654 12.0821 18.4665 4.68128 3.93481 48.4008
2074885 6.75554 10.7561 11.2119 19.769 6.47401 4.1664 48.4925
2074902 6.75554 10.7561 11.2119 19.769 6.47401 4.1664 48.4925
2074907 6.06936 11.0543 10.3518 21.139 8.11087 4.43298 48.6145
2074919 5.4315 11.4392 9.74464 22.4222 9.526 4.67894 49.0375
2074927 5.4315 11.4392 9.74464 22.4222 9.526 4.67894 49.0375
2074941 4.86128 11.7855 9.19821 23.7826 10.835 4.93698 49.6276
2074952 4.29107 12.0934 8.95536 25.0176 11.8476 5.2391 50.3574
2074958 4.29107 12.0934 8.95536 25.0176 11.8476 5.2391 50.3574
2074968 3.80785 12.2473 8.76309 26.214 12.6833 5.56175 51.0322
2074978 3.27629 12.2473 8.78333 26.214 13.0647 5.78187 50.5209
2074988 3.27629 12.4109 8.78333 27.0437 13.2948 5.86437 51.5142
2074998 2.79306 12.5263 8.67202 27.5647 13.881 6.0858 51.5561
2075009 2.79306 12.5263 8.67202 27.5647 13.881 6.0858 51.5561
2075027 2.28084 12.3628 8.65179 27.9217 14.3272 6.42262 51.2171
2075037 1.90392 12.2954 8.67202 28.1629 14.6384 6.65305 51.0342
2075047 1.90392 12.2954 8.67202 28.1629 14.6384 6.65305 51.0342
2075055 1.59466 12.305 8.43929 28.1822 15.0696 6.74622 50.5212
2075077 1.43036 12.2281 8.40893 28.0278 15.1794 6.82051 50.0952
2075083 1.35304 12.1992 8.37857 27.9217 15.2396 6.84459 49.8525
2075089 1.35304 12.1992 8.37857 27.9217 15.2396 6.84459 49.8525
2075099 1.40136 12.2377 8.34821 27.8156 15.2118 6.78417 49.8028
2075111 1.35304 12.1415 8.19643 27.6322 15.3195 6.79218 49.3232
2075137 1.34338 12.1126 8.10536 27.2753 15.3262 6.73407 48.8366
2075142 1.38204 12.1126 8.00417 27.2753 15.3779 6.6997 48.7741
2075151 1.38204 12.103 8.00417 26.9183 15.305 6.6428 48.4075
2075166 1.3917 12.1319 7.9131 26.5613 15.3071 6.54741 47.998
2075187 1.44002 12.2858 7.80179 26.2236 15.323 6.37667 47.7512
2075192 1.51734 12.5552 7.67024 25.8859 15.355 6.13611 47.6287
2075218 1.59466 12.9208 7.58929 25.6544 15.3851 5.8821 47.7591
2075222 1.66231 13.1998 7.49821 25.5289 15.4357 5.68971 47.8892
2075232 1.66231 13.1998 7.49821 25.5289 15.4357 5.68971 47.8892
2075251 1.7203 13.6231 7.4881 25.3746 15.4489 5.45138 48.2061
2075264 1.81694 13.8636 7.36667 25.1913 15.481 5.24811 48.2385
2075273 1.90392 14.1619 7.36667 25.1237 15.4537 5.0739 48.5562
2075299 1.83627 14.2196 7.23512 25.0851 15.6241 5.04311 48.3761
2075304 1.94258 14.3447 7.23512 25.0272 15.5481 4.93572 48.5496
2075318 1.94258 14.3447 7.23512 25.0272 15.5481 4.93572 48.5496
2075327 1.8556 14.5274 7.16429 25.0755 15.7246 4.89175 48.6228
2075340 1.8556 14.5274 7.16429 25.0755 15.7246 4.89175 48.6228
2075346 1.97157 14.6429 7.225 25.0079 15.5864 4.7961 48.8474
2075355 1.96191 14.7199 7.2756 25.0465 15.5747 4.78749 49.0039
2075365 1.96191 14.7199 7.2756 25.0465 15.5747 4.78749 49.0039
2075385 1.93292 14.7391 7.29583 25.0851 15.5931 4.80366 49.053
2075386 1.95225 14.6814 7.31607 25.172 15.566 4.84137 49.1217
2075395 1.95225 14.6814 7.31607 25.172 15.566 4.84137 49.1217
2075409 1.96191 14.6621 7.25536 25.1623 15.6026 4.83067 49.0417
2075423 1.96191 14.6621 7.25536 25.1623 15.6026 4.83067 49.0417
2075433 1.87493 14.5274 7.32619 25.172 15.592 4.9373 48.9005
2075442 1.93292 14.5178 7.24524 25.2684 15.6277 4.9208 48.9644
2075451 1.93292 14.5178 7.24524 25.2684 15.6277 4.9208 48.9644
2075458 1.84594 14.412 7.25536 25.2588 15.6696 4.99965 48.7721
2075467 1.87493 14.4793 7.31607 25.2009 15.5967 4.9608 48.8713
2075477 1.87493 14.4793 7.31607 25.2009 15.5967 4.9608 48.8713
2075487 2.03923 14.5082 7.40714 25.143 15.38 4.88906 49.0976
2075497 2.03923 14.5082 7.40714 25.143 15.38 4.88906 49.0976
2075507 2.4548 14.5852 7.45774 24.9018 14.967 4.65174 49.3995
2075522 2.71575 14.5563 7.56905 24.622 14.6036 4.52428 49.4631
2075528 2.71575 14.5563 7.56905 24.622 14.6036 4.52428 49.4631
2075542 3.112 14.5274 7.62976 24.1203 14.1255 4.28552 49.3895
2075548 3.62422 14.4024 7.74107 23.5704 13.4822 4.03893 49.338
2075558 3.62422 14.4024 7.74107 23.5704 13.4822 4.03893 49.338
2075568 4.09778 14.2965 7.79167 22.9432 12.8998 3.76779 49.1292
2075578 4.09778 14.2965 7.79167 22.9432 12.8998 3.76779 49.1292
2075588 4.86128 14.0849 8.04464 22.2679 11.8998 3.46122 49.2587
2075598 5.47015 13.8155 8.35833 21.4574 10.9184 3.21684 49.1014
2075624 6.14667 13.5365 8.925 20.6566 9.70341 3.01386 49.2648
2075631 6.84252 13.2479 9.65357 19.6822 8.31238 2.80581 49.4262
2075643 6.84252 13.2479 9.65357 19.6822 8.31238 2.80581 49.4262
2075653 7.56737 12.8727 10.4833 18.5726 6.7655 2.6111 49.496
2075659 7.56737 12.8727 10.4833 18.5726 6.7655 2.6111 49.496
2075669 8.26322 12.584 11.2726 17.1833 5.18806 2.31486 49.3032
2075679 9.00739 12.18 12.2946 15.7802 3.37892 2.09719 49.2622
2075706 9.77089 11.7182 13.2863 14.2893 1.50325 1.86077 49.0647
2075711 10.5151 11.2756 14.4399 12.779 -0.459245 1.66139 49.0096
2075722 10.5151 11.2756 14.4399 12.779 -0.459245 1.66139 49.0096
2075730 11.2979 10.6695 15.5631 11.3366 -2.48374 1.51398 48.867
2075745 11.2979 10.6695 15.5631 11.3366 -2.48374 1.51398 48.867
2075751 11.8971 10.0538 16.656 9.90376 -4.42972 1.42511 48.5106
2075770 12.564 9.41879 17.6873 8.55809 -6.36266 1.32577 48.2281
2075778 12.564 9.41879 17.6873 8.55809 -6.36266 1.32577 48.2281
2075790 13.1632 8.77419 18.9507 7.46412 -8.20827 1.389 48.3521
2075795 13.772 8.07187 20.2039 6.73804 -9.82151 1.56748 48.7859
2075804 13.772 8.07187 20.2039 6.73804 -9.82151 1.56748 48.7859
2075813 14.3616 7.35993 21.5077 6.51538 -11.0535 1.90019 49.7446
2075823 14.3616 7.35993 21.5077 6.51538 -11.0535 1.90019 49.7446
2075834 14.7578 6.82117 22.6599 6.66059 -11.7565 2.28142 50.8995
2075843 15.1057 6.13809 23.5797 6.64123 -12.5844 2.61647 51.4647
2075856 15.1057 6.13809 23.5797 6.64123 -12.5844 2.61647 51.4647
2075863 15.241 5.43577 24.0547 6.54442 -13.3179 2.90262 51.2759
2075873 15.2894 4.83928 24.2973 6.46697 -13.8921 3.1347 50.8929
2075888 15.2894 4.83928 24.2973 6.46697 -13.8921 3.1347 50.8929
2075894 15.386 4.42558 24.5095 6.31207 -14.3966 3.26169 50.6332
2075904 15.386 4.42558 24.5095 6.31207 -14.3966 3.26169 50.6332
2075914 15.357 4.01188 24.6813 6.30239 -14.758 3.46004 50.3526
2075925 15.299 3.76174 24.8329 6.33144 -14.9521 3.6148 50.2252
2075934 15.299 3.76174 24.8329 6.33144 -14.9521 3.6148 50.2252
2075948 15.299 3.57895 24.934 6.30239 -15.1412 3.69906 50.1144
2075960 15.1927 3.44426 24.7824 6.30239 -15.1988 3.75524 49.7218
2075965 15.1927 3.44426 24.7824 6.30239 -15.1988 3.75524 49.7218
2075975 15.1831 3.42501 24.56 6.25399 -15.2078 3.7046 49.4221
2075985 15.1927 3.45388 24.1659 6.1959 -15.155 3.58566 49.0084
2075995 15.1927 3.45388 24.1659 6.1959 -15.155 3.58566 49.0084
2076016 15.2121 3.5116 23.893 6.08941 -15.1439 3.46735 48.706
2076023 15.2121 3.5116 23.893 6.08941 -15.1439 3.46735 48.706
2076032 15.241 3.60781 23.519 6.01196 -15.0581 3.31196 48.3798
2076039 15.299 3.61743 23.2259 5.96355 -15.0418 3.20325 48.1059
2076047 15.299 3.61743 23.2259 5.96355 -15.0418 3.20325 48.1059
2076060 15.4053 3.70402 22.953 5.85706 -15.0238 3.03657 47.9195
2076067 15.4053 3.70402 22.953 5.85706 -15.0238 3.03657 47.9195
2076077 15.386 3.70402 22.7812 5.80866 -15.0244 2.98863 47.6799
2076087 15.444 3.72326 22.7105 5.75057 -15.0544 2.92697 47.6283
2076104 15.444 3.72326 22.7105 5.75057 -15.0544 2.92697 47.6283
2076108 15.4537 3.76174 22.7408 5.76025 -15.0223 2.919 47.7164
2076118 15.5213 3.81947 22.7913 5.85706 -14.918 2.90928 47.9892
2076137 15.5213 3.81947 22.7913 5.85706 -14.918 2.90928 47.9892
2076138 15.531 3.79061 22.9328 5.79897 -15.0219 2.93742 48.0534
2076150 15.7049 3.70402 22.9227 5.8377 -15.0957 2.91205 48.1694
2076167 15.7049 3.70402 22.9227 5.8377 -15.0957 2.91205 48.1694
2076177 15.7436 3.80023 23.1552 5.90547 -15.0156 2.93702 48.6045
2076185 15.7436 3.80023 23.1552 5.90547 -15.0156 2.93702 48.6045
2076198 15.8403 3.73288 23.327 5.91515 -15.1178 2.9711 48.8153
2076201 15.8982 3.79061 23.5493 5.87642 -15.1587 2.97374 49.1146
2076209 15.8982 3.79061 23.5493 5.87642 -15.1587 2.97374 49.1146
2076219 16.0142 3.71364 23.5291 5.87642 -15.2408 2.95452 49.1334
2076229 16.0529 3.63667 23.519 5.8377 -15.3414 2.95655 49.0463
2076243 16.0529 3.63667 23.519 5.8377 -15.3414 2.95655 49.0463
2076254 16.0915 3.6944 23.4786 5.78929 -15.3334 2.89946 49.0538
2076266 16.0915 3.6944 23.4786 5.78929 -15.3334 2.89946 49.0538
2076270 16.2848 3.72326 23.2866 5.70216 -15.3816 2.74936 48.9968
2076280 16.5554 3.86757 23.0844 5.55695 -15.3958 2.51253 49.0644
2076290 16.5554 3.86757 23.0844 5.55695 -15.3958 2.51253 49.0644
2076301 16.7004 3.99264 22.8317 5.54727 -15.2797 2.3494 49.0721
2076312 16.8357 4.12733 22.6094 5.50854 -15.1837 2.18666 49.081
2076337 16.9807 4.44482 22.3971 5.49886 -14.9195 1.96786 49.3215
2076352 17.1058 4.69496 22.2556 5.56663 -14.6605 1.82017 49.6231
2076362 17.1828 5.01245 22.0232 5.58599 -14.3599 1.63056 49.8044
2076372 17.1828 5.01245 22.0232 5.58599 -14.3599 1.63056 49.8044
2076384 17.2213 5.32032 21.6694 5.57631 -14.0568 1.41727 49.7873
2076408 17.2501 5.78212 21.3359 5.8377 -13.4278 1.23731 50.2059
2076413 17.2213 6.22467 20.9721 6.09909 -12.8024 1.07643 50.5171
2076423 17.2213 6.22467 20.9721 6.09909 -12.8024 1.07643 50.5171
2076433 17.1154 6.76344 20.5476 6.78645 -11.771 1.01199 51.2129
2076443 16.7777 7.206 20.1534 7.77392 -10.5715 1.13953 51.911
2076457 16.7777 7.206 20.1534 7.77392 -10.5715 1.13953 51.911
2076463 16.4781 7.54273 19.3954 8.39351 -9.62042 1.09092 51.8097
2076473 15.8403 7.68704 18.3341 8.58713 -8.87053 1.00914 50.4485
2076485 15.8403 7.68704 18.3341 8.58713 -8.87053 1.00914 50.4485
2076494 15.1831 7.8987 17.3133 8.63554 -8.13887 0.877134 49.0306
2076513 15.1831 7.8987 17.3133 8.63554 -8.13887 0.877134 49.0306
2076515 14.5065 8.03339 16.4637 8.79043 -7.39967 0.851843 47.794
2076526 13.743 8.26429 15.7655 9.38098 -6.28966 0.998581 47.1538
2076534 13.743 8.26429 15.7655 9.38098 -6.28966 0.998581 47.1538
2076553 13.0375 8.56254 15.1685 10.3007 -4.96224 1.233 47.0692
2076557 12.2257 8.83192 14.703 11.6948 -3.37264 1.68794 47.4554
2076565 12.2257 8.83192 14.703 11.6948 -3.37264 1.68794 47.4554
2076575 11.3559 9.37068 14.0958 13.4954 -1.3378 2.13111 48.3178
2076602 10.4474 10.0057 13.347 15.422 0.829509 2.53421 49.2221
2076607 9.4423 10.5156 12.3958 17.3956 3.05181 2.96493 49.7493
2076617 9.4423 10.5156 12.3958 17.3956 3.05181 2.96493 49.7493
2076627 8.36953 11.2467 11.2119 18.9489 5.33088 3.17753 49.7771
2076641 7.37408 11.8913 9.9875 20.2707 7.47142 3.32956 49.5236
2076654 7.37408 11.8913 9.9875 20.2707 7.47142 3.32956 49.5236
2076664 6.20466 12.5071 8.89464 21.5057 9.6277 3.56997 49.1121
2076677 5.14156 12.9689 7.97381 22.5959 11.529 3.83913 48.6802
2076688 4.3394 13.4211 7.47798 23.6669 12.9181 4.10519 48.9053
2076697 4.3394 13.4211 7.47798 23.6669 12.9181 4.10519 48.9053
2076712 3.62422 13.7193 7.36667 24.815 13.9037 4.49412 49.5252
2076722 2.99602 13.9021 7.44762 25.8087 14.5885 4.89236 50.1545
2076728 2.99602 13.9021 7.44762 25.8087 14.5885 4.89236 50.1545
2076738 2.55145 14.0272 7.54881 26.7446 15.0729 5.22334 50.872
2076748 2.55145 14.0272 7.54881 26.7446 15.0729 5.22334 50.872
2076758 2.21319 14.0175 7.58929 27.3138 15.4149 5.47751 51.1339
2076773 1.9909 13.9502 7.77143 27.6226 15.4916 5.68409 51.3351
2076784 1.9909 13.9502 7.77143 27.6226 15.4916 5.68409 51.3351
2076789 1.80728 13.777 7.83214 27.8445 15.5977 5.87943 51.2609
2076799 1.72996 13.5076 7.89286 27.8156 15.5559 6.02721 50.946
2076809 1.72996 13.5076 7.89286 27.8156 15.5559 6.02721 50.946
2076819 1.77828 13.3633 7.8119 27.5647 15.5082 6.00822 50.5182
2076829 1.77828 13.3633 7.8119 27.5647 15.5082 6.00822 50.5182
2076839 1.72996 13.1613 7.75119 27.1112 15.4719 6.02102 49.7537
2076854 1.79761 12.9881 7.72083 26.6674 15.3217 5.97954 49.174
2076865 1.79761 12.9881 7.72083 26.6674 15.3217 5.97954 49.174
2076893 1.73962 12.7861 7.42738 25.7991 15.4015 5.87432 47.7522
2076901 1.73962 12.7861 7.42738 25.7991 15.4015 5.87432 47.7522
2076903 1.73962 12.6995 7.3869 25.4904 15.3558 5.84517 47.3164
2076912 1.73962 12.6995 7.3869 25.4904 15.3558 5.84517 47.3164
2076924 1.80728 12.6321 7.36667 25.2684 15.2559 5.79794 47.0745
2076931 1.80728 12.6899 7.29583 25.1237 15.2986 5.73007 46.9167
2076940 1.80728 12.6899 7.29583 25.1237 15.2986 5.73007 46.9167
2076955 1.86526 12.7765 7.33631 25.1044 15.2282 5.67059 47.0825
2076962 1.8556 12.8342 7.39702 25.2299 15.2227 5.68629 47.3167
2076973 1.8556 12.8342 7.39702 25.2299 15.2227 5.68629 47.3167
2076982 1.88459 12.9015 7.42738 25.4421 15.2299 5.69189 47.6556
2076998 1.88459 12.9015 7.42738 25.4421 15.2299 5.69189 47.6556
2077004 1.88459 12.9977 7.49821 25.5965 15.2216 5.69409 47.977
2077013 1.84594 13.0747 7.54881 25.693 15.2468 5.70605 48.1624
2077023 1.84594 13.0747 7.54881 25.693 15.2468 5.70605 48.1624
2077033 1.95225 13.1805 7.50833 25.8473 15.2445 5.63729 48.4884
2077047 2.01023 13.2286 7.61964 26.021 15.1494 5.64708 48.8795
2077053 2.01023 13.2286 7.61964 26.021 15.1494 5.64708 48.8795
2077063 2.06822 13.4307 7.69048 26.1368 15.108 5.57362 49.3261
2077073 2.06822 13.4307 7.69048 26.1368 15.108 5.57362 49.3261
2077088 2.05856 13.5365 7.67024 26.1464 15.1554 5.53156 49.4117
2077097 1.98124 13.5269 7.66012 26.214 15.238 5.57872 49.3822
2077108 1.98124 13.5269 7.66012 26.214 15.238 5.57872 49.3822
2077120 1.9909 13.5076 7.65 26.2719 15.246 5.59181 49.4204
2077124 1.90392 13.4692 7.67024 26.2911 15.2967 5.65172 49.3345
2077134 1.90392 13.4692 7.67024 26.2911 15.2967 5.65172 49.3345
2077145 2.23252 13.4307 7.74107 26.2429 14.9555 5.53529 49.6472
2077154 2.23252 13.4307 7.74107 26.2429 14.9555 5.53529 49.6472
2077170 2.51279 13.3345 7.82202 25.9245 14.5805 5.41377 49.5938
2077175 2.93803 13.3056 7.92321 25.6351 14.0956 5.21505 49.8019
2077185 2.93803 13.3056 7.92321 25.6351 14.0956 5.21505 49.8019
2077195 3.37294 13.296 8.06488 25.2974 13.5693 5.00488 50.0312
2077206 3.90449 13.1902 8.17619 24.8439 12.947 4.7667 50.1148
2077220 3.90449 13.1902 8.17619 24.8439 12.947 4.7667 50.1148
2077225 4.54235 12.9785 8.27738 24.265 12.1965 4.50078 50.0633
2077236 4.54235 12.9785 8.27738 24.265 12.1965 4.50078 50.0633
2077255 4.98692 12.6899 8.30774 23.5897 11.5911 4.30283 49.5742
2077257 5.41217 12.4109 8.32798 22.8082 10.9678 4.07884 48.9592
2077277 5.84707 12.026 8.54048 21.9784 10.1344 3.9198 48.392
2077295 6.23366 11.901 9.0869 21.1583 9.16639 3.75486 48.3799
2077303 6.23366 11.901 9.0869 21.1583 9.16639 3.75486 48.3799
2077312 6.76521 11.7374 9.81548 20.2804 7.94114 3.57827 48.5985
2077322 6.76521 11.7374 9.81548 20.2804 7.94114 3.57827 48.5985
2077330 7.27743 11.6893 10.6756 19.441 6.71168 3.40742 49.0833
2077343 7.89596 11.5642 11.3536 18.4569 5.46551 3.15104 49.2706
2077348 7.89596 11.5642 11.3536 18.4569 5.46551 3.15104 49.2706
2077358 8.5145 11.3622 11.8292 17.3666 4.27182 2.84857 49.0725
2077373 9.03638 11.2179 12.2744 16.1384 3.10553 2.51459 48.6671
2077379 9.03638 11.2179 12.2744 16.1384 3.10553 2.51459 48.6671
2077391 9.55827 11.0832 12.5982 14.783 1.93124 2.10519 48.0227
2077399 9.55827 11.0832 12.5982 14.783 1.93124 2.10519 48.0227
2077409 10.1285 10.987 13.0333 13.3986 0.643462 1.67722 47.5474
2077419 10.7953 11.0351 13.5696 11.869 -0.772636 1.14501 47.2691
2077432 10.7953 11.0351 13.5696 11.869 -0.772636 1.14501 47.2691
2077442 11.5878 11.0832 14.4196 10.262 -2.46149 0.636896 47.3526
2077449 12.332 11.1986 15.4214 8.78075 -4.07164 0.211029 47.7328
2077459 12.332 11.1986 15.4214 8.78075 -4.07164 0.211029 47.7328
2077474 13.2985 11.1698 16.5345 7.58998 -5.69696 -0.106109 48.5927
2077480 13.2985 11.1698 16.5345 7.58998 -5.69696 -0.106109 48.5927
2077493 14.0426 10.8619 17.8995 6.97039 -7.0869 -0.0104392 49.7745
2077500 14.8835 10.4578 19.456 6.81549 -8.26643 0.27034 51.6128
2077518 14.8835 10.4578 19.456 6.81549 -8.26643 0.27034 51.6128
2077520 15.473 9.82286 20.4263 6.84453 -9.14642 0.563557 52.5667
2077533 15.8499 8.89926 21.1641 6.73804 -10.1501 0.898254 52.6513
2077545 15.8499 8.89926 21.1641 6.73804 -10.1501 0.898254 52.6513
2077552 16.0432 7.92756 21.7301 6.46697 -11.2036 1.2152 52.1678
2077569 16.0432 7.92756 21.7301 6.46697 -11.2036 1.2152 52.1678
2077572 16.1399 6.89813 21.9727 6.29271 -12.1443 1.52837 51.3033
2077582 16.1882 5.95529 22.2354 6.09909 -13.0598 1.83973 50.478
2077600 16.1882 5.95529 22.2354 6.09909 -13.0598 1.83973 50.478
2077609 16.2268 5.176 22.6599 6.041 -13.8062 2.18489 50.1038
2077619 16.2655 4.54103 23.0036 6.02164 -14.4017 2.47393 49.8317
2077643 16.2558 4.1562 23.2562 6.02164 -14.7586 2.67636 49.6899
2077645 16.2558 4.1562 23.2461 6.02164 -14.7566 2.67385 49.6798
2077654 16.2558 3.85795 23.2461 6.02164 -14.9967 2.78059 49.3816
2077670 16.2655 3.72326 23.1552 5.98292 -15.1213 2.79359 49.1268
2077674 16.2655 3.72326 23.1552 5.98292 -15.1213 2.79359 49.1268
2077684 16.1785 3.61743 23.0137 5.92483 -15.2099 2.81399 48.7344
2077695 16.1302 3.65591 22.8823 5.85706 -15.198 2.76759 48.5254
2077705 16.1302 3.65591 22.8823 5.85706 -15.198 2.76759 48.5254
2077720 16.0239 3.61743 22.7307 5.79897 -15.2261 2.76775 48.171
2077725 15.9466 3.60781 22.6094 5.74089 -15.2424 2.75419 47.9047
2077735 15.9466 3.60781 22.6094 5.74089 -15.2424 2.75419 47.9047
2077745 15.8886 3.56933 22.6599 5.75057 -15.2651 2.80538 47.8684
2077755 15.8886 3.56933 22.6599 5.75057 -15.2651 2.80538 47.8684
2077770 15.9466 3.56933 22.5993 5.77961 -15.2401 2.77578 47.8948
2077776 15.9079 3.60781 22.6498 5.79897 -15.194 2.79365 47.9645
2077785 15.9079 3.60781 22.6498 5.79897 -15.194 2.79365 47.9645
2077800 16.0142 3.57895 22.67 5.77961 -15.2602 2.76519 48.0428
2077807 16.0239 3.59819 22.6903 5.76993 -15.2582 2.75719 48.0822
2077833 16.1495 3.63667 22.5791 5.72153 -15.2695 2.65595 48.0868
2077846 16.1495 3.63667 22.5791 5.72153 -15.2695 2.65595 48.0868
2077848 16.1978 3.67516 22.6801 5.77961 -15.2191 2.66489 48.3328
2077858 16.3621 3.70402 22.8115 5.85706 -15.1907 2.64773 48.7347
2077873 16.3621 3.70402 22.8115 5.85706 -15.1907 2.64773 48.7347
2077878 16.4395 3.72326 22.8924 5.81834 -15.2385 2.62352 48.8734
2077888 16.5458 3.71364 23.0844 5.85706 -15.2739 2.64693 49.2009
2077900 16.5458 3.71364 23.0844 5.85706 -15.2739 2.64693 49.2009
2077908 16.6714 3.71364 23.0339 5.86674 -15.2808 2.5917 49.2857
2077926 16.6714 3.71364 23.0339 5.86674 -15.2808 2.5917 49.2857
2077928 16.7874 3.81947 23.0238 5.82802 -15.2469 2.50056 49.4586
2077938 16.942 3.91568 22.9328 5.77961 -15.2206 2.37686 49.5701
2077955 16.942 3.91568 22.9328 5.77961 -15.2206 2.37686 49.5701
2077959 16.9613 3.98302 22.7711 5.76025 -15.1535 2.30022 49.4757
2077969 16.9323 4.06961 22.6903 5.79897 -15.03 2.26927 49.4912
2077988 16.9323 4.06961 22.6903 5.79897 -15.03 2.26927 49.4912
2077989 17.0289 4.28127 22.6296 5.95387 -14.743 2.18666 49.8936
2078004 17.0289 4.28127 22.6296 5.95387 -14.743 2.18666 49.8936
2078018 16.9807 4.4352 22.387 5.8861 -14.6141 2.07006 49.689
2078021 16.971 4.70458 22.0131 5.91515 -14.2955 1.89077 49.6038
2078030 16.971 4.70458 22.0131 5.91515 -14.2955 1.89077 49.6038
2078040 16.971 5.1279 21.5583 5.87642 -13.8921 1.61581 49.5336
2078057 16.9227 5.55122 21.1742 5.96355 -13.3951 1.41011 49.6117
2078062 16.9227 5.55122 21.1742 5.96355 -13.3951 1.41011 49.6117
2078072 16.8647 6.0515 20.8508 6.05068 -12.8535 1.19996 49.8176
2078084 16.8647 6.0515 20.8508 6.05068 -12.8535 1.19996 49.8176
2078092 16.6424 6.38823 20.3555 6.05068 -12.4194 1.02421 49.4369
2078110 16.4491 6.7923 19.8199 6.08941 -11.8957 0.814181 49.1507
2078112 16.4491 6.7923 19.8199 6.08941 -11.8957 0.814181 49.1507
2078122 16.2365 7.18676 19.3751 6.08941 -11.4218 0.626323 48.8878
2078136 15.8306 7.49462 18.9507 6.34112 -10.7707 0.60675 48.617
2078142 15.8306 7.49462 18.9507 6.34112 -10.7707 0.60675 48.617
2078152 15.415 7.74477 18.7384 6.79613 -10.0692 0.731531 48.6943
2078162 15.415 7.74477 18.7384 6.79613 -10.0692 0.731531 48.6943
2078177 14.8255 7.97567 18.6879 7.6287 -9.11534 1.07358 49.1177
2078189 14.0233 8.1296 18.7384 8.98405 -7.84358 1.67504 49.8754
2078216 13.0955 8.34126 18.6778 10.504 -6.38503 2.29511 50.6185
2078218 12.0227 8.47595 18.324 11.8303 -4.95554 2.85935 50.653
2078224 12.0227 8.47595 18.324 11.8303 -4.95554 2.85935 50.653
2078243 10.9693 8.61064 17.5357 12.9339 -3.47675 3.26367 50.0496
2078244 10.9693 8.61064 17.5357 12.9339 -3.47675 3.26367 50.0496
2078254 9.89653 8.85116 16.6357 14.2796 -1.71228 3.67506 49.663
2078270 8.80443 9.23599 15.5935 15.664 0.254631 4.02158 49.2979
2078296 7.75099 9.68817 14.4095 17.1061 2.36635 4.3131 48.9548
2078297 6.63957 10.1788 13.0738 18.6498 4.69453 4.60588 48.542
2078305 6.63957 10.1788 13.0738 18.6498 4.69453 4.60588 48.542
2078322 5.58613 10.7946 11.8595 20.1839 6.9866 4.85173 48.4241
2078326 5.58613 10.7946 11.8595 20.1839 6.9866 4.85173 48.4241
2078335 4.65833 11.4103 10.6149 21.5346 9.16238 5.00254 48.2181
2078349 3.8755 12.2473 9.42083 22.8275 11.2559 5.00056 48.3711
2078364 3.8755 12.2473 9.42083 22.8275 11.2559 5.00056 48.3711
2078376 3.18931 13.017 8.5 24.0624 13.0156 5.03073 48.7687
2078382 2.68675 13.6423 7.8625 25.0079 14.2791 5.04314 49.1995
2078390 2.68675 13.6423 7.8625 25.0079 14.2791 5.04314 49.1995
2078403 2.33883 14.2869 7.67024 25.7316 14.9964 5.03004 50.0275
2078407 2.33883 14.2869 7.67024 25.7316 14.9964 5.03004 50.0275
2078417 2.07789 14.8257 7.63988 26.2719 15.4382 5.02058 50.8153
2078432 2.08755 15.1528 7.58929 26.4262 15.5603 4.90924 51.2559
2078438 2.08755 15.1528 7.58929 26.4262 15.5603 4.90924 51.2559
2078457 2.08755 15.4222 7.5994 26.3008 15.5787 4.78229 51.4099
2078458 2.20352 15.4992 7.53869 25.9824 15.4905 4.63215 51.2238
2078468 2.20352 15.4992 7.53869 25.9824 15.4905 4.63215 51.2238
2078485 2.33883 15.5184 7.51845 25.4614 15.305 4.46209 50.8371
2078488 2.33883 15.5184 7.51845 25.4614 15.305 4.46209 50.8371
2078503 2.38715 15.3452 7.50833 25.1141 15.1742 4.43554 50.3548
2078513 2.3195 15.3164 7.46786 24.8343 15.2005 4.40535 49.938
2078519 2.3195 15.3164 7.46786 24.8343 15.2005 4.40535 49.938
2078529 2.39682 15.0951 7.3869 24.3422 15.0614 4.33877 49.221
2078540 2.4548 14.9604 7.34643 23.9177 14.9329 4.2674 48.6793
2078554 2.4548 14.9604 7.34643 23.9177 14.9329 4.2674 48.6793
2078566 2.55145 14.9315 7.26548 23.5607 14.8395 4.14307 48.3092
2078573 2.55145 14.9315 7.21488 23.5607 14.8813 4.13169 48.2586
2078592 2.58044 14.8642 7.21488 23.1555 14.7571 4.05493 47.815
2078594 2.62877 14.9315 7.15417 22.8661 14.7196 3.92806 47.5805
2078600 2.62877 14.9315 7.15417 22.8661 14.7196 3.92806 47.5805
2078619 2.60944 14.768 7.19464 22.7889 14.6496 3.99257 47.3609
2078622 2.63843 14.691 7.15417 22.7503 14.6339 3.99343 47.2339
2078632 2.63843 14.691 7.15417 22.7503 14.6339 3.99343 47.2339
2078647 2.59011 14.7391 7.12381 22.7985 14.7211 3.99769 47.2515
2078652 2.67709 14.7102 7.19464 22.8468 14.5931 4.00203 47.4287
2078662 2.67709 14.7102 7.19464 22.8468 14.5931 4.00203 47.4287
2078674 2.68675 14.7295 7.30595 23.2327 14.5811 4.10461 47.9549
2078682 2.68675 14.7295 7.30595 23.2327 14.5811 4.10461 47.9549
2078703 2.69642 14.7776 7.3869 23.4353 14.561 4.14573 48.2962
2078705 2.65776 14.8546 7.45774 23.6669 14.601 4.19813 48.6369
2078714 2.65776 14.8546 7.45774 23.6669 14.601 4.19813 48.6369
2078731 2.65776 14.9315 7.46786 23.8598 14.6502 4.21277 48.917
2078742 2.68675 14.8834 7.62976 23.9852 14.5126 4.28325 49.1852
2078757 2.68675 14.8834 7.62976 23.9852 14.5126 4.28325 49.1852
2078758 2.6481 14.8738 7.55893 24.0624 14.615 4.30358 49.1432
2078785 2.68675 14.8834 7.50833 24.1107 14.6369 4.28412 49.1892
2078786 2.6481 14.8546 7.49821 24.13 14.6742 4.31263 49.1308
2078794 2.6481 14.8546 7.49821 24.13 14.6742 4.31263 49.1308
2078810 2.60944 14.7968 7.51845 24.1396 14.679 4.35708 49.0643
2078814 2.67709 14.8257 7.55893 24.1879 14.608 4.33831 49.2496
2078837 2.67709 14.8257 7.55893 24.1879 14.608 4.33831 49.2496
2078838 2.88005 14.8065 7.4881 24.0142 14.4609 4.21309 49.1888
2078845 2.88005 14.8065 7.4881 24.0142 14.4609 4.21309 49.1888
2078864 3.06367 14.8065 7.51845 23.7344 14.2289 4.08649 49.123
2078865 3.27629 14.7295 7.60952 23.4932 13.9166 4.00041 49.1085
2078875 3.27629 14.7295 7.60952 23.4932 13.9166 4.00041 49.1085
2078893 3.66288 14.6044 7.5994 23.0494 13.4882 3.79676 48.9161
2078895 4.18476 14.6044 7.61964 22.5187 12.9369 3.47939 48.9275
2078922 4.85162 14.5756 7.68036 21.7855 12.1843 3.07978 48.893
2078927 4.85162 14.5756 7.68036 21.7855 12.1843 3.07978 48.893
2078937 5.60546 14.4601 7.82202 21.0715 11.287 2.7047 48.9591
2078951 6.43661 14.335 8.37857 20.3286 10.0288 2.40574 49.4788
2078957 6.43661 14.335 8.37857 20.3286 10.0288 2.40574 49.4788
2078967 7.26777 14.0272 9.09702 19.7015 8.66573 2.24687 50.0934
2078979 8.03127 13.575 10.1292 18.7753 7.02317 2.16732 50.5107
2078994 8.03127 13.575 10.1292 18.7753 7.02317 2.16732 50.5107
2079009 8.84309 13.0362 10.9185 17.5306 5.36741 1.95808 50.3284
2079010 8.84309 13.0362 10.9185 17.5306 5.36741 1.95808 50.3284
2079018 9.43263 12.6321 11.3536 15.9835 3.96211 1.60084 49.4018
2079037 10.0898 12.2473 11.8292 14.3183 2.39595 1.17884 48.4846
2079043 10.0898 12.2473 11.8292 14.3183 2.39595 1.17884 48.4846
2079049 10.7663 11.8913 12.4363 12.8274 0.790948 0.815733 47.9214
2079066 11.3655 11.5354 13.0637 11.5786 -0.691622 0.549404 47.5432
2079069 11.3655 11.5354 13.0637 11.5786 -0.691622 0.549404 47.5432
2079092 11.8778 11.0928 13.8833 10.5524 -2.17054 0.463591 47.4063
2079093 11.8778 11.0928 13.8833 10.5524 -2.17054 0.463591 47.4063
2079108 12.3707 10.6022 14.8649 9.60364 -3.70444 0.472913 47.4413
2079122 12.9119 10.3039 16.0083 8.64522 -5.20746 0.450527 47.8693
2079127 12.9119 10.3039 16.0083 8.64522 -5.20746 0.450527 47.8693
2079130 13.4918 10.0538 16.9595 7.76424 -6.54313 0.366147 48.2693
2079149 13.975 9.87097 18.0713 7.10592 -7.68485 0.407352 49.0232
2079152 13.975 9.87097 18.0713 7.10592 -7.68485 0.407352 49.0232
2079160 14.5645 9.515 19.3751 6.72836 -8.81589 0.604979 50.183
2079177 14.5645 9.515 19.3751 6.72836 -8.81589 0.604979 50.183
2079181 15.1251 9.1013 20.6082 6.56378 -9.76111 0.859643 51.3984
2079205 15.56 8.54329 21.6998 6.46697 -10.6416 1.1661 52.27
2079207 15.56 8.54329 21.6998 6.46697 -10.6416 1.1661 52.27
2079213 15.8209 7.76401 22.2658 6.37984 -11.4602 1.45337 52.2305
2079222 16.0432 6.9751 22.6195 6.14749 -12.3298 1.66515 51.7853
2079239 16.0432 6.9751 22.6195 6.14749 -12.3298 1.66515 51.7853
2079243 16.1012 6.14771 22.9227 5.96355 -13.1576 1.947 51.1352
2079264 16.1012 6.14771 22.9227 5.96355 -13.1576 1.947 51.1352
2079265 16.1302 5.39728 23.1653 5.72153 -13.9726 2.18966 50.4143
2079273 16.0915 4.72383 23.3876 5.58599 -14.6465 2.45785 49.789
2079293 16.0915 4.72383 23.3876 5.58599 -14.6465 2.45785 49.789
2079294 16.0915 4.1562 23.8323 5.56663 -15.208 2.76491 49.6467
2079305 15.9852 3.75212 24.1962 5.5279 -15.6189 3.02865 49.4614
2079321 15.9852 3.75212 24.1962 5.5279 -15.6189 3.02865 49.4614
2079323 15.9079 3.41539 24.4792 5.57631 -15.8952 3.26017 49.3788
2079333 15.9079 3.41539 24.4792 5.57631 -15.8952 3.26017 49.3788
2079349 15.8113 3.19411 24.6611 5.57631 -16.0947 3.42143 49.2428
2079354 15.6083 3.06904 24.7521 5.61503 -16.1467 3.57526 49.0445
2079364 15.6083 3.06904 24.7521 5.61503 -16.1467 3.57526 49.0445
2079379 15.5696 2.88625 24.6611 5.6344 -16.2611 3.64286 48.7514
2079384 15.4247 2.92473 24.7015 5.50854 -16.3166 3.66376 48.5595
2079410 15.3957 2.87663 24.56 5.46982 -16.3602 3.65125 48.3022
2079425 15.386 2.87663 24.5095 5.45046 -16.366 3.63854 48.2226
2079444 15.3377 2.85739 24.5196 5.4795 -16.3507 3.6739 48.1942
2079446 15.3377 2.85739 24.5196 5.4795 -16.3507 3.6739 48.1942
2079467 15.357 2.88625 24.4489 5.4795 -16.3167 3.63858 48.1716
2079473 15.4053 2.87663 24.4084 5.46014 -16.343 3.60949 48.1506
2079483 15.4053 2.87663 24.4084 5.46014 -16.343 3.60949 48.1506
2079498 15.4827 2.89587 24.4287 5.4795 -16.3275 3.58162 48.2867
2079500 15.4827 2.89587 24.4287 5.4795 -16.3275 3.58162 48.2867
2079508 15.6276 2.96321 24.4994 5.38269 -16.3912 3.49409 48.4729
2079527 15.7823 2.99208 24.4185 5.4795 -16.2973 3.42814 48.6724
2079529 15.7823 2.99208 24.4185 5.4795 -16.2973 3.42814 48.6724
2079537 15.9079 2.97284 24.4893 5.42141 -16.3978 3.39095 48.7914
2079557 15.9852 3.0498 24.4287 5.41173 -16.3438 3.3162 48.8754
2079558 15.9852 3.0498 24.4287 5.41173 -16.3438 3.3162 48.8754
2079567 16.1495 3.03056 24.3781 5.43109 -16.3638 3.25453 48.9893
2079587 16.1495 3.03056 24.3781 5.43109 -16.3638 3.25453 48.9893
2079589 16.1882 3.12677 24.4893 5.46982 -16.2768 3.2403 49.2741
2079598 16.2752 3.17487 24.5095 5.46982 -16.2555 3.19526 49.4294
2079616 16.2752 3.17487 24.5095 5.46982 -16.2555 3.19526 49.4294
2079622 16.2848 3.21336 24.5196 5.4795 -16.2189 3.18228 49.4973
2079628 16.2075 3.12677 24.368 5.42141 -16.2993 3.1925 49.1237
2079644 16.2075 3.12677 24.368 5.42141 -16.2993 3.1925 49.1237
2079649 16.2462 3.14601 24.2973 5.40205 -16.2937 3.14937 49.0915
2079659 16.1882 3.15563 24.3074 5.38269 -16.2934 3.16503 49.0339
2079675 16.1882 3.15563 24.3074 5.38269 -16.2934 3.16503 49.0339
2079679 16.1785 3.11715 24.2872 5.46982 -16.2472 3.19901 49.0526
2079689 16.1785 3.11715 24.2872 5.46982 -16.2472 3.19901 49.0526
2079704 16.1109 3.19411 24.2568 5.38269 -16.2382 3.16723 48.9445
2079714 16.1012 3.18449 24.3175 5.40205 -16.2392 3.19369 49.0052
2079734 16.1012 3.18449 24.3175 5.40205 -16.2392 3.19369 49.0052
2079736 16.0335 3.15563 24.1558 5.39237 -16.2305 3.1882 48.7373
2079740 15.8789 3.20374 24.1861 5.51822 -16.0612 3.26573 48.787
2079750 15.8789 3.20374 24.1861 5.51822 -16.0612 3.26573 48.787
2079764 15.8789 3.20374 24.2872 5.44077 -16.1448 3.27141 48.8106
2079770 15.8789 3.20374 24.2872 5.44077 -16.1448 3.27141 48.8106
2079793 15.7533 3.20374 24.2973 5.50854 -16.0667 3.33722 48.7628
2079795 15.6566 3.29994 24.4893 5.77961 -15.7776 3.4471 49.2255
2079822 15.4923 3.47312 24.4084 6.1959 -15.2471 3.52197 49.5698
2079825 15.2894 3.47312 24.5095 7.21241 -14.417 3.85053 50.4844
2079834 15.2894 3.63667 24.5095 7.21241 -14.2897 3.78965 50.648
2079852 15.1057 4.07923 24.4388 8.96469 -12.5981 4.05559 52.5884
2079854 15.1057 4.07923 24.4388 8.96469 -12.5981 4.05559 52.5884
2079863 14.6225 4.56027 23.8728 10.2426 -11.1132 4.20256 53.2982
2079882 13.9653 4.99321 22.5892 10.5137 -10.1071 4.07528 52.0614
2079884 13.9653 4.99321 22.5892 10.5137 -10.1071 4.07528 52.0614
2079893 13.2791 5.4069 21.2247 10.4265 -9.27266 3.86351 50.3373
2079911 12.5253 5.74363 19.9614 10.504 -8.3304 3.75395 48.7343
2079918 12.5253 5.74363 19.9614 10.504 -8.3304 3.75395 48.7343
2079924 11.8005 6.15733 18.7788 10.93 -7.07624 3.69788 47.6666
2079939 11.8005 6.15733 18.7788 10.93 -7.07624 3.69788 47.6666
2079944 11.0853 6.62875 17.7378 11.9271 -5.41761 3.78361 47.3789
2079954 10.3121 7.28297 16.7065 13.4761 -3.27538 3.95191 47.7777
2079970 10.3121 7.28297 16.7065 13.4761 -3.27538 3.95191 47.7777
2079974 9.46163 8.10074 15.4214 15.3833 -0.723149 4.10682 48.3671
2079984 8.5145 9.13016 14.0149 17.5982 2.13112 4.25367 49.2577
2079999 8.5145 9.13016 14.0149 17.5982 2.13112 4.25367 49.2577
2080009 7.39341 10.275 12.4565 19.962 5.18452 4.41734 50.087
2080015 7.39341 10.275 12.4565 19.962 5.18452 4.41734 50.087
2080030 6.18533 11.3333 10.7667 22.0653 8.16604 4.56199 50.3506
2080038 5.00625 12.305 9.17798 23.8502 10.9114 4.68326 50.3394
2080060 5.00625 12.305 9.17798 23.8502 10.9114 4.68326 50.3394
2080060 3.91416 13.1036 7.87262 25.1141 13.2143 4.79027 50.0044
2080067 2.93803 13.6712 6.98214 26.1754 15.0333 4.98776 49.7667
2080077 2.93803 13.6712 6.98214 26.1754 15.0333 4.98776 49.7667
2080091 2.26151 14.1041 6.45595 26.9762 16.2471 5.14074 49.7978
2080097 2.26151 14.1041 6.45595 26.9762 16.2471 5.14074 49.7978
2080120 1.76862 14.3735 6.20298 27.6419 17.0263 5.3122 49.987
2080121 1.32405 14.489 6.1119 28.1339 17.5728 5.52335 50.0589
2080149 1.01478 14.5371 6.10179 28.3558 17.8848 5.67066 50.0095
2080151 0.80216 14.4986 5.96012 28.4813 18.2027 5.77196 49.7421
2080159 0.80216 14.4986 5.96012 28.4813 18.2027 5.77196 49.7421
2080179 0.637862 14.4986 5.96012 28.5488 18.3549 5.85326 49.6454
2080181 0.637862 14.4986 5.98036 28.5392 18.3359 5.85521 49.656
2080189 0.637862 14.4601 5.98036 28.5392 18.3308 5.87138 49.6175
2080209 0.618533 14.5659 5.93988 28.3365 18.3701 5.79002 49.4609
2080210 0.618533 14.5659 5.93988 28.3365 18.3701 5.79002 49.4609
2080219 0.676521 14.5948 5.85893 28.1532 18.3695 5.704 49.2835
2080240 0.69585 14.6525 5.70714 27.748 18.44 5.56521 48.8035
2080241 0.69585 14.6525 5.70714 27.748 18.44 5.56521 48.8035
2080249 0.792496 14.9508 5.54524 27.1112 18.4527 5.24173 48.3997
2080271 0.792496 14.9508 5.54524 27.1112 18.4527 5.24173 48.3997
2080274 0.782831 15.1047 5.50476 26.6481 18.4559 5.07865 48.0404
2080280 0.889142 15.2009 5.41369 26.185 18.3917 4.87809 47.6888
2080302 0.889142 15.2009 5.41369 26.185 18.3917 4.87809 47.6888
2080303 0.976123 15.4895 5.3125 25.7509 18.3844 4.60699 47.529
2080310 0.956794 15.7301 5.3125 25.4035 18.3872 4.43934 47.4029
2080334 0.956794 15.7301 5.3125 25.4035 18.3872 4.43934 47.4029
2080335 1.01478 15.8455 5.22143 25.1527 18.3987 4.29152 47.2344
2080366 1.0631 15.9321 5.18095 24.9694 18.3779 4.18548 47.1455
2080366 1.13076 15.9802 5.19107 25.0948 18.331 4.16955 47.3968
2080372 1.13076 15.9802 5.19107 25.0948 18.331 4.16955 47.3968
2080382 1.15975 16.1053 5.29226 25.2877 18.2574 4.17441 47.845
2080396 1.15009 16.2111 5.43393 25.6158 18.1999 4.24136 48.4109
2080402 1.15009 16.2111 5.43393 25.6158 18.1999 4.24136 48.4109
2080412 1.19841 16.2592 5.45417 25.7701 18.1673 4.24183 48.6819
2080428 1.19841 16.2592 5.45417 25.7701 18.1673 4.24183 48.6819
2080437 1.27572 16.2688 5.61607 26.0982 18.0045 4.31488 49.2588
2080443 1.24673 16.3073 5.64643 26.1368 18.0142 4.3261 49.3372
2080460 1.24673 16.3073 5.64643 26.1368 18.0142 4.3261 49.3372
2080463 1.24673 16.3169 5.64643 26.2622 18.0333 4.3494 49.4723
2080473 1.26606 16.2977 5.72738 26.2526 17.9421 4.36469 49.5437
2080492 1.26606 16.2977 5.72738 26.2526 17.9421 4.36469 49.5437
2080502 1.23707 16.24 5.61607 26.1464 18.041 4.35183 49.2395
2080503 1.23707 16.24 5.61607 26.1464 18.041 4.35183 49.2395
2080521 1.17908 16.1726 5.59583 26.0114 18.081 4.36759 48.9589
2080528 1.21774 15.9802 5.59583 25.9728 18.0141 4.42024 48.7665
2080534 1.21774 15.9802 5.59583 25.9728 18.0141 4.42024 48.7665
2080553 1.15009 15.8744 5.54524 25.9245 18.0968 4.46815 48.4942
2080562 1.13076 15.6627 5.64643 25.9438 17.9964 4.58732 48.3837
2080570 1.13076 15.6627 5.64643 25.9438 17.9964 4.58732 48.3837
2080585 1.2274 15.4703 5.69702 25.8763 17.8275 4.62253 48.271
2080589 1.2274 15.4703 5.69702 25.8763 17.8275 4.62253 48.271
2080598 1.33371 15.3548 5.88929 25.9631 17.5599 4.68589 48.5409
2080616 1.72996 15.3164 6.24345 25.8473 16.8866 4.5926 49.1371
2080617 1.72996 15.3164 6.24345 25.8473 16.8866 4.5926 49.1371
2080625 2.23252 15.2298 7.12381 25.6833 15.6938 4.57878 50.2694
2080646 3.083 15.2394 8.73274 25.336 13.7235 4.5083 52.3911
2080650 3.083 15.2394 8.73274 25.336 13.7235 4.5083 52.3911
2080659 4.09778 15.0662 9.97738 24.1975 11.8059 4.22137 53.3389
2080677 4.09778 15.0662 9.97738 24.1975 11.8059 4.22137 53.3389
2080679 4.89994 14.6333 10.1292 22.2486 10.5241 3.71151 51.911
2080687 5.55713 13.8829 10.2405 20.1067 9.13485 3.28614 49.7872
2080711 5.55713 13.8829 10.2405 20.1067 9.13485 3.28614 49.7872
2080711 6.31097 13.0747 10.7667 17.9359 7.24342 2.90618 48.0882
2080717 7.2871 12.2281 11.7887 16.0513 4.85879 2.63692 47.3551
2080742 7.2871 12.2281 11.7887 16.0513 4.85879 2.63692 47.3551
2080744 8.33087 11.468 12.8815 14.2022 2.37709 2.33076 46.8826
2080748 8.33087 11.468 12.8815 14.2022 2.37709 2.33076 46.8826
2080773 9.45196 10.7849 14.1262 12.1304 -0.356391 1.94211 46.4935
2080773 10.6794 10.1692 15.5024 10.1264 -3.16611 1.54276 46.4774
2080778 10.6794 10.1692 15.5024 10.1264 -3.16611 1.54276 46.4774
2080788 11.9841 9.44765 16.8786 8.20957 -6.02185 1.17898 46.5199
2080809 13.2985 8.74533 18.5363 6.9123 -8.51563 1.07536 47.4924
2080810 13.2985 8.74533 18.5363 6.9123 -8.51563 1.07536 47.4924
2080819 14.4582 8.19694 19.9917 6.12813 -10.3151 1.0655 48.775
2080843 15.6566 7.92756 21.1944 5.9926 -11.2913 1.06443 50.7712
2080845 15.6566 7.92756 21.1944 5.9926 -11.2913 1.06443 50.7712
2080849 16.6134 7.90832 21.9221 6.05068 -11.7043 0.986121 52.4945
2080859 16.6134 7.90832 21.9221 6.05068 -11.7043 0.986121 52.4945
2080879 17.1636 7.82173 22.104 6.05068 -11.9473 0.894649 53.14
2080884 17.481 7.68704 21.9524 5.85706 -12.2171 0.747886 52.9776
2080890 17.481 7.68704 21.9524 5.85706 -12.2171 0.747886 52.9776
2080912 17.635 7.27334 21.7705 5.67312 -12.6352 0.726423 52.352
2080919 17.7023 6.88851 21.4067 5.49886 -12.9726 0.674229 51.4963
2080922 17.7023 6.88851 21.4067 5.49886 -12.9726 0.674229 51.4963
2080946 17.8178 6.61913 21.0529 5.33428 -13.2404 0.575602 50.8241
2080949 17.8178 6.61913 21.0529 5.33428 -13.2404 0.575602 50.8241
2080958 17.9044 6.27278 20.6385 5.16002 -13.5616 0.486662 49.9757
2080962 17.8755 5.84946 20.3757 5.01481 -13.9401 0.508677 49.1155
2080979 17.8755 5.84946 20.3757 5.01481 -13.9401 0.508677 49.1155
2080983 18.0487 5.65705 20.0422 4.89863 -14.1506 0.380849 48.6466
2080992 18.2796 5.43577 19.8401 4.75342 -14.4541 0.272668 48.3088
2081018 18.4143 5.22411 19.7087 4.72437 -14.6524 0.247968 48.0714
2081023 18.4143 5.22411 19.7087 4.72437 -14.6524 0.247968 48.0714
2081044 18.5201 5.06055 19.6885 4.72437 -14.806 0.260096 47.9935
2081045 18.6836 4.93548 19.7289 4.62756 -15.0334 0.230532 47.9756
2081053 18.6836 4.93548 19.7289 4.62756 -15.0334 0.230532 47.9756
2081077 18.8472 4.897 19.5874 4.62756 -15.0701 0.147237 47.9592
2081077 18.9819 5.00283 19.5166 4.68565 -14.947 0.0677294 48.187
2081083 18.9819 5.00283 19.5166 4.68565 -14.947 0.0677294 48.187
2081110 19.0589 4.92586 19.456 4.65661 -15.0385 0.0398844 48.0973
2081111 19.0589 4.92586 19.456 4.65661 -15.0385 0.0398844 48.0973
2081114 19.0877 4.98359 19.547 4.65661 -15.0153 0.0410986 48.2749
2081124 19.0973 4.98359 19.4863 4.58884 -15.061 -0.0017944 48.1561
2081146 19.0973 4.98359 19.4863 4.58884 -15.061 -0.0017944 48.1561
2081147 19.0204 4.93548 19.6784 4.69533 -15.0363 0.129681 48.3295
2081154 18.9626 4.85852 19.8704 4.71469 -15.1116 0.236721 48.4062
2081178 18.9626 4.85852 19.8704 4.71469 -15.1116 0.236721 48.4062
2081180 18.8183 4.75269 20.2342 4.79214 -15.1797 0.449209 48.5974
2081185 18.8183 4.75269 20.2342 4.79214 -15.1797 0.449209 48.5974
2081195 18.6548 4.618 20.4768 4.86959 -15.243 0.639755 48.6192
2081212 18.6259 4.56989 20.7901 4.87927 -15.3314 0.759308 48.8652
2081215 18.6259 4.56989 20.7901 4.87927 -15.3314 0.759308 48.8652
2081245 18.5297 4.47368 21.0832 4.97608 -15.3697 0.93429 49.0627
2081246 18.395 4.31013 21.3561 4.97608 -15.5315 1.10948 49.0374
2081247 18.395 4.31013 21.3561 4.97608 -15.5315 1.10948 49.0374
2081257 18.2892 4.28127 21.6088 5.00513 -15.5596 1.23315 49.1844
2081277 18.2892 4.28127 21.6088 5.00513 -15.5596 1.23315 49.1844
2081279 18.0968 4.13696 21.7705 5.11162 -15.5849 1.41962 49.1159
2081309 17.9717 4.05999 21.9929 5.1213 -15.6591 1.55124 49.1459
2081311 17.9717 4.05999 21.9929 5.1213 -15.6591 1.55124 49.1459
2081313 17.7889 3.93492 22.0434 5.16002 -15.7056 1.67992 48.9272
2081322 17.6157 3.89643 22.2051 5.16002 -15.7355 1.79622 48.8773
2081344 17.6157 3.89643 22.2051 5.16002 -15.7355 1.79622 48.8773
2081348 17.5484 3.93492 22.2658 5.15034 -15.7103 1.8199 48.8994
2081350 17.5484 3.93492 22.2658 5.15034 -15.7103 1.8199 48.8994
2081358 17.4041 3.96378 22.2759 5.19875 -15.6203 1.87545 48.8425
2081378 17.4137 4.2043 22.3163 5.28588 -15.3595 1.82369 49.2202
2081380 17.4137 4.2043 22.3163 5.28588 -15.3595 1.82369 49.2202
2081389 17.3945 4.37748 22.2354 5.43109 -15.08 1.78847 49.4385
2081412 17.4233 4.73345 22.1647 5.55695 -14.6845 1.67353 49.8784
2081413 17.4233 4.73345 22.1647 5.55695 -14.6845 1.67353 49.8784
2081419 17.2694 5.13752 21.9929 5.6828 -14.1975 1.57802 50.0826
2081429 17.2694 5.13752 21.9929 5.6828 -14.1975 1.57802 50.0826
2081446 17.1732 5.59932 21.8008 5.89579 -13.6117 1.46351 50.4691
2081454 17.0577 6.12847 21.4269 6.01196 -13.0095 1.26004 50.625
2081460 17.0577 6.12847 21.4269 6.01196 -13.0095 1.26004 50.625
2081480 16.797 6.78268 20.8508 6.1959 -12.182 1.02722 50.6264
2081481 16.4395 7.21562 20.305 6.56378 -11.3635 0.954115 50.5238
2081490 16.4395 7.21562 20.305 6.56378 -11.3635 0.954115 50.5238
2081514 16.0045 7.65818 19.7592 7.33827 -10.2281 1.01499 50.7602
2081515 16.0045 7.65818 19.7592 7.33827 -10.2281 1.01499 50.7602
2081522 15.415 8.02377 19.1023 8.24829 -8.98083 1.15529 50.7893
2081532 14.7288 8.34126 18.2937 9.0615 -7.74401 1.27469 50.4253
2081549 14.7288 8.34126 18.2937 9.0615 -7.74401 1.27469 50.4253
2081552 13.9073 8.65874 17.2325 9.55524 -6.54753 1.28307 49.3538
2081562 13.1535 8.88964 16.2815 10.1651 -5.35177 1.36221 48.4898
2081581 13.1535 8.88964 16.2815 10.1651 -5.35177 1.36221 48.4898
2081583 12.419 9.22637 15.1482 10.9687 -3.85877 1.40431 47.7623
2081615 11.6265 9.65931 14.197 12.1304 -2.118 1.58831 47.6132
2081616 10.9016 10.1692 13.2256 13.5051 -0.236866 1.77605 47.8016
2081628 10.9016 10.1692 13.2256 13.5051 -0.236866 1.77605 47.8016
2081648 10.0318 10.8331 12.2643 15.0251 1.84926 2.00121 48.1542
2081653 9.13303 11.4103 11.131 16.6224 4.02137 2.2393 48.2967
2081654 9.13303 11.4103 11.131 16.6224 4.02137 2.2393 48.2967
2081664 8.23422 12.0645 9.9369 18.2253 6.25179 2.43396 48.461
2081684 7.26777 12.0645 8.84405 18.2253 7.63875 2.50112 46.4016
2081694 7.26777 12.5937 8.84405 19.7883 8.38775 2.71301 48.4938
2081696 6.33997 13.1324 7.92321 21.3899 10.3817 3.02571 48.7855
2081717 6.33997 13.1324 7.92321 21.3899 10.3817 3.02571 48.7855
2081718 5.54747 13.5461 7.29583 22.9529 11.9855 3.39115 49.3423
2081726 4.88061 13.9887 7.0125 24.3036 13.1508 3.72025 50.1854
2081753 4.88061 13.9887 7.0125 24.3036 13.1508 3.72025 50.1854
2081754 4.28141 14.3447 7.11369 25.4807 13.8764 4.09065 51.2205
2081755 3.81751 14.5852 7.14405 26.4359 14.4565 4.37951 51.9826
2081788 3.81751 14.5852 7.14405 26.4359 14.4565 4.37951 51.9826
2081789 3.22797 14.5274 7.225 27.0148 14.9481 4.75554 51.9952
2081792 3.22797 14.5274 7.225 27.0148 14.9481 4.75554 51.9952
2081798 2.6481 14.6044 7.10357 27.1595 15.5352 4.95303 51.5156
2081823 2.17453 14.5082 6.95179 27.0919 16.0044 5.13371 50.7265
2081825 2.17453 14.5082 6.95179 27.0919 16.0044 5.13371 50.7265
2081828 1.84594 14.412 6.84048 26.9569 16.3232 5.25601 50.0553
2081838 1.63331 14.412 6.78988 26.7736 16.5104 5.29688 49.6087
2081859 1.63331 14.412 6.78988 26.7736 16.5104 5.29688 49.6087
2081863 1.59466 14.4697 6.86071 26.706 16.4818 5.28973 49.6311
2081869 1.59466 14.4697 6.86071 26.706 16.4818 5.28973 49.6311
2081903 1.71063 14.5082 6.84048 26.2719 16.333 5.13676 49.3312
2081903 1.71063 14.5082 6.84048 26.2719 16.333 5.13676 49.3312
2081909 1.78795 14.5563 6.69881 25.8087 16.3138 4.96296 48.8518
2081931 1.80728 14.7391 6.56726 25.336 16.3575 4.75448 48.4496
2081932 1.80728 14.7391 6.56726 25.336 16.3575 4.75448 48.4496
2081940 1.86526 14.7199 6.5369 25.0272 16.2749 4.66643 48.1493
2081965 1.86526 14.7199 6.5369 25.0272 16.2749 4.66643 48.1493
2081965 1.90392 14.7776 6.46607 24.7185 16.2569 4.54489 47.8661
2081972 1.90392 14.7968 6.45595 24.4966 16.2284 4.48609 47.6533
2081982 1.90392 14.7968 6.45595 24.4966 16.2284 4.48609 47.6533
2082001 1.86526 14.8449 6.3244 24.3326 16.3551 4.4166 47.3672
2082002 1.94258 14.9315 6.35476 24.3519 16.2808 4.36075 47.5807
2082036 1.91359 14.9989 6.35476 24.4484 16.3358 4.36671 47.7156
2082039 1.98124 14.9315 6.45595 24.5641 16.1989 4.41471 47.9328
2082048 1.98124 14.9315 6.45595 24.5641 16.1989 4.41471 47.9328
2082070 1.93292 14.9989 6.46607 24.7378 16.2757 4.44746 48.1357
2082071 1.93292 14.9989 6.46607 24.7378 16.2757 4.44746 48.1357
2082075 1.8556 14.97 6.51667 24.9694 16.3351 4.55183 48.3116
2082084 1.95225 15.0277 6.46607 25.1623 16.3407 4.52034 48.6084
2082105 1.95225 15.0277 6.46607 25.1623 16.3407 4.52034 48.6084
2082106 1.92325 15.0855 6.60774 25.3649 16.2916 4.58255 48.9814
2082119 1.91359 15.0566 6.67857 25.5096 16.2607 4.64357 49.1584
2082141 1.91359 15.0566 6.67857 25.5096 16.2607 4.64357 49.1584
2082143 1.88459 15.0662 6.61786 25.5868 16.3515 4.65478 49.1555
2082155 1.84594 15.0277 6.66845 25.6544 16.3465 4.71045 49.1965
2082177 1.81694 14.97 6.6381 25.7026 16.3948 4.74898 49.1277
2082179 1.81694 14.97 6.6381 25.7026 16.3948 4.74898 49.1277
2082190 1.76862 14.9027 6.51667 25.7026 16.5267 4.77025 48.8906
2082212 1.78795 14.7872 6.55714 25.7123 16.4575 4.81965 48.8446
2082214 1.78795 14.7872 6.55714 25.7123 16.4575 4.81965 48.8446
2082217 1.75895 14.7102 6.5875 25.7509 16.4496 4.87706 48.8075
2082227 1.75895 14.7102 6.5875 25.7509 16.4496 4.87706 48.8075
2082246 1.7203 14.5659 6.60774 25.8087 16.4501 4.96797 48.7027
2082247 1.63331 14.4793 6.64821 25.8859 16.4881 5.06349 48.6468
2082262 1.63331 14.4793 6.64821 25.8859 16.4881 5.06349 48.6468
2082282 1.57533 14.335 6.65833 26.0596 16.5341 5.1845 48.6283
2082283 1.67197 14.1715 6.82024 26.1947 16.3094 5.2718 48.8584
2082288 1.67197 14.1715 6.82024 26.1947 16.3094 5.2718 48.8584
2082298 1.87493 14.1234 6.88095 26.1175 16.0648 5.20447 48.9967
2082318 1.87493 14.1234 6.88095 26.1175 16.0648 5.20447 48.9967
