2323120 4.70665 11.0158 8.76309 24.2361 11.1768 5.319 48.7217
2323124 5.27686 10.9293 8.73274 23.6186 10.5742 4.98746 48.5575
2323143 6.08869 10.8619 8.72262 23.0108 9.78832 4.55472 48.684
2323152 6.71688 10.8042 8.69226 22.3837 9.14599 4.18385 48.597
2323179 7.34508 10.7753 8.77321 21.5732 8.37183 3.78383 48.4668
2323184 7.34508 10.7753 8.77321 21.5732 8.37183 3.78383 48.4668
2323197 7.84764 10.6406 9.04643 20.9171 7.56612 3.55259 48.4518
2323202 8.46617 10.4867 9.775 20.319 6.40433 3.40728 49.0468
2323215 8.46617 10.4867 9.775 20.319 6.40433 3.40728 49.0468
2323222 8.96873 10.3713 10.7161 19.7594 5.24226 3.35302 49.8154
2323232 9.45196 10.2558 11.7482 18.891 3.94594 3.25684 50.347
2323247 9.45196 10.2558 11.7482 18.891 3.94594 3.25684 50.347
2323252 9.7129 9.89021 12.3452 17.6078 2.74431 3.1328 49.5562
2323267 9.7129 9.89021 12.3452 17.6078 2.74431 3.1328 49.5562
2323274 9.8772 9.47651 13.0637 16.1674 1.39089 3.04953 48.5848
2323283 10.2155 9.1013 13.8226 14.5507 -0.202399 2.84856 47.6901
2323293 10.2155 9.1013 13.8226 14.5507 -0.202399 2.84856 47.6901
2323303 10.5441 8.78381 14.6119 12.9823 -1.80608 2.64259 46.9221
2323313 11.0466 8.56254 15.6643 11.2688 -3.69534 2.36041 46.5422
2323328 11.0466 8.56254 15.6643 11.2688 -3.69534 2.36041 46.5422
2323333 11.6168 8.41822 16.828 9.71982 -5.53142 2.09715 46.5828
2323349 11.6168 8.41822 16.828 9.71982 -5.53142 2.09715 46.5828
2323354 12.216 8.14884 18.3442 8.45159 -7.40014 2.04544 47.1607
2323373 12.8829 7.88908 20.1332 7.61902 -9.02023 2.15776 48.5242
2323374 12.8829 7.88908 20.1332 7.61902 -9.02023 2.15776 48.5242
2323388 13.5208 7.41766 21.7705 7.31891 -10.2716 2.44394 50.0278
2323394 14.0233 6.91737 23.2461 7.4254 -11.1053 2.82807 51.6122
2323405 14.0233 6.91737 23.2461 7.4254 -11.1053 2.82807 51.6122
2323414 14.3519 6.2824 24.4287 7.69647 -11.7523 3.26695 52.7594
2323424 14.3519 6.2824 24.4287 7.69647 -11.7523 3.26695 52.7594
2323434 14.5549 5.67629 25.1766 7.74487 -12.3749 3.58128 53.1526
2323452 14.4872 5.01245 25.6213 7.84169 -12.8649 3.95467 52.9626
2323458 14.4872 5.01245 25.6213 7.84169 -12.8649 3.95467 52.9626
2323468 14.2939 4.30051 25.9649 7.82232 -13.4284 4.35061 52.3817
2323477 14.0426 3.68478 26.1064 7.7836 -13.891 4.69684 51.6174
2323487 14.0426 3.68478 26.1064 7.7836 -13.891 4.69684 51.6174
2323506 13.7527 3.25184 26.1468 7.74487 -14.1969 4.97694 50.8963
2323508 13.7527 3.25184 26.1468 7.74487 -14.1969 4.97694 50.8963
2323517 13.4434 2.94397 26.1873 7.75456 -14.3715 5.23188 50.3292
2323527 13.2211 2.79966 26.157 7.7836 -14.4086 5.38008 49.9614
2323537 13.2211 2.79966 26.157 7.7836 -14.4086 5.38008 49.9614
2323547 12.9795 2.78042 25.9649 7.72551 -14.3773 5.43893 49.4504
2323558 12.7862 2.67459 25.7527 7.76424 -14.3433 5.52988 48.9777
2323569 12.7862 2.67459 25.7527 7.76424 -14.3433 5.52988 48.9777
2323579 12.6413 2.69383 25.5404 7.64806 -14.3434 5.51898 48.5236
2323588 12.6413 2.69383 25.5404 7.64806 -14.3434 5.51898 48.5236
2323600 12.4866 2.57838 25.3787 7.60934 -14.3995 5.59476 48.0531
2323608 12.3997 2.64573 25.2675 7.5803 -14.3241 5.57567 47.8932
2323621 12.3997 2.64573 25.2675 7.5803 -14.3241 5.57567 47.8932
2323628 12.3707 2.65535 25.1665 7.53189 -14.327 5.5545 47.7244
2323643 12.39 2.63611 25.1159 7.53189 -14.3359 5.54445 47.6739
2323648 12.39 2.63611 25.1159 7.53189 -14.3359 5.54445 47.6739
2323664 12.4673 2.69383 25.1867 7.48349 -14.3612 5.49087 47.8313
2323668 12.4673 2.69383 25.1867 7.48349 -14.3612 5.49087 47.8313
2323687 12.4673 2.69383 25.1361 7.51253 -14.3261 5.48659 47.8098
2323697 12.5253 2.70345 25.2372 7.58998 -14.2902 5.49311 48.0559
2323707 12.5253 2.70345 25.2372 7.58998 -14.2902 5.49311 48.0559
2323714 12.6799 2.70345 25.2979 7.56093 -14.3616 5.43365 48.2422
2323720 12.8152 2.67459 25.3686 7.57061 -14.4225 5.40463 48.4291
2323729 12.8152 2.67459 25.3686 7.57061 -14.4225 5.40463 48.4291
2323739 12.9892 2.7708 25.4495 7.60934 -14.3687 5.31521 48.8188
2323749 12.9892 2.7708 25.4495 7.60934 -14.3687 5.31521 48.8188
2323759 13.0858 2.8189 25.4495 7.50285 -14.4368 5.23391 48.8571
2323774 13.1438 2.85739 25.4394 7.58998 -14.3461 5.20944 49.0306
2323792 13.1632 2.92473 25.409 7.53189 -14.3362 5.15606 49.0288
2323801 13.2888 3.05942 25.217 7.54157 -14.2062 5.01265 49.1068
2323811 13.2888 3.05942 25.217 7.54157 -14.2062 5.01265 49.1068
2323828 13.3178 3.30956 24.9542 7.57061 -13.9322 4.85151 49.1522
2323837 13.3178 3.30956 24.9542 7.57061 -13.9322 4.85151 49.1522
2323846 13.3854 3.64629 24.5904 7.6287 -13.5535 4.62551 49.2508
2323854 13.5208 4.39672 24.1153 7.67711 -12.8557 4.18678 49.7099
2323863 13.5208 4.39672 24.1153 7.67711 -12.8557 4.18678 49.7099
2323873 13.6754 5.16638 23.4382 7.70615 -12.1239 3.69179 49.9861
2323887 13.7334 6.16695 22.8823 7.88041 -11.1365 3.21607 50.663
2323894 13.7334 6.16695 22.8823 7.88041 -11.1365 3.21607 50.663
2323903 13.7237 7.06169 22.104 7.81264 -10.3316 2.70146 50.7021
2323914 13.7237 7.06169 22.104 7.81264 -10.3316 2.70146 50.7021
2323923 13.5497 7.83135 21.1439 7.70615 -9.53399 2.23037 50.2311
2323936 13.3854 8.48557 20.1635 7.63838 -8.76987 1.79098 49.6729
2323943 13.3854 8.48557 20.1635 7.63838 -8.76987 1.79098 49.6729
2323953 13.1825 9.21675 19.1831 7.86105 -7.72995 1.40916 49.4434
2323963 12.9215 9.66893 18.4251 8.37415 -6.73397 1.27823 49.3897
2323980 12.9215 9.66893 18.4251 8.37415 -6.73397 1.27823 49.3897
2323983 12.7476 10.0922 17.9804 9.36162 -5.61662 1.34576 50.1818
2324001 12.7476 10.0922 17.9804 9.36162 -5.61662 1.34576 50.1818
2324004 12.2354 10.3616 17.3639 10.3588 -4.41121 1.52792 50.3196
2324021 11.8198 10.352 16.6054 10.8719 -3.62609 1.60288 49.649
2324024 11.8198 10.352 16.6054 10.8719 -3.62609 1.60288 49.649
2324034 11.3172 10.3905 15.6137 11.1236 -2.79536 1.5573 48.445
2324044 10.834 10.3424 14.6827 11.4043 -1.99415 1.5585 47.2635
2324054 10.834 10.3424 14.6827 11.4043 -1.99415 1.5585 47.2635
2324064 10.5731 10.3809 13.8024 11.7722 -1.19408 1.48962 46.5285
2324083 10.5731 10.3809 13.8024 11.7722 -1.19408 1.48962 46.5285
2324085 10.2928 10.5252 13.0435 12.5951 -0.116211 1.55648 46.4565
2324099 10.0802 10.8619 12.2238 13.8149 1.26268 1.62726 46.9808
2324105 10.0802 10.8619 12.2238 13.8149 1.26268 1.62726 46.9808
2324119 9.86754 11.2467 11.2726 15.1896 2.783 1.68612 47.5765
2324126 9.47129 11.6797 10.1292 16.6708 4.56199 1.76713 47.951
2324139 9.47129 11.6797 10.1292 16.6708 4.56199 1.76713 47.951
2324146 9.07504 12.1222 9.0869 18.1481 6.25018 1.86995 48.4323
2324159 9.07504 12.1222 9.0869 18.1481 6.25018 1.86995 48.4323
2324167 8.53383 12.5744 8.17619 19.5182 7.87999 2.02431 48.8026
2324176 8.2149 13.0843 7.79167 21.0233 9.0299 2.24958 50.1142
2324188 8.2149 13.0843 7.79167 21.0233 9.0299 2.24958 50.1142
2324196 7.83798 13.5076 7.79167 22.5187 9.87142 2.60321 51.656
2324206 7.83798 13.5076 7.79167 22.5187 9.87142 2.60321 51.656
2324223 7.2581 13.9021 7.94345 23.6765 10.5992 2.97264 52.7802
2324232 6.51393 14.1522 7.96369 24.5641 11.3917 3.34483 53.194
2324242 6.51393 14.1522 7.96369 24.5641 11.3917 3.34483 53.194
2324253 5.76009 14.2388 7.98393 25.0562 12.0435 3.68819 53.039
2324258 5.00625 14.2388 7.71071 25.2202 12.8134 3.93452 52.176
2324267 5.00625 14.2388 7.71071 25.2202 12.8134 3.93452 52.176
2324277 4.06879 14.0945 7.60952 25.2299 13.5513 4.31627 51.0027
2324292 3.33428 13.9694 7.41726 25.1816 14.2275 4.5975 49.9026
2324301 3.33428 13.9694 7.41726 25.1816 14.2275 4.5975 49.9026
2324309 2.59011 13.7963 7.30595 25.1623 14.8719 4.93768 48.8546
2324318 2.59011 13.7963 7.30595 25.1623 14.8719 4.93768 48.8546
2324328 2.16487 13.6712 7.225 25.2395 15.2798 5.16405 48.3006
2324347 1.97157 13.6327 7.23512 25.172 15.412 5.24963 48.0114
2324356 1.97157 13.6327 7.23512 25.172 15.412 5.24963 48.0114
2324362 1.9909 13.6904 7.12381 25.0272 15.4722 5.16482 47.8324
2324369 1.93292 13.8347 7.08333 24.9501 15.569 5.10419 47.8011
2324379 1.93292 13.8347 7.08333 24.9501 15.569 5.10419 47.8011
2324389 2.01023 13.854 7.08333 24.8536 15.4881 5.04361 47.8011
2324399 2.01023 13.854 7.08333 24.8536 15.4881 5.04361 47.8011
2324409 1.96191 13.9117 7.07321 24.7474 15.5281 5.01539 47.6943
2324419 2.01023 13.9598 7.09345 24.8246 15.4948 4.9954 47.8881
2324434 2.01023 13.9598 7.09345 24.8246 15.4948 4.9954 47.8881
2324439 2.00057 14.0656 7.08333 24.8825 15.5439 4.96532 48.0321
2324454 1.98124 14.0175 7.04286 24.979 15.6039 5.00506 48.0206
2324461 1.98124 14.0175 7.04286 24.979 15.6039 5.00506 48.0206
2324475 1.92325 14.0079 7.02262 25.0851 15.6889 5.05108 48.0389
2324481 1.92325 14.0079 7.02262 25.0851 15.6889 5.05108 48.0389
2324491 1.93292 13.9213 7.04286 25.2491 15.6786 5.12119 48.1463
2324501 1.8556 14.0175 7.07321 25.3649 15.7591 5.14321 48.3113
2324517 1.8556 14.0175 7.07321 25.3649 15.7591 5.14321 48.3113
2324522 1.90392 13.9502 7.11369 25.4614 15.6899 5.17899 48.4292
2324532 1.83627 13.9213 7.13393 25.7123 15.7721 5.27384 48.6038
2324561 1.80728 13.9117 7.11369 25.857 15.839 5.31479 48.6897
2324567 1.80728 13.9117 7.11369 25.857 15.839 5.31479 48.6897
2324577 1.70097 13.8829 7.19464 25.9438 15.8711 5.4045 48.7223
2324588 1.71063 13.8059 7.21488 26.1754 15.875 5.48198 48.9068
2324594 1.71063 13.8059 7.21488 26.1754 15.875 5.48198 48.9068
2324603 1.63331 13.7097 7.30595 26.349 15.8779 5.60594 48.998
2324621 1.68164 13.5942 7.41726 26.5613 15.7634 5.69574 49.2544
2324624 1.68164 13.5942 7.41726 26.5613 15.7634 5.69574 49.2544
2324633 1.83627 13.5173 7.45774 26.6578 15.6062 5.68901 49.469
2324643 1.83627 13.5173 7.45774 26.6578 15.6062 5.68901 49.469
2324653 1.95225 13.4595 7.60952 26.7253 15.3895 5.70583 49.7466
2324663 2.20352 13.3345 7.67024 26.5613 15.0805 5.63403 49.7695
2324689 2.50313 13.2767 7.65 26.3297 14.7978 5.48634 49.7596
2324697 2.50313 13.2767 7.65 26.3297 14.7978 5.48634 49.7596
2324703 2.84139 13.1613 7.73095 26.0403 14.3796 5.35478 49.7739
2324713 3.21831 12.9881 7.79167 25.7701 13.9388 5.23086 49.7682
2324728 3.21831 12.9881 7.79167 25.7701 13.9388 5.23086 49.7682
2324734 3.75952 12.8149 7.76131 25.4518 13.43 5.01288 49.7875
2324747 4.11711 12.5648 7.77143 25.0562 12.9937 4.8917 49.5095
2324756 4.11711 12.5648 7.77143 25.0562 12.9937 4.8917 49.5095
2324766 4.54235 12.2762 7.75119 24.5834 12.4947 4.73503 49.1531
2324776 4.97726 12.0357 7.79167 23.9659 11.9092 4.53492 48.7705
2324787 4.97726 12.0357 7.79167 23.9659 11.9092 4.53492 48.7705
2324796 5.57646 11.9587 7.73095 23.223 11.2779 4.15109 48.4891
2324809 5.57646 11.9587 7.73095 23.223 11.2779 4.15109 48.4891
2324821 6.06936 11.8721 7.80179 22.4608 10.6121 3.83406 48.2041
2324832 6.69756 11.8336 8.16607 21.7083 9.64677 3.51505 48.4055
2324838 6.69756 11.8336 8.16607 21.7083 9.64677 3.51505 48.4055
2324847 7.20011 11.7663 8.76309 20.9461 8.60244 3.31053 48.6756
2324857 7.77999 11.6893 9.66369 20.1935 7.31815 3.15893 49.3265
2324867 7.77999 11.6893 9.66369 20.1935 7.31815 3.15893 49.3265
2324877 8.35986 11.5642 10.4631 19.1708 6.00917 2.93893 49.558
2324892 8.35986 11.5642 10.4631 19.1708 6.00917 2.93893 49.558
2324899 8.82376 11.3045 11.1208 17.7526 4.64904 2.677 49.0016
2324908 9.31666 11.0447 11.7583 15.9932 3.09838 2.304 48.1129
2324921 9.31666 11.0447 11.7583 15.9932 3.09838 2.304 48.1129
2324928 9.85787 10.7753 12.5476 14.0569 1.28435 1.89616 47.2378
2324943 10.5151 10.5444 13.5595 12.0239 -0.807327 1.45487 46.6429
2324973 11.2979 10.3424 14.794 10.1361 -3.01342 1.05964 46.5704
2324975 11.2979 10.3424 14.794 10.1361 -3.01342 1.05964 46.5704
2324989 12.1097 9.96718 16.231 8.30638 -5.39916 0.791743 46.6142
2324994 13.0569 9.50538 17.7378 7.14465 -7.45323 0.733559 47.4447
2325013 13.888 8.92813 19.4661 6.64123 -9.08805 1.00909 48.9235
2325022 14.7868 8.52405 20.9923 6.64123 -10.1158 1.27275 50.9444
2325031 14.7868 8.52405 20.9923 6.64123 -10.1158 1.27275 50.9444
2325041 15.502 8.03339 22.1445 6.79613 -10.8702 1.54506 52.476
2325059 15.502 8.03339 22.1445 6.79613 -10.8702 1.54506 52.476
2325061 15.8789 7.58121 22.8317 6.81549 -11.4457 1.74753 53.1074
2325076 16.0819 6.93662 23.2967 6.73804 -12.1123 1.98373 53.0532
2325083 16.0819 6.93662 23.2967 6.73804 -12.1123 1.98373 53.0532
2325092 16.2365 6.37861 23.519 6.66059 -12.651 2.14922 52.7947
2325104 16.1882 5.76288 23.5999 6.56378 -13.1735 2.36381 52.1147
2325112 16.1882 5.76288 23.5999 6.56378 -13.1735 2.36381 52.1147
2325127 16.0722 5.19525 23.6504 6.36048 -13.7324 2.55764 51.2783
2325137 16.0722 5.19525 23.6504 6.36048 -13.7324 2.55764 51.2783
2325143 15.8499 4.50255 23.7111 6.25399 -14.3113 2.86558 50.3175
2325153 15.6276 3.88681 23.7111 6.18622 -14.807 3.15193 49.4117
2325163 15.6276 3.88681 23.7111 6.18622 -14.807 3.15193 49.4117
2325173 15.386 3.56933 23.8222 6.16686 -15.0538 3.38151 48.9444
2325183 15.2314 3.29032 23.893 6.16686 -15.2667 3.56251 48.5815
2325209 15.1541 3.09791 23.9738 6.1959 -15.4033 3.69187 48.4217
2325216 15.0091 3.09791 24.0345 6.31207 -15.2897 3.78906 48.4536
2325224 15.0091 3.13639 24.0345 6.31207 -15.2577 3.77415 48.492
2325239 14.8931 3.06904 24.1153 6.32175 -15.2986 3.86626 48.3993
2325244 14.8931 3.06904 24.1153 6.32175 -15.2986 3.86626 48.3993
2325254 14.7385 3.04018 24.1558 6.32175 -15.2998 3.94732 48.2562
2325264 14.5742 3.03056 24.2467 6.37984 -15.2445 4.0498 48.2313
2325274 14.5742 3.03056 24.2467 6.37984 -15.2445 4.0498 48.2313
2325286 14.4872 2.94397 24.2973 6.37984 -15.3096 4.13003 48.1083
2325294 14.4872 2.94397 24.2973 6.37984 -15.3096 4.13003 48.1083
2325313 14.2746 2.91511 24.2973 6.37016 -15.299 4.22436 47.8571
2325315 14.3036 2.97284 24.3579 6.40888 -15.2362 4.21195 48.0432
2325326 14.3036 2.97284 24.3579 6.40888 -15.2362 4.21195 48.0432
2325336 14.3132 2.92473 24.4691 6.41856 -15.2928 4.25439 48.1256
2325354 14.3036 2.86701 24.6712 6.51538 -15.2989 4.34765 48.3572
2325357 14.3036 2.86701 24.6712 6.51538 -15.2989 4.34765 48.3572
2325366 14.2263 2.83814 24.9744 6.56378 -15.3278 4.46698 48.6026
2325378 14.2263 2.83814 24.9744 6.56378 -15.3278 4.46698 48.6026
2325387 14.1876 2.84776 25.2473 6.67027 -15.2784 4.56016 48.953
2325399 14.0813 2.79966 25.4596 6.76708 -15.2594 4.68737 49.1076
2325406 14.0813 2.79966 25.4596 6.76708 -15.2594 4.68737 49.1076
2325416 14.0426 2.75156 25.591 6.78645 -15.3013 4.75373 49.1716
2325431 13.888 2.65535 25.6617 6.78645 -15.3638 4.86966 48.9915
2325437 13.888 2.65535 25.6617 6.78645 -15.3638 4.86966 48.9915
2325447 13.7817 2.80928 25.8133 6.93166 -15.1279 4.91143 49.336
2325457 13.7817 2.80928 25.8133 6.93166 -15.1279 4.91143 49.336
2325469 13.743 3.08829 25.9447 7.15433 -14.7431 4.88712 49.9304
2325479 13.714 3.54046 25.783 7.44476 -14.1197 4.7462 50.4823
2325491 13.714 3.54046 25.783 7.44476 -14.1197 4.7462 50.4823
2325498 13.801 4.33899 25.3484 7.56093 -13.3447 4.33972 51.0493
2325508 13.743 5.13752 24.8228 7.63838 -12.558 3.96772 51.3418
2325518 13.743 5.13752 24.8228 7.63838 -12.558 3.96772 51.3418
2325528 13.6657 5.80136 24.2164 7.74487 -11.83 3.64416 51.4284
2325543 13.6657 5.80136 24.2164 7.74487 -11.83 3.64416 51.4284
2325550 13.4628 6.40747 23.4584 7.74487 -11.1451 3.32845 51.0735
2325560 13.1825 6.85965 22.5184 7.68679 -10.5252 3.03392 50.2474
2325570 13.1825 6.85965 22.5184 7.68679 -10.5252 3.03392 50.2474
2325583 12.7283 7.206 21.7402 7.82232 -9.81889 2.91784 49.4968
2325590 12.361 7.37917 21.2551 8.55809 -8.91908 3.04913 49.5533
2325608 12.361 7.37917 21.2551 8.55809 -8.91908 3.04913 49.5533
2325609 12.0131 7.56197 20.8811 9.84567 -7.69681 3.32544 50.3018
2325619 12.0131 7.56197 20.8811 9.84567 -7.69681 3.32544 50.3018
2325633 11.5492 7.58121 20.3454 10.7847 -6.72926 3.58127 50.2605
2325642 10.9983 7.59083 19.4459 11.1236 -5.96528 3.65562 49.1586
2325653 10.9983 7.59083 19.4459 11.1236 -5.96528 3.65562 49.1586
2325661 10.5924 7.58121 18.4958 11.2591 -5.3454 3.62457 47.9285
2325671 10.2058 7.73514 17.7277 11.385 -4.68263 3.56138 47.0536
2325702 9.85787 7.87946 17.1314 11.7335 -3.95707 3.58166 46.6022
2325709 9.50995 8.03339 16.6458 12.4596 -3.03482 3.7178 46.6487
2325726 9.17169 8.35088 16.1095 13.5245 -1.8056 3.85252 47.1566
2325732 9.17169 8.35088 16.1095 13.5245 -1.8056 3.85252 47.1566
2325742 8.92041 8.8223 15.4113 14.783 -0.378823 3.89625 47.937
2325757 8.40819 9.26486 14.6827 16.1674 1.20631 4.07345 48.5232
2325763 8.40819 9.26486 14.6827 16.1674 1.20631 4.07345 48.5232
2325773 7.99261 9.81324 13.6911 17.6175 2.92533 4.12385 49.1144
2325783 7.19045 10.3328 12.5173 18.9393 4.88178 4.26707 48.9798
2325796 7.19045 10.3328 12.5173 18.9393 4.88178 4.26707 48.9798
2325803 6.48493 10.7849 11.2321 20.126 6.78305 4.34572 48.628
2325820 6.48493 10.7849 11.2321 20.126 6.78305 4.34572 48.628
2325828 5.72143 11.2275 10.2506 21.4285 8.57734 4.54372 48.628
2325834 5.04491 11.7182 9.46131 22.6538 10.1608 4.71131 48.8782
2325844 5.04491 11.7182 9.46131 22.6538 10.1608 4.71131 48.8782
2325854 4.65833 12.2569 9.20833 23.7923 11.11 4.83374 49.9159
2325867 4.34906 12.6802 9.20833 24.9018 11.7447 5.01008 51.1395
2325874 4.34906 12.6802 9.20833 24.9018 11.7447 5.01008 51.1395
2325884 4.12678 12.9881 9.33988 25.5 12.04 5.11743 51.9548
2325899 4.12678 12.9881 9.33988 25.5 12.04 5.11743 51.9548
2325906 3.83684 13.1805 9.37024 25.8763 12.365 5.23186 52.2639
2325917 3.58556 13.296 9.39048 25.9631 12.5792 5.30449 52.2351
2325926 3.58556 13.296 9.39048 25.9631 12.5792 5.30449 52.2351
2325940 3.23764 13.2479 9.21845 25.7991 12.9074 5.39736 51.5031
2325946 3.01535 13.0458 9.17798 25.6447 13.0185 5.53068 50.8839
2325965 3.01535 13.0458 9.17798 25.6447 13.0185 5.53068 50.8839
2325966 2.79306 12.9015 8.98571 25.3456 13.2273 5.58813 50.0259
2325981 2.79306 12.9015 8.98571 25.3456 13.2273 5.58813 50.0259
2325989 2.6191 12.7668 8.86429 24.9404 13.3277 5.61654 49.1906
2326001 2.40648 12.6706 8.76309 24.6799 13.4897 5.67782 48.5201
2326018 2.33883 12.6033 8.69226 24.4773 13.536 5.68286 48.1117
2326028 2.33883 12.6033 8.7125 24.4773 13.5197 5.68677 48.1319
2326039 2.33883 12.5648 8.7125 24.4773 13.5106 5.70333 48.0934
2326047 2.33883 12.4397 8.7125 24.4291 13.469 5.748 47.9201
2326066 2.33883 12.4397 8.7125 24.4291 13.469 5.748 47.9201
2326067 2.29051 12.3339 8.73274 24.5255 13.4893 5.83735 47.8827
2326077 2.30017 12.2088 8.79345 24.651 13.4329 5.92307 47.9534
2326088 2.30017 12.2088 8.79345 24.651 13.4329 5.92307 47.9534
2326098 2.12621 12.1319 8.85417 24.8439 13.5517 6.08056 47.9562
2326111 2.22285 12.0357 8.90476 25.0658 13.4638 6.13077 48.2291
2326120 2.22285 12.0357 8.90476 25.0658 13.4638 6.13077 48.2291
2326128 2.14554 11.9298 9.05655 25.2974 13.4346 6.28088 48.4293
2326138 2.14554 11.9298 9.05655 25.2974 13.4346 6.28088 48.4293
2326153 2.02956 11.7566 9.01607 25.6158 13.5935 6.45802 48.4181
2326161 1.96191 11.5835 9.19821 25.9921 13.5504 6.66193 48.7357
2326173 1.96191 11.5835 9.19821 25.9921 13.5504 6.66193 48.7357
2326178 1.87493 11.4488 9.26905 26.2333 13.5881 6.81356 48.826
2326193 1.87493 11.4488 9.26905 26.2333 13.5881 6.81356 48.826
2326198 1.76862 11.2852 9.28929 26.3008 13.6338 6.94935 48.6439
2326213 1.84594 11.2275 9.24881 26.378 13.6091 6.94659 48.7002
2326218 1.84594 11.2275 9.24881 26.378 13.6091 6.94659 48.7002
2326233 1.81694 11.2467 9.30952 26.3587 13.584 6.95782 48.7319
2326243 1.76862 11.189 9.28929 26.4166 13.6384 7.01189 48.6635
2326256 1.76862 11.189 9.28929 26.4166 13.6384 7.01189 48.6635
2326262 1.75895 11.1794 9.24881 26.4841 13.6917 7.02506 48.6713
2326271 1.75895 11.1794 9.24881 26.4841 13.6917 7.02506 48.6713
2326281 1.68164 11.1024 9.25893 26.4938 13.7296 7.09831 48.5368
2326291 1.66231 11.0736 9.27917 26.542 13.7334 7.13139 48.557
2326305 1.66231 11.0736 9.27917 26.542 13.7334 7.13139 48.557
2326311 1.89426 11.0832 9.35 26.5999 13.5092 7.04282 48.9273
2326321 2.05856 11.0158 9.54226 26.542 13.2006 7.0211 49.1587
2326331 2.05856 11.0158 9.54226 26.542 13.2006 7.0211 49.1587
2326346 2.34849 11.0158 9.63333 26.349 12.8595 6.87524 49.3467
2326353 2.76407 11.0158 9.7244 26.0499 12.3992 6.65768 49.5543
2326362 2.76407 11.0447 9.7244 26.0499 12.4065 6.64507 49.5831
2326379 3.31495 11.1024 9.79524 25.7026 11.8675 6.33488 49.9152
2326382 3.31495 11.1024 9.79524 25.7026 11.8675 6.33488 49.9152
2326404 3.93349 11.0543 9.75476 25.2009 11.2963 5.99714 49.9435
2326405 4.28141 10.8715 9.78512 24.7474 10.8444 5.85069 49.6855
2326412 4.28141 10.8715 9.78512 24.7474 10.8444 5.85069 49.6855
2326427 4.639 10.6791 9.7244 24.1107 10.3891 5.65079 49.1532
2326433 4.639 10.6791 9.7244 24.1107 10.3891 5.65079 49.1532
2326450 4.87095 10.5252 9.68393 23.3099 9.96084 5.45496 48.3899
2326456 5.19955 10.429 9.84583 22.6635 9.3726 5.26014 48.1378
2326465 5.19955 10.429 9.84583 22.6635 9.3726 5.26014 48.1378
2326475 5.55713 10.4963 10.2101 22.0556 8.68428 5.03287 48.3192
2326483 5.96305 10.5059 11.1411 21.5829 7.61526 4.95649 49.1929
2326500 5.96305 10.5059 11.1411 21.5829 7.61526 4.95649 49.1929
2326503 6.38829 10.5348 11.7887 20.7917 6.64071 4.74431 49.5035
2326513 6.38829 10.5348 11.7887 20.7917 6.64071 4.74431 49.5035
2326525 6.67823 10.5348 12.2137 19.8173 5.81804 4.51362 49.244
2326538 6.99716 10.4386 12.4363 18.6016 4.95461 4.20914 48.4737
2326551 6.99716 10.4386 12.4363 18.6016 4.95461 4.20914 48.4737
2326554 7.33542 10.3905 12.7196 17.0772 3.89951 3.81005 47.5227
2326564 7.76066 10.4001 13.1345 15.5478 2.69664 3.3692 46.8431
2326576 7.76066 10.4001 13.1345 15.5478 2.69664 3.3692 46.8431
2326584 8.47584 10.4194 13.8732 13.8827 1.04659 2.84904 46.6511
2326601 8.47584 10.4194 13.8732 13.8827 1.04659 2.84904 46.6511
2326609 9.17169 10.3231 14.6625 12.1014 -0.761841 2.35708 46.2587
2326614 10.1092 10.275 15.6845 10.4846 -2.70336 1.86398 46.5533
2326632 10.1092 10.275 15.6845 10.4846 -2.70336 1.86398 46.5533
2326636 11.0853 10.3905 16.8179 8.89692 -4.56432 1.34741 47.1906
2326650 12.187 10.3328 18.3543 7.9385 -6.28429 1.15944 48.8126
2326656 12.187 10.3328 18.3543 7.9385 -6.28429 1.15944 48.8126
2326666 13.1148 10.15 20.0725 7.64806 -7.54595 1.3109 50.9854
2326681 13.1148 10.15 20.0725 7.64806 -7.54595 1.3109 50.9854
2326687 13.859 9.59196 21.538 7.67711 -8.60515 1.64171 52.6661
2326702 14.3422 8.88002 22.7307 7.69647 -9.5511 2.01444 53.6494
2326707 14.3422 8.88002 22.7307 7.69647 -9.5511 2.01444 53.6494
2326717 14.5935 7.9468 23.4685 7.54157 -10.5385 2.37246 53.5504
2326728 14.6225 6.99434 23.9536 7.35763 -11.442 2.74743 52.9281
2326753 14.6225 6.99434 23.9536 7.35763 -11.442 2.74743 52.9281
2326754 14.6032 6.0515 24.3983 7.08656 -12.4011 3.11574 52.1396
2326758 14.6032 6.0515 24.3983 7.08656 -12.4011 3.11574 52.1396
2326768 14.4002 5.01245 24.7319 6.8639 -13.3584 3.58267 51.0084
2326787 14.2069 4.11771 25.1361 6.65091 -14.2554 4.02972 50.1117
2326789 14.2069 4.11771 25.1361 6.65091 -14.2554 4.02972 50.1117
2326803 14.1296 3.37691 25.591 6.62187 -14.9448 4.43679 49.7194
2326817 14.033 3.02094 25.9447 6.67027 -15.2442 4.69944 49.6689
2326819 14.033 3.02094 25.9447 6.67027 -15.2442 4.69944 49.6689
2326829 13.9847 2.64573 26.1468 6.68964 -15.564 4.91423 49.4669
2326839 13.8687 2.49179 26.258 6.78645 -15.61 5.06549 49.4049
2326866 13.7237 2.44369 26.1671 6.7574 -15.6287 5.12012 49.0919
2326884 13.6367 2.44369 25.8942 6.65091 -15.6483 5.07902 48.6255
2326893 13.5014 2.41483 25.7122 6.66059 -15.603 5.1119 48.2891
2326903 13.5014 2.41483 25.7122 6.66059 -15.603 5.1119 48.2891
2326911 13.3854 2.41483 25.6718 6.61219 -15.6133 5.14214 48.0843
2326921 13.2888 2.33786 25.5505 6.60251 -15.6442 5.18831 47.7797
2326931 13.2888 2.33786 25.5505 6.60251 -15.6442 5.18831 47.7797
2326946 13.3275 2.40521 25.5404 6.61219 -15.5844 5.14353 47.8853
2326955 13.3275 2.40521 25.5404 6.61219 -15.5844 5.14353 47.8853
2326962 13.3468 2.3571 25.7122 6.59282 -15.6789 5.1869 48.009
2326979 13.3275 2.29938 25.783 6.65091 -15.6886 5.24557 48.0607
2326982 13.3275 2.29938 25.783 6.65091 -15.6886 5.24557 48.0607
2327003 13.3758 2.34748 26.0357 6.66059 -15.6979 5.25811 48.4195
2327004 13.3854 2.25127 26.2075 6.65091 -15.8216 5.32683 48.4951
2327013 13.3854 2.25127 26.2075 6.65091 -15.8216 5.32683 48.4951
2327028 13.4048 2.26089 26.4298 6.7574 -15.77 5.3799 48.8529
2327033 13.4048 2.26089 26.4298 6.7574 -15.77 5.3799 48.8529
2327043 13.4434 2.22241 26.5815 6.72836 -15.862 5.4039 48.9757
2327054 13.4821 2.15507 26.7128 6.73804 -15.9417 5.4434 49.088
2327066 13.4821 2.15507 26.7128 6.73804 -15.9417 5.4434 49.088
2327079 13.5594 2.15507 26.7331 6.71868 -15.9758 5.41142 49.1662
2327087 13.4628 2.17431 26.8543 6.69932 -15.9804 5.4634 49.1907
2327108 13.4724 2.09734 26.7634 6.76708 -15.9731 5.48695 49.1002
2327116 13.4724 2.09734 26.7634 6.76708 -15.9731 5.48695 49.1002
2327134 13.5691 2.38596 26.7735 6.8639 -15.6741 5.3483 49.5924
2327136 13.5981 2.68421 26.7128 7.09624 -15.2374 5.24845 50.0914
2327164 13.6464 3.34805 26.4096 7.21241 -14.5682 4.92753 50.6165
2327166 13.685 3.89643 26.0155 7.35763 -13.9568 4.64873 50.9546
2327184 13.685 3.89643 26.0155 7.35763 -13.9568 4.64873 50.9546
2327189 13.6271 4.63724 25.5 7.41572 -13.2249 4.29408 51.18
2327196 13.6271 4.63724 25.5 7.41572 -13.2249 4.29408 51.18
2327211 13.5304 5.27221 24.8329 7.56093 -12.4668 3.98208 51.1965
2327217 13.3178 5.78212 24.1861 7.82232 -11.6906 3.78857 51.1083
2327227 13.3178 5.78212 24.1861 7.82232 -11.6906 3.78857 51.1083
2327237 12.9505 6.2343 23.4685 8.48064 -10.6114 3.74437 51.134
2327247 12.5736 6.58065 22.67 9.43907 -9.37509 3.79067 51.2634
2327261 12.5736 6.58065 22.67 9.43907 -9.37509 3.79067 51.2634
2327271 12.0807 6.77306 21.8413 9.99089 -8.46292 3.84081 50.6859
2327286 12.0807 6.77306 21.8413 9.99089 -8.46292 3.84081 50.6859
2327289 11.7038 6.83079 20.588 10.0877 -7.81001 3.70078 49.2103
2327298 11.2013 6.88851 19.547 10.078 -7.22088 3.62631 47.7148
2327311 11.2013 6.88851 19.547 10.078 -7.22088 3.62631 47.7148
2327318 10.776 6.96548 18.6171 10.3394 -6.4715 3.60241 46.698
2327328 10.4281 7.10979 18.1623 10.8235 -5.72673 3.69099 46.5236
2327343 10.4281 7.10979 18.1623 10.8235 -5.72673 3.69099 46.5236
2327348 10.2541 7.35993 17.7075 11.627 -4.779 3.74466 46.9485
2327363 10.2541 7.35993 17.7075 11.627 -4.779 3.74466 46.9485
2327369 10.0222 7.41766 17.3133 12.5951 -3.86642 3.95007 47.3483
2327379 9.77089 7.59083 16.9494 13.7762 -2.7831 4.16863 48.0873
2327390 9.77089 7.59083 16.9494 13.7762 -2.7831 4.16863 48.0873
2327399 9.38431 7.81211 16.0994 15.0154 -1.37454 4.32147 48.3112
2327416 8.92041 8.00453 15.0976 16.3998 0.199428 4.51417 48.4223
2327419 8.92041 8.00453 15.0976 16.3998 0.199428 4.51417 48.4223
2327429 8.33087 8.24505 13.7417 17.9938 2.15595 4.70682 48.3113
2327443 8.33087 8.24505 13.7417 17.9938 2.15595 4.70682 48.3113
2327454 7.53837 8.46633 12.4262 19.9041 4.34771 5.06639 48.335
2327469 6.56225 8.76457 11.1512 22.1135 6.77311 5.53735 48.5915
2327471 6.56225 8.76457 11.1512 22.1135 6.77311 5.53735 48.5915
2327483 5.69244 9.1013 10.3417 24.1879 8.7459 6.00197 49.3233
2327497 4.94827 9.41879 10.1899 26.1754 10.0804 6.5042 50.7323
2327501 4.94827 9.41879 10.1899 26.1754 10.0804 6.5042 50.7323
2327524 4.3394 9.7459 10.2607 27.7963 10.9997 6.89604 52.1423
2327528 4.3394 9.7459 10.2607 27.7963 10.9997 6.89604 52.1423
2327538 3.67254 9.71703 10.5036 29.0216 11.6048 7.40878 52.9147
2327550 2.98636 9.78438 10.4833 29.7838 12.3018 7.77644 53.0378
2327557 2.98636 9.78438 10.4833 29.7838 12.3018 7.77644 53.0378
2327567 2.29051 9.48613 10.4429 30.1697 12.8473 8.25626 52.3892
2327578 1.62365 9.24561 10.2 30.0539 13.4361 8.62172 51.1232
2327587 1.62365 9.24561 10.2 30.0539 13.4361 8.62172 51.1232
2327605 1.26606 9.04358 10.0887 29.8899 13.7103 8.84967 50.2882
2327614 0.898806 8.90889 9.84583 29.5812 14.0883 9.02391 49.2347
2327632 0.782831 8.89926 9.67381 29.2724 14.2484 9.02688 48.6283
2327634 0.782831 8.89926 9.67381 29.2724 14.2484 9.02688 48.6283
2327643 0.80216 8.89926 9.67381 29.0505 14.1835 8.98992 48.4257
2327659 0.782831 8.8704 9.58274 28.8093 14.2127 8.97241 48.0453
2327668 0.782831 8.8704 9.58274 28.8093 14.2127 8.97241 48.0453
2327674 0.80216 8.8704 9.49167 28.5488 14.2128 8.91829 47.713
2327687 0.80216 8.8704 9.49167 28.5488 14.2128 8.91829 47.713
2327694 0.792496 8.92813 9.46131 28.462 14.2391 8.8792 47.6439
2327704 0.869812 9.02433 9.45119 28.433 14.1991 8.78748 47.7784
2327714 0.869812 9.02433 9.45119 28.433 14.1991 8.78748 47.7784
2327724 0.889142 9.08206 9.47143 28.3944 14.171 8.74677 47.8371
2327741 0.918135 9.19751 9.49167 28.4813 14.1764 8.68937 48.0886
2327750 0.918135 9.19751 9.49167 28.4813 14.1764 8.68937 48.0886
2327754 0.879477 9.27448 9.48155 28.462 14.2291 8.66664 48.0975
2327769 0.879477 9.27448 9.48155 28.462 14.2291 8.66664 48.0975
2327776 0.947129 9.39955 9.49167 28.626 14.2304 8.59529 48.4643
2327794 0.995452 9.52462 9.54226 28.7514 14.2062 8.53457 48.8138
2327796 0.995452 9.52462 9.54226 28.7514 14.2062 8.53457 48.8138
2327806 0.966458 9.64969 9.55238 28.8479 14.2701 8.5025 49.0164
2327820 0.985787 9.7459 9.5119 28.954 14.3311 8.45597 49.1976
2327831 0.985787 9.7459 9.5119 28.954 14.3311 8.45597 49.1976
2327836 1.05344 9.83248 9.49167 28.9154 14.3037 8.37477 49.293
2327851 1.05344 9.83248 9.49167 28.9154 14.3037 8.37477 49.293
2327857 1.05344 9.86135 9.43095 28.8286 14.3396 8.34117 49.1743
2327876 1.04377 9.9768 9.47143 28.8093 14.3358 8.29395 49.3013
2327877 1.04377 9.9768 9.47143 28.8093 14.3358 8.29395 49.3013
2327887 1.15009 10.0153 9.46131 28.8383 14.2738 8.22831 49.4649
2327904 1.11143 10.0345 9.43095 28.8479 14.3349 8.2346 49.4248
2327913 1.11143 10.0345 9.43095 28.8479 14.3349 8.2346 49.4248
2327925 1.03411 10.0634 9.45119 28.8286 14.3825 8.25753 49.3773
2327928 1.03411 10.0634 9.45119 28.8286 14.3825 8.25753 49.3773
2327938 1.04377 10.0057 9.4006 28.7418 14.384 8.26142 49.1918
2327951 1.02445 10.0441 9.29941 28.5488 14.4475 8.21179 48.9168
2327958 1.02445 10.0441 9.29941 28.5488 14.4475 8.21179 48.9168
2327968 1.02445 10.0634 9.16786 28.2594 14.4957 8.14368 48.5151
2327978 0.995452 10.0634 9.14762 28.0375 14.4877 8.12317 48.2439
2327993 0.995452 10.0634 9.14762 28.0375 14.4877 8.12317 48.2439
2328006 1.17908 10.1211 9.11726 27.8638 14.3371 7.97852 48.2812
2328010 1.17908 10.1211 9.11726 27.8638 14.3371 7.97852 48.2812
2328019 1.33371 10.1404 9.15774 27.7673 14.1615 7.88785 48.3991
2328033 1.77828 10.2654 9.32976 27.5936 13.6576 7.62135 48.9671
2328039 1.77828 10.2654 9.32976 27.5936 13.6576 7.62135 48.9671
2328060 2.29051 10.4578 9.4006 27.2656 13.1704 7.26037 49.4145
2328061 2.88005 10.5733 9.54226 26.8314 12.5346 6.89998 49.827
2328071 2.88005 10.5733 9.54226 26.8314 12.5346 6.89998 49.827
2328088 3.47925 10.631 9.775 26.349 11.8076 6.57333 50.2343
2328091 4.04946 10.631 10.2405 25.6447 10.8699 6.29025 50.5657
2328101 4.04946 10.631 10.2405 25.6447 10.8699 6.29025 50.5657
2328115 4.76464 10.6214 11.1411 24.8922 9.53332 6.02319 51.4193
2328121 4.76464 10.6214 11.1411 24.8922 9.53332 6.02319 51.4193
2328142 5.41217 10.5444 11.981 23.7344 8.16967 5.73583 51.6719
2328142 5.76976 10.3135 12.2036 22.2003 7.20011 5.44315 50.4872
2328152 5.76976 10.3135 12.2036 22.2003 7.20011 5.44315 50.4872
2328168 6.00171 9.9768 12.1024 20.5602 6.39011 5.14505 48.641
2328181 6.15634 9.70741 12.0619 18.9007 5.54701 4.83665 46.8263
2328182 6.15634 9.70741 12.0619 18.9007 5.54701 4.83665 46.8263
2328194 6.46561 9.52462 12.3958 17.5114 4.45261 4.54828 45.8974
2328203 6.46561 9.52462 12.3958 17.5114 4.45261 4.54828 45.8974
2328221 6.86185 9.42841 13.0536 16.1481 3.11102 4.25725 45.4919
2328224 7.48039 9.52462 13.9643 14.8605 1.60399 3.86859 45.8298
2328233 7.48039 9.52462 13.9643 14.8605 1.60399 3.86859 45.8298
2328252 8.17624 9.55348 15.047 13.3502 -0.173192 3.46897 46.127
2328254 8.17624 9.55348 15.047 13.3502 -0.173192 3.46897 46.127
2328263 8.92041 9.52462 16.3827 11.7141 -2.1832 3.11069 46.5419
2328282 9.59693 9.29372 17.9501 10.1845 -4.28959 2.94861 47.0252
2328305 10.3314 8.91851 19.648 8.71298 -6.48379 2.87048 47.611
2328307 11.0466 8.26429 21.5583 7.56093 -8.66179 3.03787 48.4301
2328333 11.7908 7.55235 23.8526 7.19305 -10.3684 3.48365 50.3887
2328335 12.4963 6.76344 25.9952 7.16401 -11.7153 3.97742 52.419
2328344 12.4963 6.76344 25.9952 7.16401 -11.7153 3.97742 52.419
2328363 13.1052 5.89757 27.6427 7.2221 -12.8223 4.41696 53.8675
2328366 13.1052 5.89757 27.6427 7.2221 -12.8223 4.41696 53.8675
2328376 13.4241 4.93548 28.6332 7.04784 -13.9127 4.80789 54.0406
2328392 13.4628 3.9253 29.088 6.82517 -14.9154 5.21332 53.3012
2328396 13.4628 3.9253 29.088 6.82517 -14.9154 5.21332 53.3012
2328406 13.3468 3.04018 29.2396 6.53474 -15.8218 5.57522 52.1613
2328421 13.1632 2.31862 29.2295 6.21526 -16.6214 5.87993 50.9265
2328426 13.1632 2.31862 29.2295 6.21526 -16.6214 5.87993 50.9265
2328449 13.1922 1.87606 29.28 6.17654 -17.031 6.05298 50.5248
2328458 13.2211 1.63554 29.3306 6.14749 -17.2687 6.14527 50.3347
2328478 13.3081 1.58744 29.2497 6.12813 -17.3264 6.11126 50.2734
2328480 13.3081 1.58744 29.2497 6.12813 -17.3264 6.11126 50.2734
2328487 13.3951 1.56819 29.0273 6.06036 -17.3792 6.03117 50.051
2328507 13.3371 1.59706 28.6332 5.96355 -17.3678 5.95463 49.5309
2328508 13.3371 1.59706 28.6332 5.96355 -17.3678 5.95463 49.5309
2328522 13.3081 1.60668 28.2794 5.84738 -17.4003 5.87624 49.0416
2328536 13.3081 1.60668 28.2794 5.84738 -17.4003 5.87624 49.0416
2328542 13.2985 1.6163 27.9358 5.78929 -17.3873 5.8009 48.6399
2328548 13.2211 1.58744 27.6528 5.67312 -17.4581 5.7705 48.1345
2328564 13.2211 1.58744 27.6528 5.67312 -17.4581 5.7705 48.1345
2328568 13.2405 1.55857 27.481 5.6828 -17.4511 5.74342 47.9628
2328578 13.1342 1.55857 27.6023 5.6828 -17.4534 5.81279 47.9778
2328592 13.1342 1.57782 27.6023 5.6828 -17.4364 5.80445 47.997
2328607 13.2405 1.55857 27.6831 5.66344 -17.4998 5.77857 48.1456
2328620 13.2405 1.55857 27.6831 5.66344 -17.4998 5.77857 48.1456
2328624 13.3951 1.59706 27.4911 5.57631 -17.537 5.64151 48.0596
2328633 13.5497 1.65478 27.3193 5.58599 -17.4747 5.51886 48.1098
2328649 13.5497 1.65478 27.3193 5.58599 -17.4747 5.51886 48.1098
2328651 13.801 1.72213 27.2586 5.54727 -17.4793 5.36409 48.329
2328659 13.9653 1.70289 27.1474 5.5279 -17.5215 5.27696 48.3436
2328677 13.9653 1.70289 27.1474 5.5279 -17.5215 5.27696 48.3436
2328693 14.0523 1.78947 27.0969 5.49886 -17.4766 5.18833 48.4375
2328706 14.0523 1.78947 27.0969 5.49886 -17.4766 5.18833 48.4375
2328708 14.1779 1.75099 27.1272 5.46014 -17.5683 5.15036 48.5163
2328711 14.2166 1.81834 27.1677 5.4795 -17.5046 5.11858 48.6821
2328721 14.2166 1.81834 27.1677 5.4795 -17.5046 5.11858 48.6821
2328735 14.3132 1.78947 27.0464 5.41173 -17.5854 5.05203 48.5608
2328742 14.3712 1.76061 27.0161 5.38269 -17.6404 5.02783 48.5306
2328752 14.3712 1.76061 27.0161 5.38269 -17.6404 5.02783 48.5306
2328766 14.3712 1.81834 26.8038 5.36333 -17.5743 4.95616 48.3567
2328794 14.4679 1.88568 26.6522 5.40205 -17.4726 4.86513 48.4078
2328796 14.6515 2.13582 26.6522 5.50854 -17.1914 4.71114 48.9481
2328803 14.6515 2.13582 26.6522 5.50854 -17.1914 4.71114 48.9481
2328822 14.7192 2.5399 26.2985 5.58599 -16.7325 4.46409 49.1435
2328824 14.6998 3.01132 25.8335 5.64408 -16.2019 4.19805 49.1888
2328833 14.6998 3.01132 25.8335 5.64408 -16.2019 4.19805 49.1888
2328850 14.7965 3.63667 25.2675 5.79897 -15.469 3.82832 49.4997
2328854 14.7965 3.63667 25.2675 5.79897 -15.469 3.82832 49.4997
2328864 14.9704 4.37748 24.5904 5.93451 -14.6617 3.36164 49.8728
2328878 14.9898 5.21449 23.701 5.9926 -13.77 2.85262 49.8978
2328884 14.9898 5.21449 23.701 5.9926 -13.77 2.85262 49.8978
2328907 14.7482 5.91681 22.7206 6.11845 -12.8441 2.47679 49.504
2328908 14.4969 6.50368 21.9929 6.53474 -11.8374 2.27963 49.5282
2328916 14.4969 6.50368 21.9929 6.53474 -11.8374 2.27963 49.5282
2328937 14.2069 7.10979 21.6088 7.88041 -10.2476 2.41285 50.8059
2328938 14.2069 7.10979 21.6088 7.88041 -10.2476 2.41285 50.8059
2328948 13.6464 7.62932 21.1944 9.70046 -8.39124 2.76569 52.1706
2328966 12.8152 7.84097 20.0826 10.9106 -6.84727 3.00207 51.6494
2328976 12.8152 7.84097 20.0826 10.9106 -6.84727 3.00207 51.6494
2328978 11.8294 7.96604 18.4958 11.3656 -5.53479 3.04065 49.6569
2328997 10.776 8.11036 16.7167 11.9077 -3.9331 3.07447 47.5108
2328999 10.776 8.11036 16.7167 11.9077 -3.9331 3.07447 47.5108
2329028 9.82888 8.47595 15.0167 13.0985 -1.76167 3.17008 46.42
2329028 8.79477 8.84154 13.7012 14.967 0.708652 3.57369 46.3045
2329037 7.81865 9.39955 12.4667 17.0386 3.29215 3.94461 46.7235
2329057 7.81865 9.39955 12.4667 17.0386 3.29215 3.94461 46.7235
2329059 6.91984 9.91907 11.3232 19.1515 5.72115 4.32301 47.3137
2329068 6.12735 10.3905 10.4125 21.1969 7.81656 4.70365 48.1273
2329087 6.12735 10.3905 10.4125 21.1969 7.81656 4.70365 48.1273
2329089 5.41217 10.9293 9.9369 23.0204 9.4326 5.05568 49.2988
2329098 4.87095 11.2564 9.90655 24.5931 10.4055 5.44344 50.6269
2329119 4.87095 11.2564 9.90655 24.5931 10.4055 5.44344 50.6269
2329121 4.45537 11.4873 9.9369 25.8184 11.0804 5.74858 51.6979
2329129 4.45537 11.4873 9.9369 25.8184 11.0804 5.74858 51.6979
2329148 4.0398 11.6604 10.119 26.8025 11.5466 6.0492 52.6218
2329150 3.65321 11.6797 10.2911 27.391 11.8487 6.32346 53.015
2329160 3.65321 11.6797 10.2911 27.391 11.8487 6.32346 53.015
2329179 3.18931 11.622 10.2 27.5358 12.2597 6.54399 52.547
2329185 2.63843 11.3333 10.0786 27.3717 12.6347 6.84877 51.4221
2329210 2.27118 11.1698 9.85595 27.1788 12.9872 7.01143 50.4757
2329211 2.27118 11.1698 9.85595 27.1788 12.9872 7.01143 50.4757
2329221 1.93292 11.064 9.76488 26.87 13.2154 7.14402 49.6318
2329241 1.84594 11.0158 9.60298 26.5902 13.3305 7.13427 49.055
2329242 1.84594 11.0158 9.60298 26.5902 13.3305 7.13427 49.055
2329251 1.81694 10.987 9.43095 26.3297 13.4197 7.09058 48.5646
2329272 1.80728 11.0255 9.48155 26.2043 13.3665 7.06526 48.5186
2329273 1.80728 11.0255 9.48155 26.2043 13.3665 7.06526 48.5186
2329286 1.79761 11.1121 9.31964 26.0403 13.4842 6.97653 48.2696
2329303 1.79761 11.1121 9.31964 26.0403 13.4842 6.97653 48.2696
2329304 1.86526 11.189 9.28929 25.7412 13.4012 6.85545 48.0848
2329312 1.93292 11.3141 9.20833 25.5579 13.3977 6.7229 48.0132
2329333 1.93292 11.3141 9.20833 25.5579 13.3977 6.7229 48.0132
2329341 1.93292 11.4488 9.12738 25.3939 13.4555 6.61949 47.903
2329343 2.0199 11.4488 9.11726 25.2395 13.3565 6.55135 47.8254
2329364 2.0199 11.468 9.11726 25.2395 13.3611 6.54268 47.8447
2329371 2.02956 11.6123 9.05655 25.1527 13.416 6.44728 47.8511
2329379 2.02956 11.6123 9.05655 25.1527 13.416 6.44728 47.8511
2329395 2.00057 11.6412 8.99583 25.1044 13.4835 6.42783 47.742
2329396 1.97157 11.7374 9.06667 25.143 13.4823 6.41734 47.9187
2329403 1.97157 11.7374 9.06667 25.143 13.4823 6.41734 47.9187
2329425 2.10688 11.7566 8.94524 25.1623 13.4804 6.33007 47.9711
2329426 2.10688 11.7566 9.04643 25.1623 13.3994 6.34832 48.0723
2329433 2.10688 11.8432 9.04643 25.2491 13.4411 6.32558 48.2457
2329457 2.03923 11.9491 8.94524 25.0851 13.5623 6.26071 48.0187
2329458 2.03923 11.9491 8.94524 25.0851 13.5623 6.26071 48.0187
2329464 2.03923 12.0549 8.90476 25.0658 13.6154 6.20303 48.0647
2329474 2.11654 12.1607 8.88452 25.0948 13.6015 6.12415 48.2566
2329489 2.11654 12.1607 8.88452 25.0948 13.6015 6.12415 48.2566
2329494 2.04889 12.1415 8.84405 25.0465 13.6723 6.14595 48.081
2329504 2.30984 12.2184 9.12738 25.143 13.2812 6.06844 48.7987
2329520 2.30984 12.2184 9.12738 25.143 13.2812 6.06844 48.7987
2329526 2.59011 12.3339 9.21845 25.172 13.0273 5.92111 49.3144
2329536 2.59011 12.3339 9.21845 25.172 13.0273 5.92111 49.3144
2329551 2.96703 12.4493 9.30952 24.8922 12.629 5.67898 49.6181
2329556 3.58556 12.6899 9.33988 24.5159 12.1084 5.2603 50.1312
2329566 3.58556 12.6899 9.33988 24.5159 12.1084 5.2603 50.1312
2329582 4.28141 12.7957 9.19821 23.9563 11.5825 4.80098 50.2316
2329587 4.98692 12.7957 9.27917 23.3292 10.8446 4.41321 50.391
2329597 4.98692 12.8246 9.27917 23.3292 10.8527 4.40209 50.4198
2329613 5.52814 12.7861 9.28929 22.6249 10.2499 4.06143 50.2284
2329617 5.52814 12.7861 9.28929 22.6249 10.2499 4.06143 50.2284
2329627 5.99204 12.6514 9.20833 21.8627 9.71231 3.74969 49.7144
2329644 6.54292 12.5456 9.16786 20.975 9.04393 3.3681 49.2314
2329647 6.54292 12.5456 9.16786 20.975 9.04393 3.3681 49.2314
2329662 7.06481 12.4686 9.33988 20.2514 8.30301 3.07113 49.1247
2329677 7.41273 12.3243 9.76488 19.5278 7.48244 2.92344 49.0297
2329679 7.41273 12.3243 9.76488 19.5278 7.48244 2.92344 49.0297
2329688 7.87663 12.2569 10.3012 18.756 6.52311 2.72112 49.1907
2329709 7.87663 12.2569 10.3012 18.756 6.52311 2.72112 49.1907
2329711 8.1859 12.1319 10.5845 17.9455 5.78683 2.5218 48.8478
2329719 8.58215 11.9875 11.0095 17.164 4.90319 2.33997 48.7432
2329748 8.85276 11.8144 11.2827 16.1771 4.08086 2.11712 48.127
2329749 9.21035 11.7182 11.5762 15.3736 3.29231 1.88643 47.8783
2329772 9.21035 11.7182 11.5762 15.3736 3.29231 1.88643 47.8783
2329773 9.58727 11.6412 12.0315 14.5023 2.36832 1.66618 47.7623
2329779 9.58727 11.6412 12.0315 14.5023 2.36832 1.66618 47.7623
2329789 10.0125 11.5931 12.5173 13.5245 1.3578 1.39656 47.6474
2329805 10.5344 11.5931 13.094 12.6048 0.297657 1.1201 47.8263
2329811 10.5344 11.5931 13.094 12.6048 0.297657 1.1201 47.8263
2329821 11.0659 11.4295 13.772 11.5108 -0.992922 0.875092 47.7783
2329836 11.5298 11.2564 14.6625 10.3685 -2.38802 0.704164 47.8172
2329841 11.5298 11.2564 14.6625 10.3685 -2.38802 0.704164 47.8172
2329851 12.187 11.0543 15.725 9.29385 -3.91827 0.552467 48.2602
2329869 12.187 11.0543 15.725 9.29385 -3.91827 0.552467 48.2602
2329871 12.7476 10.6406 16.8179 8.32574 -5.45986 0.542543 48.5318
2329900 13.3468 9.99604 18.2634 7.58998 -7.12664 0.765465 49.1962
2329902 13.3468 9.99604 18.2634 7.58998 -7.12664 0.765465 49.1962
2329902 13.801 9.30334 19.6885 7.26082 -8.45359 1.15224 50.0536
2329912 14.1489 8.49519 21.2045 7.26082 -9.58602 1.70845 51.1095
2329931 14.1489 8.49519 21.2045 7.26082 -9.58602 1.70845 51.1095
2329933 14.4486 7.6678 22.5589 7.37699 -10.5484 2.25337 52.0522
2329947 14.4486 7.6678 22.5589 7.37699 -10.5484 2.25337 52.0522
2329964 14.5259 6.83079 23.5392 7.34795 -11.4302 2.73636 52.2438
2329966 14.4389 5.99377 24.2063 7.19305 -12.2793 3.17372 51.832
2329998 14.3229 5.10866 24.7218 7.0672 -13.1143 3.61888 51.2205
2329999 14.1296 4.36786 25.2574 6.98975 -13.8091 4.06438 50.7447
2330004 14.1296 4.36786 25.2574 6.98975 -13.8091 4.06438 50.7447
2330014 14.0426 3.76174 25.6617 6.93166 -14.391 4.40168 50.3978
2330031 14.0426 3.76174 25.6617 6.93166 -14.391 4.40168 50.3978
2330034 13.772 3.25184 25.8942 6.87358 -14.8322 4.74293 49.7916
2330049 13.714 2.88625 26.0761 6.93166 -15.1045 4.96113 49.6081
2330065 13.714 2.88625 26.0761 6.93166 -15.1045 4.96113 49.6081
2330067 13.5691 2.73231 26.157 6.9123 -15.2324 5.09449 49.3706
2330076 13.5401 2.60724 26.1671 6.88326 -15.3547 5.1536 49.1976
2330098 13.5401 2.60724 26.1671 6.88326 -15.3547 5.1536 49.1976
2330102 13.4531 2.65535 25.8537 6.76708 -15.3319 5.0829 48.7293
2330111 13.3468 2.55914 25.6314 6.71868 -15.3869 5.11153 48.256
2330129 13.3468 2.55914 25.6314 6.71868 -15.3869 5.11153 48.256
2330131 13.3275 2.57838 25.4798 6.60251 -15.4342 5.05639 47.9881
2330139 13.3275 2.57838 25.4798 6.60251 -15.4342 5.05639 47.9881
2330161 13.3661 2.59762 25.3484 6.62187 -15.3831 5.00893 47.934
2330162 13.3468 2.60724 25.3484 6.57346 -15.412 5.00288 47.8759
2330171 13.3468 2.60724 25.3484 6.57346 -15.412 5.00288 47.8759
2330193 13.4821 2.62649 25.3989 6.59282 -15.4166 4.95314 48.1003
2330194 13.4241 2.65535 25.409 6.67027 -15.3178 4.98347 48.1588
2330198 13.4241 2.65535 25.409 6.67027 -15.3178 4.98347 48.1588
2330208 13.5787 2.60724 25.409 6.61219 -15.4377 4.92724 48.2072
2330225 13.5787 2.60724 25.409 6.61219 -15.4377 4.92724 48.2072
2330228 13.6174 2.62649 25.4495 6.54442 -15.4941 4.89762 48.2378
2330243 13.6367 2.66497 25.5606 6.63155 -15.4148 4.91521 48.4939
2330260 13.6367 2.66497 25.5606 6.63155 -15.4148 4.91521 48.4939
2330261 13.6464 2.588 25.6213 6.61219 -15.509 4.95145 48.4679
2330269 13.5981 2.53028 25.6314 6.68964 -15.485 5.01328 48.4494
2330293 13.5981 2.53028 25.6314 6.68964 -15.485 5.01328 48.4494
2330294 13.6271 2.78042 25.8032 6.82517 -15.2055 4.96195 49.0359
2330299 13.6271 2.78042 25.8032 6.82517 -15.2055 4.96195 49.0359
2330309 13.6367 3.10753 25.7325 6.97039 -14.8094 4.84111 49.4471
2330326 13.6754 3.78098 25.4394 7.32859 -13.94 4.57296 50.2243
2330342 13.7527 4.73345 24.8532 7.53189 -12.9447 4.09826 50.8712
2330358 13.6947 5.79174 24.1356 7.65774 -11.8862 3.59992 51.2797
2330361 13.6947 5.79174 24.1356 7.65774 -11.8862 3.59992 51.2797
2330392 13.4434 6.60951 23.1552 7.69647 -10.9482 3.18204 50.9046
2330393 13.4434 6.60951 23.1552 7.69647 -10.9482 3.18204 50.9046
2330396 13.1535 7.35031 22.0232 7.80296 -9.94607 2.77837 50.33
2330401 12.8442 8.1777 20.9822 8.06435 -8.78015 2.40409 50.0684
2330425 12.8442 8.1777 20.9822 8.06435 -8.78015 2.40409 50.0684
2330426 12.3513 8.86078 19.9614 8.69362 -7.39881 2.23881 49.8671
2330432 11.8778 9.32258 18.981 9.86503 -5.83016 2.29157 50.0464
2330461 11.5202 9.71703 17.8086 10.988 -4.30892 2.26628 50.0338
2330471 11.5202 9.71703 17.8086 10.988 -4.30892 2.26628 50.0338
2330493 10.9403 10.0441 16.5042 11.7335 -2.8782 2.21035 49.2221
2330494 10.4474 10.1211 15.1482 12.3337 -1.63412 2.15817 48.0504
2330506 9.83854 10.3231 13.9643 13.2341 -0.129659 2.22867 47.36
2330526 9.20068 10.6791 12.8613 14.5023 1.65071 2.37614 47.2434
2330527 9.20068 10.6791 12.8613 14.5023 1.65071 2.37614 47.2434
2330533 8.63047 10.9774 11.9101 16.0513 3.40978 2.63412 47.5692
2330560 8.63047 10.9774 11.9101 16.0513 3.40978 2.63412 47.5692
2330562 7.81865 11.4007 10.8982 17.7429 5.44642 2.9529 47.8604
2330568 7.16146 11.8144 9.96726 19.4796 7.31333 3.24363 48.4227
2330597 6.42695 12.2569 8.99583 21.168 9.2134 3.52523 48.8477
2330598 5.65378 12.7476 8.27738 22.6924 10.8914 3.81855 49.3712
2330604 5.65378 12.7476 8.27738 22.6924 10.8914 3.81855 49.3712
2330632 5.03525 13.0266 7.76131 24.1589 12.1989 4.159 49.9821
2330633 5.03525 13.0266 7.76131 24.1589 12.1989 4.159 49.9821
2330636 4.49403 13.4692 7.71071 25.6061 13.0999 4.49112 51.28
2330646 4.00114 13.652 7.78155 26.7832 13.7178 4.85801 52.2178
2330667 4.00114 13.652 7.78155 26.7832 13.7178 4.85801 52.2178
2330668 3.46958 13.7097 7.88274 27.4007 14.1806 5.1763 52.4627
2330681 2.88971 13.5173 7.84226 27.8541 14.7013 5.55322 52.1034
2330703 2.88971 13.5173 7.84226 27.8541 14.7013 5.55322 52.1034
2330705 2.38715 13.2864 7.83214 28.0857 15.0959 5.88596 51.5914
2330707 2.38715 13.2864 7.83214 28.0857 15.0959 5.88596 51.5914
2330717 1.89426 12.9593 7.73095 28.0278 15.4912 6.19571 50.6123
2330737 1.527 12.6129 7.71071 28.0182 15.738 6.49373 49.8688
2330753 1.27572 12.2954 7.66012 28.076 15.9386 6.74292 49.3073
2330773 1.15009 11.9298 7.76131 28.1629 15.9075 6.99256 49.0041
2330774 1.15009 11.9298 7.76131 28.1629 15.9075 6.99256 49.0041
2330782 1.14042 11.6316 7.8119 28.2594 15.8357 7.15532 48.8433
2330807 1.00512 11.3045 7.8119 28.433 15.9205 7.39437 48.5545
2330808 1.00512 11.3045 7.8119 28.433 15.9205 7.39437 48.5545
2330818 0.947129 11.0351 7.94345 28.6935 15.8569 7.60649 48.6192
2330847 0.821489 10.6791 8.06488 29.0602 15.8625 7.9046 48.6256
2330848 0.763502 10.3809 8.18631 29.2338 15.7856 8.11573 48.5645
2330877 0.734508 10.2173 8.24702 29.3978 15.7591 8.23915 48.5967
2330879 0.705514 10.073 8.21667 29.5812 15.8163 8.34335 48.5763
2330881 0.705514 10.073 8.21667 29.5812 15.8163 8.34335 48.5763
2330891 0.676521 10.0345 8.35833 29.668 15.7311 8.40688 48.7374
2330912 0.676521 10.0345 8.35833 29.668 15.7311 8.40688 48.7374
2330913 0.599204 9.96718 8.26726 29.6294 15.8523 8.45911 48.463
2330926 0.599204 9.9768 8.22679 29.5426 15.8719 8.43722 48.3454
2330946 0.599204 10.073 8.17619 29.4268 15.9111 8.36789 48.2752
2330952 0.637862 10.0922 8.13571 29.4075 15.9126 8.33165 48.2733
2330962 0.637862 10.0922 8.13571 29.4075 15.9126 8.33165 48.2733
2330984 0.647527 10.1211 8.19643 29.5233 15.8803 8.33738 48.4883
2330988 0.647527 10.1211 8.19643 29.5233 15.8803 8.33738 48.4883
2330994 0.657192 10.1404 8.21667 29.6776 15.8877 8.34742 48.6918
2331020 0.637862 10.0922 8.17619 29.7452 15.9416 8.38349 48.6515
2331029 0.618533 10.0441 8.21667 29.7066 15.9077 8.4162 48.5859
2331033 0.531552 9.94793 8.22679 29.7355 15.9599 8.51005 48.4418
2331055 0.531552 9.94793 8.22679 29.7355 15.9599 8.51005 48.4418
2331056 0.773167 9.9768 8.30774 29.8417 15.7147 8.40484 48.8994
2331065 0.773167 9.9768 8.30774 29.8417 15.7147 8.40484 48.8994
2331091 0.879477 9.90945 8.53036 29.9285 15.4464 8.42777 49.2478
2331093 1.27572 9.94793 8.59107 29.6776 15.032 8.19673 49.4924
2331126 1.64298 9.89021 8.72262 29.3496 14.5519 8.02504 49.6054
2331128 2.22285 9.80362 8.7125 28.8865 13.9821 7.72965 49.6255
2331129 2.22285 9.80362 8.7125 28.8865 13.9821 7.72965 49.6255
2331136 2.74474 9.85173 8.83393 28.2787 13.3536 7.39788 49.7091
2331161 2.74474 9.85173 8.83393 28.2787 13.3536 7.39788 49.7091
2331162 3.22797 9.8421 8.91488 27.584 12.7516 7.08976 49.569
2331174 3.69187 9.89021 9.21845 26.7736 11.9788 6.78074 49.5741
2331197 3.69187 9.89021 9.21845 26.7736 11.9788 6.78074 49.5741
2331197 4.26208 9.80362 9.71429 25.9824 10.9569 6.52028 49.7624
2331202 4.68732 9.68817 10.3518 25.1527 9.9247 6.35395 49.8799
2331211 4.68732 9.68817 10.3518 25.1527 9.9247 6.35395 49.8799
2331233 5.12223 9.47651 10.6958 24.0045 8.95705 6.11622 49.2991
2331234 5.12223 9.47651 10.6958 24.0045 8.95705 6.11622 49.2991
2331238 5.4025 9.25523 10.878 22.8082 8.1618 5.90408 48.3439
2331248 5.74076 9.07244 11.1613 21.525 7.20815 5.64419 47.4995
2331268 5.74076 9.07244 11.1613 21.525 7.20815 5.64419 47.4995
2331269 6.20466 8.98585 11.5661 20.2128 6.08265 5.29761 46.9694
2331278 6.75554 8.94737 12.2845 18.8814 4.68792 4.94881 46.8688
2331306 6.75554 8.94737 12.2845 18.8814 4.68792 4.94881 46.8688
2331307 7.50938 8.91851 13.0435 17.6271 3.181 4.53604 47.0985
2331311 8.31154 8.88002 14.0351 16.1868 1.43427 4.12236 47.4135
2331320 8.31154 8.88002 14.0351 16.1868 1.43427 4.12236 47.4135
2331342 9.14269 8.67799 15.0673 14.6088 -0.48593 3.74405 47.4967
2331343 9.14269 8.67799 15.0673 14.6088 -0.48593 3.74405 47.4967
2331349 10.0222 8.27391 16.1702 12.75 -2.73661 3.37515 47.2163
2331380 10.9113 7.8987 17.4346 11.0171 -4.98825 3.06009 47.2617
2331386 11.8391 7.65818 18.8597 9.4197 -7.12739 2.75724 47.7767
2331394 12.8732 7.65818 20.396 9.4197 -8.03984 2.76608 50.3471
2331418 12.8732 7.68704 20.396 8.39351 -8.70756 2.50129 49.3497
2331420 13.8107 7.55235 22.0131 8.09339 -9.80096 2.54814 51.4695
2331455 14.5452 7.35031 23.2765 8.25797 -10.3937 2.70604 53.4299
2331457 15.0188 6.91737 24.0446 8.31606 -10.9721 2.87987 54.2968
2331459 15.0188 6.91737 24.0446 8.31606 -10.9721 2.87987 54.2968
2331462 15.241 6.38823 24.3781 8.13212 -11.5899 3.0147 54.1395
2331472 15.2024 5.64743 24.3983 7.97722 -12.201 3.24819 53.2254
2331493 15.2024 5.64743 24.3983 7.97722 -12.201 3.24819 53.2254
2331495 14.9318 5.01245 24.4084 7.63838 -12.8336 3.49173 51.9911
2331507 14.9318 5.01245 24.4084 7.63838 -12.8336 3.49173 51.9911
2331532 14.7771 4.35823 24.368 7.43508 -13.424 3.7303 50.9385
