1890668 5.96269 11.6125 10.7324 16.6791 6.44439 3.27974 44.9867
1890673 6.71542 11.3103 11.1995 14.7268 4.61995 2.6963 43.952
1890683 6.71542 11.3103 11.1995 14.7268 4.61995 2.6963 43.952
1890693 7.57811 11.1981 12.1802 12.9617 2.50549 2.17419 43.9181
1890704 8.45771 11.2671 13.3104 11.678 0.658092 1.76579 44.7133
1890718 8.45771 11.2671 13.3104 11.678 0.658092 1.76579 44.7133
1890728 9.3796 11.5434 14.7209 11.054 -0.804666 1.55848 46.6979
1890748 10.1831 11.4139 16.2341 10.9381 -2.08385 1.71477 48.7692
1890755 10.8259 10.965 17.6064 10.9292 -3.24786 2.01032 50.3265
1890764 10.8259 10.965 17.6064 10.9292 -3.24786 2.01032 50.3265
1890783 11.2826 10.1534 18.6272 11.0808 -4.24082 2.4261 51.144
1890784 11.5448 8.98781 19.456 10.9827 -5.41004 2.9152 50.9713
1890799 11.5448 8.98781 19.456 10.9827 -5.41004 2.9152 50.9713
1890805 11.6632 7.6582 19.83 10.5994 -6.65095 3.34908 49.7507
1890823 11.6632 7.6582 19.83 10.5994 -6.65095 3.34908 49.7507
1890836 11.7139 6.57034 20.022 10.2339 -7.69039 3.6995 48.5401
1890841 11.7647 5.86237 20.1837 10.1447 -8.31046 3.97287 47.9555
1890848 11.7647 5.86237 20.1837 10.1447 -8.31046 3.97287 47.9555
1890858 11.7562 5.35297 20.3353 9.99318 -8.82493 4.18 47.4377
1890865 11.6716 5.03352 20.6284 10.0645 -9.07317 4.42668 47.3981
1890880 11.6716 5.03352 20.6284 10.0645 -9.07317 4.42668 47.3981
1890890 11.6378 4.83494 20.8912 10.1536 -9.22838 4.60001 47.5176
1890895 11.6378 4.83494 20.8912 10.1536 -9.22838 4.60001 47.5176
1890910 11.6124 4.65363 21.1237 10.2339 -9.36961 4.75336 47.6236
1890917 11.5279 4.43779 21.2551 10.2695 -9.51543 4.91436 47.4902
1890927 11.5279 4.43779 21.2551 10.2695 -9.51543 4.91436 47.4902
1890937 11.4602 4.34281 21.2551 10.2784 -9.55604 4.98468 47.3365
1890947 11.4517 4.14424 21.2146 10.2695 -9.6923 5.06207 47.0801
1890957 11.4517 4.14424 21.2146 10.2695 -9.6923 5.06207 47.0801
1890968 11.4856 4.04063 20.9316 10.0645 -9.84048 4.9879 46.5223
1890982 11.4856 4.04063 20.9316 10.0645 -9.84048 4.9879 46.5223
1890996 11.6294 3.97156 20.497 9.90404 -9.91848 4.82593 46.002
1890998 11.9 4.10107 20.1332 9.5742 -10.0408 4.49796 45.7084
1891009 11.9 4.10107 20.1332 9.5742 -10.0408 4.49796 45.7084
1891019 12.0861 4.23057 19.6177 9.26219 -10.0732 4.16954 45.1966
1891028 12.4244 4.27374 19.0922 9.01259 -10.1725 3.81893 44.8029
1891044 12.4244 4.27374 19.0922 9.01259 -10.1725 3.81893 44.8029
1891050 12.7035 4.36008 18.7182 8.78081 -10.2557 3.51262 44.5626
1891059 12.7035 4.36008 18.7182 8.78081 -10.2557 3.51262 44.5626
1891070 12.9065 4.45505 18.5767 8.70058 -10.2644 3.332 44.6388
1891079 13.1264 4.55003 18.5666 8.70058 -10.2586 3.20094 44.9436
1891089 13.1264 4.55003 18.5666 8.70058 -10.2586 3.20094 44.9436
1891099 13.4478 4.63636 18.4857 8.60252 -10.3463 2.98992 45.1724
1891119 13.803 4.70543 18.4049 8.45097 -10.4992 2.76013 45.3643
1891122 13.803 4.70543 18.4049 8.45097 -10.4992 2.76013 45.3643
1891129 14.2174 4.88674 18.0006 8.29051 -10.4861 2.37479 45.3953
1891150 14.9279 6.57897 17.566 8.28159 -9.30921 1.37498 47.3544
1891160 15.6975 8.32301 16.6731 8.07656 -8.18688 0.224251 48.7702
1891170 15.6975 8.32301 16.6731 8.07656 -8.18688 0.224251 48.7702
1891181 16.3488 10.9304 15.244 7.74672 -6.42312 -1.27964 50.2699
1891190 16.3488 10.9304 13.5066 7.74672 -5.7581 -1.86242 48.5325
1891204 16.8308 12.6227 13.5066 7.21185 -5.23347 -2.61154 50.1719
1891210 17.1732 13.676 11.5731 6.58783 -4.32689 -3.88336 49.0101
1891220 17.1732 13.676 11.5731 6.58783 -4.32689 -3.88336 49.0101
1891235 17.2886 14.6084 9.63022 5.92816 -3.36223 -5.16443 47.4554
1891241 17.3945 15.3768 7.91154 5.42895 -2.43984 -6.32077 46.1118
1891251 17.3945 15.3768 7.91154 5.42895 -2.43984 -6.32077 46.1118
1891264 17.481 16.0157 6.70659 5.43786 -1.49757 -7.01745 45.6412
1891273 17.4426 16.2748 6.09945 6.16885 -0.597139 -6.99643 45.9856
1891282 17.4426 16.2748 6.09945 6.16885 -0.597139 -6.99643 45.9856
1891292 17.1539 16.5079 5.86593 7.65758 0.60696 -6.40187 47.1853
1891311 17.1539 16.5079 5.86593 7.65758 0.60696 -6.40187 47.1853
1891313 16.6701 16.7928 6.07143 9.7614 1.93354 -5.36459 49.2958
1891323 15.892 17 6.36099 11.8474 3.22618 -4.31023 51.1004
1891333 15.892 17 6.36099 11.8474 3.22618 -4.31023 51.1004
1891343 14.3781 17.0287 6.04341 13.4966 4.958 -3.49388 50.9468
1891353 12.509 17.1244 5.70714 15.3152 7.01967 -2.54987 50.6556
1891365 12.509 17.1244 5.70714 15.3152 7.01967 -2.54987 50.6556
1891374 10.3015 17.1626 5.47363 17.0096 9.20827 -1.49583 49.9474
1891384 10.3015 17.1626 5.47363 17.0096 9.20827 -1.49583 49.9474
1891397 7.90796 16.9655 5.28681 18.8235 11.5315 -0.233684 48.9837
1891413 5.71741 16.6978 5.27747 20.6566 13.6297 1.09171 48.3493
1891420 5.71741 16.6978 5.27747 20.6566 13.6297 1.09171 48.3493
1891425 4.2204 16.6115 5.38956 22.0846 15.053 2.06255 48.306
1891440 3.4592 16.5079 5.52033 22.9432 15.7295 2.63155 48.4306
1891444 3.4592 16.5079 5.52033 22.9432 15.7295 2.63155 48.4306
1891463 3.10398 16.4302 5.6511 23.0204 15.919 2.84325 48.2057
1891473 3.10398 16.4302 5.6511 23.0204 15.919 2.84325 48.2057
1891482 2.89254 16.292 5.47363 22.6056 16.1495 2.82287 47.2638
1891490 2.83333 16.1625 5.31484 22.0749 16.2169 2.71438 46.3856
1891509 2.79104 15.9985 5.18407 21.6504 16.26 2.64497 45.624
1891518 2.80796 16.0416 5.10934 21.66 16.3224 2.60411 45.619
1891527 2.80796 16.0416 5.10934 21.66 16.3224 2.60411 45.619
1891548 2.85025 16.1712 5.1 21.7855 16.3409 2.56957 45.9069
1891552 2.85025 16.1712 5.1 21.7855 16.3409 2.56957 45.9069
1891556 2.85871 16.2057 5.20275 21.8337 16.2567 2.5939 46.1009
1891571 2.86716 16.3093 5.19341 21.8434 16.2789 2.55132 46.2132
1891578 2.86716 16.3093 5.19341 21.8434 16.2789 2.55132 46.2132
1891592 2.92637 16.4129 5.23077 21.853 16.2143 2.50237 46.423
1891598 2.97711 16.5424 5.24011 21.9109 16.1966 2.45277 46.6705
1891608 2.97711 16.5424 5.24011 21.9109 16.1966 2.45277 46.6705
1891618 3.04478 16.5165 5.31484 21.8337 16.0516 2.43651 46.7098
1891628 3.04478 16.5165 5.31484 21.8337 16.0516 2.43651 46.7098
1891643 3.03632 16.5338 5.33352 21.5829 15.9976 2.37046 46.4865
1891650 3.08706 16.4992 5.1467 21.0715 16.0121 2.17181 45.8045
1891661 3.08706 16.4992 5.1467 21.0715 16.0121 2.17181 45.8045
1891669 3.13781 16.4302 5.11868 20.6759 15.8994 2.05896 45.3626
1891681 3.17164 16.3525 5.04396 20.4251 15.8702 1.98195 44.9931
1891690 3.17164 16.3525 5.04396 20.4251 15.8702 1.98195 44.9931
1891703 3.20547 16.4474 5.12802 20.3768 15.7729 1.94384 45.1578
1891710 3.29005 16.4388 5.37088 20.6277 15.5298 2.05666 45.7274
1891720 3.29005 16.4388 5.37088 20.6277 15.5298 2.05666 45.7274
1891731 3.91592 16.6892 5.49231 20.7628 14.9614 1.80856 46.8602
1891757 4.30498 16.7755 5.62308 20.5795 14.5015 1.62491 47.283
1891762 4.86318 16.8878 5.84725 20.2514 13.8082 1.36293 47.8496
1891771 4.86318 16.8878 5.84725 20.2514 13.8082 1.36293 47.8496
1891784 5.50597 17.0096 6.02473 19.6918 13.0467 0.995504 48.2321
1891794 6.15721 16.9568 6.19286 19.0454 12.2291 0.658981 48.3523
1891819 7.0791 16.905 6.8467 18.4858 10.8812 0.410122 49.3166
1891823 7.0791 16.905 6.8467 18.4858 10.8812 0.410122 49.3166
1891841 8.00945 16.9309 8.37857 17.8201 8.977 0.369076 51.139
1891844 8.86368 17.0096 10.3962 16.8306 6.86457 0.382352 53.1
1891871 9.12587 16.8532 11.3022 15.0031 5.46449 0.0935984 52.2844
1891884 9.33731 16.3697 11.2835 12.5962 4.20733 -0.552759 49.5868
1891898 9.64179 15.9812 11.1247 10.3587 2.95786 -1.31816 47.1064
1891907 9.64179 15.9812 11.1247 10.3587 2.95786 -1.31816 47.1064
1891914 9.88706 15.4459 11.5077 8.91453 1.62041 -1.6099 45.7552
1891929 10.1831 15.2991 12.2456 8.35291 0.663704 -1.58972 46.0807
1891934 10.1831 15.2991 12.2456 8.35291 0.663704 -1.58972 46.0807
1891953 10.4791 15.2214 13.1703 8.17462 -0.134648 -1.38874 47.0455
1891956 10.7159 14.9624 14.2165 8.41531 -0.804529 -0.945934 48.3101
1891969 10.7159 14.9624 14.2165 8.41531 -0.804529 -0.945934 48.3101
1891977 10.8174 14.4962 15.2907 8.77189 -1.43793 -0.380057 49.3762
1891985 10.8174 14.4962 15.2907 8.77189 -1.43793 -0.380057 49.3762
1892000 10.9274 13.2443 16.3555 8.94127 -2.57604 0.341161 49.4684
1892005 10.8766 11.4485 17.4245 8.88778 -4.09401 1.22967 48.6373
1892023 10.8766 11.4485 17.4245 8.88778 -4.09401 1.22967 48.6373
1892026 10.8343 9.22956 18.698 8.92344 -5.96583 2.37732 47.6853
1892037 10.902 7.05383 20.3454 9.21762 -7.87895 3.66398 47.5189
1892046 10.902 7.05383 20.3454 9.21762 -7.87895 3.66398 47.5189
1892056 11.0458 5.49111 21.6593 9.53854 -9.25712 4.60702 47.7348
1892068 11.0458 5.49111 21.6593 9.53854 -9.25712 4.60702 47.7348
1892082 11.2403 4.48959 22.67 9.82381 -10.1594 5.21443 48.2237
1892091 11.4095 4.01473 23.1956 10.0378 -10.5598 5.49016 48.6575
1892101 11.4095 4.01473 23.1956 10.0378 -10.5598 5.49016 48.6575
1892114 11.5871 3.85932 23.3876 10.118 -10.7235 5.53376 48.952
1892119 11.6547 3.76435 23.2057 10.0823 -10.7858 5.50298 48.7071
1892139 11.6294 3.76435 22.8115 9.90404 -10.7944 5.40079 48.1093
1892149 11.5025 3.76435 22.3365 9.72575 -10.7486 5.32297 47.3291
1892159 11.5025 3.76435 22.3365 9.72575 -10.7486 5.32297 47.3291
1892169 11.2826 3.68664 21.72 9.44048 -10.7715 5.2649 46.1297
1892183 11.2826 3.68664 21.72 9.44048 -10.7715 5.2649 46.1297
1892219 11.1896 3.6003 21.1338 9.1463 -10.8591 5.15539 45.0699
1892226 11.2488 3.66938 20.8407 9.05716 -10.8013 5.01374 44.816
1892230 11.2488 3.66938 20.8407 9.05716 -10.8013 5.01374 44.816
1892255 11.6124 3.74708 20.6486 8.86995 -10.943 4.73251 44.8781
1892259 11.9761 3.87659 20.5476 8.77189 -10.9997 4.47181 45.1722
1892276 12.4413 3.95429 20.2848 8.64709 -11.0996 4.14857 45.3275
1892283 12.8811 4.20467 20.305 8.61143 -11.0701 3.85764 46.0022
1892292 12.8811 4.20467 20.305 8.61143 -11.0701 3.85764 46.0022
1892306 13.3378 4.29964 20.2241 8.50446 -11.1924 3.58812 46.3661
1892313 13.7861 4.42052 19.9512 8.30834 -11.3031 3.24526 46.4662
1892324 13.7861 4.42052 19.9512 8.30834 -11.3031 3.24526 46.4662
1892333 14.3104 4.63636 19.5268 8.03199 -11.3797 2.77771 46.5056
1892359 14.8602 4.98172 18.981 7.69324 -11.3757 2.2032 46.5161
1892368 15.4861 5.83647 18.3543 7.47929 -10.8812 1.43494 47.1562
1892373 15.4861 5.83647 18.3543 7.47929 -10.8812 1.43494 47.1562
1892383 16.1796 6.92433 17.4952 7.15836 -10.2561 0.486733 47.7575
1892393 16.7378 7.81361 16.3181 6.88201 -9.61242 -0.424471 47.7516
1892408 16.7378 7.81361 16.3181 6.88201 -9.61242 -0.424471 47.7516
1892415 17.4329 8.7806 14.8984 6.48086 -8.96661 -1.52365 47.5928
1892424 17.4329 8.7806 14.8984 6.48086 -8.96661 -1.52365 47.5928
1892438 18.1737 9.92026 12.9555 5.72313 -8.2772 -3.01952 46.7726
1892444 19.0396 11.2153 10.7885 4.80493 -7.52907 -4.79676 45.8483
1892454 19.0396 11.2153 10.7885 4.80493 -7.52907 -4.79676 45.8483
1892464 19.9151 12.3291 8.85495 4.11851 -6.81285 -6.39266 45.2177
1892474 20.6271 13.2357 7.59396 3.84216 -6.14983 -7.42622 45.2988
1892489 20.6271 13.2357 7.59396 3.84216 -6.14983 -7.42622 45.2988
1892495 21.262 13.9436 6.80934 3.98479 -5.5125 -7.96032 45.9998
1892506 21.262 13.9436 6.80934 3.98479 -5.5125 -7.96032 45.9998
1892515 21.4737 14.6343 6.47308 4.76927 -4.51061 -7.87713 47.3504
1892527 21.4256 15.1351 6.32363 6.09754 -3.32602 -7.39239 48.9818
1892535 21.4256 15.1351 6.32363 6.09754 -3.32602 -7.39239 48.9818
1892551 20.858 15.4545 6.51978 8.344 -1.74846 -6.28672 51.1763
1892556 19.7131 15.679 6.90275 10.9381 0.000622869 -4.94559 53.233
1892577 17.6254 15.515 6.96813 13.4609 2.04521 -3.55929 53.5694
1892598 17.6254 15.515 6.96813 13.4609 2.04521 -3.55929 53.5694
1892599 14.8517 15.1006 6.78132 15.8233 4.41939 -2.09707 52.5569
1892607 11.8662 14.6171 6.53846 18.1964 7.03306 -0.512047 51.2181
1892622 11.8662 14.6171 6.53846 18.1964 7.03306 -0.512047 51.2181
1892630 8.57612 14.0645 6.2489 20.2418 9.91285 1.17544 49.1313
1892645 5.81045 13.5637 6.21154 22.0846 12.3905 2.80738 47.6703
1892658 3.82289 13.1666 6.39835 23.6283 14.1301 4.15937 47.0161
1892668 3.82289 13.1666 6.39835 23.6283 14.1301 4.15937 47.0161
1892678 2.91791 12.9766 6.7533 25.1623 14.8858 5.02646 47.8102
1892690 2.41045 12.8212 7.08956 26.4648 15.2636 5.63359 48.786
1892706 2.41045 12.8212 7.08956 26.4648 15.2636 5.63359 48.786
1892715 2.199 12.7522 7.38846 27.4682 15.3755 5.99469 49.8078
1892721 2.17363 12.6831 7.44451 27.8348 15.408 6.11016 50.1361
1892742 2.15672 12.6831 7.31374 27.6419 15.4906 6.05954 49.7954
1892751 2.15672 12.6831 7.31374 27.6419 15.4906 6.05954 49.7954
1892762 2.15672 12.7867 7.1456 27.3235 15.5871 5.92735 49.4125
1892769 2.23284 12.9335 7.04286 26.7736 15.5317 5.71123 48.9827
1892787 2.23284 12.9335 7.04286 26.7736 15.5317 5.71123 48.9827
1892790 2.24129 13.0112 6.8 26.1754 15.6265 5.51224 48.2278
1892800 2.20746 13.0025 6.65989 25.5193 15.6441 5.37122 47.3892
1892815 2.20746 13.0025 6.65989 25.5193 15.6441 5.37122 47.3892
1892820 2.21592 12.9594 6.35165 24.7764 15.7484 5.1679 46.3033
1892837 2.199 12.9594 6.12747 24.101 15.8272 4.98055 45.3869
1892843 2.199 13.0457 6.12747 24.101 15.8446 4.94262 45.4732
1892851 2.3005 13.2184 5.93132 23.4546 15.8341 4.63214 44.9048
1892863 2.3005 13.2184 5.93132 23.4546 15.8341 4.63214 44.9048
1892872 2.33433 13.4083 5.80989 22.924 15.8444 4.38137 44.4765
1892888 2.41045 13.7019 5.74451 22.4801 15.8034 4.09782 44.337
1892892 2.41045 13.7019 5.74451 22.4801 15.8034 4.09782 44.337
1892902 2.44428 13.935 5.6511 22.3065 15.8706 3.91716 44.3368
1892916 2.50348 14.0386 5.66978 22.2486 15.8084 3.83811 44.4604
1892923 2.50348 14.0386 5.66978 22.2486 15.8084 3.83811 44.4604
1892939 2.53731 14.289 5.71648 22.4319 15.8239 3.77615 44.9747
1892952 2.53731 14.289 5.71648 22.4319 15.8239 3.77615 44.9747
1892955 2.66418 14.5135 5.81923 22.7213 15.7221 3.72814 45.7182
1892965 2.69801 14.8674 5.87527 22.9722 15.7641 3.64619 46.4129
1892989 2.69801 14.8674 5.87527 22.9722 15.7641 3.64619 46.4129
1892991 2.7995 15.2732 5.95934 23.3099 15.7494 3.54753 47.342
1892993 2.85871 15.4718 6.04341 23.4932 15.7012 3.51162 47.8671
1893013 2.85871 15.4718 6.04341 23.4932 15.7012 3.51162 47.8671
1893017 2.95174 15.6445 6.06209 23.5318 15.6476 3.4232 48.1901
1893024 2.95174 15.6445 6.06209 23.5318 15.6476 3.4232 48.1901
1893037 2.94328 15.8517 5.97802 23.4932 15.7582 3.31792 48.2662
1893044 2.99403 15.9208 5.97802 23.3002 15.6916 3.22561 48.1931
1893060 2.99403 15.9208 5.97802 23.3002 15.6916 3.22561 48.1931
1893065 3.06169 15.9726 5.93132 23.1073 15.6465 3.12161 48.0729
1893075 3.37463 16.0762 6.06209 22.8468 15.2432 2.93366 48.3597
1893102 3.90746 16.2575 6.12747 22.4512 14.7064 2.58917 48.7436
1893105 3.90746 16.2575 6.12747 22.4512 14.7064 2.58917 48.7436
1893115 4.60945 16.4474 6.30494 21.9977 13.944 2.20194 49.3596
1893130 5.43831 16.6028 6.40769 21.1294 13.0532 1.66281 49.5782
1893139 5.43831 16.6028 6.40769 21.1294 13.0532 1.66281 49.5782
1893147 6.66468 16.8791 6.64121 19.9041 11.7178 0.898848 50.0891
1893164 7.99254 17.2105 7.63132 18.6498 9.82654 0.314121 51.4841
1893166 7.99254 17.2105 7.63132 18.6498 9.82654 0.314121 51.4841
1893177 9.19353 17.5262 9.18187 17.4438 7.77695 -0.0264367 53.3454
1893188 9.19353 17.5262 9.18187 17.4438 7.77695 -0.0264367 53.3454
1893197 9.39652 17.4114 9.48077 15.3241 6.71256 -0.582138 51.6127
1893212 9.55721 16.9914 9.19121 12.6854 5.64186 -1.44718 48.4252
1893218 9.55721 16.9914 9.19121 12.6854 5.64186 -1.44718 48.4252
1893228 10.1577 16.7151 8.92967 10.4122 4.3492 -2.44434 46.2146
1893238 10.8343 16.2575 8.76154 8.45097 2.88493 -3.34481 44.3043
1893248 10.8343 16.2575 8.76154 8.45097 2.88493 -3.34481 44.3043
1893261 11.4348 15.7395 9.02308 7.19402 1.42631 -3.7878 43.3914
1893288 12.2214 15.0056 9.53681 6.41846 -0.193457 -3.9154 43.1822
1893291 12.8134 13.84 10.3681 6.28474 -1.76464 -3.4639 43.3063
1893300 12.8134 13.84 10.3681 6.28474 -1.76464 -3.4639 43.3063
1893318 13.4478 12.6399 11.6758 6.36497 -3.46641 -2.73527 44.1285
1893322 14.2512 11.5693 13.3571 6.8107 -5.01668 -1.84375 45.9884
1893329 14.2512 11.5693 13.3571 6.8107 -5.01668 -1.84375 45.9884
1893348 15.0547 10.7664 14.917 7.22968 -6.24153 -1.14902 47.9678
1893349 15.0547 10.7664 14.917 7.22968 -6.24153 -1.14902 47.9678
1893366 15.7736 10.0411 16.15 7.51495 -7.25931 -0.651729 49.4797
1893369 16.4164 9.33316 16.9253 7.66649 -8.11561 -0.34499 50.3414
1893391 16.4164 9.33316 16.9253 7.66649 -8.11561 -0.34499 50.3414
1893397 16.8647 8.77197 17.3133 7.62192 -8.7915 -0.208041 50.5719
1893405 17.0481 8.10716 17.192 7.46146 -9.3716 -0.151109 49.8088
1893416 17.0481 8.10716 17.192 7.46146 -9.3716 -0.151109 49.8088
1893420 17.2117 7.61503 16.944 7.27425 -9.82076 -0.1861 49.0449
1893446 17.3367 7.21788 16.4209 7.02465 -10.1641 -0.346587 48.0001
1893452 17.3945 6.97613 15.767 6.69481 -10.4044 -0.611352 46.8324
1893468 17.3945 6.97613 15.767 6.69481 -10.4044 -0.611352 46.8324
1893471 17.4329 6.88116 15.328 6.48977 -10.5079 -0.811682 46.1319
1893481 17.4907 6.88979 15.2159 6.45412 -10.5117 -0.882858 46.0505
1893492 17.4907 6.88979 15.2159 6.45412 -10.5117 -0.882858 46.0505
1893501 17.4233 6.88116 15.0665 6.41846 -10.4774 -0.92364 45.7894
1893519 17.4233 6.88116 15.0665 6.41846 -10.4774 -0.92364 45.7894
1893521 17.3367 6.88979 14.917 6.31148 -10.4788 -0.989331 45.455
1893531 17.2982 6.85526 14.9264 6.32931 -10.4825 -0.957233 45.4092
1893547 17.2982 6.85526 14.9264 6.32931 -10.4825 -0.957233 45.4092
1893553 17 6.89843 14.9264 6.45412 -10.2552 -0.834142 45.2789
1893571 16.6025 6.82936 15.0571 6.65915 -10.0619 -0.569974 45.1481
1893573 16.6025 6.82936 15.0571 6.65915 -10.0619 -0.569974 45.1481
1893583 15.9766 6.58761 15.6923 7.09596 -9.9142 0.0741005 45.3525
1893596 15.9766 6.58761 15.6923 7.09596 -9.9142 0.0741005 45.3525
1893603 15.7652 6.63941 16.2808 7.54169 -9.66147 0.460079 46.227
1893613 15.706 6.69985 16.6264 7.66649 -9.61805 0.606136 46.6987
1893628 15.706 6.69985 16.6264 7.66649 -9.61805 0.606136 46.6987
1893634 15.5706 6.63941 16.6451 7.73781 -9.57146 0.699508 46.5929
1893650 15.4353 6.49264 16.4209 7.50603 -9.7359 0.653896 45.8549
1893654 15.4353 6.49264 16.4209 7.50603 -9.7359 0.653896 45.8549
1893675 15.5876 6.55307 16.0846 7.28317 -9.79815 0.404479 45.5084
1893692 15.892 6.66531 15.8418 7.11379 -9.86242 0.131237 45.5129
1893704 16.1796 6.77755 15.7484 7.14053 -9.82084 -0.0223348 45.846
1893709 16.1796 6.77755 15.7484 7.14053 -9.82084 -0.0223348 45.846
1893719 16.4502 6.93296 15.6736 7.12271 -9.7815 -0.19063 46.1795
1893729 16.5856 7.0193 15.4868 6.9979 -9.79353 -0.364557 46.0896
1893735 16.5856 7.0193 15.4868 6.9979 -9.79353 -0.364557 46.0896
1893745 17.1058 7.43372 14.9544 6.72155 -9.68558 -0.92943 46.2155
1893755 17.1058 7.43372 14.9544 6.72155 -9.68558 -0.92943 46.2155
1893765 17.914 8.8065 14.4687 6.47195 -8.97179 -1.81905 47.6611
1893780 18.6067 9.54901 13.8896 6.3828 -8.55105 -2.44177 48.4281
1893806 19.0396 10.2397 13.0956 6.258 -8.03854 -3.06142 48.6329
1893808 19.3571 10.9909 12.0121 5.99056 -7.43929 -3.82993 48.3506
1893817 19.3571 10.9909 12.0121 5.99056 -7.43929 -3.82993 48.3506
1893833 19.9632 11.906 10.4429 5.47352 -6.81508 -5.00764 47.7856
1893837 19.9632 11.906 10.4429 5.47352 -6.81508 -5.00764 47.7856
1893847 20.4443 13.1666 8.68681 4.77819 -5.94058 -6.41917 47.0758
1893862 20.9349 14.4789 7.00549 4.25223 -4.93301 -7.76365 46.6716
1893868 20.9349 14.4789 7.00549 4.25223 -4.93301 -7.76365 46.6716
1893878 21.2524 15.4632 5.63242 4.05611 -3.96815 -8.73642 46.4041
1893888 21.3871 16.1107 4.68901 4.62664 -2.85108 -9.03015 46.8135
1893898 21.3871 16.1107 4.68901 4.62664 -2.85108 -9.03015 46.8135
1893915 21.1562 16.6374 4.41813 6.23125 -1.39633 -8.40499 48.443
1893918 21.1562 16.6374 4.41813 6.23125 -1.39633 -8.40499 48.443
1893928 20.5405 17.2487 4.7544 8.5936 0.267649 -7.1693 51.1372
1893943 19.2994 17.6792 5.16538 10.8044 1.89754 -5.95169 52.9484
1893949 19.2994 17.6792 5.16538 10.8044 1.89754 -5.95169 52.9484
1893959 17.5388 17.6505 5.56703 12.6586 3.37142 -4.76373 53.415
1893971 15.0547 17.22 5.62308 14.3167 5.1992 -3.54354 52.2146
1893996 12.2975 16.6892 5.6044 16.0194 7.31404 -2.18223 50.6105
1894001 12.2975 16.6892 5.6044 16.0194 7.31404 -2.18223 50.6105
1894022 9.43881 16.0416 5.85659 17.7911 9.43318 -0.559569 49.1282
1894027 6.81692 15.5236 6.05275 19.5857 11.5882 1.03105 47.979
1894036 6.81692 15.5236 6.05275 19.5857 11.5882 1.03105 47.979
1894049 4.95622 15.3768 6.30494 21.004 13.1815 2.19634 47.642
1894055 3.90746 15.3941 6.47308 21.6311 14.0514 2.7853 47.4057
1894065 3.90746 15.3941 6.47308 21.6311 14.0514 2.7853 47.4057
1894077 3.4592 15.5495 6.49176 21.6986 14.4585 2.91796 47.1991
1894083 3.4592 15.5495 6.42637 21.6986 14.5133 2.9012 47.1337
1894093 3.4 15.679 6.42637 21.2934 14.5015 2.76955 46.7988
1894106 3.58607 15.8949 6.33297 20.7821 14.3563 2.45754 46.596
1894119 3.58607 15.8949 6.33297 20.7821 14.3563 2.45754 46.596
1894123 3.62836 15.9121 6.22088 20.5023 14.3553 2.32882 46.2636
1894134 3.6199 15.7049 6.16483 20.0874 14.2657 2.2799 45.5771
1894146 3.6199 15.7049 6.16483 20.0874 14.2657 2.2799 45.5771
1894161 3.6199 15.6186 6.08077 19.7883 14.2472 2.20493 45.1076
1894164 3.6199 15.6186 6.08077 19.7883 14.2472 2.20493 45.1076
1894173 3.60299 15.6531 5.94066 19.5664 14.3398 2.09467 44.7632
1894189 3.58607 15.7308 5.89396 19.5568 14.412 2.05522 44.7676
1894217 3.62836 15.8431 5.88462 19.6436 14.4299 2.01894 44.9996
1894219 3.5607 16.0503 5.93132 19.8173 14.5369 2.02965 45.3596
1894244 3.6199 16.0848 5.98736 20.0488 14.4982 2.0763 45.7409
1894246 3.56915 16.0244 6.02473 20.1839 14.5268 2.16641 45.8021
1894254 3.56915 16.0244 6.02473 20.1839 14.5268 2.16641 45.8021
1894273 3.54378 15.9898 6.05275 20.3961 14.565 2.25583 45.9825
1894279 3.54378 15.9898 6.05275 20.3961 14.565 2.25583 45.9825
1894285 3.51841 15.8085 6.10879 20.6084 14.5457 2.40755 46.0441
1894300 3.52687 15.7308 6.21154 20.9075 14.5008 2.54266 46.3767
1894309 3.52687 15.7308 6.21154 20.9075 14.5008 2.54266 46.3767
1894315 3.42537 15.679 6.35165 21.332 14.5518 2.75046 46.7881
1894329 3.42537 15.679 6.4544 21.332 14.4651 2.77731 46.8908
1894337 3.40846 15.515 6.4544 21.7372 14.5332 2.95071 47.1151
1894345 3.3408 15.3078 6.62253 22.2968 14.5273 3.23877 47.5679
1894356 3.3408 15.3078 6.62253 22.2968 14.5273 3.23877 47.5679
1894365 3.15473 15.0574 6.67857 22.6152 14.6504 3.49904 47.5059
1894382 3.07015 14.6861 6.80934 22.8178 14.575 3.75792 47.3834
1894387 3.07015 14.6861 6.80934 22.8178 14.575 3.75792 47.3834
1894396 2.96866 14.3149 6.82802 23.0494 14.6136 4.0056 47.1609
1894411 3.13781 14.0645 7.10824 23.4835 14.281 4.20224 47.7941
1894416 3.13781 14.0645 7.10824 23.4835 14.281 4.20224 47.7941
1894438 3.44229 14.0559 7.56593 24.1589 13.818 4.33538 49.223
1894453 3.85672 14.0127 7.93956 24.5352 13.2844 4.35165 50.3442
1894467 4.50796 13.9695 8.1544 24.3422 12.5796 4.12537 50.9741
1894469 4.50796 13.9695 8.1544 24.3422 12.5796 4.12537 50.9741
1894478 5.33682 13.9177 8.4533 24.13 11.6988 3.85685 51.8378
1894494 3.83134 13.9177 9.02308 24.13 12.3734 4.5393 50.9021
1894498 5.99652 13.9264 9.02308 23.7923 10.7602 3.66693 52.7382
1894508 6.37711 13.7364 9.83571 23.3002 9.77654 3.66832 53.2495
1894523 6.37711 13.7364 9.83571 23.3002 9.77654 3.66832 53.2495
1894533 6.40249 13.6242 10.4055 22.0749 8.99455 3.55773 52.5071
1894539 6.3602 13.417 10.0505 19.7497 8.44938 3.03256 49.5774
1894559 6.5209 13.5033 9.20989 16.4919 7.79885 1.86248 45.726
1894569 6.86766 13.5033 8.62143 16.4919 7.97313 1.56395 45.4843
1894584 6.86766 13.7364 8.62143 13.354 6.81155 0.483089 42.5795
1894589 7.38358 14.2458 8.57473 10.5102 5.40211 -0.937425 40.7143
1894599 7.38358 14.2458 8.57473 10.5102 5.40211 -0.937425 40.7143
1894614 8.07711 14.9365 9.54615 8.78972 3.68987 -1.69691 41.3495
1894620 8.96517 15.8172 11.4797 8.47771 2.15135 -1.61768 44.7397
1894640 8.96517 15.8172 11.4797 8.47771 2.15135 -1.61768 44.7397
1894641 9.79403 16.4043 13.6841 9.03041 1.00004 -1.06838 48.9128
1894650 10.4368 16.0848 15.683 9.96644 -0.0328377 -0.250778 52.171
1894678 10.7075 14.9624 17.0404 10.4033 -1.12129 0.500945 53.1136
1894695 10.7075 14.9624 17.0404 10.4033 -1.12129 0.500945 53.1136
1894697 10.6652 13.1061 18.2229 10.4478 -2.54288 1.40139 52.4421
1894701 10.6144 10.8959 19.3954 10.5459 -4.16315 2.45792 51.4516
1894711 10.6144 10.8959 19.3954 10.5459 -4.16315 2.45792 51.4516
1894724 10.5383 8.62519 20.5476 10.7331 -5.81217 3.60314 50.4441
1894731 10.4876 6.89843 21.6189 11.0094 -7.09727 4.5714 50.0143
1894758 10.4537 5.63789 22.3668 11.2501 -8.01297 5.28843 49.7086
1894764 10.4537 5.63789 22.3668 11.2501 -8.01297 5.28843 49.7086
1894782 10.403 5.03352 22.4376 11.4106 -8.31721 5.60367 49.2847
1894785 10.4706 4.75724 22.195 11.2947 -8.52552 5.62276 48.7176
1894793 10.4706 4.75724 22.195 11.2947 -8.52552 5.62276 48.7176
1894812 10.4284 4.59319 21.6189 11.0005 -8.63413 5.54078 47.641
1894813 10.2592 4.52412 21.154 10.7242 -8.66072 5.49538 46.6615
1894823 10.2592 4.52412 21.154 10.7242 -8.66072 5.49538 46.6615
1894839 10.1493 4.39462 20.6284 10.5013 -8.69307 5.44708 45.6736
1894848 10.1493 4.39462 20.6284 10.5013 -8.69307 5.44708 45.6736
1894854 9.92935 4.36872 20.396 10.3498 -8.66203 5.47722 45.0438
1894868 9.89552 4.33418 20.022 10.216 -8.63957 5.39998 44.4677
1894874 9.89552 4.33418 20.022 10.216 -8.63957 5.39998 44.4677
1894884 9.83632 4.34281 19.6177 10.0199 -8.61046 5.29199 43.8168
1894897 9.91244 4.35145 19.7188 10.0467 -8.64941 5.28111 44.0293
1894904 9.91244 4.35145 19.7188 10.0467 -8.64941 5.28111 44.0293
1894914 10.0816 4.41188 20.0725 10.1626 -8.7079 5.27905 44.7286
1894927 10.0816 4.41188 20.0725 10.1626 -8.7079 5.27905 44.7286
1894934 10.1408 4.47232 20.4162 10.3676 -8.65536 5.34309 45.3969
1894958 10.2677 4.46369 20.7295 10.5102 -8.71376 5.38655 45.9711
1894966 10.4453 4.55003 20.679 10.43 -8.75419 5.24257 46.1042
1894988 10.5891 4.56729 20.6486 10.4924 -8.73592 5.17891 46.2974
1894990 10.5891 4.56729 20.6486 10.4924 -8.73592 5.17891 46.2974
1894995 10.7498 4.68817 20.7699 10.5191 -8.72749 5.08843 46.727
1895017 10.809 4.75724 20.7497 10.5548 -8.66566 5.03672 46.8707
1895027 10.902 4.75724 20.7699 10.4478 -8.78195 4.97851 46.877
1895044 10.902 4.75724 20.7699 10.4478 -8.78195 4.97851 46.877
1895047 11.105 4.92991 20.5779 10.3854 -8.70646 4.76457 46.9982
1895056 11.3249 4.98172 20.3151 10.2071 -8.78259 4.55349 46.8288
1895072 11.3249 4.98172 20.3151 10.2071 -8.78259 4.55349 46.8288
1895076 11.6547 5.10259 19.7592 10.0288 -8.7455 4.19937 46.5454
1895086 11.6547 5.10259 19.7592 10.0288 -8.7455 4.19937 46.5454
1895103 12.4244 6.78619 18.981 9.77032 -7.73993 2.98385 47.9619
1895108 13.3716 8.46115 17.849 9.43157 -6.78426 1.66384 49.1133
1895118 13.3716 8.46115 17.849 9.43157 -6.78426 1.66384 49.1133
1895133 14.3104 9.71305 16.4115 8.86104 -6.16068 0.380074 49.2961
1895138 15.0886 10.5851 14.5621 8.21028 -5.60175 -0.898298 48.446
1895167 15.8498 11.3966 12.4044 7.56843 -4.91805 -2.31057 47.2192
1895176 15.8498 11.3966 12.4044 7.56843 -4.91805 -2.31057 47.2192
1895196 16.704 12.873 10.3775 7.99633 -3.23878 -3.50459 47.9508
1895197 17.8755 14.4703 8.64011 8.81647 -1.62083 -4.48449 49.8024
1895201 17.8755 14.4703 8.64011 8.81647 -1.62083 -4.48449 49.8024
1895209 18.5971 15.0747 7.29505 8.80755 -1.00951 -5.29463 49.7743
1895226 18.5105 15.6704 6.49176 9.52071 0.094074 -5.42952 50.1933
1895229 18.5105 15.6704 6.49176 9.52071 0.094074 -5.42952 50.1933
1895257 17.6542 16.5597 5.9033 10.7063 1.82421 -5.1957 50.8235
1895262 17.6542 16.5597 5.9033 10.7063 1.82421 -5.1957 50.8235
1895267 15.799 17.1435 5.6511 12.3377 3.94212 -4.40408 50.9313
1895287 13.1771 16.6374 5.29615 14.1563 6.25185 -3.15488 49.2669
1895288 13.1771 16.6374 5.29615 14.1563 6.25185 -3.15488 49.2669
1895294 10.4114 16.2489 5.02527 16.1799 8.87488 -1.70953 47.8654
1895303 7.74726 15.7567 5.22143 18.7656 11.3462 0.152569 47.491
1895320 7.74726 15.7567 5.22143 18.7656 11.3462 0.152569 47.491
1895322 5.47214 15.2905 5.63242 21.4864 13.4041 1.99122 47.8814
1895333 3.99204 15.2905 5.92198 21.4864 14.3833 2.61051 46.6909
1895349 3.99204 15.1696 5.92198 23.1169 14.7159 3.07379 48.2006
1895353 3.47612 15.2473 6.16483 23.8598 15.1115 3.47743 48.7481
1895363 3.47612 15.2473 6.16483 23.8598 15.1115 3.47743 48.7481
1895382 3.10398 15.1869 6.09945 23.7633 15.4437 3.60468 48.1537
1895383 2.79104 14.9192 5.94066 23.4064 15.7223 3.70933 47.0573
1895394 2.79104 14.9192 5.94066 23.4064 15.7223 3.70933 47.0573
1895414 2.72338 14.7897 5.89396 23.3292 15.7809 3.75832 46.7363
1895416 2.68955 14.7552 5.94066 23.4546 15.7876 3.82702 46.84
1895424 2.68955 14.7552 5.94066 23.4546 15.7876 3.82702 46.84
1895443 2.71493 14.7034 5.96868 23.4353 15.7271 3.83973 46.8223
1895444 2.71493 14.7034 5.96868 23.4353 15.7271 3.83973 46.8223
1895459 2.75721 14.6775 5.9967 23.445 15.6628 3.84211 46.8764
1895477 2.82488 14.9106 5.97802 23.5028 15.6781 3.73135 47.2164
1895478 2.82488 14.9106 5.97802 23.5028 15.6781 3.73135 47.2164
1895485 2.9602 15.1006 5.91264 23.3195 15.6193 3.54326 47.2929
1895508 2.901 15.1524 5.80055 23.0783 15.7297 3.45994 46.9322
1895514 2.901 15.1524 5.80055 23.0783 15.7297 3.45994 46.9322
1895523 2.901 15.0747 5.87527 22.9143 15.6167 3.46858 46.7652
1895541 2.901 15.0747 5.87527 22.9143 15.6167 3.46858 46.7652
1895542 2.86716 15.0574 5.83791 22.924 15.6771 3.48195 46.6864
1895550 2.96866 14.9883 5.9033 22.8661 15.5065 3.47097 46.7263
1895573 2.96866 14.9883 5.9033 22.8661 15.5065 3.47097 46.7263
1895574 2.97711 15.0142 5.9033 22.7213 15.4749 3.42157 46.616
1895578 3.00249 14.9797 5.83791 22.5863 15.475 3.37519 46.4063
1895605 3.01095 15.1006 5.77253 22.374 15.506 3.25404 46.258
1895608 3.05323 15.161 5.70714 22.2196 15.507 3.15746 46.141
1895618 3.05323 15.161 5.70714 22.2196 15.507 3.15746 46.141
1895636 3.04478 15.3078 5.6511 22.1039 15.57 3.05885 46.1075
1895639 3.04478 15.3078 5.6511 22.1039 15.57 3.05885 46.1075
1895649 3.15473 15.5841 5.57637 22.0749 15.5895 2.88182 46.3901
1895665 3.20547 15.7913 5.6511 21.9784 15.5026 2.77723 46.6263
1895669 3.20547 15.7913 5.6511 21.9784 15.5026 2.77723 46.6263
1895679 3.27313 16.0244 5.56703 21.9784 15.564 2.64115 46.843
1895695 3.26468 16.128 5.67912 22.1328 15.5266 2.67535 47.2046
1895705 3.26468 16.128 5.67912 22.1328 15.5266 2.67535 47.2046
1895710 3.25622 16.1884 5.6511 22.1039 15.5642 2.64101 47.1996
1895726 3.25622 16.1884 5.6511 22.1039 15.5642 2.64101 47.1996
1895730 3.36617 16.2402 5.6978 21.8434 15.3877 2.52445 47.1476
1895740 3.56915 16.1453 5.81923 21.6022 15.0411 2.45259 47.1358
1895758 3.56915 16.1453 5.81923 21.6022 15.0411 2.45259 47.1358
1895765 4.25423 16.2316 6.08077 21.4574 14.2398 2.20277 48.024
1895771 5.17612 16.3352 6.44506 21.2838 13.1995 1.89404 49.2401
1895791 5.17612 16.3352 6.44506 21.2838 13.1995 1.89404 49.2401
1895792 6.44478 16.4906 6.93077 20.5795 11.7426 1.36033 50.4456
1895801 6.44478 16.4906 6.93077 20.5795 11.7426 1.36033 50.4456
1895822 7.75572 16.8964 7.3511 19.4506 10.32 0.626661 51.4538
1895824 8.64378 17.3635 7.6967 17.9069 9.16955 -0.117328 51.6109
1895833 8.64378 17.3635 7.6967 17.9069 9.16955 -0.117328 51.6109
1895852 8.82139 17.5357 7.6033 15.9748 8.55401 -0.834782 49.9353
1895853 8.81293 17.7079 7.31374 13.9423 8.12295 -1.65294 47.7769
1895863 8.81293 17.7079 7.31374 13.9423 8.12295 -1.65294 47.7769
1895885 8.81293 17.9854 6.94945 11.8741 7.72498 -2.622 45.6219
1895891 8.81293 17.9854 6.94945 11.8741 7.72498 -2.622 45.6219
1895893 9.02438 18.4446 6.74396 9.98427 7.16138 -3.64527 44.1972
1895903 9.35423 19.0281 7.0989 8.5936 6.33502 -4.31874 44.0749
1895919 9.35423 19.0281 7.0989 8.5936 6.33502 -4.31874 44.0749
1895924 9.90398 19.7456 7.79011 7.7913 5.44032 -4.66545 45.231
1895934 10.4706 20.2335 8.48132 7.43471 4.67409 -4.75807 46.6202
1895953 10.4706 20.2335 8.48132 7.43471 4.67409 -4.75807 46.6202
1895954 11.1219 20.4727 9.15385 7.20294 3.85802 -4.76665 47.9514
1895964 11.1219 20.4727 9.15385 7.20294 3.85802 -4.76665 47.9514
1895983 11.6716 20.3579 9.75165 7.30991 3.18007 -4.57353 49.0911
1895984 12.1622 19.8604 10.3681 7.47037 2.40693 -4.26709 49.8611
1896014 12.5682 18.7411 11.022 7.55952 1.35822 -3.8267 49.8908
1896016 12.898 17.1626 11.6852 7.52386 0.0524253 -3.30374 49.2697
1896025 12.898 17.1626 11.6852 7.52386 0.0524253 -3.30374 49.2697
1896048 13.304 15.2128 12.3577 7.44363 -1.55493 -2.70565 48.3181
1896051 13.304 15.2128 12.3577 7.44363 -1.55493 -2.70565 48.3181
1896056 13.6254 13.0025 13.1703 7.54169 -3.30137 -1.87449 47.3399
1896082 13.8876 10.6541 14.2352 7.95176 -5.09154 -0.75589 46.7286
1896083 13.8876 10.6541 14.2352 7.95176 -5.09154 -0.75589 46.7286
1896086 14.209 8.91011 15.3841 8.42423 -6.53067 0.220308 46.9274
1896097 14.3781 7.81361 16.2808 8.92344 -7.34337 0.953402 47.3959
1896114 14.3781 7.81361 16.2808 8.92344 -7.34337 0.953402 47.3959
1896118 14.6488 7.24378 17 9.32459 -7.819 1.37878 48.2171
1896128 14.6488 7.24378 17 9.32459 -7.819 1.37878 48.2171
1896147 14.6995 6.97613 17.2426 9.45831 -8.01403 1.55817 48.3765
1896148 14.4965 6.82936 17.3639 9.52071 -8.04302 1.72951 48.2104
1896158 14.4965 6.82936 17.3639 9.52071 -8.04302 1.72951 48.2104
1896180 13.8876 6.52717 17.5054 9.5742 -8.04915 2.10493 47.4943
1896182 13.1771 6.09548 17.0101 9.2087 -8.17904 2.29039 45.4914
1896218 13.0502 6.00051 16.4489 8.81647 -8.28264 2.1035 44.3161
1896220 13.0502 6.00051 16.4489 8.81647 -8.28264 2.1035 44.3161
1896221 13.101 5.95734 16.3088 8.74515 -8.33515 2.03876 44.1123
1896231 13.2363 6.00051 16.561 8.85212 -8.36769 2.0749 44.6499
1896249 13.2363 6.00051 16.561 8.85212 -8.36769 2.0749 44.6499
1896251 13.194 6.06094 16.8132 9.06607 -8.24219 2.20153 45.1342
1896259 13.0502 5.99187 17.4346 9.48505 -8.16326 2.5709 45.9618
1896280 13.0502 5.99187 17.4346 9.48505 -8.16326 2.5709 45.9618
1896286 12.9488 6.00914 17.7985 9.7614 -8.0489 2.77377 46.5178
1896314 12.9318 5.9487 18.0511 9.94861 -8.04478 2.91781 46.8803
1896316 12.898 5.98324 18.3038 10.1269 -7.97455 3.0276 47.312
1896321 12.898 5.98324 18.3038 10.1269 -7.97455 3.0276 47.312
1896330 12.8557 5.96597 18.5868 10.2874 -7.96148 3.16143 47.6959
1896346 12.6443 5.8451 18.8698 10.4122 -7.98429 3.38883 47.7713
1896350 12.6443 5.8451 18.8698 10.4122 -7.98429 3.38883 47.7713
1896360 12.4413 5.78466 19.3145 10.5905 -7.98898 3.63976 48.1309
1896379 12.4413 5.78466 19.3145 10.5905 -7.98898 3.63976 48.1309
1896385 12.196 5.62925 19.547 10.7331 -7.99321 3.8836 48.1053
1896392 12.0945 5.54292 19.4964 10.7331 -7.99871 3.94596 47.867
1896411 12.0945 5.54292 19.4964 10.7331 -7.99871 3.94596 47.867
1896413 12.1368 6.19045 19.4661 11.1521 -7.28382 3.76672 48.9454
1896421 12.4328 7.45099 19.2235 11.2145 -6.45392 3.14601 50.3218
1896442 12.4328 7.45099 19.2235 11.2145 -6.45392 3.14601 50.3218
1896444 12.3567 8.60792 18.7485 11.5354 -5.34742 2.72767 51.2485
1896453 12.3567 8.60792 18.7485 11.5354 -5.34742 2.72767 51.2485
1896474 11.8577 8.89284 18.1522 11.7137 -4.64443 2.7013 50.6164
1896476 11.5194 9.17776 17.3234 11.4819 -4.1327 2.4569 49.5025
1896483 11.5194 9.17776 17.3234 11.4819 -4.1327 2.4569 49.5025
1896507 11.2657 9.55764 16.1874 11.1253 -3.51611 2.0222 48.136
1896508 10.9612 10.0843 14.9824 10.8668 -2.66155 1.53654 46.8947
1896513 10.9612 10.0843 14.9824 10.8668 -2.66155 1.53654 46.8947
1896523 10.6736 10.5074 13.8615 10.7153 -1.80983 1.11319 45.7578
1896540 10.6736 10.5074 13.8615 10.7153 -1.80983 1.11319 45.7578
1896544 10.1323 10.6714 12.722 10.9203 -0.710194 0.957971 44.446
1896554 9.48109 10.7491 11.5451 11.6691 0.801069 1.03027 43.4444
1896574 9.00746 10.9909 10.3121 12.6586 2.51922 1.03763 42.969
1896605 9.11741 11.483 9.14451 14.2454 4.24325 0.951183 43.9903
1896605 9.11741 11.483 9.14451 14.2454 4.24325 0.951183 43.9903
1896606 9.59104 12.0269 8.26648 15.8946 5.49596 0.833282 45.779
1896640 9.59104 12.0269 8.26648 15.8946 5.49596 0.833282 45.779
1896642 10.4791 12.709 7.77143 18.3507 6.49418 0.892535 49.3103
1896643 10.8428 13.4429 7.93956 20.811 7.29291 1.26279 53.0362
1896652 10.8428 13.4429 7.93956 20.811 7.29291 1.26279 53.0362
1896674 10.6398 13.6328 8.21044 22.6731 7.91193 1.79788 55.1561
1896676 9.75174 13.5637 8.39725 23.7247 8.63111 2.38282 55.4375
1896678 9.75174 13.5637 8.39725 23.7247 8.63111 2.38282 55.4375
1896686 8.33085 12.9766 8.01429 23.8116 9.61876 2.96943 53.1333
1896710 6.72388 12.1651 7.65 23.7151 10.6988 3.72393 50.254
1896723 5.16766 11.3362 7.38846 24.0431 11.9031 4.67119 47.9355
1896746 5.16766 11.3362 7.38846 24.0431 11.9031 4.67119 47.9355
1896749 3.95821 10.7318 7.49121 24.6413 12.7736 5.58784 46.8226
1896752 3.15473 10.5937 7.44451 25.1044 13.5531 6.09122 46.2974
1896784 2.77413 10.6714 7.50989 25.336 13.8921 6.28637 46.2914
1896786 2.68109 10.87 7.6033 25.5289 13.9849 6.2917 46.6833
1896788 2.68109 10.87 7.6033 25.5289 13.9849 6.2917 46.6833
1896798 2.59652 10.9822 7.66868 25.6833 14.0635 6.31993 46.9307
1896817 2.59652 10.9822 7.66868 25.6833 14.0635 6.31993 46.9307
1896819 2.45274 11.0945 7.65934 25.8377 14.2526 6.36098 47.0442
1896828 2.39353 11.2758 7.81813 25.9438 14.2353 6.35424 47.4313
1896846 2.39353 11.2758 7.81813 25.9438 14.2353 6.35424 47.4313
1896852 2.42736 11.578 7.74341 25.8956 14.3263 6.18132 47.6443
1896860 2.42736 11.578 7.74341 25.8956 14.3263 6.18132 47.6443
1896879 2.55423 11.7938 7.58462 25.3553 14.2797 5.89744 47.2879
1896880 2.67264 12.0096 7.42582 24.9115 14.2614 5.63223 47.0196
1896915 2.68955 12.2082 7.29505 24.6703 14.347 5.463 46.8631
1896917 2.64726 12.2169 7.11758 24.3036 14.4515 5.36577 46.2853
1896921 2.64726 12.2169 7.11758 24.3036 14.4515 5.36577 46.2853
1896932 2.72338 12.3464 6.99615 23.7537 14.3937 5.1332 45.8196
