435547 18.5778 22.3765 14.8244 16.1868 1.79289 -2.07247 71.9655
435556 21.0119 20.4344 17.9501 12.963 -1.92253 -2.18353 72.3594
435567 21.0119 20.4344 17.9501 12.963 -1.92253 -2.18353 72.3594
435573 23.1477 18.2532 21.154 10.9396 -5.13943 -1.89959 73.4946
435592 24.7832 15.9128 24.0648 9.91344 -7.70739 -1.34943 74.6743
435607 26.1398 13.1805 26.2176 8.88724 -10.1745 -0.849608 74.4252
435615 26.1398 13.1805 26.2176 8.88724 -10.1745 -0.849608 74.4252
435627 27.0922 10.6984 27.7842 7.79328 -12.398 -0.452473 73.3681
435635 27.7561 8.49519 28.997 7.01879 -14.2662 -0.0488725 72.2671
435647 27.7561 8.49519 28.997 7.01879 -14.2662 -0.0488725 72.2671
435656 28.4295 6.82117 29.7551 6.49601 -15.6875 0.209858 71.5018
435668 28.8817 5.75325 30.3109 6.14749 -16.6302 0.384732 71.0934
435676 28.8817 5.75325 30.3109 6.14749 -16.6302 0.384732 71.0934
435687 29.1415 5.06055 30.6445 6.03132 -17.1754 0.523524 70.8778
435696 29.1415 5.06055 30.6445 6.03132 -17.1754 0.523524 70.8778
435717 29.1126 4.6661 30.6142 6.12813 -17.3468 0.630357 70.521
435727 29.1126 4.6661 30.6142 6.12813 -17.3468 0.630357 70.521
435745 28.8817 4.618 30.1492 6.09909 -17.3173 0.591112 69.748
435755 28.6508 4.64686 29.6641 5.98292 -17.2911 0.511131 68.9447
435762 28.6508 4.64686 29.6641 5.98292 -17.2911 0.511131 68.9447
435767 28.189 4.59875 29.1183 5.84738 -17.2911 0.482172 67.7535
435782 28.189 4.59875 29.1183 5.84738 -17.2911 0.482172 67.7535
435788 27.8715 4.45444 28.3199 5.61503 -17.4016 0.364223 66.2609
435801 27.5829 4.45444 27.5416 5.34396 -17.4538 0.195978 64.9229
435808 27.5829 4.45444 27.5416 5.34396 -17.4538 0.195978 64.9229
435821 27.4097 4.45444 27.0059 5.1213 -17.518 0.061664 63.9914
435828 27.4675 4.4352 26.5309 4.92768 -17.6115 -0.105128 63.3613
435842 27.4675 4.4352 26.5309 4.92768 -17.6115 -0.105128 63.3613
435853 27.5059 4.47368 26.3187 4.72437 -17.7026 -0.222916 63.0227
435871 27.5444 4.4833 25.9447 4.63724 -17.7163 -0.34638 62.6097
435880 27.6887 4.45444 25.8942 4.65661 -17.7337 -0.380994 62.694
435890 27.6887 4.45444 25.8942 4.65661 -17.7337 -0.380994 62.694
435900 27.7272 4.49293 26.0963 4.7631 -17.6632 -0.323576 63.0796
435910 27.6406 4.4833 26.3894 4.90831 -17.5959 -0.195409 63.4217
435920 27.6406 4.4833 26.3894 4.90831 -17.5959 -0.195409 63.4217
435940 27.6118 4.47368 26.7634 5.06321 -17.539 -0.0607556 63.912
435941 27.6118 4.47368 26.7634 5.06321 -17.539 -0.0607556 63.912
435951 27.5059 4.55065 27.3193 5.34396 -17.3558 0.1406 64.7198
435961 27.4001 4.54103 27.6528 5.50854 -17.2817 0.28114 65.1025
435983 27.4578 4.57951 27.956 5.62472 -17.2245 0.352807 65.6181
435992 27.9389 4.73345 27.9964 5.66344 -17.163 0.223319 66.3322
436002 27.9389 4.73345 27.9964 5.66344 -17.163 0.223319 66.3322
436012 28.4488 4.91624 27.5618 5.54727 -17.1296 -0.0577489 66.4741
436022 28.4488 4.91624 27.3597 5.54727 -17.1056 -0.103677 66.272
436034 29.0453 5.1279 27.3597 5.57631 -17.0248 -0.276529 67.1092
436047 29.6514 5.32032 27.3698 5.62472 -16.9482 -0.436363 67.9662
436056 29.6514 5.32032 27.3698 5.62472 -16.9482 -0.436363 67.9662
436063 29.9304 5.46463 27.5719 5.72153 -16.8573 -0.458931 68.6885
436077 29.9593 5.45501 27.5416 5.76993 -16.8335 -0.458936 68.7258
436083 29.9593 5.45501 27.5416 5.76993 -16.8335 -0.458936 68.7258
436093 29.7957 5.43577 27.6831 5.85706 -16.7896 -0.368893 68.7716
436103 29.6418 5.43577 28.1683 5.85706 -16.829 -0.228402 69.1028
436118 29.6418 5.73401 28.1683 6.57346 -16.2237 -0.135643 70.1175
436125 29.4397 6.19581 28.6332 7.12528 -15.6707 0.0258261 71.394
436135 29.4397 6.19581 28.6332 7.12528 -15.6707 0.0258261 71.394
436145 29.2666 6.84041 28.613 7.71583 -14.9523 0.0459373 72.4358
436155 28.6893 7.42728 28.0065 8.11276 -14.2435 0.000563264 72.2359
436167 28.6893 7.42728 28.0065 8.11276 -14.2435 0.000563264 72.2359
436176 28.2948 8.85116 27.0969 9.08087 -12.772 -0.198075 73.3238
436186 27.7272 10.2077 25.4293 9.53588 -11.4585 -0.61107 72.9001
436196 27.7272 10.2077 25.4293 9.53588 -11.4585 -0.61107 72.9001
436206 26.996 11.1121 23.3674 9.35194 -10.5536 -1.14124 70.8275
436216 26.996 11.1121 23.3674 9.35194 -10.5536 -1.14124 70.8275
436227 26.2552 11.5642 21.1136 8.76139 -9.98722 -1.76038 67.6944
436241 25.601 11.7566 18.698 8.24829 -9.44501 -2.42864 64.3039
436248 25.601 11.7566 18.698 8.24829 -9.44501 -2.42864 64.3039
436257 24.8987 11.9394 16.9595 8.39351 -8.65286 -2.77011 62.1912
436270 24.1964 12.1992 15.8161 9.70046 -7.31391 -2.63577 61.9121
436278 24.1964 12.1992 15.8161 9.70046 -7.31391 -2.63577 61.9121
436289 23.167 12.8246 15.1179 12.537 -5.07618 -1.96476 63.6464
436317 21.6372 13.7963 14.8345 17.2123 -2.02401 -0.752824 67.4803
436318 19.4437 14.8449 14.9054 22.7696 1.13442 0.705839 71.9636
436345 16.9323 15.7685 14.8042 27.584 3.86741 1.93516 75.0891
436348 13.6561 16.4516 14.5613 32.109 6.62404 3.23582 76.7779
436367 13.6561 16.4516 14.5613 32.109 6.62404 3.23582 76.7779
436377 9.78056 16.9134 14.3185 34 8.93666 4.32418 75.0124
436386 9.78056 16.9134 14.3185 34 8.93666 4.32418 75.0124
436397 6.13701 17.2487 13.8429 34 10.9748 5.15041 71.2286
436403 2.98636 17.5836 13.4786 34 12.9021 5.9315 68.0485
436410 2.98636 17.5836 13.4786 34 12.9021 5.9315 68.0485
436420 1.51734 17.9854 13.4887 34 13.8 6.26632 66.9914
436430 1.83627 18.4924 13.4887 34 13.7013 6.00731 67.8174
436441 1.83627 18.4924 13.4887 34 13.7013 6.00731 67.8174
436455 1.76862 18.6359 13.0536 34 14.0138 5.92569 67.4581
436463 1.76862 18.6359 13.0536 34 14.0138 5.92569 67.4581
436471 1.74929 18.3776 12.6286 34 14.2309 5.95495 66.7555
436486 1.68164 18.0906 11.8899 34 14.6656 5.96637 65.6621
436492 1.68164 18.0906 11.8899 34 14.6656 5.96637 65.6621
436501 1.57533 17.8132 11.1411 34 15.1468 5.98623 64.5296
436516 1.58499 17.6888 10.3518 34 15.6195 5.91224 63.6256
436522 1.58499 17.6888 10.3518 34 15.6195 5.91224 63.6256
436532 1.51734 17.8419 9.58274 34 16.1823 5.77283 62.9419
436542 1.51734 17.8419 9.58274 34 16.1823 5.77283 62.9419
436552 1.53667 17.9184 9.02619 33.2571 16.4455 5.54636 61.7384
436562 1.57533 18.0906 8.69226 32.5142 16.5663 5.30795 60.8724
436573 1.57533 18.0906 8.69226 32.5142 16.5663 5.30795 60.8724
436587 1.56566 18.3393 8.53036 32.2923 16.6875 5.16675 60.7276
436596 1.64298 18.6168 8.48988 32.466 16.7236 5.07128 61.2156
436603 1.64298 18.6168 8.48988 32.466 16.7236 5.07128 61.2156
436617 1.77828 19.0186 8.52024 32.8326 16.7147 4.96124 62.1497
436628 1.77828 19.0186 8.52024 32.8326 16.7147 4.96124 62.1497
436638 1.82661 19.4491 8.7125 33.4597 16.6947 4.94024 63.4479
436643 1.90392 19.9848 8.81369 34 16.7178 4.85105 64.7024
436672 1.92325 20.4727 8.93512 34 16.6897 4.71579 65.3311
436682 2.01023 20.798 8.96548 34 16.6565 4.59696 65.7737
436703 1.98124 20.9989 9.06667 34 16.6363 4.56189 66.0468
436715 2.01023 21.1902 9.0869 34 16.6295 4.50006 66.2873
436725 2.01023 21.3433 9.06667 34 16.6615 4.45192 66.4202
436735 2.01023 21.3433 9.06667 34 16.6615 4.45192 66.4202
436747 1.9909 21.4485 8.91488 34 16.7822 4.40261 66.3543
436760 1.98124 21.4772 8.80357 34 16.862 4.37923 66.262
436768 1.98124 21.4772 8.80357 34 16.862 4.37923 66.262
436776 1.94258 21.5059 8.67202 34 16.9733 4.36102 66.1205
436791 1.94258 21.5059 8.67202 34 16.9733 4.36102 66.1205
436796 1.98124 21.5537 8.69226 34 16.9418 4.33899 66.2272
436806 1.95225 21.6303 8.7125 34 16.9566 4.32838 66.295
436821 1.95225 21.6303 8.7125 34 16.9566 4.32838 66.295
436827 1.94258 21.6877 8.6619 34 17.0017 4.30631 66.2922
436837 1.95225 21.7259 8.72262 34 16.9618 4.30215 66.4008
436847 1.95225 21.7259 8.72262 34 16.9618 4.30215 66.4008
436858 1.96191 21.7642 8.6619 34 16.9987 4.27843 66.388
436883 1.93292 21.6398 8.69226 34 16.9828 4.32796 66.265
436887 1.93292 21.6207 9.0869 34 16.7319 4.39671 66.6405
436905 1.93292 21.6207 9.0869 34 16.7319 4.39671 66.6405
436908 3.40193 21.8503 9.84583 34 15.4138 4.03635 69.0981
436922 4.32973 21.7451 10.2202 34 14.6508 3.87199 70.295
436929 4.32973 21.7451 10.2202 34 14.6508 3.87199 70.295
436939 5.14156 21.5442 10.6958 34 13.9065 3.78461 71.3816
436948 5.14156 21.5442 10.6958 34 13.9065 3.78461 71.3816
436959 6.05969 21.1806 13.9643 33.8649 11.663 4.11396 75.0695
436974 7.60603 20.8267 18.7081 33.5369 8.69183 4.4273 80.6777
436991 8.5145 19.8509 19.2842 30.382 7.18753 4.09465 78.0315
437000 9.278 18.5307 17.8692 25.4325 5.91192 3.26809 71.1103
437013 9.278 18.5307 17.8692 25.4325 5.91192 3.26809 71.1103
437029 10.2155 17.2774 17.2325 20.8496 4.07134 2.42223 65.575
437036 10.2155 17.2774 17.2325 20.8496 4.07134 2.42223 65.575
437040 11.4235 15.8744 18.2634 17.2509 1.36849 1.96212 62.8121
437050 12.7669 14.3158 20.4869 14.6669 -1.71571 1.94526 62.2365
437080 14.4679 12.9208 23.7616 13.3696 -4.62614 2.26501 64.5198
437087 16.1592 11.5642 27.481 13.0501 -6.9687 2.81469 68.2545
437096 16.1592 11.5642 27.481 13.0501 -6.9687 2.81469 68.2545
437105 17.6157 10.0345 31.2509 12.8662 -9.04518 3.44171 71.7673
437125 18.7895 8.43746 34 12.6048 -10.7499 3.93689 73.8317
437131 19.4629 6.85965 34 12.3821 -11.7672 4.13856 72.7047
437157 20.0113 5.59932 34 12.0336 -12.6941 4.27591 71.6442
437162 20.348 4.59875 34 11.4818 -13.5838 4.37358 70.4286
437172 20.348 4.59875 34 11.4818 -13.5838 4.37358 70.4286
437182 20.5789 3.90606 34 10.988 -14.2807 4.42683 69.473
437192 20.5789 3.90606 34 10.988 -14.2807 4.42683 69.473
437202 20.5597 3.38653 34 10.32 -14.9609 4.47669 68.2663
437217 20.5212 3.36729 34 9.8844 -15.2235 4.42564 67.7729
437223 20.5212 3.36729 34 9.8844 -15.2235 4.42564 67.7729
437233 20.4731 3.37691 34 9.40034 -15.5002 4.36064 67.2504
437243 20.4539 3.37691 34 9.04214 -15.7144 4.30922 66.8729
437253 20.4539 3.37691 34 9.04214 -15.7144 4.30922 66.8729
437263 20.4346 3.39615 33.4845 8.73235 -15.8184 4.17564 66.0477
437273 20.4346 3.39615 33.4845 8.73235 -15.8184 4.17564 66.0477
437286 20.3288 3.38653 32.7771 8.52904 -15.8372 4.05807 65.0214
437298 20.2518 3.49236 32.585 8.47096 -15.7691 4.00735 64.8002
437308 20.2518 3.49236 32.585 8.47096 -15.7691 4.00735 64.8002
437315 20.1075 3.49236 32.4637 8.42255 -15.7617 4.02095 64.4862
437325 20.069 3.41539 32.5446 8.51936 -15.7552 4.08519 64.5484
437353 19.9921 3.43463 32.6254 8.45159 -15.7864 4.10449 64.5038
437355 19.9921 3.43463 32.6254 8.45159 -15.7864 4.10449 64.5038
437365 20.0209 3.38653 32.7973 8.47096 -15.8331 4.14238 64.6757
437376 19.9247 3.40577 33.0095 8.55809 -15.7826 4.21517 64.8981
437385 19.9247 3.40577 33.0095 8.55809 -15.7826 4.21517 64.8981
437403 19.9344 3.35767 33.4037 8.64522 -15.8152 4.30593 65.3409
437412 19.8766 3.33843 33.6968 8.76139 -15.7879 4.3952 65.6732
437421 19.8766 3.33843 33.6968 8.76139 -15.7879 4.3952 65.6732
437431 19.511 3.18449 33.8686 8.78075 -15.8445 4.58043 65.3449
437444 19.511 3.18449 33.8686 8.78075 -15.8445 4.58043 65.3449
437450 19.1839 3.09791 34 8.83884 -15.8349 4.73513 65.1207
437458 18.9338 3.0017 34 9.00342 -15.7566 4.86641 64.9389
437468 18.9338 3.0017 34 9.00342 -15.7566 4.86641 64.9389
437477 18.6644 2.90549 34 9.17768 -15.669 5.00585 64.7476
437490 18.5008 2.86701 34 9.31321 -15.5844 5.08928 64.6811
437514 18.3373 2.78042 34 9.45843 -15.5237 5.18939 64.5761
437518 18.3854 2.78042 34 9.45843 -15.5308 5.17436 64.6242
437535 18.3854 2.82852 34 9.40034 -15.537 5.15051 64.6143
437540 18.6836 2.8189 34 9.4197 -15.5744 5.06386 64.9222
437559 19.0108 2.87663 34 9.35194 -15.6279 4.93519 65.2393
437568 19.5303 2.97284 34 9.18736 -15.7443 4.72312 65.6905
437581 19.5303 2.97284 34 9.18736 -15.7443 4.72312 65.6905
437588 20.1364 3.55008 34 9.53588 -15.2667 4.4292 67.2224
437605 20.704 3.55008 34 9.53588 -15.3482 4.26651 67.79
437610 20.704 4.10809 34 9.7779 -14.8775 4.14764 68.59
437620 21.0407 5.01245 34 9.98121 -14.2955 3.83983 70.0344
437630 21.0407 5.01245 34 9.98121 -14.2955 3.83983 70.0344
437641 21.1273 5.65705 34 10.1555 -13.855 3.67306 70.9398
437658 21.2332 6.83079 33.808 10.8525 -12.8423 3.42317 72.7244
437667 21.2332 6.83079 33.808 10.8525 -12.8423 3.42317 72.7244
437676 20.9542 8.11036 32.7063 11.2882 -11.7241 3.06532 73.059
437681 20.6559 9.04358 31.453 11.2107 -11.0051 2.68733 72.3632
437691 20.6559 9.04358 31.453 11.2107 -11.0051 2.68733 72.3632
437701 20.2615 9.43803 29.8561 10.746 -10.6447 2.32626 70.3016
437716 20.2615 9.43803 29.8561 10.746 -10.6447 2.32626 70.3016
437723 19.665 9.59196 28.1683 10.5621 -10.1781 2.09011 67.9873
437732 19.3475 9.75552 26.5713 10.9396 -9.46636 1.89329 66.614
437760 19.0973 10.2654 25.1159 11.9077 -8.29993 1.73098 66.3864
437769 19.0204 11.1698 23.4382 13.2825 -6.72773 1.464 66.9108
437778 19.0204 11.1698 23.4382 13.2825 -6.72773 1.464 66.9108
437792 18.674 12.2569 21.5684 14.8411 -4.87981 1.22033 67.3404
437796 18.674 12.2569 21.5684 14.8411 -4.87981 1.22033 67.3404
437805 18.1064 13.5654 19.6278 16.7096 -2.74202 1.02905 68.0092
437815 16.9613 14.8834 17.3537 18.563 -0.32049 0.901392 67.7615
437823 16.9613 14.8834 17.3537 18.563 -0.32049 0.901392 67.7615
437836 15.3184 15.9417 15.2798 20.4444 2.1602 0.999656 66.9842
437843 13.2405 16.9423 13.8935 23.2423 4.84661 1.54929 67.3185
437859 13.2405 16.9423 13.8935 23.2423 4.84661 1.54929 67.3185
437865 10.7953 17.8036 13.1548 26.8893 7.5546 2.50101 68.643
437875 10.7953 17.8036 13.1548 26.8893 7.5546 2.50101 68.643
437885 8.2149 18.8177 12.5274 30.7486 10.2491 3.46545 70.3085
437895 5.63445 19.7361 12.0214 33.9904 12.6329 4.33747 71.3823
437906 5.63445 19.7361 12.0214 33.9904 12.6329 4.33747 71.3823
437920 3.5759 20.7023 11.5357 34 14.1772 4.56732 69.8139
437930 2.46447 21.659 11.7179 34 14.8467 4.63789 69.8413
437936 2.46447 21.659 11.7179 34 14.8467 4.63789 69.8413
437948 2.76407 22.6922 12.2036 34 14.5565 4.34288 71.6598
437957 2.76407 22.6922 12.2036 34 14.5565 4.34288 71.6598
437967 2.80273 23.3236 12.2845 34 14.5822 4.1758 72.4108
437981 2.88005 23.7158 11.8696 34 14.823 3.98958 72.4655
437987 2.88005 23.7158 11.8696 34 14.823 3.98958 72.4655
437997 2.86072 23.8019 11.1815 34 15.2273 3.86648 71.8442
438007 2.80273 23.6967 10.1899 34 15.8101 3.75385 70.6893
438017 2.80273 23.6967 10.1899 34 15.8101 3.75385 70.6893
438032 2.75441 23.6967 9.27917 33.5272 16.3124 3.54229 69.2575
438053 2.73508 23.5245 8.42917 31.2503 16.5344 3.0528 65.939
438058 2.67709 23.4288 7.66012 29.118 16.7807 2.5457 62.8841
438068 2.67709 23.4288 7.66012 29.118 16.7807 2.5457 62.8841
438080 2.71575 23.4097 6.98214 27.4586 16.994 2.05939 60.5661
438088 2.84139 23.5053 6.55714 26.2911 17.0614 1.64749 59.195
438102 2.84139 23.5053 6.55714 26.2911 17.0614 1.64749 59.195
438108 2.88971 23.821 6.26369 25.6737 17.1963 1.33677 58.6481
438127 2.88971 23.821 6.26369 25.6737 17.1963 1.33677 58.6481
438137 2.9477 24.1941 6.20298 25.7026 17.2514 1.21015 59.0474
438141 3.05401 24.6629 6.31429 26.0885 17.2086 1.16914 60.1197
438152 3.05401 24.6629 6.31429 26.0885 17.2086 1.16914 60.1197
438161 3.15065 25.0551 6.57738 26.9858 17.1255 1.30099 61.769
438175 3.28596 25.543 7.04286 28.0953 16.9265 1.47948 63.9672
438191 3.39227 26.0501 7.41726 29.118 16.8082 1.61258 65.9777
438201 3.39227 26.0501 7.41726 29.118 16.8082 1.61258 65.9777
438211 3.45026 26.4232 7.68036 30.0925 16.7729 1.75163 67.6463
438225 3.39227 26.6815 7.92321 30.7582 16.7712 1.8779 68.7552
438231 3.39227 26.6815 7.92321 30.7582 16.7712 1.8779 68.7552
438241 3.52757 26.8824 8.10536 31.2117 16.6582 1.91613 69.727
438251 3.5759 27.0259 8.1256 31.4529 16.6633 1.91864 70.1803
438277 3.61455 27.0355 8.27738 31.6266 16.5725 1.96742 70.5539
438282 3.5469 27.0355 8.27738 31.6266 16.6124 1.9837 70.4863
438297 3.5469 27.0355 8.27738 31.6555 16.6158 1.98905 70.5152
438302 3.51791 26.8728 8.29762 31.5976 16.5947 2.02839 70.286
438321 3.51791 26.8728 8.29762 31.5976 16.5947 2.02839 70.286
438323 3.3826 26.5476 8.41905 31.5301 16.5557 2.15063 69.8793
438333 3.30529 26.0884 8.85417 31.4047 16.2713 2.33987 69.6525
438344 3.30529 26.0884 8.85417 31.4047 16.2713 2.33987 69.6525
438353 5.55713 25.8301 9.69405 31.1249 14.4391 1.95933 72.2061
438368 6.94883 25.1221 10.2506 29.9092 13.0941 1.67979 72.2307
438392 6.94883 25.1221 10.2506 29.9092 13.0941 1.67979 72.2307
438395 8.47584 24.3568 10.7262 28.1339 11.6081 1.26111 71.6927
438396 8.47584 24.3568 10.7262 28.1339 11.6081 1.26111 71.6927
438405 10.9306 23.5914 11.2827 25.3649 9.39408 0.447993 71.1698
438415 14.4002 22.807 12.1631 22.21 6.44509 -0.593904 71.5803
438425 14.4002 22.807 12.1631 22.21 6.44509 -0.593904 71.5803
438438 17.2694 21.8407 13.7619 19.0936 3.44022 -1.30366 71.9657
438445 19.0011 20.4344 15.472 15.7995 0.622579 -1.73193 70.7071
438464 19.0011 20.4344 15.472 15.7995 0.622579 -1.73193 70.7071
438466 20.9157 18.6933 17.1112 12.4886 -2.47257 -2.16935 69.2088
438476 20.9157 18.6933 17.1112 12.4886 -2.47257 -2.16935 69.2088
438493 22.5705 16.9808 19.0315 10.1458 -5.26544 -2.26411 68.7285
438502 24.2252 15.172 21.0933 8.95501 -7.62882 -2.01934 69.4456
438515 24.2252 15.172 21.0933 8.95501 -7.62882 -2.01934 69.4456
438520 25.8127 13.4307 22.9126 8.16116 -9.64681 -1.74273 70.3171
438530 27.2943 11.6893 24.1962 7.34795 -11.5037 -1.58224 70.5277
438542 27.2943 11.6893 24.1962 7.34795 -11.5037 -1.58224 70.5277
438548 28.6893 10.0922 25.0957 6.54442 -13.1878 -1.52114 70.4217
438557 28.6893 10.0922 25.0957 6.54442 -13.1878 -1.52114 70.4217
438570 30.2864 8.6395 25.591 5.67312 -14.8044 -1.63737 70.1899
438579 31.6718 7.38879 25.975 4.92768 -16.1979 -1.74903 69.9633
438593 31.6718 7.38879 25.975 4.92768 -16.1979 -1.74903 69.9633
438598 32.8166 6.42671 26.2378 4.42426 -17.2388 -1.84133 69.9054
438608 33.9423 5.83984 26.2378 3.99829 -17.9746 -2.04504 70.0182
438623 33.9423 5.83984 26.2378 3.99829 -17.9746 -2.04504 70.0182
438630 34 5.36842 26.1266 3.54328 -18.5458 -2.1072 69.0383
438644 34 5.36842 26.1266 3.54328 -18.5458 -2.1072 69.0383
438650 34 5.15676 25.783 3.3303 -18.7842 -2.20671 68.2701
438660 34 5.19525 25.2878 3.18508 -18.8078 -2.37684 67.6681
438670 34 5.19525 25.2878 3.18508 -18.8078 -2.37684 67.6681
438680 34 5.3588 24.5702 2.95273 -18.7864 -2.65452 66.8817
438695 34 5.53198 23.6908 2.67198 -18.775 -2.99777 65.8948
438700 34 5.53198 23.6908 2.67198 -18.775 -2.99777 65.8948
438710 34 5.71477 22.6498 2.39123 -18.7411 -3.39901 64.7558
438725 34 5.71477 22.6498 2.39123 -18.7411 -3.39901 64.7558
438731 34 5.76288 21.5886 2.03303 -18.8503 -3.81984 63.3845
438746 34 5.79174 20.7295 1.85877 -18.8678 -4.13678 62.38
438772 34 5.79174 20.1231 1.5877 -19.0007 -4.40981 61.5025
438772 34 5.73401 19.6278 1.44248 -19.0987 -4.60421 60.8043
438781 34 5.73401 19.6278 1.44248 -19.0987 -4.60421 60.8043
438797 34 5.70515 19.2539 1.33599 -19.1611 -4.75544 60.295
438803 34 5.70515 19.2539 1.33599 -19.1611 -4.75544 60.295
438812 34 5.51273 19.1023 1.21982 -19.3741 -4.81091 59.8348
438823 34 5.36842 18.9608 1.18109 -19.4972 -4.8462 59.5103
438832 34 5.36842 18.9608 1.18109 -19.4972 -4.8462 59.5103
438849 34 5.16638 18.9507 1.12301 -19.6916 -4.83441 59.24
438861 34 4.92586 19.3448 1.15205 -19.8859 -4.652 59.4227
438864 34 4.92586 19.3448 1.15205 -19.8859 -4.652 59.4227
438881 34 4.70458 19.8704 1.35535 -19.9442 -4.37479 59.9303
438900 34 4.56989 20.5476 1.46185 -20.0216 -4.10053 60.5793
438910 34 4.53141 21.2652 1.60706 -20.0015 -3.82531 61.4036
438922 34 4.53141 21.2652 1.60706 -20.0015 -3.82531 61.4036
438933 34 4.53141 22.1344 1.86845 -19.8829 -3.48495 62.5342
438936 34 4.56027 22.8419 2.01367 -19.8168 -3.24164 63.4158
438948 34 4.56027 22.8419 2.01367 -19.8168 -3.24164 63.4158
438958 34 4.53141 23.7313 2.11048 -19.8411 -2.9569 64.3732
438965 34 4.46406 24.3377 2.35251 -19.7689 -2.71061 65.1543
438977 34 4.46406 24.3377 2.35251 -19.7689 -2.71061 65.1543
438986 34 4.34861 25.1159 2.43964 -19.8499 -2.45653 65.9042
439012 34 4.31013 25.8133 2.60421 -19.819 -2.2238 66.7277
439016 34 4.2043 26.3187 2.72039 -19.851 -2.0445 67.2434
439027 34 4.2043 26.3187 2.72039 -19.851 -2.0445 67.2434
439036 34 4.03113 26.7432 2.83656 -19.9212 -1.87501 67.6109
439051 34 4.14658 27.0363 3.08827 -19.7014 -1.76254 68.2711
439061 34 4.14658 27.0363 3.08827 -19.7014 -1.76254 68.2711
439067 34 4.56027 27.39 3.55296 -19.1634 -1.64395 69.5033
439093 34 4.76231 27.4709 3.81435 -18.878 -1.60115 70.0475
439103 33.644 5.46463 27.3597 4.14351 -18.1965 -1.61562 70.6119
439107 33.644 5.46463 27.3597 4.14351 -18.1965 -1.61562 70.6119
439117 32.7878 6.50368 27.198 4.80182 -17.0709 -1.5342 71.2913
439132 32.0855 8.1777 26.8139 5.40205 -15.632 -1.66542 72.4791
439138 32.0855 8.1777 26.8139 5.40205 -15.632 -1.66542 72.4791
439154 31.2677 9.53424 25.874 5.77961 -14.4322 -1.89393 72.4555
439158 31.2677 9.53424 25.874 5.77961 -14.4322 -1.89393 72.4555
439168 30.1036 10.2943 24.4994 5.78929 -13.6233 -2.14521 70.6865
439180 29.2858 10.9485 22.9328 5.78929 -12.8635 -2.50423 68.9564
439190 29.2858 10.9485 22.9328 5.78929 -12.8635 -2.50423 68.9564
439206 28.5354 11.5065 21.2146 5.8377 -12.0747 -2.90403 67.0942
439210 27.5444 12.1319 19.5874 6.28303 -10.9528 -3.15939 65.5467
439233 27.5444 12.1319 19.5874 6.28303 -10.9528 -3.15939 65.5467
439234 26.6304 12.9111 18.3038 7.20273 -9.53923 -3.23646 65.0481
439259 25.88 14.1811 17.091 8.56777 -7.69254 -3.28722 65.7198
439260 25.2932 15.961 15.9577 10.4653 -5.47625 -3.28718 67.6771
439270 25.2932 15.961 15.9577 10.4653 -5.47625 -3.28718 67.6771
439286 24.4754 17.8993 14.7131 12.6241 -3.10746 -3.23562 69.7119
439293 23.3305 19.6978 13.772 14.8508 -0.891097 -3.01576 71.6511
439303 23.3305 19.6978 13.772 14.8508 -0.891097 -3.01576 71.6511
439313 21.4063 21.3146 12.6488 17.0386 1.48396 -2.7 72.4083
439321 21.4063 21.3146 12.6488 17.0386 1.48396 -2.7 72.4083
439331 18.7991 22.6539 11.4851 19.0358 3.96166 -2.27835 71.9739
439341 15.299 23.9167 10.2202 21.4478 6.99922 -1.5972 70.8838
439351 15.299 23.9167 10.2202 21.4478 6.99922 -1.5972 70.8838
439369 11.2206 25.103 9.12738 23.9756 10.3457 -0.695825 69.4265
439372 7.51904 26.2127 8.56071 26.5999 13.3298 0.311102 68.8924
439382 7.51904 26.2127 8.56071 26.5999 13.3298 0.311102 68.8924
439400 4.92894 27.4086 8.5506 29.2338 15.3885 1.16517 70.1219
439402 4.92894 27.4086 8.5506 29.2338 15.3885 1.16517 70.1219
439412 4.83229 28.767 9.30952 31.4529 15.4912 1.44492 74.3617
439427 5.11256 29.695 9.83571 32.9194 15.3637 1.537 77.5627
439432 5.11256 29.695 9.83571 32.9194 15.3637 1.537 77.5627
439454 5.12223 30.0394 9.96726 33.3825 15.3903 1.56439 78.5114
439456 5.07391 30.1638 9.83571 33.2281 15.4794 1.49924 78.3015
439463 5.07391 30.1638 9.83571 33.2281 15.4794 1.49924 78.3015
439483 5.02558 30.0011 9.37024 32.1862 15.6012 1.27894 76.5831
439485 5.02558 30.0011 9.37024 32.1862 15.6012 1.27894 76.5831
439496 4.89028 29.8959 8.77321 30.5556 15.7822 0.919381 74.115
439510 4.86128 29.5515 7.79167 28.3944 16.0388 0.376773 70.5989
439515 4.86128 29.5515 7.79167 28.3944 16.0388 0.376773 70.5989
439525 4.75497 29.341 6.90119 26.0596 16.3087 -0.253939 67.0568
439538 4.68732 28.9871 6.06131 23.7247 16.5312 -0.919075 63.4604
439545 4.68732 28.9871 6.06131 23.7247 16.5312 -0.919075 63.4604
439565 4.639 28.6714 5.33274 21.8337 16.7557 -1.52387 60.4768
439570 4.639 28.6714 5.33274 21.8337 16.7557 -1.52387 60.4768
439578 4.61001 28.5279 4.84702 20.4637 16.91 -2.00873 58.4486
439593 4.59068 28.4609 4.42202 19.4603 17.0849 -2.41577 56.9339
439598 4.59068 28.4609 4.42202 19.4603 17.0849 -2.41577 56.9339
439607 4.56168 28.4992 4.27024 19.1612 17.1831 -2.55683 56.4923
439626 4.65833 28.7862 4.32083 19.3348 17.1374 -2.57148 57.1002
439628 4.65833 28.7862 4.32083 19.3348 17.1374 -2.57148 57.1002
439637 4.74531 29.2836 4.59405 19.9813 17.0318 -2.41969 58.6042
439648 4.86128 29.8385 5.01905 20.975 16.8605 -2.15154 60.6939
439675 4.86128 29.8385 5.01905 20.975 16.8605 -2.15154 60.6939
439677 5.1029 30.489 5.38333 22.0749 16.6842 -1.93505 63.0502
439677 5.1029 30.489 5.38333 22.0749 16.6842 -1.93505 63.0502
439687 5.20921 31.0439 5.79821 23.1845 16.5634 -1.67173 65.2358
439704 5.33485 31.5222 6.1625 24.1879 16.4464 -1.45223 67.2074
439708 5.33485 31.5222 6.1625 24.1879 16.4464 -1.45223 67.2074
439718 5.47982 32.1441 6.44583 25.0562 16.374 -1.32841 69.1259
439733 5.58613 32.4693 6.8 25.857 16.2419 -1.14516 70.7124
439738 5.58613 32.4693 6.8 25.857 16.2419 -1.14516 70.7124
439761 5.68277 32.7181 7.05298 26.3587 16.1326 -1.04213 71.8125
439762 5.68277 32.7181 7.05298 26.3587 16.1326 -1.04213 71.8125
439770 5.69244 32.8329 7.09345 26.5323 16.1395 -1.01859 72.1511
439792 5.7311 32.7468 7.16429 26.5227 16.0653 -0.995819 72.1649
439793 5.7311 32.7468 7.16429 26.5227 16.0653 -0.995819 72.1649
439800 5.67311 32.565 7.09345 26.2815 16.0864 -1.01863 71.6131
439820 5.59579 32.2206 7.08333 26.0499 16.0647 -0.990092 70.9497
439822 5.59579 32.2206 7.08333 26.0499 16.0647 -0.990092 70.9497
439831 5.49915 31.7997 7.33631 25.7701 15.8846 -0.893192 70.4053
439848 5.49915 31.7997 7.33631 25.7701 15.8846 -0.893192 70.4053
439851 7.86697 31.7423 7.97381 25.5482 14.1696 -1.24855 73.1313
439861 8.57248 31.13 8.48988 24.7474 13.3038 -1.32955 72.9398
439876 8.57248 31.13 8.48988 24.7474 13.3038 -1.32955 72.9398
439883 9.33599 30.2403 8.85417 23.6765 12.3867 -1.46566 72.1069
439892 11.3462 29.3602 9.54226 21.9398 10.532 -1.9167 72.1885
439905 11.3462 29.3602 9.54226 21.9398 10.532 -1.9167 72.1885
439912 14.5355 28.3174 9.97738 19.6629 8.09295 -2.73391 72.4932
439922 14.5355 28.3174 9.97738 19.6629 8.09295 -2.73391 72.4932
439935 16.971 26.9302 10.1089 16.7677 5.86976 -3.60805 70.7778
439942 18.3854 25.1125 10.2202 13.2825 3.65271 -4.47651 67.0006
439961 18.3854 25.1125 10.2202 13.2825 3.65271 -4.47651 67.0006
439962 19.4822 23.027 10.8577 10.0296 1.07132 -5.11586 63.3965
439973 20.6944 21.1998 13.1851 8.00626 -1.85204 -4.92255 63.0856
440002 22.2818 19.4299 16.7875 7.59966 -4.55368 -3.93152 66.0989
440018 23.8308 17.354 20.7194 7.832 -6.94195 -2.71739 69.7361
440023 25.4567 14.7872 24.4185 7.91913 -9.35806 -1.63393 72.5816
440033 25.4567 14.7872 24.4185 7.91913 -9.35806 -1.63393 72.5816
440048 26.9287 12.2569 27.4911 7.86105 -11.5048 -0.771454 74.5378
440059 27.9774 9.81324 30.1189 7.81264 -13.3615 0.0279182 75.7222
440076 27.9774 9.81324 30.1189 7.81264 -13.3615 0.0279182 75.7222
440078 28.9106 7.86984 31.5238 7.71583 -14.749 0.48524 76.02
440085 28.9106 7.86984 31.5238 7.71583 -14.749 0.48524 76.02
440106 29.6706 6.61913 31.9988 7.40604 -15.7357 0.617301 75.6946
440107 30.1517 5.87832 31.7967 7.20273 -16.2827 0.593648 75.0294
440120 30.1517 5.87832 31.7967 7.20273 -16.2827 0.593648 75.0294
440135 30.3633 5.52235 30.7961 6.97039 -16.5191 0.383041 73.6521
440136 30.3633 5.49349 29.654 6.66059 -16.5797 0.0951397 72.1714
440146 30.3633 5.49349 29.654 6.66059 -16.5797 0.0951397 72.1714
440166 30.2575 5.52235 28.3906 6.28303 -16.6219 -0.235519 70.4535
440167 30.2575 5.52235 28.3906 6.28303 -16.6219 -0.235519 70.4535
440176 30.0458 5.46463 27.1677 5.81834 -16.7638 -0.552834 68.4965
440194 29.6802 5.4069 26.1772 5.46014 -16.8568 -0.775543 66.7245
440210 29.2473 5.3107 25.4596 5.3246 -16.8618 -0.866324 65.3422
440225 28.7855 5.13752 25.2069 5.09226 -17.0356 -0.846408 64.2222
440228 28.7855 5.13752 25.2069 5.09226 -17.0356 -0.846408 64.2222
440242 28.6027 5.01245 25.1159 5.06321 -17.103 -0.807914 63.7943
440257 28.747 4.99321 25.1463 4.92768 -17.2267 -0.861793 63.8142
440267 28.9875 4.93548 25.2473 4.85023 -17.3574 -0.896309 64.0206
440284 28.9875 4.93548 25.2473 4.85023 -17.3574 -0.896309 64.0206
440287 29.2377 4.91624 25.3686 4.80182 -17.446 -0.928923 64.3244
440312 29.4878 4.90662 25.7122 4.79214 -17.5278 -0.899107 64.8988
440314 29.4878 4.90662 25.7122 4.79214 -17.5278 -0.899107 64.8988
440318 29.6706 4.82003 25.8537 4.66629 -17.704 -0.91615 65.0107
440347 29.6802 4.6661 26.0256 4.64692 -17.8382 -0.847567 65.0188
440348 29.4878 4.53141 26.3995 4.65661 -17.9405 -0.683003 65.0754
440369 29.4878 4.53141 26.3995 4.65661 -17.9405 -0.683003 65.0754
440377 29.2281 4.32937 26.8341 4.75342 -18.0288 -0.453579 65.145
440378 28.9587 4.29089 27.2485 4.84055 -18.0122 -0.266425 65.3386
440399 28.9587 4.29089 27.2485 4.84055 -18.0122 -0.266425 65.3386
440403 28.8336 4.1562 27.7842 4.87927 -18.1188 -0.0745654 65.6533
440410 28.8336 4.1562 27.7842 4.87927 -18.1188 -0.0745654 65.6533
440427 28.6604 4.05999 28.239 5.00513 -18.1288 0.119087 65.9646
440430 28.5257 3.93492 28.8151 5.19875 -18.13 0.350475 66.4745
440440 28.5257 3.93492 28.8151 5.19875 -18.13 0.350475 66.4745
440457 28.343 3.80985 29.2901 5.23747 -18.2159 0.534221 66.6804
440460 28.0736 3.73288 29.6843 5.34396 -18.2095 0.723086 66.8347
440470 28.0736 3.73288 29.6843 5.34396 -18.2095 0.723086 66.8347
440486 27.7561 3.62705 30.3109 5.44077 -18.2466 0.976076 67.1348
440491 27.7561 3.62705 30.3109 5.44077 -18.2466 0.976076 67.1348
440501 27.4386 3.48274 30.887 5.64408 -18.2346 1.2475 67.4525
440517 26.8902 3.53084 31.5642 6.10877 -17.9218 1.59748 68.094
440521 26.8902 3.53084 31.5642 6.10877 -17.9218 1.59748 68.094
440531 26.6497 4.79117 32.1706 6.65091 -16.8576 1.57567 70.2624
440546 26.313 5.20487 32.4031 7.01879 -16.3845 1.67129 70.9397
440576 26.2552 5.98415 32.2515 7.30923 -15.7428 1.52952 71.8001
440578 26.2552 5.98415 32.2515 7.30923 -15.7428 1.52952 71.8001
440582 26.2456 6.7923 31.7663 7.9869 -14.8482 1.38382 72.7912
440592 26.4092 9.0532 30.887 8.83884 -13.1018 0.850568 75.1882
440608 26.4092 9.0532 30.887 8.83884 -13.1018 0.850568 75.1882
440617 26.2937 11.1409 29.3306 9.10023 -11.6598 0.196956 75.8654
440623 25.7838 12.1511 27.4102 8.60649 -10.9654 -0.389079 73.9516
440638 25.7838 12.1511 27.4102 8.60649 -10.9654 -0.389079 73.9516
440643 24.9853 12.2569 25.1867 8.01595 -10.6108 -0.86016 70.4448
440654 24.9853 12.2569 25.1867 8.01595 -10.6108 -0.86016 70.4448
440669 23.927 11.9875 23.0238 7.58998 -10.2863 -1.19516 66.5283
440673 23.0323 11.7182 21.5583 7.76424 -9.7967 -1.27072 64.0729
440698 23.0323 11.7182 21.5583 7.76424 -9.7967 -1.27072 64.0729
440702 22.8976 11.9106 20.4566 8.44191 -9.0264 -1.39145 63.7067
440732 23.0419 12.738 19.5369 9.55524 -7.81753 -1.54637 64.872
440747 23.0419 12.738 19.5369 9.55524 -7.81753 -1.54637 64.872
440760 23.1477 15.5376 17.3436 12.324 -4.61928 -1.97892 68.353
440761 22.7629 17.1531 15.9274 13.7181 -2.81014 -2.21469 69.5614
440777 22.7629 17.1531 15.9274 13.7181 -2.81014 -2.21469 69.5614
440778 22.0413 18.8272 14.4095 14.9089 -0.966959 -2.46844 70.187
440786 20.9445 20.0326 13.2054 16.0706 0.695115 -2.49836 70.2532
440808 20.9445 20.0326 13.2054 16.0706 0.695115 -2.49836 70.2532
440810 19.5495 21.2285 12.3149 17.6175 2.46837 -2.30072 70.7104
440816 19.5495 21.2285 12.3149 17.6175 2.46837 -2.30072 70.7104
440839 17.7985 22.5008 11.3232 19.1708 4.43188 -2.07759 70.7934
440840 15.3667 23.6393 10.3417 20.8978 6.70106 -1.65843 70.2455
440872 12.2933 24.6533 9.33988 22.895 9.36489 -1.02162 69.1816
440873 8.85276 25.6005 8.48988 25.3167 12.2966 -0.142099 68.2598
440887 5.95338 26.4997 7.94345 27.8831 14.8236 0.741093 68.2796
440906 5.95338 26.4997 7.94345 27.8831 14.8236 0.741093 68.2796
440908 4.21376 27.4947 8.075 30.5074 16.2586 1.4669 70.2908
440917 4.19443 28.5279 8.9756 32.958 16.1795 1.85075 74.6559
440937 4.19443 28.5279 8.9756 32.958 16.1795 1.85075 74.6559
440939 4.42638 29.3219 9.29941 34 16.0927 1.85946 77.0477
440948 4.44571 29.8481 9.31964 34 16.1321 1.74439 77.6134
440968 4.44571 29.8481 9.31964 34 16.1321 1.74439 77.6134
440969 4.42638 30.1159 9.05655 34 16.3124 1.64582 77.5989
440978 4.42638 30.1159 9.05655 34 16.3124 1.64582 77.5989
440999 4.3394 30.0968 8.64167 33.0738 16.4768 1.43384 76.1516
441001 4.3394 30.0203 7.97381 31.3275 16.642 1.00629 73.6609
441013 4.3394 30.0203 7.97381 31.3275 16.642 1.00629 73.6609
441033 4.3394 29.7811 7.26548 29.2145 16.7813 0.501308 70.6005
441033 4.23309 29.4367 6.43571 26.9762 17.0479 -0.0576693 67.0817
441040 4.23309 29.4367 6.43571 26.9762 17.0479 -0.0576693 67.0817
441064 4.10745 29.188 5.76786 24.8825 17.2784 -0.620455 63.9458
441064 4.10745 29.188 5.76786 24.8825 17.2784 -0.620455 63.9458
441079 4.05912 28.8818 5.02917 23.1073 17.56 -1.17994 61.0774
441080 4.0398 28.6522 4.58393 21.7083 17.6898 -1.6275 58.9842
441097 4.0398 28.6522 4.58393 21.7083 17.6898 -1.6275 58.9842
441100 4.0398 28.4705 4.33095 20.8689 17.7476 -1.90012 57.7101
441110 3.97214 28.3174 4.25 20.5505 17.799 -1.96769 57.09
441132 4.00114 28.2983 4.34107 20.7917 17.7373 -1.87176 57.4322
441141 4.00114 28.2983 4.34107 20.7917 17.7373 -1.87176 57.4322
441159 4.03013 28.4035 4.64464 21.5057 17.5963 -1.6088 58.5839
441161 4.0108 28.5948 5.0494 22.5959 17.4813 -1.23491 60.2509
441193 4.16543 28.9584 5.525 23.8695 17.2499 -0.894777 62.5183
441196 4.30074 29.3219 5.99048 25.2202 17.0633 -0.558035 64.8333
441202 4.30074 29.3219 5.99048 25.2202 17.0633 -0.558035 64.8333
441227 4.43604 29.6472 6.43571 26.2815 16.8625 -0.306732 66.8004
441229 4.43604 29.6472 6.43571 26.2815 16.8625 -0.306732 66.8004
441237 4.41671 29.8672 6.81012 27.1691 16.7768 -0.0669461 68.2632
441243 4.5037 30.0107 7.07321 27.9892 16.6805 0.118151 69.5768
441261 4.5037 30.0107 7.07321 27.9892 16.6805 0.118151 69.5768
441264 4.52302 30.0968 7.32619 28.5681 16.598 0.271111 70.5141
441273 4.53269 29.9437 7.52857 28.9733 16.5036 0.42805 70.9783
441293 4.53269 29.9437 7.52857 28.9733 16.5036 0.42805 70.9783
441295 4.53269 29.7907 7.7006 29.3014 16.4243 0.563323 71.3253
441305 4.53269 29.7907 7.7006 29.3014 16.4243 0.563323 71.3253
441324 4.36839 29.3315 7.78155 29.4364 16.4338 0.744129 70.9178
441325 4.29107 28.8818 7.90298 29.4268 16.3521 0.884407 70.5027
441335 4.29107 28.8818 7.90298 29.4268 16.3521 0.884407 70.5027
441355 4.21376 28.3557 7.93333 29.4557 16.3184 1.03339 69.9585
441360 4.10745 27.8582 7.95357 29.3785 16.2977 1.16161 69.2978
441366 4.10745 27.8582 7.95357 29.3785 16.2977 1.16161 69.2978
441389 4.32007 27.3225 8.69226 29.2531 15.6504 1.35861 69.5879
441391 4.32007 27.3225 8.69226 29.2531 15.6504 1.35861 69.5879
441396 7.54804 27.4851 9.0869 28.8672 13.6042 0.600305 72.9872
441422 8.96873 26.6911 9.74464 27.912 12.2379 0.408551 73.3165
441435 10.2348 25.543 10.3821 26.3104 10.7756 0.189335 72.4704
441455 12.7476 24.3568 12.6286 23.8598 7.75907 -0.125551 73.5928
441456 12.7476 24.3568 12.6286 23.8598 7.75907 -0.125551 73.5928
441461 17.0866 23.5627 16.5042 21.0908 3.5347 -0.585544 78.2443
441470 18.1449 21.525 16.7875 15.6737 0.785497 -1.49909 72.1311
441489 18.1449 21.525 16.7875 15.6737 0.785497 -1.49909 72.1311
441491 20.0306 19.4204 16.8786 10.5718 -2.58478 -2.69067 66.9013
441524 20.0306 19.4204 16.8786 10.5718 -2.58478 -2.69067 66.9013
441524 22.0413 17.4305 18.7182 8.33542 -5.63453 -2.80003 66.5254
441526 24.2541 15.2394 22.104 8.07403 -8.26906 -2.00557 69.6716
441530 24.2541 15.2394 22.104 8.07403 -8.26906 -2.00557 69.6716
441540 26.2168 12.94 25.0553 7.95786 -10.5218 -1.2769 72.1699
441558 27.6503 10.8042 27.5113 7.79328 -12.3931 -0.640572 73.759
441560 27.6503 10.8042 27.5113 7.79328 -12.3931 -0.640572 73.759
441570 28.7085 9.00509 29.3407 7.70615 -13.8235 -0.133792 74.7605
441592 28.7085 9.00509 29.3407 7.70615 -13.8235 -0.133792 74.7605
441594 29.5263 7.61969 30.321 7.52221 -14.904 0.13947 74.9893
441600 30.0843 6.70572 30.4625 7.23178 -15.644 0.182109 74.4844
441628 30.0843 6.70572 30.4625 7.23178 -15.644 0.182109 74.4844
441629 30.4692 5.89757 29.8763 6.74772 -16.3377 0.0528842 72.9908
441631 30.6038 5.45501 29.0071 6.30239 -16.7629 -0.157493 71.3684
441641 30.6038 5.45501 29.0071 6.30239 -16.7629 -0.157493 71.3684
441665 30.5365 5.39728 27.6427 5.89579 -16.8722 -0.51718 69.4723
441666 30.5365 5.39728 27.6427 5.89579 -16.8722 -0.51718 69.4723
441671 30.5076 5.23373 26.2883 5.26651 -17.1985 -0.933152 67.2962
441700 30.4211 5.22411 25.1159 4.98576 -17.2355 -1.26473 65.7469
441701 30.4211 5.22411 25.1159 4.98576 -17.2355 -1.26473 65.7469
441702 30.2383 5.09904 24.4489 4.71469 -17.3926 -1.43573 64.5009
441712 29.9304 5.10866 24.0951 4.66629 -17.3394 -1.47592 63.8005
441736 29.9304 5.10866 24.0951 4.66629 -17.3394 -1.47592 63.8005
441737 29.661 5.01245 24.3377 4.70501 -17.3744 -1.32559 63.7162
441772 29.3724 4.91624 24.5398 4.83087 -17.3443 -1.15881 63.6593
441773 28.9683 4.82965 24.9542 4.90831 -17.3516 -0.927284 63.6605
441774 28.9683 4.82965 24.9542 4.90831 -17.3516 -0.927284 63.6605
441783 28.6027 4.69496 25.5809 5.16002 -17.3054 -0.598889 64.0386
441806 28.2371 4.57951 26.3894 5.31492 -17.3324 -0.25859 64.521
441808 28.2371 4.57951 26.3894 5.31492 -17.3324 -0.25859 64.521
441822 28.0255 4.42558 26.9453 5.49886 -17.3535 -0.00159055 64.8952
441843 27.7657 4.35823 27.5113 5.62472 -17.3514 0.232624 65.2599
441849 27.4963 4.23316 28.1177 5.8377 -17.334 0.50832 65.6849
441878 27.1885 4.21392 28.7241 5.95387 -17.3065 0.743557 66.0804
441880 26.8421 4.04075 29.3306 6.07005 -17.3731 1.02237 66.2835
441890 26.8421 4.04075 29.3306 6.07005 -17.3731 1.02237 66.2835
441896 26.7844 4.01188 29.6641 6.05068 -17.4354 1.10925 66.511
441915 26.7844 4.01188 29.6641 6.05068 -17.4354 1.10925 66.511
441917 26.6401 3.89643 29.7753 6.06036 -17.4993 1.19759 66.3721
441926 26.4765 3.78098 29.9471 6.07005 -17.568 1.30358 66.2746
441949 26.4765 3.78098 29.9471 6.07005 -17.568 1.30358 66.2746
441951 26.4188 3.68478 30.1492 6.00228 -17.6896 1.36924 66.2551
441961 26.6882 3.68478 30.3615 5.95387 -17.7734 1.33661 66.6883
441985 27.0922 3.7425 30.5636 5.93451 -17.8141 1.26165 67.3329
441987 27.0922 3.7425 30.5636 5.93451 -17.8141 1.26165 67.3329
441997 27.6599 4.07923 30.786 6.041 -17.6201 1.11306 68.5661
442019 28.5739 5.3588 30.7961 6.18622 -16.86 0.645064 70.9149
442021 28.5739 5.3588 30.7961 6.18622 -16.86 0.645064 70.9149
442029 29.2377 6.07074 30.5232 6.27335 -16.4402 0.30957 72.105
442055 29.5071 6.58065 30.0785 6.38952 -16.0619 0.0786173 72.5557
442056 29.5071 6.58065 30.0785 6.38952 -16.0619 0.0786173 72.5557
442059 29.6706 7.206 29.5125 6.68964 -15.4927 -0.138448 73.0788
442068 29.6706 7.206 28.4715 6.68964 -15.3553 -0.357213 72.0377
442091 29.5937 8.52405 28.4715 6.8639 -14.5253 -0.568189 73.4531
442093 29.3435 9.63045 27.3092 6.69932 -13.8125 -1.02055 72.9824
442100 29.3435 9.63045 27.3092 6.69932 -13.8125 -1.02055 72.9824
442127 28.8817 10.2269 25.8133 6.28303 -13.4067 -1.47721 71.205
442129 28.1313 10.352 24.2164 5.91515 -13.146 -1.82579 68.6149
442138 28.1313 10.352 24.2164 5.91515 -13.146 -1.82579 68.6149
442140 27.3231 10.3328 22.9732 5.78929 -12.8633 -2.00849 66.4184
442165 27.3231 10.3328 22.9732 5.78929 -12.8633 -2.00849 66.4184
442169 26.3226 10.2847 21.9727 5.93451 -12.4298 -2.02282 64.5144
442176 25.4375 10.5348 21.3359 6.46697 -11.6705 -1.92145 63.7752
442202 25.4375 10.5348 21.3359 6.46697 -11.6705 -1.92145 63.7752
442202 24.6005 11.1217 20.8609 7.41572 -10.5174 -1.74508 63.9987
442206 24.2252 12.1896 20.305 8.8098 -8.97718 -1.67101 65.5296
442215 24.2252 12.1896 20.305 8.8098 -8.97718 -1.67101 65.5296
442238 23.9655 13.9983 19.3347 10.8235 -6.78138 -1.71874 68.122
442240 23.6095 15.9898 18.0309 12.8565 -4.53777 -1.85395 70.4867
442242 23.6095 15.9898 18.0309 12.8565 -4.53777 -1.85395 70.4867
442252 22.9745 17.9567 16.2208 14.3571 -2.40586 -2.17175 71.5091
442275 22.9745 17.9567 16.2208 14.3571 -2.40586 -2.17175 71.5091
442275 21.7623 19.4491 14.2577 15.7511 -0.28778 -2.35941 71.2203
442282 20.0113 20.9128 12.5173 17.2316 1.98653 -2.3719 70.6729
442311 20.0113 20.9128 12.5173 17.2316 1.98653 -2.3719 70.6729
442312 17.5003 22.1947 10.8679 18.8235 4.55784 -2.1626 69.3863
442313 14.5549 23.4097 9.69405 20.618 7.24216 -1.6812 68.2766
442323 14.5549 23.4097 9.69405 20.618 7.24216 -1.6812 68.2766
442349 11.3172 24.7299 8.78333 22.6538 10.1072 -1.02468 67.4842
442350 11.3172 24.7299 8.78333 22.6538 10.1072 -1.02468 67.4842
442353 8.3502 26.0788 8.29762 24.9308 12.697 -0.266181 67.6574
442363 6.05003 27.4564 8.01429 27.3235 14.7854 0.399025 68.8442
442388 6.05003 27.4564 8.01429 27.3235 14.7854 0.399025 68.8442
442390 4.8033 28.8149 8.27738 29.4943 15.8386 0.872717 71.3899
442395 4.98692 30.1446 8.83393 31.2599 15.8137 0.989488 75.2254
442405 4.98692 30.1446 8.83393 31.2599 15.8137 0.989488 75.2254
442427 5.07391 31.0439 9.07679 32.0607 15.8416 0.974634 77.2553
442429 5.07391 31.0439 9.07679 32.0607 15.8416 0.974634 77.2553
442443 5.14156 31.6083 8.89464 31.945 15.9548 0.790644 77.5895
442467 5.14156 31.8666 8.52024 31.1152 16.0875 0.514185 76.6436
442471 5.14156 31.8666 8.52024 31.1152 16.0875 0.514185 76.6436
442473 5.11256 32.0388 7.9131 29.5426 16.2705 0.0611722 74.6071
442476 5.04491 31.9049 7.11369 27.4875 16.5035 -0.492362 71.551
442505 4.99659 31.7327 6.24345 25.2395 16.761 -1.15368 68.2122
442507 4.99659 31.7327 6.24345 25.2395 16.761 -1.15368 68.2122
442517 4.92894 31.5127 5.37321 22.895 17.0397 -1.89462 64.7098
442541 4.85162 31.417 4.7256 21.004 17.2762 -2.54984 61.9982
442543 4.85162 31.417 4.7256 21.004 17.2762 -2.54984 61.9982
442547 4.89028 31.5414 4.22976 19.6725 17.442 -3.115 60.3339
442557 4.88061 31.7423 3.825 18.9007 17.6657 -3.51243 59.3486
442579 4.88061 31.7423 3.825 18.9007 17.6657 -3.51243 59.3486
442585 4.94827 32.058 3.71369 18.6402 17.7039 -3.70258 59.3601
442591 4.94827 32.058 3.71369 18.6402 17.7039 -3.70258 59.3601
442618 4.99659 32.5746 3.75417 18.7077 17.7117 -3.77524 60.033
442619 5.11256 33.3208 3.825 19.277 17.7379 -3.73721 61.5353
442621 5.11256 33.3208 3.825 19.277 17.7379 -3.73721 61.5353
442628 5.21887 34 3.91607 19.7787 17.7401 -3.7013 62.9136
442657 5.44116 34 4.12857 20.4637 17.5275 -3.4784 64.0334
442660 5.44116 34 4.12857 20.4637 17.5275 -3.4784 64.0334
442662 5.66344 34 4.31071 21.0715 17.333 -3.29335 65.0457
442668 5.66344 34 4.31071 21.0715 17.333 -3.29335 65.0457
442695 5.81808 34 4.28036 21.4478 17.2967 -3.22443 65.5462
442697 5.90506 34 4.37143 21.689 17.2107 -3.14816 65.9655
442700 5.90506 34 4.37143 21.689 17.2107 -3.14816 65.9655
442710 6.01137 34 4.35119 21.6311 17.1488 -3.18873 65.9937
442734 6.07902 34 4.18929 21.4478 17.1874 -3.29644 65.7161
442738 6.07902 34 4.18929 21.4478 17.1874 -3.29644 65.7161
442741 6.14667 34 4.10833 21.1873 17.1649 -3.404 65.4423
442774 6.14667 34 4.10833 21.1873 17.1649 -3.404 65.4423
442775 6.08869 34 3.8756 20.7049 17.296 -3.59713 64.6692
442777 6.10802 34 3.67321 20.3286 17.3715 -3.76842 64.1098
442790 6.10802 34 3.67321 20.3286 17.3715 -3.76842 64.1098
442815 6.05003 34 3.57202 19.9041 17.4267 -3.91349 63.5261
