1118015 20.8387 13.3729 21.3258 8.72266 -7.80768 -0.971798 64.2601
1118024 20.8387 13.3729 21.3258 8.72266 -7.80768 -0.971798 64.2601
1118033 20.4731 12.1511 21.7907 8.26765 -8.71258 -0.614008 62.6826
1118043 20.0787 11.0543 22.3062 7.89009 -9.55516 -0.229104 61.3293
1118062 20.0787 11.0543 22.3062 7.89009 -9.55516 -0.229104 61.3293
1118070 19.6457 9.794 23.1046 7.61902 -10.5286 0.320111 60.1634
1118079 19.4052 9.794 24.1861 7.61902 -10.728 0.640749 61.0043
1118089 19.4052 8.75495 24.1861 7.40604 -11.4767 0.861549 59.7523
1118097 19.3379 7.69666 25.4899 7.38667 -12.4119 1.46268 59.9111
1118105 19.3379 7.69666 25.4899 7.38667 -12.4119 1.46268 59.9111
1118115 19.0204 6.77306 26.7735 7.34795 -13.2158 2.08496 59.9149
1118128 18.8183 5.91681 27.8954 7.39636 -13.9107 2.63796 60.0269
1118144 18.8183 5.91681 27.8954 7.39636 -13.9107 2.63796 60.0269
1118148 18.7125 5.25297 29.0375 7.52221 -14.4464 3.12123 60.5251
1118155 18.5105 4.67572 29.9875 7.69647 -14.8372 3.57263 60.8702
1118185 18.5105 4.67572 29.9875 7.69647 -14.8372 3.57263 60.8702
1118190 18.3469 4.34861 30.5232 7.82232 -15.0305 3.84577 61.041
1118222 17.8659 3.96378 30.5535 7.81264 -15.2182 4.12068 60.1958
1118230 17.5965 3.95416 30.1694 7.68679 -15.2024 4.11709 59.4069
1118240 17.3367 3.9253 29.5529 7.52221 -15.1885 4.06596 58.3372
1118248 17.3367 3.9253 29.5529 7.52221 -15.1885 4.06596 58.3372
1118267 17.202 3.83871 29.1284 7.36731 -15.2618 4.02918 57.5365
1118285 17.0481 3.84833 28.7241 7.25114 -15.2417 3.97707 56.8717
1118295 17 3.80985 28.5826 7.28986 -15.2088 3.98607 56.6824
1118304 17 3.80985 28.5826 7.28986 -15.2088 3.98607 56.6824
1118314 16.9227 3.98302 28.7545 7.41572 -15.0144 4.01163 57.0759
1118324 17.077 4.4352 28.9263 7.7836 -14.5067 3.91545 58.222
1118333 17.077 4.4352 28.9263 7.7836 -14.5067 3.91545 58.222
1118343 17.2886 5.176 29.0577 8.20957 -13.7953 3.71726 59.7319
1118352 17.2886 5.176 29.0577 8.20957 -13.7953 3.71726 59.7319
1118362 17.3752 6.11885 28.8353 8.68394 -12.8692 3.44807 61.0133
1118369 17.6157 7.56197 28.1278 9.19704 -11.5933 2.9152 62.5026
1118388 17.6157 7.56197 28.1278 9.19704 -11.5933 2.9152 62.5026
1118389 17.7408 9.29372 27.0969 9.54556 -10.2072 2.26329 63.677
1118399 17.7408 9.29372 27.0969 9.54556 -10.2072 2.26329 63.677
1118418 17.6542 10.8523 25.6112 9.83599 -8.82557 1.6279 63.9537
1118427 17.3848 12.1896 23.6403 9.90376 -7.49851 0.943379 63.1185
1118435 17.3848 12.1896 23.6403 9.90376 -7.49851 0.943379 63.1185
1118444 16.884 13.3826 21.3966 9.82631 -6.12776 0.233275 61.4895
1118453 16.3041 14.4793 19.2539 9.70046 -4.76173 -0.459301 59.7378
1118461 16.3041 14.4793 19.2539 9.70046 -4.76173 -0.459301 59.7378
1118470 15.7533 15.5569 17.4245 9.81663 -3.33223 -1.04243 58.5513
1118489 15.328 16.6248 15.806 10.049 -1.9289 -1.58228 57.8077
1118490 15.328 16.6248 15.806 10.049 -1.9289 -1.58228 57.8077
1118500 15.0671 17.5166 14.4196 10.3104 -0.723982 -2.05545 57.3137
1118510 15.0671 17.5166 14.4196 10.3104 -0.723982 -2.05545 57.3137
1118529 14.8351 18.3872 13.2256 10.5233 0.372902 -2.49425 56.9712
1118538 14.5645 19.0664 12.2744 11.201 1.50093 -2.66752 57.1064
1118546 14.5645 19.0664 12.2744 11.201 1.50093 -2.66752 57.1064
1118555 14.3809 19.7169 11.6571 12.3531 2.59515 -2.60402 58.1081
1118564 14.3809 19.7169 11.1006 12.3531 2.86201 -2.77425 57.5515
1118573 14.1393 20.157 11.1006 14.0957 3.78737 -2.29441 59.4926
1118581 14.0813 20.4153 10.8274 16.119 4.73026 -1.84322 61.443
1118600 14.0813 20.4153 10.8274 16.119 4.73026 -1.84322 61.443
1118602 14.1876 20.5588 10.5845 17.9938 5.44039 -1.46107 63.3247
1118613 14.3809 20.4344 10.3012 19.576 5.92355 -1.14498 64.6926
1118623 14.3809 20.4344 10.3012 19.576 5.92355 -1.14498 64.6926
1118633 14.2359 20.2527 10.1899 20.7242 6.32659 -0.819815 65.4027
1118643 13.6657 19.8222 10.0887 21.525 6.75588 -0.43184 65.1016
1118662 13.6657 19.8222 10.0887 21.525 6.75588 -0.43184 65.1016
1118664 12.7186 19.4395 9.9369 22.4994 7.46327 0.0646108 64.5944
1118673 12.7186 19.4395 9.9369 22.4994 7.46327 0.0646108 64.5944
1118693 11.6072 19.0473 9.74464 23.3774 8.26044 0.580376 63.7765
1118700 10.2638 18.6455 9.5119 24.2554 9.22401 1.16264 62.6766
1118709 10.2638 18.6455 9.5119 24.2554 9.22401 1.16264 62.6766
1118718 8.80443 18.0523 9.4006 25.1237 10.1705 1.87376 61.3811
1118726 7.36441 17.3635 9.33988 26.2333 11.1493 2.69776 60.3011
1118737 7.36441 17.3635 9.33988 26.2333 11.1493 2.69776 60.3011
1118745 5.92439 16.6921 9.45119 27.4682 12.0871 3.6036 59.5359
1118764 5.92439 16.6921 9.45119 27.4682 12.0871 3.6036 59.5359
1118766 4.56168 16.0379 9.54226 28.8093 13.0376 4.51695 58.9512
1118775 3.45992 15.5857 9.78512 29.9285 13.7294 5.27609 58.7593
1118796 3.45992 15.5857 9.78512 29.9285 13.7294 5.27609 58.7593
1118797 2.85105 15.3164 9.90655 30.7486 14.1559 5.73447 58.8225
1118806 2.58044 15.249 10.119 31.4047 14.3018 5.98812 59.3532
1118818 2.58044 15.249 10.119 31.4047 14.3018 5.98812 59.3532
1118827 2.52246 15.0566 10.3113 31.7327 14.2376 6.15491 59.623
1118845 2.52246 15.0566 10.3113 31.7327 14.2376 6.15491 59.623
1118847 2.43547 14.7583 10.3518 31.8099 14.2282 6.30974 59.3555
1118859 2.30984 14.6044 10.3417 31.7616 14.2816 6.40209 59.0176
1118875 2.30984 14.6044 10.3417 31.7616 14.2816 6.40209 59.0176
1118884 2.22285 14.335 10.2708 31.5301 14.2958 6.48823 58.3588
1118893 2.22285 14.1811 10.0988 31.1924 14.3218 6.47037 57.6952
1118901 2.22285 14.1811 10.0988 31.1924 14.3218 6.47037 57.6952
1118910 2.16487 14.056 9.97738 30.7582 14.3408 6.45617 56.9565
1118922 2.16487 14.056 9.97738 30.7582 14.3408 6.45617 56.9565
1118929 2.14554 13.9213 9.99762 30.4977 14.2657 6.4783 56.5622
1118943 2.87038 14.056 10.2405 30.3916 13.6108 6.1778 57.5585
1118948 2.87038 14.056 10.2405 30.3916 13.6108 6.1778 57.5585
1118958 3.99147 14.2869 10.5643 30.1504 12.6632 5.70481 58.9931
1118976 5.07391 14.412 10.9185 29.9381 11.7487 5.31235 60.3425
1118987 5.07391 14.412 10.9185 29.9381 11.7487 5.31235 60.3425
1118994 6.06936 14.5274 11.3131 29.3207 10.8057 4.90857 61.2306
1119003 6.06936 14.5274 11.3131 29.3207 10.8057 4.90857 61.2306
1119011 7.65435 14.5852 11.4649 28.1918 9.55541 4.2209 61.8962
1119020 9.56794 14.768 11.4851 26.6867 8.15964 3.32021 62.5077
1119030 9.56794 14.768 11.4851 26.6867 8.15964 3.32021 62.5077
1119051 11.0949 14.7968 11.4649 24.9694 6.90176 2.53726 62.326
1119057 12.3417 14.7102 11.394 23.0397 5.69818 1.80087 61.4857
1119074 13.3854 14.6429 10.9994 20.8785 4.64751 0.963907 59.9063
1119083 13.3854 14.6429 10.9994 20.8785 4.64751 0.963907 59.9063
1119094 14.3712 14.614 10.6857 18.8138 3.57825 0.131904 58.4848
1119100 15.1831 14.4986 10.706 17.1833 2.51555 -0.467001 57.5709
1119119 15.1831 14.4986 10.706 17.1833 2.51555 -0.467001 57.5709
1119128 15.8499 14.3735 11.0298 15.7511 1.42313 -0.905859 57.0043
1119138 16.6327 14.2388 11.9 14.4539 0.0698775 -1.18418 57.2254
1119146 16.6327 14.2388 11.9 14.4539 0.0698775 -1.18418 57.2254
1119159 17.3945 14.0079 13.3167 13.3793 -1.4303 -1.21512 58.0983
1119167 17.3945 14.0079 13.3167 13.3793 -1.4303 -1.21512 58.0983
1119175 18.0006 13.7482 15.1887 12.1498 -3.08498 -1.1196 59.0872
1119184 18.5008 13.4788 17.1011 10.9396 -4.65822 -0.984396 60.0203
1119193 18.5008 13.4788 17.1011 10.9396 -4.65822 -0.984396 60.0203
1119212 19.1839 13.4403 19.1629 10.1167 -5.97289 -0.810429 61.9039
1119214 19.8189 13.4403 20.9822 9.68109 -6.9145 -0.60916 63.9224
1119223 19.8189 13.4403 20.9822 9.68109 -6.9145 -0.60916 63.9224
1119244 20.2615 13.2479 22.4275 9.39066 -7.67303 -0.388324 65.3275
1119246 20.2615 13.2479 22.4275 9.39066 -7.67303 -0.388324 65.3275
1119253 20.348 12.7861 23.4887 9.18736 -8.30545 -0.104405 65.8102
1119265 20.2422 11.8913 23.9536 8.89692 -9.00512 0.165499 64.9841
1119274 20.2422 11.8913 23.9536 8.89692 -9.00512 0.165499 64.9841
1119287 20.0883 11.064 24.2164 8.41287 -9.73161 0.347368 63.7815
1119294 19.8766 10.0153 24.4185 7.95786 -10.568 0.598499 62.2683
1119313 19.8766 10.0153 24.4185 7.95786 -10.568 0.598499 62.2683
1119315 19.8093 9.0532 24.7925 7.60934 -11.4011 0.866581 61.2643
1119324 19.8093 9.0532 24.7925 7.60934 -11.4011 0.866581 61.2643
1119343 19.5688 7.93718 25.3686 7.26082 -12.3635 1.27799 60.1354
1119346 19.386 6.92699 25.9952 7.07688 -13.2093 1.70729 59.3851
1119355 19.386 6.92699 25.9952 7.07688 -13.2093 1.70729 59.3851
1119365 19.1743 6.01302 27.0767 7.05752 -13.9833 2.2623 59.3215
1119376 18.953 5.26259 28.1683 7.20273 -14.5402 2.80819 59.5866
1119404 18.7317 4.65648 29.0476 7.2705 -15.012 3.24836 59.7063
1119413 18.7317 4.65648 29.0476 7.2705 -15.012 3.24836 59.7063
1119423 18.5297 4.27165 29.6439 7.32859 -15.2966 3.55618 59.7738
1119431 18.3758 4.06961 30.0684 7.39636 -15.4307 3.76047 59.9101
1119441 18.3758 4.06961 30.0684 7.39636 -15.4307 3.76047 59.9101
1119449 18.2507 3.96378 30.1998 7.4738 -15.4509 3.87199 59.8881
1119458 18.3565 3.9734 30.1492 7.43508 -15.4793 3.81905 59.9142
1119467 18.3565 3.9734 30.1492 7.43508 -15.4793 3.81905 59.9142
1119485 18.4143 3.99264 29.8763 7.29954 -15.524 3.7181 59.5828
1119487 18.4143 3.99264 29.8763 7.29954 -15.524 3.7181 59.5828
1119498 18.3084 3.87719 29.3811 7.15433 -15.6068 3.66559 58.721
1119508 18.2892 3.9253 28.7545 6.98007 -15.5906 3.49964 57.949
1119528 18.2892 3.9253 28.7545 6.98007 -15.5906 3.49964 57.949
1119530 18.2796 4.03113 28.2592 6.77677 -15.5767 3.32851 57.3467
1119538 18.4527 4.3871 27.9358 6.95103 -15.1795 3.13035 57.7267
1119557 18.4527 4.3871 27.9358 6.95103 -15.1795 3.13035 57.7267
1119559 18.7414 5.06055 27.8751 7.18337 -14.5992 2.86863 58.8604
1119573 18.7414 5.06055 27.8751 7.18337 -14.5992 2.86863 58.8604
1119579 19.1358 5.98415 27.4911 7.44476 -13.8196 2.45168 60.0558
1119598 19.3571 6.82117 26.8442 7.63838 -13.0817 2.05347 60.6609
1119600 19.3571 6.82117 26.8442 7.63838 -13.0817 2.05347 60.6609
1119609 19.5399 7.77363 25.8942 7.75456 -12.2641 1.5588 60.9623
1119619 19.7997 9.13016 24.7622 7.96754 -11.1354 0.924407 61.6596
1119641 19.7997 9.13016 24.7622 7.96754 -11.1354 0.924407 61.6596
1119644 20.069 10.554 23.3977 8.1418 -9.96215 0.221141 62.1626
1119669 20.1268 11.7374 21.8413 8.17084 -8.91286 -0.448979 61.8763
1119678 20.0113 12.7187 20.3454 8.03531 -8.01933 -1.06757 61.1108
1119687 20.0113 12.7187 20.3454 8.03531 -8.01933 -1.06757 61.1108
1119695 19.7419 13.5076 18.7485 7.91913 -7.11969 -1.64776 59.9172
1119709 19.3763 14.1619 17.374 7.94818 -6.21822 -2.09379 58.8603
1119713 19.3763 14.1619 17.374 7.94818 -6.21822 -2.09379 58.8603
1119721 18.9338 14.8065 16.3119 8.09339 -5.30817 -2.40816 58.1455
1119740 18.5201 15.5088 15.553 8.5 -4.33195 -2.57634 58.0818
1119743 18.5201 15.5088 15.553 8.5 -4.33195 -2.57634 58.0818
1119756 18.116 16.163 15.0167 9.03246 -3.40197 -2.63078 58.3281
1119770 18.116 16.163 15.0167 9.03246 -3.40197 -2.63078 58.3281
1119779 18.0968 16.7114 14.531 9.5746 -2.69112 -2.72498 58.9137
1119788 17.9525 17.1148 14.0554 10.7073 -1.74901 -2.58348 59.8299
1119800 17.9525 17.1148 14.0554 10.7073 -1.74901 -2.58348 59.8299
1119806 17.5676 17.2105 13.8125 12.3047 -0.765654 -2.1334 60.8953
1119815 16.9807 17.1531 13.519 14.2409 0.361201 -1.5447 61.8937
1119824 16.9807 17.1531 13.519 14.2409 0.361201 -1.5447 61.8937
1119833 16.1302 16.8846 12.9119 16.2933 1.66174 -0.918409 62.2199
1119853 16.1302 16.8846 12.9119 16.2933 1.66174 -0.918409 62.2199
1119856 15.2604 16.7499 12.1833 18.4569 3.09775 -0.328018 62.6504
1119864 14.4292 16.6921 11.6571 20.2128 4.29369 0.178267 62.9913
1119893 13.9653 16.5959 11.4548 21.8048 5.08479 0.634187 63.8208
1119895 13.2018 16.5959 11.4548 21.8048 5.44906 0.823486 63.0573
1119904 13.2018 16.3362 11.4548 23.1941 5.79312 1.19437 64.1868
1119923 12.1097 15.7204 11.4042 24.5352 6.56337 1.90746 63.7695
1119925 12.1097 15.7204 11.4042 24.5352 6.56337 1.90746 63.7695
1119937 10.7567 15.326 11.394 25.7991 7.49668 2.63382 63.2758
1119945 9.30699 14.8257 11.3333 27.0823 8.5005 3.42526 62.5483
1119959 9.30699 14.8257 11.3333 27.0823 8.5005 3.42526 62.5483
1119965 7.90563 14.5371 11.2929 28.2883 9.52331 4.14481 62.0239
1119984 6.37862 14.0945 11.2726 29.4847 10.5862 4.96914 61.2304
1119986 6.37862 14.0945 11.2726 29.4847 10.5862 4.96914 61.2304
1119995 4.8033 13.6135 11.2018 30.4495 11.6775 5.80205 60.068
1120005 4.8033 13.6135 11.2018 30.4495 11.6775 5.80205 60.068
1120028 3.58556 13.1228 11.2119 31.3564 12.5183 6.54388 59.2767
1120033 2.55145 12.6802 11.2423 32.0028 13.2058 7.18577 58.4768
1120041 2.55145 12.6802 11.2423 32.0028 13.2058 7.18577 58.4768
1120052 1.9909 12.3435 11.2726 32.4949 13.586 7.59865 58.1019
1120059 1.71063 12.2088 11.3333 32.7554 13.7568 7.80129 58.0082
1120068 1.71063 12.2088 11.3333 32.7554 13.7568 7.80129 58.0082
1120088 1.68164 12.1126 11.5054 32.9291 13.6765 7.89306 58.2287
1120090 1.68164 12.1126 11.5054 32.9291 13.6765 7.89306 58.2287
1120100 1.75895 12.2184 11.4244 32.8712 13.6883 7.80417 58.273
1120115 1.68164 12.2473 11.2827 32.6493 13.797 7.77806 57.8609
1120125 1.68164 12.2473 11.2827 32.6493 13.797 7.77806 57.8609
1120134 1.75895 12.3243 11.1714 32.2826 13.7635 7.65699 57.5373
1120143 1.78795 12.3531 10.9893 31.9353 13.8048 7.56589 57.0657
1120161 1.78795 12.4109 10.8982 31.6748 13.8271 7.4969 56.7718
1120174 1.78795 12.4109 10.8982 31.6748 13.8271 7.4969 56.7718
1120189 2.0199 12.6514 11.1006 31.6652 13.5784 7.33702 57.437
1120198 3.12166 13.1036 11.3738 31.5397 12.7445 6.76924 59.1388
1120221 4.46504 13.5942 11.556 30.9319 11.7698 6.05196 60.5471
1120225 5.78908 14.056 11.7179 29.7259 10.7177 5.28611 61.2888
1120234 5.78908 14.056 11.7179 29.7259 10.7177 5.28611 61.2888
1120244 7.75099 14.5948 11.8494 28.1339 9.27669 4.24462 62.3291
1120253 7.75099 14.5948 11.8494 28.1339 9.27669 4.24462 62.3291
1120266 10.1381 15.0085 11.6065 25.7991 7.61878 2.9397 62.5523
1120271 12.2354 15.3164 11.2929 23.3678 6.09039 1.71403 62.2123
1120290 12.2354 15.3164 11.2929 23.3678 6.09039 1.71403 62.2123
1120291 13.7624 15.4703 11.0601 20.9943 4.74901 0.690631 61.2871
1120301 15.1541 15.4799 10.6756 18.5437 3.42252 -0.354537 59.8533
1120330 16.5458 15.528 10.3214 16.2158 2.08009 -1.41693 58.611
1120338 16.5458 15.528 10.3214 16.2158 2.08009 -1.41693 58.611
1120342 17.7119 15.4799 10.0583 14.1247 0.799283 -2.35525 57.3749
1120362 18.8087 15.4607 9.9369 12.4596 -0.364146 -3.14287 56.6659
1120370 18.8087 15.4607 9.9369 12.4596 -0.364146 -3.14287 56.6659
1120385 19.7323 15.326 10.2 11.0752 -1.56709 -3.67005 56.3335
1120389 20.7233 15.4799 10.9083 10.0587 -2.66443 -3.99759 57.1702
1120398 20.7233 15.4799 10.9083 10.0587 -2.66443 -3.99759 57.1702
1120409 21.82 15.6916 12.0417 9.22608 -3.80408 -4.1453 58.7794
1120424 22.8014 15.807 13.853 8.75171 -4.93996 -3.92164 61.2131
1120434 23.571 15.6916 16.0387 8.43223 -6.07448 -3.48129 63.7335
1120450 23.571 15.6916 16.0387 8.43223 -6.07448 -3.48129 63.7335
1120459 24.0713 15.3164 17.9703 8.30638 -7.0125 -2.99501 65.6643
1120468 24.1483 14.8161 19.3853 8.10308 -7.75529 -2.59042 66.4527
1120486 23.9559 13.931 20.1231 7.832 -8.47332 -2.26263 65.8419
1120495 23.9559 13.931 20.1231 7.832 -8.47332 -2.26263 65.8419
1120508 23.3882 12.863 20.5172 7.48349 -9.16662 -1.92614 64.252
1120523 22.7917 11.7663 20.8508 7.05752 -9.93284 -1.59679 62.4663
1120527 22.7917 11.7663 20.8508 7.05752 -9.93284 -1.59679 62.4663
1120536 22.1087 10.5829 21.3157 6.67027 -10.7829 -1.16326 60.6775
1120545 21.4929 9.39955 22.286 6.57346 -11.6339 -0.510371 59.7519
1120564 21.4929 9.39955 22.286 6.57346 -11.6339 -0.510371 59.7519
1120567 20.781 8.23543 23.6201 6.61219 -12.4701 0.307823 59.2487
1120576 20.781 8.23543 23.6201 6.61219 -12.4701 0.307823 59.2487
1120586 20.1075 7.07131 25.1968 6.76708 -13.3008 1.2136 59.1427
1120609 19.6457 6.15733 26.9049 7.01879 -13.9697 2.03944 59.7267
1120611 19.6457 6.15733 26.9049 7.01879 -13.9697 2.03944 59.7267
1120616 19.2705 5.30108 28.3097 7.15433 -14.6267 2.7215 60.0357
1120633 18.9434 4.6661 29.462 7.28986 -15.0963 3.26591 60.3613
1120636 18.9434 4.6661 29.462 7.28986 -15.0963 3.26591 60.3613
1120658 18.6163 4.1562 30.3615 7.46412 -15.412 3.72613 60.5981
1120659 18.6163 4.1562 30.3615 7.46412 -15.412 3.72613 60.5981
1120668 18.4431 3.9734 30.978 7.54157 -15.5516 3.96392 60.9361
1120682 18.3662 3.76174 31.1903 7.72551 -15.591 4.12521 61.0437
1120696 18.3662 3.76174 31.1903 7.72551 -15.591 4.12521 61.0437
1120699 18.2603 3.73288 30.9679 7.59966 -15.6437 4.10522 60.5608
1120708 18.193 3.68478 30.3413 7.36731 -15.726 3.98518 59.5863
1120731 18.193 3.68478 30.3413 7.36731 -15.726 3.98518 59.5863
1120735 18.2988 3.71364 29.371 6.96071 -15.8523 3.68141 58.3441
1120744 18.2988 3.71364 29.371 6.96071 -15.8523 3.68141 58.3441
1120757 18.4912 3.79061 28.5624 6.69932 -15.8852 3.3835 57.5436
1120763 18.6259 3.83871 28.047 6.54442 -15.9009 3.18812 57.056
1120781 18.9626 3.91568 27.7337 6.3992 -15.9536 2.96114 57.0112
1120790 19.5014 4.05999 27.4709 6.30239 -15.9633 2.67164 57.3347
1120809 19.5014 4.05999 27.4709 6.30239 -15.9633 2.67164 57.3347
1120811 20.0883 4.44482 27.2182 6.27335 -15.7641 2.31585 58.0247
1120820 20.7136 4.44482 27.0363 6.36048 -15.7734 2.11039 58.5552
1120839 20.7136 5.05093 27.0363 6.36048 -15.3557 1.93509 59.1613
1120843 21.2909 5.66667 26.7533 6.53474 -14.8736 1.57616 60.2456
1120853 21.2909 5.66667 26.7533 6.53474 -14.8736 1.57616 60.2456
1120862 21.5603 6.2824 26.3995 6.67027 -14.3678 1.28721 60.9125
1120879 21.9066 7.08093 25.7729 6.92198 -13.6492 0.901551 61.6824
1120903 22.1279 8.13922 24.9037 7.12528 -12.7484 0.424229 62.2961
1120910 22.2722 9.2841 23.8222 7.33827 -11.7481 -0.0946659 62.7168
1120926 22.2722 9.2841 23.8222 7.33827 -11.7481 -0.0946659 62.7168
1120928 22.2049 10.3713 22.6094 7.52221 -10.7326 -0.58474 62.7077
1120938 22.2049 10.3713 22.6094 7.52221 -10.7326 -0.58474 62.7077
1120952 21.8297 11.1409 21.2045 7.59966 -9.83152 -1.01167 61.7747
1120956 21.3967 11.8432 19.83 7.6287 -8.96015 -1.42869 60.6986
1120965 21.3967 11.8432 19.83 7.6287 -8.96015 -1.42869 60.6986
1120978 20.8868 12.6225 18.5059 7.80296 -7.92704 -1.80558 59.8182
1120993 20.348 13.4018 17.2628 8.00626 -6.86338 -2.15545 59.0189
1120994 20.348 13.4018 17.2628 8.00626 -6.86338 -2.15545 59.0189
1121005 19.7997 14.2677 16.2107 8.35478 -5.70836 -2.43085 58.6328
1121033 19.3571 14.9796 15.2696 8.77107 -4.65764 -2.64555 58.3774
1121041 19.0973 15.807 14.1768 9.28417 -3.50505 -2.94098 58.3653
1121055 19.0973 15.807 14.1768 9.28417 -3.50505 -2.94098 58.3653
1121060 18.7702 16.6921 13.2661 9.99089 -2.27918 -3.1179 58.7193
1121070 18.2796 17.3922 12.3958 10.9396 -0.9929 -3.13597 59.0073
1121090 17.7023 18.0045 11.6976 12.5273 0.472161 -2.87373 59.9318
1121109 16.971 18.6168 11.0601 14.5797 2.10908 -2.43712 61.2276
1121118 16.2268 19.0473 10.6958 16.7967 3.55336 -1.85965 62.7666
1121136 15.2797 19.2769 10.5339 18.8235 4.80596 -1.22019 63.914
1121155 14.4292 19.363 10.6351 20.7049 5.75887 -0.564743 65.1322
1121165 14.4292 19.363 10.6351 20.7049 5.75887 -0.564743 65.1322
1121180 13.5884 19.6595 10.5238 22.1907 6.72277 -0.121307 65.9624
1121183 12.5446 19.6595 10.372 23.0301 7.53471 0.273893 65.6063
1121191 12.5446 19.6213 10.372 23.0301 7.52452 0.282807 65.568
1121205 11.1723 19.4012 9.92679 23.58 8.53703 0.686635 64.0803
1121209 11.1723 19.4012 9.92679 23.58 8.53703 0.686635 64.0803
1121229 9.72257 19.0951 9.52202 23.8405 9.52515 1.09638 62.1802
1121231 8.16657 18.5689 9.1881 24.3808 10.6108 1.69973 60.3044
1121258 6.73621 18.1289 9.10714 25.2106 11.6149 2.39579 59.1828
1121268 5.51848 17.6792 9.27917 26.2333 12.3977 3.14632 58.7101
1121287 4.51336 17.4018 9.44107 27.0823 13.0606 3.74964 58.4385
1121295 4.51336 17.4018 9.44107 27.0823 13.0606 3.74964 58.4385
1121307 3.8465 16.9904 9.59286 27.6805 13.4363 4.24274 58.1102
1121314 3.53724 16.7306 9.74464 28.1436 13.5808 4.54476 58.1561
1121323 3.53724 16.7306 9.74464 28.1436 13.5808 4.54476 58.1561
1121333 3.42126 16.519 9.84583 28.3462 13.5889 4.70956 58.1323
1121349 3.34395 16.3265 10.0685 28.7321 13.5307 4.90758 58.4711
1121360 3.34395 16.3265 10.0685 28.7321 13.5307 4.90758 58.4711
1121362 3.28596 16.0956 10.1494 28.9347 13.5101 5.05489 58.4657
1121385 3.28596 16.0956 10.1494 28.9347 13.5101 5.05489 58.4657
1121388 3.21831 15.9321 10.0685 28.7997 13.5495 5.09778 58.0185
1121398 3.23764 15.8455 9.92679 28.4716 13.549 5.04038 57.4815
1121412 3.23764 15.8455 9.92679 28.4716 13.549 5.04038 57.4815
1121416 3.16032 15.7012 9.87619 28.1436 13.5406 5.05217 56.8813
1121425 3.20864 15.6531 9.85595 27.9796 13.4786 5.01977 56.6972
1121438 3.20864 15.6531 9.85595 27.9796 13.4786 5.01977 56.6972
1121443 3.26663 15.6916 9.87619 27.7287 13.3822 4.94493 56.5631
1121462 3.26663 15.6916 9.87619 27.7287 13.3822 4.94493 56.5631
1121469 4.14611 15.884 10.2202 27.6033 12.5839 4.61339 57.8536
1121478 5.87607 16.3169 10.6048 27.0823 11.2385 3.88128 59.88
1121488 5.87607 16.3169 10.6048 27.0823 11.2385 3.88128 59.88
1121495 7.56737 16.644 10.8274 26.2815 10.0011 3.15495 61.3203
1121504 9.278 16.798 11.0095 24.9886 8.65864 2.39767 62.0741
1121514 9.278 16.798 11.0095 24.9886 8.65864 2.39767 62.0741
1121524 11.2786 16.8942 11.2321 23.4835 7.10266 1.56061 62.8884
1121539 11.2786 16.8942 11.2321 23.4835 7.10266 1.56061 62.8884
1121551 13.5691 16.9808 11.2726 21.5346 5.39549 0.53445 63.3571
1121565 15.4923 16.8653 11.1613 19.3831 3.81338 -0.432396 62.902
1121569 15.4923 16.8653 11.1613 19.3831 3.81338 -0.432396 62.902
1121578 16.9227 16.5863 10.9589 17.2219 2.40178 -1.29555 61.6898
1121592 18.116 16.24 10.7262 15.0735 1.02701 -2.13355 60.1556
1121595 18.116 16.24 10.7262 15.0735 1.02701 -2.13355 60.1556
1121616 19.2898 15.9898 10.6452 13.1856 -0.321236 -2.90524 59.1105
1121622 19.2898 15.9898 10.6452 13.1856 -0.321236 -2.90524 59.1105
1121630 20.3384 15.7012 10.5946 11.4624 -1.62207 -3.61016 58.0967
1121642 21.2139 15.2875 10.7161 9.87471 -2.96353 -4.18025 57.0922
1121650 21.2139 15.2875 10.7161 9.87471 -2.96353 -4.18025 57.0922
1121669 22.1279 15.0277 11.2119 8.78075 -4.16956 -4.50485 57.1483
1121669 22.9745 14.7199 12.1024 7.82232 -5.43862 -4.62599 57.6191
1121678 22.9745 14.7199 12.1024 7.82232 -5.43862 -4.62599 57.6191
1121695 23.7923 14.4312 13.3268 7.23178 -6.57346 -4.50774 58.7821
1121704 23.7923 14.4312 13.3268 7.23178 -6.57346 -4.50774 58.7821
1121721 24.6389 14.21 15.1077 6.89294 -7.65978 -4.15325 60.8496
1121723 25.4759 13.854 17.1516 6.90262 -8.62634 -3.61503 63.3842
1121730 25.4759 13.854 17.1516 6.90262 -8.62634 -3.61503 63.3842
1121739 26.0724 13.4018 18.8092 6.99943 -9.37473 -3.13995 65.2828
1121749 26.2552 12.7284 20.0725 6.87358 -10.1342 -2.73871 65.9297
1121759 26.2552 12.7284 20.0725 6.87358 -10.1342 -2.73871 65.9297
1121775 26.1879 11.8721 20.7901 6.64123 -10.8658 -2.43436 65.4913
1121785 26.1879 11.8721 20.7901 6.64123 -10.8658 -2.43436 65.4913
1121801 25.9281 10.9389 21.2449 6.21526 -11.6665 -2.1935 64.3272
1121803 25.5433 9.90945 21.5785 5.95387 -12.4071 -1.88625 62.9851
1121811 25.5433 9.90945 21.5785 5.95387 -12.4071 -1.88625 62.9851
1121829 25.1296 8.80306 21.7604 5.57631 -13.2655 -1.61482 61.2694
1121830 24.6486 7.75439 22.0232 5.2762 -14.087 -1.28225 59.7023
1121856 24.129 6.85003 22.4578 5.08257 -14.8046 -0.881425 58.5194
1121864 24.129 6.85003 22.4578 5.08257 -14.8046 -0.881425 58.5194
1121873 23.7057 6.10922 23.3876 5.10194 -15.3857 -0.340979 58.3045
1121883 23.2535 5.52235 24.3579 5.25683 -15.7698 0.215492 58.3906
1121891 23.2535 5.52235 24.3579 5.25683 -15.7698 0.215492 58.3906
1121908 22.7244 5.09904 25.1463 5.49886 -15.9371 0.7239 58.4685
1121911 22.253 4.87776 26.0559 5.76025 -15.9766 1.19228 58.9469
1121938 21.8778 4.78155 26.8442 5.98292 -15.9522 1.55527 59.4865
1121946 21.8778 4.78155 26.8442 5.98292 -15.9522 1.55527 59.4865
1121962 21.5795 4.57951 27.3597 6.13781 -16.0175 1.84518 59.6565
1121965 21.2139 4.51217 27.7438 6.15718 -16.0533 2.05649 59.627
1121974 21.2139 4.51217 27.7438 6.15718 -16.0533 2.05649 59.627
1121988 21.1081 4.40634 27.5922 6.21526 -16.0475 2.09695 59.3218
1121993 20.9349 4.41596 27.2586 6.10877 -16.0379 2.04788 58.7183
1122003 20.9349 4.41596 27.2586 6.10877 -16.0379 2.04788 58.7183
1122015 20.9253 4.4833 26.9352 5.95387 -16.0484 1.92473 58.2977
1122023 20.9253 4.4833 26.9352 5.95387 -16.0484 1.92473 58.2977
1122043 21.0792 4.39672 26.6522 5.85706 -16.1583 1.81942 57.9852
1122045 21.3198 4.4833 26.4096 5.8377 -16.1103 1.66517 58.0504
1122070 21.6372 5.03169 26.2479 5.92483 -15.6898 1.40304 58.8417
1122078 21.974 5.88795 25.9851 6.22494 -14.918 1.08574 60.072
1122097 21.974 5.88795 25.9851 6.22494 -14.918 1.08574 60.072
1122098 22.1664 6.7442 25.4191 6.38952 -14.1849 0.715939 60.7192
1122125 22.2049 7.62932 24.7925 6.67027 -13.3358 0.398535 61.297
1122128 22.2626 8.8223 23.9031 6.94134 -12.2729 -0.0582424 61.9293
1122136 22.2626 8.8223 23.9031 6.94134 -12.2729 -0.0582424 61.9293
1122153 22.3973 10.352 22.761 7.12528 -11.0484 -0.685635 62.6356
1122155 22.2722 11.8625 21.3763 7.28986 -9.75154 -1.30615 62.8009
1122182 22.2722 11.8625 21.3763 7.28986 -9.75154 -1.30615 62.8009
1122184 21.82 12.94 19.83 7.23178 -8.68554 -1.86786 61.8218
1122190 21.1177 12.94 18.0815 7.23178 -8.01207 -2.20929 59.371
1122199 21.1177 13.7578 18.0815 7.19305 -7.58451 -2.39426 60.15
1122211 20.5886 14.4986 16.6256 7.13497 -6.61904 -2.88709 58.8477
1122217 20.5886 14.4986 16.6256 7.13497 -6.61904 -2.88709 58.8477
1122240 19.9921 15.2683 15.4315 7.24146 -5.57275 -3.25909 57.9333
1122243 19.5784 15.9898 14.4905 7.4254 -4.6333 -3.56246 57.4841
1122270 19.2032 16.8653 13.519 7.81264 -3.50359 -3.85107 57.4002
1122273 19.2032 16.8653 13.519 7.81264 -3.50359 -3.85107 57.4002
1122281 18.8664 17.794 12.7804 8.42255 -2.34613 -4.00709 57.8634
1122298 18.4335 18.6359 12.2845 9.56492 -1.06808 -3.87481 58.9188
1122300 18.4335 18.6359 12.2845 9.56492 -1.06808 -3.87481 58.9188
1122308 17.914 19.4778 12.0012 11.4721 0.424996 -3.43016 60.865
1122327 17.2694 20.0422 11.7381 13.844 1.93926 -2.79747 62.8936
1122343 16.4781 20.2718 11.2929 15.8867 3.27999 -2.24554 63.9295
1122356 16.0722 20.3101 11.1107 17.5692 4.11006 -1.77576 65.0622
1122360 16.0722 20.3101 11.1107 17.5692 4.11006 -1.77576 65.0622
1122370 16.2172 20.4727 10.8476 18.9586 4.64933 -1.5528 66.4961
1122385 16.2172 20.4727 10.8476 18.9586 4.64933 -1.5528 66.4961
1122389 15.8016 20.4727 10.4833 19.5085 5.16715 -1.4221 66.2661
1122414 14.9704 20.1092 10.0077 19.5857 5.68888 -1.27244 64.673
1122416 14.9704 20.1092 10.0077 19.5857 5.68888 -1.27244 64.673
1122424 13.8107 19.5256 9.54226 19.4892 6.27803 -1.03535 62.3678
1122443 12.506 18.9516 9.12738 19.7497 7.0722 -0.641541 60.3347
1122444 12.506 18.9516 9.12738 19.7497 7.0722 -0.641541 60.3347
1122450 11.1819 18.3393 9.05655 20.5312 7.88039 0.0168765 59.109
1122471 11.1819 18.3393 9.05655 20.5312 7.88039 0.0168765 59.109
1122477 9.77089 17.8801 9.1375 21.882 8.88594 0.861189 58.6705
1122487 8.36953 17.3827 9.31964 23.5028 9.90033 1.81058 58.5747
1122501 8.36953 17.3827 9.31964 23.5028 9.90033 1.81058 58.5747
1122505 6.87152 17.067 9.54226 25.0562 10.98 2.7316 58.5369
1122514 5.59579 16.7402 9.75476 26.4166 11.8815 3.54707 58.5074
1122528 5.59579 16.7402 9.75476 26.4166 11.8815 3.54707 58.5074
1122531 4.60034 16.5286 9.89643 27.4875 12.6123 4.16704 58.5129
1122556 4.60034 16.5286 9.89643 27.4875 12.6123 4.16704 58.5129
1122558 3.83684 16.3746 10.1089 28.4813 13.1417 4.68831 58.8017
1122566 3.46958 16.4131 10.372 29.3785 13.3944 4.99751 59.6333
1122586 3.46958 16.4131 10.372 29.3785 13.3944 4.99751 59.6333
1122588 3.40193 16.3554 10.5036 29.7741 13.4188 5.12709 60.035
1122594 3.37294 16.1822 10.5137 29.6294 13.3693 5.173 59.6983
1122604 3.37294 16.1822 10.5137 29.6294 13.3693 5.173 59.6983
1122617 3.19898 15.9417 10.281 29.118 13.4865 5.19092 58.5397
1122624 3.19898 15.9417 10.281 29.118 13.4865 5.19092 58.5397
1122634 3.083 15.6627 9.99762 28.5392 13.5824 5.18249 57.2825
1122647 3.06367 15.4703 9.89643 28.1146 13.54 5.16679 56.545
1122654 3.06367 15.4703 9.89643 28.1146 13.54 5.16679 56.545
1122664 3.07334 15.3837 9.83571 28.0278 13.5397 5.16858 56.3206
1122677 3.47925 15.4703 10.0786 28.0182 13.1168 5.03465 57.0463
1122684 3.47925 15.4703 10.0786 28.0182 13.1168 5.03465 57.0463
1122706 4.62933 15.7397 10.4125 27.7866 12.1587 4.5665 58.5681
1122711 4.62933 15.7397 10.4125 27.7866 12.1587 4.5665 58.5681
1122722 5.99204 15.7974 10.7869 27.3331 10.9964 4.08882 59.9095
1122735 7.49005 15.8551 11.1107 26.4745 9.73604 3.50564 60.9303
1122748 9.31666 15.7974 11.2321 25.4904 8.38459 2.81592 61.8365
1122765 11.4719 15.9706 11.3637 24.3036 6.90806 1.9549 63.1098
1122774 11.4719 15.9706 11.3637 24.3036 6.90806 1.9549 63.1098
1122783 13.3565 15.8647 11.3738 22.6924 5.46194 1.14833 63.2874
1122796 13.3565 15.8647 11.3738 22.6924 5.46194 1.14833 63.2874
1122800 14.8448 15.6338 11.0702 20.6856 4.17951 0.307832 62.2345
1122809 16.1302 15.3356 10.6351 18.3314 2.85515 -0.620338 60.4324
1122827 16.1302 15.3356 10.6351 18.3314 2.85515 -0.620338 60.4324
1122828 17.3463 14.9219 10.2911 16.1868 1.47724 -1.4785 58.7461
1122857 18.395 14.5948 10.0685 14.4442 0.250211 -2.21134 57.5025
1122858 18.395 14.5948 10.0685 14.4442 0.250211 -2.21134 57.5025
1122860 19.4341 14.3158 10.1292 13.0501 -0.964943 -2.78519 56.9291
1122868 19.4341 14.3158 10.1292 13.0501 -0.964943 -2.78519 56.9291
1122886 20.5886 14.1234 10.281 11.6754 -2.23703 -3.37638 56.6683
1122888 21.6853 14.0079 10.6554 10.4072 -3.4911 -3.86676 56.7558
1122898 21.6853 14.0079 10.6554 10.4072 -3.4911 -3.86676 56.7558
1122916 22.8398 14.0079 11.4244 9.25513 -4.78086 -4.2158 57.5273
1122918 23.8019 13.9983 12.7804 8.44191 -5.99012 -4.21313 59.0225
1122946 23.8019 13.9983 12.7804 8.44191 -5.99012 -4.21313 59.0225
1122948 24.7255 14.1619 14.9256 7.832 -7.16086 -3.92484 61.645
1122953 24.7255 14.1619 14.9256 7.832 -7.16086 -3.92484 61.645
1122961 25.3509 14.133 17.2021 7.45444 -8.17175 -3.46754 64.1405
1122978 25.6106 13.8251 19.3246 7.28986 -9.01596 -2.91171 66.0502
1122982 25.6106 13.8251 19.3246 7.28986 -9.01596 -2.91171 66.0502
1122991 25.755 13.4018 21.0832 7.20273 -9.72442 -2.41778 67.4427
1123009 25.5337 12.6033 21.912 7.01879 -10.3715 -2.059 67.0678
1123018 25.5337 12.6033 21.912 7.01879 -10.3715 -2.059 67.0678
1123040 24.9757 11.622 22.1344 6.63155 -11.0369 -1.79727 65.3635
1123042 24.9757 11.622 22.1344 6.63155 -11.0369 -1.79727 65.3635
1123044 24.2541 10.4963 22.1647 6.33144 -11.6967 -1.48332 63.2465
1123053 23.5037 9.50538 22.4073 5.9926 -12.3813 -1.12586 61.4089
1123072 23.5037 9.50538 22.4073 5.9926 -12.3813 -1.12586 61.4089
1123079 22.8687 8.51443 23.0137 5.96355 -13.007 -0.597887 60.3604
1123088 22.2915 7.64856 23.8829 5.95387 -13.6223 -0.025911 59.7768
1123105 22.2915 7.64856 23.8829 5.95387 -13.6223 -0.025911 59.7768
1123108 21.7912 6.80192 24.9946 6.06036 -14.2182 0.619111 59.6481
1123118 21.3198 6.80192 26.0761 6.16686 -14.258 1.0241 60.3646
1123135 21.3198 6.06112 26.0761 6.16686 -14.7457 1.22319 59.6238
1123136 21.0119 5.30108 26.9554 6.24431 -15.3001 1.73579 59.5127
1123144 21.0119 5.30108 26.9554 6.24431 -15.3001 1.73579 59.5127
1123167 20.781 4.77193 27.6023 6.29271 -15.6938 2.10488 59.4479
1123171 20.4827 4.40634 28.1683 6.47665 -15.8598 2.45805 59.534
1123179 20.4827 4.40634 28.1683 6.47665 -15.8598 2.45805 59.534
1123189 20.4443 4.30051 28.5523 6.52506 -15.9519 2.59083 59.8221
1123217 20.4443 4.31975 28.3502 6.47665 -15.9412 2.53298 59.5908
1123218 20.4731 4.25241 27.8044 6.21526 -16.0906 2.37316 58.7452
1123236 20.4731 4.25241 27.8044 6.21526 -16.0906 2.37316 58.7452
1123237 20.4058 4.16582 27.1879 6.06036 -16.1569 2.25095 57.8198
1123245 20.3673 4.26203 26.6118 5.90547 -16.104 2.07045 57.1466
1123267 20.3673 4.26203 26.6118 5.90547 -16.104 2.07045 57.1466
1123273 20.502 4.30051 26.1873 5.77961 -16.1219 1.89303 56.7694
1123282 20.5212 4.34861 26.1468 5.77961 -16.0837 1.86366 56.7963
1123297 20.5212 4.34861 26.1468 5.77961 -16.0837 1.86366 56.7963
1123299 20.858 4.83928 26.0963 5.89579 -15.6958 1.63675 57.6893
1123309 20.858 4.83928 26.0963 5.89579 -15.6958 1.63675 57.6893
1123330 21.2235 5.76288 25.8537 6.13781 -14.9109 1.27297 58.978
1123331 21.5218 6.84041 25.409 6.37016 -14.0171 0.852242 60.1414
1123339 21.5218 6.84041 25.409 6.37016 -14.0171 0.852242 60.1414
1123362 21.7142 7.77363 24.6813 6.57346 -13.1903 0.43634 60.7426
1123363 21.7912 8.91851 23.8627 6.82517 -12.1789 -0.0053376 61.3975
1123374 21.7912 8.91851 23.8627 6.82517 -12.1789 -0.0053376 61.3975
1123392 21.9355 10.6984 22.6801 7.10592 -10.7383 -0.684344 62.4199
1123393 21.9355 10.6984 21.2247 7.10592 -10.3978 -1.05878 60.9645
1123400 22.0317 12.4878 21.2247 7.28986 -9.31191 -1.42897 63.0341
1123409 21.8585 13.8347 19.5268 7.28986 -8.10298 -2.13006 62.5099
1123425 21.8585 13.8347 19.5268 7.28986 -8.10298 -2.13006 62.5099
1123437 21.3582 14.7872 17.758 7.18337 -7.01693 -2.75118 61.0868
1123457 20.7714 15.6627 16.2411 7.08656 -5.96668 -3.28967 59.7617
1123458 20.7714 15.6627 16.2411 7.08656 -5.96668 -3.28967 59.7617
1123464 20.1556 16.3746 14.7637 7.10592 -4.89674 -3.76559 58.3999
1123473 20.1556 16.3746 14.7637 7.10592 -4.89674 -3.76559 58.3999
1123489 19.5784 17.1531 13.681 7.28018 -3.82462 -4.10026 57.6926
1123491 19.0973 17.9567 12.8208 7.6287 -2.75322 -4.33133 57.5035
1123523 19.0973 17.9567 12.8208 7.6287 -2.75322 -4.33133 57.5035
1123524 18.8857 18.789 12.1429 8.06435 -1.80334 -4.52666 57.8819
1123525 18.6548 19.4873 11.6976 8.74203 -0.906014 -4.53276 58.5818
1123534 18.6548 19.4873 11.6976 8.74203 -0.906014 -4.53276 58.5818
1123555 18.4527 20.0135 11.4548 9.75854 -0.0567436 -4.3364 59.6796
1123556 18.0102 20.3388 11.4143 11.5399 1.00083 -3.76689 61.3031
1123570 18.0102 20.3388 11.4143 11.5399 1.00083 -3.76689 61.3031
1123587 17.4907 20.4153 11.2929 13.8052 2.15741 -3.0493 63.0041
1123589 17.4907 20.4153 11.2929 13.8052 2.15741 -3.0493 63.0041
1123591 16.7487 20.2048 11.0399 15.9448 3.26917 -2.33872 63.9382
1123601 16.3428 20.0039 10.7363 17.7719 4.12331 -1.81295 64.8549
1123620 16.3428 20.0039 10.7363 17.7719 4.12331 -1.81295 64.8549
1123622 16.1109 19.8891 10.3619 19.1322 4.78998 -1.49002 65.4941
1123634 15.386 19.7265 10.1089 19.8269 5.40308 -1.19373 65.0483
1123653 15.386 19.7265 10.1089 19.8269 5.40308 -1.19373 65.0483
1123660 14.3326 19.3534 9.78512 20.3093 6.09318 -0.84467 63.7804
1123686 13.1052 18.789 9.57262 20.8978 6.81838 -0.342425 62.3646
1123687 11.7135 18.4446 9.36012 21.6697 7.7796 0.213711 61.1879
1123698 11.7135 18.4446 9.36012 21.6697 7.7796 0.213711 61.1879
1123720 10.3218 18.0045 9.37024 22.7117 8.70088 0.932568 60.4082
1123721 8.93007 17.574 9.55238 23.9756 9.60618 1.75504 60.0321
1123730 8.93007 17.574 9.55238 23.9756 9.60618 1.75504 60.0321
1123752 7.60603 17.2774 9.75476 25.2974 10.5171 2.5449 59.9356
1123754 7.60603 17.2774 9.75476 25.2974 10.5171 2.5449 59.9356
1123756 6.20466 16.9615 9.87619 26.4262 11.4795 3.3134 59.4686
1123765 5.01592 16.6729 10.0179 27.5358 12.3116 4.01692 59.2424
1123786 5.01592 16.6729 10.0179 27.5358 12.3116 4.01692 59.2424
1123788 4.11711 16.4901 10.2202 28.4234 12.9011 4.56612 59.2508
1123801 3.52757 16.3073 10.3619 28.954 13.2593 4.94018 59.1508
1123821 3.52757 16.3073 10.3619 28.954 13.2593 4.94018 59.1508
1123823 3.44059 16.2977 10.4226 29.0505 13.2935 4.99942 59.2114
1123828 3.44059 16.2977 10.4226 29.0505 13.2935 4.99942 59.2114
1123838 3.4116 16.1341 10.4327 29.0312 13.2694 5.06313 59.0097
1123855 3.36327 15.9802 10.3518 28.9347 13.3037 5.10227 58.63
1123858 3.36327 15.9802 10.3518 28.9347 13.3037 5.10227 58.63
1123888 3.26663 15.8359 10.1595 28.5006 13.3782 5.07878 57.7626
1123889 3.22797 15.6338 10.028 27.9217 13.3334 5.03979 56.8115
1123891 3.22797 15.6338 10.028 27.9217 13.3334 5.03979 56.8115
1123899 3.17965 15.3741 9.775 27.3814 13.3732 5.00878 55.7101
1123923 3.17965 15.3741 9.775 27.3814 13.3732 5.00878 55.7101
1123925 3.43093 15.4029 9.86607 27.063 13.0772 4.86753 55.7629
1123934 5.07391 15.884 10.1292 26.8604 11.882 4.14988 57.9474
1123956 5.07391 15.884 10.1292 26.8604 11.882 4.14988 57.9474
1123958 6.47527 16.1437 10.453 26.6192 10.8201 3.63198 59.6912
1123964 7.40307 16.1053 10.7565 26.021 9.93875 3.30157 60.2859
1123973 7.40307 16.1053 10.7565 26.021 9.93875 3.30157 60.2859
1123992 8.69812 16.0091 11.1411 25.1527 8.73861 2.84911 61.0009
