467789 17.8178 11.7663 20.4667 7.66743 -8.16501 -0.376807 57.7182
467798 18.6163 9.515 22.8722 7.57061 -10.4154 0.591942 58.5741
467802 19.4341 7.41766 24.9441 7.58998 -12.3643 1.43528 59.3858
467812 19.4341 7.41766 24.9441 7.58998 -12.3643 1.43528 59.3858
467822 20.1653 5.68591 26.6421 7.50285 -14.0087 2.07358 59.9961
467832 20.7329 4.4352 27.8751 7.36731 -15.2314 2.50148 60.4105
467842 20.7329 4.4352 27.8751 7.36731 -15.2314 2.50148 60.4105
467857 21.1754 3.64629 28.8353 7.35763 -15.9826 2.79553 61.0147
467864 21.1754 3.64629 29.0678 7.35763 -16.0168 2.84185 61.2471
467873 21.339 3.2807 29.0678 7.23178 -16.3718 2.8759 60.9192
467883 21.2332 3.26146 28.7949 7.08656 -16.4304 2.82897 60.3761
467893 21.2332 3.26146 28.7949 7.08656 -16.4304 2.82897 60.3761
467903 21.0215 3.15563 28.3199 6.95103 -16.4996 2.79919 59.448
467913 20.6463 3.05942 27.5315 6.71868 -16.5642 2.72909 57.9559
467923 20.6463 3.05942 27.5315 6.71868 -16.5642 2.72909 57.9559
467942 20.1075 2.93435 26.7735 6.51538 -16.6123 2.72861 56.3307
467952 19.5207 2.93435 26.157 6.51538 -16.4292 2.78011 55.1273
467959 19.5207 2.74194 26.157 6.31207 -16.7287 2.79722 54.7316
467969 18.9915 2.64573 25.8032 6.1959 -16.7578 2.89781 53.6363
467978 18.9915 2.64573 25.8032 6.1959 -16.7578 2.89781 53.6363
467987 18.5008 2.8189 25.6213 6.59282 -16.2096 3.05256 53.5339
467995 18.4046 4.42558 25.4798 7.25114 -14.492 2.67292 55.5611
468005 18.4046 4.42558 25.4798 7.25114 -14.492 2.67292 55.5611
468015 18.2315 7.08093 24.6308 7.87073 -12.0692 1.86524 57.8139
468025 17.9044 9.86135 23.4281 8.51936 -9.60916 1.05045 59.7131
468037 17.9044 9.86135 23.4281 8.51936 -9.60916 1.05045 59.7131
468047 17.2886 12.5456 21.4572 9.04214 -7.1097 0.165369 60.3335
468057 17.2886 12.5456 21.4572 9.04214 -7.1097 0.165369 60.3335
468067 16.5361 15.3645 19.1831 10.1458 -4.16832 -0.630005 61.2295
468079 15.5793 17.9854 17.2931 12.4692 -0.954486 -0.900639 63.327
468087 15.5793 17.9854 17.2931 12.4692 -0.954486 -0.900639 63.327
468102 14.4099 19.9083 14.9256 14.299 1.91672 -1.2024 63.5427
468112 12.8732 21.1711 11.9607 14.754 4.56357 -1.80951 60.759
468130 11.3172 22.0799 9.17798 14.9476 7.18513 -2.41771 57.5227
468139 11.3172 22.0799 9.17798 14.9476 7.18513 -2.41771 57.5227
468148 9.82888 23.027 7.23512 15.7221 9.71327 -2.66031 55.8131
468163 8.64014 23.9454 6.14226 16.9226 11.7185 -2.56622 55.6504
468180 7.53837 24.7203 5.46429 18.2157 13.3777 -2.3004 55.9386
468189 6.33997 25.3613 5.25179 19.6532 14.7611 -1.80092 56.6063
468199 6.33997 25.3613 5.25179 19.6532 14.7611 -1.80092 56.6063
468210 5.31552 26.0405 5.24167 20.9364 15.8253 -1.34996 57.5341
468222 5.31552 26.0405 5.24167 20.9364 15.8253 -1.34996 57.5341
468232 4.55202 26.5858 5.22143 22.0846 16.6386 -0.983469 58.4438
468240 3.97214 26.9589 5.16071 23.0011 17.2725 -0.70293 59.0929
468253 3.97214 26.9589 5.16071 23.0011 17.2725 -0.70293 59.0929
468260 3.67254 27.1216 5.25179 23.6669 17.5273 -0.471119 59.7127
468273 3.36327 27.0833 5.19107 23.9274 17.8193 -0.334458 59.565
468280 3.36327 27.0833 5.19107 23.9274 17.8193 -0.334458 59.565
468295 3.32462 27.1694 5.1 23.8598 17.915 -0.38707 59.4538
468305 3.27629 27.1694 4.98869 23.8598 18.0305 -0.404047 59.2942
468316 3.27629 27.2268 4.98869 23.5993 18.0066 -0.486133 59.0911
468323 3.2473 27.3033 4.75595 23.2037 18.1608 -0.664221 58.5103
468332 3.2473 27.3033 4.75595 23.2037 18.1608 -0.664221 58.5103
468342 3.25696 27.4373 4.54345 22.6442 18.2618 -0.908733 57.8818
468352 3.32462 27.5616 4.42202 22.2582 18.2716 -1.09595 57.5665
468362 3.32462 27.5616 4.42202 22.2582 18.2716 -1.09595 57.5665
468374 3.31495 27.4755 4.26012 21.882 18.3473 -1.22471 56.9325
468383 3.26663 27.332 4.22976 21.5443 18.351 -1.28377 56.3727
468409 3.21831 27.2077 4.07798 21.3031 18.4629 -1.35599 55.807
468419 3.21831 27.2077 4.07798 21.3031 18.4629 -1.35599 55.807
468433 3.32462 27.0737 4.32083 21.1969 18.1635 -1.30926 55.9161
468434 3.83684 26.8441 4.69524 21.2838 17.4708 -1.24478 56.66
468444 3.83684 26.8441 4.69524 21.2838 17.4708 -1.24478 56.66
468454 4.40705 26.3754 4.96845 21.0233 16.7432 -1.26572 56.7741
468464 5.18988 25.7344 5.45417 20.4154 15.6292 -1.335 56.7939
468474 5.18988 25.7344 5.45417 20.4154 15.6292 -1.335 56.7939
468484 6.39795 25.1987 7.79167 20.1549 13.0846 -0.919501 59.5432
468494 6.39795 25.1987 7.79167 20.1549 13.0846 -0.919501 59.5432
468509 8.29221 24.4716 12.9119 20.2804 8.92558 0.0974447 65.9561
468516 9.4133 22.8261 14.2881 17.9841 6.63013 0.00762463 64.5116
468527 9.4133 22.8261 14.2881 17.9841 6.63013 0.00762463 64.5116
468537 10.2541 20.4536 14.197 14.5797 4.44745 -0.48692 59.4844
468545 11.4719 18.1767 15.2899 11.7625 1.40099 -0.6868 56.701
468559 11.4719 18.1767 15.2899 11.7625 1.40099 -0.6868 56.701
468570 12.9022 15.8744 17.9096 10.2523 -2.05714 -0.161929 56.9385
468580 12.9022 15.8744 17.9096 10.2523 -2.05714 -0.161929 56.9385
468587 14.2939 13.6808 20.7396 9.87471 -4.89766 0.675788 58.589
468597 15.4633 11.3718 23.4584 9.78759 -7.39097 1.60054 60.0811
468607 15.4633 11.3718 23.4584 9.78759 -7.39097 1.60054 60.0811
468617 16.4974 8.93775 25.7628 9.69077 -9.70282 2.46803 60.8887
468629 17.3463 6.5614 27.5517 9.58428 -11.7753 3.25052 61.0438
468638 17.3463 6.5614 27.5517 9.58428 -11.7753 3.25052 61.0438
468648 18.0487 4.55065 28.9566 9.38098 -13.5688 3.87407 60.9369
468658 18.0487 4.55065 28.9566 9.38098 -13.5688 3.87407 60.9369
468677 18.4816 3.39615 29.8763 9.32289 -14.5877 4.25401 61.077
468678 18.7317 3.24222 30.1189 9.2164 -14.8395 4.24765 61.3093
468694 18.7317 3.24222 30.1189 9.2164 -14.8395 4.24765 61.3093
468699 18.5874 3.12677 29.8561 8.98405 -15 4.2423 60.5544
468718 18.3084 3.02094 29.3002 8.78075 -15.0676 4.22947 59.4104
468719 18.3084 3.02094 29.3002 8.78075 -15.0676 4.22947 59.4104
468729 17.7793 2.82852 28.6736 8.56777 -15.15 4.313 57.8492
468740 17.7793 2.82852 28.6736 8.56777 -15.15 4.313 57.8492
468752 17.2501 2.66497 27.9762 8.26765 -15.2664 4.3614 56.159
468763 16.7294 2.60724 27.4709 8.18052 -15.1908 4.45045 54.988
468771 16.7294 2.60724 27.4709 8.18052 -15.1908 4.45045 54.988
468780 16.3331 2.45331 27.0161 7.95786 -15.3171 4.51656 53.7604
468798 15.9272 2.33786 26.8847 7.89977 -15.3509 4.67092 53.0495
468808 15.9272 2.33786 26.8847 7.89977 -15.3509 4.67092 53.0495
468815 15.6373 2.33786 27.107 8.1418 -15.1551 4.8682 53.224
468822 15.7339 3.58857 27.6124 8.82916 -13.8658 4.60485 55.764
468832 15.7339 3.58857 27.6124 8.82916 -13.8658 4.60485 55.764
468842 15.8596 5.25297 27.5214 9.53588 -12.2882 4.1116 58.1698
468852 15.8596 5.25297 27.5214 9.53588 -12.2882 4.1116 58.1698
468864 15.6663 7.18676 27.107 10.1748 -10.5645 3.59911 60.1349
468873 15.27 8.94737 26.0761 10.9009 -8.78261 3.12764 61.1944
468883 15.27 8.94737 26.0761 10.9009 -8.78261 3.12764 61.1944
468893 14.6998 11.0447 24.742 11.5786 -6.77454 2.55603 62.0651
468903 14.0716 12.94 23.3977 13.8536 -4.15313 2.39012 64.263
468915 14.0716 12.94 23.3977 13.8536 -4.15313 2.39012 64.263
468923 13.2695 14.4216 21.9524 16.8548 -1.48331 2.50746 66.4983
468937 13.2695 14.4216 21.9524 16.8548 -1.48331 2.50746 66.4983
468943 11.8198 15.172 18.6373 16.787 0.601581 2.02652 62.4162
468953 10.3314 15.7878 14.6625 15.664 2.8602 1.11806 56.4457
468964 10.3314 15.7878 14.6625 15.664 2.8602 1.11806 56.4457
468974 9.4133 16.519 11.394 15.5672 5.33091 0.291808 52.8935
468986 9.15236 17.4496 9.20833 16.6708 7.50735 -0.206593 52.4812
468994 9.15236 17.4496 9.20833 16.6708 7.50735 -0.206593 52.4812
469009 9.36498 18.5211 8.08512 18.7656 9.06 -0.283727 54.7368
469033 9.59693 19.6117 8.06488 21.1776 9.89182 0.00869572 58.4512
469040 9.48096 20.5205 8.29762 23.1169 10.5261 0.345114 61.416
469056 9.48096 20.5205 8.29762 23.1169 10.5261 0.345114 61.416
469059 8.53383 21.1519 8.31786 24.4773 11.5145 0.74648 62.4809
469069 6.88118 21.3146 8.09524 25.5386 12.889 1.31929 61.8296
469078 6.88118 21.3146 8.09524 25.5386 12.889 1.31929 61.8296
469088 5.24787 21.238 7.80179 26.2622 14.224 1.87731 60.5499
469107 3.8755 21.0658 7.4375 26.706 15.4265 2.33618 59.0849
469128 2.86072 20.7501 7.26548 27.1016 16.2672 2.78284 57.9779
469130 2.86072 20.7501 7.26548 27.1016 16.2672 2.78284 57.9779
469137 2.36782 20.4918 7.12381 27.4103 16.7311 3.05115 57.3938
469150 2.29051 20.5014 7.225 27.6322 16.7471 3.13933 57.6492
469157 2.29051 20.5014 7.225 27.6322 16.7471 3.13933 57.6492
469173 2.28084 20.511 7.225 27.7094 16.7664 3.15522 57.7262
469189 2.26151 20.444 7.1744 27.6708 16.8021 3.16409 57.5508
469198 2.21319 20.3388 7.10357 27.5358 16.8547 3.17025 57.1913
469208 2.21319 20.3388 7.10357 27.5358 16.8547 3.17025 57.1913
469220 2.12621 20.0039 6.98214 27.1788 16.9096 3.20587 56.2911
469228 2.05856 19.516 6.93155 26.7832 16.8699 3.29362 55.2893
469243 2.05856 19.516 6.93155 26.7832 16.8699 3.29362 55.2893
469249 1.97157 19.2673 6.88095 26.4552 16.8896 3.32494 54.575
469259 1.97157 19.2673 6.88095 26.4552 16.8896 3.32494 54.575
469269 1.91359 18.9612 7.30595 26.2815 16.5358 3.50134 54.4622
469282 2.98636 18.9133 8.05476 26.2429 15.1765 3.30923 56.1974
469291 2.98636 18.9133 8.05476 26.2429 15.1765 3.30923 56.1974
469299 4.71632 18.9325 8.68214 25.2877 13.3732 2.68692 57.6187
469314 6.91984 18.8846 9.25893 23.8791 11.2758 1.86628 58.9425
469319 6.91984 18.8846 9.25893 23.8791 11.2758 1.86628 58.9425
469329 9.16202 18.7411 10.0179 21.7758 8.9356 0.97757 59.6968
469344 9.16202 18.7411 10.0179 21.7758 8.9356 0.97757 59.6968
469350 10.9016 18.215 10.7161 19.0454 6.64197 0.164285 58.8781
469360 12.5833 17.6314 13.4988 16.4579 3.32682 -0.0643212 60.1714
469370 12.5833 17.6314 13.4988 16.4579 3.32682 -0.0643212 60.1714
469384 13.9557 16.7402 19.6683 15.2864 -0.608231 0.973059 65.6506
469393 14.2263 15.2971 21.6998 12.2563 -3.29739 1.04742 63.4794
469401 14.2263 15.2971 21.6998 12.2563 -3.29739 1.04742 63.4794
469411 14.6032 13.5173 22.0131 9.43907 -5.73248 0.8389 59.5726
469421 14.6032 13.5173 22.0131 9.43907 -5.73248 0.8389 59.5726
469439 15.0574 11.8721 24.0951 8.74203 -7.7545 1.48267 59.7667
469448 15.5117 10.1019 26.3288 8.48064 -9.62297 2.28288 60.4229
469457 15.5117 10.1019 26.3288 8.48064 -9.62297 2.28288 60.4229
469465 15.7146 8.01415 27.7539 8.12244 -11.4637 3.05701 59.6051
469471 15.8209 5.90719 29.0476 7.86105 -13.2597 3.88336 58.6367
469481 15.8209 5.90719 29.0476 7.86105 -13.2597 3.88336 58.6367
469494 15.9562 3.71364 30.5535 7.71583 -15.1367 4.81526 57.9392
469505 15.9562 3.71364 30.5535 7.71583 -15.1367 4.81526 57.9392
469513 16.2848 2.21279 31.7461 7.57061 -16.5389 5.40155 57.8144
469529 16.7874 1.60668 32.7366 7.6287 -17.1414 5.60879 58.7594
469533 16.7874 1.60668 32.7366 7.6287 -17.1414 5.60879 58.7594
469543 17.2309 1.55857 33.242 7.68679 -17.2592 5.56094 59.7182
469558 17.4233 1.60668 33.1207 7.60934 -17.2891 5.44679 59.76
469564 17.4233 1.60668 33.1207 7.60934 -17.2891 5.44679 59.76
469579 17.3752 1.60668 32.6962 7.50285 -17.3037 5.3777 59.1809
469584 17.3752 1.60668 32.6962 7.50285 -17.3037 5.3777 59.1809
469594 17.2598 1.59706 31.9078 7.28986 -17.3461 5.25563 58.0545
469605 17.1539 1.54895 31.1599 6.99943 -17.4833 5.13253 56.8622
469614 17.1539 1.54895 31.1599 6.99943 -17.4833 5.13253 56.8622
469630 16.8454 1.50085 30.5636 6.80581 -17.5455 5.12151 55.7156
469639 16.5941 1.45274 29.9976 6.61219 -17.6222 5.09443 54.6566
469645 16.5941 1.45274 29.9976 6.61219 -17.6222 5.09443 54.6566
469655 16.2848 1.3854 29.5529 6.60251 -17.5798 5.15141 53.8256
469665 16.2848 1.3854 29.5529 6.60251 -17.5798 5.15141 53.8256
469679 15.9852 1.73175 29.4822 7.12528 -16.848 5.21602 54.3244
469693 15.9466 3.22298 29.0779 7.832 -15.1435 4.74515 56.0794
469703 15.9466 3.22298 29.0779 7.832 -15.1435 4.74515 56.0794
469712 16.1495 5.5897 28.0571 8.22893 -13.0926 3.76046 58.0252
469720 16.4588 8.48557 26.2277 8.77107 -10.6058 2.51599 59.9431
469728 16.4588 8.48557 26.2277 8.77107 -10.6058 2.51599 59.9431
469737 16.5458 11.0928 23.8829 9.18736 -8.29718 1.34206 60.7088
469752 16.5458 11.0928 23.8829 9.18736 -8.29718 1.34206 60.7088
469757 16.3041 13.3922 21.1944 10.7654 -5.40944 0.550663 61.6561
469767 15.6663 15.7204 18.4554 14.7733 -1.40366 0.427616 64.6155
469777 15.6663 15.7204 18.4554 14.7733 -1.40366 0.427616 64.6155
469803 14.4582 17.3731 14.6423 16.9322 2.0522 -0.0607565 63.4058
469805 12.7669 18.655 10.878 17.5306 5.24013 -0.755466 59.8306
469815 12.7669 18.655 10.878 17.5306 5.24013 -0.755466 59.8306
469829 11.0176 19.8222 9.25893 19.2191 7.90854 -0.597241 59.3178
469834 11.0176 19.8222 9.25893 19.2191 7.90854 -0.597241 59.3178
469838 9.29733 20.6162 8.46964 21.0522 10.0535 -0.098851 59.4354
469856 7.68334 21.1424 7.93333 22.4126 11.8039 0.385373 59.1717
469858 7.68334 21.1424 7.93333 22.4126 11.8039 0.385373 59.1717
469868 6.07902 21.6016 7.3869 23.3678 13.4779 0.789097 58.4353
469882 4.75497 21.9268 6.94167 24.1879 14.8838 1.15402 57.8113
469888 4.75497 21.9268 6.94167 24.1879 14.8838 1.15402 57.8113
469908 3.72086 22.2808 6.6381 24.8439 15.9897 1.43006 57.4837
469911 3.72086 22.2808 6.6381 24.8439 15.9897 1.43006 57.4837
469919 2.83172 22.5487 6.48631 25.3649 16.8594 1.69596 57.2316
469934 2.57078 22.8165 6.46607 25.664 17.1442 1.75845 57.5174
469939 2.57078 22.8165 6.46607 25.664 17.1442 1.75845 57.5174
469949 2.58044 22.9983 6.45595 25.7412 17.1798 1.71829 57.7759
469964 2.50313 22.9122 6.3244 25.693 17.3149 1.72429 57.4327
469970 2.50313 22.9122 6.3244 25.693 17.3149 1.72429 57.4327
469988 2.50313 22.8644 6.28393 25.5772 17.3228 1.70202 57.2286
469991 2.50313 22.8644 6.28393 25.5772 17.3228 1.70202 57.2286
470000 2.42581 22.7496 6.25357 25.4807 17.3744 1.72876 56.9097
470017 2.40648 22.7209 6.17262 25.3842 17.4326 1.70139 56.6842
470043 2.34849 22.673 6.0006 25.2009 17.575 1.64878 56.223
470045 2.38715 22.7304 6.03095 25.0176 17.5061 1.58395 56.1661
470051 2.38715 22.7304 6.03095 25.0176 17.5061 1.58395 56.1661
470070 2.41615 22.7878 5.96012 24.9597 17.5377 1.52765 56.1238
470074 2.41615 22.7878 5.96012 24.9597 17.5377 1.52765 56.1238
470082 2.38715 22.7974 6.03095 24.9115 17.5008 1.53879 56.127
470097 2.6191 22.74 6.45595 25.1044 17.0282 1.63422 56.9195
470103 2.6191 22.74 6.45595 25.1044 17.0282 1.63422 56.9195
470113 3.23764 22.7591 6.9619 25.0755 16.2125 1.5613 58.0342
470123 4.25242 22.6826 7.33631 24.4484 15.1322 1.23884 58.7197
470152 5.36384 22.6348 7.92321 23.4835 13.8166 0.860564 59.4054
470153 5.36384 22.6348 7.92321 23.4835 13.8166 0.860564 59.4054
470163 7.05514 22.4243 10.0786 22.6056 11.2188 0.773286 62.1636
470182 8.69812 21.8886 14.2577 21.8337 7.78607 1.23836 66.6781
470192 8.69812 21.8886 14.2577 21.8337 7.78607 1.23836 66.6781
470205 9.45196 20.7884 15.5226 19.2866 5.80343 1.05355 65.0496
470207 10.0125 19.0377 15.1179 15.7899 4.04334 0.464703 59.9579
470214 10.0125 19.0377 15.1179 15.7899 4.04334 0.464703 59.9579
470231 10.6214 17.1818 15.5125 13.0017 1.79767 0.189391 56.3174
470235 10.6214 17.1818 15.5125 13.0017 1.79767 0.189391 56.3174
470244 11.2206 15.326 17.4346 11.3269 -0.90508 0.600706 55.308
470256 12.0421 13.5461 19.8805 10.4653 -3.53595 1.27585 55.934
470264 12.0421 13.5461 19.8805 10.4653 -3.53595 1.27585 55.934
470282 12.6799 11.6989 22.4073 10.1071 -5.83602 2.14493 56.8932
470289 13.2211 9.63045 25.0654 10.2232 -7.92604 3.20872 58.1402
470295 13.2211 9.63045 25.0654 10.2232 -7.92604 3.20872 58.1402
470307 13.714 7.42728 27.5719 10.3588 -9.94546 4.26328 59.072
470315 13.714 7.42728 27.5719 10.3588 -9.94546 4.26328 59.072
470334 14.1779 5.30108 29.9774 10.4362 -11.8621 5.24303 59.8926
470336 14.4969 3.67516 31.9685 10.5524 -13.2791 6.01772 60.6929
470360 14.4969 3.67516 31.9685 10.5524 -13.2791 6.01772 60.6929
470361 14.7675 2.54952 33.2319 10.533 -14.291 6.49486 61.0819
470367 14.6805 1.91454 33.7372 10.4846 -14.8061 6.81393 60.8169
470377 14.6805 1.91454 33.7372 10.4846 -14.8061 6.81393 60.8169
470392 14.5259 1.71251 33.5957 10.3781 -14.96 6.90943 60.2122
470398 14.5259 1.71251 33.5957 10.3781 -14.96 6.90943 60.2122
470411 14.1586 1.59706 33.1106 10.2136 -15.0045 6.99946 59.0798
470429 13.6657 1.47199 32.3323 9.98121 -15.0323 7.09537 57.4513
470440 13.2695 1.3854 31.4732 9.58428 -15.1551 7.10865 55.7124
470449 12.8346 1.19298 30.5939 9.27449 -15.2892 7.19188 53.896
470470 12.8346 1.19298 30.5939 9.27449 -15.2892 7.19188 53.896
470470 12.448 1.17374 29.8763 9.02278 -15.2929 7.21924 52.5208
470479 12.2064 1.44312 29.3205 9.18736 -14.8092 7.14904 52.1573
470497 12.2064 1.44312 29.3205 9.18736 -14.8092 7.14904 52.1573
470500 12.0324 2.70345 28.9667 9.92312 -13.2271 6.75627 53.6257
470509 12.0324 2.70345 28.9667 9.92312 -13.2271 6.75627 53.6257
470528 12.0517 5.04131 28.714 12.4692 -9.97627 6.20069 58.2763
470538 12.3417 8.65874 29.8056 19.5953 -4.93356 6.05113 70.4014
470552 12.3417 8.65874 29.8056 19.5953 -4.93356 6.05113 70.4014
470557 12.0711 10.8427 26.6219 20.1935 -2.74517 5.14168 69.7291
470565 11.2206 12.5071 22.0737 18.2736 -0.980756 3.89067 64.0749
470582 11.2206 12.5071 22.0737 18.2736 -0.980756 3.89067 64.0749
470584 10.6117 13.7963 17.849 16.6031 0.823411 2.55965 58.86
470592 10.6117 13.7963 17.849 16.6031 0.823411 2.55965 58.86
470611 9.86754 14.8353 14.1565 16.5837 3.33447 1.63341 55.4431
470612 9.50028 15.7782 11.4143 17.6754 5.76577 1.0515 54.3681
470622 9.50028 15.7782 11.4143 17.6754 5.76577 1.0515 54.3681
470640 9.26833 16.7306 9.85595 19.2963 7.66194 0.857622 55.1512
470642 9.08471 17.7079 9.5625 21.1487 8.78612 1.02216 57.5038
470654 9.08471 17.7079 9.5625 21.1487 8.78612 1.02216 57.5038
470671 8.72712 18.6837 9.5625 22.7889 9.69801 1.24004 59.7622
470674 8.72712 18.6837 9.5625 22.7889 9.69801 1.24004 59.7622
470683 8.01194 19.3534 9.46131 23.9852 10.6334 1.50001 60.8119
470699 7.07447 19.6595 9.24881 24.9886 11.614 1.84597 60.9715
470703 7.07447 19.6595 9.24881 24.9886 11.614 1.84597 60.9715
470713 5.69244 19.583 9.04643 25.7798 12.7384 2.38366 60.1017
470724 4.20409 19.4012 8.75298 26.4841 13.99 2.96514 58.8424
470738 4.20409 19.4012 8.75298 26.4841 13.99 2.96514 58.8424
470757 2.98636 18.9516 8.70238 27.2174 14.8987 3.62487 57.8577
470759 2.98636 18.9516 8.70238 27.2174 14.8987 3.62487 57.8577
470764 2.1842 18.6263 8.65179 27.9024 15.5552 4.11672 57.3647
470785 2.0199 18.4637 8.85417 28.2208 15.5539 4.32377 57.5585
470786 2.0199 18.4637 8.85417 28.2208 15.5539 4.32377 57.5585
470794 2.01023 18.3011 8.89464 28.3751 15.5309 4.41772 57.5811
470814 1.88459 18.0332 8.74286 28.2015 15.6551 4.49153 56.8621
470815 1.88459 18.0332 8.74286 28.2015 15.6551 4.49153 56.8621
470824 1.84594 17.794 8.70238 28.0085 15.6405 4.5441 56.3509
470844 1.84594 17.794 8.70238 28.0085 15.6405 4.5441 56.3509
470848 1.84594 17.6314 8.63155 27.7866 15.6276 4.5462 55.8955
470858 1.82661 17.5357 8.53036 27.6515 15.6768 4.5422 55.5442
470873 1.82661 17.5357 8.53036 27.6515 15.6768 4.5422 55.5442
470878 1.88459 17.6697 8.51012 27.555 15.6555 4.45283 55.6194
470901 1.86526 17.8323 8.45952 27.4007 15.7081 4.36374 55.5578
470910 1.91359 17.928 8.34821 27.0823 15.717 4.23061 55.2721
470928 1.91359 17.928 8.34821 27.0823 15.717 4.23061 55.2721
470929 1.90392 18.0332 8.45952 26.899 15.6291 4.18335 55.2956
470937 2.68675 18.1958 9.0869 26.4938 14.5741 3.90468 56.4632
470958 2.68675 18.1958 9.0869 26.4938 14.5741 3.90468 56.4632
470959 4.03013 18.1958 9.58274 25.0755 13.0346 3.27831 56.8842
470967 5.91472 18.2437 10.5946 22.9143 10.6857 2.4322 57.6673
470994 8.47584 18.5976 17.475 22.0846 5.52703 2.81079 66.6331
471002 8.47584 18.5976 17.475 22.0846 5.52703 2.81079 66.6331
471016 10.4861 18.4924 22.6498 19.8462 1.81978 2.83686 71.4745
471018 11.3752 17.5836 20.8205 14.512 -0.0389412 1.48705 64.2912
471028 11.3752 17.5836 20.8205 14.512 -0.0389412 1.48705 64.2912
471045 12.6896 16.4324 19.6885 10.6686 -2.21806 0.311471 59.479
471048 13.801 15.249 21.1641 9.27449 -4.38807 0.350119 59.4886
471058 13.801 15.249 21.1641 9.27449 -4.38807 0.350119 59.4886
471072 14.7482 13.6327 22.7105 8.76139 -6.29233 0.774649 59.8527
471078 14.7482 13.6327 22.7105 8.76139 -6.29233 0.774649 59.8527
471102 15.2217 11.3718 23.9839 8.1902 -8.35648 1.42441 58.7677
471103 15.56 9.0532 25.3989 7.86105 -10.3868 2.24114 57.8732
471109 15.56 9.0532 25.3989 7.86105 -10.3868 2.24114 57.8732
471119 16.0915 6.93662 27.0161 7.56093 -12.4164 3.00724 57.6051
471133 16.5554 4.93548 28.8858 7.56093 -14.2156 3.87206 57.9377
471139 16.5554 4.93548 28.8858 7.56093 -14.2156 3.87206 57.9377
471166 16.884 3.26146 30.6142 7.56093 -15.7216 4.6372 58.3206
471168 16.884 3.26146 30.6142 7.56093 -15.7216 4.6372 58.3206
471170 17.1924 2.15507 31.8977 7.53189 -16.7596 5.12499 58.7771
471180 17.558 1.71251 32.4941 7.50285 -17.2256 5.24564 59.2674
471198 17.558 1.71251 32.4941 7.50285 -17.2256 5.24564 59.2674
471200 17.76 1.65478 32.5547 7.45444 -17.3354 5.19849 59.424
471210 17.6061 1.60668 32.2212 7.34795 -17.3832 5.19454 58.7819
471237 17.3079 1.54895 31.918 7.2705 -17.403 5.25408 58.0453
471245 17.3079 1.54895 31.918 7.2705 -17.403 5.25408 58.0453
471259 16.826 1.45274 31.4025 7.17369 -17.4136 5.35505 56.855
471264 16.2945 1.30843 30.9174 6.98975 -17.5255 5.48663 55.51
471274 16.2945 1.30843 30.9174 6.98975 -17.5255 5.48663 55.51
471293 15.7436 1.23147 30.5434 6.89294 -17.5343 5.64071 54.4114
471294 15.2894 1.07753 30.4221 6.9123 -17.5609 5.8567 53.7013
471302 15.2894 1.07753 30.4221 6.9123 -17.5609 5.8567 53.7013
471323 14.8738 1.04867 30.5535 7.17369 -17.337 6.09642 53.6497
471324 14.8738 1.04867 30.5535 7.17369 -17.337 6.09642 53.6497
471333 14.6708 1.98189 31.1094 8.12244 -15.9596 6.06047 55.8846
471352 14.7385 4.01188 30.604 8.99374 -13.8552 5.3594 58.3482
471361 14.7385 4.01188 30.604 8.99374 -13.8552 5.3594 58.3482
471377 14.9124 7.06169 29.3306 9.55524 -11.3482 4.16818 60.8599
471378 14.8158 10.2077 27.1778 10.049 -8.72964 2.94053 62.2502
471384 14.8158 10.2077 27.1778 10.049 -8.72964 2.94053 62.2502
471403 14.3326 12.7284 24.1861 10.3104 -6.28679 1.81185 61.5574
471405 14.3326 12.7284 24.1861 10.3104 -6.28679 1.81185 61.5574
471414 13.6464 15.172 20.4667 10.3394 -3.60659 0.50005 59.6245
471436 12.8346 17.2774 16.0994 10.5911 -0.468914 -0.903519 56.8025
471438 12.8346 17.2774 16.0994 10.5911 -0.468914 -0.903519 56.8025
471445 12.2933 19.2003 12.1429 11.9174 3.00679 -2.00708 55.554
471470 11.9358 21.1615 9.47143 14.8702 6.36524 -2.28652 57.4389
471482 11.4719 22.8165 7.85238 17.3184 8.74999 -2.30014 59.4592
471487 10.6214 22.8165 7.13393 17.3184 9.66468 -2.32827 57.8902
471501 10.6214 24.1176 7.13393 18.6884 10.3411 -2.2085 60.5613
471508 9.50995 24.9786 6.64821 19.6725 11.7141 -2.01478 60.8093
471517 9.50995 24.9786 6.64821 19.6725 11.7141 -2.01478 60.8093
471531 7.98294 25.4282 6.13214 20.618 13.269 -1.66078 60.1614
471537 6.44628 25.6866 5.77798 21.6311 14.7347 -1.19002 59.5419
471547 6.44628 25.6866 5.77798 21.6311 14.7347 -1.19002 59.5419
471562 5.07391 25.6579 5.56548 22.7985 15.9982 -0.600995 59.0958
471568 5.07391 25.6579 5.56548 22.7985 15.9982 -0.600995 59.0958
471578 3.8755 25.3708 5.56548 23.9563 16.9676 0.0702989 58.7681
471594 3.20864 25.39 5.82857 25.0465 17.4024 0.574157 59.4737
471598 3.20864 25.39 5.82857 25.0465 17.4024 0.574157 59.4737
471608 3.14099 25.2656 6.08155 25.7316 17.3426 0.848517 60.2197
471629 3.03468 24.969 6.2131 26.0306 17.3252 1.05565 60.2475
471635 3.03468 24.969 6.2131 26.0306 17.3252 1.05565 60.2475
471645 2.88971 24.2515 6.29405 26.1561 17.2944 1.33632 59.5914
471661 2.68675 23.4192 6.30417 26.0499 17.3102 1.60317 58.4601
471663 2.68675 23.4192 6.30417 26.0499 17.3102 1.60317 58.4601
471671 2.50313 22.5391 6.40536 26.1175 17.2623 1.94926 57.5651
471692 2.50313 22.5391 6.40536 26.1175 17.2623 1.94926 57.5651
471699 2.36782 21.8216 6.43571 26.1078 17.2413 2.2088 56.733
471701 2.28084 21.1711 6.52679 26.2236 17.1644 2.4817 56.2023
471726 2.19386 20.6449 6.66845 26.4552 17.0819 2.75672 55.9624
471730 2.05856 20.0996 6.78988 26.5806 17.0325 3.02879 55.5286
471740 2.05856 20.0996 6.78988 26.5806 17.0325 3.02879 55.5286
471760 2.03923 19.6213 7.13393 26.7543 16.7431 3.30189 55.5487
471765 2.03923 19.6213 7.13393 26.7543 16.7431 3.30189 55.5487
471772 2.85105 19.2482 7.85238 26.5034 15.5204 3.25655 56.455
471793 3.95281 18.9038 8.70238 25.7605 13.9608 3.03727 57.3195
471794 3.95281 18.9038 8.70238 25.7605 13.9608 3.03727 57.3195
471802 5.8954 18.722 11.728 24.9018 10.6129 2.94195 61.2472
471825 8.50483 18.4254 16.4232 23.4739 6.34893 2.91052 66.8274
