563368 14.2597 5.55155 26.1165 9.90404 -11.1588 4.35486 55.8318
563378 14.2597 5.55155 26.1165 9.90404 -11.1588 4.35486 55.8318
563383 14.1159 4.92991 28.2592 10.7242 -11.5119 5.15367 58.0292
563392 14.1159 4.92991 29.1688 10.7242 -11.7201 5.30563 58.9389
563402 14.1075 4.87811 29.1688 11.1342 -11.4963 5.39332 59.2887
563412 13.8622 4.87811 29.28 11.1164 -11.4767 5.49307 59.1367
563422 13.8622 4.87811 29.28 11.1164 -11.4767 5.49307 59.1367
563432 13.2025 4.55003 28.6433 10.8846 -11.5271 5.70231 57.2804
563447 12.4328 4.37735 27.8246 10.6618 -11.4014 5.87998 55.2966
563457 12.4328 4.37735 27.8246 10.6618 -11.4014 5.87998 55.2966
563466 11.6294 4.1615 26.9857 10.3676 -11.3305 6.08603 53.1442
563476 11.6294 4.1615 26.9857 10.3676 -11.3305 6.08603 53.1442
563486 10.9274 3.92839 26.2985 10.225 -11.2266 6.32581 51.3792
563495 10.3438 3.77298 25.8335 10.0823 -11.1537 6.53547 50.0326
563521 9.82786 3.5744 25.4596 9.80598 -11.2534 6.73852 48.6678
563525 9.3796 3.4449 25.3888 9.83272 -11.1824 6.99237 48.046
563535 9.3796 3.4449 25.3888 9.83272 -11.1824 6.99237 48.046
563545 9.01592 3.28085 25.6112 9.89512 -11.2185 7.28286 47.8031
563555 8.74527 3.19451 26.2277 10.1626 -11.1814 7.58859 48.3301
563565 8.74527 3.19451 26.2277 10.1626 -11.1814 7.58859 48.3301
563575 8.59303 3.17725 27.1576 10.537 -11.1374 7.86142 49.4648
563591 8.59303 3.17725 27.1576 10.537 -11.1374 7.86142 49.4648
563596 8.59303 3.18588 28.1885 10.947 -11.1209 8.05958 50.9144
563606 8.61841 3.20315 28.997 11.2858 -11.0962 8.19353 52.1044
563632 8.70298 3.17725 29.5327 11.4373 -11.1736 8.25629 52.8503
563637 8.69453 3.18588 29.7551 11.5176 -11.1688 8.2946 53.153
563647 8.69453 3.18588 29.7551 11.5176 -11.1688 8.2946 53.153
563658 9.12587 3.92839 29.7955 12.0079 -10.4749 7.86101 54.8576
563668 9.12587 3.92839 29.7955 12.0079 -10.4749 7.86101 54.8576
563677 10.2592 6.03504 29.2699 12.2307 -9.19776 6.54203 57.7949
563696 11.2741 8.23667 28.0065 12.5962 -7.67205 5.26303 60.1136
563705 11.2741 8.23667 28.0065 12.5962 -7.67205 5.26303 60.1136
563713 12.2637 10.3865 25.3585 12.4001 -6.13967 3.75155 60.4088
563723 13.2871 12.7263 21.5178 11.4997 -4.48024 1.77981 59.0309
563742 14.0652 13.9436 16.7291 9.90404 -3.17825 -0.377634 54.642
563751 14.0652 13.9436 16.7291 9.90404 -3.17825 -0.377634 54.642
563760 14.598 14.5998 13.0115 9.55637 -1.66779 -1.92113 51.7657
563770 15.3507 15.0315 12.0121 12.4447 0.0516683 -1.62078 54.839
563780 15.3507 15.0315 12.0121 12.4447 0.0516683 -1.62078 54.839
563790 15.4776 14.7638 11.8066 13.9423 0.634912 -1.20357 55.9904
563802 14.5134 14.1077 11.3863 14.4594 1.22429 -0.764361 54.4667
563811 14.5134 14.1077 11.3863 14.4594 1.22429 -0.764361 54.4667
563821 12.7542 13.4256 11.1808 15.6182 2.4108 0.175313 52.9788
563831 10.4537 13.4256 10.9566 14.7357 3.40466 0.548592 49.5716
563841 10.4537 12.804 10.9566 17.0193 4.10519 1.38138 51.2336
563856 7.90796 12.1046 11.2835 19.1419 5.97517 3.09672 50.438
563873 5.9796 11.7075 12.1896 21.6215 7.35938 4.69647 51.4981
563882 5.19303 11.578 13.3291 23.6476 7.76934 5.63904 53.7477
563892 5.19303 11.578 13.3291 23.6476 7.76934 5.63904 53.7477
563902 5.0408 11.837 14.1604 25.0658 7.88783 5.97511 56.104
563912 5.26915 12.1564 14.7396 26.0114 7.80343 6.01411 58.1765
563922 5.26915 12.1564 14.7396 26.0114 7.80343 6.01411 58.1765
563932 5.33682 12.4413 14.9637 26.5034 7.86737 5.99769 59.2453
563947 5.33682 12.4413 14.9637 26.5034 7.86737 5.99769 59.2453
563953 5.38756 12.5363 14.8143 26.3201 7.89668 5.89516 59.0583
563963 5.42139 12.4586 14.422 25.7701 7.91489 5.76321 58.0721
563990 5.2607 12.4068 13.8242 24.815 8.05274 5.58682 56.3067
563993 5.17612 12.1996 13.2264 23.5993 8.02397 5.38269 54.2014
564009 5.17612 12.1996 13.2264 23.5993 8.02397 5.38269 54.2014
564015 4.99005 11.8542 12.4604 22.4319 8.13527 5.23267 51.7366
564025 4.99005 11.8542 12.4604 22.4319 8.13527 5.23267 51.7366
564035 4.79552 11.5262 11.9934 21.4188 8.12125 5.1546 49.7339
564045 4.74478 11.293 11.6104 20.7435 8.10123 5.05751 48.3917
564055 4.74478 11.293 11.6104 20.7435 8.10123 5.05751 48.3917
564073 4.74478 11.129 11.4703 20.3383 7.99675 5.0128 47.6824
564082 4.70249 10.9995 11.517 20.2418 7.91271 5.07477 47.4608
564092 4.70249 10.9995 11.517 20.2418 7.91271 5.07477 47.4608
564101 4.79552 10.9995 11.6945 20.4347 7.79574 5.11251 47.9243
564110 4.79552 10.9995 11.6945 20.4347 7.79574 5.11251 47.9243
564120 4.78706 11.0858 11.8159 20.7435 7.85958 5.16799 48.4323
564128 4.8801 11.2671 12.1055 21.168 7.81531 5.1981 49.4207
564138 4.8801 11.2671 12.1055 21.168 7.81531 5.1981 49.4207
564148 4.92239 11.4398 12.311 21.5443 7.84125 5.22519 50.2175
564157 7.38358 12.6917 12.8995 21.8434 6.4997 4.0135 54.8181
564167 7.38358 12.6917 12.8995 21.8434 6.4997 4.0135 54.8181
564186 9.65871 13.7882 13.4692 21.4767 5.19627 2.95388 58.3929
564187 9.65871 13.7882 13.4692 21.4767 5.19627 2.95388 58.3929
564198 11.2318 14.6516 13.189 19.7208 4.23158 1.79264 58.7932
564208 14.1498 16.1366 11.8346 16.2779 2.75269 -0.558357 58.3989
564218 14.1498 16.1366 11.8346 16.2779 2.75269 -0.558357 58.3989
564228 16.4333 17.4114 9.58352 12.204 1.61709 -3.25096 55.6322
564238 18.1353 18.3489 7.41648 8.49554 0.616795 -5.8894 52.3962
564248 18.1353 18.3489 7.41648 8.49554 0.616795 -5.8894 52.3962
564263 19.6746 19.1716 7.12692 6.90876 -0.34091 -7.03753 52.8819
564270 19.6746 19.1716 7.12692 6.90876 -0.34091 -7.03753 52.8819
564280 20.9926 19.3151 10.6951 8.21919 -1.7533 -5.41864 59.222
564290 21.7046 18.3872 14.5434 9.56529 -3.23033 -3.73433 64.2004
564300 21.7046 18.3872 14.5434 9.56529 -3.23033 -3.73433 64.2004
564310 21.1754 15.9553 15.5802 8.94127 -4.80886 -3.06783 61.6522
564320 19.8862 12.8385 15.7577 7.86261 -6.63005 -2.42375 56.345
564330 19.8862 12.8385 15.7577 7.86261 -6.63005 -2.42375 56.345
564340 18.4527 9.66988 16.5236 7.35448 -8.63065 -1.22436 52.0007
564355 18.4527 9.66988 16.5236 7.35448 -8.63065 -1.22436 52.0007
564361 17.6157 7.78771 17.8187 7.69324 -9.79737 0.0319541 50.9153
564371 17.4137 7.05383 19.5672 8.45988 -10.2235 1.01712 52.4946
564381 17.4137 7.05383 19.5672 8.45988 -10.2235 1.01712 52.4946
564391 17.3463 6.90706 20.3859 8.82538 -10.2871 1.39096 53.4646
564401 17.1347 6.78619 20.5678 8.93235 -10.2881 1.56659 53.421
564428 16.5179 6.56171 20.2444 8.86104 -10.223 1.73204 52.185
564437 16.5179 6.56171 20.2444 8.86104 -10.223 1.73204 52.185
564446 15.9428 6.37176 20.1433 8.84321 -10.1709 1.95082 51.301
564455 15.393 6.16455 20.2444 8.81647 -10.202 2.22347 50.6184
564463 15.393 6.16455 20.2444 8.81647 -10.202 2.22347 50.6184
564472 15.0886 5.98324 20.4162 8.90561 -10.2274 2.45567 50.3936
564483 14.9025 5.93144 20.396 8.83429 -10.2532 2.51567 50.0642
564493 14.9025 5.93144 20.396 8.83429 -10.2532 2.51567 50.0642
564503 14.6318 5.7933 20.4061 8.78081 -10.3119 2.64908 49.612
564513 14.6318 5.7933 20.4061 8.78081 -10.3119 2.64908 49.612
564526 14.3274 5.62062 20.4263 8.80755 -10.3318 2.8321 49.1818
564535 14.0652 5.49975 20.8002 9.0215 -10.2984 3.11526 49.3867
564543 14.0652 5.49975 20.8002 9.0215 -10.2984 3.11526 49.3867
564553 13.8199 5.40477 21.5279 9.31568 -10.2996 3.48093 50.0683
564563 13.5831 5.29253 22.4174 9.75249 -10.2631 3.90659 51.0455
564573 13.5831 5.29253 22.4174 9.75249 -10.2631 3.90659 51.0455
564588 13.5239 5.32707 23.1855 10.1002 -10.205 4.15295 52.1366
564595 13.5239 5.32707 23.1855 10.1002 -10.205 4.15295 52.1366
564605 13.3886 5.30117 23.9536 10.5281 -10.1149 4.45502 53.1714
564615 13.2194 5.26663 24.5095 10.7687 -10.0873 4.68496 53.7643
564625 13.2194 5.26663 24.5095 10.7687 -10.0873 4.68496 53.7643
564635 12.9741 5.24937 24.7319 10.9381 -9.98196 4.85583 53.8935
564645 12.8642 5.43068 24.9946 11.2234 -9.72466 4.93182 54.5129
564655 12.8642 5.43068 24.9946 11.2234 -9.72466 4.93182 54.5129
564665 13.1771 6.46673 25.0654 11.6245 -8.94278 4.53886 56.3338
564680 13.1771 6.46673 25.0654 11.6245 -8.94278 4.53886 56.3338
564686 13.8791 8.40071 24.2973 11.7939 -7.70149 3.5492 58.371
564696 14.3612 10.067 22.6397 11.6245 -6.52099 2.51379 58.6925
564722 15.0463 11.6557 20.2039 10.9827 -5.4466 1.16207 57.8885
564726 15.4945 12.9335 17.1617 9.85947 -4.447 -0.38057 55.4492
564745 15.4945 12.9335 17.1617 9.85947 -4.447 -0.38057 55.4492
564753 15.7652 13.6242 13.9082 8.42423 -3.68559 -2.04659 51.7218
564763 15.7652 13.6242 13.9082 8.42423 -3.68559 -2.04659 51.7218
564772 15.9851 13.9782 11.2181 7.65758 -2.84991 -3.40533 48.8389
564777 16.2642 14.3149 10.3868 9.15522 -1.58661 -3.30311 50.1211
564788 16.2642 14.3149 10.3868 9.15522 -1.58661 -3.30311 50.1211
564799 16.4502 14.6602 10.6016 11.1521 -0.586212 -2.65494 52.8642
564812 16.298 14.807 10.9099 12.2575 -0.0660658 -2.19384 54.2724
564818 16.298 14.807 10.9099 12.2575 -0.0660658 -2.19384 54.2724
564837 15.1985 14.7811 11.1341 13.559 0.917974 -1.45042 54.6727
564838 13.3124 14.4271 11.078 14.7892 2.25058 -0.52391 53.6068
564858 11.198 13.9954 11.1621 16.1709 3.7154 0.611007 52.5265
564868 11.198 13.9954 11.1621 16.1709 3.7154 0.611007 52.5265
564878 9.00746 13.5119 11.7505 17.8876 5.10067 2.04729 52.1576
564888 7.34975 13.1925 12.5632 19.6436 6.12482 3.31699 52.749
564903 7.34975 13.1925 12.5632 19.6436 6.12482 3.31699 52.749
564910 6.61393 13.1752 13.4692 21.1198 6.53379 4.08248 54.3781
564920 6.61393 13.1752 13.4692 21.1198 6.53379 4.08248 54.3781
564930 6.87612 13.5896 14.1885 22.2679 6.49701 4.21381 56.9221
564940 7.06219 13.8918 14.4967 22.7889 6.49121 4.20631 58.2396
564950 7.06219 13.8918 14.4967 22.7889 6.49121 4.20631 58.2396
564960 7.11294 13.9954 14.6088 23.0204 6.50952 4.21898 58.7376
564970 7.11294 14.1077 14.5621 22.8757 6.52437 4.14703 58.6584
564980 7.11294 14.1077 14.5621 22.8757 6.52437 4.14703 58.6584
564990 7.13831 14.1077 14.2445 22.3644 6.52029 3.98313 57.8548
565005 7.13831 14.1077 14.2445 22.3644 6.52029 3.98313 57.8548
565011 7.0791 13.935 13.7401 21.3706 6.45275 3.76748 56.1248
565021 6.94378 13.6501 12.9088 20.0585 6.46736 3.46522 53.5611
565047 6.75771 13.2529 12.1709 18.7849 6.43033 3.22128 50.9664
565052 6.57164 12.8212 11.5451 17.7043 6.37761 3.03949 48.6422
565062 6.57164 12.8212 11.5451 17.7043 6.37761 3.03949 48.6422
565072 6.43632 12.4413 11.1995 17.0193 6.27695 2.9751 47.0964
565098 6.3602 12.1219 11.0874 16.6434 6.12262 3.00199 46.2129
565102 6.30099 11.9406 11.1341 16.5721 6.0273 3.08979 45.9477
565117 6.30099 11.9406 11.1341 16.5721 6.0273 3.08979 45.9477
565123 6.30099 11.8715 11.2835 16.7504 5.97179 3.20131 46.2064
565133 6.24179 11.8024 11.5264 17.1254 5.97465 3.40743 46.696
565143 6.24179 11.8024 11.5264 17.1254 5.97465 3.40743 46.696
565153 6.27562 11.8111 11.844 17.6368 5.95379 3.59302 47.5674
565173 6.28408 11.8629 12.2456 17.9069 5.81793 3.72848 48.2995
565175 6.28408 11.8629 12.2456 17.9069 5.81793 3.72848 48.2995
565185 10.2423 13.7537 13.0769 17.9166 3.79665 1.90878 54.9895
565203 10.2423 13.7537 13.0769 17.9166 3.79665 1.90878 54.9895
565205 12.7204 14.7379 13.4973 16.7682 2.29044 0.729459 57.7238
565215 15.097 15.5841 12.9835 14.085 0.687656 -0.938346 57.7495
565225 15.097 15.5841 12.9835 14.085 0.687656 -0.938346 57.7495
565235 19.232 17 11.6945 10.6172 -1.41319 -3.56665 58.5437
565245 21.3582 17.641 10.3027 7.57735 -2.83173 -5.56945 56.8793
565268 22.9072 17.7845 10.2467 6.61458 -3.80296 -6.2109 57.5529
565276 22.9072 17.7845 10.2467 6.61458 -3.80296 -6.2109 57.5529
565286 23.446 16.6028 12.4791 6.98007 -5.18508 -5.18996 59.508
565296 23.0226 14.4789 17.374 8.37074 -6.93596 -2.78835 63.2463
565322 21.4641 11.5952 19.8603 8.52229 -8.62882 -1.14174 61.4419
565327 19.3667 8.66836 20.9013 8.23702 -10.2157 0.289446 57.1734
565345 19.3667 8.66836 20.9013 8.23702 -10.2157 0.289446 57.1734
565353 17.5003 6.63078 22.0434 8.45988 -11.1894 1.74951 54.6343
565363 17.5003 6.63078 22.0434 8.45988 -11.1894 1.74951 54.6343
565367 16.1204 5.54292 23.0137 8.84321 -11.5601 2.85693 53.5202
565387 15.1901 5.07669 23.7212 9.19088 -11.5853 3.56683 53.1788
565388 15.1901 5.07669 23.7212 9.19088 -11.5853 3.56683 53.1788
565398 14.2766 4.78314 23.7616 9.19979 -11.5603 4.00845 52.0211
565409 13.507 4.50686 23.6201 9.19979 -11.5182 4.36897 50.8337
565419 13.507 4.50686 23.6201 9.19979 -11.5182 4.36897 50.8337
565428 13.101 4.44642 23.5797 9.16413 -11.4683 4.53251 50.2912
565443 13.101 4.44642 23.5797 9.16413 -11.4683 4.53251 50.2912
565450 12.9572 4.38598 23.7313 9.19979 -11.4883 4.65085 50.2743
565460 13.0164 4.41188 24.0547 9.42265 -11.4116 4.72905 50.9057
565470 13.0164 4.41188 24.0547 9.42265 -11.4116 4.72905 50.9057
565482 12.9741 4.38598 24.4691 9.58311 -11.4146 4.87007 51.4123
565491 12.9149 4.41188 24.4893 9.6366 -11.3482 4.89743 51.4527
565500 12.9149 4.41188 24.4893 9.6366 -11.3482 4.89743 51.4527
565510 12.898 4.37735 24.2872 9.46723 -11.4348 4.84395 51.0297
565520 12.898 4.37735 24.2872 9.46723 -11.4348 4.84395 51.0297
565540 12.9149 4.36008 24.1052 9.43157 -11.4287 4.80059 50.8118
565541 12.8726 4.39462 24.0547 9.45831 -11.3599 4.79884 50.7803
565551 12.8726 4.39462 24.0547 9.45831 -11.3599 4.79884 50.7803
565570 12.9657 4.36008 24.2366 9.49397 -11.4326 4.81963 51.0563
565572 12.9234 4.42915 24.5095 9.65443 -11.331 4.89496 51.5165
565581 12.9234 4.42915 24.5095 9.65443 -11.331 4.89496 51.5165
565593 12.8557 4.42052 24.9239 9.83272 -11.3036 5.03923 52.0329
565602 12.8557 4.42052 24.9239 9.83272 -11.3036 5.03923 52.0329
565612 12.695 4.33418 25.1968 9.99318 -11.2815 5.21669 52.2192
565622 12.6274 4.51549 25.5 10.225 -11.0591 5.27224 52.8678
565632 12.6274 4.51549 25.5 10.225 -11.0591 5.27224 52.8678
565642 13.3547 5.90554 25.5404 10.4924 -10.1718 4.55009 55.2931
565652 14.4373 7.89132 24.7622 10.6707 -8.9322 3.40302 57.7615
565667 14.4373 7.89132 24.7622 10.6707 -8.9322 3.40302 57.7615
565673 15.3592 9.53174 22.9126 10.3319 -7.91605 2.15538 58.1355
565683 15.3592 9.53174 22.9126 10.3319 -7.91605 2.15538 58.1355
565693 16.501 11.3794 20.0422 9.55637 -6.78833 0.448392 57.479
565703 17.6061 13.0284 16.3462 8.29051 -5.71424 -1.62776 55.2712
565713 17.6061 13.0284 16.3462 8.29051 -5.71424 -1.62776 55.2712
565723 18.4816 14.03 13.217 7.33665 -4.8676 -3.38014 53.0653
565733 19.309 14.8674 12.7687 9.52071 -3.4045 -3.15776 56.4658
565743 19.309 14.8674 12.7687 9.52071 -3.4045 -3.15776 56.4658
565758 19.5399 15.2042 13.8055 12.2396 -2.42707 -2.1465 60.7892
565765 19.5399 15.2042 13.8055 12.2396 -2.42707 -2.1465 60.7892
565775 18.3565 15.0747 13.1984 12.6051 -1.63548 -1.93156 59.2347
565785 16.1796 14.7552 11.7692 12.4893 -0.319049 -1.81444 55.1933
565795 16.1796 14.7552 11.7692 12.4893 -0.319049 -1.81444 55.1933
565805 13.7353 14.4358 10.7324 12.9974 1.42839 -1.28359 51.9009
565815 11.0204 14.1163 10.2467 13.9958 3.46553 -0.27163 49.3792
565825 11.0204 14.1163 10.2467 13.9958 3.46553 -0.27163 49.3792
565835 8.79602 13.9523 10.5176 15.2171 5.08207 0.923953 48.483
565850 8.79602 13.9523 10.5176 15.2171 5.08207 0.923953 48.483
565856 7.90796 14.1163 11.489 16.688 5.68079 1.83842 50.2013
565866 8.23781 14.6948 12.6005 18.1192 5.58018 2.17712 53.6523
565876 8.23781 14.6948 12.6005 18.1192 5.58018 2.17712 53.6523
565886 8.74527 15.256 13.1143 18.7367 5.43089 2.10816 55.8522
565896 8.92289 15.3596 13.2451 18.7367 5.30013 2.05262 56.2642
565916 8.92289 15.3596 13.2451 18.7367 5.30013 2.05262 56.2642
565947 8.74527 15.1178 12.4231 17.6078 5.36112 1.71665 53.894
565957 8.61841 14.7811 11.928 16.9287 5.34068 1.56647 52.2562
565967 8.39851 14.643 11.433 16.3314 5.48308 1.3944 50.8059
565977 8.18707 14.3149 11.1621 15.9481 5.49957 1.39328 49.6121
566003 7.99254 14.1249 10.9099 15.6985 5.60328 1.3825 48.7258
566022 7.8995 13.9091 10.9192 15.6985 5.56972 1.48962 48.4263
566031 7.86567 13.8487 11.1154 15.9124 5.52911 1.63518 48.7421
566051 7.86567 13.7882 11.3676 16.3136 5.50752 1.83255 49.3351
566060 7.92488 13.9005 11.6665 16.6256 5.45453 1.93548 50.1174
566068 7.92488 13.9005 11.6665 16.6256 5.45453 1.93548 50.1174
566078 7.91642 13.8314 11.8626 16.9287 5.43194 2.09051 50.5391
566093 7.91642 13.8314 11.8626 16.9287 5.43194 2.09051 50.5391
566100 7.80647 13.7969 12.1335 17.2798 5.45737 2.29631 51.0166
566110 7.80647 13.7105 12.4231 17.685 5.40725 2.4962 51.6251
566122 7.80647 13.7105 12.4231 17.685 5.40725 2.4962 51.6251
566131 7.6796 13.486 12.7126 18.235 5.43468 2.81559 52.1132
566140 7.54428 13.2875 13.2357 18.7463 5.32711 3.16687 52.8138
566150 7.54428 13.2875 13.2357 18.7463 5.32711 3.16687 52.8138
566160 10.0562 14.0818 14.039 19.0551 3.94953 2.34731 57.232
566170 10.0562 14.0818 14.039 19.0551 3.94953 2.34731 57.232
566185 12.2045 14.902 14.1324 17.8973 2.73198 1.24879 59.1362
566191 13.4647 15.325 13.1049 15.3686 1.80048 -0.0828087 57.2633
566201 13.4647 15.325 13.1049 15.3686 1.80048 -0.0828087 57.2633
566211 16.2219 16.4129 11.3115 11.9633 0.376841 -2.51118 55.9096
566221 18.395 17.3348 9.20989 8.63818 -0.761463 -5.00629 53.5779
566233 18.395 17.3348 9.20989 8.63818 -0.761463 -5.00629 53.5779
566242 20.2326 18.1002 7.93956 6.36497 -1.76064 -6.8473 52.6373
566252 20.2326 18.1002 7.93956 6.36497 -1.76064 -6.8473 52.6373
566262 21.5988 18.3776 8.26648 5.88359 -2.58841 -7.15721 54.1264
566281 22.3684 17.5262 9.74231 6.06188 -3.82535 -6.48768 55.6988
566283 22.3684 17.5262 9.74231 6.06188 -3.82535 -6.48768 55.6988
566292 22.5801 15.6445 13.3758 7.02465 -5.666 -4.56053 58.625
566311 21.7719 13.1666 15.9632 7.56843 -7.26871 -2.92634 58.4701
566318 21.7719 13.1666 15.9632 7.56843 -7.26871 -2.92634 58.4701
566323 20.2037 10.4383 17.6367 7.70215 -8.79765 -1.42097 55.9809
566333 18.953 10.5505 19.648 8.31725 -8.58434 -0.401506 57.4689
566343 18.953 8.34027 19.648 8.31725 -9.92766 0.182412 55.2586
566353 18.549 7.52006 21.3561 9.06607 -10.3197 1.15589 56.4912
566363 18.549 7.52006 21.3561 9.06607 -10.3197 1.15589 56.4912
566373 18.4239 7.16607 22.2759 9.49397 -10.4776 1.61608 57.3598
566388 18.3469 7.11427 22.1849 9.48505 -10.4726 1.63013 57.1311
566395 18.3469 7.11427 22.1849 9.48505 -10.4726 1.63013 57.1311
566405 17.9428 6.98476 21.2753 9.11065 -10.4507 1.48019 55.3135
566415 17.2694 6.98476 20.113 8.64709 -10.2569 1.27491 53.0142
566425 17.2694 6.80345 20.113 8.64709 -10.3779 1.33077 52.8329
566435 16.5771 6.62214 19.2134 8.29942 -10.288 1.27591 50.7121
566447 16.5771 6.62214 19.2134 8.29942 -10.288 1.27591 50.7121
566456 15.9935 6.41493 18.6272 8.04982 -10.2658 1.30443 49.0855
566466 15.4945 6.30269 18.2836 7.9785 -10.1421 1.39355 48.0593
566476 15.4945 6.30269 18.2836 7.9785 -10.1421 1.39355 48.0593
566486 15.0294 6.12138 18.3341 8.02307 -10.1136 1.64387 47.5079
566496 14.4458 5.86237 18.7889 8.36182 -10.0142 2.1627 47.4589
566506 14.4458 5.86237 18.7889 8.36182 -10.0142 2.1627 47.4589
566516 13.7692 5.62062 19.7491 8.78972 -9.96687 2.86334 47.9286
566542 13.0502 5.34434 21.063 9.31568 -9.97126 3.68566 48.7733
566547 12.4328 5.04215 22.5488 10.0288 -9.94484 4.52602 50.0526
566557 12.4328 5.04215 22.5488 10.0288 -9.94484 4.52602 50.0526
566567 11.8915 4.73997 23.9839 10.6974 -9.95758 5.27641 51.3129
566577 11.3333 4.59319 25.4293 11.3482 -9.87648 5.93435 52.704
566587 11.3333 4.59319 25.4293 11.3482 -9.87648 5.93435 52.704
566600 10.8682 4.37735 26.6421 11.9276 -9.85096 6.50119 53.8152
566609 10.8682 4.37735 26.6421 11.9276 -9.85096 6.50119 53.8152
566626 10.3692 4.1615 27.5719 12.3912 -9.81231 7.00056 54.4938
566635 9.78557 3.98019 28.2592 12.7567 -9.72402 7.46147 54.7817
566643 9.78557 3.98019 28.2592 12.7567 -9.72402 7.46147 54.7817
566654 9.41343 4.15287 28.7949 13.3183 -9.31095 7.6905 55.6795
566664 9.92935 5.55155 28.9566 13.9958 -8.27379 7.05202 58.4333
566672 9.92935 5.55155 28.9566 13.9958 -8.27379 7.05202 58.4333
566682 10.6483 7.5546 28.4411 14.5218 -6.95366 6.07203 61.1658
566691 10.6483 7.5546 28.4411 14.5218 -6.95366 6.07203 61.1658
566701 11.1811 8.95328 26.3793 14.4326 -5.81435 5.08913 60.9463
566710 12.1368 10.6887 22.8115 13.3629 -4.6173 3.3938 58.9999
566728 12.1368 10.6887 22.8115 13.3629 -4.6173 3.3938 58.9999
566731 13.0841 11.9924 18.0612 11.473 -3.51577 1.22442 54.6107
566741 14.2682 12.873 13.5907 9.54746 -2.70406 -1.19425 50.2793
566751 14.2682 12.873 13.5907 9.54746 -2.70406 -1.19425 50.2793
566761 15.41 13.486 11.7038 10.4389 -1.56198 -1.98474 51.0387
566771 15.41 13.486 11.7038 10.4389 -1.56198 -1.98474 51.0387
566781 16.3403 13.7191 13.2544 13.7373 -0.936994 -0.806583 57.0511
566791 16.3572 13.3738 13.7588 14.8605 -0.806208 -0.285783 58.3503
566801 16.3572 13.3738 13.7588 14.8605 -0.806208 -0.285783 58.3503
566811 15.3507 13.0025 13.5907 15.5291 -0.178242 0.200045 57.473
566826 13.4308 12.2169 13.3011 16.4027 0.852573 1.09919 55.3515
566832 13.4308 12.2169 13.3011 16.4027 0.852573 1.09919 55.3515
566843 10.7498 11.2499 13.1236 17.4631 2.30079 2.44943 52.5864
566852 10.7498 11.2499 13.1236 17.4631 2.30079 2.44943 52.5864
566862 8.00945 10.2311 13.4132 19.1033 3.89687 4.21891 50.757
566872 5.73433 9.55764 13.9269 20.6566 5.28969 5.80192 49.8755
566882 5.73433 9.55764 13.9269 20.6566 5.28969 5.80192 49.8755
566892 4.9393 9.47994 14.7676 21.9784 5.74193 6.54549 51.1653
566902 5.04925 9.82529 15.356 23.0397 5.8474 6.62317 53.2703
566912 5.04925 9.82529 15.356 23.0397 5.8474 6.62317 53.2703
566922 5.20995 10.1275 15.6549 23.5221 5.86299 6.55963 54.5145
566937 5.20995 10.1275 15.6549 23.5221 5.86299 6.55963 54.5145
566943 5.30299 10.3692 15.6736 23.6669 5.93475 6.4535 55.0127
566953 5.40448 10.5678 15.5242 23.4835 5.96703 6.28468 54.98
566963 5.40448 10.5678 15.5242 23.4835 5.96703 6.28468 54.98
566973 5.45522 10.7577 15.244 23.2134 6.06909 6.10323 54.6703
566983 5.4806 10.8614 14.9264 22.8371 6.14148 5.93883 54.1054
567002 5.4806 10.8614 14.9264 22.8371 6.14148 5.93883 54.1054
567011 5.55672 11.0081 14.5341 22.2679 6.1767 5.68812 53.3668
567020 5.55672 11.0081 14.5341 22.2679 6.1767 5.68812 53.3668
567030 5.4806 10.9909 14.1231 21.6697 6.24561 5.54528 52.2642
567039 5.43831 10.9304 13.7121 21.0233 6.26334 5.39095 51.1041
567047 5.43831 10.9304 13.7121 21.0233 6.26334 5.39095 51.1041
567056 5.42139 10.8441 13.3945 20.5602 6.26658 5.2835 50.2201
567065 5.42985 10.7491 13.2731 20.1935 6.16355 5.22332 49.6456
567091 5.39602 10.6714 13.217 20.0199 6.12432 5.22352 49.3043
567096 5.39602 10.6714 13.217 20.0199 6.12432 5.22352 49.3043
567106 5.3791 10.6196 13.2544 19.9716 6.07303 5.24959 49.2247
567116 5.39602 10.5505 13.4132 20.1839 6.01753 5.34393 49.5436
567126 5.39602 10.5505 13.4132 20.1839 6.01753 5.34393 49.5436
567136 5.40448 10.5074 13.6747 20.4444 5.9326 5.4588 50.0309
567146 5.40448 10.5333 13.983 20.9654 5.95015 5.60387 50.8861
567161 5.40448 10.5333 13.983 20.9654 5.95015 5.60387 50.8861
567167 5.70896 10.6455 14.4313 21.4092 5.70669 5.59998 52.195
567177 5.70896 10.6455 14.4313 21.4092 5.70669 5.59998 52.195
567190 7.78955 11.6298 15.6456 22.2003 4.53807 4.82665 57.2653
567198 9.8194 12.3205 16.8038 22.2679 3.2531 4.14918 61.2116
567207 9.8194 12.3205 16.8038 22.2679 3.2531 4.14918 61.2116
567217 11.3164 12.5881 16.8786 20.5505 2.01506 3.30762 61.3336
567232 13.7353 13.581 15.4588 17.1351 0.635102 1.32136 59.9102
567238 13.7353 13.581 15.4588 17.1351 0.635102 1.32136 59.9102
567248 15.4522 14.4012 12.806 12.9261 -0.418724 -1.11216 55.5856
567275 16.6363 15.1696 10.9192 9.50288 -1.38002 -3.26946 52.2281
567280 17.4041 15.5236 13.2637 9.82381 -2.37453 -2.63504 56.0152
567290 17.4041 15.5236 13.2637 9.82381 -2.37453 -2.63504 56.0152
567300 17.4041 14.6516 16.2994 10.6885 -3.5412 -1.28745 59.0436
567318 16.9831 12.9076 16.8505 9.85947 -4.88802 -0.842916 56.6007
567320 16.9831 12.9076 16.8505 9.85947 -4.88802 -0.842916 56.6007
567331 16.2896 10.5937 17.7883 9.06607 -6.70764 -0.00804752 53.7377
567341 16.2896 10.5937 17.7883 9.06607 -6.70764 -0.00804752 53.7377
567351 15.2915 8.2194 19.4964 9.03041 -8.42569 1.44584 52.0378
567370 14.6488 6.77755 21.6492 9.83272 -9.30276 2.85087 52.9083
567387 14.3104 6.19045 23.6302 10.7866 -9.5432 3.80093 54.9177
567396 14.0736 5.871 24.5297 11.3304 -9.5879 4.27799 55.8047
567405 14.0736 5.871 24.5297 11.3304 -9.5879 4.27799 55.8047
567414 13.7522 5.80193 24.2568 11.2056 -9.5433 4.3373 55.0166
567423 13.7522 5.80193 24.2568 11.2056 -9.5433 4.3373 55.0166
567432 13.2109 5.52565 23.3472 10.7153 -9.62008 4.35402 52.7991
567442 12.5935 5.258 22.5488 10.2606 -9.68383 4.42881 50.6609
567468 12.0353 5.00762 22.2556 10.1893 -9.64582 4.66842 49.4879
567472 11.5955 4.71407 22.6498 10.43 -9.66871 5.09327 49.3894
567487 11.5955 4.71407 22.6498 10.43 -9.66871 5.09327 49.3894
567493 11.1642 4.61046 23.3472 10.8044 -9.56236 5.52123 49.9263
567503 11.1642 4.61046 23.3472 10.8044 -9.56236 5.52123 49.9263
567513 10.8005 4.47232 24.0143 11.1432 -9.51774 5.91449 50.4302
567523 10.4284 4.33418 24.6106 11.4106 -9.49821 6.27917 50.7837
567534 10.4284 4.33418 24.6106 11.4106 -9.49821 6.27917 50.7837
567543 10.1239 4.17014 25.1867 11.7583 -9.45675 6.63097 51.239
567558 9.94627 4.12697 25.8537 12.0792 -9.41901 6.88179 52.0062
567576 9.8194 4.04063 26.5208 12.516 -9.35008 7.1394 52.8968
567585 9.57413 4.04063 27.0565 12.8102 -9.24611 7.3629 53.4814
567595 9.57413 3.98019 27.0565 12.8102 -9.28486 7.3882 53.421
567605 9.32886 3.92839 27.4608 13.0152 -9.23359 7.59829 53.7332
567615 9.32886 3.92839 27.4608 13.0152 -9.23359 7.59829 53.7332
567625 9.10896 3.81615 27.6427 13.0776 -9.25424 7.77192 53.6454
567635 9.18507 4.23921 27.8549 13.4253 -8.85463 7.63811 54.7045
567650 9.18507 4.23921 27.8549 13.4253 -8.85463 7.63811 54.7045
567656 9.77711 5.53428 27.582 13.6927 -8.01087 6.88243 56.5862
567666 11.0711 5.53428 26.4096 13.8086 -7.9799 6.23318 56.8237
567676 11.0711 8.32301 26.4096 13.8086 -6.43707 5.23987 59.6124
567686 11.8662 10.3261 23.9233 13.2737 -5.13127 3.78978 59.3893
567696 11.8662 10.3261 23.9233 13.2737 -5.13127 3.78978 59.3893
567708 12.8303 12.2082 19.7491 11.7315 -3.82158 1.7097 56.5192
567717 13.9299 13.7623 14.7582 9.43157 -2.64745 -1.01259 51.882
567727 13.9299 13.7623 14.7582 9.43157 -2.64745 -1.01259 51.882
567737 14.9955 14.807 10.6857 7.78238 -1.60131 -3.52215 48.2706
567747 16.1458 15.9985 10.6297 9.9397 -0.397086 -3.29371 52.7136
567757 16.1458 15.9985 10.6297 9.9397 -0.397086 -3.29371 52.7136
567776 16.9493 16.6892 12.6379 13.1222 0.0943601 -1.98953 59.3985
567785 16.9493 16.6892 12.6379 13.1222 0.0943601 -1.98953 59.3985
567790 16.3065 16.3956 12.3297 13.452 0.517884 -1.77496 58.4838
567798 14.8433 15.8085 11.3769 13.5233 1.40033 -1.55302 55.5521
567808 14.8433 15.8085 11.3769 13.5233 1.40033 -1.55302 55.5521
567819 12.8219 15.0401 10.6297 13.9245 2.62946 -0.946612 52.4162
567829 10.7328 14.2199 10.6484 15.0923 3.91127 0.233136 50.6934
567839 10.7328 14.2199 10.6484 15.0923 3.91127 0.233136 50.6934
