826328 14.4881 13.0025 16.6918 10.9025 -3.30164 0.0282168 55.0848
826342 13.3886 10.516 17.5256 10.0734 -5.01165 1.07597 51.5035
826347 13.3886 10.516 17.5256 10.0734 -5.01165 1.07597 51.5035
826362 12.2637 8.00356 19.3246 9.81489 -6.9676 2.69364 49.4067
826368 11.2741 5.7933 22.0636 10.4746 -8.6028 4.67813 49.6056
826382 11.2741 5.7933 22.0636 10.4746 -8.6028 4.67813 49.6056
826389 10.5637 4.46369 24.8835 11.6602 -9.36731 6.25825 51.571
826399 10.5637 4.46369 24.8835 11.6602 -9.36731 6.25825 51.571
826409 10.2085 3.98019 27.2182 12.828 -9.50425 7.15155 54.2348
826424 10.1154 4.0838 28.4715 13.4074 -9.40458 7.40387 56.0781
826429 10.1154 4.0838 28.4715 13.4074 -9.40458 7.40387 56.0781
826444 9.84478 3.92839 28.7747 13.4966 -9.45431 7.62737 56.0444
826454 9.48955 3.80752 28.6433 13.4253 -9.43728 7.79495 55.3656
826465 9.48955 3.80752 28.6433 13.4253 -9.43728 7.79495 55.3656
826474 9.15124 3.63484 28.4007 13.2381 -9.4989 7.95207 54.4249
826492 8.99901 3.5744 28.0672 13.0152 -9.54071 7.96997 53.6558
826502 9.00746 3.5226 27.7134 12.828 -9.59569 7.91707 53.0715
826512 9.00746 3.5226 27.7134 12.828 -9.59569 7.91707 53.0715
826521 9.00746 3.59167 27.2182 12.5606 -9.58105 7.78371 52.3779
826531 9.03284 3.5744 26.7937 12.4179 -9.569 7.70117 51.8189
826541 9.03284 3.5744 26.7937 12.4179 -9.569 7.70117 51.8189
826551 9.12587 3.65211 26.3591 12.2753 -9.51014 7.54383 51.4124
826561 9.12587 3.65211 26.3591 12.2753 -9.51014 7.54383 51.4124
826571 9.13433 3.66938 26.0054 12.0435 -9.55054 7.44658 50.8526
826591 9.13433 3.72981 25.9144 12.0703 -9.46366 7.41036 50.8488
826594 9.13433 3.72981 25.9144 12.0703 -9.46366 7.41036 50.8488
826602 9.12587 3.72118 26.0054 12.2129 -9.39833 7.45258 51.0653
826613 9.11741 3.73845 26.3692 12.3555 -9.39919 7.52285 51.5806
826622 9.11741 3.73845 26.3692 12.3555 -9.39919 7.52285 51.5806
826632 9.26965 3.92839 26.5309 12.623 -9.19222 7.43693 52.3519
826642 9.26965 3.92839 26.5309 12.623 -9.19222 7.43693 52.3519
826652 10.4368 5.75013 26.6421 13.0687 -8.16674 6.31256 55.8977
826662 11.6801 7.89132 25.7021 13.3183 -6.90054 4.97911 58.5919
826673 11.6801 7.89132 25.7021 13.3183 -6.90054 4.97911 58.5919
826687 12.6358 9.55764 23.4078 12.9082 -5.80153 3.62059 58.5095
826694 13.9891 11.7679 19.5672 11.5978 -4.47567 1.42511 56.9219
826704 13.9891 11.7679 19.5672 11.5978 -4.47567 1.42511 56.9219
826714 15.2662 13.581 15.1038 9.60986 -3.35093 -1.1576 53.5609
826724 15.2662 13.581 15.1038 9.60986 -3.35093 -1.1576 53.5609
826739 16.408 14.7897 11.9187 8.45988 -2.46093 -3.14654 51.5763
826745 17.1732 15.7395 13.6467 12.4358 -1.12071 -1.73663 58.9951
826755 17.1732 15.7395 13.6467 12.4358 -1.12071 -1.73663 58.9951
826765 16.9577 15.9294 15.4401 15.9035 -0.219873 -0.360457 64.2307
826777 15.0886 15.2819 13.7214 15.538 0.842658 -0.279468 59.6299
826786 15.0886 15.2819 13.7214 15.538 0.842658 -0.279468 59.6299
826795 12.2975 14.289 11.5451 14.8249 2.48849 -0.0613466 52.9564
826811 12.2975 14.289 11.5451 14.8249 2.48849 -0.0613466 52.9564
826820 9.47264 13.2357 10.4802 15.3686 4.45426 0.970168 48.5572
826829 7.26517 12.5622 10.5456 16.5186 6.00857 2.31497 46.8916
826837 7.26517 12.5622 10.5456 16.5186 6.00857 2.31497 46.8916
826846 6.3602 12.2341 11.4703 18.2736 6.55648 3.45986 48.3382
826865 6.13184 12.3205 12.5258 19.8558 6.64843 4.11025 50.834
826866 6.13184 12.3205 12.5258 19.8558 6.64843 4.11025 50.834
826876 6.14876 12.4241 13.3852 21.0329 6.56861 4.48527 52.9909
826887 6.14876 12.4241 13.3852 21.0329 6.56861 4.48527 52.9909
826897 6.27562 12.4759 14.011 22.0942 6.50945 4.74519 54.8567
826907 6.37711 12.5536 14.5714 22.9432 6.44352 4.93858 56.4454
826917 6.37711 12.5536 14.5714 22.9432 6.44352 4.93858 56.4454
826927 6.36866 12.6054 14.7956 23.4546 6.50761 5.0528 57.2242
826942 6.25025 12.519 14.861 23.4257 6.49952 5.13111 57.0559
826949 6.25025 12.519 14.861 23.4257 6.49952 5.13111 57.0559
826959 6.21642 12.3377 14.3566 22.6538 6.48729 4.98238 55.5646
826969 6.10647 12.1737 13.7027 21.6118 6.51943 4.76756 53.5947
826979 6.10647 12.1737 13.7027 21.6118 6.51943 4.76756 53.5947
826989 6.01343 11.8888 12.9929 20.4444 6.48958 4.53892 51.3394
826999 6.01343 11.8888 12.9929 20.4444 6.48958 4.53892 51.3394
827014 5.84428 11.5003 12.4324 19.3348 6.39276 4.40507 49.1118
827020 5.71741 11.2758 12.0027 18.7174 6.43059 4.31544 47.7133
827030 5.71741 11.2758 12.0027 18.7174 6.43059 4.31544 47.7133
827040 5.73433 11.1808 11.9 18.3314 6.2984 4.23667 47.1466
827050 5.7005 11.0772 11.9374 18.37 6.27023 4.31019 47.0851
827065 5.7005 11.0772 11.9374 18.37 6.27023 4.31019 47.0851
827072 5.80199 11.0599 12.0962 18.563 6.1682 4.35509 47.5211
827081 5.80199 11.0599 12.0962 18.563 6.1682 4.35509 47.5211
827091 5.89502 11.2499 12.2456 18.7753 6.16854 4.32132 48.1658
827104 6.85075 11.8197 12.8247 18.8524 5.46038 3.87507 50.3476
827112 6.85075 11.8197 12.8247 18.8524 5.46038 3.87507 50.3476
827122 10.2592 13.5033 13.3945 18.6595 3.81118 2.22823 55.8165
827141 11.9761 14.3321 13.5066 17.2026 2.65359 1.15779 57.0175
827144 11.9761 14.3321 13.5066 17.2026 2.65359 1.15779 57.0175
827152 14.7502 15.61 12.4604 14.3524 1.20321 -0.930695 57.173
827166 14.7502 15.61 12.4604 14.3524 1.20321 -0.930695 57.173
827175 17.356 16.7324 10.8445 11.0005 -0.208998 -3.28336 55.9333
827184 19.0589 17.4209 9.43407 8.28159 -1.28719 -5.19346 54.1954
827203 19.0589 17.4209 9.43407 8.28159 -1.28719 -5.19346 54.1954
827204 20.4539 17.8801 9.93846 7.77347 -2.11377 -5.51924 56.0459
827214 21.137 17.3731 14.1231 9.41374 -3.41403 -3.61982 62.0469
827224 21.137 17.3731 14.1231 9.41374 -3.41403 -3.61982 62.0469
827242 20.6078 15.774 17.0707 10.0199 -4.68102 -2.19571 63.4725
827250 20.6078 15.774 17.0707 10.0199 -4.68102 -2.19571 63.4725
827255 19.2898 13.1234 17.5963 8.98584 -6.26186 -1.48258 58.9953
827265 17.6638 10.1965 18.0916 8.12113 -8.06211 -0.457073 54.0731
827275 17.6638 10.1965 18.0916 8.12113 -8.06211 -0.457073 54.0731
827285 16.5095 7.80498 19.4257 8.1033 -9.65738 0.930077 51.8434
827300 16.0358 6.484 20.8912 8.57577 -10.5158 2.0045 51.9868
827310 16.0358 6.484 20.8912 8.57577 -10.5158 2.0045 51.9868
827316 15.7398 6.06094 21.9524 8.92344 -10.777 2.5842 52.6766
827326 15.3085 5.46521 22.2051 9.00367 -11.0829 3.01114 51.9825
827336 15.3085 5.46521 22.2051 9.00367 -11.0829 3.01114 51.9825
827346 14.9448 5.31844 22.2759 8.99476 -11.1128 3.20394 51.5338
827356 14.9448 5.31844 22.2759 8.99476 -11.1128 3.20394 51.5338
827366 14.5473 5.13713 22.387 9.09282 -11.0939 3.45812 51.1642
827381 14.2174 5.05942 23.0339 9.35134 -11.0529 3.806 51.6621
827387 14.2174 5.05942 23.0339 9.35134 -11.0529 3.806 51.6621
827398 14.1582 5.03352 24.0547 9.85055 -10.9841 4.1566 53.097
827407 14.1836 5.02489 24.8532 10.216 -10.9602 4.38322 54.2777
827417 14.1836 5.02489 24.8532 10.216 -10.9602 4.38322 54.2777
827427 13.9891 5.05079 25.126 10.3765 -10.8575 4.5275 54.5424
827442 13.9891 5.05079 25.126 10.3765 -10.8575 4.5275 54.5424
827449 13.693 4.94718 24.6914 10.1893 -10.8593 4.55164 53.521
827459 13.3801 4.85221 24.176 9.97535 -10.8471 4.5584 52.3836
827469 13.3801 4.85221 24.176 9.97535 -10.8471 4.5584 52.3836
827479 13.0841 4.70543 23.6201 9.74358 -10.8767 4.56692 51.1532
827489 12.7289 4.57593 23.4078 9.71683 -10.829 4.70555 50.4295
827499 12.7289 4.57593 23.4078 9.71683 -10.829 4.70555 50.4295
827509 12.4328 4.54139 23.3371 9.77923 -10.7053 4.83388 50.0906
827521 12.4328 4.54139 23.3371 9.77923 -10.7053 4.83388 50.0906
827530 12.1453 4.48959 23.5595 9.94861 -10.603 5.04753 50.1429
827540 12.0269 4.44642 23.9334 10.1804 -10.5429 5.23073 50.5871
827559 12.0269 4.44642 23.9334 10.1804 -10.5429 5.23073 50.5871
827561 11.9254 4.65363 24.56 10.5726 -10.2777 5.38186 51.7117
827570 12.5259 6.05231 25.1463 11.4017 -9.16904 4.88963 55.1261
827589 12.5259 6.05231 25.1463 11.4017 -9.16904 4.88963 55.1261
827597 13.3801 8.21077 25.0149 12.0346 -7.73767 3.95426 58.6403
827606 13.3801 8.21077 25.0149 12.0346 -7.73767 3.95426 58.6403
827611 13.8453 10.0066 24.0244 12.409 -6.40871 3.1305 60.2853
827624 14.4373 11.7938 21.6795 11.8207 -5.23276 1.82545 59.7313
827632 14.4373 11.7938 21.6795 11.8207 -5.23276 1.82545 59.7313
827642 15.0378 13.0716 17.8187 10.323 -4.20518 0.00860453 56.2511
827652 15.3592 13.6932 14.3005 9.35134 -3.13787 -1.53704 52.7043
827663 15.3592 13.6932 14.3005 9.35134 -3.13787 -1.53704 52.7043
827672 15.8244 14.1422 13.4225 12.204 -1.30444 -1.17103 55.5931
827682 15.8244 14.1422 13.4225 12.204 -1.30444 -1.17103 55.5931
827698 15.7398 13.8918 13.2637 14.3435 -0.335544 -0.530519 57.2388
827704 14.9871 13.84 12.283 14.2365 0.364289 -0.625411 55.3465
827714 14.9871 13.84 12.283 14.2365 0.364289 -0.625411 55.3465
827724 13.2279 13.5724 11.0593 14.3702 1.74966 -0.393648 52.2298
827734 10.8851 13.2961 10.3775 15.3865 3.71408 0.475355 49.9451
827752 10.8851 13.2961 10.3775 15.3865 3.71408 0.475355 49.9451
827761 8.65224 12.9248 10.3868 16.8663 5.50483 1.7436 48.8302
827766 6.75771 12.8299 11.2368 19.3155 7.0557 3.28026 50.1399
827776 6.75771 12.8299 11.2368 19.3155 7.0557 3.28026 50.1399
827785 5.73433 12.9594 12.1802 21.3802 7.85826 4.26763 52.2542
827795 5.73433 12.9594 12.1802 21.3802 7.85826 4.26763 52.2542
827809 5.86119 13.4342 12.9929 22.8275 7.89595 4.49733 55.1158
827815 5.95423 13.5896 13.3198 23.4932 7.90003 4.59636 56.3568
827825 5.95423 13.5896 13.3198 23.4932 7.90003 4.59636 56.3568
827835 5.96269 13.5724 13.3478 23.6958 7.93483 4.64182 56.5787
827850 5.96269 13.5724 13.3478 23.6958 7.93483 4.64182 56.5787
827857 5.78507 13.4083 13.2731 23.5607 7.99206 4.72281 56.0272
827866 5.59055 13.1666 13.0209 23.2327 8.08381 4.77083 55.0107
827876 5.59055 13.1666 13.0209 23.2327 8.08381 4.77083 55.0107
827886 5.59055 13.0543 12.722 22.7792 8.08971 4.66968 54.1461
827896 5.49751 13.0112 12.3016 22.2968 8.24222 4.54452 53.1072
827906 5.49751 13.0112 12.3016 22.2968 8.24222 4.54452 53.1072
827916 5.43831 12.9853 11.9747 21.5636 8.24441 4.36321 51.9619
827934 5.43831 12.9853 11.5451 21.5636 8.5216 4.27452 51.5322
827942 5.41294 12.8299 11.5451 20.9075 8.27461 4.20445 50.6953
827952 5.37065 12.7953 11.2088 20.3383 8.32485 4.0375 49.713
827961 5.37065 12.7953 11.2088 20.3383 8.32485 4.0375 49.713
827970 5.37065 12.7953 11.022 19.9427 8.31731 3.90755 49.1306
827980 5.44677 12.873 10.9099 19.769 8.30909 3.7835 48.9987
827989 5.44677 12.873 10.9099 19.769 8.30909 3.7835 48.9987
827999 5.59055 13.063 10.8538 19.7015 8.29122 3.62794 49.2088
828009 5.70896 13.227 10.994 19.7111 8.17631 3.55626 49.6411
828019 5.70896 13.227 10.994 19.7111 8.17631 3.55626 49.6411
828034 5.84428 13.4601 10.994 19.7787 8.18767 3.43517 50.077
828041 5.84428 13.4601 10.994 19.7787 8.18767 3.43517 50.077
828050 6.00498 13.8573 10.9286 19.7594 8.25076 3.21235 50.5502
828060 7.04527 14.6861 11.489 19.8365 7.5336 2.71241 53.057
828070 7.04527 14.6861 11.489 19.8365 7.5336 2.71241 53.057
828085 9.21891 16.0934 11.6758 19.1805 6.40001 1.48053 56.1687
828091 10.7836 16.9223 11.3022 17.357 5.40827 0.253694 56.3651
828101 10.7836 16.9223 11.3022 17.357 5.40827 0.253694 56.3651
828111 12.399 17.7366 10.2934 14.5663 4.3688 -1.439 54.9954
828121 12.399 17.7366 10.2934 14.5663 4.3688 -1.439 54.9954
828131 14.3358 18.8272 9.10714 11.473 3.18983 -3.51196 53.7432
828141 15.6637 19.4299 8.74286 9.53854 2.13674 -4.72475 53.375
828151 15.6637 19.4299 8.74286 9.53854 2.13674 -4.72475 53.375
828161 16.7632 19.4012 11.9934 10.4211 0.454825 -3.52088 58.5789
828171 17.4137 18.3967 17.5256 12.721 -1.44629 -1.26342 66.057
828186 17.4137 18.3967 17.5256 12.721 -1.44629 -1.26342 66.057
828192 16.4164 15.5927 18.3543 11.7137 -3.00609 -0.469033 62.0771
828202 16.4164 15.5927 18.3543 11.7137 -3.00609 -0.469033 62.0771
828212 15.1562 12.2428 18.3948 10.2339 -4.94147 0.329213 56.0276
828222 13.9299 8.91874 19.9209 10.0378 -7.05124 2.01963 52.8073
828232 13.9299 8.91874 19.9209 10.0378 -7.05124 2.01963 52.8073
828247 13.2532 6.95023 22.2253 10.956 -8.22912 3.6465 53.3847
828255 13.1856 6.38903 24.4489 12.097 -8.53004 4.53612 56.1205
828264 13.1856 6.38903 24.4489 12.097 -8.53004 4.53612 56.1205
828274 13.1179 6.02641 25.7021 12.7478 -8.70133 5.028 57.5942
828284 13.1179 6.02641 25.7021 12.7478 -8.70133 5.028 57.5942
828295 12.9995 5.9228 25.8335 12.935 -8.65617 5.16015 57.6908
828304 12.7119 5.87963 25.1867 12.6586 -8.57611 5.11733 56.4369
828324 12.7119 5.87963 25.1867 12.6586 -8.57611 5.11733 56.4369
828328 12.1284 5.63789 24.1457 12.2396 -8.49306 5.15749 54.1515
828335 11.2995 5.30117 23.0945 11.7761 -8.41089 5.32431 51.4713
828348 11.2995 5.30117 23.0945 11.7761 -8.41089 5.32431 51.4713
828356 10.3099 4.86948 22.286 11.4284 -8.33337 5.68629 48.8938
828366 10.3099 4.86948 22.286 11.4284 -8.33337 5.68629 48.8938
828375 9.17662 4.36872 21.6795 11.2323 -8.20925 6.25302 46.4572
828385 8.26318 3.97156 21.3966 11.0986 -8.15428 6.79425 44.7299
828395 8.26318 3.97156 21.3966 11.0986 -8.15428 6.79425 44.7299
828410 7.59503 3.62621 21.7806 11.2234 -8.2114 7.38812 44.2252
828421 7.16368 3.37583 22.7206 11.7048 -8.23068 7.96817 44.9649
828430 7.16368 3.37583 22.7206 11.7048 -8.23068 7.96817 44.9649
828439 6.96915 3.32402 24.1153 12.4625 -8.15961 8.41181 46.871
828449 6.96915 3.32402 24.1153 12.4625 -8.15961 8.41181 46.871
828457 6.91841 3.32402 25.7628 13.2737 -8.15939 8.76462 49.2789
828468 7.01144 3.35856 27.2081 14.0225 -8.15805 8.97101 51.6006
828494 7.19751 3.41036 28.2794 14.5842 -8.17371 9.04849 53.4715
828499 7.51045 3.86795 29.1082 15.1636 -7.90073 8.86612 55.6502
828508 7.51045 3.86795 29.1082 15.1636 -7.90073 8.86612 55.6502
828522 8.77065 6.25952 29.563 15.9392 -6.66378 7.55101 60.5324
828529 10.0393 9.32453 29.2194 16.9109 -4.97117 6.13027 65.4941
828539 10.0393 9.32453 29.2194 16.9109 -4.97117 6.13027 65.4941
828549 10.5552 11.6384 27.5012 17.1737 -3.45617 5.04301 66.8685
828559 10.5552 11.6384 27.5012 17.1737 -3.45617 5.04301 66.8685
828574 11.2995 14.1767 23.9334 16.0996 -1.89154 3.33315 65.5093
828581 11.4433 15.4286 18.6576 13.7284 -0.398186 1.39576 59.2579
828590 11.4433 15.4286 18.6576 13.7284 -0.398186 1.39576 59.2579
828601 11.3841 15.9208 13.161 10.8133 1.06721 -0.974239 51.2792
828610 11.4687 16.3697 8.89231 8.97693 2.72695 -3.2716 45.7076
828625 11.4687 16.3697 8.89231 8.97693 2.72695 -3.2716 45.7076
828631 11.9338 17.1148 8.16374 10.8401 4.08788 -3.13558 48.0524
828641 11.9338 17.1148 8.16374 10.8401 4.08788 -3.13558 48.0524
828651 12.3313 17.9662 10.0973 14.9942 4.75359 -1.40987 55.3891
828661 11.807 18.0715 10.4709 16.5097 5.40957 -0.764484 56.859
828671 11.807 18.0715 10.4709 16.5097 5.40957 -0.764484 56.859
828691 10.6652 17.6888 9.83571 16.7326 6.33644 -0.487698 54.9223
828695 9.23582 17.0478 9.54615 17.6464 7.43895 0.254951 53.4762
828702 9.23582 17.0478 9.54615 17.6464 7.43895 0.254951 53.4762
828715 7.59503 16.3352 9.57418 19.0454 8.66387 1.33855 52.5498
828724 7.59503 16.3352 9.57418 19.0454 8.66387 1.33855 52.5498
828733 6.23333 15.6704 10.1253 20.8593 9.53474 2.57547 52.8883
828743 5.53134 15.4286 10.667 22.3161 9.98569 3.34329 53.9431
828758 5.53134 15.4286 10.667 22.3161 9.98569 3.34329 53.9431
828764 5.46368 15.3337 11.106 23.0397 9.92102 3.64425 54.9431
828774 5.37065 15.1265 11.3022 23.3581 9.88613 3.85167 55.1574
828784 5.37065 15.1265 11.3022 23.3581 9.88613 3.85167 55.1574
828794 5.27761 14.8243 11.3676 23.6572 9.90278 4.06053 55.1267
828804 5.27761 14.8243 11.3676 23.6572 9.90278 4.06053 55.1267
828819 5.1592 14.5739 11.3582 23.6958 9.9258 4.19467 54.7871
828826 5.05771 14.3753 11.2275 23.3871 9.9344 4.21337 54.0476
828835 5.05771 14.3753 11.2275 23.3871 9.9344 4.21337 54.0476
828846 4.91393 14.2285 10.9473 23.0494 10.0758 4.193 53.1391
828855 4.85473 14.03 10.5923 22.5091 10.1431 4.10207 51.9861
828881 4.8209 13.9264 10.228 21.853 10.1963 3.93495 50.8283
828886 4.67711 13.8487 9.97582 21.3802 10.3124 3.85821 49.8818
828897 4.67711 13.8487 9.97582 21.3802 10.3124 3.85821 49.8818
828906 4.76169 13.8141 9.82637 21.1005 10.2654 3.74253 49.5026
828916 4.76169 13.8141 9.82637 21.1005 10.2654 3.74253 49.5026
828926 4.73632 13.8746 9.77033 20.9943 10.3099 3.69225 49.3755
828941 4.79552 13.8832 9.86374 21.1583 10.2525 3.7253 49.7008
828947 4.79552 13.8832 9.86374 21.1583 10.2525 3.7253 49.7008
828957 4.84627 13.9091 10.0505 21.332 10.1442 3.77774 50.1379
828967 4.8209 13.8918 10.1533 21.6311 10.1732 3.8829 50.4971
828977 4.8209 13.8918 10.1533 21.6311 10.1732 3.8829 50.4971
828987 4.79552 13.8918 10.3962 21.9784 10.1243 4.02078 51.0619
829007 4.80398 13.8228 10.5643 22.3837 10.101 4.16519 51.5747
829017 4.8209 13.745 10.9099 22.8371 9.96473 4.35296 52.313
829037 4.8209 13.745 10.9099 22.8371 9.96473 4.35296 52.313
829042 5.25224 13.9436 11.2368 23.3774 9.67848 4.29799 53.8101
829049 6.81692 14.5825 12.339 24.0238 8.41831 3.88577 57.7623
829059 6.81692 14.5825 12.339 24.0238 8.41831 3.88577 57.7623
829069 8.39005 14.8847 13.4038 23.8791 7.00569 3.46979 60.5577
829086 8.39005 14.8847 13.4038 23.8791 7.00569 3.46979 60.5577
829095 9.59104 14.8415 13.5626 22.4222 5.83859 2.86812 60.4175
829104 11.3672 15.2646 12.8714 19.1322 4.3311 1.37423 58.6354
829113 11.3672 15.2646 12.8714 19.1322 4.3311 1.37423 58.6354
829123 12.8303 15.9294 11.1995 15.0477 3.15748 -0.685164 55.0069
829130 13.8114 16.482 9.6489 11.3928 2.14979 -2.70334 51.3351
829140 13.8114 16.482 9.6489 11.3928 2.14979 -2.70334 51.3351
829150 14.6403 16.7755 10.3495 10.0021 0.863415 -3.20596 51.7674
829176 15.0632 16.7324 14.1044 11.2145 -0.534348 -1.70097 57.1144
829182 14.9871 15.7222 16.2154 11.6691 -1.62609 -0.723139 58.5938
829191 14.9871 15.7222 16.2154 11.6691 -1.62609 -0.723139 58.5938
829201 14.6741 14.0213 16.8038 10.849 -2.93162 -0.277551 56.3483
829211 14.1075 11.6816 17.7782 10.1893 -4.65749 0.607883 53.7566
829221 14.1075 11.6816 17.7782 10.1893 -4.65749 0.607883 53.7566
829231 13.5746 9.22092 19.6076 10.225 -6.5252 2.00568 52.6281
829241 13.5746 9.22092 19.6076 10.225 -6.5252 2.00568 52.6281
829257 13.1771 7.36465 21.4572 10.6707 -7.87881 3.29966 52.6696
829263 12.9065 6.44083 22.9126 11.3928 -8.38051 4.18192 53.6527
829272 12.9065 6.44083 22.9126 11.3928 -8.38051 4.18192 53.6527
829282 12.7542 5.9487 23.5089 11.6245 -8.67903 4.5779 53.8364
829293 12.5597 5.53428 23.3977 11.5443 -8.89907 4.76508 53.036
829307 12.5597 5.53428 23.3977 11.5443 -8.89907 4.76508 53.036
829314 12.4413 5.40477 22.9834 11.1075 -9.10353 4.69169 51.9369
829340 12.3229 5.27527 22.7812 10.956 -9.19098 4.71576 51.3353
829344 12.492 5.30117 22.9429 11.0094 -9.23961 4.68422 51.7456
829354 12.492 5.30117 22.9429 11.0094 -9.23961 4.68422 51.7456
829369 12.6612 5.48248 23.3674 11.2145 -9.16617 4.67654 52.7256
829375 12.8557 5.54292 23.5797 11.4373 -9.10554 4.66671 53.4156
829385 12.8557 5.54292 23.5797 11.4373 -9.10554 4.66671 53.4156
829402 12.8896 5.64652 23.3876 11.3304 -9.06048 4.55794 53.2541
829411 12.8896 5.64652 23.3876 11.3304 -9.06048 4.55794 53.2541
829420 12.7289 5.57745 22.9025 11.0986 -9.05958 4.50073 52.3074
829429 12.4667 5.43068 22.4477 10.8579 -9.0941 4.51387 51.2029
829438 12.4667 5.43068 22.4477 10.8579 -9.0941 4.51387 51.2029
829446 12.3483 5.38751 22.2354 10.7955 -9.0614 4.51925 50.7667
829456 12.2721 5.37024 22.1849 10.8579 -8.99124 4.55767 50.6852
829466 12.2721 5.37024 22.1849 10.8579 -8.99124 4.55767 50.6852
829476 12.0776 5.29253 22.3971 10.9203 -9.0071 4.71929 50.6876
829491 12.0776 5.29253 22.3971 10.9203 -9.0071 4.71929 50.6876
829497 11.7308 5.2062 22.6498 11.0897 -8.92169 4.97344 50.6765
829508 11.8408 5.67242 23.0238 11.4284 -8.54594 4.8895 51.9654
829517 11.8408 5.67242 23.0238 11.4284 -8.54594 4.8895 51.9654
829527 12.8896 7.85678 23.2158 12.0881 -7.20804 3.89585 56.0502
829537 13.71 10.5246 22.6296 12.6051 -5.55319 2.77458 59.4693
829552 13.71 10.5246 22.6296 12.6051 -5.55319 2.77458 59.4693
829559 14.3189 12.9507 20.5678 12.1148 -4.09539 1.35432 59.9523
829569 15.1308 15.4632 16.8132 10.5905 -2.53907 -0.825132 57.9977
829579 15.1308 15.4632 16.8132 10.5905 -2.53907 -0.825132 57.9977
829589 15.7313 16.9914 12.283 8.42423 -1.21595 -3.37326 53.4299
829599 15.7313 16.9914 12.283 8.42423 -1.21595 -3.37326 53.4299
829614 16.2473 18.2532 8.91099 6.7483 -0.0781104 -5.63436 50.1598
829620 16.6955 19.4012 8.21978 7.31883 0.873801 -5.97211 51.6354
829632 16.6955 19.4012 8.21978 7.31883 0.873801 -5.97211 51.6354
829641 16.4333 20.4918 9.49011 10.5726 2.25531 -4.43842 56.9879
829650 15.393 20.7406 9.96648 12.9885 3.54109 -3.34549 59.0886
829660 15.393 20.7406 9.96648 12.9885 3.54109 -3.34549 59.0886
829675 13.5915 20.0231 9.46209 13.8621 4.75578 -2.71092 56.9388
829681 13.5915 20.0231 9.46209 13.8621 4.75578 -2.71092 56.9388
829691 11.4348 18.8559 9.14451 14.8159 6.0333 -1.75028 54.2512
829701 9.71791 18.0141 9.46209 15.9927 6.96919 -0.642238 53.1867
829711 9.71791 18.0141 9.46209 15.9927 6.96919 -0.642238 53.1867
829726 8.72836 17.1818 9.89176 16.9643 7.35603 0.268915 52.7662
829731 8.19552 16.5942 10.3214 17.5885 7.43164 0.888117 52.6997
829742 8.19552 16.5942 10.3214 17.5885 7.43164 0.888117 52.6997
829751 7.75572 16.0071 10.2747 17.4921 7.50477 1.16553 51.5296
829771 7.75572 16.0071 10.2747 17.4921 7.50477 1.16553 51.5296
829773 7.45124 15.4718 10.0225 17.2701 7.60129 1.30525 50.2157
829782 7.33284 15.2819 10.1907 17.4921 7.58013 1.51141 50.2974
829810 7.34975 15.4632 10.5176 18.0902 7.62634 1.69043 51.4208
829814 7.63731 15.8949 10.9566 18.756 7.53921 1.74112 53.2447
829824 7.63731 15.8949 10.9566 18.756 7.53921 1.74112 53.2447
829834 7.90796 16.3697 11.1714 19.2963 7.57443 1.69603 54.7454
829845 8.10249 16.741 11.0313 19.1033 7.59869 1.44361 54.9781
829855 8.10249 16.741 11.0313 19.1033 7.59869 1.44361 54.9781
829865 8.13632 16.8878 10.7791 18.6016 7.61602 1.20117 54.4048
829875 8.13632 16.8878 10.7791 18.6016 7.61602 1.20117 54.4048
829885 8.12786 16.7842 10.3308 17.7815 7.59417 0.905315 53.0243
829900 8.00945 16.5856 9.86374 16.9643 7.62144 0.651374 51.4231
829906 8.00945 16.5856 9.86374 16.9643 7.62144 0.651374 51.4231
829917 7.90796 16.3179 9.44341 16.2512 7.62099 0.441311 49.9205
829926 7.70498 15.9898 9.04176 15.6361 7.68988 0.304828 48.3727
829937 7.70498 15.9898 9.04176 15.6361 7.68988 0.304828 48.3727
829947 7.64577 15.7222 8.92033 15.2973 7.59338 0.26784 47.5856
829956 7.64577 15.7222 8.92033 15.2973 7.59338 0.26784 47.5856
829972 7.53582 15.515 8.91099 15.1993 7.56315 0.336968 47.1611
829978 7.51891 15.3509 9.03242 15.3508 7.48651 0.480409 47.2531
829987 7.51891 15.3509 9.03242 15.3508 7.48651 0.480409 47.2531
829998 7.51045 15.2387 9.11648 15.5024 7.44919 0.592076 47.368
830008 9.03284 16.0157 9.63022 15.6717 6.46687 0.0754845 50.3505
830017 9.03284 16.0157 9.63022 15.6717 6.46687 0.0754845 50.3505
830033 12.5343 17.7462 10.1626 15.2438 4.62095 -1.31289 55.687
830039 12.5343 17.7462 10.1626 15.2438 4.62095 -1.31289 55.687
830049 13.8876 18.3585 10.1346 13.7551 3.6035 -2.23288 56.1358
830059 17.0962 19.7648 9.3967 11.2056 1.94795 -4.24412 57.4632
830069 17.0962 19.7648 9.3967 11.2056 1.94795 -4.24412 57.4632
830079 19.9247 20.8075 8.30385 8.52229 0.478318 -6.23006 57.5584
830094 21.4929 21.2954 7.6033 6.65915 -0.500269 -7.50013 57.0508
830100 21.4929 21.2954 7.6033 6.65915 -0.500269 -7.50013 57.0508
830110 22.4935 20.9319 7.66868 6.02622 -1.40232 -7.80734 57.1203
830120 22.4935 20.9319 7.66868 6.02622 -1.40232 -7.80734 57.1203
830139 22.4646 19.4586 8.11703 5.71421 -2.42528 -7.55778 55.7545
830140 21.8104 16.8619 9.06044 5.26848 -4.12279 -6.88947 53.0012
830157 21.8104 16.8619 9.06044 5.26848 -4.12279 -6.88947 53.0012
830167 20.983 14.0731 11.2275 5.41112 -6.15452 -5.34413 51.6947
830176 20.3962 11.4139 14.1791 6.07971 -8.20146 -3.32768 52.0689
830185 20.3962 11.4139 14.1791 6.07971 -8.20146 -3.32768 52.0689
830192 19.7997 9.14322 16.7758 6.97116 -9.70827 -1.47919 52.6899
830206 19.6169 7.98629 19.173 7.8537 -10.5024 -0.158279 54.6299
830212 19.6169 7.98629 19.173 7.8537 -10.5024 -0.158279 54.6299
830222 19.588 7.47689 20.9417 8.57577 -10.8148 0.650189 56.5824
830233 19.588 7.47689 20.9417 8.57577 -10.8148 0.650189 56.5824
830242 19.3282 7.00203 22.0131 8.94127 -11.0841 1.21082 57.2846
830259 19.2032 6.83799 22.3264 9.07499 -11.1488 1.39972 57.4425
830264 19.2032 6.83799 22.3264 9.07499 -11.1488 1.39972 57.4425
830274 18.8761 6.74302 22.1647 9.01259 -11.1297 1.46793 56.7963
830284 18.4239 6.55307 22.0535 8.92344 -11.1703 1.60847 55.9539
830294 18.4239 6.55307 22.0535 8.92344 -11.1703 1.60847 55.9539
830313 17.9909 6.39766 22.3062 9.01259 -11.1686 1.86604 55.7074
830321 17.9909 6.39766 22.3062 9.01259 -11.1686 1.86604 55.7074
830326 17.4233 6.25089 22.3769 9.21762 -11.0061 2.14959 55.2688
830336 16.7716 6.12138 21.821 9.01259 -10.9158 2.21695 53.7267
830346 16.7716 6.12138 21.821 9.01259 -10.9158 2.21695 53.7267
830355 16.0358 5.82783 20.9013 8.62926 -10.9351 2.23768 51.3942
830365 15.4353 5.64652 20.0725 8.35291 -10.8612 2.22501 49.5073
830376 15.4353 5.64652 20.0725 8.35291 -10.8612 2.22501 49.5073
830386 14.7164 5.46521 19.5369 8.14788 -10.7801 2.35127 47.8664
830398 14.7164 5.46521 19.5369 8.14788 -10.7801 2.35127 47.8664
830407 14.2428 5.32707 19.4156 8.25485 -10.6246 2.57214 47.2403
830417 13.7692 5.10259 19.7491 8.41531 -10.6303 2.96347 47.0362
830426 13.7692 5.10259 19.7491 8.41531 -10.6303 2.96347 47.0362
830441 13.4055 4.99898 20.2545 8.73623 -10.5099 3.35042 47.3951
830448 13.2363 4.97308 20.8912 9.01259 -10.4659 3.6459 48.1132
830457 13.2363 4.97308 20.8912 9.01259 -10.4659 3.6459 48.1132
830468 13.7184 5.94007 21.629 9.64552 -9.69991 3.42098 50.933
830478 13.7184 5.94007 21.629 9.64552 -9.69991 3.42098 50.933
830488 15.1985 8.46978 21.629 10.0199 -8.28757 2.16406 55.3172
830497 16.4925 11.0772 20.7699 10.2784 -6.78409 0.890161 58.6181
830517 16.4925 11.0772 20.7699 10.2784 -6.78409 0.890161 58.6181
830521 17.6831 13.5206 18.3847 9.75249 -5.39034 -0.775141 59.3408
830529 18.9723 15.9553 14.8423 8.45097 -4.03992 -2.99746 58.2209
830547 18.9723 15.9553 14.8423 8.45097 -4.03992 -2.99746 58.2209
830549 19.7323 17.3635 10.9286 6.73938 -2.99375 -5.32137 54.7638
830559 19.7323 17.3635 10.9286 6.73938 -2.99375 -5.32137 54.7638
830571 20.2037 18.5307 8.32253 6.14211 -1.81088 -6.8431 53.199
830580 20.4924 19.6978 9.68626 9.61877 -0.362234 -5.26558 59.4952
830606 19.511 20.0613 10.9846 12.5606 0.842181 -3.80889 63.1176
830610 16.9831 19.4204 9.63956 12.4803 2.25468 -3.66099 58.5234
830620 16.9831 19.4204 9.63956 12.4803 2.25468 -3.66099 58.5234
830630 13.8199 18.2341 8.31319 12.3288 3.99926 -3.24845 52.696
