2375262 15.706 3.03047 28.7444 6.67698 -16.0378 4.62119 54.1578
2375270 15.7398 3.06501 28.3704 6.53435 -16.0636 4.49639 53.7095
2375278 15.7736 3.09954 28.0065 6.48977 -16.0161 4.39103 53.3695
2375284 15.7736 3.09954 28.0065 6.48977 -16.0161 4.39103 53.3695
2375296 15.7144 3.04774 27.6629 6.40063 -16.057 4.34486 52.8257
2375304 15.6129 3.07364 27.5315 6.39171 -16.0042 4.34424 52.6098
2375315 15.6129 3.07364 27.5315 6.39171 -16.0042 4.34424 52.6098
2375325 15.6299 3.0132 27.3496 6.34714 -16.0581 4.31422 52.3398
2375336 15.6299 3.0132 27.3496 6.34714 -16.0581 4.31422 52.3398
2375346 15.6383 3.07364 27.1879 6.31148 -16.0124 4.24833 52.2113
2375358 15.6383 3.10818 26.9251 6.3828 -15.8836 4.19602 52.0544
2375366 15.6383 3.10818 26.9251 6.3828 -15.8836 4.19602 52.0544
2375381 15.6552 3.67801 26.5815 6.65915 -15.1689 3.96795 52.5738
2375387 15.5453 4.07517 26.4298 7.45254 -14.227 3.99847 53.5028
2375399 15.5453 4.07517 26.4298 7.45254 -14.227 3.99847 53.5028
2375407 15.4945 5.03352 26.9655 10.323 -11.7196 4.34836 57.8166
2375420 15.4945 5.03352 26.9655 10.323 -11.7196 4.34836 57.8166
2375427 15.2746 6.05231 26.8341 13.2381 -9.291 4.57952 61.3991
2375442 14.395 6.62214 24.6914 14.183 -7.631 4.4724 59.8916
2375452 14.395 6.62214 24.6914 14.183 -7.631 4.4724 59.8916
2375463 13.2617 7.07974 21.6189 13.9334 -6.2026 4.08209 55.8937
2375470 11.9592 7.36465 18.8799 14.3791 -4.32428 3.9752 52.5829
2375483 11.9592 7.36465 18.8799 14.3791 -4.32428 3.9752 52.5829
2375488 10.7582 7.77044 16.7758 15.7787 -1.95019 4.11854 51.0832
2375507 10.7582 7.77044 16.7758 15.7787 -1.95019 4.11854 51.0832
2375514 9.7602 8.39208 15.3467 17.5403 0.404334 4.33041 51.0393
2375519 8.80448 9.07415 13.9923 19.7208 2.90654 4.60378 51.5917
2375529 8.80448 9.07415 13.9923 19.7208 2.90654 4.60378 51.5917
2375539 7.72189 9.88573 12.8808 22.0749 5.40205 4.95062 52.5633
2375549 6.76617 10.7232 11.9747 24.4001 7.60357 5.25918 53.8642
2375559 6.76617 10.7232 11.9747 24.4001 7.60357 5.25918 53.8642
2375569 5.81891 11.5693 11.3956 26.3973 9.40181 5.54664 55.1811
2375584 5.01542 12.1478 11.2835 28.105 10.5893 5.89512 56.5517
2375594 5.01542 12.1478 11.2835 28.105 10.5893 5.89512 56.5517
2375604 4.42338 12.5536 11.1527 29.0602 11.3821 6.09442 57.1899
2375615 4.42338 12.5536 11.1527 29.0602 11.3821 6.09442 57.1899
2375621 3.81443 12.8471 10.9846 29.4075 12.0306 6.23901 57.0537
2375631 3.23085 12.9162 10.8912 29.4171 12.4927 6.41957 56.4554
2375641 3.23085 12.9162 10.8912 29.4171 12.4927 6.41957 56.4554
2375656 2.98557 12.9853 10.5363 29.0891 12.8392 6.38205 55.5962
2375665 2.88408 12.9766 10.3495 28.6646 12.9421 6.32895 54.8748
2375688 2.89254 12.9335 10.144 28.2497 12.9781 6.2434 54.2197
2375692 2.89254 12.9335 10.144 28.2497 12.9781 6.2434 54.2197
2375702 2.79104 12.7435 10.0599 27.912 12.9912 6.29008 53.5065
2375712 2.79104 12.6054 10.0412 27.6419 12.9122 6.2981 53.0795
2375722 2.79104 12.6054 10.0412 27.6419 12.9122 6.2981 53.0795
2375732 2.80796 12.3809 9.8544 27.3717 12.9211 6.30657 52.415
2375747 2.72338 12.2946 9.8544 27.227 12.929 6.35232 52.0994
2375755 2.72338 12.2946 9.8544 27.227 12.929 6.35232 52.0994
2375767 2.68955 12.2514 9.84505 27.3524 12.9795 6.40311 52.1384
2375776 2.68955 12.2514 9.84505 27.3524 12.9795 6.40311 52.1384
2375787 2.72338 12.1737 9.83571 27.3621 12.9459 6.42118 52.0949
2375792 2.68955 12.096 9.91978 27.6033 12.9472 6.52021 52.3086
2375807 2.68955 12.096 9.91978 27.6033 12.9472 6.52021 52.3086
2375813 2.65572 11.9924 9.98516 27.6612 12.9137 6.59676 52.2944
2375832 2.65572 11.9924 9.98516 27.6612 12.9137 6.59676 52.2944
2375834 2.62189 12.0096 9.99451 27.7384 12.9533 6.61747 52.3644
2375844 2.66418 12.0356 10.0132 27.8348 12.9373 6.60779 52.5478
2375853 2.66418 12.0356 10.0132 27.8348 12.9373 6.60779 52.5478
2375873 2.64726 12.1564 10.1159 28.105 12.9648 6.62444 53.0246
2375876 2.70647 12.2859 10.172 28.3269 12.9621 6.59168 53.4913
2375884 2.70647 12.2859 10.172 28.3269 12.9621 6.59168 53.4913
2375894 2.72338 12.3118 10.2187 28.433 12.9467 6.59839 53.6869
2375905 2.72338 12.3118 10.2187 28.433 12.9467 6.59839 53.6869
2375914 2.68109 12.2428 10.2654 28.5199 12.9476 6.66406 53.7091
2375933 2.68955 12.191 10.2934 28.4716 12.8993 6.67842 53.6455
2375942 2.68955 12.191 10.2934 28.4716 12.8993 6.67842 53.6455
2375952 2.66418 12.1564 10.1159 28.1339 12.9593 6.62212 53.0705
2375960 2.63881 12.1133 10.1813 27.9313 12.8746 6.62841 52.8647
2375969 2.63881 12.1133 10.1813 27.9313 12.8746 6.62841 52.8647
2375975 3.26468 12.2169 10.172 27.8445 12.4419 6.31844 53.498
2375985 3.32388 12.1305 10.144 27.256 12.2595 6.22811 52.8543
2376013 3.82289 12.1564 10.0973 26.7736 11.8306 5.92946 52.8501
2376017 3.82289 12.1564 10.0973 26.7736 11.8306 5.92946 52.8501
2376027 4.45721 12.0528 10.4335 26.3587 11.0318 5.70769 53.3022
2376037 5.32836 11.9751 11.1247 25.8763 9.85108 5.44086 54.3045
2376047 5.32836 11.9751 11.1247 25.8763 9.85108 5.44086 54.3045
2376057 6.27562 11.8629 13.2264 25.3263 7.7998 5.40142 56.6912
2376072 7.4597 11.6211 15.8324 24.5641 5.41935 5.37575 59.4774
2376081 7.4597 11.6211 15.8324 24.5641 5.41935 5.37575 59.4774
2376088 8.33085 11.129 16.6544 22.6635 3.74598 5.06774 58.7777
2376114 8.61841 10.2397 16.7011 19.7594 2.11483 4.77299 55.3186
2376119 9.06667 9.26409 17.1314 17.0096 0.0360578 4.51965 52.4718
2376128 9.06667 9.26409 17.1314 17.0096 0.0360578 4.51965 52.4718
2376138 9.68408 8.32301 18.2229 14.8159 -2.33519 4.41714 51.046
2376148 10.5552 7.70137 19.9614 12.9617 -4.81319 4.29853 51.1797
2376158 10.5552 7.70137 19.9614 12.9617 -4.81319 4.29853 51.1797
2376173 11.5871 7.07974 21.8918 11.2858 -7.28784 4.19837 51.8444
2376195 12.695 6.50127 23.8526 9.82381 -9.56189 4.108 52.8727
2376200 13.7522 5.88827 25.4495 8.61143 -11.4997 4.02794 53.7014
2376220 14.598 5.3357 26.9554 7.77347 -13.009 4.05995 54.6626
2376229 15.3 5.3357 28.2188 7.77347 -13.4252 4.06775 56.628
2376248 15.3 4.7227 28.2188 7.31883 -14.1636 4.18867 55.5603
2376250 15.799 4.23057 29.1385 6.98899 -15.0106 4.29988 56.1571
2376261 15.799 4.23057 29.1385 6.98899 -15.0106 4.29988 56.1571
2376270 16.0358 3.71254 29.6944 6.79287 -15.6595 4.46485 56.2356
2376284 16.002 3.22905 30.1088 6.68589 -16.1514 4.70239 56.0257
2376290 16.002 3.22905 30.1088 6.68589 -16.1514 4.70239 56.0257
2376300 15.9935 2.8578 30.2604 6.72155 -16.4215 4.87092 55.8333
2376315 15.8328 2.81463 30.0684 6.64132 -16.4591 4.89428 55.3572
2376322 15.8328 2.81463 30.0684 6.64132 -16.4591 4.89428 55.3572
2376332 15.7821 2.84053 29.4923 6.54326 -16.4159 4.77868 54.6582
2376342 15.7821 2.84053 29.4923 6.54326 -16.4159 4.77868 54.6582
2376352 15.6129 2.83189 28.6837 6.42737 -16.3555 4.6679 53.5559
2376362 15.4692 2.81463 28.0773 6.28474 -16.3579 4.58106 52.6458
2376377 15.4692 2.81463 28.0773 6.28474 -16.3579 4.58106 52.6458
2376383 15.3846 2.79736 27.8347 6.14211 -16.4305 4.54235 52.1588
2376396 15.3507 2.82326 27.5113 6.13319 -16.3579 4.47827 51.8185
2376403 15.3507 2.82326 27.5113 6.13319 -16.3579 4.47827 51.8185
2376418 15.4692 2.82326 27.5315 6.10645 -16.4022 4.43253 51.9304
2376424 15.4692 2.82326 27.5315 6.10645 -16.4022 4.43253 51.9304
2376433 15.4607 2.84916 27.6427 6.18668 -16.3349 4.46483 52.1392
2376448 15.5368 2.89233 27.7539 6.15102 -16.36 4.43566 52.334
2376465 15.6552 2.89233 27.9459 6.1956 -16.3759 4.43943 52.689
2376474 15.7229 2.90096 28.0773 6.22234 -16.3807 4.44296 52.9235
2376484 15.7229 2.90096 28.0773 6.22234 -16.3807 4.44296 52.9235
2376494 15.7652 2.89233 28.2592 6.26691 -16.389 4.47561 53.1836
2376505 15.7652 2.89233 28.2592 6.26691 -16.389 4.47561 53.1836
2376519 15.7905 2.91823 28.4917 6.34714 -16.3485 4.51842 53.5476
2376530 15.7652 2.90096 28.714 6.42737 -16.3318 4.59283 53.8075
2376537 15.7652 2.90096 28.714 6.42737 -16.3318 4.59283 53.8075
2376551 15.7229 2.90096 28.7545 6.43629 -16.3246 4.61777 53.8146
2376555 15.5876 2.90096 28.6635 6.52543 -16.2194 4.66688 53.6775
2376565 15.5876 2.90096 28.6635 6.52543 -16.2194 4.66688 53.6775
2376583 15.5284 3.27222 28.5725 6.64132 -15.8232 4.55803 54.0144
2376598 15.5284 3.27222 28.5725 6.64132 -15.8232 4.55803 54.0144
2376600 15.4861 3.40173 28.1885 6.71264 -15.5981 4.4656 53.7889
2376611 15.2915 3.71254 27.7741 6.88201 -15.1281 4.37531 53.6602
2376620 15.2915 3.71254 27.7741 6.88201 -15.1281 4.37531 53.6602
2376629 15.0886 3.98883 27.5214 7.50603 -14.3772 4.42199 54.1048
2376643 14.9363 4.37735 27.7943 9.19979 -12.9438 4.70994 56.3078
2376656 14.9363 4.37735 27.7943 9.19979 -12.9438 4.70994 56.3078
2376666 14.6826 5.01625 27.7337 11.2858 -11.1184 4.93558 58.7183
2376668 14.6826 5.01625 27.7337 11.2858 -11.1184 4.93558 58.7183
2376678 14.0567 5.41341 26.6017 12.3466 -9.79929 5.00138 58.4184
2376689 13.304 5.70696 24.5904 12.5517 -8.74208 4.84331 56.153
2376698 13.304 5.70696 24.5904 12.5517 -8.74208 4.84331 56.153
2376713 12.2975 5.88827 22.3668 12.8993 -7.42571 4.7932 53.4519
2376719 11.2741 6.14728 20.5172 14.0225 -5.59145 4.94168 51.9612
2376735 11.2741 6.14728 20.5172 14.0225 -5.59145 4.94168 51.9612
2376739 10.3353 6.57897 19.1225 15.6093 -3.51889 5.17489 51.6461
2376749 9.55721 7.16607 17.9602 17.2219 -1.50726 5.33436 51.9054
2376764 9.55721 7.16607 17.9602 17.2219 -1.50726 5.33436 51.9054
2376769 8.82139 7.88268 16.9533 19.1901 0.614086 5.51758 52.8475
2376796 8.08557 8.46978 15.8885 21.1101 2.61692 5.72597 53.5539
2376807 7.21443 9.03961 14.7115 22.9529 4.66748 5.95632 53.9185
2376810 7.21443 9.03961 14.7115 22.9529 4.66748 5.95632 53.9185
2376829 6.37711 9.56628 13.4225 24.5834 6.64978 6.13424 53.9493
2376832 5.64975 10.0239 12.339 25.9342 8.32731 6.28385 53.9468
2376842 5.64975 10.0239 12.339 25.9342 8.32731 6.28385 53.9468
2376852 4.96468 10.4124 11.6104 27.1498 9.6916 6.47886 54.1373
2376862 4.96468 10.4124 11.6104 27.1498 9.6916 6.47886 54.1373
2376875 4.61791 10.8182 11.2835 28.2111 10.5259 6.5697 54.9307
2376882 4.22886 11.1549 11.2368 29.0891 11.1194 6.71575 55.7097
2376892 4.22886 11.1549 11.2368 29.0891 11.1194 6.71575 55.7097
2376902 3.8398 11.3017 11.1247 29.5136 11.5861 6.85648 55.7798
2376920 3.24776 11.3103 10.9659 29.8224 12.1593 7.10893 55.3464
2376922 3.24776 11.3103 10.9659 29.8224 12.1593 7.10893 55.3464
2376933 2.80796 11.3103 10.9286 29.9381 12.5088 7.29702 54.985
2376943 2.80796 11.3103 10.9286 29.9381 12.5088 7.29702 54.985
2376963 2.46119 11.2153 10.8725 30.0057 12.7795 7.47919 54.5547
2376969 2.29204 11.2671 10.639 29.9188 13.0527 7.48341 54.117
2376978 2.29204 11.2671 10.639 29.9188 13.0527 7.48341 54.117
2376987 2.34279 11.388 10.5736 29.8899 13.0832 7.39913 54.1943
2376994 2.38507 11.5693 10.5176 29.7066 13.0925 7.27311 54.1786
2377009 2.38507 11.5693 10.5176 29.7066 13.0925 7.27311 54.1786
2377014 2.41891 11.6902 10.4522 29.5522 13.1073 7.17805 54.1135
2377024 2.41891 11.6902 10.4522 29.5522 13.1073 7.17805 54.1135
2377035 2.46119 11.837 10.3588 29.3593 13.1332 7.05896 54.0162
2377049 2.51194 11.9406 10.2187 29.1277 13.1683 6.94081 53.7989
2377058 2.51194 11.9406 10.2187 29.1277 13.1683 6.94081 53.7989
2377069 2.52886 12.1046 10.0505 28.6356 13.2038 6.76656 53.3197
2377082 2.5204 12.191 9.86374 28.2787 13.2845 6.64978 52.8538
2377084 2.5204 12.191 9.86374 28.2787 13.2845 6.64978 52.8538
2377099 2.58806 12.3377 9.76099 27.9796 13.2762 6.49792 52.6664
2377117 2.63881 12.3809 9.67692 27.748 13.2584 6.40825 52.4446
2377131 2.65572 12.5277 9.63956 27.8252 13.3232 6.34819 52.6482
2377135 2.65572 12.5277 9.63956 27.8252 13.3232 6.34819 52.6482
2377145 2.62189 12.5363 9.71429 27.9506 13.3231 6.39115 52.8231
2377158 2.66418 12.5536 9.79835 28.0471 13.2569 6.39644 53.0632
2377165 2.66418 12.5536 9.79835 28.0471 13.2569 6.39644 53.0632
2377181 2.64726 12.5536 9.87308 28.1339 13.2345 6.42936 53.2079
2377187 2.64726 12.5536 9.87308 28.1339 13.2345 6.42936 53.2079
2377197 2.71493 12.4759 10.1066 28.2304 13.0235 6.48622 53.5278
2377215 3.34925 12.5622 10.2934 28.269 12.4778 6.2372 54.4739
2377218 3.34925 12.5622 10.2934 28.269 12.4778 6.2372 54.4739
2377230 3.66219 12.4068 10.3214 27.6612 12.0646 6.0813 54.0516
2377240 4.11891 12.2341 10.3495 27.1884 11.5763 5.89659 53.8909
2377257 4.11891 12.2341 10.3495 27.1884 11.5763 5.89659 53.8909
2377260 4.77015 12.0615 10.7044 26.542 10.6924 5.6626 54.078
2377268 4.77015 12.0615 10.7044 26.542 10.6924 5.6626 54.078
2377279 5.21841 11.7852 11.5637 25.857 9.58212 5.62721 54.4243
2377288 5.73433 11.5175 13.189 25.4518 8.0717 5.74018 55.8926
2377303 5.73433 11.5175 13.189 25.4518 8.0717 5.74018 55.8926
2377308 6.36866 11.1463 14.5621 24.5738 6.52652 5.72479 56.6508
2377329 6.73234 10.7318 14.9918 23.1459 5.46457 5.57718 55.6018
2377334 6.73234 10.7318 14.9918 23.1459 5.46457 5.57718 55.6018
2377343 6.90149 10.0152 15.2346 21.3417 4.30934 5.51274 53.493
2377354 6.90149 10.0152 15.2346 21.3417 4.30934 5.51274 53.493
2377359 7.19751 9.37633 15.9538 19.5568 2.77517 5.45367 52.0844
2377380 7.76418 8.69426 17.4952 18.1578 0.764042 5.52506 52.1115
2377381 7.76418 8.69426 17.4952 18.1578 0.764042 5.52506 52.1115
2377391 8.51692 8.1676 19.2741 16.9554 -1.26052 5.54059 52.914
2377405 9.30348 7.71001 20.9013 15.7609 -3.13638 5.49095 53.6757
2377411 9.30348 7.71001 20.9013 15.7609 -3.13638 5.49095 53.6757
2377420 10.0055 7.22651 22.1445 14.2454 -4.97839 5.35917 53.6219
2377447 10.8343 6.57897 23.2158 12.6586 -6.94932 5.19664 53.2877
2377461 11.6124 5.98324 24.7319 11.1075 -9.00793 5.12127 53.435
2377462 11.6124 5.98324 24.7319 11.1075 -9.00793 5.12127 53.435
2377472 12.3483 5.37024 26.157 9.61877 -10.9901 5.06332 53.4942
2377485 12.9318 4.73997 27.7438 8.4688 -12.7434 5.16126 53.8844
2377492 12.9318 4.73997 27.7438 8.4688 -12.7434 5.16126 53.8844
2377510 13.4731 4.24784 29.3002 7.77347 -14.0306 5.29779 54.7947
2377517 13.4731 4.24784 29.3002 7.77347 -14.0306 5.29779 54.7947
2377522 13.9214 3.81615 30.503 7.4258 -14.9024 5.44078 55.6663
2377544 14.2343 3.37583 31.3419 7.26534 -15.5357 5.60246 56.2173
2377547 14.2343 3.37583 31.3419 7.26534 -15.5357 5.60246 56.2173
2377566 14.4965 2.66785 32.11 7.08705 -16.3461 5.86376 56.3614
2377573 14.4965 2.66785 32.11 7.08705 -16.3461 5.86376 56.3614
2377583 14.4627 2.44337 32.0089 6.9355 -16.6036 5.91894 55.8505
2377593 14.4627 2.44337 32.0089 6.9355 -16.6036 5.91894 55.8505
2377605 14.4204 2.41747 31.5844 6.92659 -16.5589 5.8736 55.3489
2377618 14.3274 2.46064 31.0184 6.83744 -16.4921 5.78323 54.6439
2377624 14.3274 2.46064 31.0184 6.83744 -16.4921 5.78323 54.6439
2377634 14.1498 2.46927 30.2907 6.67698 -16.4659 5.696 53.5867
2377647 14.0313 2.45201 29.563 6.45412 -16.5181 5.58103 52.5005
2377654 14.0313 2.45201 29.563 6.45412 -16.5181 5.58103 52.5005
2377674 14.0483 2.44337 29.0375 6.33823 -16.5346 5.46126 51.8673
2377675 14.0567 2.45201 28.6736 6.29365 -16.5051 5.37878 51.476
2377685 14.0567 2.45201 28.6736 6.29365 -16.5051 5.37878 51.476
2377704 14.2428 2.54698 28.6433 6.26691 -16.4759 5.25738 51.7
2377726 14.4373 2.54698 28.7241 6.29365 -16.4997 5.20176 52.0021
2377727 14.691 2.59015 28.8757 6.31148 -16.5172 5.11909 52.4684
2377735 14.691 2.59015 28.8757 6.31148 -16.5172 5.11909 52.4684
2377752 14.9025 2.64195 29.1284 6.34714 -16.5229 5.07293 53.02
2377757 15.1985 2.70239 29.3811 6.39171 -16.5283 4.9946 53.6737
2377767 15.1985 2.70239 29.3811 6.39171 -16.5283 4.9946 53.6737
2377780 15.503 2.73692 29.4215 6.33823 -16.597 4.86665 53.9997
2377788 15.503 2.73692 29.4215 6.33823 -16.597 4.86665 53.9997
2377806 15.7398 2.71102 29.3103 6.35606 -16.6227 4.77175 54.1172
2377817 15.9259 2.8578 29.0779 6.34714 -16.5097 4.6048 54.2087
2377818 15.9259 2.8578 29.0779 6.34714 -16.5097 4.6048 54.2087
2377832 16.0697 3.35856 28.6231 6.43629 -16.0119 4.30313 54.4876
2377842 16.0358 3.55714 27.9964 6.4452 -15.7445 4.12199 54.0346
2377858 16.0358 3.55714 27.9964 6.4452 -15.7445 4.12199 54.0346
2377860 15.9682 3.86795 27.3395 6.65024 -15.2294 3.94428 53.8258
2377871 15.9682 3.86795 27.3395 6.65024 -15.2294 3.94428 53.8258
2377883 15.799 4.20467 26.915 7.4258 -14.2993 3.95729 54.3445
2377889 15.7229 4.79177 26.6421 9.10173 -12.6521 4.0605 56.2585
2377908 15.7229 4.79177 26.6421 9.10173 -12.6521 4.0605 56.2585
2377911 15.4776 5.45658 26.1064 10.7153 -10.9998 4.1262 57.7559
2377922 14.9701 5.8451 24.7925 11.4819 -9.82474 4.06181 57.0897
2377936 14.9701 5.8451 24.7925 11.4819 -9.82474 4.06181 57.0897
2377941 14.2851 6.10411 22.8419 11.6424 -8.82962 3.85297 54.8734
2377951 14.2851 6.10411 22.8419 11.6424 -8.82962 3.85297 54.8734
2377964 13.4562 6.19045 21.0428 12.0703 -7.69446 3.8286 52.7597
2377971 12.5766 6.50127 19.547 13.1133 -6.04441 3.93782 51.7381
2377991 12.5766 6.50127 19.547 13.1133 -6.04441 3.93782 51.7381
2377992 11.7731 6.88979 18.1926 14.7357 -4.04151 4.14762 51.5913
2378002 10.9527 7.45962 17.0101 16.6791 -1.83495 4.39819 52.1015
2378017 10.9527 7.45962 17.0101 16.6791 -1.83495 4.39819 52.1015
2378022 10.2 7.97765 16.0192 18.6884 0.211233 4.68845 52.8853
2378042 9.34577 7.97765 14.917 18.5051 1.09367 4.75866 50.7456
2378044 9.34577 8.65109 14.917 20.975 2.48814 4.98114 53.8889
2378053 8.4408 9.3418 13.5346 23.0783 4.80035 5.19262 54.3955
2378066 8.4408 9.3418 13.5346 23.0783 4.80035 5.19262 54.3955
2378082 7.32438 9.99797 12.3577 24.7957 6.93501 5.46052 54.4757
2378084 6.3602 10.5592 11.6104 26.5806 8.69578 5.78974 55.1104
2378095 6.3602 10.5592 11.6104 26.5806 8.69578 5.78974 55.1104
2378108 5.36219 11.0513 11.2555 28.0664 10.0923 6.16531 55.7354
2378120 4.42338 11.4398 10.9379 28.8768 11.2052 6.4527 55.678
2378125 4.42338 11.4398 10.9379 28.8768 11.2052 6.4527 55.678
2378134 3.61144 11.7593 10.7137 29.1856 12.0407 6.65694 55.27
2378149 3.61144 11.7593 10.7137 29.1856 12.0407 6.65694 55.27
2378154 2.95174 11.837 10.5176 29.4461 12.6998 6.89695 54.7524
2378164 2.59652 11.9751 10.4615 29.668 13.0642 7.00842 54.7012
2378177 2.59652 11.9751 10.4615 29.668 13.0642 7.00842 54.7012
2378190 2.5204 12.0269 10.4055 29.7452 13.1843 7.02129 54.698
2378203 2.48657 11.906 10.3962 29.7259 13.1842 7.07959 54.5146
2378206 2.48657 11.906 10.3962 29.7259 13.1842 7.07959 54.5146
2378215 2.5204 11.8542 10.3775 29.6294 13.1413 7.07012 54.3815
2378230 2.5204 11.8542 10.3775 29.6294 13.1413 7.07012 54.3815
2378236 2.49502 11.7161 10.2374 29.2242 13.1389 7.05678 53.6727
2378245 2.46119 11.6988 10.0692 28.8575 13.1982 6.998 53.0868
2378259 2.46119 11.6988 10.0692 28.8575 13.1982 6.998 53.0868
2378265 2.51194 11.6729 10.0038 28.5295 13.1295 6.92791 52.7182
2378284 2.51194 11.7075 9.98516 28.4234 13.1269 6.89438 52.628
2378290 2.51194 11.7075 9.98516 28.4234 13.1269 6.89438 52.628
2378297 2.46119 11.6816 10.0132 28.4813 13.1506 6.93949 52.6372
2378310 2.46119 11.6816 10.0132 28.4813 13.1506 6.93949 52.6372
2378317 2.53731 11.7593 9.91978 28.5295 13.1914 6.86861 52.7459
2378327 2.54577 11.8456 9.95714 28.6356 13.2013 6.8515 52.9842
2378339 2.54577 11.8456 9.95714 28.6356 13.2013 6.8515 52.9842
2378347 2.51194 11.8888 9.98516 28.6453 13.2172 6.85344 53.0312
2378365 2.52886 11.9751 9.95714 28.6549 13.2465 6.80814 53.1161
2378372 2.52886 11.9751 9.95714 28.6549 13.2465 6.80814 53.1161
2378378 2.50348 12.0096 9.96648 28.597 13.2529 6.79689 53.0767
2378392 2.50348 12.0096 9.96648 28.597 13.2529 6.79689 53.0767
2378402 2.57114 11.9319 10.0599 28.6839 13.1392 6.82876 53.2469
2378417 2.52886 11.8629 10.1253 28.8093 13.1352 6.90359 53.3263
2378420 2.52886 11.8629 10.1253 28.8093 13.1352 6.90359 53.3263
2378429 2.53731 11.8456 10.0973 28.7418 13.1303 6.89267 53.2219
2378446 2.53731 11.8456 10.0973 28.7418 13.1303 6.89267 53.2219
2378448 2.85871 11.8283 10.3027 28.7514 12.7548 6.80124 53.7412
2378461 3.0194 11.7938 10.3027 28.4523 12.5653 6.70412 53.5683
2378473 3.0194 11.7938 10.3027 28.4523 12.5653 6.70412 53.5683
2378479 3.4 11.7161 10.4242 28.1436 12.1245 6.55272 53.6839
2378489 3.83134 11.6729 10.5736 27.9313 11.6643 6.38799 54.0092
2378525 4.51642 11.6557 10.8725 27.5165 10.8975 6.1079 54.5611
2378526 4.51642 11.6557 10.8725 27.5165 10.8975 6.1079 54.5611
2378529 5.11692 11.4139 11.7412 26.9376 9.73262 6.01742 55.2096
2378539 5.80199 11.2153 13.2637 26.1271 8.10021 5.94954 56.4082
2378553 5.80199 11.2153 13.2637 26.1271 8.10021 5.94954 56.4082
2378560 6.49552 10.6973 14.9451 24.8922 6.20239 5.95591 57.0301
2378579 7.03682 10.0498 15.9445 22.7792 4.41122 5.81536 55.8103
2378582 7.03682 10.0498 15.9445 22.7792 4.41122 5.81536 55.8103
2378590 7.4597 9.18639 16.7291 20.2804 2.45917 5.69281 53.6556
2378606 7.92488 8.2971 17.9096 17.878 0.163707 5.64289 52.0096
2378611 7.92488 8.2971 17.9096 17.878 0.163707 5.64289 52.0096
2378632 8.6607 7.56323 19.5672 15.6361 -2.44451 5.53579 51.4272
2378635 8.6607 7.56323 19.5672 15.6361 -2.44451 5.53579 51.4272
2378642 9.45572 6.85526 21.3763 13.7195 -4.98833 5.48123 51.4068
2378659 10.3269 6.21635 23.2967 11.8831 -7.5035 5.40471 51.723
2378662 10.3269 6.21635 23.2967 11.8831 -7.5035 5.40471 51.723
2378672 11.2488 5.62062 25.1665 10.2339 -9.83396 5.31789 52.2697
2378687 12.2045 5.07669 27.0363 8.83429 -11.9139 5.24613 53.1517
2378692 12.2045 5.07669 27.0363 8.83429 -11.9139 5.24613 53.1517
2378712 13.1771 4.55866 29.0779 7.95176 -13.5782 5.2845 54.7654
2378713 13.1771 4.55866 29.0779 7.95176 -13.5782 5.2845 54.7654
2378723 13.9721 4.29101 30.9679 7.56843 -14.5603 5.35388 56.7995
2378738 14.6149 3.93702 32.3222 7.38123 -15.2857 5.44624 58.2554
2378743 14.6149 3.93702 32.3222 7.38123 -15.2857 5.44624 58.2554
2378753 14.9109 3.48807 33.0095 7.16728 -15.9047 5.57682 58.5758
2378772 14.8602 3.05637 33.0297 7.02465 -16.3051 5.72816 57.9709
2378775 14.8602 3.05637 33.0297 7.02465 -16.3051 5.72816 57.9709
2378792 14.8517 2.61605 32.6356 6.90876 -16.6467 5.80838 57.0121
2378803 14.8517 2.61605 32.6356 6.90876 -16.6467 5.80838 57.0121
2378806 14.6826 2.46064 31.9685 6.68589 -16.8038 5.78282 55.7976
2378818 14.5642 2.36567 31.2307 6.54326 -16.8571 5.71554 54.7038
2378824 14.5642 2.36567 31.2307 6.54326 -16.8571 5.71554 54.7038
2378834 14.3527 2.46064 30.2907 6.40954 -16.7122 5.57434 53.5136
2378847 14.2597 2.45201 29.6237 6.23125 -16.7407 5.46256 52.5666
2378856 14.2597 2.45201 29.6237 6.23125 -16.7407 5.46256 52.5666
2378873 14.2005 2.45201 29.1587 6.20451 -16.6789 5.3957 52.0158
2378876 14.2005 2.45201 29.1587 6.20451 -16.6789 5.3957 52.0158
2378885 14.209 2.50381 29.0375 6.16885 -16.6479 5.34299 51.9191
2378901 14.3612 2.55561 29.0678 6.23125 -16.586 5.28065 52.2158
2378906 14.3612 2.55561 29.0678 6.23125 -16.586 5.28065 52.2158
2378929 14.5388 2.60741 29.2497 6.258 -16.5814 5.2308 52.6539
2378931 14.6572 2.61605 29.5327 6.34714 -16.5685 5.25084 53.1531
2378937 14.6572 2.61605 29.5327 6.34714 -16.5685 5.25084 53.1531
2378955 14.8095 2.65058 29.6944 6.35606 -16.5842 5.21125 53.5105
2378959 14.8095 2.65058 29.6944 6.35606 -16.5842 5.21125 53.5105
2378968 14.894 2.69375 29.8561 6.43629 -16.5275 5.20728 53.8802
2378982 14.9363 2.71965 29.7348 6.40063 -16.5226 5.15309 53.7914
2378988 14.9363 2.71965 29.7348 6.40063 -16.5226 5.15309 53.7914
2378998 14.894 2.68512 29.654 6.35606 -16.5644 5.15894 53.5892
2379011 14.894 2.68512 29.4822 6.32931 -16.558 5.12234 53.3906
2379018 14.894 2.68512 29.4822 6.32931 -16.558 5.12234 53.3906
2379038 14.7249 2.66785 29.2295 6.24017 -16.5743 5.12943 52.8624
2379043 14.7249 2.66785 29.2295 6.24017 -16.5743 5.12943 52.8624
2379048 14.598 2.63332 29.0779 6.3204 -16.4937 5.17778 52.6296
2379064 14.5219 2.84053 29.0678 6.51652 -16.1637 5.16232 52.9467
2379069 14.5219 2.84053 29.0678 6.51652 -16.1637 5.16232 52.9467
2379079 14.4627 3.05637 28.9061 6.75721 -15.7736 5.11755 53.1823
2379097 14.3274 3.34992 28.7747 7.28317 -15.106 5.13088 53.7351
2379106 14.3274 3.34992 28.7747 7.28317 -15.106 5.13088 53.7351
2379120 14.1075 3.85069 28.7342 8.80755 -13.5962 5.29288 55.4999
2379133 13.8114 4.61046 28.3704 11.1342 -11.4098 5.45934 57.9265
2379150 13.1517 5.258 27.2283 13.1311 -9.3548 5.60234 58.7691
2379152 13.1517 5.258 27.2283 13.1311 -9.3548 5.60234 58.7691
2379183 12.1537 5.75013 25.0654 14.183 -7.56138 5.60202 57.1523
2379184 11.0796 6.24225 22.3971 15.119 -5.52329 5.52381 54.838
2379187 11.0796 6.24225 22.3971 15.119 -5.52329 5.52381 54.838
2379195 9.80249 6.71712 20.0018 16.5988 -3.0536 5.67045 53.1202
2379212 8.7199 7.30422 18.0612 18.6788 -0.378169 5.8892 52.7641
2379216 8.7199 7.30422 18.0612 18.6788 -0.378169 5.8892 52.7641
2379228 7.58657 7.99492 16.2901 20.7724 2.32252 6.12065 52.644
2379242 7.58657 7.99492 16.2901 20.7724 2.32252 6.12065 52.644
2379244 6.61393 8.65973 14.7115 23.0301 4.88743 6.35702 53.0153
2379253 5.66667 9.28136 13.2731 25.1816 7.26706 6.60266 53.4027
2379272 5.66667 9.28136 13.2731 25.1816 7.26706 6.60266 53.4027
2379274 4.82935 9.93753 12.1989 27.0823 9.24712 6.80347 54.0481
2379283 4.16119 10.4469 11.6478 28.7611 10.6326 7.03439 55.017
2379301 4.16119 10.4469 11.6478 28.7611 10.6326 7.03439 55.017
2379303 3.63682 10.9132 11.4143 30.025 11.5589 7.20387 55.9892
2379318 3.63682 10.9132 11.4143 30.025 11.5589 7.20387 55.9892
2379333 3.20547 11.2671 11.3022 30.7872 12.1754 7.32385 56.562
2379334 2.89254 11.5521 11.1995 31.0863 12.5798 7.36144 56.7303
2379344 2.89254 11.5521 11.1995 31.0863 12.5798 7.36144 56.7303
2379363 2.62189 11.6125 11.05 31.0477 12.8649 7.41939 56.3321
2379364 2.48657 11.7765 10.9192 30.8547 13.0384 7.3641 56.037
2379374 2.48657 11.7765 10.9192 30.8547 13.0384 7.3641 56.037
2379391 2.5204 11.8024 10.8071 30.4688 13.0145 7.27168 55.5988
2379395 2.5204 11.8024 10.8071 30.4688 13.0145 7.27168 55.5988
2379406 2.5204 11.7938 10.4429 29.8417 13.1286 7.13487 54.5987
2379422 2.49502 11.6729 10.3308 29.3207 13.0844 7.1025 53.8194
2379425 2.49502 11.6729 10.3308 29.3207 13.0844 7.1025 53.8194
2379435 2.46119 11.578 10.0132 28.7418 13.1858 7.02232 52.7941
2379451 2.41045 11.4139 9.9478 28.3558 13.1462 7.04399 52.128
2379455 2.41045 11.4139 9.9478 28.3558 13.1462 7.04399 52.128
2379483 2.41891 11.3707 9.88242 28.1436 13.1297 7.01613 51.8157
2379485 2.41891 11.3707 9.88242 28.1436 13.1297 7.01613 51.8157
2379487 2.42736 11.2585 9.83571 27.9892 13.0966 7.02932 51.5108
2379515 2.38507 11.2585 9.80769 28.0568 13.1642 7.05352 51.508
2379518 2.38507 11.2585 9.80769 28.0568 13.1642 7.05352 51.508
2379518 2.39353 11.2153 9.91978 28.298 13.1207 7.12246 51.8266
2379547 2.39353 11.2153 10.1533 28.298 12.9497 7.1578 52.0601
2379549 2.37662 11.2067 10.1533 28.8479 13.0859 7.25058 52.5845
2379550 2.37662 11.2758 10.3495 29.4364 13.0927 7.33561 53.4383
2379557 2.37662 11.2758 10.3495 29.4364 13.0927 7.33561 53.4383
2379576 2.33433 11.3621 10.4429 29.7162 13.1375 7.37045 53.8555
2379582 2.35124 11.3707 10.4615 29.9381 13.163 7.39381 54.1217
2379587 2.35124 11.3707 10.4615 29.9381 13.163 7.39381 54.1217
2379606 2.33433 11.3707 10.4522 29.9478 13.1836 7.40086 54.1051
2379610 2.33433 11.3707 10.4522 29.9478 13.1836 7.40086 54.1051
2379618 2.3597 11.3103 10.3868 29.8802 13.1839 7.39669 53.9371
2379636 2.34279 11.2844 10.4055 29.7452 13.1473 7.39807 53.7779
2379667 2.57114 11.2412 10.6203 29.7452 12.8258 7.35165 54.1779
2379668 2.76567 11.2326 10.6016 29.4943 12.6444 7.23673 54.0942
2379669 2.76567 11.2326 10.6016 29.4943 12.6444 7.23673 54.0942
2379679 2.96866 11.1549 10.5736 29.1566 12.4268 7.13228 53.8538
2379697 3.24776 11.1549 10.5923 29.1566 12.221 7.02092 54.1516
2379699 3.24776 11.0945 10.5923 28.7707 12.1148 6.98837 53.7052
2379709 3.71294 11.1204 10.6857 28.3751 11.6417 6.74309 53.8942
2379727 3.71294 11.1204 10.6857 28.3751 11.6417 6.74309 53.8942
2379731 4.11891 11.0513 10.8258 27.7577 11.0989 6.53349 53.7537
2379741 4.43184 10.87 11.4236 27.1112 10.2745 6.4732 53.8367
2379767 4.99005 10.7232 12.9555 26.4166 8.71114 6.44241 55.0853
2379787 5.71741 10.4815 15.272 25.6351 6.62241 6.49009 57.1059
2379789 5.71741 10.4815 15.272 25.6351 6.62241 6.49009 57.1059
2379794 6.27562 10.1102 16.7758 24.2843 4.93642 6.44283 57.446
2379803 6.27562 10.1102 16.7758 24.2843 4.93642 6.44283 57.446
2379820 6.54627 9.54901 17.2426 22.2486 3.60194 6.31338 55.5864
2379822 6.76617 8.84967 17.7378 20.0295 2.04896 6.22429 53.3832
2379832 6.76617 8.84967 17.7378 20.0295 2.04896 6.22429 53.3832
2379849 7.0791 8.1417 18.8092 17.9455 0.0956953 6.21463 51.9755
2379852 7.47662 7.53733 20.2848 16.0461 -2.03425 6.22759 51.3449
2379862 7.47662 7.53733 20.2848 16.0461 -2.03425 6.22759 51.3449
2379880 8.22935 7.18334 22.1445 14.3435 -4.26151 6.09104 51.9006
2379898 9.04975 6.86389 24.2366 12.6497 -6.5212 5.95816 52.8
2379914 9.99701 6.49264 26.3288 10.9292 -8.79292 5.79607 53.7476
2379918 9.99701 6.49264 26.3288 10.9292 -8.79292 5.79607 53.7476
2379927 10.9274 6.06094 28.2794 9.699 -10.6641 5.72804 54.9667
2379949 11.7562 5.61199 30.1593 9.01259 -12.0671 5.78449 56.5401
2379950 11.7562 5.61199 30.1593 9.01259 -12.0671 5.78449 56.5401
2379954 12.2975 5.08532 31.4429 8.71841 -13.006 5.93766 57.5442
2379981 12.5428 4.51549 32.201 8.51337 -13.724 6.14202 57.7726
2379985 12.6274 3.94566 32.4637 8.43314 -14.2302 6.34868 57.4699
2379995 12.6274 3.94566 32.4637 8.43314 -14.2302 6.34868 57.4699
2380012 12.6189 3.34129 32.2818 8.05873 -14.8758 6.49556 56.3007
2380015 12.5259 2.73692 31.8977 7.67541 -15.5059 6.64993 54.8359
2380045 12.5259 2.73692 31.8977 7.67541 -15.5059 6.64993 54.8359
2380047 12.5259 2.40884 31.5945 7.52386 -15.8121 6.71109 54.0531
2380050 12.5259 2.40884 31.5945 7.52386 -15.8121 6.71109 54.0531
2380056 12.6104 2.3484 31.4126 7.47929 -15.8751 6.66649 53.8507
2380077 12.7289 2.48654 31.2004 7.4882 -15.7477 6.53194 53.904
2380078 12.7289 2.48654 31.2004 7.4882 -15.7477 6.53194 53.904
2380091 12.7204 2.52108 30.7556 7.38123 -15.7244 6.4339 53.3783
2380110 12.695 2.50381 30.4727 7.39014 -15.6769 6.40688 53.0616
2380112 12.695 2.50381 30.4727 7.39014 -15.6769 6.40688 53.0616
2380115 12.7711 2.63332 30.2503 7.37231 -15.5655 6.28495 53.0271
2380141 12.7711 2.63332 30.2503 7.37231 -15.5655 6.28495 53.0271
2380142 12.7965 2.61605 30.1694 7.29208 -15.6304 6.25513 52.8741
2380150 12.8303 2.68512 30.0785 7.35448 -15.5195 6.2091 52.9484
2380156 12.8303 2.68512 30.0785 7.35448 -15.5195 6.2091 52.9484
2380173 12.8896 2.67649 30.0178 7.31883 -15.5531 6.17283 52.9027
2380177 12.8811 2.67649 30.0279 7.32774 -15.5466 6.17939 52.9133
2380187 12.8811 2.67649 30.0279 7.32774 -15.5466 6.17939 52.9133
2380207 12.805 2.65922 30.1088 7.35448 -15.5402 6.23469 52.9275
2380208 12.805 2.65922 30.1088 7.35448 -15.5402 6.23469 52.9275
2380217 12.7035 2.65058 30.1998 7.41689 -15.4971 6.30421 52.9707
2380239 12.6189 2.63332 30.22 7.41689 -15.4988 6.34856 52.8891
2380247 12.6189 2.63332 30.22 7.41689 -15.4988 6.34856 52.8891
2380249 12.4582 2.57288 30.3008 7.43471 -15.5171 6.45421 52.7666
2380271 12.4582 2.57288 30.3008 7.43471 -15.5171 6.45421 52.7666
2380277 12.2721 2.52971 30.321 7.44363 -15.5136 6.5525 52.5665
2380278 12.1284 2.51244 30.2705 7.44363 -15.4918 6.61065 52.3549
2380300 11.9338 2.51244 30.3514 7.71998 -15.2581 6.74776 52.5176
2380308 11.8662 2.97004 30.1897 8.15679 -14.539 6.63099 53.1827
2380330 11.8662 2.97004 30.1897 8.15679 -14.539 6.63099 53.1827
2380331 11.6886 3.60894 30.2099 9.88621 -12.8189 6.7152 55.3936
2380344 11.6886 3.60894 30.2099 9.88621 -12.8189 6.7152 55.3936
2380364 11.3841 4.39462 31.1195 14.1117 -9.83335 7.24124 61.0099
2380365 10.8597 5.00762 30.5131 17.1158 -7.57895 7.50318 63.4962
2380377 10.8597 5.00762 30.5131 17.1158 -7.57895 7.50318 63.4962
2380395 9.99701 5.49975 27.5517 17.1061 -6.21019 7.27153 60.1546
2380396 9.03284 5.75013 23.9738 16.483 -4.87583 6.97156 55.2398
2380400 9.03284 5.75013 23.9738 16.483 -4.87583 6.97156 55.2398
2380410 7.99254 5.9228 21.2449 17.0772 -2.98516 7.00841 52.2375
2380429 7.06219 6.23362 19.2842 18.6498 -0.713901 7.21402 51.2298
2380441 6.46169 6.69121 17.6468 20.6084 1.55183 7.32442 51.4082
2380457 6.46169 6.69121 17.6468 20.6084 1.55183 7.32442 51.4082
2380460 5.73433 7.26968 16.2621 22.7792 3.86802 7.50422 52.0453
2380486 5.1592 7.97765 14.9544 24.9501 6.03969 7.56983 53.0413
2380487 5.1592 7.97765 14.9544 24.9501 6.03969 7.56983 53.0413
2380492 4.55025 8.61656 13.7214 27.0244 8.05437 7.67326 53.9126
2380502 4.03433 9.20366 12.8341 28.7032 9.60217 7.74965 54.7752
2380520 4.03433 9.20366 12.8341 28.7032 9.60217 7.74965 54.7752
2380522 3.55224 9.64398 12.3484 30.2179 10.7426 7.90049 55.7625
2380532 3.55224 9.64398 12.3484 30.2179 10.7426 7.90049 55.7625
2380553 3.18856 10.0498 12.0775 31.2213 11.4991 7.97542 56.5371
2380557 2.85871 10.3088 11.8253 31.8388 12.0811 8.0492 56.8316
2380563 2.85871 10.3088 11.8253 31.8388 12.0811 8.0492 56.8316
2380581 2.5796 10.611 11.6291 31.9642 12.4888 8.03118 56.7839
2380588 2.25821 10.7491 11.4984 31.8774 12.8008 8.07914 56.3831
2380594 2.25821 10.7491 11.4984 31.8774 12.8008 8.07914 56.3831
2380614 2.07214 10.6455 11.3302 31.5397 12.9448 8.13643 55.5876
2380649 2.08905 10.6714 11.1527 31.0187 12.9471 8.03112 54.9319
2380650 2.05522 10.516 10.9473 30.5074 12.9664 8.01933 54.0259
2380653 2.05522 10.516 10.9473 30.5074 12.9664 8.01933 54.0259
2380660 2.08905 10.4642 10.7418 30.1118 12.9877 7.94851 53.4068
2380683 2.07214 10.3951 10.6203 29.7452 12.9881 7.92072 52.8328
2380684 2.07214 10.3951 10.6203 29.7452 12.9881 7.92072 52.8328
2380685 2.03831 10.4124 10.4615 29.3689 13.0455 7.85553 52.2811
2380695 2.03831 10.4124 10.4615 29.3689 13.0455 7.85553 52.2811
2380713 2.0806 10.4815 10.3495 29.1856 13.0703 7.76616 52.0971
2380715 2.08905 10.4987 10.3775 29.3496 13.0851 7.78152 52.3149
2380746 2.08905 10.4987 10.3775 29.3496 13.0851 7.78152 52.3149
2380749 2.12289 10.4469 10.4709 29.5136 13.0183 7.82467 52.5543
2380751 2.06368 10.4038 10.5736 29.8995 13.0646 7.93504 52.9406
2380757 2.06368 10.4038 10.5736 29.8995 13.0646 7.93504 52.9406
2380779 2.02139 10.3951 10.667 30.0829 13.0673 7.99378 53.1664
2380780 2.04677 10.3951 10.8258 30.4012 13.0074 8.0452 53.669
2380788 2.04677 10.3692 10.8258 30.4012 13.0016 8.05633 53.6431
2380807 1.98756 10.3779 10.8725 30.5653 13.049 8.1052 53.8032
2380808 1.98756 10.3779 10.8725 30.5653 13.049 8.1052 53.8032
2380818 2.00448 10.3002 10.9192 30.8451 13.0489 8.17281 54.0689
2380837 1.99602 10.3433 10.9659 30.903 13.0443 8.17114 54.2082
2380854 2.02985 10.3088 10.994 30.8354 12.9783 8.16646 54.168
2380872 1.98756 10.257 10.9566 30.8161 13.0185 8.19965 54.0173
2380874 1.98756 10.257 10.9566 30.8161 13.0185 8.19965 54.0173
2380880 2.26667 10.2311 11.1341 30.6232 12.6502 8.08944 54.255
2380905 2.26667 10.2311 11.1341 30.6232 12.6502 8.08944 54.255
2380905 2.53731 10.1361 11.2088 30.3723 12.3318 7.99224 54.2545
2380911 2.89254 10.0584 11.2368 29.9767 11.957 7.82688 54.1645
2380921 2.89254 10.0584 11.2368 29.9767 11.957 7.82688 54.1645
2380938 3.22239 9.93753 11.4049 29.3785 11.442 7.68126 53.9434
2380940 3.91592 9.9548 11.9841 28.7032 10.4284 7.37285 54.558
2380971 3.91592 9.9548 11.9841 28.7032 10.4284 7.37285 54.558
2380972 4.79552 9.903 13.6187 27.912 8.62577 7.1579 56.2292
2380980 4.79552 9.903 13.6187 27.912 8.62577 7.1579 56.2292
2381006 5.82736 9.79939 15.5989 26.8314 6.54725 6.92515 58.0571
2381007 6.5801 9.46267 16.6357 24.8922 4.83711 6.64013 57.5706
2381009 6.5801 9.46267 16.6357 24.8922 4.83711 6.64013 57.5706
2381017 7.13831 8.99644 16.6451 22.4415 3.46543 6.23451 55.2214
2381036 7.48507 8.48705 16.7011 19.8365 1.96984 5.87477 52.5098
2381038 7.48507 8.48705 16.7011 19.8365 1.96984 5.87477 52.5098
2381043 7.98408 7.89995 17.4144 17.3377 -0.0794068 5.5893 50.6361
2381071 7.98408 7.89995 17.4144 17.3377 -0.0794068 5.5893 50.6361
2381073 8.76219 7.53733 19.1326 15.226 -2.53238 5.34734 50.6581
2381078 9.84478 7.11427 21.2449 13.2202 -5.22867 5.10639 51.4242
2381104 10.9189 6.57034 23.5797 11.3214 -7.92454 4.98523 52.3904
2381105 11.9761 5.98324 25.6112 9.68117 -10.2921 4.88238 53.2517
2381114 11.9761 5.98324 25.6112 9.68117 -10.2921 4.88238 53.2517
2381136 12.9657 5.41341 27.4507 8.57577 -12.1436 4.8655 54.4055
2381137 13.8114 5.41341 29.1486 8.57577 -12.7179 4.87264 56.9493
2381144 13.8114 4.96445 29.1486 8.08547 -13.3504 4.94328 56.01
2381169 14.505 4.55866 30.2806 7.72889 -14.2353 4.97937 57.0731
2381170 14.505 4.55866 30.2806 7.72889 -14.2353 4.97937 57.0731
2381175 15.0463 4.17014 30.9679 7.47929 -14.8988 5.00249 57.6636
2381185 15.3761 3.65211 30.9881 7.21185 -15.5082 5.02508 57.2282
2381204 15.3761 3.65211 30.9881 7.21185 -15.5082 5.02508 57.2282
2381207 15.5622 3.21178 30.695 6.9979 -15.9596 5.02567 56.4669
2381217 15.6383 2.91823 30.0583 6.65915 -16.3364 4.92842 55.274
2381243 15.8836 2.92687 29.2194 6.48086 -16.3708 4.64766 54.5107
2381247 15.8836 2.92687 29.2194 6.48086 -16.3708 4.64766 54.5107
2381273 16.002 3.09091 28.148 6.258 -16.2625 4.29349 53.4989
2381274 16.1289 3.17725 27.2081 5.99948 -16.2625 3.97081 52.5137
2381277 16.1289 3.17725 27.2081 5.99948 -16.2625 3.97081 52.5137
2381309 16.4249 3.30675 26.5006 5.85684 -16.2039 3.63583 52.0891
2381310 16.6363 3.34129 25.8942 5.79444 -16.1589 3.4 51.6662
2381318 16.9323 3.50533 25.4596 5.71421 -16.0683 3.12027 51.6115
2381347 17.2117 3.5485 25.1058 5.58941 -16.1206 2.89622 51.4554
2381355 17.7023 3.65211 24.9441 5.50918 -16.1584 2.63441 51.8077
2381377 17.7023 3.65211 24.9441 5.50918 -16.1584 2.63441 51.8077
2381377 18.1064 3.75571 24.7824 5.50918 -16.1177 2.42441 52.1537
2381383 18.3565 3.83342 24.7319 5.50918 -16.0906 2.30334 52.431
2381392 18.3565 3.83342 24.7319 5.50918 -16.0906 2.30334 52.431
2381411 18.5971 3.85932 24.742 5.50026 -16.1197 2.21615 52.6986
2381413 18.5971 3.85932 24.742 5.50026 -16.1197 2.21615 52.6986
2381420 18.7125 3.91112 24.7521 5.47352 -16.1213 2.15764 52.8492
2381446 18.8087 3.96293 24.6712 5.51809 -16.0491 2.10089 52.961
2381447 18.8087 3.96293 24.6712 5.51809 -16.0491 2.10089 52.961
2381450 18.6644 3.98883 24.5702 5.47352 -16.0219 2.10367 52.6969
2381480 18.5586 3.91976 24.5297 5.45569 -16.0648 2.14636 52.4637
2381484 18.5586 3.91976 24.5297 5.45569 -16.0648 2.14636 52.4637
2381485 18.395 3.83342 24.4084 5.39329 -16.1333 2.18334 52.0302
2381492 18.0872 3.75571 24.2669 5.47352 -16.0541 2.29656 51.5833
2381512 18.0872 3.75571 24.2669 5.47352 -16.0541 2.29656 51.5833
2381514 17.7216 3.82478 24.3579 5.84793 -15.6548 2.50989 51.7522
2381523 17.7216 3.82478 24.3579 5.84793 -15.6548 2.50989 51.7522
2381544 17.6735 4.48959 24.3276 6.29365 -14.7856 2.40361 52.7843
