3315604 14.4711 1.8131 31.4429 5.87467 -17.8288 5.88599 53.6018
3315630 14.6318 1.79584 31.2206 5.85684 -17.8486 5.78909 53.5051
3315635 14.6149 1.84764 30.9578 5.7677 -17.8411 5.71451 53.188
3315645 14.6149 1.84764 30.9578 5.7677 -17.8411 5.71451 53.188
3315657 14.7249 1.91671 30.6849 5.74095 -17.785 5.59221 53.0674
3315681 14.7587 1.85627 30.7253 5.71421 -17.8654 5.60496 53.0545
3315686 14.8602 1.87354 30.7658 5.7053 -17.8777 5.56453 53.2048
3315696 14.8602 1.87354 30.7658 5.7053 -17.8777 5.56453 53.2048
3315706 15.0716 1.87354 30.6849 5.7053 -17.8951 5.4687 53.3354
3315716 15.2662 1.90808 30.6647 5.63398 -17.9478 5.3647 53.4729
3315731 15.2662 1.90808 30.6647 5.63398 -17.9478 5.3647 53.4729
3315738 15.4522 1.96851 30.5434 5.58941 -17.9436 5.24112 53.5536
3315747 15.4522 1.96851 30.5434 5.58941 -17.9436 5.24112 53.5536
3315757 15.4776 1.94261 30.3615 5.57158 -17.9581 5.20479 53.3533
3315768 15.41 2.00305 30.4423 5.60724 -17.8826 5.22886 53.4626
3315777 15.41 2.00305 30.4423 5.60724 -17.8826 5.22886 53.4626
3315787 15.2915 1.90808 30.4727 5.67855 -17.8899 5.32839 53.3508
3315803 15.207 1.92534 30.5838 5.68747 -17.8724 5.37576 53.4036
3315809 15.207 1.92534 30.5838 5.68747 -17.8724 5.37576 53.4036
3315817 15.1731 1.94261 30.5333 5.67855 -17.8544 5.37136 53.3276
3315832 15.1731 1.94261 30.5333 5.67855 -17.8544 5.37136 53.3276
3315839 15.0294 1.90808 30.3918 5.69638 -17.8294 5.41741 53.0256
3315852 15.0294 1.93398 30.2099 5.60724 -17.8561 5.35817 52.7804
3315864 15.0294 1.93398 30.2099 5.60724 -17.8561 5.35817 52.7804
3315874 14.8179 1.90808 29.8966 5.59832 -17.8128 5.39121 52.2209
3315880 14.6488 2.02895 29.7753 5.9549 -17.383 5.45313 52.4079
3315890 14.6488 2.02895 29.7753 5.9549 -17.383 5.45313 52.4079
3315909 14.4458 2.41747 29.4215 6.23125 -16.7656 5.3668 52.516
3315912 14.1328 2.9873 29.0172 7.88936 -14.934 5.49352 54.0267
3315920 14.1328 2.9873 29.0172 7.88936 -14.934 5.49352 54.0267
3315930 13.6507 4.04063 29.1688 12.6943 -10.9499 6.08814 59.5545
3315944 13.6507 4.04063 29.1688 12.6943 -10.9499 6.08814 59.5545
3315950 12.8473 5.12849 28.4816 17.3087 -7.4066 6.54295 63.7661
3315965 11.807 5.90554 25.1665 17.9359 -5.39837 6.26241 60.8148
3315971 11.807 5.90554 25.1665 17.9359 -5.39837 6.26241 60.8148
3315981 10.5045 6.24225 20.9215 17.6175 -3.42144 5.91263 55.2857
3315991 9.19353 6.69985 17.5357 18.8138 -0.581659 5.87337 52.2429
3316006 9.19353 6.69985 17.5357 18.8138 -0.581659 5.87337 52.2429
3316013 8.1194 7.15744 15.1879 21.0619 2.38323 6.10546 51.5266
3316026 8.1194 7.15744 15.1879 21.0619 2.38323 6.10546 51.5266
3316035 7.10448 7.62367 13.3478 23.4546 5.15519 6.42558 51.5305
3316044 6.12338 8.1676 12.0027 25.7123 7.57304 6.75615 52.006
3316070 5.25224 8.76333 11.2462 27.9699 9.50321 7.10118 53.2316
3316074 4.48259 9.29863 10.8352 30.0443 10.9883 7.4363 54.6606
3316092 4.48259 9.29863 10.8352 30.0443 10.9883 7.4363 54.6606
3316095 3.82289 9.69578 10.611 31.8388 12.1054 7.75378 55.9685
3316108 3.82289 9.69578 10.611 31.8388 12.1054 7.75378 55.9685
3316115 3.28159 9.93753 10.6203 32.9869 12.7681 8.02131 56.8264
3316128 2.79104 10.0757 10.4242 33.7877 13.4237 8.23737 57.0786
3316135 2.79104 10.0757 10.4242 33.7877 13.4237 8.23737 57.0786
3316145 2.29204 10.0411 10.2093 33.8746 13.9206 8.44179 56.4171
3316155 1.92836 10.2052 10.1346 33.836 14.2495 8.51195 56.1041
3316165 1.92836 10.2052 10.1346 33.836 14.2495 8.51195 56.1041
3316175 1.69154 10.1361 9.84505 33.5369 14.552 8.57304 55.2096
3316190 1.69154 10.1361 9.84505 33.5369 14.552 8.57304 55.2096
3316196 1.43781 10.0584 9.63956 33.2185 14.81 8.65484 54.3543
3316211 1.27711 10.0239 9.49945 32.9001 14.9661 8.68667 53.7005
3316219 1.27711 10.0239 9.49945 32.9001 14.9661 8.68667 53.7005
3316226 1.4801 10.0584 9.54615 32.6493 14.7399 8.55798 53.7339
3316236 1.50547 10.1188 9.43407 32.4563 14.7789 8.48348 53.5147
3316256 1.55622 10.2052 9.38736 32.244 14.7518 8.39158 53.3928
3316276 1.55622 10.2052 9.38736 32.244 14.7518 8.39158 53.3928
3316277 1.55622 10.3088 9.26593 32.2344 14.8603 8.32994 53.3653
3316287 1.59005 10.4469 9.20055 32.0414 14.8735 8.22229 53.279
3316308 1.59005 10.4469 9.20055 32.0414 14.8735 8.22229 53.279
3316311 1.59005 10.5246 9.20989 31.9546 14.8648 8.17857 53.2792
3316317 1.68308 10.4987 9.22857 32.0897 14.8022 8.16908 53.5001
3316339 1.64925 10.5074 9.35934 32.2151 14.7558 8.21252 53.7311
3316352 1.61542 10.5074 9.27527 32.2054 14.8414 8.2153 53.6035
3316359 1.61542 10.5074 9.27527 32.2054 14.8414 8.2153 53.6035
3316369 1.57313 10.5246 9.24725 32.0607 14.8696 8.20423 53.4057
3316398 1.55622 10.4469 9.24725 31.8967 14.8363 8.22457 53.1471
3316401 1.59851 10.4642 9.23791 31.8967 14.8149 8.19738 53.1973
3316409 1.59851 10.4642 9.23791 31.8967 14.8149 8.19738 53.1973
3316424 1.62388 10.3779 9.3033 31.9932 14.749 8.24457 53.2982
3316430 1.53085 10.2915 9.34066 32.1283 14.7999 8.34467 53.2913
3316442 1.53085 10.2915 9.34066 32.1283 14.7999 8.34467 53.2913
3316450 1.48856 10.162 9.37802 32.2054 14.7936 8.43433 53.234
3316464 1.48856 10.162 9.37802 32.2054 14.7936 8.43433 53.234
3316475 1.45473 10.0757 9.38736 32.244 14.8027 8.49322 53.1618
3316485 1.50547 10.1016 9.37802 32.1476 14.7582 8.44637 53.1326
3316491 1.50547 10.1016 9.37802 32.1476 14.7582 8.44637 53.1326
3316501 1.48856 10.1102 9.47143 31.9353 14.6615 8.43534 53.0055
3316511 2.02985 10.0843 9.6956 31.8678 14.0779 8.22948 53.6775
3316537 2.24975 9.94617 9.92912 31.4529 13.6344 8.17112 53.5779
3316542 2.24975 9.94617 9.92912 31.4529 13.6344 8.17112 53.5779
3316552 2.79104 9.79076 10.3121 30.8451 12.8085 7.97615 53.739
3316562 3.53532 9.62671 11.2742 29.9864 11.394 7.74454 54.4226
3316573 3.53532 9.62671 11.2742 29.9864 11.394 7.74454 54.4226
3316582 4.6602 9.30726 13.9923 29.0312 8.63556 7.64754 56.991
3316593 5.77662 8.8842 17.7782 27.5647 5.37218 7.67005 60.0038
3316607 5.77662 8.8842 17.7782 27.5647 5.37218 7.67005 60.0038
3316618 6.84229 8.30574 19.3853 24.4869 2.78089 7.30025 59.0202
3316634 7.4005 7.44236 19.6379 20.7917 0.540793 6.94381 55.2725
3316651 7.8995 6.70848 20.4061 17.7236 -1.8362 6.6902 52.7377
3316671 8.48308 6.13865 21.6694 15.44 -4.1435 6.52054 51.7311
3316679 9.14279 5.72423 23.1956 13.7105 -6.23085 6.3853 51.7732
3316687 9.14279 5.72423 23.1956 13.7105 -6.23085 6.3853 51.7732
3316695 9.78557 5.48248 24.742 12.2753 -8.01839 6.23958 52.2853
3316709 9.78557 5.48248 24.742 12.2753 -8.01839 6.23958 52.2853
3316720 10.4706 5.35297 26.3894 11.0451 -9.60511 6.08665 53.2581
3316731 11.2488 5.17166 27.764 9.90404 -11.0638 5.89246 54.0884
3316740 11.2488 5.17166 27.764 9.90404 -11.0638 5.89246 54.0884
3316753 11.9423 4.96445 29.2699 8.99476 -12.3492 5.80679 55.1714
3316758 12.5343 4.67953 30.7152 8.45097 -13.3554 5.84045 56.3801
3316767 12.5343 4.67953 30.7152 8.45097 -13.3554 5.84045 56.3801
3316778 12.9149 4.33418 31.6956 7.96067 -14.1971 5.90643 56.9054
3316787 13.1602 3.88522 32.0493 7.59518 -14.8744 5.97966 56.6899
3316800 13.1602 3.88522 32.0493 7.59518 -14.8744 5.97966 56.6899
3316812 13.2786 3.56577 31.9988 7.32774 -15.3032 6.00369 56.1709
3316824 13.2786 3.56577 31.9988 7.32774 -15.3032 6.00369 56.1709
3316829 13.2617 2.99594 31.7663 6.9979 -15.9183 6.13573 55.0219
3316839 13.1348 2.58151 31.5541 6.91767 -16.235 6.29901 54.1881
3316849 13.1348 2.58151 31.5541 6.91767 -16.235 6.29901 54.1881
3316859 13.0925 2.10665 31.6451 6.72155 -16.7595 6.48756 53.5658
3316871 13.0502 1.72676 31.8371 6.61458 -17.1646 6.67159 53.2287
3316896 13.0925 1.56272 31.8977 6.49869 -17.4023 6.71265 53.0517
3316900 13.0925 1.56272 31.8977 6.49869 -17.4023 6.71265 53.0517
3316910 13.2955 1.60589 31.9988 6.49869 -17.4113 6.62825 53.3989
3316922 13.4139 1.75267 32.019 6.55218 -17.2728 6.533 53.7378
3316930 13.4139 1.75267 32.019 6.55218 -17.2728 6.533 53.7378
3316945 13.4562 1.74403 32.0898 6.57001 -17.2818 6.53347 53.86
3316951 13.4055 1.71813 32.2515 6.67698 -17.2342 6.60609 54.0521
3316962 13.4055 1.71813 32.2515 6.67698 -17.2342 6.60609 54.0521
3316972 13.304 1.70086 32.2515 6.62349 -17.2751 6.64538 53.8798
3316981 13.1433 1.70086 32.302 6.61458 -17.2663 6.71655 53.7607
3317000 13.1433 1.72676 32.302 6.61458 -17.2459 6.70609 53.7866
3317014 12.9826 1.65769 32.302 6.73047 -17.1858 6.81692 53.6728
3317018 12.9826 1.65769 32.302 6.73047 -17.1858 6.81692 53.6728
3317026 12.8726 1.64043 32.3121 6.66807 -17.2341 6.86081 53.4933
3317037 12.8303 1.64043 32.2919 6.73047 -17.1757 6.88451 53.4932
3317044 12.8303 1.64043 32.2919 6.73047 -17.1757 6.88451 53.4932
3317059 12.6443 1.61453 32.3323 6.73938 -17.1678 6.979 53.3305
3317064 12.4413 1.64043 32.5143 6.78395 -17.109 7.08595 53.3799
3317074 12.4413 1.64043 32.5143 6.78395 -17.109 7.08595 53.3799
3317084 12.3398 1.64043 32.6356 6.84636 -17.0628 7.15507 53.4621
3317094 12.3398 1.64043 32.6356 6.84636 -17.0628 7.15507 53.4621
3317108 12.2552 1.61453 32.5749 6.89093 -17.0265 7.1986 53.3356
3317119 12.2129 1.56272 32.6356 6.84636 -17.1053 7.24017 53.2576
3317131 12.2129 1.56272 32.6356 6.84636 -17.1053 7.24017 53.2576
3317134 12.0607 1.51955 32.4941 6.89093 -17.0604 7.30802 52.9652
3317144 11.993 1.57999 32.4233 7.00682 -16.8997 7.31761 53.0031
3317159 11.993 1.57999 32.4233 7.00682 -16.8997 7.31761 53.0031
3317166 11.9254 1.89944 32.4941 7.57735 -16.2083 7.30476 53.8962
3317179 11.9254 1.89944 32.4941 7.57735 -16.2083 7.30476 53.8962
3317185 11.8154 2.39157 32.2313 8.79864 -14.8707 7.28397 55.2369
3317195 11.7055 3.22042 31.9786 12.1148 -12.0083 7.41305 59.0193
3317205 11.7055 3.22042 31.9786 12.1148 -12.0083 7.41305 59.0193
3317215 11.3249 4.10107 30.695 15.7609 -8.95171 7.52158 61.8818
3317226 10.5383 4.82631 27.481 16.9554 -6.78816 7.29213 59.801
3317240 10.5383 4.82631 27.481 16.9554 -6.78816 7.29213 59.801
3317251 9.57413 5.44794 23.2259 17.2123 -4.57077 6.87414 55.4603
3317256 9.57413 5.44794 23.2259 17.2123 -4.57077 6.87414 55.4603
3317266 8.55075 5.96597 19.5672 18.4569 -1.7582 6.71117 52.5408
3317277 7.6204 6.60488 16.7104 20.7049 1.44214 6.73599 51.6406
3317303 6.82537 7.35602 14.6835 23.2906 4.38003 6.84282 52.1555
3317308 6.04726 8.02082 13.1049 25.9824 6.98471 7.06022 53.1554
3317336 5.25224 8.67699 11.8159 28.4427 9.25092 7.28836 54.1878
3317339 5.25224 8.67699 11.8159 28.4427 9.25092 7.28836 54.1878
3317349 4.4403 9.26409 10.9753 30.8547 11.1207 7.59681 55.5344
3317359 3.79751 9.76486 10.4335 32.6782 12.4449 7.82086 56.6741
3317378 3.79751 9.76486 10.4335 32.6782 12.4449 7.82086 56.6741
3317380 3.18856 10.162 10.0038 33.7491 13.4487 7.98613 57.1036
3317389 2.60498 10.421 9.68626 34 14.1635 8.10943 56.7123
3317407 2.60498 10.421 9.68626 34 14.1635 8.10943 56.7123
3317422 2.10597 10.5592 9.28462 34 14.8207 8.20901 55.9498
3317425 2.10597 10.5592 9.28462 34 14.8207 8.20901 55.9498
3317434 1.7 10.6023 9.01374 33.6334 15.2513 8.28346 54.9494
3317446 1.37861 10.6196 8.78022 33.1799 15.5864 8.32918 53.9583
3317452 1.37861 10.6196 8.78022 33.1799 15.5864 8.32918 53.9583
3317460 1.18408 10.611 8.59341 32.7264 15.7959 8.338 53.1149
3317477 1.20945 10.6196 8.57473 32.5914 15.7688 8.3037 52.9952
3317481 1.20945 10.6196 8.57473 32.5914 15.7688 8.3037 52.9952
3317493 1.3194 10.6369 8.62143 32.6589 15.6635 8.26238 53.2366
3317501 1.3194 10.6369 8.62143 32.6589 15.6635 8.26238 53.2366
3317518 1.27711 10.5764 8.61209 32.8808 15.7312 8.33402 53.3465
3317521 1.29403 10.5851 8.67747 32.9773 15.6867 8.34304 53.5339
3317531 1.29403 10.5851 8.67747 32.9773 15.6867 8.34304 53.5339
3317546 1.3194 10.68 8.69615 33.1992 15.7082 8.32063 53.8948
3317552 1.34478 10.7146 8.63077 33.2281 15.7494 8.2902 53.9183
3317564 1.34478 10.7146 8.63077 33.2281 15.7494 8.2902 53.9183
3317572 1.36169 10.8182 8.62143 33.0834 15.7366 8.21893 53.8847
3317589 1.35323 10.9132 8.61209 33.0545 15.7614 8.17687 53.933
3317594 1.35323 10.9132 8.61209 33.0545 15.7614 8.17687 53.933
3317604 1.37861 10.9736 8.60275 33.0159 15.753 8.13396 53.9708
3317630 1.41244 10.9304 8.56538 32.9194 15.7317 8.1209 53.8277
3317641 1.4209 10.9391 8.57473 32.8229 15.7031 8.1024 53.7576
3317644 1.4209 10.9391 8.57473 32.8229 15.7031 8.1024 53.7576
3317654 1.37861 10.965 8.44396 32.5624 15.7942 8.05891 53.35
3317669 1.42935 11.0858 8.5 32.5335 15.7287 7.98852 53.5487
3317675 1.42935 11.0858 8.5 32.5335 15.7287 7.98852 53.5487
3317690 1.45473 11.224 8.4533 32.4081 15.7471 7.89577 53.5401
3317695 1.45473 11.224 8.4533 32.4081 15.7471 7.89577 53.5401
3317705 1.4209 11.2671 8.37857 32.4756 15.8488 7.89082 53.5422
3317716 1.49701 11.2499 8.4533 32.4467 15.7261 7.87178 53.6468
3317740 1.49701 11.2499 8.4533 32.4467 15.7261 7.87178 53.6468
3317742 1.46318 11.1635 8.48132 32.437 15.7139 7.92555 53.545
3317746 1.46318 11.0427 8.49066 32.4563 15.6891 7.98118 53.4528
3317765 1.46318 11.0427 8.49066 32.4563 15.6891 7.98118 53.4528
3317767 1.38706 10.9045 8.43462 32.3309 15.7442 8.04998 53.0571
3317776 1.38706 10.9045 8.43462 32.3309 15.7442 8.04998 53.0571
3317789 1.31095 10.8009 8.51868 32.3984 15.7318 8.14797 53.029
3317801 1.47164 10.6628 8.92967 32.5817 15.3056 8.21415 53.6458
3317814 1.47164 10.6628 8.92967 32.5817 15.3056 8.21415 53.6458
3317818 1.98756 10.6887 9.17253 32.4563 14.7246 7.99721 54.3051
3317826 2.46119 10.5678 9.48077 31.9257 14.0311 7.81957 54.4354
3317841 2.46119 10.5678 9.48077 31.9257 14.0311 7.81957 54.4354
3317849 3.07861 10.3692 9.92912 31.2792 13.1004 7.61868 54.6562
3317863 3.07861 10.3692 9.92912 31.2792 13.1004 7.61868 54.6562
3317867 3.83134 10.1534 11.2088 30.4784 11.4922 7.46404 55.6719
3317877 4.64328 9.96343 13.9643 29.5715 8.99831 7.46332 58.1425
3317887 4.64328 9.96343 13.9643 29.5715 8.99831 7.46332 58.1425
3317897 5.36219 9.57491 16.6451 28.0471 6.5466 7.48501 59.6293
3317912 5.81891 8.94464 17.475 25.2781 4.75028 7.29951 57.5167
3317935 5.9796 8.21077 17.8086 22.1907 3.051 7.14405 54.1896
3317939 5.9796 8.21077 17.8086 22.1907 3.051 7.14405 54.1896
3317949 6.34328 7.5805 18.9203 19.4989 0.867236 7.01968 52.343
3317964 6.76617 6.92433 20.7093 17.2219 -1.61231 7.04375 51.6217
3317970 6.76617 6.92433 20.7093 17.2219 -1.61231 7.04375 51.6217
3317984 7.40896 6.31996 23.1754 15.4667 -4.19969 7.13558 52.371
3317990 8.02637 5.81056 25.8841 13.8621 -6.64285 7.253 53.5831
3318000 8.02637 5.81056 25.8841 13.8621 -6.64285 7.253 53.5831
3318017 8.79602 5.17166 28.3502 12.4625 -8.90466 7.35072 54.7804
3318031 8.79602 5.17166 28.3502 12.4625 -8.90466 7.35072 54.7804
3318035 9.41343 4.53276 30.2705 10.9827 -10.946 7.42047 55.1994
3318041 10.09 3.91976 31.9786 9.65443 -12.8024 7.44657 55.6428
3318055 10.09 3.91976 31.9786 9.65443 -12.8024 7.44657 55.6428
3318061 10.7159 3.34992 33.4239 8.73623 -14.2522 7.49501 56.226
3318071 11.1303 2.71102 34 8.08547 -15.3477 7.57528 55.9268
3318106 11.4264 2.18436 34 7.63083 -16.1161 7.60843 55.2416
3318107 11.4264 2.18436 34 7.63083 -16.1161 7.60843 55.2416
3318119 11.5871 1.7095 34 7.24751 -16.7892 7.68671 54.5441
3318131 11.7139 1.45912 34 7.04248 -17.1594 7.71073 54.2155
3318146 11.8746 1.33824 34 7.21185 -17.145 7.7168 54.4247
3318157 11.9846 1.29507 34 7.14053 -17.2496 7.67938 54.4202
3318164 11.9846 1.29507 34 7.14053 -17.2496 7.67938 54.4202
3318182 12.1453 1.41595 34 7.06922 -17.234 7.55293 54.6304
3318208 12.196 1.45912 33.808 6.92659 -17.2911 7.46817 54.3897
3318210 12.1537 1.48502 33.06 6.70372 -17.333 7.33814 53.4025
3318216 12.1537 1.48502 33.06 6.70372 -17.333 7.33814 53.4025
3318225 12.1706 1.46775 32.4536 6.62349 -17.3256 7.23849 52.7155
3318237 12.306 1.55409 32.2515 6.52543 -17.3252 7.10058 52.637
3318244 12.306 1.55409 32.2515 6.52543 -17.3252 7.10058 52.637
3318263 12.3905 1.54545 32.1605 6.55218 -17.3098 7.05906 52.6487
3318266 12.3905 1.54545 32.1605 6.55218 -17.3098 7.05906 52.6487
3318275 12.4413 1.51955 32.2515 6.52543 -17.3727 7.05834 52.7378
3318289 12.6358 1.59726 32.201 6.57001 -17.2956 6.94416 53.004
3318295 12.6358 1.59726 32.201 6.57001 -17.2956 6.94416 53.004
3318305 12.7796 1.64043 32.2111 6.55218 -17.2978 6.86585 53.1833
3318320 12.8473 1.66633 32.2515 6.57892 -17.2716 6.83774 53.344
3318327 12.8473 1.66633 32.2515 6.57892 -17.2716 6.83774 53.344
3318341 12.8726 1.64906 32.4031 6.59675 -17.2967 6.86027 53.5215
3318346 12.7881 1.64906 32.585 6.62349 -17.2896 6.9264 53.6456
3318369 12.7881 1.64906 32.585 6.62349 -17.2896 6.9264 53.6456
3318372 12.7204 1.65769 32.7063 6.70372 -17.2274 6.9807 53.7881
3318377 12.7204 1.65769 32.7063 6.70372 -17.2274 6.9807 53.7881
3318393 12.5851 1.57999 32.7265 6.75721 -17.2298 7.079 53.6488
3318397 12.5259 1.62316 32.6254 6.73047 -17.1936 7.0667 53.5049
3318408 12.5259 1.62316 32.6254 6.73047 -17.1936 7.0667 53.5049
3318419 12.5174 1.58862 32.5042 6.65915 -17.2584 7.05582 53.2693
3318432 12.306 1.57999 32.1302 6.60566 -17.2222 7.08354 52.6218
3318444 12.306 1.57999 32.1302 6.60566 -17.2222 7.08354 52.6218
3318449 12.0607 1.66633 31.8068 6.91767 -16.8172 7.14873 52.4515
3318459 12.0607 1.66633 31.8068 6.91767 -16.8172 7.14873 52.4515
3318478 11.9085 2.30523 31.3014 7.62192 -15.6589 6.97526 53.137
3318479 11.6378 3.14271 31.17 10.742 -12.7544 7.17859 56.6926
3318499 11.6378 3.14271 31.17 10.742 -12.7544 7.17859 56.6926
3318501 11.3249 4.52412 30.8769 15.7965 -8.74931 7.39521 62.5225
3318510 10.699 5.58608 28.1379 18.3797 -5.9198 7.22083 62.8027
3318525 10.699 5.58608 28.1379 18.3797 -5.9198 7.22083 62.8027
3318530 9.8194 6.36313 23.418 18.2928 -3.70568 6.6143 57.8933
3318540 9.8194 6.36313 23.418 18.2928 -3.70568 6.6143 57.8933
3318554 8.70298 7.01067 19.0618 18.9875 -0.821492 6.23171 53.763
3318560 7.62886 7.70137 15.9165 20.7628 2.36438 6.15725 52.0095
3318586 6.70696 8.38344 13.7121 22.6056 5.14022 6.19375 51.4081
3318591 5.89502 9.06552 12.0588 24.8053 7.67831 6.33972 51.8247
3318604 5.89502 9.06552 12.0588 24.8053 7.67831 6.33972 51.8247
3318620 5.13383 9.79076 10.8445 27.0244 9.86714 6.51908 52.7935
3318634 4.55871 10.5505 10.0879 29.0119 11.4906 6.63835 54.2091
3318642 4.15274 11.2067 9.76099 30.8933 12.5801 6.77375 56.0137
3318658 4.15274 11.2067 9.76099 30.8933 12.5801 6.77375 56.0137
3318670 3.73831 11.7247 9.46209 32.08 13.4218 6.86229 57.0052
3318674 3.38308 12.0874 9.24725 32.5142 13.9656 6.89065 57.2319
3318684 3.38308 12.0874 9.24725 32.5142 13.9656 6.89065 57.2319
3318695 2.91791 12.2514 8.92033 32.3309 14.5089 6.93415 56.4205
3318717 2.50348 12.2687 8.71484 31.9353 14.8792 7.00386 55.4223
3318723 2.04677 12.2082 8.30385 31.3275 15.3959 7.06385 53.8863
3318733 2.04677 12.2082 8.30385 31.3275 15.3959 7.06385 53.8863
3318743 1.77612 12.1823 8.00494 30.7872 15.729 7.06163 52.7506
3318752 1.7 12.1564 7.96758 30.6617 15.7903 7.07989 52.4858
3318771 1.7 12.1564 7.96758 30.6617 15.7903 7.07989 52.4858
3318773 1.85224 12.2687 8.04231 30.7196 15.6448 6.98933 52.8829
3318787 1.85224 12.2687 8.04231 30.7196 15.6448 6.98933 52.8829
3318800 1.8607 12.3982 7.9956 30.7872 15.7089 6.93528 53.0416
3318804 1.85224 12.4672 7.97692 30.6425 15.7165 6.88527 52.9389
3318831 1.89453 12.5277 7.96758 30.6328 15.7001 6.83997 53.0226
3318840 1.91144 12.5795 7.93956 30.6328 15.7177 6.80737 53.0633
3318855 1.91144 12.5795 7.93956 30.6328 15.7177 6.80737 53.0633
3318860 1.90299 12.6227 7.9489 30.5942 15.7178 6.78859 53.0687
3318882 1.89453 12.6831 7.87418 30.5653 15.7872 6.75117 53.0171
3318890 1.93682 12.709 7.93956 30.4881 15.6956 6.72139 53.0734
3318896 1.93682 12.709 7.93956 30.4881 15.6956 6.72139 53.0734
3318910 1.95373 12.6745 7.93022 30.5653 15.6972 6.73917 53.1237
3318916 1.86915 12.6313 7.93022 30.6232 15.7647 6.80053 53.0538
3318926 1.86915 12.6313 7.93022 30.6232 15.7647 6.80053 53.0538
3318941 1.89453 12.5018 7.9489 30.6135 15.7065 6.8448 52.9587
3318947 1.90299 12.5018 7.97692 30.6135 15.6785 6.84562 52.9952
3318967 1.90299 12.5018 7.97692 30.6135 15.6785 6.84562 52.9952
3318970 1.85224 12.5018 8.01429 30.5846 15.6837 6.86785 52.9529
3318983 1.85224 12.5018 8.01429 30.5846 15.6837 6.86785 52.9529
3318995 1.93682 12.5708 7.93956 30.4881 15.6713 6.77808 52.9353
3318999 1.89453 12.5708 7.95824 30.4012 15.6741 6.78491 52.8249
3319009 1.89453 12.5708 7.95824 30.4012 15.6741 6.78491 52.8249
3319022 1.85224 12.45 7.87418 30.3144 15.7351 6.82587 52.4908
3319029 2.18209 12.3377 8.38791 30.1986 15.0483 6.79769 53.1064
3319055 2.5204 12.1133 8.67747 29.8031 14.4587 6.73461 53.1142
3319060 2.5204 12.1133 8.67747 29.8031 14.4587 6.73461 53.1142
3319078 3.24776 11.837 8.92033 28.9058 13.5013 6.44709 52.9109
3319083 4.22886 11.5348 9.72363 28.1146 11.9851 6.17738 53.6019
3319091 4.22886 11.5348 9.72363 28.1146 11.9851 6.17738 53.6019
3319107 5.19303 11.2585 12.2549 27.7673 9.55215 6.26062 56.4738
3319111 6.25871 10.87 16.1126 26.8025 6.37082 6.44191 60.0438
3319121 6.25871 10.87 16.1126 26.8025 6.37082 6.44191 60.0438
3319137 7.14677 10.1534 18.5363 24.3036 3.64731 6.37007 60.14
3319146 7.65423 9.14322 19.0922 20.3093 1.20382 6.03321 56.1989
3319153 7.65423 9.14322 19.0922 20.3093 1.20382 6.03321 56.1989
3319167 8.21244 8.1158 20.5476 16.6167 -1.88229 5.84269 53.4925
3319195 8.92289 7.18334 22.569 13.8888 -4.95571 5.80765 52.564
3319198 9.66716 6.5099 24.8734 11.8028 -7.67587 5.81775 52.8533
3319206 9.66716 6.5099 24.8734 11.8028 -7.67587 5.81775 52.8533
3319225 10.5129 5.87963 27.0059 10.0199 -10.1179 5.79387 53.4184
3319226 11.1896 5.22346 28.9364 8.86995 -12.0033 5.91855 54.2194
3319254 11.7816 4.56729 30.5636 8.13005 -13.4659 6.08932 55.0425
3319255 11.7816 4.56729 30.5636 8.13005 -13.4659 6.08932 55.0425
3319265 12.399 3.91112 31.7765 7.66649 -14.6171 6.22373 55.7531
3319284 12.8219 3.29812 32.5042 7.29208 -15.5303 6.35134 55.9163
3319285 12.8219 3.29812 32.5042 7.29208 -15.5303 6.35134 55.9163
3319314 13.101 2.75419 32.7568 6.98007 -16.2449 6.44383 55.5921
3319316 13.2701 2.18436 32.8377 6.82853 -16.8244 6.58873 55.1207
3319318 13.2701 2.18436 32.8377 6.82853 -16.8244 6.58873 55.1207
3319326 13.4731 1.90808 33.0095 6.73047 -17.164 6.6287 55.1212
3319341 13.4731 1.90808 32.8781 6.73047 -17.1453 6.60869 54.9898
3319346 13.5831 1.64043 32.8781 6.58783 -17.4773 6.64912 54.6895
3319370 13.5662 1.50229 32.8579 6.49869 -17.6495 6.69401 54.425
3319371 13.5662 1.50229 32.8579 6.49869 -17.6495 6.69401 54.425
3319377 13.6 1.52819 32.7973 6.59675 -17.549 6.67595 54.5222
3319399 13.6507 1.66633 32.4738 6.56109 -17.4314 6.54563 54.352
3319400 13.6507 1.66633 32.4738 6.56109 -17.4314 6.54563 54.352
3319407 13.6169 1.67496 32.0595 6.40063 -17.4881 6.46531 53.752
3319428 13.4816 1.70086 31.736 6.34714 -17.4454 6.44901 53.2656
3319447 13.4308 1.65769 31.6451 6.36497 -17.4455 6.47517 53.0986
3319461 13.4308 1.65769 31.6451 6.36497 -17.4455 6.47517 53.0986
3319463 13.3378 1.64906 31.6653 6.33823 -17.4635 6.51533 52.9904
3319469 13.2871 1.63179 31.6552 6.41846 -17.4043 6.55417 52.9925
3319490 13.2871 1.63179 31.6552 6.41846 -17.4043 6.55417 52.9925
3319492 13.2109 1.65769 31.7562 6.41846 -17.3872 6.59067 53.0433
3319500 13.3209 1.63179 31.9584 6.4452 -17.4311 6.59273 53.3563
3319521 13.3209 1.63179 31.9584 6.4452 -17.4311 6.59273 53.3563
3319525 13.4985 1.6836 32.0089 6.42737 -17.4364 6.50547 53.6184
3319530 13.4985 1.6836 32.0089 6.42737 -17.4364 6.50547 53.6184
3319551 13.507 1.64043 31.9483 6.45412 -17.442 6.51403 53.5498
3319553 13.5577 1.69223 32.11 6.48977 -17.4029 6.50416 53.8497
3319582 13.5577 1.69223 32.11 6.48977 -17.4029 6.50416 53.8497
3319583 13.4308 1.66633 32.0291 6.48086 -17.401 6.55122 53.6072
3319585 13.3378 1.63179 31.7562 6.45412 -17.3976 6.55531 53.18
3319612 13.2194 1.64906 31.5541 6.45412 -17.3377 6.56426 52.8767
3319613 13.2194 1.64906 31.5541 6.45412 -17.3377 6.56426 52.8767
3319621 13.2194 1.67496 31.3722 6.34714 -17.3764 6.50733 52.6137
3319643 13.2279 1.7095 31.1195 6.34714 -17.313 6.44873 52.404
3319644 13.2279 1.7095 31.1195 6.34714 -17.313 6.44873 52.404
3319656 13.2025 1.67496 30.9174 6.31148 -17.3364 6.43436 52.1063
3319673 13.1095 2.06348 30.5737 6.73047 -16.6212 6.32597 52.4771
3319675 13.1095 2.06348 30.5737 6.73047 -16.6212 6.32597 52.4771
3319683 12.9657 2.57288 30.2604 7.54169 -15.5189 6.26076 53.3406
3319705 12.9657 2.57288 30.2604 7.54169 -15.5189 6.26076 53.3406
3319707 12.695 3.72981 30.2301 11.1342 -12.1394 6.4734 57.7892
3319712 12.3398 5.30117 29.8561 16.0372 -8.20719 6.67019 63.5343
3319739 11.6632 6.31996 26.9756 17.357 -6.00244 6.34257 62.3158
3319744 10.7075 6.87252 22.4578 16.8752 -4.13681 5.73323 56.913
3319762 10.7075 6.87252 22.4578 16.8752 -4.13681 5.73323 56.913
3319764 9.62488 7.30422 18.4958 17.5499 -1.54156 5.41295 52.9749
3319779 9.62488 7.30422 18.4958 17.5499 -1.54156 5.41295 52.9749
3319794 8.65224 7.95175 15.5522 19.2384 1.45233 5.30793 51.3946
3319797 7.85721 8.84967 13.5253 21.3995 4.29326 5.29266 51.6317
3319805 7.85721 8.84967 13.5253 21.3995 4.29326 5.29266 51.6317
3319823 7.00299 9.71305 11.9187 23.4546 6.83728 5.37267 52.0893
3319826 6.25871 10.5505 10.8912 25.5289 8.89056 5.52634 53.2294
3319836 6.25871 10.5505 10.8912 25.5289 8.89056 5.52634 53.2294
3319854 5.47214 11.2499 10.4335 27.6998 10.5022 5.85484 54.8553
3319856 4.77861 11.7161 10.1907 29.6294 11.7093 6.21294 56.3148
3319866 4.77861 11.7161 10.1907 29.6294 11.7093 6.21294 56.3148
3319885 4.2204 12.0787 10.0599 30.8258 12.5139 6.44924 57.1848
3319894 4.2204 12.0787 10.0599 30.8258 12.5139 6.44924 57.1848
3319902 3.60299 12.1996 9.83571 31.2696 13.1926 6.66939 56.9079
3319917 3.02786 12.1305 9.55549 31.3564 13.7789 6.88962 56.0703
3319919 3.02786 12.1305 9.55549 31.3564 13.7789 6.88962 56.0703
3319927 2.60498 11.906 9.45275 31.3178 14.0943 7.12522 55.2816
3319948 2.26667 11.7593 9.22857 30.9415 14.3948 7.236 54.1961
3319950 2.26667 11.7593 9.22857 30.9415 14.3948 7.236 54.1961
3319957 1.97065 11.5089 9.0044 30.7582 14.6933 7.40478 53.2422
3319979 1.97065 11.5089 9.0044 30.7582 14.6933 7.40478 53.2422
3319985 1.79303 11.3707 8.92033 30.6328 14.8388 7.50879 52.7169
3319994 1.82687 11.2585 9.02308 30.681 14.7234 7.56365 52.7895
3320010 1.82687 11.2585 9.02308 30.681 14.7234 7.56365 52.7895
3320014 1.9199 11.224 9.07912 30.8065 14.6293 7.56421 53.0295
3320021 1.87761 11.0945 9.03242 30.8451 14.6782 7.63641 52.8496
3320041 1.87761 11.0945 9.03242 30.8451 14.6782 7.63641 52.8496
3320042 1.81841 11.0427 9.02308 30.8933 14.7291 7.68945 52.7775
3320055 1.81841 11.0427 9.02308 30.8933 14.7291 7.68945 52.7775
3320072 1.83532 11.0427 8.99506 30.9319 14.7449 7.68365 52.8049
3320072 1.78458 11.0168 8.98571 30.9898 14.7964 7.72332 52.7768
3320085 1.78458 11.0168 8.98571 30.9898 14.7964 7.72332 52.7768
3320099 1.76766 10.9995 8.97637 31.0187 14.8184 7.74075 52.7623
3320102 1.79303 10.9909 9.03242 31.1827 14.7871 7.76371 52.9991
3320111 1.79303 10.9909 9.03242 31.1827 14.7871 7.76371 52.9991
3320128 1.75075 10.9995 9.06044 31.2503 14.8125 7.79118 53.061
3320160 1.7592 10.9391 9.0511 31.3178 14.8145 7.8214 53.0672
3320162 1.7592 10.8873 9.08846 31.2985 14.7728 7.84614 53.0334
3320164 1.7592 10.8873 9.08846 31.2985 14.7728 7.84614 53.0334
3320172 1.80995 10.87 9.11648 31.3854 14.7273 7.84721 53.1818
3320192 1.75075 10.8354 9.21923 31.4336 14.6974 7.90772 53.239
3320209 1.75075 10.8095 9.15385 31.424 14.7394 7.90887 53.1381
3320224 1.7592 10.8873 9.18187 31.3275 14.7085 7.86261 53.1558
3320226 1.7592 10.8873 9.18187 31.3275 14.7085 7.86261 53.1558
3320234 1.73383 10.8786 9.03242 31.1249 14.7988 7.82972 52.7697
3320254 1.73383 10.8786 9.03242 31.1249 14.7988 7.82972 52.7697
3320256 1.71692 10.8009 9.11648 30.71 14.6518 7.82568 52.3443
3320265 2.22438 10.68 9.26593 30.1793 14.0254 7.60487 52.3497
3320285 2.22438 10.68 9.26593 30.1793 14.0254 7.60487 52.3497
3320286 2.54577 10.5505 9.52747 29.861 13.4983 7.51422 52.4847
3320316 3.19701 10.4987 9.92912 29.4557 12.6357 7.25946 53.0806
3320322 4.10199 10.4728 11.3115 28.8672 10.9246 7.01431 54.7536
3320331 4.10199 10.4728 11.3115 28.8672 10.9246 7.01431 54.7536
3320348 5.28607 10.3088 15.1412 28.5006 7.7579 7.10209 59.2366
3320350 6.39403 9.89436 19.4156 27.3621 4.53764 7.25175 63.0661
3320357 6.39403 9.89436 19.4156 27.3621 4.53764 7.25175 63.0661
3320384 7.04527 9.18639 19.9411 23.9081 2.54159 6.89509 60.0809
3320384 7.33284 8.09853 19.7087 19.9909 0.475204 6.60289 55.131
3320420 7.74726 7.19198 20.2241 17.0386 -1.79152 6.41456 52.202
3320421 7.74726 7.19198 20.2241 17.0386 -1.79152 6.41456 52.202
3320422 8.20398 6.49264 21.4673 14.9497 -4.02485 6.37414 51.1136
3320428 8.77065 5.97461 23.2461 13.2381 -6.24841 6.36517 51.2295
3320461 9.38806 5.73286 25.1766 11.8831 -8.12022 6.30658 52.1806
3320463 10.0393 5.56018 27.2081 10.7331 -9.78421 6.25927 53.5407
3320469 10.0393 5.56018 27.2081 10.7331 -9.78421 6.25927 53.5407
3320500 10.7328 5.37887 29.0273 9.77923 -11.1994 6.19872 54.9183
3320502 10.7328 5.37887 29.0273 9.77923 -11.1994 6.19872 54.9183
3320504 11.2234 5.13713 30.7152 9.09282 -12.3328 6.26174 56.1685
3320514 11.7478 4.92128 31.9988 8.70058 -13.1277 6.28316 57.3684
3320533 12.1453 4.62773 32.5547 8.29942 -13.7838 6.26817 57.6271
3320540 12.3821 4.23921 32.5648 8.02307 -14.2829 6.28393 57.2092
3320562 12.3821 4.23921 32.5648 8.02307 -14.2829 6.28393 57.2092
3320564 12.4667 3.82478 32.3121 7.73781 -14.7388 6.32532 56.3414
3320570 12.4667 3.82478 32.3121 7.73781 -14.7388 6.32532 56.3414
3320596 12.3229 3.28085 31.9988 7.55952 -15.1741 6.51388 55.1621
3320598 12.103 2.70239 31.6249 7.31883 -15.6778 6.73639 53.749
3320601 12.103 2.70239 31.6249 7.31883 -15.6778 6.73639 53.749
3320611 11.9254 2.12392 31.5945 7.15836 -16.2103 7.01778 52.8022
3320632 11.7308 1.7872 31.8068 7.09596 -16.5271 7.26373 52.4208
3320633 11.7308 1.7872 31.8068 7.09596 -16.5271 7.26373 52.4208
3320646 11.7224 1.6836 32.0089 7.15836 -16.5908 7.35011 52.5733
3320668 11.7224 1.6836 32.0089 7.15836 -16.5908 7.35011 52.5733
3320670 11.79 1.77857 32.2616 7.22968 -16.5112 7.32832 53.0599
3320681 11.7224 1.85627 32.5042 7.3634 -16.3748 7.37813 53.4462
3320682 11.7224 1.85627 32.5042 7.3634 -16.3748 7.37813 53.4462
3320699 11.6632 1.83037 32.6962 7.38123 -16.4024 7.44354 53.571
3320711 11.6463 1.839 32.8781 7.46146 -16.3604 7.4838 53.8249
3320714 11.6463 1.839 32.8781 7.46146 -16.3604 7.4838 53.8249
3320734 11.6463 1.82174 32.9691 7.47929 -16.3746 7.50617 53.9164
3320735 11.6463 1.82174 32.9691 7.47929 -16.3746 7.50617 53.9164
3320747 11.5617 1.77857 33.0196 7.53277 -16.3612 7.57398 53.8927
3320773 11.4771 1.76993 33.0398 7.46146 -16.4124 7.60607 53.7483
3320775 11.4771 1.76993 33.0398 7.46146 -16.4124 7.60607 53.7483
3320776 11.3587 1.77857 33.0702 7.51495 -16.3504 7.6638 53.7224
3320786 11.2826 1.72676 33.0095 7.58626 -16.3133 7.71934 53.6051
3320808 11.2826 1.72676 33.0095 7.58626 -16.3133 7.71934 53.6051
3320809 11.1896 1.76993 33.0904 7.60409 -16.2644 7.75385 53.6539
3320815 11.1219 1.71813 32.9388 7.56843 -16.2961 7.77937 53.3472
3320845 11.1219 1.71813 32.9388 7.56843 -16.2961 7.77937 53.3472
3320847 11.0881 1.72676 32.6962 7.57735 -16.2371 7.7584 53.0884
3320850 11.0881 1.72676 32.6962 7.57735 -16.2371 7.7584 53.0884
3320856 10.995 1.72676 32.585 7.5506 -16.2242 7.77956 52.8574
3320879 10.9866 1.74403 32.7164 7.52386 -16.2519 7.79004 52.9709
3320882 10.9866 1.74403 32.7164 7.52386 -16.2519 7.79004 52.9709
3320890 10.9612 1.77857 32.6457 7.73781 -16.0431 7.80554 53.1232
3320911 10.8682 2.21026 32.4031 7.95176 -15.4909 7.65715 53.4333
3320914 10.8682 2.21026 32.4031 7.95176 -15.4909 7.65715 53.4333
3320917 10.8512 2.66785 31.9685 8.70058 -14.5102 7.51547 54.1882
3320927 10.8512 2.66785 31.9685 8.70058 -14.5102 7.51547 54.1882
3320945 10.7836 3.58304 31.3722 11.4106 -11.8821 7.45839 57.1494
3320948 10.5637 4.96445 30.5434 16.0818 -8.06909 7.50492 62.1533
3320962 10.5637 4.96445 30.5434 16.0818 -8.06909 7.50492 62.1533
3320983 9.88706 5.9228 27.6326 18.4858 -5.29283 7.3412 61.9283
3320984 8.89751 6.57034 23.1451 18.5533 -3.02578 6.8827 57.1663
3320989 8.89751 6.57034 23.1451 18.5533 -3.02578 6.8827 57.1663
3320999 7.78109 7.19198 18.8193 19.4024 -0.00281781 6.5557 53.1947
3321019 7.78109 7.19198 18.8193 19.4024 -0.00281781 6.5557 53.1947
3321021 6.8 7.96902 15.6643 21.2066 3.24909 6.41999 51.6399
3321056 6.15721 8.7547 13.4319 23.0687 5.94909 6.29866 51.4125
3321058 6.15721 8.7547 13.4319 23.0687 5.94909 6.29866 51.4125
3321060 5.66667 9.57491 11.7692 25.0079 8.24076 6.20995 52.0188
3321061 5.28607 10.421 10.5456 26.8893 10.1044 6.13296 53.142
3321086 5.28607 10.421 10.5456 26.8893 10.1044 6.13296 53.142
3321087 4.91393 11.1376 9.77967 28.7032 11.5281 6.16985 54.5344
3321090 4.91393 11.1376 9.77967 28.7032 11.5281 6.16985 54.5344
3321102 4.55025 11.6902 9.50879 30.3048 12.4594 6.30814 56.054
3321117 4.16965 12.0701 9.24725 31.3661 13.2004 6.43068 56.8531
3321121 4.16965 12.0701 9.24725 31.3661 13.2004 6.43068 56.8531
3321131 3.72985 12.2687 8.93901 31.6652 13.809 6.52062 56.6027
3321149 3.2393 12.4327 8.57473 31.5011 14.4041 6.56631 55.7479
3321156 3.2393 12.4327 8.57473 31.5011 14.4041 6.56631 55.7479
3321185 2.84179 12.519 8.31319 31.1538 14.8273 6.59505 54.8278
3321186 2.51194 12.5363 8.22912 30.9512 15.0965 6.6751 54.2286
3321187 2.51194 12.5363 8.22912 30.9512 15.0965 6.6751 54.2286
3321194 2.19055 12.5622 8.02363 30.7775 15.4637 6.73575 53.5539
3321217 2.19055 12.5622 8.02363 30.7775 15.4637 6.73575 53.5539
3321218 1.91144 12.5708 7.89286 30.8547 15.7906 6.83788 53.2299
3321231 1.82687 12.6486 7.80879 31.0573 15.968 6.85883 53.3415
3321254 1.82687 12.6486 7.80879 31.0573 15.968 6.85883 53.3415
3321255 1.71692 12.7522 7.93022 31.2503 16.0091 6.90912 53.6496
3321256 1.85224 12.8817 7.92088 31.3371 15.9495 6.81327 53.9919
3321290 1.85224 12.8989 7.82747 31.0091 15.9683 6.74186 53.5877
3321292 1.85224 12.8989 7.82747 31.0091 15.9683 6.74186 53.5877
3321295 1.83532 12.8644 7.73407 30.71 15.9967 6.70191 53.1438
3321305 1.81841 12.9076 7.71538 30.5267 16.0004 6.65951 52.968
3321324 1.81841 12.9076 7.71538 30.5267 16.0004 6.65951 52.968
3321325 1.86915 12.9162 7.59396 30.4495 16.0436 6.60381 52.8288
3321341 1.80995 12.8903 7.53791 30.4205 16.1241 6.62517 52.6587
3321359 1.80995 12.8903 7.53791 30.4205 16.1241 6.62517 52.6587
3321360 1.8607 12.9335 7.54725 30.4977 16.0976 6.60045 52.8391
3321394 1.85224 12.968 7.59396 30.4881 16.072 6.59569 52.9023
3321394 1.88607 12.9853 7.56593 30.3048 16.0394 6.54109 52.742
3321405 1.88607 12.9853 7.56593 30.3048 16.0394 6.54109 52.742
3321429 1.82687 12.8989 7.6033 30.3627 16.0516 6.61588 52.6917
3321431 1.88607 12.8471 7.62198 30.517 16.0085 6.6403 52.8722
3321433 1.88607 12.8471 7.62198 30.517 16.0085 6.6403 52.8722
3321442 1.84378 12.9162 7.65934 30.7293 16.0599 6.66865 53.1486
3321464 1.84378 12.9162 7.65934 30.7293 16.0599 6.66865 53.1486
3321464 1.89453 12.9162 7.68736 30.7775 16.0072 6.65994 53.2756
3321467 1.85224 12.9335 7.65 30.4784 16.0211 6.61715 52.9141
3321499 1.85224 12.9335 7.65 30.4784 16.0211 6.61715 52.9141
3321500 1.8607 12.8385 7.61264 30.1986 15.9796 6.60213 52.5105
3321501 2.19055 12.8212 7.89286 30.0732 15.4834 6.49921 52.9778
3321509 2.19055 12.8212 7.89286 30.0732 15.4834 6.49921 52.9778
3321533 2.35124 12.6399 7.87418 29.5715 15.2498 6.42331 52.4368
3321534 2.82488 12.6399 8.09835 29.0312 14.6156 6.17883 52.5944
3321539 2.82488 12.4241 8.09835 29.0312 14.5728 6.2661 52.3785
3321566 3.40846 12.1823 9.16319 28.6549 13.2308 6.24259 53.4089
3321567 3.40846 12.1823 9.16319 28.6549 13.2308 6.24259 53.4089
3321570 4.50796 12.0615 12.5912 28.7418 10.2345 6.41517 57.9024
3321580 5.79353 11.8629 16.4115 28.5102 7.25813 6.53551 62.5782
3321600 5.79353 11.8629 16.4115 28.5102 7.25813 6.53551 62.5782
3321601 6.54627 11.3189 16.9533 25.9149 5.6535 6.17526 60.7334
3321615 6.70696 10.3433 16.5423 22.3354 4.215 5.85416 55.928
3321637 6.70696 10.3433 16.5423 22.3354 4.215 5.85416 55.928
3321638 6.9607 9.4713 16.972 19.3734 2.32679 5.65964 52.7774
3321642 6.9607 9.4713 16.972 19.3734 2.32679 5.65964 52.7774
3321652 7.43433 8.69426 18.132 16.9198 0.0233084 5.54603 51.1803
3321671 8.02637 8.08126 19.6784 15.021 -2.2647 5.48892 50.807
3321672 8.02637 8.08126 19.6784 15.021 -2.2647 5.48892 50.807
3321681 8.7791 7.59777 21.6593 13.5233 -4.51776 5.4711 51.5595
3321706 9.58259 7.16607 23.7414 12.2575 -6.58819 5.47425 52.7475
3321707 9.58259 7.16607 23.7414 12.2575 -6.58819 5.47425 52.7475
3321712 10.3861 6.56171 25.7224 11.1164 -8.56641 5.5472 53.7865
3321722 10.3861 6.56171 25.7224 11.1164 -8.56641 5.5472 53.7865
3321747 11.2318 6.19909 27.4304 10.0734 -10.1893 5.48093 54.9348
3321749 11.993 5.8969 28.6534 9.36025 -11.354 5.39957 55.9036
3321754 11.993 5.8969 28.6534 9.36025 -11.354 5.39957 55.9036
3321776 12.602 5.56018 29.5933 8.97693 -12.188 5.39588 56.7324
3321778 13.008 5.19756 29.9976 8.64709 -12.8236 5.3929 56.8502
3321783 13.008 5.19756 29.9976 8.64709 -12.8236 5.3929 56.8502
3321813 13.1771 4.79177 29.9774 8.30834 -13.3564 5.41738 56.2546
3321821 13.194 4.32555 29.8561 8.26377 -13.6867 5.5537 55.6395
3321826 13.0925 3.79025 29.5933 8.00524 -14.1747 5.70355 54.4814
3321847 13.0925 3.79025 29.5933 8.00524 -14.1747 5.70355 54.4814
3321854 12.991 3.21178 29.3306 7.70215 -14.7494 5.86917 53.2355
3321855 13.008 2.67649 29.2295 7.4882 -15.3013 6.02072 52.4021
3321882 13.008 2.67649 29.2295 7.4882 -15.3013 6.02072 52.4021
3321883 13.1856 2.49518 29.2194 7.4258 -15.52 6.00976 52.3259
3321886 13.1856 2.49518 29.2194 7.4258 -15.52 6.00976 52.3259
3321896 13.2532 2.44337 29.3103 7.44363 -15.5749 6.02206 52.4506
3321916 13.4478 2.62468 29.3912 7.57735 -15.3829 5.90942 53.041
3321917 13.4478 2.62468 29.3912 7.57735 -15.3829 5.90942 53.041
3321926 13.3801 2.59015 29.4822 7.55952 -15.427 5.96227 53.0119
3321950 13.3801 2.58151 29.5933 7.59518 -15.4265 5.99065 53.1501
3321951 13.3801 2.58151 29.5933 7.59518 -15.4265 5.99065 53.1501
3321957 13.3294 2.62468 29.5933 7.58626 -15.3913 5.99213 53.1336
3321967 13.3547 2.62468 29.5125 7.53277 -15.422 5.95926 53.0247
3321990 13.3547 2.61605 29.5125 7.53277 -15.4285 5.96267 53.016
3321991 13.4562 2.63332 29.28 7.54169 -15.3848 5.87744 52.9112
