2237296 12.3736 3.51397 21.629 7.07813 -13.124 4.31202 44.5947
2237303 12.8388 3.66938 21.7402 7.06922 -13.1518 4.07167 45.3176
2237310 12.8388 3.66938 21.7402 7.06922 -13.1518 4.07167 45.3176
2237319 13.2363 3.80752 21.9929 7.14053 -13.1456 3.92712 46.1772
2237327 13.2363 3.80752 21.9929 7.14053 -13.1456 3.92712 46.1772
2237338 13.6254 3.88522 22.2556 7.20294 -13.1963 3.81569 46.9692
2237346 13.9129 3.93702 22.2961 7.19402 -13.2435 3.68825 47.3401
2237373 14.2343 3.98883 22.2455 7.13162 -13.3189 3.51489 47.6003
2237378 14.5642 4.1356 21.8413 6.97116 -13.3117 3.19265 47.5122
2237387 14.5642 4.1356 21.8413 6.97116 -13.3117 3.19265 47.5122
2237405 14.9617 4.1615 21.2955 6.56109 -13.5881 2.78845 46.9798
2237410 14.9617 4.1615 21.2955 6.56109 -13.5881 2.78845 46.9798
2237417 15.41 4.29964 20.6082 6.35606 -13.5849 2.3315 46.6739
2237428 15.8836 4.43779 20.2444 6.20451 -13.6228 1.96519 46.7702
2237460 17.0577 5.01625 18.9911 5.77661 -13.4794 0.862602 46.8417
2237469 17.0577 5.01625 18.9911 5.77661 -13.4794 0.862602 46.8417
2237478 17.8178 5.37887 18.2634 5.62507 -13.3148 0.220388 47.0851
2237506 18.4431 5.76739 17.566 5.64289 -12.9688 -0.316843 47.4194
2237510 19.1358 6.15592 17.0707 6.1956 -12.2817 -0.625661 48.5581
2237519 19.1358 6.15592 17.0707 6.1956 -12.2817 -0.625661 48.5581
2237529 19.7419 6.66531 16.4676 7.04248 -11.2695 -0.870598 49.9173
2237541 20.4635 7.23514 15.1879 7.39906 -10.4489 -1.52479 50.2856
2237554 20.4635 7.23514 15.1879 7.39906 -10.4489 -1.52479 50.2856
2237563 21.0311 7.66684 13.3665 7.45254 -9.73314 -2.38674 49.517
2237586 21.2524 8.07263 11.7599 7.7913 -8.77133 -2.99957 48.8762
2237590 20.8483 8.69426 10.8632 9.05716 -7.05584 -2.91802 49.4629
2237600 20.8483 8.69426 10.8632 9.05716 -7.05584 -2.91802 49.4629
2237614 19.8766 9.24683 10.611 10.4924 -5.34993 -2.39515 50.2268
2237627 18.0294 9.55764 10.5549 11.9455 -3.53445 -1.52333 50.0875
2237631 18.0294 9.55764 10.5549 11.9455 -3.53445 -1.52333 50.0875
2237649 15.1901 9.57491 10.256 13.5055 -1.21875 -0.310163 48.5265
2237657 15.1901 9.57491 10.256 13.5055 -1.21875 -0.310163 48.5265
2237667 11.8577 9.42814 10.3308 15.6182 1.5126 1.48085 47.2349
2237675 8.55075 9.3677 10.7044 18.2928 4.479 3.54214 46.9157
2237684 8.55075 9.3677 10.7044 18.2928 4.479 3.54214 46.9157
2237694 5.88657 9.50584 11.4049 20.9364 6.88756 5.32609 47.7338
2237701 4.66866 9.84256 12.1989 22.924 8.00808 6.22908 49.6341
2237714 4.66866 9.84256 12.1989 22.924 8.00808 6.22908 49.6341
2237730 4.23731 10.1793 12.6379 23.9756 8.46542 6.52465 51.0301
2237731 4.23731 10.1793 12.6379 23.9756 8.46542 6.52465 51.0301
2237741 4.04279 10.2915 12.722 24.0335 8.59284 6.58287 51.0898
2237761 4.10199 10.1447 12.4324 23.4932 8.52239 6.48132 50.1723
2237774 3.87363 9.75622 12.0588 22.6538 8.52129 6.54169 48.3424
2237783 3.6791 9.3418 11.517 21.8434 8.61825 6.57792 46.3813
2237792 3.6791 9.3418 11.517 21.8434 8.61825 6.57792 46.3813
2237805 3.48458 8.90147 11.0593 20.8785 8.59361 6.61669 44.3239
2237813 3.48458 8.90147 11.0593 20.8785 8.59361 6.61669 44.3239
2237828 3.25622 8.53885 10.639 20.2418 8.72003 6.70838 42.6759
2237834 3.19701 8.45251 10.5456 20.0874 8.74906 6.73451 42.2825
2237860 3.23085 8.51295 10.5923 20.2128 8.75617 6.71979 42.5489
2237865 3.31542 8.72016 10.7885 20.618 8.76703 6.68853 43.4421
2237890 3.47612 9.07415 11.0687 21.3127 8.81453 6.62043 44.9317
2237905 3.59453 9.45404 11.3676 21.9012 8.84828 6.54838 46.3174
2237920 3.72985 9.77349 11.517 22.3258 8.89849 6.44386 47.3461
2237927 3.72985 9.77349 11.517 22.3258 8.89849 6.44386 47.3461
2237936 3.79751 10.1016 11.517 22.4608 9.00635 6.29075 47.877
2237945 4.14428 10.2397 11.7973 22.4512 8.61019 6.12691 48.6324
2237955 4.14428 10.2397 11.7973 22.4512 8.61019 6.12691 48.6324
2237965 4.9393 10.4038 11.9187 22.2775 7.98523 5.70855 49.5393
2237980 4.9393 10.4038 11.9187 22.2775 7.98523 5.70855 49.5393
2237989 5.50597 10.3088 11.9747 21.6793 7.3316 5.40926 49.4688
2237996 5.71741 10.1102 11.956 20.9847 6.88019 5.26359 48.7683
2238010 5.71741 10.1102 11.956 20.9847 6.88019 5.26359 48.7683
2238025 6.28408 9.93753 11.9841 20.1549 6.11258 4.93709 48.3606
2238035 7.05373 9.83393 11.8159 18.9779 5.21278 4.3747 47.6815
2238044 7.05373 9.83393 11.8159 18.9779 5.21278 4.3747 47.6815
2238054 8.01791 9.81666 11.7599 17.6947 4.08843 3.68583 47.2891
2238071 8.88905 9.86846 11.7412 16.4116 3.01098 3.00424 46.9104
2238078 9.56567 9.86846 12.6192 15.3597 1.60466 2.70331 47.4131
2238087 9.56567 9.86846 12.6192 15.3597 1.60466 2.70331 47.4131
2238102 9.97164 9.73895 15.5242 14.7803 -0.488141 3.1772 50.0151
2238109 10.2507 9.48857 18.3847 13.7551 -2.59821 3.58539 51.8791
2238120 10.2507 9.48857 18.3847 13.7551 -2.59821 3.58539 51.8791
2238129 10.2338 8.90147 19.2943 11.7048 -4.44898 3.54959 50.1344
2238141 10.6483 8.90147 20.2444 11.7048 -4.99349 3.61155 51.4989
2238149 10.6483 8.22803 20.2444 9.94861 -6.47858 3.4594 49.0693
2238164 11.0542 7.50279 21.346 8.94127 -8.16686 3.60234 48.8443
2238170 11.0542 7.50279 21.346 8.94127 -8.16686 3.60234 48.8443
2238185 11.3756 6.69121 22.7509 8.55794 -9.55803 4.02283 49.3757
2238190 11.5194 5.85373 23.8222 8.51337 -10.5487 4.51504 49.7087
2238200 11.5194 5.85373 23.8222 8.51337 -10.5487 4.51504 49.7087
2238215 11.5532 4.95582 24.6611 8.5936 -11.3863 5.04755 49.7638
2238222 11.4264 4.31691 25.5404 8.95018 -11.7947 5.59801 50.2339
2238233 11.4264 4.31691 25.5404 8.95018 -11.7947 5.59801 50.2339
2238241 11.2826 3.72981 25.9447 9.0839 -12.1968 5.99994 50.041
2238256 11.2826 3.72981 25.9447 9.0839 -12.1968 5.99994 50.041
2238261 11.1134 3.18588 25.9346 8.97693 -12.6421 6.28283 49.2108
2238271 11.1557 2.9096 25.4899 8.62926 -13.0264 6.24283 48.1845
2238290 11.1557 2.9096 25.4899 8.62926 -13.0264 6.24283 48.1845
2238302 11.291 2.89233 24.9744 8.344 -13.1727 6.04242 47.5018
2238307 11.4856 2.94413 24.368 8.07656 -13.2444 5.76485 46.8743
2238316 11.4856 2.94413 24.368 8.07656 -13.2444 5.76485 46.8743
2238325 11.6801 3.02184 23.6403 7.73781 -13.3251 5.42844 46.0801
2238341 11.6801 3.02184 23.6403 7.73781 -13.3251 5.42844 46.0801
2238351 11.8154 3.11681 23.0339 7.54169 -13.2894 5.15626 45.5078
2238360 12.0015 3.15998 22.4174 7.29208 -13.3532 4.86327 44.8709
2238366 12.0015 3.15998 22.4174 7.29208 -13.3532 4.86327 44.8709
2238375 12.1622 3.22042 21.7503 7.05139 -13.3762 4.5556 44.1843
2238384 12.1876 3.24632 21.0327 6.76612 -13.4203 4.29014 43.2327
2238398 12.1876 3.24632 21.0327 6.76612 -13.4203 4.29014 43.2327
2238413 12.2975 3.27222 21.4572 6.97116 -13.3593 4.38381 43.9981
2238423 12.2975 3.27222 21.4572 6.97116 -13.3593 4.38381 43.9981
2238430 12.4751 3.33266 22.2051 7.18511 -13.3648 4.50765 45.198
2238439 12.509 3.32402 22.8115 7.28317 -13.4523 4.65788 45.9277
2238449 12.509 3.32402 22.8115 7.28317 -13.4523 4.65788 45.9277
2238457 12.4159 3.19451 23.4786 7.54169 -13.4881 4.95698 46.6307
2238467 12.5935 3.24632 24.3781 7.82695 -13.4761 5.10935 48.0449
2238476 12.5935 3.24632 24.3781 7.82695 -13.4761 5.10935 48.0449
2238486 12.6866 3.26359 25.2574 8.09439 -13.4812 5.29441 49.302
2238496 12.8473 3.26359 25.7729 8.09439 -13.6371 5.32926 49.9781
2238506 12.8473 3.28085 25.7729 8.30834 -13.4591 5.36348 50.2093
2238517 12.898 3.31539 25.7325 8.26377 -13.4692 5.31257 50.2096
2238531 12.898 3.31539 25.7325 8.26377 -13.4692 5.31257 50.2096
2238542 12.9741 3.34129 25.2574 8.06765 -13.5084 5.13985 49.6405
2238547 12.9657 3.35856 24.5904 7.73781 -13.5963 4.93417 48.6524
2238558 12.9657 3.35856 24.5904 7.73781 -13.5963 4.93417 48.6524
2238567 12.9403 3.38446 23.61 7.4258 -13.5873 4.65927 47.3605
2238577 13.0672 3.5485 22.6296 7.22077 -13.4117 4.27238 46.466
2238588 13.0672 3.5485 22.6296 7.22077 -13.4117 4.27238 46.466
2238603 13.5915 4.06653 21.6897 7.64866 -12.5361 3.72802 46.9964
2238612 13.5915 4.06653 21.6897 7.64866 -12.5361 3.72802 46.9964
2238619 14.3358 5.06805 20.8103 9.11956 -10.6208 3.20045 49.3338
2238629 15.0463 5.8969 19.2741 9.82381 -9.29219 2.44441 50.0411
2238639 15.0463 5.8969 19.2741 9.82381 -9.29219 2.44441 50.0411
2238648 15.6299 6.72575 17.1213 10.2784 -7.91219 1.52068 49.7553
2238664 16.4756 7.72727 14.9077 10.1269 -6.86933 0.253372 49.2375
2238670 16.4756 7.72727 14.9077 10.1269 -6.86933 0.253372 49.2375
2238681 17.1347 8.7806 12.7967 10.0288 -5.70464 -0.950871 48.7408
2238690 17.1347 8.7806 12.7967 10.0288 -5.70464 -0.950871 48.7408
2238701 17.3848 9.70442 11.1995 10.5102 -4.28782 -1.6536 48.7989
2238710 16.9577 10.5851 10.1626 11.5889 -2.50861 -1.76225 49.2943
2238726 16.9577 10.5851 10.1626 11.5889 -2.50861 -1.76225 49.2943
2238731 16.095 11.3276 9.79835 12.9528 -0.803703 -1.39658 50.1738
2238746 14.2851 11.8024 9.38736 14.4059 1.27097 -0.689929 49.8807
2238760 14.2851 11.8024 9.38736 14.4059 1.27097 -0.689929 49.8807
2238763 11.8831 12.1046 8.93901 16.3582 3.87577 0.398539 49.2849
2238772 11.8831 12.1046 8.93901 16.3582 3.87577 0.398539 49.2849
2238781 9.26965 12.3032 8.5467 18.1674 6.55159 1.5971 48.287
2238800 6.69851 12.3377 8.2478 19.933 9.17277 2.90507 47.2171
2238807 6.69851 12.3377 8.2478 19.933 9.17277 2.90507 47.2171
2238813 4.98159 12.5104 8.2011 21.0233 10.8907 3.76711 46.7164
2238822 4.17811 12.7867 8.11703 21.4285 11.7824 4.0574 46.5103
2238832 4.17811 12.7867 8.11703 21.4285 11.7824 4.0574 46.5103
2238844 3.92438 13.0543 8.04231 21.3706 12.1025 4.0204 46.3916
2238852 3.92438 13.0543 8.04231 21.3706 12.1025 4.0204 46.3916
2238869 4.09353 13.1925 7.98626 21.1198 11.9807 3.82178 46.392
2238874 4.12736 13.2702 7.93022 21.0136 11.9905 3.73736 46.3414
2238883 4.12736 13.2702 7.93022 21.0136 11.9905 3.73736 46.3414
2238894 4.06816 13.2616 7.88352 20.8978 12.0403 3.72524 46.1111
2238904 4.0005 13.0716 7.82747 20.6566 12.0183 3.75756 45.5562
2238918 4.0005 13.0716 7.82747 20.6566 12.0183 3.75756 45.5562
2238924 3.89055 12.8471 7.64066 20.3768 12.1175 3.78051 44.7552
2238933 3.89055 12.8471 7.64066 20.3768 12.1175 3.78051 44.7552
2238948 3.90746 12.7349 7.47253 20.0874 12.1274 3.70487 44.2023
2238955 3.89055 12.8558 7.41648 19.9909 12.1958 3.62181 44.1537
2238967 3.89055 12.8558 7.41648 19.9909 12.1958 3.62181 44.1537
2238983 3.86517 12.8903 7.52857 20.097 12.1637 3.67391 44.3811
2238995 3.899 12.9766 7.63132 20.4251 12.1692 3.73256 44.932
2239001 3.899 12.9766 7.63132 20.4251 12.1692 3.73256 44.932
2239005 3.89055 12.9853 7.83681 20.8303 12.1249 3.88358 45.5429
2239020 3.89055 12.9853 7.83681 20.8303 12.1249 3.88358 45.5429
2239031 3.88209 12.8903 8.02363 21.3899 12.1111 4.10552 46.1859
2239036 3.84826 12.8989 8.19176 21.9109 12.1504 4.27604 46.8498
2239047 3.84826 12.8989 8.19176 21.9109 12.1504 4.27604 46.8498
2239056 3.79751 12.709 8.17308 22.017 12.1826 4.39548 46.6966
2239071 3.71294 12.5967 8.21044 22.046 12.1974 4.49256 46.5661
2239079 3.71294 12.5967 8.21044 22.046 12.1974 4.49256 46.5661
2239094 3.899 12.7176 8.22912 21.8337 12.0091 4.32081 46.6795
2239097 4.98159 13.1752 8.26648 21.689 11.2321 3.67848 48.1123
2239108 4.98159 13.1752 8.26648 21.689 11.2321 3.67848 48.1123
2239127 5.70896 13.2788 8.50934 21.4092 10.4637 3.35256 48.9063
2239131 5.70896 13.2788 8.50934 21.4092 10.4637 3.35256 48.9063
2239143 6.68159 13.4256 8.7522 20.975 9.51493 2.8956 49.8344
2239158 7.54428 13.5119 8.71484 20.2225 8.73878 2.36464 49.9935
2239161 7.54428 13.5119 8.71484 20.2225 8.73878 2.36464 49.9935
2239172 8.65224 13.6069 8.42527 19.0068 7.81637 1.56153 49.6912
2239179 9.78557 13.6155 7.93956 17.1061 6.7066 0.509191 48.4468
2239189 9.78557 13.6155 7.93956 17.1061 6.7066 0.509191 48.4468
2239199 10.8174 13.7709 7.22967 14.9497 5.70561 -0.772659 46.7677
2239214 10.8174 13.7709 7.22967 14.9497 5.70561 -0.772659 46.7677
2239222 11.6124 13.8918 6.62253 12.1951 4.42893 -2.26299 44.3219
2239230 12.3652 14.0818 7.31374 9.98427 2.50722 -3.13714 43.7449
2239245 12.3652 14.0818 7.31374 9.98427 2.50722 -3.13714 43.7449
2239250 13.3294 14.3753 10.7885 9.26219 -0.251442 -2.40414 47.7553
2239260 13.8453 14.5394 13.4132 8.75406 -1.96088 -1.84485 50.5519
2239275 13.8453 14.5394 13.4132 8.75406 -1.96088 -1.84485 50.5519
2239281 13.5154 13.9436 14.4874 8.06765 -2.99491 -1.4708 50.0141
2239307 13.6254 12.7522 16.6637 8.12113 -4.60095 -0.466942 51.1624
2239311 13.6085 11.0858 18.5363 8.45097 -6.09885 0.665504 51.6815
2239321 13.6085 11.0858 18.5363 8.45097 -6.09885 0.665504 51.6815
2239331 13.507 9.23819 19.7188 8.42423 -7.64585 1.5911 50.8882
2239341 13.4139 7.45099 20.7598 8.39748 -9.15857 2.48661 50.0222
2239356 13.4139 7.45099 20.7598 8.39748 -9.15857 2.48661 50.0222
2239367 13.3294 6.14728 21.7705 8.5936 -10.212 3.27668 49.8407
2239392 13.2109 5.12849 22.5791 8.86104 -10.9485 3.94761 49.7795
2239393 13.0925 4.48959 23.2663 9.01259 -11.4602 4.42133 49.8611
2239418 12.898 4.09243 23.6403 9.16413 -11.6888 4.76374 49.7949
2239423 12.7289 3.88522 23.6403 9.19088 -11.7772 4.91971 49.4453
2239441 12.7289 3.88522 23.6403 9.19088 -11.7772 4.91971 49.4453
2239444 12.6189 3.95429 23.3674 9.06607 -11.7157 4.85453 49.0067
2239453 12.6189 3.95429 23.3674 9.06607 -11.7157 4.85453 49.0067
2239465 12.2637 3.84205 22.953 8.85212 -11.7523 4.91519 47.9109
2239474 11.8577 3.74708 22.387 8.67383 -11.6916 4.96813 46.6657
2239502 11.5363 3.60894 21.9221 8.54012 -11.6809 5.03765 45.6075
2239514 11.2995 3.50533 21.538 8.37074 -11.7199 5.0669 44.7136
2239521 11.2995 3.50533 21.538 8.37074 -11.7199 5.0669 44.7136
2239530 11.1134 3.5226 21.3157 8.32617 -11.62 5.08352 44.2779
2239540 10.9612 3.41899 21.4774 8.37965 -11.6644 5.24791 44.2373
2239546 10.9612 3.41899 21.4774 8.37965 -11.6644 5.24791 44.2373
2239556 10.9443 3.50533 21.6189 8.44206 -11.5792 5.261 44.5106
2239566 10.9443 3.50533 21.6189 8.44206 -11.5792 5.261 44.5106
2239587 11.0289 3.4708 22.1344 8.66492 -11.6049 5.39736 45.2989
2239594 11.2403 3.55714 22.3668 8.70058 -11.6371 5.32106 45.8648
2239604 11.2403 3.55714 22.3668 8.70058 -11.6371 5.32106 45.8648
2239614 11.5194 3.56577 22.1243 8.51337 -11.7909 5.1022 45.7228
2239621 11.5194 3.56577 22.1243 8.51337 -11.7909 5.1022 45.7228
2239635 11.8746 3.99746 21.7301 8.45097 -11.4847 4.66058 46.0531
2239640 12.4667 5.07669 21.3258 8.30834 -10.8142 3.84424 47.1775
2239658 12.7796 6.23362 20.9316 8.48663 -9.80302 3.2226 48.4315
2239669 12.6612 6.74302 20.0725 8.55794 -9.07301 2.88113 48.0347
2239683 12.6612 6.74302 20.0725 8.55794 -9.07301 2.88113 48.0347
2239689 12.602 7.0711 18.698 8.37074 -8.48177 2.37334 46.7418
2239698 12.4159 7.37329 17.2527 8.25485 -7.74916 1.89362 45.2967
2239708 12.4159 7.37329 17.2527 8.25485 -7.74916 1.89362 45.2967
2239724 12.2299 7.82224 16.178 8.71841 -6.60045 1.61663 44.9485
2239734 12.2299 7.82224 16.178 8.71841 -6.60045 1.61663 44.9485
2239740 12.0945 8.45251 15.9165 11.2323 -4.36422 2.0762 47.6958
2239750 11.9761 9.16049 15.6269 14.1028 -2.13293 2.53402 50.8663
2239760 11.9761 9.16049 15.6269 14.1028 -2.13293 2.53402 50.8663
2239770 11.6124 9.21229 13.9176 15.0834 -0.619337 2.46145 49.8257
2239785 11.2572 9.54901 11.8907 15.752 1.11102 2.11658 48.4489
2239791 11.2572 9.54901 11.8907 15.752 1.11102 2.11658 48.4489
2239806 10.9189 10.2311 10.3681 16.893 3.01432 1.89352 48.4111
2239811 10.9189 10.2311 10.3681 16.893 3.01432 1.89352 48.4111
2239821 10.3607 10.775 9.53681 18.5823 4.80146 2.12672 49.2548
2239834 9.43881 11.1808 9.13517 20.3672 6.47123 2.65834 50.122
2239841 9.43881 11.1808 9.13517 20.3672 6.47123 2.65834 50.122
2239861 8.18707 11.293 8.99506 21.7565 7.89713 3.36585 50.2317
2239862 7.04527 11.1808 9.0044 22.9722 9.01512 4.1085 50.2027
2239872 7.04527 11.1808 9.0044 22.9722 9.01512 4.1085 50.2027
2239891 5.9204 10.8527 9.29396 24.0045 9.80741 4.95052 50.0716
2239892 5.9204 10.8527 9.29396 24.0045 9.80741 4.95052 50.0716
2239909 4.86318 10.3088 9.24725 24.5159 10.5825 5.69872 48.9351
2239918 3.74677 9.86846 9.06978 24.9211 11.539 6.42008 47.6061
2239924 3.74677 9.86846 9.06978 24.9211 11.539 6.42008 47.6061
2239936 2.83333 9.58354 8.99506 25.3553 12.354 7.03488 46.7672
2239944 2.20746 9.46267 9.15385 26.3008 12.9455 7.5707 47.1248
2239970 2.01294 9.51447 9.20055 26.7543 13.1919 7.7168 47.4822
2239975 2.02985 9.54038 9.19121 26.8604 13.2186 7.71118 47.6218
2239987 2.02985 9.54038 9.19121 26.8604 13.2186 7.71118 47.6218
2239995 2.32587 9.97207 9.19121 26.8893 13.0969 7.37392 48.3785
2240011 2.32587 9.97207 9.19121 26.8893 13.0969 7.37392 48.3785
2240016 2.38507 10.2829 9.03242 26.5709 13.1736 7.12703 48.2713
2240026 2.49502 10.6887 8.92967 26.2719 13.194 6.82579 48.3852
2240039 2.49502 10.6887 8.92967 26.2719 13.194 6.82579 48.3852
2240046 2.65572 11.034 8.94835 26.0114 13.0738 6.55813 48.6495
2240065 2.84179 11.293 8.71484 25.5386 13.0584 6.23662 48.3883
2240083 2.88408 11.4225 8.52802 24.8053 13.0226 5.99079 47.64
2240091 2.88408 11.4225 8.52802 24.8053 13.0226 5.99079 47.64
2240097 2.89254 11.4916 8.35055 24.0817 12.9924 5.78262 46.8164
2240107 2.901 11.5348 8.10769 23.5607 13.0611 5.60664 46.1042
2240118 2.901 11.5348 8.10769 23.5607 13.0611 5.60664 46.1042
2240130 2.87562 11.5003 8.05165 23.2423 13.0367 5.55666 45.6699
2240143 2.90945 11.5521 8.00494 23.1748 13.0433 5.49445 45.6413
2240170 2.91791 11.5003 8.01429 23.0687 12.9869 5.49375 45.5011
2240180 2.9602 11.5003 8.14505 23.1459 12.8635 5.51802 45.7514
2240195 3.22239 11.4916 8.38791 23.3195 12.4947 5.49103 46.4214
2240200 3.22239 11.4916 8.38791 23.3195 12.4947 5.49103 46.4214
2240210 3.62836 11.742 8.53736 23.609 12.1985 5.29582 47.5167
2240222 4.05124 11.8974 8.69615 23.744 11.8282 5.11219 48.3888
2240238 4.05124 11.8974 8.69615 23.744 11.8282 5.11219 48.3888
2240248 4.4403 12.0874 8.78022 23.7247 11.5187 4.88776 49.0326
2240252 4.4403 12.0874 8.78022 23.7247 11.5187 4.88776 49.0326
2240260 4.79552 12.2514 8.61209 23.088 11.2477 4.50894 48.747
2240280 5.26915 12.5449 8.41593 21.8048 10.755 3.87425 48.0348
2240282 5.26915 12.5449 8.41593 21.8048 10.755 3.87425 48.0348
2240299 6.04726 12.8817 9.37802 20.1356 9.07879 3.27751 48.4426
2240310 6.8592 13.3565 12.3016 18.4376 6.19824 3.09788 50.9549
2240325 7.09602 14.03 12.9368 15.1636 4.65235 2.12521 49.2264
2240333 7.41741 14.6516 13.3478 12.1862 3.18916 1.09183 47.603
2240356 8.27164 15.2301 14.0857 10.2071 1.61098 0.248294 47.7946
2240362 8.27164 15.2301 14.0857 10.2071 1.61098 0.248294 47.7946
2240373 8.79602 14.9538 15.6269 9.50288 0.0172526 0.42349 48.8796
2240385 9.03284 14.1422 17.9602 9.70792 -1.54538 1.32556 50.8431
2240398 9.03284 14.1422 17.9602 9.70792 -1.54538 1.32556 50.8431
2240411 9.20199 12.8212 19.8704 10.0734 -2.97195 2.28623 51.967
2240415 9.07512 10.9909 20.7396 9.94861 -4.37169 3.13931 50.7542
2240423 9.07512 10.9909 20.7396 9.94861 -4.37169 3.13931 50.7542
2240439 8.55075 9.12595 21.3662 9.9397 -5.53836 4.17369 48.9826
2240444 8.55075 9.12595 21.3662 9.9397 -5.53836 4.17369 48.9826
2240454 8.06866 7.39055 21.6897 9.94861 -6.59226 5.15284 47.0975
2240467 7.74726 6.04368 22.4679 10.1091 -7.58197 6.07727 46.3679
2240479 7.74726 6.04368 22.4679 10.1091 -7.58197 6.07727 46.3679
2240495 7.57811 4.98172 23.2967 10.2428 -8.48726 6.82645 46.0993
2240497 7.6204 4.17014 24.2771 10.5102 -9.24103 7.40591 46.5778
2240505 7.6204 4.17014 24.2771 10.5102 -9.24103 7.40591 46.5778
2240522 7.73881 3.53987 25.4697 10.7866 -9.93062 7.88186 47.5349
2240552 7.96716 3.0132 26.3591 10.9381 -10.5509 8.17673 48.2776
2240553 8.25473 2.78009 26.8038 11.161 -10.7743 8.24393 48.9996
2240559 8.25473 2.78009 26.8038 11.161 -10.7743 8.24393 48.9996
2240567 8.59303 2.8837 26.7027 11.0451 -10.8518 8.00549 49.2246
2240582 8.96517 2.9873 25.9851 10.6974 -10.9312 7.62724 48.635
2240586 8.96517 2.9873 25.9851 10.6974 -10.9312 7.62724 48.635
2240596 9.3204 3.16861 25.0149 10.1893 -10.996 7.14415 47.6932
2240615 9.3204 3.16861 25.0149 10.1893 -10.996 7.14415 47.6932
2240624 9.67562 3.25495 23.9334 9.70792 -11.083 6.67057 46.5719
2240640 9.9801 3.31539 23.0743 9.25328 -11.2255 6.2574 45.6231
2240643 9.9801 3.31539 23.0743 9.25328 -11.2255 6.2574 45.6231
2240647 10.3692 3.37583 22.3769 8.87887 -11.3839 5.83684 45.0008
2240668 10.7413 3.45353 21.8615 8.55794 -11.5385 5.45496 44.6142
2240670 10.7413 3.45353 21.8615 8.55794 -11.5385 5.45496 44.6142
2240678 11.2149 3.58304 21.4774 8.30834 -11.664 5.04258 44.5837
2240696 11.2149 3.58304 21.4774 8.30834 -11.664 5.04258 44.5837
2240699 11.6294 3.66074 21.4067 8.21919 -11.7754 4.78753 44.9159
2240709 12.0861 3.77298 21.4168 8.12113 -11.8999 4.51975 45.3969
2240724 12.0861 3.77298 21.4168 8.12113 -11.8999 4.51975 45.3969
2240734 12.6527 4.00609 21.4269 8.08547 -11.9057 4.17583 46.1712
2240740 13.3294 4.63636 21.4471 8.05873 -11.6287 3.64643 47.4715
2240754 13.3294 4.63636 21.4471 8.05873 -11.6287 3.64643 47.4715
2240760 13.9975 5.18893 21.1034 7.96959 -11.3669 3.07295 48.2595
2240770 14.6488 6.06958 20.497 7.82695 -10.8321 2.32625 49.0423
2240785 14.6488 6.06958 20.497 7.82695 -10.8321 2.32625 49.0423
2240791 15.3169 6.92433 19.9209 7.71106 -10.3274 1.62134 49.8732
2240812 15.3169 6.92433 19.9209 7.71106 -10.3274 1.62134 49.8732
2240813 15.7652 7.56323 19.082 7.54169 -9.88061 0.989547 49.9521
2240821 16.1627 8.08989 18.0713 7.28317 -9.50518 0.333197 49.6071
2240847 16.4502 8.56475 16.9253 6.85527 -9.19935 -0.379479 48.7955
2240856 16.8055 8.97918 15.8137 6.89093 -8.63546 -0.952784 48.4893
2240870 16.8055 8.97918 15.8137 6.89093 -8.63546 -0.952784 48.4893
2240875 17.1347 9.3418 14.7582 7.50603 -7.7169 -1.29631 48.7408
2240883 17.1347 9.3418 14.7582 7.50603 -7.7169 -1.29631 48.7408
2240901 17.4329 9.65262 13.6 8.35291 -6.64143 -1.56998 49.0385
2240910 17.4233 9.86846 12.0868 8.75406 -5.655 -2.01035 48.1327
2240923 17.4233 9.86846 12.0868 8.75406 -5.655 -2.01035 48.1327
2240924 17.1539 10.0584 10.583 9.19088 -4.51602 -2.37469 46.9862
2240933 16.7632 10.352 9.46209 10.0021 -3.15119 -2.46385 46.5793
2240962 16.0104 10.7491 8.74286 11.1699 -1.51819 -2.20049 46.6723
2240965 16.0104 10.7491 8.74286 11.1699 -1.51819 -2.20049 46.6723
2240982 14.8517 11.0168 8.48132 12.8102 0.261807 -1.45579 47.16
2240991 13.3547 11.1117 8.42527 14.7625 2.14786 -0.402502 47.6542
2241010 11.401 11.1117 8.52802 16.8039 4.17319 0.883854 47.8446
2241015 9.38806 10.9218 8.76154 19.277 6.23038 2.3978 48.3483
2241025 9.38806 10.9218 8.76154 19.277 6.23038 2.3978 48.3483
2241041 7.34129 10.7232 9.06978 21.4574 8.1133 3.84717 48.5917
2241050 7.34129 10.7232 9.06978 21.4574 8.1133 3.84717 48.5917
2241056 5.7005 10.5419 9.28462 23.3581 9.67314 5.03231 48.8851
2241070 4.38109 10.2483 9.52747 24.7957 10.7938 6.03452 48.9526
2241076 4.38109 10.2483 9.52747 24.7957 10.7938 6.03452 48.9526
2241097 3.3408 9.9807 9.63022 25.5096 11.6172 6.75333 48.4614
2241098 2.74876 9.51447 9.77967 26.0789 11.9826 7.35488 48.1218
2241108 2.74876 9.51447 9.77967 26.0789 11.9826 7.35488 48.1218
2241131 2.27512 9.16049 9.81703 26.3587 12.3012 7.7944 47.6113
2241131 2.16517 8.86694 9.9011 26.6095 12.3101 8.03861 47.5427
2241137 2.16517 8.86694 9.9011 26.6095 12.3101 8.03861 47.5427
2241159 2.12289 8.56475 9.82637 26.5034 12.2927 8.18063 47.0174
2241161 2.12289 8.56475 9.82637 26.5034 12.2927 8.18063 47.0174
2241168 1.99602 8.37481 9.84505 26.4745 12.3196 8.33642 46.6903
2241190 1.96219 8.27984 9.89176 26.5902 12.3149 8.42392 46.724
2241192 1.96219 8.27984 9.89176 26.5902 12.3149 8.42392 46.724
2241199 1.96219 8.25394 9.79835 26.5709 12.3774 8.42104 46.5854
2241219 1.99602 8.2194 9.76099 26.4166 12.3289 8.3942 46.393
2241223 1.99602 8.2194 9.76099 26.4166 12.3289 8.3942 46.393
2241230 1.9791 8.31437 9.58352 26.0885 12.4225 8.28183 45.9655
2241246 1.9791 8.31437 9.58352 26.0885 12.4225 8.28183 45.9655
2241250 1.9791 8.34891 9.55549 26.0017 12.431 8.24749 45.8852
2241260 2.02985 8.47842 9.61154 26.0403 12.3902 8.17055 46.1601
2241275 2.02985 8.47842 9.61154 26.0403 12.3902 8.17055 46.1601
2241281 2.06368 8.52158 9.54615 25.9535 12.4039 8.10928 46.0849
2241291 2.08905 8.59066 9.66758 26.1464 12.3567 8.10893 46.4937
2241304 2.08905 8.59066 9.66758 26.1464 12.3567 8.10893 46.4937
2241311 2.33433 8.74606 9.87308 26.3876 12.107 7.97837 47.3411
2241321 2.33433 8.74606 9.87308 26.3876 12.107 7.97837 47.3411
2241340 2.76567 8.8583 10.0879 26.5323 11.6786 7.7718 48.2442
2241349 3.24776 9.01371 10.5456 26.8218 11.1035 7.5881 49.6289
2241366 3.24776 9.01371 10.5456 26.8218 11.1035 7.5881 49.6289
2241367 3.84826 9.3159 11.1714 26.9762 10.3643 7.30343 51.3117
2241375 4.49104 9.42814 14.6368 28.0278 8.09776 7.62023 56.5838
2241392 5.1 9.3418 18.7485 28.9444 5.80902 8.02718 62.1347
2241423 4.77015 8.87557 16.3462 25.4711 5.96359 7.619 55.4629
2241424 4.9393 8.28847 14.45 22.0556 5.50676 7.02079 49.7334
2241453 5.44677 7.77908 13.2357 19.3348 4.60268 6.3361 45.7964
2241456 5.89502 7.46826 13.0302 17.1447 3.26594 5.79204 43.5382
2241486 6.28408 7.07974 14.1511 15.7698 1.39446 5.73773 43.2847
2241488 6.91841 7.07974 15.6643 15.7698 0.146833 5.75669 45.4322
2241495 6.91841 6.73438 15.6643 14.4059 -0.82476 5.6323 43.7229
2241515 7.46816 6.27679 17.1617 12.9439 -3.08388 5.5965 43.8506
2241516 7.46816 6.27679 17.1617 12.9439 -3.08388 5.5965 43.8506
2241546 7.94179 5.62062 19.3044 11.4997 -5.70578 5.8293 44.3665
2241547 8.49154 4.94718 21.7907 11.054 -7.71392 6.28929 46.2835
2241551 8.49154 4.94718 21.7907 11.054 -7.71392 6.28929 46.2835
2241560 9.17662 4.56729 24.1558 11.0629 -9.03862 6.57893 48.9626
2241578 9.87861 4.28238 25.7931 11.2858 -9.80854 6.70901 51.2399
2241579 9.87861 4.28238 25.7931 11.2858 -9.80854 6.70901 51.2399
2241591 10.5129 4.032 26.6825 11.3571 -10.3673 6.70197 52.5846
2241607 10.5129 4.032 26.6825 11.3571 -10.3673 6.70197 52.5846
2241609 11.0035 3.78162 26.6219 11.1877 -10.7692 6.56659 52.5947
2241617 11.2826 3.4967 25.975 10.7331 -11.1813 6.3886 51.4874
2241639 11.2826 3.4967 25.975 10.7331 -11.1813 6.3886 51.4874
2241641 11.5363 3.23768 25.0957 10.2339 -11.5563 6.15393 50.1036
2241647 11.9169 3.11681 24.2366 9.67226 -11.9346 5.78488 48.9426
2241670 11.9169 3.11681 24.2366 9.67226 -11.9346 5.78488 48.9426
2241671 12.2721 3.22042 23.2259 9.13739 -12.0885 5.28799 47.8559
2241678 12.2721 3.22042 23.2259 9.13739 -12.0885 5.28799 47.8559
2241701 12.5597 3.41036 22.4174 8.63818 -12.1894 4.81189 47.0256
2241702 12.8219 3.39309 21.5178 8.21919 -12.3648 4.41397 45.952
2241717 12.8219 3.39309 21.5178 8.21919 -12.3648 4.41397 45.952
2241732 12.9234 3.46216 20.9316 7.86261 -12.467 4.11977 45.1798
2241734 13.0418 3.47943 20.5981 7.69324 -12.534 3.93978 44.8126
2241747 13.0418 3.47943 20.5981 7.69324 -12.534 3.93978 44.8126
2241763 13.1602 3.50533 20.588 7.63975 -12.5871 3.86323 44.8933
2241776 13.1179 3.5744 20.8306 7.82695 -12.4295 3.95763 45.3498
2241793 13.1348 3.4967 21.2045 7.99633 -12.4619 4.11368 45.8324
2241794 13.1348 3.4967 21.2045 7.99633 -12.4619 4.11368 45.8324
2241800 13.1179 3.5485 21.9019 8.32617 -12.3389 4.33793 46.8945
2241810 13.0672 3.51397 22.478 8.61143 -12.2821 4.56518 47.6706
2241825 13.0672 3.51397 22.478 8.61143 -12.2821 4.56518 47.6706
2241831 12.9741 3.46216 22.67 8.67383 -12.3002 4.68005 47.7802
2241858 12.8896 3.39309 22.6599 8.67383 -12.329 4.74137 47.6164
2241861 12.7458 3.34129 22.7408 8.64709 -12.374 4.83439 47.4749
2241888 12.7119 3.31539 22.5083 8.51337 -12.4293 4.78045 47.049
2241893 12.695 3.34992 22.2354 8.30834 -12.4881 4.66813 46.5887
2241902 12.695 3.34992 22.2354 8.30834 -12.4881 4.66813 46.5887
2241920 12.9065 4.01473 21.72 8.1033 -12.038 4.1402 46.7445
2241923 12.9065 4.01473 21.72 8.1033 -12.038 4.1402 46.7445
2241933 13.008 4.20467 21.1237 7.9161 -11.8971 3.83563 46.2524
2241949 13.0925 4.70543 20.7699 7.9161 -11.4238 3.51348 46.484
2241954 13.0925 4.70543 20.7699 7.9161 -11.4238 3.51348 46.484
2241964 12.9149 5.05079 20.3656 7.94284 -10.9602 3.35266 46.2742
2241979 12.9741 5.55155 19.7794 8.01416 -10.3563 3.00131 46.3193
2241984 12.9741 5.55155 19.7794 8.01416 -10.3563 3.00131 46.3193
2241993 13.0756 6.34586 19.1831 8.1033 -9.53242 2.52578 46.7079
2242011 13.0756 6.34586 19.1831 8.1033 -9.53242 2.52578 46.7079
2242015 13.4393 7.40782 18.3746 8.0409 -8.6565 1.76725 47.2626
2242025 13.9214 8.64246 17.0303 7.75564 -7.6841 0.703944 47.3498
2242042 13.9214 8.64246 17.0303 7.75564 -7.6841 0.703944 47.3498
2242045 14.2428 9.97207 15.4962 7.46146 -6.5215 -0.39978 47.1725
2242055 14.505 10.9304 13.5533 7.35448 -5.27228 -1.46546 46.3432
2242084 14.598 11.8197 11.5077 7.95176 -3.45174 -2.27507 45.8772
2242105 14.5473 12.9766 10.2093 10.3587 -0.738843 -2.16956 48.0919
2242111 14.2005 13.9954 9.6956 13.8799 1.92154 -1.3387 51.7715
2242118 14.2005 13.9954 9.6956 13.8799 1.92154 -1.3387 51.7715
2242136 13.2701 14.5653 9.18187 16.7415 4.1178 -0.533512 53.7588
2242146 11.7478 14.8588 8.65879 18.7656 6.11588 0.227045 54.031
2242147 11.7478 14.8588 8.65879 18.7656 6.11588 0.227045 54.031
2242167 9.73483 14.8847 7.9956 20.1453 8.19723 1.00114 52.7604
2242176 7.65423 14.5739 7.3511 21.2066 10.2269 1.86949 50.7858
2242177 7.65423 14.5739 7.3511 21.2066 10.2269 1.86949 50.7858
2242199 5.84428 14.0559 6.94011 21.8241 11.8647 2.7322 48.6643
2242202 5.84428 14.0559 6.94011 21.8241 11.8647 2.7322 48.6643
2242207 4.48259 13.4256 6.70659 22.2389 13.0595 3.53355 46.8537
2242227 3.56915 12.8299 6.66923 22.4415 13.7515 4.18979 45.5098
2242230 3.56915 12.8299 6.66923 22.4415 13.7515 4.18979 45.5098
2242239 3.0194 12.3118 6.62253 22.6538 14.1925 4.68926 44.6076
2242257 3.0194 12.3118 6.62253 22.6538 14.1925 4.68926 44.6076
2242259 2.78259 11.8629 6.76264 22.9336 14.2367 5.09141 44.3417
2242268 2.54577 11.647 6.95879 23.4739 14.3507 5.45872 44.6255
2242287 2.54577 11.647 6.95879 23.4739 14.3507 5.45872 44.6255
2242289 2.49502 11.5952 7.17363 24.1203 14.348 5.68602 45.3842
2242304 2.49502 11.6902 7.33242 24.7378 14.377 5.79986 46.2554
2242318 2.49502 11.6902 7.33242 24.7378 14.377 5.79986 46.2554
2242320 2.46965 11.906 7.47253 25.172 14.4278 5.82796 47.0202
2242332 2.57114 12.1305 7.71538 25.664 14.3029 5.82695 48.0811
2242350 2.57114 12.1305 7.71538 25.664 14.3029 5.82695 48.0811
2242352 2.73184 12.4327 7.83681 25.8184 14.1758 5.6813 48.8197
2242360 2.73184 12.4327 7.83681 25.8184 14.1758 5.6813 48.8197
2242382 2.79104 12.6227 7.86484 25.8087 14.146 5.57982 49.0873
2242382 2.89254 12.8989 7.81813 25.6351 14.1251 5.37979 49.2447
2242391 2.89254 12.8989 7.81813 25.6351 14.1251 5.37979 49.2447
2242412 2.92637 13.0112 7.52857 25.1816 14.2544 5.17166 48.6477
2242414 2.85871 12.968 7.34176 24.6317 14.3301 5.06695 47.8001
2242430 2.85871 12.968 7.34176 24.6317 14.3301 5.06695 47.8001
2242458 2.901 13.0284 7.17363 24.101 14.3287 4.87623 47.2041
2242476 2.901 13.0284 7.17363 24.101 14.3287 4.87623 47.2041
2242490 2.85025 12.9507 7.02418 23.7633 14.4025 4.82518 46.5885
2242493 2.85025 12.9507 7.02418 23.7633 14.4025 4.82518 46.5885
2242510 2.82488 12.968 7.04286 23.8309 14.4274 4.84742 46.6666
2242512 2.89254 13.0889 7.10824 23.9467 14.3691 4.80697 47.0363
2242520 3.01095 13.2702 7.27637 24.0721 14.2007 4.74515 47.6296
2242524 3.01095 13.2702 7.27637 24.0721 14.2007 4.74515 47.6296
2242541 3.31542 13.3565 7.42582 23.8309 13.7945 4.56452 47.9286
2242543 3.80597 13.3911 7.49121 23.223 13.2103 4.23195 47.9113
2242559 3.80597 13.3911 7.49121 23.223 13.2103 4.23195 47.9113
2242574 4.35572 13.2961 7.54725 22.2872 12.4669 3.84826 47.4862
2242576 5.2607 13.2011 7.88352 21.3802 11.2294 3.39502 47.7256
2242585 5.2607 13.2011 7.88352 21.3802 11.2294 3.39502 47.7256
2242603 6.27562 13.2961 8.2011 20.4926 10.003 2.83495 48.2654
2242605 6.27562 13.2961 8.2011 20.4926 10.003 2.83495 48.2654
2242620 6.99453 13.3479 8.85495 19.6918 8.79041 2.51723 48.8892
2242637 7.58657 13.2616 9.73297 18.756 7.44774 2.32304 49.337
2242639 7.58657 13.2616 9.73297 18.756 7.44774 2.32304 49.337
2242649 8.07711 13.2098 10.7791 17.4631 5.96448 2.10645 49.5291
2242666 8.60995 13.132 11.4236 15.6985 4.50072 1.65155 48.8641
2242667 8.60995 13.132 11.4236 15.6985 4.50072 1.65155 48.8641
2242676 8.99055 13.0975 11.7505 13.6927 3.18165 1.05884 47.5313
2242698 9.50647 13.0975 12.1148 14.0315 2.82443 1.08994 48.7503
