369958 9.17169 11.1698 9.1881 5.98292 -0.849764 -2.18393 35.5125
369967 10.2155 10.275 9.79524 4.88895 -3.44474 -2.47606 35.1747
369974 10.2155 10.275 9.79524 4.88895 -3.44474 -2.47606 35.1747
369980 10.9403 8.88002 11.1613 4.22096 -6.39203 -1.89108 35.2026
369999 11.4429 9.11092 13.1244 3.81435 -7.76287 -1.4463 37.4925
370008 11.4429 6.64799 13.1244 3.81435 -10.0664 -0.493341 35.0296
370016 11.5009 4.17544 15.1077 3.63041 -13.6591 1.33455 34.4144
370025 11.5009 4.17544 15.1077 3.63041 -13.6591 1.33455 34.4144
370034 11.2302 2.02037 16.6458 3.56264 -16.657 3.11927 33.4591
370043 11.1143 1.05829 17.283 3.56264 -18.0024 3.94014 33.0182
370061 11.1143 1.05829 17.283 3.56264 -18.0024 3.94014 33.0182
370065 11.1433 0.962083 17.2122 3.5336 -18.1575 3.94529 32.8512
370073 10.8727 0.856254 16.8988 3.41743 -18.3318 4.01964 32.0451
370088 10.8727 0.856254 16.8988 3.41743 -18.3318 4.01964 32.0451
370095 10.602 0.788908 16.3726 3.31093 -18.4032 4.00293 31.0745
370103 10.602 0.788908 16.3726 3.31093 -18.4032 4.00293 31.0745
370117 10.2928 0.683079 15.644 3.11731 -18.61 3.92715 29.7372
370123 9.97385 0.721562 14.8244 2.87528 -18.6664 3.70008 28.3951
370138 9.97385 0.721562 14.8244 2.87528 -18.6664 3.70008 28.3951
370144 9.88687 0.692699 14.0452 2.63326 -18.8991 3.35622 27.2581
370154 9.8772 0.644595 13.6911 2.55581 -19.0221 3.20808 26.7687
370164 9.8772 0.644595 13.6911 2.55581 -19.0221 3.20808 26.7687
370174 10.0705 0.750424 13.5292 2.48804 -18.9667 2.90424 26.8381
370203 10.4957 0.808149 13.4988 2.47836 -18.9766 2.56952 27.2811
370207 11.0563 0.962083 13.2762 2.42995 -18.8826 1.99523 27.7245
370231 11.5588 1.07753 13.1851 2.28474 -19.0186 1.5122 28.1062
370235 11.9454 1.19298 12.9423 2.24601 -18.9298 1.08548 28.3267
370246 11.9454 1.19298 12.9423 2.24601 -18.9298 1.08548 28.3267
370258 12.39 1.27957 12.6387 2.18793 -18.9159 0.609058 28.4962
370266 12.39 1.27957 12.6387 2.18793 -18.9159 0.609058 28.4962
370276 12.5253 1.3854 12.5679 2.19761 -18.7526 0.447114 28.6762
370287 12.6896 1.44312 12.2946 2.12016 -18.759 0.148217 28.5475
370296 12.6896 1.44312 12.2946 2.12016 -18.759 0.148217 28.5475
370308 12.7283 1.48161 12.1327 2.07175 -18.7472 -0.0028342 28.4144
370316 12.7186 1.41426 12.0012 2.01367 -18.9108 -0.0628799 28.1477
370328 12.7186 1.41426 12.0012 2.01367 -18.9108 -0.0628799 28.1477
370336 12.6896 1.46237 11.819 1.98462 -18.8349 -0.186881 27.9556
370351 12.6896 1.46237 11.819 1.98462 -18.8349 -0.186881 27.9556
370361 12.5833 1.42388 11.6774 1.88781 -18.9945 -0.240444 27.5724
370372 12.6606 1.39502 11.7482 1.97494 -18.9343 -0.179524 27.7788
370392 12.6799 1.47199 11.8089 1.95558 -18.861 -0.208162 27.9164
370398 12.7379 1.41426 11.981 2.01367 -18.9106 -0.0839683 28.1468
370416 12.7379 1.41426 11.981 2.01367 -18.9106 -0.0839683 28.1468
370419 12.8442 1.42388 12.072 2.03303 -18.9081 -0.0862044 28.3732
370429 12.8442 1.42388 12.072 2.03303 -18.9081 -0.0862044 28.3732
370439 12.9119 1.42388 12.1024 1.98462 -19.0039 -0.131283 28.4228
370449 13.2791 1.44312 11.9911 2.00399 -18.9982 -0.379841 28.7173
370459 13.2791 1.44312 11.9911 2.00399 -18.9982 -0.379841 28.7173
370471 13.8107 1.46237 11.6268 1.77164 -19.3602 -0.980746 28.6715
370480 14.4099 1.62592 11.2423 1.65547 -19.3294 -1.62687 28.9335
370494 14.4099 1.62592 11.2423 1.65547 -19.3294 -1.62687 28.9335
370510 15.8499 4.18506 10.4024 1.6361 -15.9253 -3.73977 32.0735
370520 16.855 5.75325 9.22857 2.04271 -13.4946 -5.0194 33.8796
370531 17.3175 6.84041 7.35655 2.3041 -11.48 -6.43016 33.8185
370540 17.3175 6.84041 7.35655 2.3041 -11.48 -6.43016 33.8185
370551 17.7119 9.20713 5.39345 2.54613 -8.14155 -8.16705 34.8587
370560 17.4137 11.2179 4.44226 3.7369 -4.68693 -8.33415 36.8107
370586 16.2558 12.4205 4.57381 6.42825 -1.2481 -6.68157 39.6784
370601 13.4144 12.7284 3.99702 8.10308 2.23569 -5.50796 38.2429
370614 9.31666 12.6802 3.20774 9.23576 6.8173 -4.16084 34.4404
370621 9.31666 12.6802 3.20774 9.23576 6.8173 -4.16084 34.4404
370635 5.31552 12.4493 3.07619 11.0171 11.8296 -1.72872 31.8581
370641 3.02501 12.6129 3.75417 13.2147 14.6046 0.612268 32.6068
370651 3.02501 12.6129 3.75417 13.2147 14.6046 0.612268 32.6068
370664 2.35816 12.6321 4.50298 14.7346 14.9773 1.86133 34.2279
370673 2.35816 12.6321 4.50298 14.7346 14.9773 1.86133 34.2279
370683 2.22285 12.382 4.80655 15.2671 14.8649 2.36549 34.6785
370702 2.1552 11.747 4.89762 15.3058 14.6603 2.77133 34.1057
370703 2.1552 11.747 4.89762 15.3058 14.6603 2.77133 34.1057
370714 1.84594 10.9581 4.8369 14.996 14.7619 3.23048 32.637
370731 1.56566 9.94793 4.66488 14.5023 14.8462 3.74187 30.6808
370744 1.56566 9.94793 4.66488 14.5023 14.8462 3.74187 30.6808
370749 1.34338 9.03396 4.5131 13.9311 14.8401 4.19835 28.8215
370759 1.34338 9.03396 4.5131 13.9311 14.8401 4.19835 28.8215
370768 1.13076 8.37974 4.38155 13.5051 14.94 4.58597 27.3972
370778 0.937464 7.74477 4.31071 13.3212 15.0278 5.10163 26.3141
370790 0.937464 7.74477 4.31071 13.3212 15.0278 5.10163 26.3141
370795 0.850483 7.49462 4.36131 13.3986 15.0177 5.40978 26.105
370805 0.850483 7.35993 4.43214 13.6891 14.969 5.64575 26.3316
370815 0.850483 7.35993 4.43214 13.6891 14.969 5.64575 26.3316
370825 0.773167 7.30221 4.69524 14.1054 14.8266 5.98595 26.876
370835 0.821489 7.32145 4.78631 14.5507 14.7966 6.11031 27.4799
370850 0.821489 7.32145 4.78631 14.5507 14.7966 6.11031 27.4799
370857 0.782831 7.35993 4.84702 14.7153 14.8397 6.18273 27.705
370869 0.782831 7.35993 4.84702 14.7153 14.8397 6.18273 27.705
370878 0.763502 7.31183 4.91786 14.8121 14.7837 6.28726 27.8053
370886 0.80216 7.29259 4.89762 14.754 14.7288 6.24777 27.7464
370899 0.80216 7.29259 4.89762 14.754 14.7288 6.24777 27.7464
370908 0.724844 7.36955 4.70536 14.6088 15.094 6.14028 27.4085
370920 0.782831 7.44652 4.66488 14.5216 15.0647 5.99498 27.4159
370928 0.782831 7.44652 4.66488 14.5216 15.0647 5.99498 27.4159
370942 0.840819 7.70628 4.65476 14.4442 15.0608 5.72515 27.6461
370948 0.840819 7.70628 4.65476 14.4442 15.0608 5.72515 27.6461
370958 0.956794 7.98529 4.73571 14.6378 14.9481 5.52599 28.3156
370968 1.03411 8.20656 4.77619 14.7249 14.8923 5.35481 28.7418
370994 1.14042 8.50481 4.86726 14.9282 14.797 5.17155 29.4407
370999 1.16941 8.66836 4.92798 15.2187 14.8324 5.15711 29.9844
371009 1.16941 8.66836 4.92798 15.2187 14.8324 5.15711 29.9844
371019 1.31438 8.91851 5.03929 15.4317 14.6533 5.00168 30.7038
371029 1.31438 8.91851 5.03929 15.4317 14.6533 5.00168 30.7038
371039 1.27572 9.09168 5.05952 15.422 14.7318 4.91789 30.8489
371051 1.32405 9.30334 4.98869 15.3155 14.7956 4.69268 30.9316
371059 1.32405 9.30334 4.98869 15.3155 14.7956 4.69268 30.9316
371073 1.40136 9.38031 4.81667 14.9186 14.8122 4.40095 30.5169
371081 1.34338 9.36106 4.50298 14.3377 15.1061 4.13075 29.5451
371090 1.34338 9.36106 4.50298 14.3377 15.1061 4.13075 29.5451
371100 1.27572 9.3322 4.14881 13.6891 15.4651 3.81249 28.4458
371118 1.27572 9.3322 4.14881 13.6891 15.4651 3.81249 28.4458
371123 1.66231 9.42841 4.20952 12.992 14.6229 3.23984 28.2923
371131 3.45026 10.1404 3.93631 11.7141 12.3695 1.05665 29.241
371150 3.45026 10.1404 3.93631 11.7141 12.3695 1.05665 29.241
371152 5.4315 10.6695 4.12857 10.0587 9.21818 -0.947777 30.2882
371162 8.22456 11.0543 11.5155 9.61333 0.573912 0.686719 40.4077
371171 8.22456 11.0543 11.5155 9.61333 0.573912 0.686719 40.4077
371184 10.3314 10.91 13.1042 7.05752 -3.30173 -0.391192 41.4031
371191 10.3314 10.91 13.1042 7.05752 -3.30173 -0.391192 41.4031
371201 11.0756 9.92869 11.3637 4.4533 -5.47055 -2.11317 36.8213
371211 11.5588 8.65874 11.0804 3.30125 -7.71636 -2.5301 34.5992
371232 11.5588 8.65874 11.0804 3.30125 -7.71636 -2.5301 34.5992
371238 12.2644 6.73458 11.819 2.72039 -10.9043 -1.99451 33.5384
371248 12.5833 4.56027 13.4179 2.6139 -14.1875 -0.502697 33.1753
371256 12.5833 4.56027 13.4179 2.6139 -14.1875 -0.502697 33.1753
371264 12.6026 2.61686 14.9762 2.82688 -16.7575 1.17356 33.0225
371278 12.6026 2.61686 14.9762 2.82688 -16.7575 1.17356 33.0225
371288 12.506 1.52971 15.8869 2.8172 -18.3614 2.13888 32.7398
371294 12.4576 1.25071 15.9476 2.90433 -18.6195 2.36957 32.5603
371327 12.274 1.1545 15.4417 2.70103 -18.8939 2.23978 31.5712
371331 11.9841 1.12564 14.6726 2.54613 -18.9467 2.03226 30.3285
371335 11.9841 1.12564 14.6726 2.54613 -18.9467 2.03226 30.3285
371349 11.6458 1.08715 13.9238 2.40091 -18.998 1.85411 29.0577
371356 11.5009 1.08715 13.4179 2.27506 -19.0557 1.64682 28.2809
371365 11.5009 1.18336 13.4179 2.27506 -18.9063 1.59038 28.3771
371380 11.4622 1.2026 12.9524 2.15888 -18.9489 1.32117 27.7761
371385 11.4622 1.2026 12.9524 2.15888 -18.9489 1.32117 27.7761
371400 11.4429 1.24109 12.5274 2.1008 -18.8821 1.06778 27.3121
371406 11.4622 1.33729 12.4768 2.12984 -18.6745 0.989088 27.4061
371419 11.4622 1.33729 12.4768 2.12984 -18.6745 0.989088 27.4061
371428 11.7135 1.34692 12.5476 2.13952 -18.7176 0.879403 27.7475
371443 11.8488 1.45274 12.7702 2.21697 -18.5138 0.893828 28.2887
371448 11.8488 1.45274 12.7702 2.21697 -18.5138 0.893828 28.2887
371458 11.9648 1.55857 12.6893 2.17825 -18.419 0.710195 28.3909
371476 11.9648 1.55857 12.6893 2.17825 -18.419 0.710195 28.3909
371480 12.0614 1.57782 12.5375 2.19761 -18.3471 0.579341 28.3743
371491 12.1774 1.56819 12.2137 2.1008 -18.4623 0.304125 28.0601
371515 12.2257 1.62592 12.0315 2.07175 -18.3864 0.135049 27.9549
371523 12.3127 1.68364 11.9 2.03303 -18.3463 -0.0339916 27.9293
371529 12.3127 1.68364 11.9 2.03303 -18.3463 -0.0339916 27.9293
371540 12.448 1.67402 11.8393 1.98462 -18.4541 -0.160004 27.9459
371554 12.448 1.67402 11.8393 1.98462 -18.4541 -0.160004 27.9459
371563 12.6026 1.76061 11.7988 1.97494 -18.3618 -0.314253 28.137
371578 12.8539 1.83758 11.7786 2.04271 -18.1955 -0.45779 28.5128
371588 12.8539 1.83758 11.7786 2.04271 -18.1955 -0.45779 28.5128
371591 13.0762 1.90492 11.6571 1.98462 -18.2055 -0.701888 28.6229
371600 13.2501 1.93379 11.5155 1.85877 -18.3599 -0.950525 28.5582
371615 13.2501 1.93379 11.5155 1.85877 -18.3599 -0.950525 28.5582
371621 13.3275 1.88568 11.3232 1.83941 -18.4361 -1.08394 28.3758
371633 13.3275 1.88568 11.3232 1.83941 -18.4361 -1.08394 28.3758
371642 13.2791 1.8472 11.3738 1.791 -18.5701 -1.04 28.2911
371651 13.1632 1.81834 11.6976 1.87813 -18.528 -0.738384 28.5572
371682 12.9795 1.68364 11.9 1.9459 -18.6344 -0.43001 28.5091
371684 12.8926 1.59706 12.1631 2.1492 -18.4965 -0.092344 28.8019
371706 12.8926 1.59706 12.1631 2.1492 -18.4965 -0.092344 28.8019
371710 14.2746 4.8489 12.0417 2.29442 -14.3255 -2.1462 33.4596
371713 14.12 4.40634 11.7685 2.54613 -14.4149 -1.92369 32.8409
371730 14.12 4.40634 11.7685 2.54613 -14.4149 -1.92369 32.8409
371735 14.1779 4.51217 11.3738 3.0205 -13.616 -1.94765 33.0844
371744 14.1779 4.51217 11.3738 3.0205 -13.616 -1.94765 33.0844
371754 14.5355 5.83022 10.3315 3.3787 -11.4877 -2.9297 34.076
371764 14.5355 7.34069 8.9756 3.94989 -8.7787 -3.85789 34.8017
371779 14.5355 7.34069 8.9756 3.94989 -8.7787 -3.85789 34.8017
371784 14.4775 8.58178 9.30952 8.45159 -4.13622 -1.94689 40.8204
371794 13.3178 8.60102 7.36667 9.61333 -1.58753 -1.90449 38.8988
371809 13.3178 8.60102 7.36667 9.61333 -1.58753 -1.90449 38.8988
371815 11.4235 8.42784 4.96845 8.62585 0.494617 -2.80622 33.4457
371829 11.4235 8.42784 4.96845 8.62585 0.494617 -2.80622 33.4457
371835 9.4133 8.49519 3.84524 8.41287 3.02447 -2.80959 30.1666
371855 7.32575 8.79344 3.5619 9.56492 6.38608 -1.53475 29.246
371857 7.32575 8.79344 3.5619 9.56492 6.38608 -1.53475 29.246
371866 4.9676 9.01471 3.81488 11.4334 9.97724 0.649635 29.2306
371885 2.70608 9.03396 4.56369 14.0182 13.0124 3.38461 30.322
371895 2.70608 9.03396 4.56369 14.0182 13.0124 3.38461 30.322
371904 1.53667 9.32258 5.46429 15.9835 14.165 4.9162 32.307
371907 1.53667 9.32258 5.46429 15.9835 14.165 4.9162 32.307
371917 1.50767 9.61121 5.76786 16.971 14.2557 5.14799 33.8577
371930 1.44002 9.60158 5.91964 17.2123 14.2319 5.30687 34.1735
371937 1.44002 9.60158 5.91964 17.2123 14.2319 5.30687 34.1735
371955 1.34338 9.36106 5.79821 17.0289 14.351 5.42297 33.5316
371958 1.23707 8.90889 5.66667 16.6418 14.364 5.62135 32.4544
371968 1.23707 8.90889 5.66667 16.6418 14.364 5.62135 32.4544
371985 1.0921 8.54329 5.41369 15.9448 14.5047 5.67357 30.9938
371995 1.0921 8.54329 5.41369 15.9448 14.5047 5.67357 30.9938
372006 0.985787 8.1296 5.11012 15.2477 14.6586 5.7217 29.4732
372009 0.898806 7.74477 4.89762 14.4926 14.6617 5.75019 28.0338
372019 0.898806 7.74477 4.89762 14.4926 14.6617 5.75019 28.0338
372033 0.879477 7.53311 4.66488 14.0376 14.7762 5.69234 27.115
372039 0.908471 7.49462 4.63452 13.7568 14.6564 5.5916 26.7945
372057 0.908471 7.49462 4.63452 13.7568 14.6564 5.5916 26.7945
372060 1.05344 7.56197 4.64464 13.5535 14.3746 5.36077 26.8136
372070 1.05344 7.56197 4.64464 13.5535 14.3746 5.36077 26.8136
372084 1.14042 7.64856 4.60417 13.3115 14.2442 5.12646 26.7046
372090 1.31438 7.82173 4.6244 13.1953 13.9842 4.83214 26.9559
372116 1.44969 8.23543 4.52321 13.176 14.0943 4.38978 27.3843
372121 1.58499 8.42784 4.54345 13.1469 13.9391 4.15703 27.7032
372134 1.58499 8.42784 4.54345 13.1469 13.9391 4.15703 27.7032
372140 1.68164 8.6395 4.55357 13.1179 13.8628 3.93871 27.9926
372150 1.68164 8.6395 4.55357 13.1179 13.8628 3.93871 27.9926
372162 1.77828 8.80306 4.53333 13.0211 13.7836 3.71755 28.1357
372170 1.80728 8.94737 4.55357 12.9533 13.7465 3.58379 28.2615
372186 1.80728 8.94737 4.55357 12.9533 13.7465 3.58379 28.2615
372191 1.8556 8.93775 4.52321 12.9339 13.7103 3.53824 28.2505
372201 1.81694 8.8704 4.53333 12.8952 13.707 3.59647 28.1159
372238 1.80728 8.92813 4.4625 12.8952 13.8411 3.53591 28.0931
372240 1.80728 8.92813 4.4625 12.8952 13.8411 3.53591 28.0931
372248 1.7203 8.84154 4.47262 12.8855 13.9095 3.65132 27.92
372253 1.77828 8.88002 4.45238 12.8081 13.8414 3.54716 27.9188
372264 1.77828 8.88002 4.45238 12.8081 13.8414 3.54716 27.9188
372273 1.76862 8.94737 4.40179 12.8178 13.956 3.49209 27.9355
372288 1.80728 8.95699 4.42202 12.7597 13.8547 3.44456 27.946
372300 1.80728 8.95699 4.42202 12.7597 13.8547 3.44456 27.946
372303 1.74929 9.12054 4.40179 12.6338 13.9787 3.31429 27.9054
372329 1.65264 9.0532 4.25 12.2756 14.1621 3.20573 27.2315
372340 5.80841 9.90945 5.525 11.7819 7.84103 0.721741 33.0248
372344 5.80841 9.90945 5.525 11.7819 7.84103 0.721741 33.0248
372354 8.83343 9.72666 6.5875 10.3491 3.27835 -0.686049 35.4967
372366 10.3894 8.90889 6.92143 7.80296 -0.440155 -2.01656 34.0227
372375 10.3894 8.90889 6.92143 7.80296 -0.440155 -2.01656 34.0227
372390 13.3468 8.06225 7.07321 5.02449 -5.47148 -4.16842 33.5067
372399 13.3468 8.06225 7.07321 5.02449 -5.47148 -4.16842 33.5067
372405 14.8061 7.56197 10.5845 3.84339 -9.50191 -3.23684 36.796
372421 15.8499 7.12903 13.9238 3.7369 -11.6314 -1.96295 40.6397
372425 15.8499 7.12903 13.9238 3.7369 -11.6314 -1.96295 40.6397
372435 16.1978 6.17657 13.8631 3.14636 -13.164 -2.04333 39.3839
372450 16.0529 4.81041 13.0131 2.41059 -15.0501 -2.24857 36.287
372456 16.0529 4.81041 13.0131 2.41059 -15.0501 -2.24857 36.287
372474 15.473 3.2326 13.3774 2.02335 -17.2948 -1.45348 34.1063
372476 14.7192 1.85682 14.6018 2.21697 -18.9005 0.10905 33.3947
372491 14.7192 1.85682 14.6018 2.21697 -18.9005 0.10905 33.3947
372505 13.917 1.11602 15.725 2.57517 -19.4632 1.47023 33.3332
372512 13.917 1.11602 15.725 2.57517 -19.4632 1.47023 33.3332
372520 13.1535 1.07753 16.15 2.78815 -19.1728 2.12869 33.1692
372533 12.3223 0.93322 15.7857 2.8172 -19.1139 2.51771 31.8585
372538 12.3223 0.93322 15.7857 2.8172 -19.1139 2.51771 31.8585
372559 11.4139 0.827391 15.3101 2.78815 -19.0415 2.89573 30.3395
372563 10.6407 0.740804 15.1179 2.87528 -18.8449 3.37619 29.3747
372569 10.6407 0.740804 15.1179 2.87528 -18.8449 3.37619 29.3747
372587 9.94485 0.769666 15.1988 3.00114 -18.4794 3.88323 28.9145
372589 9.94485 0.769666 15.1988 3.00114 -18.4794 3.88323 28.9145
372599 9.4423 0.731183 15.3405 3.16572 -18.2062 4.35816 28.6797
372617 8.96873 0.654216 15.3202 3.21412 -18.1308 4.7473 28.1573
372620 8.96873 0.654216 15.3202 3.21412 -18.1308 4.7473 28.1573
372645 8.64014 0.750424 15.3911 3.27221 -17.8305 4.958 28.0538
372647 8.62081 0.673458 15.3101 3.28189 -17.9081 5.00125 27.8863
372650 8.62081 0.673458 15.3101 3.28189 -17.9081 5.00125 27.8863
372660 8.67879 0.731183 15.4113 3.32062 -17.8011 4.96872 28.1419
372675 8.67879 0.731183 15.4113 3.32062 -17.8011 4.96872 28.1419
372685 8.79477 0.865874 15.2292 3.28189 -17.6384 4.71239 28.1717
372691 8.96873 0.904358 15.0774 3.20444 -17.7032 4.47989 28.1549
372704 8.96873 0.904358 15.0774 3.20444 -17.7032 4.47989 28.1549
372711 9.17169 0.904358 14.7131 3.08827 -17.839 4.15676 27.8774
372732 9.38431 0.981324 14.5917 2.95273 -17.9523 3.85816 27.91
372733 9.38431 0.981324 14.5917 2.95273 -17.9523 3.85816 27.91
372741 9.51961 0.904358 14.5107 2.83656 -18.2648 3.73946 27.7712
372759 9.51961 0.904358 14.5107 2.83656 -18.2648 3.73946 27.7712
372763 9.40364 0.81777 14.6524 2.87528 -18.3456 3.94946 27.7491
372773 9.47129 0.721562 14.6625 2.78815 -18.6518 3.93825 27.6435
372789 9.47129 0.721562 14.6625 2.78815 -18.6518 3.93825 27.6435
372795 9.45196 0.711941 14.622 2.72039 -18.7608 3.91465 27.5063
372804 9.61626 0.625354 14.6119 2.63326 -19.0724 3.82196 27.4868
372819 9.61626 0.625354 14.6119 2.63326 -19.0724 3.82196 27.4868
372828 9.92553 0.625354 14.6625 2.58485 -19.2259 3.61344 27.7982
372834 9.92553 0.625354 14.6625 2.58485 -19.2259 3.61344 27.7982
372847 10.2155 0.654216 14.7536 2.58485 -19.2586 3.43983 28.2081
372854 10.4957 0.567629 14.9458 2.60421 -19.4574 3.40051 28.6134
372880 10.8533 0.70232 14.9357 2.57517 -19.3621 3.07325 29.0665
372885 11.2206 0.731183 14.8345 2.47836 -19.5163 2.74792 29.2646
372901 11.2206 0.731183 14.8345 2.47836 -19.5163 2.74792 29.2646
372907 11.5395 0.827391 14.7131 2.39123 -19.5394 2.41121 29.4712
372915 11.5395 0.827391 14.7131 2.39123 -19.5394 2.41121 29.4712
372930 11.8101 0.798529 14.4399 2.3041 -19.7149 2.11327 29.3526
372935 12.0614 0.894737 14.4399 2.3041 -19.6148 1.91305 29.7001
372958 12.0614 0.894737 14.4399 2.3041 -19.6148 1.91305 29.7001
372960 12.4866 0.942841 14.3589 2.29442 -19.6194 1.60749 30.0828
372965 13.0762 1.55857 14.1667 2.53645 -18.4663 0.990028 31.3379
372987 13.0762 1.55857 14.1667 2.53645 -18.4663 0.990028 31.3379
372991 13.9943 3.16525 13.5798 2.71071 -16.2168 -0.38973 33.45
372995 13.9943 3.16525 13.5798 2.71071 -16.2168 -0.38973 33.45
373015 14.3712 3.57895 12.3452 2.71071 -15.472 -1.31532 33.0061
373020 14.7965 4.4352 10.6149 2.48804 -14.2944 -2.84313 32.3346
373026 14.7965 4.4352 10.6149 2.48804 -14.2944 -2.84313 32.3346
373043 15.531 5.59932 8.3381 2.08143 -12.8276 -5.09231 31.5498
373047 16.1785 6.40747 6.73929 2.3041 -11.2287 -6.42248 31.6294
373056 16.1785 6.40747 6.73929 2.3041 -11.2287 -6.42248 31.6294
373071 16.8937 7.38879 7.54881 6.03132 -7.27788 -4.23994 37.8626
373078 16.8937 7.38879 7.54881 6.03132 -7.27788 -4.23994 37.8626
373099 16.3235 8.28353 7.78155 9.22608 -3.96219 -2.7392 41.6146
373102 13.743 9.01471 6.10179 9.55524 -0.829673 -2.77266 38.4148
373110 13.743 9.01471 6.10179 9.55524 -0.829673 -2.77266 38.4148
373128 8.85276 9.04358 4.02738 9.73918 4.66052 -1.95644 31.6629
373130 4.03013 9.16865 3.67321 11.8109 11.5716 1.19515 28.6829
373139 4.03013 9.16865 3.67321 11.8109 11.5716 1.19515 28.6829
373159 2.10688 9.88059 4.70536 14.6572 14.1352 3.52874 31.35
373161 1.77828 10.5733 5.49464 16.5159 14.4172 4.21642 34.3622
373174 1.77828 10.5733 5.49464 16.5159 14.4172 4.21642 34.3622
373192 1.90392 10.91 5.4744 16.7289 14.4647 4.02204 35.0173
373194 1.90392 10.91 5.4744 16.7289 14.4647 4.02204 35.0173
373200 1.82661 10.8138 5.02917 15.8479 14.7729 3.68615 33.5175
373222 1.68164 10.4001 4.71548 14.8798 14.9026 3.55789 31.6771
373224 1.68164 10.4001 4.71548 14.8798 14.9026 3.55789 31.6771
373231 1.56566 9.98642 4.44226 14.2118 15.0551 3.52677 30.2062
373252 1.44002 9.42841 4.33095 13.6794 15.0083 3.7096 28.8788
373260 1.44002 9.42841 4.33095 13.6794 15.0083 3.7096 28.8788
373263 1.32405 9.07244 4.04762 12.9727 15.2037 3.62395 27.4168
373285 1.32405 9.07244 4.04762 12.9727 15.2037 3.62395 27.4168
373287 1.23707 8.70685 3.78452 12.3047 15.3554 3.54084 26.0331
373293 1.14042 8.49519 3.65298 11.8884 15.4806 3.51854 25.177
373314 1.14042 8.49519 3.65298 11.8884 15.4806 3.51854 25.177
373321 1.17908 8.38936 3.72381 12.1014 15.3462 3.69585 25.3936
373323 1.19841 8.54329 3.96667 12.75 15.2392 3.95431 26.4584
373346 1.19841 8.54329 3.96667 12.75 15.2392 3.95431 26.4584
373351 1.27572 8.60102 4.23988 13.3502 14.9595 4.21237 27.4669
373359 1.27572 8.60102 4.23988 13.3502 14.9595 4.21237 27.4669
373377 1.2564 8.47595 4.40179 13.6213 14.8071 4.48061 27.7554
373379 1.19841 8.44709 4.49286 13.8924 14.8482 4.67687 28.0307
373407 1.13076 8.27391 4.57381 14.0085 14.8085 4.9189 27.987
373409 1.01478 8.14884 4.59405 14.0957 14.9315 5.13014 27.8533
373415 1.01478 8.14884 4.59405 14.0957 14.9315 5.13014 27.8533
373438 1.02445 8.10074 4.52321 14.2118 15.0438 5.17397 27.8602
373439 1.02445 8.10074 4.52321 14.2118 15.0438 5.17397 27.8602
373450 0.9278 8.08149 4.70536 14.2118 14.9143 5.32178 27.9265
373455 0.985787 8.11036 4.61429 14.2312 14.979 5.23377 27.9416
373470 0.985787 8.11036 4.61429 14.2312 14.979 5.23377 27.9416
373475 1.05344 8.16808 4.55357 14.2118 14.9828 5.11519 27.9869
373499 1.01478 8.29315 4.59405 14.1828 15.0145 5.05732 28.0848
373502 1.01478 8.29315 4.59405 14.1828 15.0145 5.05732 28.0848
373506 1.11143 8.45671 4.55357 14.1828 14.9928 4.85872 28.3045
373516 1.16941 8.67799 4.56369 14.1247 14.9545 4.64732 28.5358
373534 1.16941 8.67799 4.56369 14.1247 14.9545 4.64732 28.5358
373536 1.19841 8.88964 4.52321 14.1247 15.0445 4.4682 28.736
373557 1.19841 8.88964 4.52321 14.1247 15.0445 4.4682 28.736
373559 1.26606 8.92813 4.44226 13.8633 14.9853 4.26919 28.4998
373568 1.21774 8.84154 4.16905 13.2921 15.2131 4.03441 27.5205
373585 1.21774 8.84154 4.16905 13.2921 15.2131 4.03441 27.5205
373588 1.49801 8.69723 4.34107 12.2079 14.0835 3.5636 26.7442
373598 1.49801 8.69723 4.34107 12.2079 14.0835 3.5636 26.7442
373616 6.89085 9.32258 5.0494 10.291 6.07955 -0.415016 31.5538
373618 10.0318 8.99547 5.48452 7.49317 0.759473 -2.83532 32.005
373649 10.0318 8.99547 5.48452 7.49317 0.759473 -2.83532 32.005
373651 14.2843 8.94737 5.84881 4.02733 -5.40535 -6.05091 33.1078
373652 18.193 9.03396 9.23869 2.63326 -10.0799 -5.89083 39.0989
373683 20.5212 8.83192 12.2542 2.5074 -12.1479 -4.96146 44.1147
373685 21.2813 7.45614 11.9101 1.91686 -13.9896 -5.25454 42.5644
373693 21.2813 7.45614 11.9101 1.91686 -13.9896 -5.25454 42.5644
373716 21.1466 5.69553 11.303 1.23918 -16.1961 -5.44632 39.3843
373719 21.1466 5.69553 11.303 1.23918 -16.1961 -5.44632 39.3843
373730 20.5212 3.68478 11.7988 0.948747 -18.7306 -4.65115 36.9536
373733 19.6072 1.8953 12.9423 0.929385 -21.0074 -3.23579 35.3742
373749 19.6072 1.8953 12.9423 0.929385 -21.0074 -3.23579 35.3742
373752 18.5201 1.14488 13.3875 0.948747 -21.9212 -2.35082 34.0012
373762 17.3848 0.827391 13.2762 1.00683 -22.1777 -1.81374 32.4952
373780 17.3848 0.827391 13.2762 1.00683 -22.1777 -1.81374 32.4952
373782 16.1205 0.606112 12.7601 0.919704 -22.491 -1.50304 30.4065
373793 16.1205 0.606112 12.7601 0.919704 -22.491 -1.50304 30.4065
373812 14.8931 0.384833 12.4869 0.871298 -22.8067 -1.00559 28.6362
373814 13.917 0.279004 12.7399 0.958428 -22.7819 -0.267631 27.8943
373823 13.917 0.279004 12.7399 0.958428 -22.7819 -0.267631 27.8943
373840 13.3178 0.202037 13.1548 1.01651 -22.7997 0.352882 27.6911
373843 12.8926 0.105829 13.6 1.16173 -22.7169 0.952815 27.7601
373871 12.8926 0.105829 13.6 1.16173 -22.7169 0.952815 27.7601
373873 12.5253 0.0769666 14.0554 1.2295 -22.6576 1.44292 27.8871
373881 12.5253 0.0769666 14.0554 1.2295 -22.6576 1.44292 27.8871
373906 12.361 0.057725 14.369 1.31663 -22.5549 1.74365 28.1044
373907 12.2354 0 14.5512 1.33599 -22.6247 1.94781 28.1225
373909 12.2354 0 14.5512 1.33599 -22.6247 1.94781 28.1225
373914 12.3417 0.0384833 14.6726 1.32631 -22.5954 1.91274 28.3791
373938 12.419 0.0481041 14.5917 1.35535 -22.5304 1.83708 28.4141
373939 12.419 0.0481041 14.5917 1.35535 -22.5304 1.83708 28.4141
373945 12.4576 0.0673458 14.5815 1.34567 -22.5169 1.79365 28.4522
373972 12.4576 0.0673458 14.5815 1.34567 -22.5169 1.79365 28.4522
373973 12.448 0.0288625 14.4399 1.29727 -22.6499 1.73335 28.214
373976 12.4287 0.00962083 14.2982 1.20046 -22.8343 1.6432 27.9369
373985 12.4287 0.00962083 14.2982 1.20046 -22.8343 1.6432 27.9369
374005 12.4383 0 14.0857 1.21014 -22.8183 1.54549 27.7342
374006 12.5253 0 13.9339 1.12301 -22.9643 1.37678 27.5822
374020 12.5253 0 13.9339 1.12301 -22.9643 1.37678 27.5822
374039 12.7283 0 13.7417 1.09396 -23.0156 1.14681 27.5639
374041 12.7283 0 13.7417 1.09396 -23.0156 1.14681 27.5639
374055 12.9119 0 13.7619 1.05524 -23.0972 1.03065 27.729
374073 13.2211 0 13.9946 1.09396 -23.0679 0.989478 28.3098
374074 13.2211 0 13.9946 1.09396 -23.0679 0.989478 28.3098
374083 13.1728 0 14.3286 1.11333 -23.0546 1.18946 28.6147
374109 13.1922 0 14.5613 1.0746 -23.1362 1.27155 28.8281
374110 13.1922 0 14.5613 1.0746 -23.1362 1.27155 28.8281
374112 13.4531 0 14.3286 1.04556 -23.1865 0.999591 28.8272
374123 13.743 0 14.106 0.871298 -23.4831 0.644605 28.7203
374145 13.743 0 14.106 0.871298 -23.4831 0.644605 28.7203
374147 14.0716 0 14.2274 0.822893 -23.5872 0.504076 29.1219
374178 14.3132 0 14.3994 0.851936 -23.5592 0.475956 29.5646
374180 14.4582 0 14.6726 0.861617 -23.5636 0.538146 29.9925
374196 14.6225 0 14.6726 0.79385 -23.6808 0.42073 30.089
374215 14.9994 0 14.4905 0.735763 -23.7829 0.112558 30.2257
374218 14.9994 0 14.4905 0.735763 -23.7829 0.112558 30.2257
374221 15.5503 0 14.1869 0.687358 -23.8704 -0.333307 30.4246
374230 15.5503 0 14.1869 0.687358 -23.8704 -0.333307 30.4246
374248 16.1688 0 13.8935 0.590547 -24.0367 -0.824482 30.6528
374251 16.7101 0.0192417 13.3571 0.851936 -23.5921 -1.22189 30.9384
374262 16.7101 0.0192417 13.3571 0.851936 -23.5921 -1.22189 30.9384
374283 17.4233 1.8953 12.3452 1.00683 -20.5585 -2.7394 32.6707
374285 17.4137 3.07866 10.8881 1.39408 -18.1765 -3.75758 32.7745
374291 17.4137 3.07866 10.8881 1.39408 -18.1765 -3.75758 32.7745
374318 17.3945 4.54103 9.03631 1.76196 -15.3723 -5.10355 32.7337
374319 17.3945 4.54103 9.03631 1.76196 -15.3723 -5.10355 32.7337
374322 17.5388 6.89813 7.26548 2.37187 -11.3973 -6.51499 34.0742
374353 17.2117 8.99547 6.60774 4.6082 -6.82448 -6.0088 37.4231
374354 17.2117 8.99547 6.60774 4.6082 -6.82448 -6.0088 37.4231
374355 16.1592 10.4386 6.34464 7.31891 -2.9472 -4.81885 40.2613
374363 13.8493 11.4488 5.07976 7.88041 0.261438 -4.83736 38.2583
374388 13.8493 11.4488 5.07976 7.88041 0.261438 -4.83736 38.2583
374389 10.4377 12.0838 3.55179 7.76424 4.32837 -4.96733 33.8375
374394 10.4377 12.0838 3.55179 7.76424 4.32837 -4.96733 33.8375
374404 6.59125 12.4205 2.57024 8.54841 9.79693 -3.92947 30.1304
374424 3.39227 12.7957 2.61071 10.4362 14.7332 -1.61162 29.2349
374425 3.39227 12.7957 2.61071 10.4362 14.7332 -1.61162 29.2349
374461 2.30984 13.1517 3.2381 12.1691 16.0137 -0.0263742 30.8687
374462 2.34849 13.3826 3.73393 13.0985 15.6607 0.50734 32.5635
374464 2.34849 13.3826 3.73393 13.0985 15.6607 0.50734 32.5635
374469 2.30984 13.1228 3.78452 13.1566 15.5875 0.698939 32.3738
374475 2.20352 12.661 3.76429 13.0888 15.5923 0.940452 31.7177
374497 2.20352 12.661 3.76429 13.0888 15.5923 0.940452 31.7177
374499 2.04889 12.0549 3.79464 12.9436 15.5267 1.28128 30.8421
374506 2.04889 12.0549 3.79464 12.9436 15.5267 1.28128 30.8421
374532 1.91359 11.4007 3.70357 12.8468 15.5956 1.62539 29.8646
374533 1.73962 10.8138 3.84524 12.779 15.4296 2.09278 29.1777
374538 1.73962 10.8138 3.84524 12.779 15.4296 2.09278 29.1777
374548 1.527 10.0922 3.8756 12.6919 15.4164 2.63329 28.1868
374570 1.28539 9.37068 3.78452 12.5564 15.6102 3.15859 26.997
374572 1.28539 9.37068 3.78452 12.5564 15.6102 3.15859 26.997
374579 1.11143 9.04358 3.74405 12.4886 15.7997 3.45483 26.3877
374606 1.11143 9.04358 3.74405 12.4886 15.7997 3.45483 26.3877
374607 1.17908 9.11092 3.70357 12.4208 15.7576 3.3132 26.4144
374608 1.10176 9.45727 3.73393 12.6241 16.0174 3.23161 26.9171
374618 1.10176 9.45727 3.73393 12.6241 16.0174 3.23161 26.9171
374641 1.31438 9.794 3.825 12.8759 15.7596 3.01652 27.8092
374642 1.37237 10.0538 3.92619 13.1856 15.7166 2.98849 28.538
374648 1.37237 10.0538 3.92619 13.1856 15.7166 2.98849 28.538
374675 1.50767 10.275 3.94643 13.3018 15.6064 2.82399 29.031
374677 1.50767 10.275 3.94643 13.3018 15.6064 2.82399 29.031
374679 1.58499 10.3616 3.74405 13.0308 15.7229 2.52156 28.7214
374689 1.49801 10.4675 3.6631 12.7694 15.9129 2.3595 28.3979
374710 1.49801 10.4675 3.6631 12.7694 15.9129 2.3595 28.3979
374710 1.51734 10.5156 3.54167 12.6048 16.0236 2.18966 28.1794
374719 1.47868 10.5444 3.46071 12.4596 16.1618 2.092 27.9434
374747 1.47868 10.5444 3.46071 12.4596 16.1618 2.092 27.9434
374748 1.56566 10.7657 3.54167 12.4305 15.9776 1.92952 28.3036
374754 1.56566 10.7657 3.54167 12.4305 15.9776 1.92952 28.3036
374760 1.62365 10.987 3.50119 12.4692 16.0346 1.7633 28.5811
374781 1.65264 10.9774 3.55179 12.5661 15.9481 1.81988 28.7479
374788 1.65264 10.9774 3.55179 12.5661 15.9481 1.81988 28.7479
374796 1.67197 11.1313 3.57202 12.4983 15.919 1.69725 28.8736
374816 1.67197 11.0736 3.52143 12.5273 15.9819 1.72077 28.7943
374817 1.67197 11.0736 3.52143 12.5273 15.9819 1.72077 28.7943
374824 1.6913 11.1024 3.58214 12.4789 15.8621 1.69851 28.8548
374852 1.6913 11.1024 3.58214 12.4789 15.8621 1.69851 28.8548
374855 1.7203 11.2083 3.50119 12.4499 15.9599 1.56989 28.8796
374856 1.78795 11.4295 3.60238 12.5757 15.8314 1.51075 29.3956
374863 1.78795 11.4295 3.60238 12.5757 15.8314 1.51075 29.3956
374886 1.81694 11.5642 3.58214 12.721 15.9058 1.4765 29.6843
374888 1.93292 11.8913 3.53155 12.5757 15.8717 1.14413 29.9315
374894 1.93292 11.8913 3.53155 12.5757 15.8717 1.14413 29.9315
374921 2.03923 12.2377 3.28869 12.1014 16.0205 0.562817 29.667
374923 2.03923 12.2377 3.1369 12.1014 16.2314 0.488572 29.5152
374924 2.33883 12.6321 3.1369 11.2688 15.6801 -0.288636 29.3767
374934 3.98181 13.1709 3.69345 10.0296 12.5707 -1.66619 30.8758
374960 6.48493 13.4692 10.9994 9.59396 3.43966 0.23649 40.5475
374965 8.93007 13.3248 13.9643 7.44476 -1.21654 -0.290584 43.664
374993 8.93007 13.3248 13.9643 7.44476 -1.21654 -0.290584 43.664
374994 10.4377 12.2184 11.6268 4.72437 -3.28253 -2.42456 39.0074
374996 11.3559 10.6887 10.3214 3.23349 -5.44606 -3.57717 35.5995
375032 11.3559 10.6887 10.3214 3.23349 -5.44606 -3.57717 35.5995
375032 12.448 8.74533 10.2506 2.40091 -8.53331 -3.78572 33.8448
375034 12.448 8.74533 10.2506 2.40091 -8.53331 -3.78572 33.8448
375037 13.2115 6.37861 11.0905 1.85877 -12.3424 -3.0613 32.5393
375046 13.6947 3.86757 12.922 1.60706 -16.4702 -1.41776 32.0914
375077 14.1006 1.70289 14.4298 1.57802 -19.8432 0.0963199 31.8113
375079 14.4969 0.673458 15.1077 1.62642 -21.3957 0.73524 31.9045
375088 14.4969 0.673458 15.1077 1.62642 -21.3957 0.73524 31.9045
375116 15.0574 0.683079 14.9155 1.55866 -21.5206 0.341601 32.2146
375117 15.0574 0.683079 14.9155 1.55866 -21.5206 0.341601 32.2146
375119 15.328 0.57725 14.3792 1.33599 -21.9747 -0.0901884 31.6204
375128 15.5117 0.615733 13.7821 1.20046 -22.081 -0.551971 31.11
375154 15.5117 0.615733 13.7821 1.20046 -22.081 -0.551971 31.11
375157 15.4343 0.57725 13.0435 1.03588 -22.3196 -0.963209 30.0909
375165 15.3087 0.47142 12.4464 0.929385 -22.5977 -1.23695 29.1559
375194 15.3087 0.47142 12.4464 0.929385 -22.5977 -1.23695 29.1559
375195 15.1057 0.413696 12.0214 0.755125 -22.9347 -1.45403 28.296
375196 15.1057 0.413696 12.0214 0.755125 -22.9347 -1.45403 28.296
375201 14.7965 0.298246 11.8393 0.745444 -23.1147 -1.36021 27.6794
375210 14.4679 0.211658 11.9911 0.745444 -23.2545 -1.06307 27.4161
375232 14.4679 0.211658 11.9911 0.745444 -23.2545 -1.06307 27.4161
375238 14.4872 0.2309 12.072 0.832574 -23.075 -0.984794 27.6227
375240 14.5549 0.240521 11.9202 0.755125 -23.1878 -1.1576 27.4707
375269 14.5549 0.240521 11.9202 0.755125 -23.1878 -1.1576 27.4707
375271 14.5935 0.202037 11.9405 0.658314 -23.4297 -1.20286 27.3943
375275 14.5935 0.202037 11.9405 0.658314 -23.4297 -1.20286 27.3943
375280 14.6418 0.144312 11.8089 0.70672 -23.4414 -1.24745 27.3018
375305 14.7095 0.134692 11.9911 0.638952 -23.5921 -1.20886 27.4742
375307 14.7095 0.134692 11.9911 0.638952 -23.5921 -1.20886 27.4742
375311 14.9608 0.0673458 12.0923 0.542141 -23.8984 -1.29799 27.6625
375321 15.299 0.0865874 12.2744 0.561503 -23.8518 -1.3552 28.2215
375347 15.299 0.0865874 12.2744 0.561503 -23.8518 -1.3552 28.2215
375348 15.618 0.211658 12.2137 0.590547 -23.5992 -1.58486 28.6339
375356 15.618 0.211658 12.2137 0.590547 -23.5992 -1.58486 28.6339
375361 15.7243 0.125071 12.0619 0.571185 -23.7777 -1.69381 28.4824
375388 15.8789 0.153933 11.819 0.522779 -23.8075 -1.95122 28.3747
375394 16.0335 0.163554 11.6571 0.455011 -23.9075 -2.16446 28.3092
375403 16.1592 0.202037 11.6268 0.44533 -23.8616 -2.26272 28.4333
375429 16.1592 0.202037 11.6268 0.44533 -23.8616 -2.26272 28.4333
375430 16.2075 0.288625 11.7179 0.503417 -23.621 -2.23289 28.7174
375434 16.2075 0.288625 11.7179 0.503417 -23.621 -2.23289 28.7174
375444 16.2558 0.279004 12.0012 0.648633 -23.4107 -1.99677 29.1847
375470 16.3041 0.365591 12.3655 0.726082 -23.166 -1.80344 29.7613
375480 16.3331 0.413696 12.578 0.79385 -22.9954 -1.68086 30.1187
375484 16.3428 0.432937 12.6083 0.79385 -22.9674 -1.67684 30.1779
375518 16.3428 0.432937 12.6083 0.79385 -22.9674 -1.67684 30.1779
375518 16.3138 0.4618 12.5274 0.755125 -22.9757 -1.74318 30.0581
375520 16.3138 0.4618 12.5274 0.755125 -22.9757 -1.74318 30.0581
375574 16.1592 0.413696 12.2137 0.648633 -23.1955 -1.89088 29.4352
375575 16.1592 0.413696 12.2137 0.648633 -23.1955 -1.89088 29.4352
375577 16.8357 1.85682 11.8494 0.784169 -20.7847 -2.90123 31.3261
375580 16.884 1.88568 11.1512 0.910023 -20.4661 -3.26385 30.8309
375582 16.884 1.88568 11.1512 0.910023 -20.4661 -3.26385 30.8309
375586 17 2.42445 10.0988 0.958428 -19.451 -4.11749 30.4817
375610 17 2.42445 10.0988 0.958428 -19.451 -4.11749 30.4817
375612 17.2501 3.70402 8.60119 1.11333 -17.1461 -5.49729 30.6687
375616 17.6254 5.46463 7.69048 3.00114 -12.4699 -5.50523 33.7816
375649 18.2411 8.10074 9.07679 9.00342 -5.74812 -2.7897 44.422
375652 16.6617 8.16808 7.92321 9.61333 -4.01471 -2.58222 42.3664
375656 16.6617 8.16808 7.92321 9.61333 -4.01471 -2.58222 42.3664
375680 13.4144 7.91794 5.85893 8.79043 -1.78215 -2.786 35.9817
375683 13.4144 7.91794 5.85893 8.79043 -1.78215 -2.786 35.9817
375688 9.15236 7.75439 4.55357 9.44875 2.82862 -1.4095 30.9091
375698 4.94827 8.08149 4.35119 11.627 8.97085 1.52463 29.0079
375714 4.94827 8.08149 4.35119 11.627 8.97085 1.52463 29.0079
375718 2.43547 8.60102 5.0494 14.0279 12.5723 4.00521 30.1138
375728 1.75895 9.11092 5.85893 15.7511 13.2729 4.96007 32.4799
375752 1.75895 9.11092 5.85893 15.7511 13.2729 4.96007 32.4799
375753 1.74929 9.42841 6.19286 16.3514 13.2241 5.05599 33.7219
375758 1.74929 9.42841 6.19286 16.3514 13.2241 5.05599 33.7219
375768 1.71063 9.22637 6.0006 16.1287 13.3398 5.07721 33.0663
375791 1.61399 8.86078 5.91964 15.5285 13.2003 5.15618 31.9229
375794 1.61399 8.86078 5.91964 15.5285 13.2003 5.15618 31.9229
375799 1.48835 8.53367 5.59583 15.0057 13.4334 5.18205 30.6235
375826 1.37237 8.14884 5.44405 14.5023 13.434 5.30675 29.4675
375834 1.31438 7.80249 5.3125 14.0182 13.3525 5.38561 28.4476
375839 1.31438 7.80249 5.3125 14.0182 13.3525 5.38561 28.4476
375861 1.15975 7.47538 5.14048 13.631 13.506 5.54775 27.4066
375862 1.0921 7.32145 5.03929 13.5245 13.636 5.64376 26.9773
375894 1.0921 7.32145 5.03929 13.5245 13.636 5.64376 26.9773
375895 1.14042 7.30221 5.08988 13.6697 13.5482 5.68903 27.2022
375896 1.15009 7.42728 5.33274 14.0957 13.4259 5.81186 28.0058
375909 1.15009 7.42728 5.33274 14.0957 13.4259 5.81186 28.0058
375931 1.23707 7.55235 5.33274 14.299 13.442 5.72231 28.4211
375932 1.23707 7.55235 5.33274 14.299 13.442 5.72231 28.4211
375936 1.17908 7.47538 5.43393 14.3183 13.3601 5.86013 28.4067
375941 1.15009 7.40804 5.37321 14.4055 13.4897 5.93957 28.3368
375970 1.15009 7.40804 5.37321 14.4055 13.4897 5.93957 28.3368
375972 1.12109 7.38879 5.44405 14.4829 13.4566 6.02233 28.4368
375973 1.11143 7.35993 5.56548 14.5604 13.3259 6.11309 28.5972
375986 1.11143 7.35993 5.56548 14.5604 13.3259 6.11309 28.5972
376004 1.13076 7.24448 5.525 14.6378 13.3388 6.19571 28.5381
376005 1.13076 7.24448 5.525 14.6378 13.3388 6.19571 28.5381
376013 1.01478 7.23486 5.59583 14.6862 13.4153 6.32581 28.5317
376041 1.11143 7.08093 5.53512 14.7153 13.3159 6.35911 28.4427
376049 1.04377 7.07131 5.50476 14.6378 13.4128 6.38455 28.2577
376054 1.07277 7.10979 5.43393 14.6281 13.4815 6.3089 28.2446
376079 1.07277 7.10979 5.43393 14.6281 13.4815 6.3089 28.2446
376080 1.12109 7.15789 5.4744 14.57 13.3568 6.23095 28.3234
376084 1.07277 7.21562 5.44405 14.6959 13.5382 6.25339 28.4283
376094 1.07277 7.21562 5.44405 14.6959 13.5382 6.25339 28.4283
376120 1.12109 7.4369 5.56548 14.754 13.4225 6.10934 28.8775
376121 1.12109 7.4369 5.56548 14.754 13.4225 6.10934 28.8775
376125 1.24673 7.55235 5.62619 14.7927 13.2385 5.96541 29.218
376135 1.23707 7.76401 5.525 14.8508 13.4908 5.808 29.3769
376161 1.23707 7.76401 5.525 14.8508 13.4908 5.808 29.3769
376162 1.28539 7.8987 5.5756 14.8798 13.426 5.70422 29.6395
376166 1.28539 7.95642 5.62619 14.8121 13.3565 5.65857 29.6801
376176 1.28539 7.95642 5.62619 14.8121 13.3565 5.65857 29.6801
376199 1.24673 7.9468 5.44405 14.5313 13.531 5.54452 29.1689
376201 1.24673 7.9468 5.44405 14.5313 13.531 5.54452 29.1689
376208 2.9477 8.34126 5.97024 14.0957 10.779 4.19885 31.3549
376232 4.88061 8.84154 6.39524 13.0598 8.00662 2.59194 33.1772
376233 4.88061 8.84154 6.39524 13.0598 8.00662 2.59194 33.1772
376245 6.37862 8.90889 7.32619 11.5011 4.9137 1.55643 34.1148
376267 8.85276 8.85116 12.9321 10.2523 -1.6395 2.01054 40.8883
376269 8.85276 8.85116 12.9321 10.2523 -1.6395 2.01054 40.8883
376269 9.49062 7.87946 13.0333 6.92198 -5.17243 1.03893 37.3254
376306 9.49062 7.87946 13.0333 6.92198 -5.17243 1.03893 37.3254
376308 9.86754 6.67685 11.981 3.87244 -8.71912 -0.31993 32.3978
376308 10.6987 5.94567 12.4262 2.54613 -11.5707 -0.793273 31.6167
376314 10.6987 5.94567 12.4262 2.54613 -11.5707 -0.793273 31.6167
376319 11.7135 5.47425 13.9542 2.42027 -13.239 -0.363483 33.5622
376342 12.1774 4.80079 15.5935 2.54613 -14.5396 0.49608 35.1177
376347 12.1774 4.80079 15.5935 2.54613 -14.5396 0.49608 35.1177
