4585677 21.2716 9.50584 32.9388 13.2916 -10.198 3.00999 77.0078
4585684 21.2716 9.50584 32.9388 13.2916 -10.198 3.00999 77.0078
4585700 20.9926 8.2453 34 13.6481 -10.7624 3.59172 76.8861
4585716 20.6463 7.49416 34 14.0047 -10.883 3.9131 76.1452
4585725 20.2711 7.22651 34 14.3078 -10.7963 4.11783 75.8054
4585742 20.2711 7.22651 34 14.3078 -10.7963 4.11783 75.8054
4585747 19.8574 7.097 34 14.388 -10.7417 4.26725 75.3424
4585756 19.4533 6.98476 34 14.2187 -10.7994 4.37615 74.6567
4585767 19.4533 6.98476 34 14.2187 -10.7994 4.37615 74.6567
4585776 18.953 6.84662 34 13.9691 -10.8913 4.50789 73.7687
4585789 18.953 6.84662 34 13.9691 -10.8913 4.50789 73.7687
4585799 18.4335 6.57897 34 13.559 -11.1254 4.6602 72.5715
4585809 18.0294 6.41493 33.1914 13.1222 -11.1944 4.63607 70.758
4585817 18.0294 6.41493 33.1914 13.1222 -11.1944 4.63607 70.758
4585831 17.7216 6.31996 32.3627 12.7389 -11.2178 4.56879 69.143
4585840 17.6157 6.23362 31.8068 12.3912 -11.3148 4.48554 68.0473
4585849 17.6157 6.23362 31.8068 12.3912 -11.3148 4.48554 68.0473
4585859 17.7119 6.23362 31.7765 12.4982 -11.2711 4.46988 68.2202
4585868 17.7119 6.23362 31.7765 12.4982 -11.2711 4.46988 68.2202
4585879 18.1449 7.37329 31.8977 12.9439 -10.5619 4.11957 70.3598
4585889 18.6259 9.09142 31.5642 13.5055 -9.47738 3.57599 72.7871
4585899 18.6259 9.09142 31.5642 13.5055 -9.47738 3.57599 72.7871
4585909 19.4437 12.1305 30.1088 14.0315 -7.72326 2.4895 75.7145
4585919 20.4154 15.9294 27.8549 14.3791 -5.71457 1.12421 78.5789
4585934 20.4154 15.9294 27.8549 14.3791 -5.71457 1.12421 78.5789
4585940 20.9734 19.4873 24.6712 14.3613 -3.70974 -0.269498 79.4933
4585951 21.137 23.0461 20.6688 14.4326 -1.3644 -1.71817 79.2846
4585962 21.137 23.0461 20.6688 14.4326 -1.3644 -1.71817 79.2846
4585970 20.7329 26.0597 16.7571 15.0834 1.16141 -2.85224 78.633
4585989 20.7329 26.0597 16.7571 15.0834 1.16141 -2.85224 78.633
4585992 19.8574 28.901 13.9269 17.8008 4.01232 -3.17396 80.4861
4586004 18.6452 31.0248 12.311 21.8337 6.53297 -2.77849 83.8146
4586021 16.9154 32.0197 11.1434 24.5352 8.41946 -2.35007 84.6137
4586031 15.1308 32.5841 10.1159 25.7701 9.90044 -2.12238 83.6011
4586041 15.1308 32.5841 10.1159 25.7701 9.90044 -2.12238 83.6011
4586051 13.0418 32.7659 9.06044 26.6771 11.4479 -1.85238 81.5452
4586062 13.0418 32.7659 9.06044 26.6771 11.4479 -1.85238 81.5452
4586071 10.9443 32.7563 8.18242 27.7577 12.9919 -1.46167 79.6407
4586081 8.90597 32.6224 7.65 29.311 14.4534 -0.872862 78.4894
4586107 7.28209 32.3641 7.34176 30.9994 15.6242 -0.251002 77.9874
4586116 6.28408 32.3545 7.34176 32.5142 16.3205 0.232628 78.4946
4586122 6.28408 32.3545 7.34176 32.5142 16.3205 0.232628 78.4946
4586136 5.81045 32.5267 7.36044 33.3922 16.6735 0.458105 79.0898
4586143 5.81045 32.5267 7.36044 33.3922 16.6735 0.458105 79.0898
4586158 5.7005 32.5363 7.43516 33.7491 16.7304 0.556687 79.4211
4586164 5.65821 32.498 7.29505 33.2667 16.7724 0.458388 78.718
4586190 5.599 32.278 6.96813 32.0511 16.8285 0.222809 76.8962
4586195 5.49751 32.0484 6.52912 30.681 16.9561 -0.0673673 74.7561
4586205 5.49751 32.0484 6.52912 30.681 16.9561 -0.0673673 74.7561
4586215 5.51443 31.7805 6.19286 29.3303 16.9613 -0.364975 72.8181
4586225 5.51443 31.7805 6.19286 29.3303 16.9613 -0.364975 72.8181
4586235 5.42985 31.3118 5.87527 28.3365 17.0334 -0.534814 70.9534
4586248 5.23532 30.9195 5.79121 27.9217 17.109 -0.524266 69.8677
4586260 5.23532 30.9195 5.79121 27.9217 17.109 -0.524266 69.8677
4586270 5.19303 30.5656 5.82857 27.6998 17.0464 -0.48283 69.2869
4586277 5.11692 30.2499 6.00604 27.8348 16.9641 -0.330719 69.2077
4586291 5.11692 30.2499 6.00604 27.8348 16.9641 -0.330719 69.2077
4586296 5.98806 30.4508 6.82802 28.0375 16.0131 -0.330977 71.3043
4586307 8.12786 30.4508 8.14505 28.0375 14.1167 -0.480753 74.7611
4586320 8.12786 31.1874 8.14505 27.9699 14.2133 -0.636405 75.4302
4586334 11.4602 32.211 9.40604 26.9376 11.961 -1.37367 80.0148
4586349 14.3866 32.4406 10.3308 24.5545 9.87541 -2.19219 81.7124
4586359 16.8985 31.9814 10.8258 21.0522 7.83493 -3.15794 80.758
4586367 16.8985 31.9814 10.8258 21.0522 7.83493 -3.15794 80.758
4586384 19.3186 31.2448 11.3676 17.164 5.60168 -4.17823 79.095
4586388 21.4833 30.2881 12.6659 14.397 3.34114 -4.70135 78.8343
4586403 21.4833 30.2881 12.6659 14.397 3.34114 -4.70135 78.8343
4586409 23.2439 28.8244 16.0192 13.5144 0.942287 -4.14231 81.602
4586419 23.2439 28.8244 16.0192 13.5144 0.942287 -4.14231 81.602
4586429 24.0713 26.5571 22.1344 14.2811 -1.5416 -2.44928 87.0439
4586439 23.8404 23.5723 26.9352 14.914 -3.44192 -0.934921 89.2619
4586449 23.8404 23.5723 26.9352 14.914 -3.44192 -0.934921 89.2619
4586459 22.8014 19.65 28.9667 14.29 -5.20024 0.14095 85.708
4586469 22.8014 19.65 28.9667 14.29 -5.20024 0.14095 85.708
4586489 22.1279 15.3423 30.7556 13.3896 -7.39799 1.2268 81.6155
4586490 21.6757 11.6902 32.2717 12.7299 -9.41948 2.22714 78.3676
4586499 21.6757 11.6902 32.2717 12.7299 -9.41948 2.22714 78.3676
4586514 21.5314 9.22092 33.7979 12.4268 -10.9388 3.015 76.977
4586520 21.416 7.77908 34 12.6765 -11.5196 3.45612 75.8715
4586530 21.416 7.77908 34 12.6765 -11.5196 3.45612 75.8715
4586540 21.2716 7.10564 34 13.0152 -11.6559 3.70818 75.3925
4586550 20.9638 7.10564 34 13.1668 -11.5275 3.80748 75.2362
4586560 20.9638 6.82072 34 13.1668 -11.6664 3.87897 74.9513
4586570 20.6463 6.69121 34 12.9974 -11.7568 3.96716 74.3349
4586585 20.6463 6.69121 34 12.9974 -11.7568 3.96716 74.3349
4586592 20.3192 6.5099 34 12.6497 -11.9625 4.04619 73.4788
4586603 20.0113 6.3804 34 12.3288 -12.1362 4.1124 72.7205
4586611 20.0113 6.3804 34 12.3288 -12.1362 4.1124 72.7205
4586625 19.4726 6.20772 34 12.2575 -12.1659 4.29063 71.9377
4586631 19.0589 6.05231 34 12.3288 -12.1353 4.45499 71.44
4586641 19.0589 6.05231 34 12.3288 -12.1353 4.45499 71.44
4586651 18.751 5.91417 34 12.2753 -12.1798 4.56936 70.9405
4586669 18.751 5.91417 34 12.2753 -12.1798 4.56936 70.9405
4586673 18.6452 5.8451 34 12.2129 -12.2297 4.60856 70.7032
4586683 18.5586 5.8451 34 12.2842 -12.1765 4.64306 70.6879
4586701 18.5586 5.8451 34 12.2842 -12.1765 4.64306 70.6879
4586702 18.549 5.93144 34 12.5606 -11.985 4.66214 71.041
4586716 18.5874 6.47537 34 12.9528 -11.5111 4.55943 72.0156
4586722 18.5874 6.47537 34 12.9528 -11.5111 4.55943 72.0156
4586741 18.7702 7.71001 34 13.5679 -10.6324 4.27175 74.0481
4586751 18.7702 7.71001 34 13.5679 -10.6324 4.27175 74.0481
4586760 19.3379 9.99797 34 14.0136 -9.47849 3.62209 77.3495
4586765 20.0209 12.5536 32.9185 14.3078 -8.16974 2.75407 79.8009
4586774 20.0209 12.5536 32.9185 14.3078 -8.16974 2.75407 79.8009
4586784 20.5886 15.2732 30.1694 14.2989 -6.59337 1.60709 80.3301
4586794 21.0119 18.3011 26.5612 14.0047 -4.77828 0.235294 79.8789
4586809 21.0119 18.3011 26.5612 14.0047 -4.77828 0.235294 79.8789
4586815 20.9542 20.8841 22.5285 13.7729 -2.82369 -1.06286 78.1397
4586827 20.9542 20.8841 22.5285 13.7729 -2.82369 -1.06286 78.1397
4586835 20.6367 23.4288 18.6677 14.2454 -0.529402 -2.17315 76.9786
4586850 19.9151 25.39 15.8978 16.8217 2.05024 -2.41954 78.0246
4586855 19.9151 25.39 15.8978 16.8217 2.05024 -2.41954 78.0246
4586865 18.7895 26.8824 14.5527 21.4478 4.58783 -1.77624 81.6724
4586875 17.4907 27.6669 13.9269 25.7605 6.48529 -0.967076 84.8449
4586890 17.4907 27.6669 13.9269 25.7605 6.48529 -0.967076 84.8449
4586897 15.7652 27.8965 12.7033 28.0182 8.13141 -0.522647 84.3831
4586906 15.7652 27.8965 12.7033 28.0182 8.13141 -0.522647 84.3831
4586919 13.5239 28.0304 11.2462 29.2628 9.90795 -0.191075 82.0632
4586927 10.9358 27.9634 9.77033 30.3434 11.897 0.230554 79.0129
4586936 10.9358 27.9634 9.77033 30.3434 11.897 0.230554 79.0129
4586946 8.36468 27.8678 8.66813 31.723 13.8854 0.814124 76.6236
4586965 6.39403 27.9634 8.19176 33.4404 15.4028 1.43599 75.9896
4586967 6.39403 27.9634 8.19176 33.4404 15.4028 1.43599 75.9896
4586977 5.43831 28.4322 8.16374 34 16.0553 1.63609 76.0342
4587004 5.0408 28.9488 8.2011 34 16.31 1.61664 76.1907
4587011 5.06617 29.4367 8.19176 34 16.3567 1.5038 76.6946
4587019 5.06617 29.4367 8.19176 34 16.3567 1.5038 76.6946
4587035 5.11692 29.7524 7.93022 34 16.5057 1.37909 76.7995
4587039 5.14229 29.8576 7.49121 33.6527 16.7042 1.21033 76.1438
4587065 5.13383 29.8576 7.01484 31.9642 16.7882 0.808625 73.9705
4587074 5.13383 29.8576 7.01484 31.9642 16.7882 0.808625 73.9705
4587083 5.1592 29.762 6.62253 30.5846 16.8328 0.475389 72.1283
4587091 5.1592 29.5993 6.47308 29.6776 16.7978 0.294501 70.9092
4587107 5.1592 29.5993 6.47308 29.6776 16.7978 0.294501 70.9092
4587110 5.1 29.408 6.31429 29.3593 16.868 0.249115 70.1815
4587120 5.07463 29.2932 6.35165 29.34 16.8453 0.283429 70.0594
4587139 5.07463 29.2932 6.35165 29.34 16.8453 0.283429 70.0594
4587140 5.14229 29.4271 6.80934 29.7066 16.5935 0.410741 71.0853
4587154 5.14229 29.4271 6.80934 29.7066 16.5935 0.410741 71.0853
4587169 6.11493 29.9055 7.50055 30.0925 15.752 0.320458 73.6134
4587179 8.07711 30.7473 8.56538 30.1118 14.2631 -0.0285003 77.5016
4587186 8.07711 30.7473 8.56538 30.1118 14.2631 -0.0285003 77.5016
4587196 10.5045 31.5701 9.34066 29.1277 12.6804 -0.671601 80.5429
4587203 12.6189 31.8762 10.0038 27.0148 11.1233 -1.37581 81.5137
4587213 12.6189 31.8762 10.0038 27.0148 11.1233 -1.37581 81.5137
4587225 14.9448 31.8571 10.4335 23.8212 9.34532 -2.32192 81.0566
4587233 17.3752 31.8571 11.2835 25.1913 8.281 -2.23275 85.7071
4587249 17.3752 31.2926 11.2835 20.2514 7.13358 -3.2043 80.2028
4587253 19.6361 30.3455 13.2544 17.2509 4.56778 -3.62973 80.4869
4587262 19.6361 30.3455 13.2544 17.2509 4.56778 -3.62973 80.4869
4587277 21.3967 29.1019 17.9298 16.5364 1.85716 -2.8304 84.9649
4587283 22.3396 27.4181 22.6498 16.7326 -0.235218 -1.7459 89.1401
4587297 22.3396 27.4181 22.6498 16.7326 -0.235218 -1.7459 89.1401
4587304 22.2915 24.9021 24.6914 15.85 -1.77546 -1.1373 87.735
4587314 22.2915 24.9021 24.6914 15.85 -1.77546 -1.1373 87.735
4587324 22.0028 21.3528 25.5101 14.3791 -3.53804 -0.624621 83.2449
4587334 21.7142 17.22 26.3288 12.9885 -5.69781 0.0734156 78.2515
4587345 21.7142 17.22 26.3288 12.9885 -5.69781 0.0734156 78.2515
4587354 21.4737 13.6501 27.8549 12.1862 -7.81362 0.981309 75.1648
4587370 21.2813 10.6714 29.9976 12.0792 -9.6341 2.05137 74.0295
4587379 21.2813 10.6714 29.9976 12.0792 -9.6341 2.05137 74.0295
4587395 21.1947 8.71153 32.0493 12.516 -10.7479 2.95263 74.4715
4587398 21.1947 8.71153 32.0493 12.516 -10.7479 2.95263 74.4715
4587405 21.0792 7.64957 33.7979 13.0687 -11.2966 3.59898 75.5954
4587419 21.0407 7.31285 34 13.4966 -11.2825 3.78568 75.8502
4587425 21.0407 7.31285 34 13.4966 -11.2825 3.78568 75.8502
4587435 21.0311 7.33012 34 13.7105 -11.1705 3.81534 76.0718
4587454 20.7906 7.26105 34 13.6392 -11.1937 3.88176 75.6909
4587469 20.7906 7.26105 34 13.6392 -11.1937 3.88176 75.6909
4587471 20.2903 7.08837 34 13.3094 -11.3447 4.00279 74.6881
4587481 19.7419 6.88979 33.3228 13.042 -11.3475 4.05493 72.9965
4587493 19.7419 6.88979 33.3228 13.042 -11.3475 4.05493 72.9965
4587499 19.0108 6.67395 32.6153 12.721 -11.3456 4.15053 71.0211
4587507 19.0108 6.67395 32.6153 12.721 -11.3456 4.15053 71.0211
4587519 18.6067 6.55307 31.827 12.4358 -11.3237 4.12755 69.4225
4587531 18.2988 6.50127 31.3115 12.2664 -11.2765 4.11927 68.378
4587543 18.2988 6.50127 31.3115 12.2664 -11.2765 4.11927 68.378
4587547 18.1256 6.44947 31.0892 12.1772 -11.2719 4.13272 67.8415
4587557 18.3758 7.74454 31.3419 12.9706 -10.2944 3.87437 70.4328
4587568 18.3758 7.74454 31.3419 12.9706 -10.2944 3.87437 70.4328
4587578 18.8183 9.72169 31.1397 13.9958 -8.90409 3.37876 73.6755
4587604 19.386 13.1493 30.5333 15.1725 -6.90092 2.52499 78.2411
4587608 19.6457 16.0934 29.0375 15.9035 -5.17048 1.71079 80.6801
4587623 19.6457 16.0934 29.0375 15.9035 -5.17048 1.71079 80.6801
4587629 19.6553 18.8081 26.4905 16.162 -3.44436 0.774645 81.116
4587655 19.5688 21.2763 23.1754 16.0907 -1.67802 -0.295645 80.1112
4587659 19.2224 23.4001 19.3145 16.0016 0.277391 -1.40619 77.9386
4587669 19.2224 23.4001 19.3145 16.0016 0.277391 -1.40619 77.9386
4587679 18.7029 25.4091 15.6549 16.1442 2.36971 -2.43301 75.9112
4587691 17.8659 27.0163 12.7687 17.4052 4.59223 -2.93946 75.0561
4587699 17.8659 27.0163 12.7687 17.4052 4.59223 -2.93946 75.0561
4587716 16.9154 28.3748 11.433 21.5925 6.90121 -2.3491 78.3157
4587720 16.9154 28.3748 11.433 21.5925 6.90121 -2.3491 78.3157
4587730 15.8075 29.188 11.5077 27.256 8.69421 -1.11602 83.7591
4587741 14.3612 29.3219 11.3396 30.9608 10.0548 -0.241213 85.9835
4587750 14.3612 29.3219 11.3396 30.9608 10.0548 -0.241213 85.9835
4587766 12.4328 29.1306 10.5363 32.6493 11.4487 0.287107 84.7489
4587779 10.3099 28.7288 9.57418 33.6237 12.9104 0.758641 82.2366
4587792 10.3099 28.7288 9.57418 33.6237 12.9104 0.758641 82.2366
4587794 8.18707 28.2887 8.64945 34 14.3608 1.17037 79.1252
4587802 6.39403 27.8773 8.18242 34 15.4671 1.55213 76.4538
4587817 6.39403 27.8773 8.18242 34 15.4671 1.55213 76.4538
4587821 5.27761 27.5712 8.19176 34 16.0253 1.86758 75.0406
4587842 5.27761 27.5712 8.19176 34 16.0253 1.86758 75.0406
4587849 4.6602 27.5425 8.2011 34 16.3571 2.01571 74.4038
4587857 4.46567 27.5234 8.37857 34 16.3644 2.09558 74.3676
4587869 4.46567 27.5234 8.37857 34 16.3644 2.09558 74.3676
4587872 4.48259 27.399 8.43462 34 16.3093 2.13003 74.3162
4587882 4.38955 26.9876 8.38791 34 16.3391 2.23902 73.7651
4587897 4.38955 26.9876 8.38791 34 16.3391 2.23902 73.7651
4587904 4.28806 26.4519 8.23846 34 16.4177 2.36341 72.9784
4587919 4.28806 26.4519 8.23846 34 16.4177 2.36341 72.9784
4587922 4.17811 25.7727 7.91154 34 16.5883 2.4966 71.8623
4587945 4.07662 25.1987 7.67802 34 16.7166 2.62202 70.9533
4587948 4.07662 25.1987 7.67802 34 16.7166 2.62202 70.9533
4587952 3.94129 24.5959 7.36044 34 16.9155 2.75185 69.8977
4587970 3.94129 24.5959 7.36044 34 16.9155 2.75185 69.8977
4587974 3.83134 24.2707 7.13626 34 17.0798 2.82378 69.2383
4587984 3.7806 24.1367 7.01484 33.643 17.1288 2.78683 68.5752
4587997 3.7806 24.1367 7.01484 33.643 17.1288 2.78683 68.5752
4588004 3.91592 24.242 7.32308 33.2957 16.8294 2.71768 68.7767
4588023 4.77861 24.7777 8.17308 33.2571 15.8774 2.50904 70.9865
4588026 4.77861 24.7777 8.17308 33.2571 15.8774 2.50904 70.9865
4588036 6.90995 25.9353 9.28462 32.8036 14.194 1.85024 74.9335
4588048 9.48109 25.9353 10.2187 31.395 12.2129 1.2068 77.0301
4588055 9.48109 27.1885 10.2187 31.395 12.4176 0.947342 78.2833
4588065 11.4517 28.04 10.9753 29.2435 10.9322 0.136818 79.7104
4588076 11.4517 28.04 10.9753 29.2435 10.9322 0.136818 79.7104
4588085 13.2786 28.5757 11.6478 26.542 9.42958 -0.686714 80.0441
4588102 15.2831 29.1019 12.2456 23.416 7.80457 -1.63467 80.0466
4588107 15.2831 29.1019 12.2456 23.416 7.80457 -1.63467 80.0466
4588116 16.8731 29.3506 13.4132 20.6373 6.13572 -2.27468 80.2743
4588130 16.8731 29.3506 13.4132 20.6373 6.13572 -2.27468 80.2743
4588140 18.2218 29.1784 16.5984 19.3445 4.11033 -2.06209 83.3431
4588146 18.7029 28.5757 21.6593 19.8558 2.27192 -0.973615 88.7938
4588158 18.7029 28.5757 21.6593 19.8558 2.27192 -0.973615 88.7938
4588184 18.193 27.2459 24.2164 19.6339 1.25168 -0.266865 89.2892
4588186 17.5965 25.2273 25.1159 18.3411 0.24803 0.11008 86.2809
4588187 17.5965 25.2273 25.1159 18.3411 0.24803 0.11008 86.2809
4588196 17.0385 22.2043 26.3288 16.9554 -1.2746 0.734568 82.527
4588215 17.0385 22.2043 26.3288 16.9554 -1.2746 0.734568 82.527
4588224 16.4841 18.435 28.1784 16.0283 -3.22244 1.76066 79.1258
4588238 15.9682 14.7811 30.6243 15.5558 -5.28259 3.00877 76.9294
4588238 15.9682 14.7811 30.6243 15.5558 -5.28259 3.00877 76.9294
4588247 15.41 11.7161 33.525 15.6093 -7.08412 4.3289 76.2604
4588264 14.9279 8.92737 34 15.9303 -8.15547 5.30084 73.7855
4588267 14.9279 8.92737 34 15.9303 -8.15547 5.30084 73.7855
4588278 14.5134 6.93296 34 16.376 -8.7732 6.0419 71.8224
4588292 14.5134 6.93296 34 16.376 -8.7732 6.0419 71.8224
4588302 14.192 5.68106 34 16.7593 -9.11468 6.55922 70.6324
4588309 14.1498 5.2839 34 17.0289 -9.16689 6.72597 70.4626
4588323 14.1498 5.2839 34 17.0289 -9.16689 6.72597 70.4626
4588329 14.0313 5.24937 34 17.1061 -9.11955 6.78225 70.3868
4588339 14.0313 5.2062 34 16.8217 -9.27909 6.76231 70.0592
4588350 14.0313 5.2062 34 16.8217 -9.27909 6.76231 70.0592
4588359 13.9721 5.19756 34 16.3403 -9.50735 6.7265 69.51
4588378 13.803 5.12849 34 15.8589 -9.74538 6.74384 68.7904
4588386 13.803 5.12849 34 15.8589 -9.74538 6.74384 68.7904
4588390 13.6846 5.05942 34 15.2795 -10.0501 6.73345 68.0235
4588403 13.6846 5.05942 34 15.2795 -10.0501 6.73345 68.0235
4588419 13.5154 4.99035 34 14.8873 -10.2525 6.76215 67.393
4588431 13.4139 4.89538 34 14.4594 -10.5061 6.7734 66.7687
4588434 13.4139 4.89538 34 14.4594 -10.5061 6.7734 66.7687
4588442 13.3632 4.81767 34 14.2098 -10.6701 6.7846 66.3906
4588457 13.4816 5.54292 34 14.6198 -10.0965 6.5627 67.6443
4588461 13.4816 5.54292 34 14.6198 -10.0965 6.5627 67.6443
4588471 13.9468 7.25241 34 15.1814 -9.06248 5.96377 70.3806
4588483 13.9468 7.25241 34 15.1814 -9.06248 5.96377 70.3806
4588491 14.7756 10.0843 34 15.9481 -7.60053 5.03051 74.808
4588510 15.4861 12.6831 32.3121 16.6167 -5.99835 4.03895 77.098
4588527 16.1881 15.5322 29.6944 17.4149 -4.10231 2.92827 78.8296
4588539 16.7801 18.9803 26.1266 18.9586 -1.53622 1.73011 80.8456
4588545 16.7801 18.9803 26.1266 18.9586 -1.53622 1.73011 80.8456
4588554 16.8985 21.7451 22.4982 22.5766 1.4707 1.1523 83.7184
4588568 16.8985 21.7451 22.4982 22.5766 1.4707 1.1523 83.7184
4588581 16.4587 23.7062 19.0517 25.9245 4.14615 0.847644 85.1412
4588598 15.5114 24.4524 15.3934 26.5902 6.14352 0.369705 81.9475
4588600 15.5114 24.4524 15.3934 26.5902 6.14352 0.369705 81.9475
4588605 14.209 25.0647 13.217 27.5358 7.86442 0.277244 80.0265
4588614 12.7373 25.6483 12.0214 29.1663 9.44281 0.528216 79.5733
4588626 12.7373 25.6483 12.0214 29.1663 9.44281 0.528216 79.5733
4588634 11.1557 26.2127 11.1714 30.7872 10.9272 0.867957 79.327
4588656 11.1557 26.2127 11.1714 30.7872 10.9272 0.867957 79.327
4588659 9.5995 26.4519 10.5176 32.8519 12.3351 1.38214 79.4208
4588665 8.04328 26.3849 10.0973 34 13.4493 1.84699 78.5255
4588685 8.04328 26.3849 10.0973 34 13.4493 1.84699 78.5255
4588690 6.63085 26.1458 9.83571 34 14.2533 2.16528 76.6123
4588695 5.55672 25.9927 9.65824 34 14.8847 2.41508 75.2076
4588713 5.55672 25.9927 9.65824 34 14.8847 2.41508 75.2076
4588716 4.96468 25.8301 9.73297 34 15.1395 2.60405 74.5277
4588726 4.96468 25.8301 9.73297 34 15.1395 2.60405 74.5277
4588741 4.68557 25.5622 9.88242 34 15.174 2.75893 74.1302
4588746 4.601 25.2369 9.91044 34 15.1615 2.86227 73.7484
4588771 4.601 25.2369 9.91044 34 15.1615 2.86227 73.7484
4588774 4.56716 24.749 9.68626 34 15.2377 2.95266 73.0024
4588776 4.42338 24.3663 9.23791 34 15.5166 3.00888 72.0276
4588797 4.42338 24.3663 9.23791 34 15.5166 3.00888 72.0276
4588801 4.35572 24.0219 8.7989 34 15.7592 3.03918 71.1766
4588807 4.35572 24.0219 8.7989 34 15.7592 3.03918 71.1766
4588825 4.16965 23.5723 8.40659 34 16.036 3.13577 70.1486
4588833 4.13582 23.1801 8.07033 34 16.2042 3.18963 69.3862
4588839 4.13582 23.1801 8.07033 34 16.2042 3.18963 69.3862
4588854 4.02587 22.8931 7.9489 34 16.306 3.27365 68.8679
4588858 3.96667 22.8739 7.81813 33.9325 16.4094 3.26062 68.5912
4588887 3.96667 22.8739 7.81813 33.9325 16.4094 3.26062 68.5912
4588890 4.13582 23.0748 8.29451 34 16.058 3.25526 69.5052
4588892 4.13582 23.0748 8.29451 34 16.058 3.25526 69.5052
4588915 5.29453 23.7445 8.93901 34 15.1126 2.89671 71.9781
4588917 7.22289 24.7012 9.91978 34 13.6987 2.37245 75.8438
4588920 7.22289 24.7012 9.91978 34 13.6987 2.37245 75.8438
4588944 9.47264 25.7918 10.6951 32.7843 12.1941 1.56488 78.7438
4588945 12.1706 27.0259 11.1341 30.0153 10.4973 0.364586 80.3459
4588949 12.1706 27.0259 11.1341 30.0153 10.4973 0.364586 80.3459
4588961 14.7756 27.9156 11.2929 26.6481 8.83495 -0.883683 80.6322
4588974 14.7756 27.9156 11.2929 26.6481 8.83495 -0.883683 80.6322
4588980 16.797 28.5087 12.0775 23.4739 7.14474 -1.80956 80.8571
4588991 18.8087 28.7192 15.1319 21.5925 4.85777 -1.92342 84.2523
4589005 18.8087 28.7192 15.1319 21.5925 4.85777 -1.92342 84.2523
4589010 20.2037 28.3174 19.1629 20.5023 2.67984 -1.50635 88.1863
4589034 20.781 27.0259 21.154 19.0068 1.16456 -1.30379 87.9677
4589036 20.781 27.0259 21.154 19.0068 1.16456 -1.30379 87.9677
4589050 20.8676 24.8542 22.5993 17.2219 -0.406434 -1.03468 85.543
4589070 20.858 21.812 24.2872 15.7609 -2.28855 -0.475461 82.718
4589071 20.4731 18.1289 26.2075 14.5663 -4.40481 0.410421 79.3758
4589081 20.4731 18.1289 26.2075 14.5663 -4.40481 0.410421 79.3758
4589097 20.0017 14.4271 28.6534 13.6392 -6.70893 1.53747 76.7214
4589106 19.4052 10.9391 31.4025 13.1222 -8.9311 2.84105 74.8689
4589111 19.4052 10.9391 31.4025 13.1222 -8.9311 2.84105 74.8689
4589126 18.9626 8.30574 34 13.2024 -10.5593 4.01513 74.4708
4589157 18.8472 6.76028 34 13.5501 -11.1188 4.49904 73.1576
4589159 18.9145 6.12138 34 13.8888 -11.2802 4.70065 72.9248
4589162 18.9145 6.12138 34 13.8888 -11.2802 4.70065 72.9248
4589188 19.0685 6.01778 34 14.1295 -11.2411 4.72096 73.2158
4589190 18.9626 6.04368 34 14.0493 -11.2482 4.73125 73.0556
4589194 18.9626 6.04368 34 14.0493 -11.2482 4.73125 73.0556
4589204 18.6933 5.94007 34 13.559 -11.4951 4.76345 72.1923
4589221 18.6933 5.94007 34 13.559 -11.4951 4.76345 72.1923
4589224 18.4431 5.8969 34 13.033 -11.7387 4.76924 71.3731
4589234 18.395 5.8451 34 12.516 -12.0251 4.72239 70.7561
4589249 18.395 5.8451 34 12.516 -12.0251 4.72239 70.7561
4589259 18.2699 5.74149 33.717 12.1238 -12.2121 4.68761 69.8522
4589280 18.1064 5.68969 33.4138 11.999 -12.2208 4.68509 69.2088
4589282 18.1064 5.68969 33.4138 11.999 -12.2208 4.68509 69.2088
4589287 18.1064 5.74149 33.4037 12.0168 -12.1815 4.67152 69.2684
4589296 18.1064 5.74149 33.4037 12.0168 -12.1815 4.67152 69.2684
4589312 17.9909 5.67242 33.7675 12.1683 -12.1832 4.80016 69.5992
4589315 17.9909 6.01778 34 12.721 -11.7532 4.81671 70.7298
4589343 17.9909 6.01778 34 12.721 -11.7532 4.81671 70.7298
4589345 18.3181 7.16607 34 13.1846 -10.9977 4.47932 72.6687
4589346 18.9626 9.60945 34 14.1206 -9.52913 3.82341 76.6927
4589355 18.9626 9.60945 34 14.1206 -9.52913 3.82341 76.6927
4589369 19.665 12.9248 32.6254 14.8605 -7.65059 2.79039 80.0758
4589378 19.665 12.9248 32.6254 14.8605 -7.65059 2.79039 80.0758
4589386 20.0979 15.9898 30.1998 15.2617 -5.83886 1.72418 81.5492
4589398 20.2711 18.7794 26.9049 15.2795 -4.03677 0.578672 81.2349
4589406 20.2711 18.7794 26.9049 15.2795 -4.03677 0.578672 81.2349
4589431 20.223 21.3241 23.3977 15.44 -2.13244 -0.505584 80.3848
4589433 20.0209 23.6201 19.8199 15.8857 -0.105537 -1.50017 79.3466
4589436 20.0209 23.6201 19.8199 15.8857 -0.105537 -1.50017 79.3466
4589446 19.7131 25.6674 16.533 16.7771 1.96927 -2.30086 78.6906
4589460 19.7131 25.6674 16.533 16.7771 1.96927 -2.30086 78.6906
4589471 19.1647 26.8824 14.2725 18.1481 3.69365 -2.60485 78.4677
4589490 18.4816 27.5234 12.4791 19.6629 5.1907 -2.66094 78.147
4589492 18.4816 27.5234 12.4791 19.6629 5.1907 -2.66094 78.147
4589497 17.6831 27.7625 11.4984 21.4381 6.38514 -2.39387 78.3821
4589507 16.6448 27.8295 11.078 23.609 7.48967 -1.85456 79.1613
4589524 16.6448 27.8295 11.078 23.609 7.48967 -1.85456 79.1613
4589532 15.3761 27.686 10.8445 25.7219 8.53566 -1.22362 79.6285
4589539 15.3761 27.686 10.667 25.7219 8.61056 -1.25986 79.451
4589552 13.9552 27.4851 10.667 28.1918 9.66843 -0.482219 80.2992
4589559 12.2637 26.9781 10.5736 30.8547 10.8452 0.406582 80.6701
4589569 12.2637 26.9781 10.5736 30.8547 10.8452 0.406582 80.6701
4589584 10.403 26.0884 10.611 33.5079 11.9657 1.41935 80.6103
4589590 8.45771 25.3134 10.3868 34 12.9446 2.03735 78.158
4589613 8.45771 25.3134 10.3868 34 12.9446 2.03735 78.158
4589615 6.65622 24.6629 10.0599 34 13.912 2.53534 75.379
4589620 5.35373 24.3185 9.97582 34 14.5927 2.91323 73.6481
4589645 5.35373 24.3185 9.97582 34 14.5927 2.91323 73.6481
4589647 4.69403 24.0698 9.96648 34 14.9213 3.13542 72.7303
4589657 4.69403 24.0698 9.96648 34 14.9213 3.13542 72.7303
4589672 4.43184 23.7541 10.0038 34 15.0016 3.28674 72.1898
4589676 4.40647 23.2757 9.93846 34 14.9855 3.40465 71.6207
4589685 4.40647 23.2757 9.93846 34 14.9855 3.40465 71.6207
4589701 4.35572 22.7878 9.77033 34 15.04 3.51696 70.9139
4589705 4.26269 22.3382 9.56484 34 15.1465 3.62654 70.1657
4589714 4.26269 22.3382 9.56484 34 15.1465 3.62654 70.1657
4589731 4.20348 21.9268 9.38736 34 15.2249 3.72359 69.5177
4589733 4.20348 21.9268 9.38736 34 15.2249 3.72359 69.5177
4589761 4.09353 21.592 9.13517 34 15.389 3.80328 68.8207
4589763 4.01741 21.372 8.90165 34 15.5412 3.84654 68.291
4589764 4.01741 21.372 8.90165 34 15.5412 3.84654 68.291
4589774 3.97512 21.305 8.70549 34 15.674 3.84464 67.9856
4589792 4.01741 21.5059 8.67747 34 15.693 3.77286 68.2008
4589794 4.01741 21.5059 8.67747 34 15.693 3.77286 68.2008
4589804 5.03234 22.1564 9.37802 34 14.7896 3.44126 70.5668
4589820 5.03234 22.1564 9.37802 34 14.7896 3.44126 70.5668
4589824 7.29901 23.2088 10.2934 34 13.2406 2.76445 74.8012
4589834 10.1323 24.2994 11.3676 31.8678 11.1589 1.70026 77.6671
4589860 12.9657 25.2273 12.2082 28.1436 8.97482 0.412277 78.5448
4589865 16.5348 26.1171 13.4786 23.3292 6.11405 -1.10323 79.4596
4589891 20.2134 26.4232 15.9819 19.0936 2.85197 -2.12227 81.7121
4589896 20.2134 26.4232 15.9819 19.0936 2.85197 -2.12227 81.7121
4589915 22.8302 25.9544 21.2551 17.0386 -0.313585 -1.80716 87.0783
4589918 24.3503 24.6438 25.1766 16.1442 -2.41901 -1.27443 90.3149
4589926 24.3503 24.6438 25.1766 16.1442 -2.41901 -1.27443 90.3149
4589949 24.7736 22.2617 25.874 14.6287 -3.92892 -1.11939 87.538
4589951 25.0911 19.1621 25.9649 12.9261 -5.70332 -0.967393 83.1442
4589961 25.0911 19.1621 25.9649 12.9261 -5.70332 -0.967393 83.1442
4589980 25.1777 15.9553 26.6522 11.7315 -7.59057 -0.518627 79.5167
4589981 25.1777 15.9553 26.6522 11.7315 -7.59057 -0.518627 79.5167
4589989 25.1104 13.0802 28.0672 11.1253 -9.35991 0.19421 77.3831
4590010 24.966 10.6887 30.0886 11.1075 -10.8192 1.08158 76.8508
4590011 24.966 10.6887 30.0886 11.1075 -10.8192 1.08158 76.8508
4590017 24.8217 9.19502 32.1908 11.4463 -11.7094 1.85831 77.6538
4590027 24.6101 8.33164 33.7675 11.9098 -12.1269 2.42988 78.6191
4590058 24.2445 7.71864 34 12.302 -12.2097 2.74814 78.2652
