453308 5.1029 9.12054 17.0202 24.4869 5.15174 7.34347 55.7306
453312 5.1029 9.12054 17.0202 24.4869 5.15174 7.34347 55.7306
453317 5.48948 8.69723 16.9899 22.5091 4.06391 7.07235 53.6857
453329 5.48948 8.69723 16.9899 22.5091 4.06391 7.07235 53.6857
453339 5.76976 8.25467 17.283 20.9654 2.94957 6.95121 52.2728
453349 6.17567 7.95642 17.7985 19.7208 1.79234 6.79183 51.6513
453369 6.17567 7.95642 17.7985 19.7208 1.79234 6.79183 51.6513
453375 6.64923 7.91794 18.6171 18.6112 0.609523 6.56269 51.7955
453384 7.16146 8.11036 19.3751 17.6754 -0.358777 6.24362 52.3223
453394 7.16146 8.11036 19.3751 17.6754 -0.358777 6.24362 52.3223
453402 7.69301 8.33164 20.2241 16.6999 -1.36246 5.92066 52.9487
453412 7.69301 8.33164 20.2241 16.6999 -1.36246 5.92066 52.9487
453421 8.27288 8.65874 21.0125 15.5091 -2.39345 5.49732 53.4532
453431 8.9784 9.07244 21.6897 14.2215 -3.41633 4.9647 53.962
453440 8.9784 9.07244 21.6897 14.2215 -3.41633 4.9647 53.962
453452 9.53894 9.44765 22.4679 13.0114 -4.38247 4.54212 54.4659
453460 10.0898 9.76514 23.2866 11.8981 -5.32034 4.17781 55.0396
453475 10.0898 9.76514 23.2866 11.8981 -5.32034 4.17781 55.0396
453481 10.602 9.95755 24.3579 11.0752 -6.21832 3.98449 55.9927
453491 11.008 9.95755 25.6415 13.0985 -5.69184 4.46554 59.7055
453501 11.008 9.82286 25.6415 10.6202 -7.09657 4.05417 57.0925
453517 11.3366 9.40917 27.0262 10.6492 -7.83293 4.3468 58.4211
453522 11.3366 9.40917 27.0262 10.6492 -7.83293 4.3468 58.4211
453532 11.4139 8.76457 28.3401 10.6202 -8.61078 4.76383 59.1387
453542 11.5782 7.79287 29.3912 10.4265 -9.60907 5.18173 59.1888
453552 11.5782 7.79287 29.3912 10.4265 -9.60907 5.18173 59.1888
453568 11.5878 6.67685 29.9673 10.0877 -10.627 5.60453 58.3197
453574 11.4429 5.42615 30.4727 9.58428 -11.8158 6.11002 56.9259
453584 11.4429 5.42615 30.4727 9.58428 -11.8158 6.11002 56.9259
453594 11.3655 4.09847 30.9982 9.13895 -13.0961 6.65628 55.6012
453609 11.3655 4.09847 30.9982 9.13895 -13.0961 6.65628 55.6012
453615 11.4042 2.98246 31.3317 8.76139 -14.2218 7.0778 54.4798
453625 11.4719 2.05886 31.6552 8.50968 -15.1588 7.44032 53.6956
453635 11.4719 2.05886 31.6552 8.50968 -15.1588 7.44032 53.6956
453645 11.5298 1.41426 32.0898 8.41287 -15.8066 7.73439 53.4468
453655 11.6845 1.02943 32.4435 8.36446 -16.2243 7.87362 53.5219
453674 11.6845 1.02943 32.4435 8.36446 -16.2243 7.87362 53.5219
453677 11.9551 0.692699 32.9792 8.50968 -16.5008 7.99119 54.1367
453687 11.9551 0.692699 32.9792 8.50968 -16.5008 7.99119 54.1367
453696 12.1387 0.769666 33.2824 8.47096 -16.5474 7.91549 54.6617
453712 12.448 0.769666 33.2622 8.50968 -16.5626 7.789 54.9895
453716 12.448 0.769666 33.2622 8.50968 -16.5626 7.789 54.9895
453726 12.6219 0.827391 33.0904 8.37415 -16.6218 7.65249 54.9138
453740 12.7379 0.865874 32.7872 8.31606 -16.6081 7.54001 54.707
453749 12.7379 0.865874 32.7872 8.31606 -16.6081 7.54001 54.707
453757 12.9699 0.942841 32.6356 8.1418 -16.6944 7.36824 54.6901
453767 12.9699 0.942841 32.6356 8.1418 -16.6944 7.36824 54.6901
453778 13.1245 0.885116 32.4839 8.1418 -16.7389 7.30739 54.6354
453788 13.2501 0.93322 32.4233 8.08371 -16.7564 7.21982 54.6904
453798 13.2501 0.93322 32.4233 8.08371 -16.7564 7.21982 54.6904
453813 13.4338 0.962083 32.3323 7.96754 -16.837 7.10404 54.6957
453820 13.6657 1.04867 32.2111 7.90945 -16.8317 6.9498 54.8349
453840 13.917 1.09677 32.0898 7.85137 -16.8587 6.80395 54.9549
453864 14.0426 1.08715 31.8775 7.72551 -16.9494 6.7071 54.7328
453868 14.3036 1.17374 31.8169 7.69647 -16.9348 6.5564 54.9907
453879 14.3036 1.17374 31.8169 7.69647 -16.9348 6.5564 54.9907
453889 14.4389 1.18336 31.5945 7.65774 -16.9443 6.45929 54.8745
453904 14.4389 1.18336 31.5642 7.6287 -16.962 6.45004 54.8152
453910 14.4389 1.18336 31.5642 7.6287 -16.962 6.45004 54.8152
453918 14.4196 1.1545 31.5642 7.5803 -17.0184 6.46137 54.7186
453934 14.4196 1.1545 31.5642 7.5803 -17.0184 6.46137 54.7186
453940 14.3519 1.21222 31.6956 7.72551 -16.8726 6.5082 54.9852
453950 14.2746 1.17374 31.8674 7.79328 -16.8643 6.59031 55.109
453960 14.2746 1.17374 31.8674 7.79328 -16.8643 6.59031 55.109
453975 14.2746 1.12564 31.9584 7.73519 -16.9584 6.61418 55.0938
453981 14.1489 1.12564 31.9786 7.81264 -16.884 6.67837 55.0658
454000 14.1489 1.12564 31.9786 7.81264 -16.884 6.67837 55.0658
454002 14.0813 1.21222 31.8472 7.88041 -16.7371 6.66129 55.0211
454031 14.004 1.52971 31.7158 8.23861 -16.1978 6.60161 55.4881
454037 13.9847 1.86644 31.261 8.69362 -15.5385 6.47878 55.8057
454047 13.9847 1.86644 31.261 8.69362 -15.5385 6.47878 55.8057
454056 13.9653 2.39559 30.7051 9.36162 -14.5821 6.30165 56.4276
454065 13.975 3.15563 30.1088 10.049 -13.4753 6.02927 57.2884
454077 13.975 3.15563 30.1088 10.049 -13.4753 6.02927 57.2884
454082 13.8204 3.76174 29.088 10.5137 -12.518 5.776 57.1838
454097 13.5691 4.16582 27.7741 10.6782 -11.7905 5.53082 56.1872
454105 13.5691 4.16582 27.7741 10.6782 -11.7905 5.53082 56.1872
454117 13.2695 4.56989 26.2176 10.8428 -10.9629 5.25168 54.8998
454124 13.2695 4.56989 26.2176 10.8428 -10.9629 5.25168 54.8998
454134 12.9699 5.03169 24.6611 11.0461 -10.0324 4.94491 53.7088
454147 12.7283 5.46463 23.1552 11.7141 -8.81262 4.71421 53.0622
454160 12.7283 5.46463 23.1552 11.7141 -8.81262 4.71421 53.0622
454165 12.4383 6.06112 21.7705 12.6629 -7.31344 4.51533 52.9328
454175 12.0421 6.80192 20.5779 14.0473 -5.50353 4.42718 53.4691
454185 12.0421 6.80192 20.5779 14.0473 -5.50353 4.42718 53.4691
454195 11.5588 7.49462 19.2842 15.4897 -3.64993 4.3808 53.8274
454205 11.5588 7.49462 19.2842 15.4897 -3.64993 4.3808 53.8274
454215 10.9113 8.31239 17.9096 17.2316 -1.50695 4.39185 54.3649
454226 10.0802 9.12054 16.6155 18.9393 0.622854 4.48011 54.7555
454235 10.0802 9.12054 16.6155 18.9393 0.622854 4.48011 54.7555
454250 9.22968 10.0345 15.3 20.5505 2.74671 4.51413 55.1147
454256 8.3502 10.7561 14.0958 21.9881 4.66484 4.61431 55.1902
454268 8.3502 10.7561 14.0958 21.9881 4.66484 4.61431 55.1902
454281 7.51904 11.4873 13.1042 23.3002 6.39059 4.70976 55.4107
454290 7.51904 11.4873 13.1042 23.3002 6.39059 4.70976 55.4107
454297 6.70722 12.0645 12.5274 24.4194 7.73949 4.89291 55.7185
454307 5.8954 12.5071 12.1429 25.3649 8.86857 5.12571 55.9103
454317 5.8954 12.5071 12.1429 25.3649 8.86857 5.12571 55.9103
454336 5.18022 12.9015 12.0417 26.2719 9.73109 5.38124 56.3953
454338 4.43604 13.1228 12.0315 26.9762 10.4441 5.68769 56.5666
454352 4.43604 13.1228 12.0315 26.9762 10.4441 5.68769 56.5666
454361 3.88516 13.2094 12.0315 27.5936 10.969 5.95841 56.7197
454370 3.88516 13.2094 12.0315 27.5936 10.969 5.95841 56.7197
454380 3.14099 13.2094 11.9101 27.912 11.6028 6.26777 56.1725
454396 2.68675 13.2094 11.6268 28.0953 12.1323 6.42576 55.6183
454406 2.68675 13.2094 11.6268 28.0953 12.1323 6.42576 55.6183
454415 2.28084 13.219 11.5054 28.0182 12.4724 6.54912 55.0234
454424 2.17453 13.3152 11.303 27.9217 12.6838 6.50694 54.7144
454432 2.17453 13.3152 11.303 27.9217 12.6838 6.50694 54.7144
454444 2.1552 13.3441 11.2423 27.8059 12.7194 6.4757 54.5475
454460 2.08755 13.3441 11.131 27.5358 12.7829 6.44246 54.0983
454470 2.11654 13.3826 11.0196 27.3042 12.7969 6.36106 53.823
454480 2.11654 13.3826 11.0196 27.3042 12.7969 6.36106 53.823
454490 2.1552 13.3922 10.9589 27.1112 12.7707 6.30095 53.6176
454500 2.1842 13.4692 10.8071 26.9086 12.8288 6.2009 53.3691
454515 2.1842 13.4692 10.8071 26.9086 12.8288 6.2009 53.3691
454521 2.22285 13.6135 10.7464 26.7639 12.8443 6.09429 53.3467
454531 2.22285 13.6135 10.7464 26.7639 12.8443 6.09429 53.3467
454541 2.27118 13.7193 10.706 26.7253 12.8541 6.02024 53.4217
454551 2.33883 13.8444 10.7262 26.735 12.8226 5.94973 53.6443
454561 2.33883 13.8444 10.7262 26.735 12.8226 5.94973 53.6443
454574 2.37749 13.9021 10.706 26.7253 12.8205 5.9071 53.7108
454586 2.38715 13.9887 10.7565 26.8411 12.8239 5.89784 53.9735
454595 2.38715 13.9887 10.7565 26.8411 12.8239 5.89784 53.9735
454602 2.32916 14.056 10.7363 26.7928 12.8831 5.88266 53.9143
454612 2.32916 14.056 10.8071 26.7928 12.8334 5.89462 53.9852
454627 2.37749 14.0272 10.8071 26.8218 12.7996 5.89197 54.0336
454642 2.34849 13.8829 10.706 26.7928 12.8518 5.9373 53.7301
454656 2.36782 13.8925 10.8476 26.6192 12.7013 5.92062 53.7271
454666 2.98636 13.8829 11.1411 26.2429 11.9801 5.67195 54.2532
454674 2.98636 13.8829 11.1411 26.2429 11.9801 5.67195 54.2532
454692 3.97214 13.931 11.4042 25.6061 10.9995 5.21927 54.9134
454694 3.97214 13.931 11.4042 25.6061 10.9995 5.21927 54.9134
454703 5.08357 13.8732 12.0619 24.8825 9.66449 4.82663 55.9012
454714 6.08869 13.7289 13.1244 24.0142 8.13345 4.56166 56.9562
454732 6.08869 13.7289 13.1244 24.0142 8.13345 4.56166 56.9562
454736 7.02615 13.2864 14.45 23.0204 6.41653 4.45406 57.7829
454745 7.70267 12.738 15.4417 21.8916 4.96991 4.38588 57.7739
454777 8.25355 12.1511 15.8565 20.3768 3.71563 4.19208 56.638
454782 8.52416 12.1511 15.9476 18.9296 2.97419 3.83474 55.5525
454791 8.52416 11.468 15.9476 18.9296 2.69999 4.06922 54.8694
454800 8.88175 10.987 16.15 17.5114 1.61899 3.86492 53.5301
454817 9.22001 10.5059 16.7369 16.4579 0.475657 3.81764 52.9207
454827 9.7129 10.1596 17.475 15.5769 -0.685629 3.73535 52.9244
454837 9.7129 10.1596 17.475 15.5769 -0.685629 3.73535 52.9244
454848 10.1671 9.82286 18.324 14.754 -1.84401 3.6994 53.068
454857 10.5924 9.64007 19.3751 14.1247 -2.88595 3.70375 53.7323
454870 10.5924 9.64007 19.3751 14.1247 -2.88595 3.70375 53.7323
454877 11.1433 9.40917 20.4465 13.3986 -4.03601 3.66543 54.3976
454892 11.1433 9.40917 20.4465 13.3986 -4.03601 3.66543 54.3976
454899 11.6168 9.18789 21.346 12.6338 -5.08406 3.60735 54.7846
454909 12.0034 8.92813 22.1546 11.7916 -6.12193 3.55735 54.8777
454919 12.0034 8.92813 22.1546 11.7916 -6.12193 3.55735 54.8777
454929 12.3417 8.56254 23.0137 10.959 -7.21333 3.57212 54.8769
454944 12.6316 8.13922 23.9031 10.3588 -8.19364 3.67719 55.0327
454949 12.6316 8.13922 23.9031 10.3588 -8.19364 3.67719 55.0327
454964 12.8732 7.68704 25.0048 9.7295 -9.25112 3.84505 55.2945
454970 12.8732 7.68704 25.0048 9.7295 -9.25112 3.84505 55.2945
454980 13.1148 7.15789 26.2782 9.36162 -10.2274 4.12263 55.9126
454992 13.3951 6.59989 27.3597 9.18736 -11.0394 4.39108 56.542
455002 13.3951 6.59989 27.3597 9.18736 -11.0394 4.39108 56.542
455010 13.5981 6.01302 28.3906 9.04214 -11.8039 4.68631 57.0438
455025 13.5884 5.26259 29.2901 9.08087 -12.4668 5.11691 57.222
455031 13.5884 5.26259 29.2901 9.08087 -12.4668 5.11691 57.222
455041 13.6271 4.53141 29.9774 8.99374 -13.1628 5.46459 57.1296
455051 13.6271 4.53141 29.9774 8.99374 -13.1628 5.46459 57.1296
455061 13.5208 3.75212 30.5939 8.88724 -13.8648 5.86962 56.7541
455076 13.4241 3.06904 31.069 8.86788 -14.4232 6.23171 56.43
455082 13.4241 3.06904 31.069 8.86788 -14.4232 6.23171 56.43
455092 13.2405 2.29938 31.6046 8.76139 -15.1077 6.66106 55.9059
455102 13.0858 1.70289 32.0291 8.72266 -15.6145 7.01192 55.5405
455117 13.0858 1.70289 32.0291 8.72266 -15.6145 7.01192 55.5405
455127 12.9699 1.25071 32.302 8.77107 -15.9377 7.28452 55.2937
455137 12.9409 1.03905 32.4941 8.66458 -16.2007 7.39375 55.1386
455145 12.9409 1.03905 32.4941 8.66458 -16.2007 7.39375 55.1386
455154 12.9215 1.00057 32.4941 8.67426 -16.2191 7.41859 55.0904
455185 13.0085 1.03905 32.3728 8.62585 -16.2211 7.34412 55.0462
455186 13.0472 1.03905 32.4031 8.59681 -16.2538 7.32861 55.0861
455195 13.0472 1.03905 32.4031 8.59681 -16.2538 7.32861 55.0861
455209 13.0569 1.02943 32.2111 8.51936 -16.2903 7.29088 54.8167
455217 13.2018 1.09677 31.9078 8.36446 -16.3312 7.13944 54.5709
455232 13.2018 1.09677 31.9078 8.36446 -16.3312 7.13944 54.5709
455236 13.2985 1.1064 31.5339 8.23861 -16.3755 7.0235 54.1774
455248 13.2985 1.1064 31.5339 8.23861 -16.3755 7.0235 54.1774
455256 13.3468 1.14488 31.2509 8.10308 -16.4125 6.92599 53.8456
455266 13.4724 1.16412 30.9275 8.02563 -16.4258 6.80632 53.5896
455277 13.4724 1.16412 30.9275 8.02563 -16.4258 6.80632 53.5896
455295 13.5691 1.19298 30.8668 7.9869 -16.4392 6.74009 53.6158
455304 13.6947 1.18336 30.8466 7.99658 -16.4559 6.69152 53.7213
455307 13.6947 1.18336 30.8466 7.99658 -16.4559 6.69152 53.7213
455318 13.7817 1.25071 30.9881 8.00626 -16.433 6.6528 54.0268
455327 13.7817 1.25071 30.9881 8.00626 -16.433 6.6528 54.0268
455337 13.8783 1.29881 30.9982 7.99658 -16.4205 6.59501 54.172
455348 13.9073 1.26033 31.1195 8.02563 -16.4514 6.62205 54.3128
455368 13.9073 1.26033 31.1195 8.02563 -16.4514 6.62205 54.3128
455369 14.0523 1.28919 31.2307 8.10308 -16.4109 6.58221 54.6752
455379 14.1103 1.30843 31.2913 8.10308 -16.4149 6.56111 54.8131
455392 14.1103 1.30843 31.2913 8.10308 -16.4149 6.56111 54.8131
455399 14.0716 1.29881 31.3317 8.16116 -16.3786 6.59524 54.8634
455409 14.0716 1.29881 31.3317 8.16116 -16.3786 6.59524 54.8634
455421 13.9847 1.32767 31.3722 8.33542 -16.2185 6.65085 55.0199
455430 14.0136 1.68364 31.4227 8.52904 -15.824 6.5377 55.649
455440 14.0136 1.68364 31.4227 8.52904 -15.824 6.5377 55.649
455450 14.0136 2.17431 31.3419 8.74203 -15.3004 6.36978 56.2718
455461 13.9653 2.70345 31.1296 8.89692 -14.7695 6.17981 56.6953
455475 13.9653 2.70345 31.1296 8.89692 -14.7695 6.17981 56.6953
455484 13.8397 3.40577 30.7253 9.04214 -14.0833 5.9255 57.0129
455500 13.6561 3.9253 30.2907 9.35194 -13.3989 5.78288 57.224
455509 13.6561 3.9253 30.2907 9.35194 -13.3989 5.78288 57.224
455511 13.4241 4.4352 29.7045 9.80695 -12.5876 5.66111 57.3708
455533 13.4241 4.4352 29.7045 9.80695 -12.5876 5.66111 57.3708
455539 13.0182 4.897 28.8858 10.5233 -11.5499 5.62431 57.3244
455549 12.5736 5.32032 27.9863 11.1526 -10.5584 5.58757 57.0329
455557 12.5736 5.32032 27.9863 11.1526 -10.5584 5.58757 57.0329
455564 12.0904 5.56084 26.7027 11.5495 -9.6965 5.52766 55.9035
455572 11.4139 5.79174 25.5404 11.6948 -8.93989 5.51873 54.4408
455582 11.4139 5.79174 25.5404 11.6948 -8.93989 5.51873 54.4408
455601 10.95 5.94567 24.5398 12.0626 -8.16921 5.52548 53.4981
455615 10.4764 6.2343 23.7818 12.5661 -7.28339 5.55155 53.0586
455624 10.1285 6.43633 22.953 13.2341 -6.35575 5.57959 52.7519
455635 10.1285 6.43633 22.953 13.2341 -6.35575 5.57959 52.7519
455644 9.8772 6.63837 22.4679 14.0763 -5.47986 5.6621 53.0598
455658 9.73223 7.01358 21.8716 15.1122 -4.41007 5.64995 53.7296
455664 9.73223 7.01358 21.8716 15.1122 -4.41007 5.64995 53.7296
455680 9.58727 7.41766 21.2247 15.9448 -3.43778 5.58324 54.1744
455685 9.58727 7.41766 21.2247 15.9448 -3.43778 5.58324 54.1744
455695 9.4423 7.81211 20.1736 16.758 -2.32801 5.44712 54.186
455706 9.39397 8.24505 18.9911 17.4342 -1.25121 5.21219 54.0643
455715 9.39397 8.24505 18.9911 17.4342 -1.25121 5.21219 54.0643
455730 9.22968 8.70685 17.6468 18.2253 0.0258476 4.99984 53.8087
455736 9.04605 9.13016 16.2411 19.1998 1.41877 4.82998 53.6171
455752 9.04605 9.13016 16.2411 19.1998 1.41877 4.82998 53.6171
455757 8.75611 9.69779 15.0369 20.3383 2.89947 4.71528 53.8291
455766 8.75611 9.69779 15.0369 20.3383 2.89947 4.71528 53.8291
455776 8.41785 10.275 14.0149 21.7662 4.40967 4.70541 54.4739
455786 7.95395 10.8427 13.1446 23.3292 5.91331 4.79746 55.2704
455799 7.95395 10.8427 13.1446 23.3292 5.91331 4.79746 55.2704
455814 7.45139 11.4584 12.6387 24.8053 7.17505 4.93335 56.3538
455816 6.78454 11.8432 12.5071 26.3587 8.22276 5.28008 57.4936
455831 6.78454 11.8432 12.5071 26.3587 8.22276 5.28008 57.4936
455837 6.02103 12.0934 12.4667 27.5358 9.09437 5.64931 58.1168
455865 5.00625 12.103 12.4161 28.4137 9.96496 6.14108 57.9391
455876 4.05912 11.9972 12.2946 28.9347 10.7261 6.59146 57.2857
455884 4.05912 11.9972 12.2946 28.9347 10.7261 6.59146 57.2857
455901 3.21831 11.9491 12.072 29.2435 11.4646 6.94409 56.4829
455904 2.42581 11.7759 11.8393 29.4364 12.1433 7.32028 55.4774
455909 2.42581 11.7759 11.8393 29.4364 12.1433 7.32028 55.4774
455930 1.90392 11.6604 11.6774 29.5329 12.6026 7.57082 54.7747
455935 1.90392 11.6604 11.6774 29.5329 12.6026 7.57082 54.7747
455944 1.60432 11.622 11.5964 29.6873 12.8914 7.72081 54.51
455952 1.45935 11.4488 11.6571 29.8224 12.9417 7.87993 54.3876
455961 1.45935 11.4488 11.6571 29.8224 12.9417 7.87993 54.3876
455976 1.36271 11.3333 11.6268 29.668 12.9706 7.94545 53.9908
455980 1.30472 11.1409 11.5964 29.6101 12.977 8.04093 53.6522
455990 1.30472 11.1409 11.5964 29.6101 12.977 8.04093 53.6522
456002 1.28539 11.0543 11.5357 29.6583 13.0252 8.0849 53.5338
456011 1.28539 11.0543 11.5357 29.6583 13.0252 8.0849 53.5338
456025 1.27572 10.9581 11.6369 29.7741 12.9647 8.15843 53.6449
456035 1.17908 10.91 11.7077 29.832 12.9852 8.23735 53.6288
456041 1.17908 10.91 11.7077 29.832 12.9852 8.23735 53.6288
456051 1.21774 10.8715 11.728 29.9285 12.9565 8.25196 53.7457
456061 1.26606 10.8427 11.7988 30.1118 12.9072 8.27534 54.0193
456074 1.26606 10.8427 11.7988 30.1118 12.9072 8.27534 54.0193
456081 1.24673 10.91 11.7583 30.0636 12.9535 8.24358 53.9786
456098 1.24673 10.91 11.7583 30.0636 12.9535 8.24358 53.9786
456101 1.23707 10.9004 11.6976 29.9478 12.9751 8.22974 53.7829
456122 1.24673 10.9485 11.6369 29.9574 13.024 8.19837 53.7896
456125 1.24673 10.9485 11.6369 29.9574 13.024 8.19837 53.7896
456131 1.26606 10.9581 11.7179 30.0539 12.977 8.20828 53.996
456149 1.28539 11.064 11.7786 30.2469 12.9871 8.18655 54.3748
456154 1.28539 11.064 11.7786 30.2469 12.9871 8.18655 54.3748
456162 1.28539 11.1409 11.9 30.2758 12.9259 8.17262 54.6021
456173 1.28539 11.1409 11.9 30.2758 12.9259 8.17262 54.6021
456182 1.44969 11.1409 12.0619 30.1986 12.6834 8.11376 54.8511
456196 1.71063 11.1698 12.7804 30.2179 12.0335 8.0848 55.8787
456202 1.71063 11.1698 12.7804 30.2179 12.0335 8.0848 55.8787
456220 2.30984 11.1698 14.278 30.3723 10.7321 8.04337 58.1299
456227 2.89937 11.0255 15.7756 30.025 9.36597 8.00557 59.7254
456236 2.89937 11.0255 15.7756 30.025 9.36597 8.00557 59.7254
456247 3.3826 10.7946 16.3321 28.8672 8.39853 7.83698 59.3765
456272 3.75952 10.2654 16.1905 27.0823 7.59093 7.6568 57.2977
456281 4.0108 9.64007 15.9881 25.1527 6.75004 7.52575 54.7916
456287 4.0108 9.64007 15.9881 25.1527 6.75004 7.52575 54.7916
456296 4.21376 9.15903 16.0589 23.3002 5.7776 7.39202 52.7319
456305 4.53269 8.65874 16.7167 21.882 4.4851 7.3587 51.7901
456321 4.53269 8.65874 16.7167 21.882 4.4851 7.3587 51.7901
456325 4.85162 8.38936 17.7176 20.7145 3.16154 7.31265 51.6731
456346 4.85162 8.38936 17.7176 20.7145 3.16154 7.31265 51.6731
456348 5.2672 8.05263 18.8799 19.7787 1.77198 7.31229 51.9784
456359 5.7311 7.87946 20.1433 18.92 0.439051 7.24821 52.6738
456372 5.7311 7.87946 20.1433 18.92 0.439051 7.24821 52.6738
456376 6.22399 7.93718 21.2348 17.6947 -0.860311 6.99793 53.0907
456397 6.76521 7.99491 22.286 16.4675 -2.14372 6.72541 53.5136
456399 6.76521 7.99491 22.286 16.4675 -2.14372 6.72541 53.5136
456407 7.22911 8.09111 23.418 15.0735 -3.47624 6.45897 53.8116
456422 7.67368 8.11998 24.6005 13.7568 -4.80016 6.25021 54.151
456432 7.67368 8.11998 24.6005 13.7568 -4.80016 6.25021 54.151
456438 8.19557 8.1296 25.7628 12.508 -6.09971 6.02946 54.5959
456452 8.19557 8.1296 25.7628 12.508 -6.09971 6.02946 54.5959
456459 8.60148 8.00453 26.9857 11.6754 -7.19563 5.98596 55.2671
456472 8.98806 7.6678 28.3502 11.2978 -8.15779 6.12537 56.3039
456497 9.24901 7.15789 29.6641 11.1139 -9.02393 6.39271 57.1849
456499 9.46163 6.48444 30.7455 11.0171 -9.83632 6.7104 57.7087
456514 9.46163 6.48444 30.7455 11.0171 -9.83632 6.7104 57.7087
456524 9.6066 5.81098 31.5036 11.0074 -10.4835 7.01556 57.9285
456530 9.6066 5.81098 31.5036 11.0074 -10.4835 7.01556 57.9285
456540 9.49062 5.06055 32.1504 10.9009 -11.1452 7.42159 57.6025
456550 9.42297 4.12733 32.7872 10.8622 -11.8972 7.89315 57.1996
456560 9.42297 4.12733 32.7872 10.8622 -11.8972 7.89315 57.1996
456579 9.24901 3.19411 33.3531 10.717 -12.6922 8.39458 56.5132
456587 9.04605 2.21279 33.8787 10.6492 -13.4722 8.94542 55.7868
456606 9.01706 1.36616 34 10.4653 -14.2144 9.32078 54.8485
456616 9.01706 1.36616 34 10.4653 -14.2144 9.32078 54.8485
456626 9.00739 0.654216 34 10.32 -14.8352 9.63062 53.9817
456632 8.99773 0.259762 34 10.2136 -15.2066 9.80607 53.471
456651 8.99773 0.259762 34 10.2136 -15.2066 9.80607 53.471
456653 9.09437 0.105829 34 10.1942 -15.3548 9.8308 53.3944
456662 9.32632 0.11545 34 10.1748 -15.4038 9.71706 53.6166
456676 9.32632 0.11545 34 10.1748 -15.4038 9.71706 53.6166
456684 9.50995 0.153933 34 10.1845 -15.4004 9.61606 53.8484
456700 9.50995 0.153933 34 10.1845 -15.4004 9.61606 53.8484
456703 9.63559 0.211658 34 10.1264 -15.423 9.52664 53.9737
456712 9.69358 0.192417 34 10.1071 -15.4622 9.50708 53.9931
456727 9.69358 0.192417 34 10.1071 -15.4622 9.50708 53.9931
456734 9.9062 0.173175 34 9.99089 -15.6011 9.40763 54.0703
456747 9.95452 0.240521 34 9.90376 -15.6243 9.34643 54.0988
456773 9.96418 0.269383 34 9.84567 -15.6479 9.32302 54.0792
456775 9.96418 0.269383 34 9.84567 -15.6479 9.32302 54.0792
456784 10.0705 0.250141 34 9.74886 -15.7536 9.27368 54.0695
456798 10.0898 0.298246 34 9.73918 -15.7279 9.24242 54.1273
456823 10.1671 0.259762 34 9.65205 -15.8358 9.21573 54.079
456824 10.3121 0.288625 34 9.63269 -15.8531 9.13605 54.2334
456839 10.3121 0.288625 34 9.63269 -15.8531 9.13605 54.2334
456849 10.3798 0.327108 34 9.55524 -15.8939 9.08047 54.2621
456854 10.3798 0.327108 34 9.55524 -15.8939 9.08047 54.2621
456873 10.4571 0.34635 33.9394 9.55524 -15.8822 9.03104 54.298
456875 10.4764 0.355971 33.8585 9.47779 -15.923 9.00075 54.1687
456887 10.4764 0.355971 33.8585 9.47779 -15.923 9.00075 54.1687
456898 10.5247 0.423316 33.8181 9.46811 -15.8808 8.94402 54.2342
456905 10.6117 0.509904 33.7776 9.5746 -15.7437 8.87507 54.4739
456924 10.6117 0.509904 33.7776 9.5746 -15.7437 8.87507 54.4739
456926 10.7953 0.962083 33.8383 9.90376 -15.2109 8.64458 55.4995
456935 10.7953 0.962083 33.8383 9.90376 -15.2109 8.64458 55.4995
456950 10.9016 1.52009 33.7878 10.6008 -14.3321 8.44041 56.8103
456957 10.9306 2.05886 33.8686 11.9755 -13.0728 8.37649 58.8336
456975 10.9306 2.05886 33.8686 11.9755 -13.0728 8.37649 58.8336
456977 10.8147 2.69383 33.5755 13.5729 -11.5912 8.3189 60.6569
456986 10.5247 3.29032 32.4031 14.0763 -10.5985 8.12621 60.2945
457005 10.5247 3.29032 32.4031 14.0763 -10.5985 8.12621 60.2945
457014 10.1092 3.60781 30.3918 13.6213 -10.0779 7.87184 57.7301
457026 10.1092 3.60781 30.3918 13.6213 -10.0779 7.87184 57.7301
457028 9.5776 3.82909 28.5725 13.0114 -9.68786 7.68601 54.9906
457037 9.17169 4.05999 26.9251 12.75 -9.11357 7.49717 52.9068
457052 9.17169 4.05999 26.9251 12.75 -9.11357 7.49717 52.9068
457057 8.79477 4.24278 25.8234 12.7984 -8.5062 7.42874 51.6594
457067 8.47584 4.65648 25.0856 13.2534 -7.60207 7.34585 51.4714
457082 8.47584 4.65648 25.0856 13.2534 -7.60207 7.34585 51.4714
457089 8.27288 5.07018 24.651 14.0763 -6.6148 7.31249 52.0704
457103 8.27288 5.07018 24.651 14.0763 -6.6148 7.31249 52.0704
457111 8.11825 5.49349 24.4691 15.0928 -5.64237 7.3204 53.1737
457120 8.08926 5.99377 24.176 16.2158 -4.6148 7.24429 54.4748
457131 8.08926 5.99377 24.176 16.2158 -4.6148 7.24429 54.4748
457140 8.07959 6.41709 23.7919 17.193 -3.72261 7.16135 55.4816
457155 8.09892 6.80192 23.2057 17.7526 -3.02106 6.99727 55.8591
457160 8.09892 6.80192 23.2057 17.7526 -3.02106 6.99727 55.8591
457182 8.20523 6.9751 22.3668 18.0227 -2.50777 6.80473 55.5699
457183 8.22456 7.19638 21.2146 18.1964 -1.84493 6.5628 54.8319
457209 8.22456 7.19638 21.2146 18.1964 -1.84493 6.5628 54.8319
457211 8.38886 7.45614 20.0927 18.3314 -1.24105 6.24089 54.2692
457218 8.38886 7.45614 20.0927 18.3314 -1.24105 6.24089 54.2692
457226 8.50483 7.7159 18.6879 18.6112 -0.404321 5.90763 53.5198
457237 8.59181 8.13922 17.283 19.441 0.797579 5.61022 53.455
457245 8.59181 8.13922 17.283 19.441 0.797579 5.61022 53.455
457262 8.43718 8.52405 16.15 20.5119 2.0741 5.51087 53.6231
457264 8.26322 9.00509 15.0875 21.9109 3.48523 5.45364 54.2667
457290 7.80898 9.61121 14.2679 23.5125 5.00306 5.5326 55.2005
457294 7.80898 9.61121 14.2679 23.5125 5.00306 5.5326 55.2005
457306 7.2871 10.1307 13.5899 25.0658 6.38429 5.68126 56.0735
457317 6.58158 10.554 13.0435 26.4648 7.67683 5.92455 56.6439
457324 6.58158 10.554 13.0435 26.4648 7.67683 5.92455 56.6439
457343 5.77942 10.9581 12.75 27.4875 8.73901 6.18691 56.9751
457351 4.85162 11.1602 12.5577 28.3365 9.70342 6.55884 56.9061
457360 4.85162 11.1602 12.5577 28.3365 9.70342 6.55884 56.9061
457371 4.02047 11.2756 12.3149 28.9444 10.5581 6.88614 56.5553
457380 4.02047 11.2756 12.3149 28.9444 10.5581 6.88614 56.5553
457397 3.18931 11.4295 12.1327 29.4171 11.3607 7.192 56.1687
457399 2.40648 11.4873 11.8494 29.7066 12.1452 7.48306 55.4497
457406 2.40648 11.4873 11.8494 29.7066 12.1452 7.48306 55.4497
457425 1.79761 11.5546 11.5863 29.8899 12.7947 7.69418 54.8284
457427 1.3917 11.6508 11.4446 29.9478 13.2095 7.81205 54.435
457436 1.3917 11.6508 11.4446 29.9478 13.2095 7.81205 54.435
457451 1.23707 11.7374 11.3738 30.0925 13.4178 7.85032 54.4408
457458 1.23707 11.7374 11.3738 30.0925 13.4178 7.85032 54.4408
457466 1.21774 11.7759 11.2827 30.0443 13.4938 7.82393 54.3206
457481 1.18874 11.7663 11.2929 30.0925 13.5154 7.84785 54.3404
457487 1.18874 11.7663 11.2929 30.0925 13.5154 7.84785 54.3404
457506 1.2274 11.8336 11.222 29.9671 13.5259 7.77733 54.2501
457508 1.20807 11.8817 11.2119 29.8899 13.5407 7.7536 54.1916
457518 1.20807 11.8817 11.2119 29.8899 13.5407 7.7536 54.1916
457532 1.26606 11.9683 11.1714 29.861 13.5404 7.68372 54.2668
457539 1.28539 11.9875 11.1107 29.6969 13.5392 7.63713 54.0806
457549 1.28539 11.9875 11.1107 29.6969 13.5392 7.63713 54.0806
457563 1.2564 12.0741 11.05 29.6005 13.6012 7.59154 53.981
457574 1.2564 12.0741 11.05 29.6005 13.6012 7.59154 53.981
457587 1.27572 12.0357 10.9792 29.4847 13.6054 7.57388 53.7752
457588 1.27572 12.0549 10.9792 29.4461 13.6013 7.56047 53.7559
457614 1.27572 12.0549 10.9792 29.4461 13.6013 7.56047 53.7559
457615 1.28539 12.0741 10.9286 29.3207 13.6082 7.52387 53.6088
457620 1.24673 12.0934 10.9286 29.3207 13.6402 7.53203 53.5893
457631 1.24673 12.0934 10.9286 29.3207 13.6402 7.53203 53.5893
457642 1.31438 12.0549 10.8881 29.2049 13.5878 7.49792 53.4623
457651 1.31438 12.0549 10.8881 29.2049 13.5878 7.49792 53.4623
457668 1.19841 11.8432 10.9488 28.9154 13.52 7.60481 52.9059
457671 1.34338 11.7855 11.7381 28.9444 12.8451 7.6806 53.8114
457681 1.34338 11.7855 11.7381 28.9444 12.8451 7.6806 53.8114
457700 2.03923 11.6604 13.7518 29.3689 11.1044 7.76685 56.8204
457709 2.68675 11.5546 16.322 29.6101 9.20502 7.89985 60.1735
457725 2.68675 11.5546 16.322 29.6101 9.20502 7.89985 60.1735
457729 3.17965 11.1024 17.2122 28.6453 8.0462 7.87554 60.1396
457739 3.17965 11.1024 17.2122 28.6453 8.0462 7.87554 60.1396
457753 3.51791 10.5348 17.3537 26.9569 7.11921 7.77661 58.3633
457757 3.97214 9.8421 17.1617 25.2588 6.20926 7.6304 56.2348
457764 3.97214 9.8421 17.1617 25.2588 6.20926 7.6304 56.2348
457783 4.19443 9.15903 17.3436 23.7826 5.23295 7.64674 54.4797
457785 4.48437 8.49519 17.8793 22.4512 4.0249 7.69581 53.3101
457794 4.48437 8.49519 17.8793 22.4512 4.0249 7.69581 53.3101
457810 4.82263 7.87946 18.698 21.1005 2.59964 7.74174 52.5005
457815 5.21887 7.31183 19.6177 20.126 1.24403 7.8087 52.2744
457839 5.21887 7.31183 19.6177 20.126 1.24403 7.8087 52.2744
457841 5.69244 6.89813 20.7295 19.1129 -0.195895 7.7962 52.433
457846 5.69244 6.89813 20.7295 19.1129 -0.195895 7.7962 52.433
457866 6.37862 6.70572 21.9322 18.1192 -1.64012 7.61269 53.1357
457867 6.96816 6.53254 23.0036 17.0579 -2.97846 7.4383 53.5622
457876 6.96816 6.53254 23.0036 17.0579 -2.97846 7.4383 53.5622
457897 7.59636 6.57102 23.7919 15.6834 -4.25682 7.0768 53.6427
457901 8.09892 6.68647 24.6106 14.2893 -5.46413 6.73774 53.6853
457907 8.09892 6.68647 24.6106 14.2893 -5.46413 6.73774 53.6853
457925 8.64014 6.85003 25.5505 13.0598 -6.59922 6.41034 54.1005
457931 8.64014 6.85003 25.5505 13.0598 -6.59922 6.41034 54.1005
457937 9.14269 6.86927 26.9453 12.1498 -7.74355 6.28317 55.107
457952 9.59693 6.71534 28.5119 11.5592 -8.79437 6.3207 56.3834
457957 9.59693 6.71534 28.5119 11.5592 -8.79437 6.3207 56.3834
457967 9.84821 6.38823 29.8258 11.4237 -9.50758 6.52674 57.4859
457982 9.9062 5.94567 31.0083 11.4624 -10.076 6.84611 58.3226
457989 9.9062 5.94567 31.0083 11.4624 -10.076 6.84611 58.3226
458010 9.88687 5.33956 31.8876 11.5011 -10.6345 7.20692 58.6152
458012 9.88687 5.33956 31.8876 11.5011 -10.6345 7.20692 58.6152
458019 9.81922 4.64686 32.393 11.4624 -11.1892 7.55879 58.3215
458038 9.62592 3.90606 32.5749 11.3269 -11.7387 7.9317 57.4338
458045 9.62592 3.90606 32.5749 11.3269 -11.7387 7.9317 57.4338
458050 9.33599 3.16525 32.8781 11.2107 -12.2982 8.37274 56.5901
458065 9.15236 2.39559 33.4037 11.1429 -12.9324 8.82403 56.0946
458094 8.88175 1.57782 33.8787 11.0655 -13.5899 9.33636 55.4038
458096 8.88175 1.57782 33.8787 11.0655 -13.5899 9.33636 55.4038
458100 8.85276 0.837012 34 10.959 -14.2074 9.6807 54.6488
458124 8.73678 0.355971 34 10.8138 -14.6397 9.93971 53.9065
458132 8.87209 0.144312 34 10.8041 -14.8288 9.97418 53.8205
458152 8.95907 0.125071 34 10.8719 -14.8093 9.94914 53.956
458153 8.95907 0.125071 34 10.8719 -14.8093 9.94914 53.956
458161 9.1137 0.211658 34 10.8525 -14.789 9.83625 54.1779
458183 9.1137 0.211658 34 10.8525 -14.789 9.83625 54.1779
458186 9.17169 0.144312 34 10.6782 -14.978 9.82389 53.9942
458196 9.33599 0.221279 34 10.4846 -15.0948 9.69452 54.0419
458215 9.33599 0.221279 34 10.4846 -15.0948 9.69452 54.0419
458218 9.46163 0.250141 34 10.3781 -15.1754 9.61354 54.0899
458222 9.66458 0.2309 33.7271 10.2329 -15.2853 9.48776 53.8555
458243 9.66458 0.2309 33.7271 10.2329 -15.2853 9.48776 53.8555
458244 9.83854 0.269383 33.5149 10.1264 -15.3293 9.35828 53.7492
458254 9.83854 0.269383 33.5149 10.1264 -15.3293 9.35828 53.7492
458271 9.93519 0.34635 33.4441 10.049 -15.3344 9.26409 53.7746
458274 10.0318 0.375212 33.343 9.99089 -15.3555 9.19044 53.741
458284 10.0318 0.375212 33.343 9.99089 -15.3555 9.19044 53.741
458300 10.2445 0.269383 33.3228 9.9328 -15.513 9.13394 53.7695
458304 10.3218 0.365591 33.3936 9.98121 -15.4306 9.0694 54.0621
458331 10.3218 0.365591 33.3936 9.98121 -15.4306 9.0694 54.0621
458331 10.3604 0.384833 33.4037 9.95216 -15.4466 9.04157 54.1011
458335 10.5344 0.384833 33.3734 9.95216 -15.4719 8.96113 54.2448
458345 10.5344 0.654216 33.3734 10.2813 -15.0302 8.87968 54.8433
458359 10.892 1.32767 33.2622 10.4459 -14.4743 8.4453 55.9277
458365 10.892 1.32767 33.2622 10.4459 -14.4743 8.4453 55.9277
458388 11.0756 2.17431 32.7568 10.5621 -13.7426 7.97321 56.5688
458389 11.3172 3.16525 32.0696 10.6395 -12.9311 7.40317 57.1916
458400 11.3172 3.16525 32.0696 10.6395 -12.9311 7.40317 57.1916
458417 11.3559 4.05999 31.1094 10.6105 -12.1617 6.90566 57.1357
458417 11.3559 4.05999 30.0785 10.6105 -11.9258 6.75693 56.1048
458426 11.3945 4.618 30.0785 10.5233 -11.6276 6.51494 56.6144
458445 11.1916 5.27221 28.9869 10.533 -10.8841 6.17755 55.9837
458447 11.1916 5.27221 28.9869 10.533 -10.8841 6.17755 55.9837
458475 11.1433 5.91681 27.956 10.8235 -10.0104 5.83441 55.8395
458477 10.892 6.47482 27.0969 11.6464 -8.85212 5.71461 56.1101
458483 10.892 6.47482 27.0969 11.6464 -8.85212 5.71461 56.1101
458492 10.5924 6.7923 26.3086 12.5951 -7.77849 5.73449 56.2883
458506 10.2541 7.06169 25.5202 13.2921 -6.86844 5.74486 56.1282
458511 10.2541 7.06169 25.5202 13.2921 -6.86844 5.74486 56.1282
458520 9.9062 7.14827 24.459 13.7084 -6.11554 5.73494 55.2219
458535 9.9062 7.14827 24.459 13.7084 -6.11554 5.73494 55.2219
458539 9.43263 7.41766 23.3876 13.9989 -5.25646 5.6796 54.2368
458568 9.12337 7.49462 22.4376 14.3764 -4.53375 5.66964 53.432
458572 9.12337 7.49462 22.4376 14.3764 -4.53375 5.66964 53.432
458574 8.8141 7.70628 21.7806 14.9573 -3.72297 5.69419 53.2583
458580 8.50483 7.86984 21.1439 15.7124 -2.84912 5.77153 53.231
458598 8.50483 7.86984 21.1439 15.7124 -2.84912 5.77153 53.231
458600 8.23422 8.13922 20.3757 16.8257 -1.70089 5.83147 53.5749
458610 8.23422 8.13922 20.3757 16.8257 -1.70089 5.83147 53.5749
458629 7.87663 8.56254 19.7592 17.9841 -0.502563 5.89789 54.1825
458631 7.52871 9.00509 18.8496 19.4313 0.938675 5.95108 54.8147
458640 7.52871 9.00509 18.8496 19.4313 0.938675 5.95108 54.8147
458659 7.03582 9.52462 17.6974 20.7917 2.5355 5.97516 55.0495
458661 6.57192 10.0922 16.3119 22.1714 4.25215 5.93476 55.1475
458671 6.57192 10.0922 16.3119 22.1714 4.25215 5.93476 55.1475
458689 5.99204 10.6984 14.8244 23.5221 6.08866 5.90226 55.0369
458693 5.99204 10.6984 14.8244 23.5221 6.08866 5.90226 55.0369
458701 5.37351 11.1313 13.4988 24.9694 7.83491 5.99295 54.973
458719 4.89028 11.6123 12.4464 26.3297 9.31884 6.04397 55.2788
458723 4.89028 11.6123 12.4464 26.3297 9.31884 6.04397 55.2788
458732 4.41671 12.026 11.6875 27.4586 10.5149 6.12623 55.5888
458749 3.92382 12.2569 11.2423 28.4427 11.4263 6.3109 55.8657
458758 3.92382 12.2569 11.2423 28.4427 11.4263 6.3109 55.8657
458766 3.40193 12.4205 10.9387 29.147 12.1748 6.50977 55.9081
458782 3.40193 12.4205 10.9387 29.147 12.1748 6.50977 55.9081
458785 2.73508 12.3243 10.7869 29.6873 12.8254 6.86472 55.5335
458794 2.16487 12.2377 10.7363 30.1407 13.331 7.1838 55.2796
458813 2.16487 12.2377 10.7363 30.1407 13.331 7.1838 55.2796
458822 1.68164 12.1992 10.6857 30.7679 13.8249 7.47439 55.3344
458846 1.32405 12.1703 10.6351 31.0573 14.1648 7.66434 55.1868
458848 1.32405 12.1703 10.6351 31.0573 14.1648 7.66434 55.1868
458850 1.07277 12.026 10.5946 31.1635 14.3656 7.83656 54.8569
458859 1.07277 11.9298 10.625 31.2213 14.3364 7.88814 54.8489
458878 1.07277 11.9298 10.625 31.2213 14.3364 7.88814 54.8489
458879 1.03411 11.7855 10.6351 31.2599 14.3363 7.97101 54.7147
458886 1.03411 11.7855 10.6351 31.2599 14.3363 7.97101 54.7147
458910 0.908471 11.5258 10.6756 31.3757 14.3696 8.15366 54.4855
458911 0.937464 11.3814 10.797 31.4529 14.248 8.2275 54.5688
458917 0.937464 11.3814 10.797 31.4529 14.248 8.2275 54.5688
458927 0.860148 11.1505 10.8881 31.5204 14.2058 8.3788 54.4192
458942 0.80216 10.9004 10.8577 31.5204 14.2199 8.50828 54.0807
458952 0.80216 10.9004 10.8577 31.5204 14.2199 8.50828 54.0807
458958 0.734508 10.7561 10.8274 31.6169 14.2816 8.60863 53.9349
458973 0.734508 10.7561 10.8274 31.6169 14.2816 8.60863 53.9349
458980 0.657192 10.5348 10.9488 31.6555 14.213 8.75868 53.7963
458988 0.599204 10.3713 10.9792 31.7423 14.2178 8.87034 53.692
459004 0.599204 10.3713 10.9792 31.7423 14.2178 8.87034 53.692
459009 0.531552 10.1981 11.0399 31.7327 14.186 8.98363 53.5022
459019 0.512223 10.1307 11.0702 31.8581 14.1897 9.03993 53.5713
459036 0.512223 10.1307 11.0702 31.8581 14.1897 9.03993 53.5713
459044 0.550881 10.1115 11.2018 31.916 14.0734 9.05225 53.7802
459050 0.550881 10.1115 11.2018 31.916 14.0734 9.05225 53.7802
459066 0.918135 10.1019 11.6167 31.945 13.5174 8.94301 54.5816
459070 1.44002 10.1307 12.2744 31.7616 12.6684 8.75755 55.6068
459082 1.44002 10.1307 12.2744 31.7616 12.6684 8.75755 55.6068
459098 2.02956 10.0538 13.8732 31.6459 11.1961 8.70687 57.6024
459101 2.59011 9.87097 15.9173 31.4143 9.5237 8.74786 59.7926
459129 2.59011 9.87097 15.9173 31.4143 9.5237 8.74786 59.7926
459131 3.05401 9.44765 17.374 30.2372 8.00865 8.7609 60.1129
459132 3.3826 9.06282 17.4851 28.1146 7.02458 8.56773 58.0452
459160 3.68221 8.47595 17.2931 26.0403 6.10045 8.42702 55.4916
459162 3.68221 8.47595 17.2931 26.0403 6.10045 8.42702 55.4916
459172 3.95281 7.90832 17.4649 24.0431 4.93436 8.3326 53.3692
459193 4.15577 7.51387 17.94 22.4994 3.79856 8.2816 52.109
459201 4.15577 7.51387 17.94 22.4994 3.79856 8.2816 52.109
459210 4.45537 7.14827 18.698 21.3706 2.59594 8.26312 51.6722
459226 4.78397 6.9751 19.7188 20.5312 1.44376 8.2171 52.0091
459227 4.78397 6.9751 19.7188 20.5312 1.44376 8.2171 52.0091
459234 5.13189 6.91737 20.9215 19.8269 0.327125 8.15353 52.7977
459260 5.49915 6.90775 22.2152 18.9586 -0.862271 8.05334 53.5807
459265 5.82774 6.90775 23.2259 17.849 -1.9963 7.8998 53.8105
459290 5.82774 6.90775 23.2259 17.849 -1.9963 7.8998 53.8105
459291 6.195 7.00396 23.9941 16.6031 -3.05878 7.63945 53.7961
459295 6.51393 7.09055 25.1361 15.3155 -4.2752 7.4498 54.0561
459322 6.51393 7.09055 25.1361 15.3155 -4.2752 7.4498 54.0561
459323 6.87152 7.0232 26.4905 14.0473 -5.64531 7.34204 54.4325
459326 7.22911 7.0232 27.956 13.0792 -6.82015 7.26643 55.2875
459336 7.22911 6.87889 27.956 13.0792 -6.90342 7.32471 55.1432
459354 7.5867 6.60951 29.6641 12.3918 -8.11058 7.42897 56.2521
459369 7.90563 6.18619 31.069 11.9755 -9.10669 7.60095 57.1363
459386 8.15691 5.5897 32.1706 11.6948 -9.99925 7.8418 57.612
459388 8.15691 5.5897 32.1706 11.6948 -9.99925 7.8418 57.612
459400 8.33087 4.97397 33.1813 11.6076 -10.7286 8.1293 58.0938
459418 8.41785 4.33899 33.6766 11.5205 -11.3172 8.39639 57.9539
459420 8.41785 4.33899 33.6766 11.5205 -11.3172 8.39639 57.9539
459428 8.38886 3.70402 34 11.3075 -11.9238 8.67973 57.4004
459450 8.38886 3.70402 34 11.3075 -11.9238 8.67973 57.4004
459454 8.27288 3.07866 34 11.2204 -12.3621 8.98029 56.5719
459460 8.2149 2.44369 34 11.1526 -12.8194 9.27073 55.8112
459485 8.2149 2.44369 34 11.1526 -12.8194 9.27073 55.8112
459486 8.01194 1.85682 34 11.0268 -13.2654 9.6068 54.8955
459490 7.80898 1.27957 34 11.0461 -13.6157 9.96337 54.1347
459518 7.80898 1.27957 34 11.0461 -13.6157 9.96337 54.1347
459519 7.65435 0.846633 34 11.0171 -13.9162 10.2347 53.5181
459520 7.65435 0.846633 34 11.0171 -13.9162 10.2347 53.5181
459530 7.39341 0.307866 34 10.9203 -14.3312 10.6094 52.6215
459553 7.32575 0 34 10.9396 -14.5345 10.7951 52.2654
459559 7.32575 0 34 10.9396 -14.5345 10.7951 52.2654
459569 7.22911 0 34 11.0364 -14.4419 10.8506 52.2656
459585 7.18078 0 34 11.1139 -14.3738 10.8806 52.2947
459590 7.18078 0 34 11.1139 -14.3738 10.8806 52.2947
459596 7.21944 0 34 11.1429 -14.3598 10.8638 52.3624
459601 7.21944 0 34 11.1429 -14.3598 10.8638 52.3624
459621 7.13246 0 34 11.1526 -14.3348 10.9076 52.2851
459622 7.03582 0 34 11.201 -14.2786 10.9593 52.2368
459631 7.03582 0 34 11.201 -14.2786 10.9593 52.2368
459654 7.06481 0 34 11.0171 -14.4233 10.9306 52.0819
459655 7.11313 0 34 10.9687 -14.4698 10.9027 52.0818
459666 7.11313 0 34 10.9687 -14.4698 10.9027 52.0818
459687 7.16146 0 34 10.93 -14.5089 10.8756 52.0914
459688 7.16146 0 34 10.93 -14.5089 10.8756 52.0914
459692 7.26777 0 34 10.8719 -14.5743 10.8183 52.1396
459702 7.32575 0 34 10.7847 -14.652 10.7826 52.1105
459720 7.32575 0 34 10.7847 -14.652 10.7826 52.1105
459724 7.44173 0 34 10.6879 -14.7487 10.7174 52.1297
459733 7.53837 0 34 10.6202 -14.8193 10.6642 52.1585
459751 7.53837 0 34 10.6202 -14.8193 10.6642 52.1585
459762 7.60603 0 34 10.6589 -14.803 10.6341 52.2649
459763 7.60603 0 34 10.6589 -14.803 10.6341 52.2649
459781 7.77999 0 34 10.8331 -14.7049 10.5639 52.6131
459792 8.0506 0.394454 34 11.0655 -14.2919 10.2654 53.5105
459815 8.0506 0.394454 34 11.0655 -14.2919 10.2654 53.5105
459817 8.24389 1.00057 34 11.2301 -13.774 9.90893 54.4745
459820 8.46617 1.80872 34 11.385 -13.1479 9.46196 55.6599
459825 8.46617 1.80872 34 11.385 -13.1479 9.46196 55.6599
459848 8.66913 2.61686 34 11.4915 -12.5758 9.03672 56.7775
459848 8.66913 2.61686 34 11.4915 -12.5758 9.03672 56.7775
459855 8.70779 3.29032 33.8383 11.9852 -11.7908 8.77493 57.8216
459865 8.74645 3.7425 33.0904 13.0211 -10.6967 8.60638 58.6004
459880 8.74645 3.7425 33.0904 13.0211 -10.6967 8.60638 58.6004
459886 8.57248 4.12733 32.0797 14.2215 -9.45038 8.54258 59.001
459911 8.14724 4.29089 30.5737 14.9573 -8.39791 8.56306 57.9691
459915 8.14724 4.29089 30.5737 14.9573 -8.39791 8.56306 57.9691
459924 7.80898 4.50255 28.896 15.18 -7.54709 8.44985 56.3874
459944 7.80898 4.50255 28.896 15.18 -7.54709 8.44985 56.3874
459945 7.39341 4.56989 27.1272 15.18 -6.80425 8.38685 54.2705
459951 6.9585 4.63724 25.591 15.4801 -5.90133 8.39485 52.6668
459960 6.9585 4.63724 25.591 15.4801 -5.90133 8.39485 52.6668
459981 6.6589 4.83928 24.3478 16.2642 -4.75108 8.38047 52.1102
459982 6.39795 5.16638 23.4382 17.357 -3.49161 8.37407 52.3595
459987 6.39795 5.16638 23.4382 17.357 -3.49161 8.37407 52.3595
460014 6.17567 5.51273 22.4275 18.6788 -2.08905 8.35819 52.7946
460015 6.17567 5.51273 22.4275 18.6788 -2.08905 8.35819 52.7946
460018 5.96305 6.0034 21.3258 20.4251 -0.400415 8.31699 53.7173
460029 5.77942 6.63837 19.8906 22.0749 1.39899 8.14985 54.3833
460050 5.77942 6.63837 19.8906 22.0749 1.39899 8.14985 54.3833
460054 5.57646 7.31183 18.1118 23.6186 3.31489 7.92094 54.6187
460060 5.22854 7.99491 16.2917 25.172 5.32423 7.74594 54.6871
460085 5.22854 7.99491 16.2917 25.172 5.32423 7.74594 54.6871
460086 4.89028 8.71647 14.4702 26.6481 7.31112 7.54086 54.7251
460090 4.89028 8.71647 14.4702 26.6481 7.31112 7.54086 54.7251
460100 4.42638 9.40917 12.9726 28.0182 9.13262 7.42943 54.8263
460119 4.07845 10.073 11.8292 29.2821 10.6073 7.31772 55.2627
460121 4.07845 10.073 11.8292 29.2821 10.6073 7.31772 55.2627
460130 3.73053 10.5444 11.303 30.4012 11.5722 7.34986 55.9792
460153 3.33428 10.9485 10.969 31.3178 12.3578 7.42556 56.5696
460154 3.33428 10.9485 10.969 31.3178 12.3578 7.42556 56.5696
460161 2.95736 11.1794 10.7464 31.9064 12.9346 7.53203 56.7895
460189 2.95736 11.1794 10.7464 31.9064 12.9346 7.53203 56.7895
460190 2.38715 11.3526 10.5542 32.0511 13.516 7.6845 56.345
460192 1.93292 11.545 10.2911 32.1765 14.0751 7.77266 55.9455
460201 1.93292 11.545 10.2911 32.1765 14.0751 7.77266 55.9455
460223 1.60432 11.8048 10.0077 32.1379 14.549 7.75899 55.5547
460224 1.20807 12.103 9.69405 32.08 15.1043 7.75064 55.0851
460232 1.20807 12.103 9.69405 32.08 15.1043 7.75064 55.0851
460259 1.05344 12.4493 9.4006 31.8099 15.4465 7.59624 54.7133
460260 1.05344 12.4493 9.4006 31.8099 15.4465 7.59624 54.7133
460262 0.860148 12.7284 9.20833 31.6362 15.7515 7.51089 54.433
460297 0.821489 12.9496 9.0869 31.395 15.8684 7.38506 54.253
460298 0.821489 12.9496 9.0869 31.395 15.8684 7.38506 54.253
460299 0.792496 13.1324 8.9756 31.1731 15.9678 7.27446 54.0736
460304 0.821489 13.2094 8.91488 30.9222 15.9628 7.18597 53.868
460332 0.821489 13.2094 8.91488 30.9222 15.9628 7.18597 53.868
460333 0.860148 13.2767 8.78333 30.8354 16.0303 7.11047 53.7556
460335 0.860148 13.2767 8.80357 30.8354 16.0148 7.11344 53.7759
460344 0.831154 13.3152 8.80357 30.7389 16.0273 7.09536 53.6889
460370 0.850483 13.4692 8.78333 30.6521 16.0392 7.0084 53.7551
460371 0.850483 13.4692 8.78333 30.6521 16.0392 7.0084 53.7551
460375 0.850483 13.4114 8.7125 30.6617 16.0853 7.02297 53.6362
460385 0.869812 13.5461 8.70238 30.6328 16.0958 6.95406 53.7511
460405 0.869812 13.5461 8.70238 30.6328 16.0958 6.95406 53.7511
460414 0.860148 13.6327 8.69226 30.6232 16.1237 6.91973 53.8083
460415 0.860148 13.6327 8.69226 30.6232 16.1237 6.91973 53.8083
460436 0.850483 13.6808 8.83393 30.8065 16.0614 6.95264 54.1717
460440 0.879477 13.7289 8.85417 31.0091 16.0654 6.9545 54.4716
460445 0.879477 13.7289 8.85417 31.0091 16.0654 6.9545 54.4716
460473 0.879477 13.8251 8.8744 31.2117 16.099 6.94867 54.7907
460474 0.918135 13.7578 9.07679 31.2599 15.9158 6.99679 55.0126
460476 0.918135 13.7578 9.07679 31.2599 15.9158 6.99679 55.0126
