33033 8.35986 8.77419 21.5279 14.2893 -3.22198 5.29256 52.9513
33042 8.35986 8.77419 21.5279 14.2893 -3.22198 5.29256 52.9513
33052 8.87209 9.09168 22.6094 12.992 -4.38614 4.93912 53.5652
33065 9.37464 9.15903 23.6908 11.9368 -5.52501 4.73418 54.1613
33073 9.37464 9.15903 23.6908 11.9368 -5.52501 4.73418 54.1613
33083 9.79022 9.02433 24.9239 11.1429 -6.62649 4.71534 54.8814
33093 10.2058 9.02433 26.066 10.6976 -7.38915 4.69699 55.9937
33103 10.2058 8.70685 26.066 10.6976 -7.57385 4.80931 55.6763
33123 10.4764 8.37974 27.299 10.5911 -8.2845 5.03134 56.7463
33125 10.4764 8.37974 27.299 10.5911 -8.2845 5.03134 56.7463
33134 10.5827 7.88908 28.2289 10.6202 -8.85471 5.33242 57.3209
33144 10.7374 7.26372 28.8858 10.4943 -9.52627 5.5887 57.3812
33154 10.7374 7.26372 28.8858 10.4943 -9.52627 5.5887 57.3812
33164 10.834 6.59989 29.5327 10.3878 -10.1906 5.88097 57.3544
33182 10.834 6.59989 30.4929 10.3878 -10.4344 6.03112 58.3146
33191 10.8243 5.84946 30.4929 10.504 -10.8217 6.32637 57.6706
33199 10.8533 5.03169 31.261 10.4362 -11.5689 6.724 57.5822
33217 10.863 4.24278 31.7158 10.2813 -12.2825 7.06392 57.1029
33226 10.8243 3.47312 32.1201 10.1555 -12.9549 7.41823 56.573
33236 10.8243 3.47312 32.1201 10.1555 -12.9549 7.41823 56.573
33247 10.921 2.80928 32.302 9.96185 -13.596 7.64373 55.9941
33256 10.834 2.21279 32.3526 9.8844 -14.059 7.92009 55.2837
33271 10.834 2.21279 32.3526 9.8844 -14.059 7.92009 55.2837
33277 10.834 1.88568 32.4233 9.7779 -14.3815 8.052 54.9209
33290 10.834 1.88568 32.4233 9.7779 -14.3815 8.052 54.9209
33297 10.7953 1.64516 32.4637 9.67141 -14.6322 8.16151 54.5756
33309 10.8533 1.48161 32.2313 9.5746 -14.7894 8.16508 54.1408
33317 10.8533 1.48161 32.2313 9.5746 -14.7894 8.16508 54.1408
33332 10.8533 1.47199 32.0595 9.46811 -14.8426 8.1339 53.8529
33338 10.689 1.45274 31.9382 9.43907 -14.8244 8.19395 53.519
33364 10.7277 1.37578 32.0392 9.46811 -14.8865 8.22704 53.6108
33372 10.7277 1.37578 32.0392 9.46811 -14.8865 8.22704 53.6108
33378 10.66 1.37578 31.9988 9.46811 -14.866 8.25129 53.5027
33391 10.66 1.39502 31.7967 9.35194 -14.9002 8.2025 53.2037
33398 10.66 1.39502 31.7967 9.35194 -14.9002 8.2025 53.2037
33411 10.8243 1.48161 31.6754 9.39066 -14.8146 8.08292 53.372
33423 10.9403 1.85682 31.5743 9.51651 -14.4472 7.8757 53.888
33431 10.9403 1.85682 31.5743 9.51651 -14.4472 7.8757 53.888
33439 11.0853 2.51104 31.4025 9.68109 -13.8514 7.54041 54.6799
33466 11.2399 3.26146 31.0184 9.99089 -13.0632 7.16293 55.5107
33473 11.3366 4.11771 30.3514 10.1651 -12.2408 6.71661 55.9708
33493 11.3366 4.11771 30.3514 10.1651 -12.2408 6.71661 55.9708
33496 11.5298 5.19525 29.5226 10.3007 -11.2985 6.12702 56.5484
33501 11.6362 6.38823 28.2996 10.3781 -10.2154 5.46365 56.7022
33530 11.7231 7.51387 26.8847 10.4459 -9.12538 4.79786 56.5676
33535 11.7231 7.51387 26.8847 10.4459 -9.12538 4.79786 56.5676
33541 11.7715 8.58178 25.4394 10.9396 -7.79513 4.23721 56.7322
33556 11.8391 9.49576 24.0951 11.7528 -6.42047 3.80703 57.1828
33562 11.8391 9.49576 24.0951 11.7528 -6.42047 3.80703 57.1828
33571 11.7908 10.2943 22.5386 12.2466 -5.18222 3.34977 56.8703
33586 11.7038 10.7657 20.7396 12.1885 -4.28232 2.83187 55.3976
33592 11.7038 10.7657 20.7396 12.1885 -4.28232 2.83187 55.3976
33602 11.6845 11.2852 19.1326 12.1498 -3.40174 2.29834 54.2521
33612 11.6845 11.2852 19.1326 12.1498 -3.40174 2.29834 54.2521
33627 11.7231 11.7085 17.7479 12.2079 -2.6011 1.83304 53.3875
33634 11.8198 12.1703 16.4131 12.4499 -1.70881 1.38294 52.8531
33642 11.8198 12.1703 16.4131 12.4499 -1.70881 1.38294 52.8531
33660 11.8488 12.7476 15.1583 12.9823 -0.605442 1.00811 52.7371
33664 11.8874 13.219 14.025 13.5438 0.403619 0.701201 52.6753
33673 11.8874 13.219 14.025 13.5438 0.403619 0.701201 52.6753
33683 11.8488 13.7963 13.0637 14.5604 1.6164 0.557268 53.2691
33694 11.8488 13.7963 13.0637 14.5604 1.6164 0.557268 53.2691
33703 11.7425 14.3447 12.1125 15.6446 2.84818 0.465238 53.8443
33713 11.8294 14.8738 11.2423 16.9419 3.9827 0.404717 54.8874
33731 11.8294 14.8738 11.2423 16.9419 3.9827 0.404717 54.8874
33734 11.6265 15.2779 10.6351 17.849 4.90413 0.427828 55.3885
33744 11.4429 15.5665 10.1494 18.6691 5.66175 0.486091 55.8279
33754 11.4429 15.5665 10.1494 18.6691 5.66175 0.486091 55.8279
33773 11.1626 15.5665 9.97738 19.3445 6.14219 0.693866 56.051
33777 11.1626 15.5665 9.97738 19.3445 6.14219 0.693866 56.051
33786 10.8243 15.4607 9.85595 19.933 6.55982 0.937328 56.074
33807 10.4667 15.2394 9.85595 20.4444 6.85683 1.23045 56.0065
33809 10.4667 15.2394 9.85595 20.4444 6.85683 1.23045 56.0065
33816 9.99318 14.9411 9.79524 20.9557 7.23191 1.56684 55.6853
33826 9.50028 14.5274 9.73452 21.4188 7.5712 1.93698 55.1811
33843 9.50028 14.5274 9.73452 21.4188 7.5712 1.93698 55.1811
33852 8.93974 14.1715 9.76488 22.1232 7.99557 2.39371 54.9993
33862 8.93974 14.1715 9.76488 22.1232 7.99557 2.39371 54.9993
33872 8.30188 13.7289 9.87619 23.1362 8.48745 2.99263 55.0432
33879 7.59636 13.3633 10.1899 24.5738 9.04058 3.71585 55.7234
33888 7.59636 13.3633 10.1899 24.5738 9.04058 3.71585 55.7234
33897 6.92951 13.1902 10.3518 25.7894 9.64183 4.27159 56.2609
33907 6.10802 13.0651 10.4732 26.8893 10.3356 4.82601 56.5356
33927 5.33485 12.7668 10.5946 27.6901 10.8747 5.36913 56.3865
33942 5.33485 12.7668 10.5946 27.6901 10.8747 5.36913 56.3865
33948 4.32007 12.2762 10.5643 28.3365 11.59 6.02858 55.4971
33958 3.33428 11.9202 10.544 28.983 12.333 6.64618 54.7815
33968 3.33428 11.9202 10.544 28.983 12.333 6.64618 54.7815
33983 2.38715 11.4199 10.5339 29.4364 12.9865 7.29766 53.7774
33989 1.556 10.9293 10.5643 29.8706 13.5485 7.92221 52.9201
34000 1.556 10.9293 10.5643 29.8706 13.5485 7.92221 52.9201
34008 1.10176 10.5733 10.6554 30.2758 13.8254 8.34201 52.6062
34023 1.10176 10.5733 10.6554 30.2758 13.8254 8.34201 52.6062
34029 0.879477 10.2173 10.9185 30.6907 13.8078 8.68375 52.7059
34038 0.782831 10.0249 11.0298 31.038 13.8298 8.86801 52.8755
34065 0.753837 9.76514 11.1006 31.202 13.7788 9.02575 52.8216
34069 0.637862 9.45727 11.3131 31.202 13.642 9.24344 52.6103
34086 0.637862 9.45727 11.3131 31.202 13.642 9.24344 52.6103
34089 1.05344 9.35144 11.6268 31.2117 13.0922 9.13736 53.2434
34099 1.05344 9.35144 11.6268 31.2117 13.0922 9.13736 53.2434
34111 1.92325 9.40917 12.0315 31.1345 12.1971 8.7618 54.4985
34121 2.98636 9.43803 12.4768 30.6617 11.085 8.29172 55.5629
34131 2.98636 9.43803 12.4768 30.6617 11.085 8.29172 55.5629
34141 4.21376 9.38031 12.669 29.6487 9.90229 7.70598 55.9118
34156 5.36384 9.30334 12.8917 28.3848 8.68402 7.13467 55.9436
34162 5.36384 9.30334 12.8917 28.3848 8.68402 7.13467 55.9436
34172 6.40762 9.20713 13.7214 27.256 7.21568 6.72248 56.5921
34186 6.40762 9.20713 13.7214 27.256 7.21568 6.72248 56.5921
34194 7.17112 8.86078 16.069 26.3394 5.11633 6.77012 58.4403
34202 7.64468 8.54329 18.6171 25.1237 3.08917 6.8964 59.9288
34216 7.64468 8.54329 18.6171 25.1237 3.08917 6.8964 59.9288
34222 7.60603 7.99491 19.1629 22.4319 1.59884 6.81708 57.1957
34241 7.5577 7.54273 19.2943 18.9682 -0.159776 6.51072 53.3629
34249 7.5577 7.54273 19.2943 18.9682 -0.159776 6.51072 53.3629
34259 7.70267 7.03282 20.2949 15.9157 -2.47763 6.32289 50.9461
34267 7.70267 7.03282 20.2949 15.9157 -2.47763 6.32289 50.9461
34273 8.25355 6.61913 21.7907 13.3212 -5.05354 6.07364 49.9846
34288 9.00739 6.39785 23.327 11.2785 -7.32746 5.75883 50.0107
34294 9.00739 6.39785 23.327 11.2785 -7.32746 5.75883 50.0107
34303 9.73223 6.27278 24.9643 10.0393 -9.01048 5.58688 51.0086
34319 10.4667 6.22467 27.0666 9.71982 -10.0924 5.63645 53.4778
34326 10.4667 6.22467 27.0666 9.71982 -10.0924 5.63645 53.4778
34334 11.0949 5.91681 29.3407 10.0103 -10.8709 5.9452 56.3627
34348 11.0949 5.91681 29.3407 10.0103 -10.8709 5.9452 56.3627
34354 11.6458 5.58008 31.0791 10.3104 -11.4451 6.18359 58.6153
34364 11.8681 5.06055 32.2111 10.4362 -11.9941 6.47542 59.5759
34379 11.8681 5.06055 32.2111 10.4362 -11.9941 6.47542 59.5759
34385 12.0131 4.46406 32.8882 10.3685 -12.5845 6.72472 59.7338
34399 11.9648 3.91568 33.0702 10.2039 -13.0655 6.94629 59.1545
34406 11.9648 3.91568 33.0702 10.2039 -13.0655 6.94629 59.1545
34416 11.8294 3.29032 33.1409 10.0103 -13.5873 7.21579 58.2709
34437 11.8294 3.29032 33.1409 10.0103 -13.5873 7.21579 58.2709
34439 11.6748 2.71307 33.1914 9.84567 -14.0651 7.48347 57.425
34446 11.5202 2.23203 33.0904 9.65205 -14.4821 7.69725 56.4946
34459 11.5202 2.23203 33.0904 9.65205 -14.4821 7.69725 56.4946
34467 11.4815 1.81834 32.8074 9.3713 -14.9153 7.80811 55.4785
34476 11.4235 1.49123 32.5648 9.17768 -15.2402 7.91141 54.6572
34504 11.4525 1.36616 32.2414 9.12927 -15.316 7.90339 54.1893
34507 11.4525 1.36616 32.2414 9.12927 -15.316 7.90339 54.1893
34517 11.5492 1.3854 32.1201 8.98405 -15.4055 7.81927 54.0387
34527 11.6362 1.47199 31.9078 9.04214 -15.2752 7.72553 54.0581
34537 11.6362 1.47199 31.9078 9.04214 -15.2752 7.72553 54.0581
34549 11.7038 1.49123 31.7259 8.93565 -15.3198 7.64991 53.8566
34562 11.7811 1.52971 31.5541 8.83884 -15.3465 7.5643 53.7038
34573 11.7811 1.52971 31.5541 8.83884 -15.3465 7.5643 53.7038
34578 11.8005 1.51047 31.4227 8.8098 -15.3627 7.54198 53.5434
34597 11.8005 1.51047 31.4227 8.8098 -15.3627 7.54198 53.5434
34599 11.8488 1.56819 31.2913 8.73235 -15.3626 7.46811 53.4406
34608 11.9068 1.57782 31.17 8.69362 -15.3732 7.41704 53.3482
34618 11.9068 1.57782 31.17 8.69362 -15.3732 7.41704 53.3482
34638 11.9358 1.48161 30.9275 8.60649 -15.4742 7.39828 52.9513
34638 11.8488 1.70289 30.7556 8.75171 -15.1481 7.33778 53.059
34653 11.8488 1.70289 30.7556 8.75171 -15.1481 7.33778 53.059
34661 11.8874 2.19355 30.6445 8.90661 -14.6516 7.12356 53.6321
34686 12.0421 2.96321 30.412 9.14863 -13.9016 6.75019 54.5659
34689 12.0421 3.9734 30.0482 9.36162 -12.9703 6.33131 55.4252
34699 12.0421 3.9734 30.0482 9.36162 -12.9703 6.33131 55.4252
34709 12.1677 4.897 29.2699 9.5262 -12.0901 5.83541 55.8608
34727 12.1677 6.0034 28.3401 9.68109 -11.0439 5.29879 56.1923
34731 12.1677 6.0034 28.3401 9.68109 -11.0439 5.29879 56.1923
34741 12.1774 7.15789 27.299 9.71014 -10.0313 4.70515 56.3445
34751 12.1774 7.15789 27.299 9.71014 -10.0313 4.70515 56.3445
34761 12.1774 8.1777 26.1873 9.83599 -9.02428 4.16867 56.3783
34772 12.187 9.09168 25.0654 9.83599 -8.15447 3.63723 56.1801
34797 12.245 9.8421 23.9738 10.0393 -7.28048 3.18876 56.1003
34801 12.1967 10.2269 23.0238 10.4556 -6.50143 2.96649 55.903
34817 12.1967 10.2269 23.0238 10.4556 -6.50143 2.96649 55.903
34822 12.1291 10.6118 22.1546 11.1333 -5.59473 2.82365 56.0287
34832 12.1291 10.6118 22.1546 11.1333 -5.59473 2.82365 56.0287
34844 11.9551 10.7946 21.4067 11.7238 -4.85118 2.78654 55.8801
34853 11.6941 10.8715 20.4768 12.1207 -4.15979 2.72787 55.1632
34864 11.6941 10.8715 20.4768 12.1207 -4.15979 2.72787 55.1632
34873 11.3849 10.8619 19.5166 12.5564 -3.44406 2.71344 54.3198
34886 11.1336 10.9581 18.698 13.0695 -2.69405 2.69473 53.8592
34893 11.1336 10.9581 18.698 13.0695 -2.69405 2.69473 53.8592
34903 10.9886 11.0255 17.8591 13.4954 -2.02685 2.62526 53.3686
34918 10.9693 11.0255 16.8381 14.1247 -1.25441 2.54016 52.9576
34924 10.9693 11.3141 16.8381 14.1247 -1.11209 2.44508 53.2462
34934 10.9886 11.6604 15.8768 14.9476 -0.120324 2.29328 53.4735
34957 10.9886 11.6604 15.8768 14.9476 -0.120324 2.29328 53.4735
34961 10.9403 11.9875 14.9458 15.8867 0.924513 2.20552 53.7604
34969 10.834 12.3435 14.025 16.8161 1.99033 2.12803 54.0186
34988 10.4861 12.6706 13.1952 18.0227 3.22394 2.22381 54.3746
35003 9.82888 12.9111 12.4161 19.4603 4.63527 2.50922 54.6164
35008 9.82888 12.9111 12.4161 19.4603 4.63527 2.50922 54.6164
35017 9.12337 13.2094 11.7077 20.8785 6.03472 2.80054 54.919
35026 9.12337 13.2094 11.7077 20.8785 6.03472 2.80054 54.919
35036 8.41785 13.3345 11.2524 22.4898 7.27731 3.24082 55.4945
35054 7.66401 13.5365 11.2119 24.2072 8.33092 3.76686 56.6196
35069 7.66401 13.5365 11.2119 24.2072 8.33092 3.76686 56.6196
35073 6.9585 13.7193 11.2929 25.9824 9.25333 4.29593 57.9531
35083 6.166 13.7097 11.4446 27.1498 9.94048 4.80214 58.4702
35118 5.11256 13.5461 11.2524 27.8734 10.8397 5.31296 57.7845
35131 2.87038 12.863 10.9083 28.8093 12.5758 6.48794 55.4511
35139 2.87038 12.863 10.9083 28.8093 12.5758 6.48794 55.4511
35149 1.96191 12.5456 10.7768 29.0795 13.2838 6.99422 54.3637
35160 1.527 12.305 10.7262 29.3785 13.6412 7.30653 53.9368
35173 1.527 12.305 10.7262 29.3785 13.6412 7.30653 53.9368
35178 1.33371 12.2184 10.8577 29.6873 13.7319 7.48455 54.0972
35196 1.33371 12.2184 10.8577 29.6873 13.7319 7.48455 54.0972
35199 1.29505 12.0934 11.05 29.996 13.6606 7.62135 54.4345
35208 1.30472 11.9875 11.1208 30.3627 13.6578 7.71999 54.7758
35223 1.30472 11.9875 11.1208 30.3627 13.6578 7.71999 54.7758
35229 1.28539 11.8913 11.1411 30.4012 13.6452 7.77579 54.7191
35242 1.28539 11.8913 11.2423 30.4012 13.5739 7.78912 54.8202
35253 1.19841 11.6893 11.2423 30.3241 13.5769 7.89986 54.454
35265 1.10176 11.4873 11.1714 30.3723 13.6638 8.02325 54.1328
35269 1.10176 11.4873 11.1714 30.3723 13.6638 8.02325 54.1328
35279 0.985787 11.3526 11.1815 30.3241 13.7013 8.12549 53.844
35289 1.08243 11.1698 11.1714 30.3241 13.6006 8.16126 53.7477
35316 1.01478 11.1409 11.2119 30.2855 13.6058 8.20317 53.6531
35326 0.937464 11.1121 11.1208 30.2276 13.709 8.23035 53.3979
35336 0.937464 11.1121 11.1208 30.2276 13.709 8.23035 53.3979
35344 1.00512 11.1024 11.2321 30.0925 13.5488 8.20211 53.4322
35358 1.00512 11.1024 11.2321 30.0925 13.5488 8.20211 53.4322
35363 1.45935 11.1217 11.4649 29.9188 13.0253 8.00598 53.9648
35372 2.27118 11.3045 11.728 29.5233 12.2333 7.57172 54.8269
35381 2.27118 11.3045 11.728 29.5233 12.2333 7.57172 54.8269
35396 3.17965 11.4392 11.9304 28.9733 11.3929 7.10114 55.5225
35404 3.99147 11.5258 12.5071 28.3269 10.3609 6.73902 56.3513
35411 3.99147 11.5258 12.5071 28.3269 10.3609 6.73902 56.3513
35428 4.8033 11.468 13.4381 27.5936 9.08341 6.48144 57.3031
35432 4.8033 11.468 13.4381 27.5936 9.08341 6.48144 57.3031
35441 5.41217 11.3622 14.3589 26.6674 7.89719 6.29369 57.8007
35456 5.92439 11.1024 14.9054 25.3746 6.8261 6.08648 57.3068
35462 5.92439 11.1024 14.9054 25.3746 6.8261 6.08648 57.3068
35476 6.23366 10.7946 14.8446 23.7054 6.0373 5.80852 55.5783
35482 6.23366 10.7946 14.8446 23.7054 6.0373 5.80852 55.5783
35492 6.51393 10.5156 14.7435 22.1617 5.29341 5.52771 53.9347
35502 6.88118 10.3039 14.9762 20.7821 4.35777 5.26218 52.9433
35517 6.88118 10.3039 14.9762 20.7821 4.35777 5.26218 52.9433
35526 7.17112 10.1596 15.4417 19.3445 3.30569 5.02393 52.1169
35532 7.61569 10.1788 16.2208 18.0613 2.114 4.74904 52.0767
35548 7.61569 10.1788 16.2208 18.0613 2.114 4.74904 52.0767
35553 8.15691 10.1692 17.2224 16.7386 0.730851 4.48529 52.2871
35562 8.15691 10.1692 17.2224 16.7386 0.730851 4.48529 52.2871
35573 8.74645 10.2847 18.3341 15.5769 -0.575644 4.21589 52.9421
35583 9.47129 10.4001 19.3145 14.2796 -1.91996 3.84997 53.4655
35609 10.1671 10.6118 20.1332 12.992 -3.10576 3.43563 53.9041
35613 10.631 10.6022 20.8811 11.9174 -4.16078 3.2107 54.0317
35646 11.1723 10.6503 21.6694 11.1333 -5.06094 3.01514 54.6252
35648 11.1723 10.6503 21.6694 11.1333 -5.06094 3.01514 54.6252
35654 11.5298 10.554 22.7913 10.6782 -5.89022 3.07425 55.5535
35671 11.8198 10.0538 24.0244 10.5718 -6.73753 3.37949 56.4697
35696 11.9648 9.41879 25.0755 10.4943 -7.51807 3.73629 56.9534
35698 11.9841 8.68761 26.1367 10.5621 -8.22336 4.19043 57.3705
35704 11.9841 8.68761 26.1367 10.5621 -8.22336 4.19043 57.3705
35722 11.9068 7.84097 26.9049 10.5137 -8.94627 4.63668 57.1663
35745 11.7328 6.88851 27.8448 10.4943 -9.74133 5.1925 56.9604
35748 11.6362 6.0996 28.7646 10.5814 -10.3885 5.67876 57.0818
35756 11.6362 6.0996 28.7646 10.5814 -10.3885 5.67876 57.0818
35772 11.5009 5.27221 29.6237 10.6202 -11.0635 6.17468 57.0169
35776 11.2786 4.34861 30.3413 10.6298 -11.7677 6.71679 56.5983
35792 11.2786 4.34861 30.3413 10.6298 -11.7677 6.71679 56.5983
35801 11.0659 3.43463 30.8971 10.5233 -12.5199 7.22087 55.9211
35807 11.0659 3.43463 30.8971 10.5233 -12.5199 7.22087 55.9211
35817 10.8727 2.57838 31.3924 10.4072 -13.2485 7.69635 55.2506
35831 10.6214 1.87606 31.918 10.3685 -13.8247 8.15632 54.7838
35842 10.6214 1.87606 31.918 10.3685 -13.8247 8.15632 54.7838
35847 10.4764 1.51047 32.1605 10.4072 -14.0773 8.40832 54.5546
35857 10.4667 1.34692 32.2212 10.3394 -14.2538 8.48203 54.3742
35867 10.4667 1.34692 32.2212 10.3394 -14.2538 8.48203 54.3742
35882 10.5054 1.30843 32.2313 10.3685 -14.2702 8.48664 54.4136
35892 10.5054 1.30843 32.2313 10.3685 -14.2702 8.48664 54.4136
35899 10.5344 1.27957 32.393 10.4556 -14.2658 8.51624 54.6625
35915 10.5924 1.27957 32.3424 10.32 -14.3649 8.46911 54.5344
35918 10.5924 1.27957 32.3424 10.32 -14.3649 8.46911 54.5344
35928 10.689 1.36616 32.0797 10.1748 -14.3748 8.34086 54.3097
35939 10.776 1.30843 31.8876 10.078 -14.4668 8.29264 54.0501
35953 10.776 1.30843 31.8876 10.078 -14.4668 8.29264 54.0501
35964 10.8823 1.36616 31.6855 9.9328 -14.5121 8.17846 53.8668
35968 10.8823 1.36616 31.6855 9.9328 -14.5121 8.17846 53.8668
35989 10.9403 1.35654 31.5541 9.86503 -14.5547 8.1323 53.716
35993 11.1046 1.40464 31.5339 9.81663 -14.5829 8.03233 53.8598
36001 11.1046 1.40464 31.5339 9.81663 -14.5829 8.03233 53.8598
36014 11.2786 1.45274 31.6855 9.83599 -14.5962 7.96001 54.2528
36019 11.3462 1.45274 31.8775 9.85535 -14.6317 7.95881 54.5318
36046 11.4525 1.69327 31.918 9.95216 -14.4163 7.83164 55.0159
36054 11.4525 1.69327 31.918 9.95216 -14.4163 7.83164 55.0159
36064 11.7038 1.96265 31.7866 10.0006 -14.2133 7.60654 55.4536
36073 11.8198 2.51104 31.4834 10.1264 -13.7046 7.31462 55.9406
36088 11.8198 2.51104 31.4834 10.1264 -13.7046 7.31462 55.9406
36092 12.0614 3.06904 30.9477 10.1361 -13.2546 6.9253 56.2142
36102 12.158 3.64629 30.2907 10.078 -12.7839 6.55948 56.1731
36115 12.158 3.64629 30.2907 10.078 -12.7839 6.55948 56.1731
36122 12.2933 4.45444 29.4114 10.2136 -11.9902 6.0873 56.3728
36132 12.2933 4.45444 29.4114 10.2136 -11.9902 6.0873 56.3728
36144 12.3707 5.23373 28.5927 10.6395 -11.0361 5.7079 56.8367
36152 12.3803 5.93605 27.4608 11.0364 -10.063 5.32817 56.8136
36167 12.3803 5.93605 27.4608 11.0364 -10.063 5.32817 56.8136
36177 12.4287 6.64799 25.975 11.2785 -9.08804 4.84027 56.3301
36183 12.3803 7.34069 24.3983 11.3753 -8.13713 4.33896 55.4946
36193 12.3803 7.34069 24.3983 11.3753 -8.13713 4.33896 55.4946
36203 12.3223 7.90832 22.7206 11.414 -7.22915 3.83625 54.3652
36218 12.3223 7.90832 22.7206 11.414 -7.22915 3.83625 54.3652
36223 12.1967 8.5914 21.0327 11.4721 -6.1762 3.29782 53.2929
36233 12.2257 9.11092 19.5065 11.8303 -5.12166 2.8478 52.6735
36248 12.2257 9.11092 19.5065 11.8303 -5.12166 2.8478 52.6735
36255 12.2547 9.71703 18.1118 12.3434 -3.96077 2.42722 52.4269
36268 12.3513 10.3713 16.9292 13.176 -2.7132 2.09621 52.8277
36278 12.3513 10.3713 16.9292 13.176 -2.7132 2.09621 52.8277
36284 12.2547 11.1505 15.8464 14.115 -1.32833 1.84279 53.3667
36294 12.2547 11.1505 15.8464 14.115 -1.32833 1.84279 53.3667
36306 11.9744 11.824 14.8143 15.1993 0.108993 1.73247 53.812
36317 11.5009 12.4109 13.7417 16.5837 1.72947 1.77378 54.2371
36333 11.5009 12.4109 13.7417 16.5837 1.72947 1.77378 54.2371
36344 10.7663 12.9689 12.7804 17.9552 3.38592 1.92772 54.4707
36346 10.0608 13.4692 11.7179 19.2577 5.02157 2.04902 54.5055
36374 9.34565 13.9598 11.1512 20.7531 6.43731 2.33623 55.2098
36388 8.67879 14.3543 10.9387 22.3354 7.57994 2.72817 56.3072
36398 7.96362 14.7199 10.9083 23.8405 8.57027 3.1512 57.4323
36407 7.96362 14.7199 10.9083 23.8405 8.57027 3.1512 57.4323
36424 7.2581 14.9123 11.05 25.0272 9.28425 3.58131 58.2476
36449 6.34963 14.8642 10.969 25.9245 10.0977 4.04762 58.1074
36451 6.34963 14.8642 10.969 25.9245 10.0977 4.04762 58.1074
36457 5.28653 14.7487 10.8881 26.4745 10.9101 4.52821 57.3978
36475 4.19443 14.4505 10.6554 26.9376 11.7973 5.0539 56.2378
36478 3.28596 14.335 10.4833 27.1595 12.5422 5.43443 55.2638
36487 3.28596 14.335 10.4833 27.1595 12.5422 5.43443 55.2638
36501 2.58044 14.1138 10.372 27.3235 13.0929 5.7919 54.3897
36507 2.29051 14.1041 10.2607 27.4586 13.403 5.91104 54.1139
36527 2.29051 14.1041 10.2607 27.4586 13.403 5.91104 54.1139
36528 2.19386 14.0079 10.3821 27.6226 13.3999 6.0333 54.2065
36538 2.19386 14.0079 10.3821 27.6226 13.3999 6.0333 54.2065
36553 2.17453 14.0175 10.4429 27.7963 13.4098 6.07566 54.4312
36558 2.20352 13.9406 10.4327 27.7577 13.3718 6.08627 54.3345
36578 2.20352 13.9406 10.4327 27.7577 13.3718 6.08627 54.3345
36579 2.1552 13.8059 10.4125 27.6322 13.3645 6.13369 54.0058
36588 2.06822 13.5942 10.4125 27.5936 13.3724 6.24491 53.6686
36604 2.06822 13.5942 10.4125 27.5936 13.3724 6.24491 53.6686
36610 2.03923 13.4595 10.4125 27.5165 13.3471 6.29735 53.4277
36619 2.03923 13.4595 10.4125 27.5165 13.3471 6.29735 53.4277
36630 1.93292 13.219 10.5036 27.748 13.3561 6.48824 53.4035
36639 1.89426 13.1613 10.5845 28.0182 13.372 6.58253 53.6582
36655 1.89426 13.1613 10.5845 28.0182 13.372 6.58253 53.6582
36664 1.93292 13.0843 10.7161 28.2594 13.2864 6.65596 53.9927
36670 1.89426 13.0266 10.8577 28.5874 13.2721 6.76644 54.366
36709 1.90392 12.9785 10.9185 28.8286 13.2642 6.82726 54.6295
36711 1.90392 12.9785 10.9185 28.8286 13.2642 6.82726 54.6295
36713 1.79761 12.8727 10.9083 28.8768 13.3336 6.91801 54.4555
36723 1.88459 12.7861 11.1512 28.8961 13.0882 6.95658 54.718
36738 1.88459 12.7861 11.1512 28.8961 13.0882 6.95658 54.718
36742 2.21319 12.7284 11.3839 28.8575 12.68 6.8771 55.183
36751 2.74474 12.738 11.7786 28.6935 12.0223 6.69899 55.9548
36766 2.74474 12.738 11.7786 28.6935 12.0223 6.69899 55.9548
36772 3.36327 12.6418 12.3554 28.2497 11.1168 6.51828 56.6101
36782 3.36327 12.6418 12.3554 28.2497 11.1168 6.51828 56.6101
36796 3.98181 12.3724 13.0839 27.5647 10.0308 6.39296 57.0028
36806 4.43604 11.9683 13.8732 26.6674 8.92373 6.35779 56.945
36818 4.43604 11.9683 13.8732 26.6674 8.92373 6.35779 56.945
36823 4.79363 11.5642 14.3387 25.5193 7.98316 6.27051 56.2159
36834 5.20921 11.1505 14.6423 24.1879 7.01529 6.1072 55.1899
36846 5.20921 11.1505 14.6423 24.1879 7.01529 6.1072 55.1899
36853 5.62479 10.6791 14.875 22.8275 6.02095 5.94335 54.0064
36872 5.62479 10.6791 14.875 22.8275 6.02095 5.94335 54.0064
36875 6.02103 10.3424 15.3405 21.6215 4.97059 5.7942 53.3254
36884 6.64923 10.1788 16.0792 20.5602 3.74555 5.55795 53.4674
36898 6.64923 10.1788 16.0792 20.5602 3.74555 5.55795 53.4674
36905 7.17112 9.92869 16.5548 19.084 2.50614 5.27288 52.7386
36914 7.59636 9.86135 17.3133 17.7622 1.2915 5.03048 52.5332
36941 8.03127 9.85173 18.1825 16.5547 0.091508 4.80449 52.6202
36955 8.42752 9.92869 19.4358 15.2477 -1.26645 4.61747 53.0397
36956 8.42752 9.92869 19.4358 15.2477 -1.26645 4.61747 53.0397
36966 8.89142 10.0922 20.214 13.7956 -2.46146 4.25316 52.9933
36982 8.89142 10.0922 20.214 13.7956 -2.46146 4.25316 52.9933
36994 9.33599 10.1885 21.2551 12.4305 -3.74556 3.99205 53.21
37008 9.79989 10.1885 22.8216 11.4818 -5.0428 3.95504 54.2918
37012 9.79989 10.1885 22.8216 11.4818 -5.0428 3.95504 54.2918
37017 10.3024 9.95755 24.5297 10.8719 -6.28923 4.08044 55.6616
37037 10.5634 9.44765 26.6522 10.9203 -7.31445 4.5746 57.5835
37040 10.5634 9.44765 26.6522 10.9203 -7.31445 4.5746 57.5835
37048 10.8823 8.65874 28.7646 11.0849 -8.37815 5.1292 59.3905
37063 10.8823 8.65874 28.7646 11.0849 -8.37815 5.1292 59.3905
37068 10.979 7.6678 30.129 11.0849 -9.33641 5.65491 59.8606
37078 10.8437 6.5133 30.9275 11.0558 -10.1963 6.22503 59.3402
37091 10.8437 6.5133 30.9275 11.0558 -10.1963 6.22503 59.3402
37103 10.5731 5.3107 31.453 10.9106 -11.0755 6.81916 58.2474
37120 10.1865 4.10809 31.7158 10.6686 -11.9646 7.43393 56.6789
37121 10.1865 4.10809 31.7158 10.6686 -11.9646 7.43393 56.6789
37129 9.84821 2.98246 31.9988 10.4265 -12.8665 8.03388 55.256
37147 9.84821 2.98246 31.9988 10.4265 -12.8665 8.03388 55.256
37156 9.58727 2.05886 32.3424 10.32 -13.6032 8.5667 54.3086
37171 9.49062 1.41426 32.7771 10.3588 -14.1073 8.94629 54.0407
37175 9.49062 1.41426 32.7771 10.3588 -14.1073 8.94629 54.0407
37183 9.48096 1.03905 33.1106 10.3975 -14.4161 9.15859 54.0281
37197 9.51961 0.952462 33.3228 10.4362 -14.4999 9.20697 54.2311
37202 9.51961 0.952462 33.3228 10.4362 -14.4999 9.20697 54.2311
37224 9.68391 0.952462 33.3835 10.4653 -14.5222 9.14352 54.4851
37226 9.79022 0.952462 33.4138 10.4169 -14.5834 9.09454 54.5733
37232 9.79022 0.981324 33.4138 10.4169 -14.5625 9.08181 54.6022
37252 9.96418 1.05829 33.2521 10.3491 -14.5582 8.94632 54.6236
37255 9.96418 1.05829 33.2521 10.3491 -14.5582 8.94632 54.6236
37263 10.2058 1.07753 32.9994 10.1942 -14.6546 8.78636 54.4769
37278 10.3411 1.13526 32.7872 10.078 -14.6826 8.66432 54.3415
37283 10.3411 1.13526 32.7872 10.078 -14.6826 8.66432 54.3415
37293 10.5634 1.14488 32.6254 10.0006 -14.7436 8.53543 54.3343
37307 10.7084 1.24109 32.5244 9.92312 -14.7382 8.40986 54.3969
37313 10.7084 1.24109 32.5244 9.92312 -14.7382 8.40986 54.3969
37336 10.834 1.25071 32.5749 9.96185 -14.7361 8.36266 54.6215
37339 10.834 1.25071 32.5749 9.96185 -14.7361 8.36266 54.6215
37345 10.9306 1.28919 32.4435 9.92312 -14.7298 8.28414 54.5865
37363 11.0659 1.41426 32.3222 9.89408 -14.6627 8.15484 54.6965
37366 11.0659 1.41426 32.3222 9.89408 -14.6627 8.15484 54.6965
37374 11.1433 1.76061 32.0696 9.92312 -14.3584 7.94826 54.8966
37391 11.2496 2.20317 31.8573 9.96185 -13.9953 7.69824 55.2719
37396 11.2496 2.20317 31.8573 9.96185 -13.9953 7.69824 55.2719
37404 11.3752 2.62649 31.544 10.0103 -13.627 7.43914 55.5559
37419 11.3752 2.62649 31.544 10.0103 -13.627 7.43914 55.5559
37426 11.4235 3.03056 31.2408 10.078 -13.2483 7.2252 55.7729
37446 11.4429 3.55008 30.7961 10.0974 -12.79 6.95174 55.8864
37447 11.4429 3.55008 30.7961 10.0974 -12.79 6.95174 55.8864
37475 11.3655 4.11771 30.2806 10.049 -12.3088 6.67758 55.8129
37475 11.2689 4.52179 29.7045 10.1264 -11.8323 6.48316 55.6216
37477 11.2689 4.52179 29.7045 10.1264 -11.8323 6.48316 55.6216
37487 11.1626 4.86814 29.1688 10.0199 -11.5192 6.29072 55.2195
37501 11.1626 4.86814 29.1688 10.0199 -11.5192 6.29072 55.2195
37507 11.0949 5.24335 28.714 10.1264 -11.0727 6.11707 55.1787
37529 11.0273 5.5897 28.3704 10.2716 -10.6482 5.97867 55.259
37536 11.0273 5.5897 28.3704 10.2716 -10.6482 5.97867 55.259
37544 10.9016 5.96491 27.9358 10.6202 -10.0376 5.87019 55.4225
37559 10.7277 6.2824 27.5113 11.3075 -9.24658 5.85953 55.8289
37573 10.5151 6.57102 27.0565 12.1014 -8.40053 5.88644 56.2439
37589 10.5151 6.57102 27.0565 12.1014 -8.40053 5.88644 56.2439
37590 10.2445 6.85003 26.258 12.75 -7.53195 5.85897 56.1025
37600 10.0028 6.98472 25.1766 13.0308 -6.86837 5.76677 55.1949
37620 9.77089 7.16752 23.8728 13.2825 -6.09761 5.60606 54.0936
37645 9.72257 7.44652 22.5791 13.5438 -5.30627 5.3349 53.292
37646 9.72257 7.44652 22.5791 13.5438 -5.30627 5.3349 53.292
37654 9.76123 7.7159 21.2449 13.9892 -4.41134 5.05309 52.7113
37674 9.93519 7.7159 19.9512 14.5797 -3.63669 4.85221 52.1821
37675 9.93519 8.11036 19.9512 14.5797 -3.42185 4.70327 52.5765
37680 10.1671 8.55291 18.5262 15.2574 -2.32507 4.30356 52.5036
37691 10.1671 8.55291 18.5262 15.2574 -2.32507 4.30356 52.5036
37704 10.4474 9.1013 17.1011 16.2158 -1.0552 3.90656 52.8656
37716 10.7277 9.75552 15.8262 17.2316 0.202274 3.52288 53.541
37732 10.7277 9.75552 15.8262 17.2316 0.202274 3.52288 53.541
37733 10.7857 10.352 14.6726 18.4472 1.53939 3.31258 54.2575
37746 10.7857 10.352 13.6911 18.4472 2.02835 3.09725 53.276
37760 10.5344 10.7849 13.6911 19.6436 2.83743 3.29765 54.654
37764 10.1092 11.2467 12.922 20.7724 4.08171 3.36198 55.0503
37772 10.1092 11.2467 12.922 20.7724 4.08171 3.36198 55.0503
37789 9.65492 11.5161 12.4262 22.017 5.14798 3.5797 55.6143
37792 9.04605 11.7663 12.2845 23.3581 6.10833 3.94039 56.455
37802 9.04605 11.7663 12.2845 23.3581 6.10833 3.94039 56.455
37817 8.44685 11.9875 12.2845 24.622 6.92272 4.309 57.3409
37823 7.66401 12.0357 12.3452 25.5772 7.63752 4.74369 57.6221
37833 7.66401 12.0357 12.3452 25.5772 7.63752 4.74369 57.6221
37847 6.88118 12.1126 12.3958 26.4552 8.3373 5.14926 57.8448
37858 6.88118 12.1126 12.3958 26.4552 8.3373 5.14926 57.8448
37864 5.7311 11.8913 12.2339 27.1402 9.24025 5.72447 56.9966
37877 4.56168 11.6027 12.1631 27.7384 10.0847 6.35067 56.0659
37885 4.56168 11.6027 12.1631 27.7384 10.0847 6.35067 56.0659
37904 3.45026 11.3622 11.9911 28.2401 10.9735 6.92688 55.0436
37905 2.38715 11.1602 11.9304 28.6646 11.7779 7.49349 54.1423
37914 2.38715 11.1602 11.9304 28.6646 11.7779 7.49349 54.1423
37933 1.95225 11.0832 11.9607 29.2628 12.1791 7.79265 54.2589
37942 1.95225 11.0832 11.9607 29.2628 12.1791 7.79265 54.2589
37946 1.66231 11.1217 12.1327 29.7259 12.377 7.98131 54.6426
37959 1.60432 11.2179 12.2845 30.1022 12.4216 8.03253 55.2089
37989 1.65264 11.189 12.244 30.1311 12.4162 8.02296 55.2168
37991 1.60432 11.1698 12.3048 30.0925 12.3947 8.05395 55.1714
38001 1.60432 11.1698 12.3048 30.0925 12.3947 8.05395 55.1714
38018 1.63331 11.0928 12.3149 30.1118 12.355 8.07771 55.1528
38033 1.54633 10.9677 12.3351 30.1118 12.3715 8.1693 54.961
38049 1.556 10.8427 12.2946 30.0732 12.3548 8.20826 54.7665
38064 1.48835 10.6887 12.1935 29.8899 12.3925 8.26742 54.2604
38078 1.44969 10.5733 12.153 29.7934 12.3978 8.31678 53.9694
38080 1.44969 10.5733 12.153 29.7934 12.3978 8.31678 53.9694
38088 1.44969 10.554 12.1125 29.8224 12.4281 8.32367 53.9386
38109 1.44969 10.554 12.1125 29.8224 12.4281 8.32367 53.9386
38110 1.42069 10.5156 12.1935 29.861 12.3921 8.3676 53.9907
38119 1.38204 10.5156 12.1732 29.8899 12.4397 8.38541 53.9607
38139 1.38204 10.5156 12.1732 29.8899 12.4397 8.38541 53.9607
38141 1.38204 10.4963 12.1833 29.8513 12.4192 8.39026 53.913
38154 1.41103 10.4963 12.2238 29.861 12.3733 8.38384 53.9921
38169 1.41103 10.4963 12.2238 29.861 12.3733 8.38384 53.9921
38170 1.44969 10.4675 12.3958 29.8899 12.2281 8.40414 54.2029
38199 1.44969 10.4675 12.3958 29.8899 12.2281 8.40414 54.2029
38200 1.80728 10.5252 12.7905 29.9188 11.7394 8.27831 55.0418
38202 2.65776 10.5059 13.519 29.7934 10.6782 8.00748 56.4762
38211 2.65776 10.5059 13.519 29.7934 10.6782 8.00748 56.4762
38227 3.39227 10.4675 14.5107 29.3978 9.50449 7.80242 57.7683
38244 4.0398 10.2366 15.3911 28.7514 8.36935 7.66862 58.4188
38258 4.0398 10.2366 15.3911 28.7514 8.36935 7.66862 58.4188
38260 4.38772 9.92869 15.7756 27.4007 7.46445 7.52962 57.4927
38266 4.64866 9.38031 15.978 25.7798 6.51295 7.45575 55.7867
38274 4.64866 9.38031 15.978 25.7798 6.51295 7.45575 55.7867
38290 4.83229 8.90889 15.9982 23.9852 5.61364 7.32688 53.7246
38292 4.83229 8.90889 15.9982 23.9852 5.61364 7.32688 53.7246
38319 5.11256 8.42784 16.5446 22.4222 4.37695 7.2637 52.5073
38320 5.49915 8.08149 17.5054 21.0908 2.95524 7.19156 52.1768
38323 5.49915 8.08149 17.5054 21.0908 2.95524 7.19156 52.1768
38334 5.88573 7.8987 18.5868 19.798 1.54503 7.07323 52.1692
38349 6.27231 7.83135 19.6379 18.5341 0.217673 6.90617 52.2757
38354 6.27231 7.83135 19.6379 18.5341 0.217673 6.90617 52.2757
38376 6.74588 7.73514 20.8811 17.3763 -1.19247 6.76254 52.7384
38378 6.74588 7.73514 20.8811 17.3763 -1.19247 6.76254 52.7384
38384 7.19045 7.81211 22.104 16.0513 -2.55424 6.53321 53.1579
38407 7.61569 7.85059 23.2562 14.6669 -3.91205 6.30935 53.3894
38409 7.61569 7.85059 23.2562 14.6669 -3.91205 6.30935 53.3894
38415 8.11825 7.79287 24.3882 13.5148 -5.20254 6.12996 53.8142
38439 8.63047 7.87946 25.409 12.5564 -6.24304 5.90785 54.4753
38441 8.63047 7.87946 25.409 12.5564 -6.24304 5.90785 54.4753
38445 9.10404 7.95642 26.3187 12.0046 -6.97937 5.75876 55.3837
38470 9.10404 7.95642 26.3187 12.0046 -6.97937 5.75876 55.3837
38472 9.39397 7.86984 27.3092 11.7141 -7.60351 5.7987 56.2871
38475 9.52928 7.83135 28.1379 11.6657 -7.94646 5.88908 57.1643
38486 9.52928 7.83135 28.1379 11.6657 -7.94646 5.88908 57.1643
38501 9.63559 7.50424 28.7545 11.656 -8.35346 6.0653 57.5503
38507 9.61626 7.03282 29.4822 11.7625 -8.76738 6.3726 57.8938
38517 9.61626 7.03282 29.4822 11.7625 -8.76738 6.3726 57.8938
38532 9.62592 6.36899 30.2402 11.7625 -9.36874 6.72643 57.9976
38564 9.5776 5.55122 30.8769 11.6754 -10.0674 7.13149 57.6811
38565 9.38431 4.65648 31.3823 11.6076 -10.7409 7.61409 57.0307
38568 9.38431 4.65648 31.3823 11.6076 -10.7409 7.61409 57.0307
38578 9.30699 3.7425 32.0392 11.4915 -11.5377 8.08089 56.5802
38594 9.22001 2.84776 32.5345 11.5108 -12.2057 8.54815 56.1131
38601 9.22001 2.84776 32.5345 11.5108 -12.2057 8.54815 56.1131
38609 9.12337 2.13582 32.9489 11.3172 -12.8857 8.91672 55.5253
38628 9.02672 1.45274 33.1914 11.2494 -13.4358 9.27564 54.9203
38629 9.02672 1.45274 33.1914 11.2494 -13.4358 9.27564 54.9203
38639 9.04605 1.06791 33.3329 11.172 -13.7952 9.4448 54.6189
38658 9.04605 1.06791 33.3329 11.172 -13.7952 9.4448 54.6189
38660 9.10404 0.913979 33.5351 11.1817 -13.9507 9.50915 54.7348
38669 9.24901 0.846633 33.5654 11.1333 -14.0683 9.47261 54.7943
38689 9.24901 0.846633 33.5654 11.1333 -14.0683 9.47261 54.7943
38691 9.34565 0.885116 33.3835 10.988 -14.1276 9.37893 54.6023
38703 9.4423 0.93322 33.151 10.9106 -14.1216 9.28211 54.4371
38721 9.4423 0.93322 33.151 10.9106 -14.1216 9.28211 54.4371
38723 9.56794 0.923599 32.9792 10.8041 -14.196 9.20088 54.2748
38754 9.76123 0.952462 32.7164 10.6879 -14.2454 9.06093 54.118
38755 9.95452 1.02943 32.5143 10.5524 -14.2861 8.90352 54.0506
38762 9.95452 1.02943 32.5143 10.5524 -14.2861 8.90352 54.0506
38786 10.1381 1.05829 32.1908 10.4362 -14.322 8.75936 53.8235
38787 10.3024 1.1064 31.9685 10.3588 -14.332 8.63063 53.7361
38818 10.5151 1.13526 31.8573 10.3007 -14.3734 8.50454 53.8083
38820 10.5151 1.13526 31.8573 10.3007 -14.3734 8.50454 53.8083
38827 10.6697 1.29881 31.6855 10.291 -14.2577 8.34405 53.945
38833 10.7567 1.57782 31.5844 10.3878 -13.9833 8.18621 54.3067
38849 10.7567 1.57782 31.5844 10.3878 -13.9833 8.18621 54.3067
38853 10.9403 2.11658 31.3924 10.4943 -13.5238 7.87075 54.9436
38863 11.0756 2.76118 31.0184 10.6589 -12.9129 7.52256 55.5141
38880 11.0756 2.76118 31.0184 10.6589 -12.9129 7.52256 55.5141
38888 11.2399 3.56933 30.3413 10.6879 -12.2335 7.04352 55.8384
38894 11.2399 3.56933 30.3413 10.6879 -12.2335 7.04352 55.8384
38911 11.3559 4.64686 29.371 10.6492 -11.3484 6.43061 56.0229
38914 11.4719 5.8687 28.2087 10.5621 -10.3588 5.72884 56.1113
38924 11.4719 5.8687 28.2087 10.5621 -10.3588 5.72884 56.1113
38943 11.5202 7.18676 26.6623 10.4749 -9.18663 4.95046 55.8442
38944 11.4235 8.26429 25.0553 10.3491 -8.10707 4.27916 55.0922
38954 11.4235 8.26429 25.0553 10.3491 -8.10707 4.27916 55.0922
38972 11.2882 9.25523 23.3775 10.3394 -6.94388 3.64174 54.2604
38976 11.2882 9.25523 23.3775 10.3394 -6.94388 3.64174 54.2604
39004 11.1529 10.0922 22.104 11.0268 -5.58057 3.27873 54.376
39006 10.95 10.7946 21.1439 12.1982 -4.13036 3.15799 55.0866
39006 10.95 10.7946 21.1439 12.1982 -4.13036 3.15799 55.0866
39016 10.7857 11.3911 19.9917 13.6891 -2.54989 3.08929 55.8575
39038 10.4088 11.8144 18.6778 14.8218 -1.09937 3.0355 55.7226
39043 10.4088 11.8144 18.6778 14.8218 -1.09937 3.0355 55.7226
39051 9.99318 11.9298 17.1415 15.5769 0.170213 2.96352 54.6414
39070 9.99318 11.9298 17.1415 15.5769 0.170213 2.96352 54.6414
39071 9.53894 12.0164 15.725 16.2836 1.41703 2.92731 53.564
39082 9.28766 12.1319 14.5208 16.9226 2.48091 2.8443 52.8629
39102 9.28766 12.1319 14.5208 16.9226 2.48091 2.8443 52.8629
39103 9.19102 12.3147 13.3268 17.7043 3.56948 2.71965 52.5368
39112 9.05571 12.6033 12.3958 18.8524 4.72722 2.7187 52.9073
39119 9.05571 12.6033 12.3958 18.8524 4.72722 2.7187 52.9073
39136 8.96873 12.8823 11.7077 20.1646 5.75653 2.79803 53.7233
39138 8.96873 12.8823 11.7077 20.1646 5.75653 2.79803 53.7233
39148 8.77544 13.2671 11.2827 21.6407 6.75403 2.96936 54.966
39167 8.40819 13.5557 10.9994 23.1555 7.70849 3.25853 56.1188
39169 8.40819 13.5557 10.9994 23.1555 7.70849 3.25853 56.1188
39183 7.82831 13.7674 10.878 24.5931 8.61018 3.64713 57.0668
39201 6.89085 13.7674 10.8679 25.857 9.52618 4.19982 57.3831
39203 6.89085 13.7674 10.8679 25.857 9.52618 4.19982 57.3831
39213 5.78908 13.5846 10.7363 26.7639 10.4719 4.78071 56.8739
39233 5.78908 13.5846 10.7363 26.7639 10.4719 4.78071 56.8739
39234 4.61001 13.4307 10.625 27.6226 11.467 5.38485 56.2883
39239 3.73053 13.219 10.6655 28.4427 12.1597 5.92923 56.0577
39263 3.73053 13.219 10.6655 28.4427 12.1597 5.92923 56.0577
39264 2.81239 13.0939 10.6149 29.1856 12.9483 6.4339 55.7068
39271 2.1552 13.0747 10.6857 29.8224 13.481 6.80277 55.738
39296 2.1552 13.0747 10.6857 29.8224 13.481 6.80277 55.738
39297 1.94258 13.1324 10.7161 30.189 13.6936 6.92123 55.9801
39301 1.94258 13.1324 10.7161 30.189 13.6936 6.92123 55.9801
39311 1.7203 13.1132 10.6958 30.3723 13.8947 7.03951 55.9016
39329 1.72996 13.0843 10.6857 30.2951 13.8739 7.03463 55.7951
39331 1.72996 13.0843 10.6857 30.2951 13.8739 7.03463 55.7951
39346 1.74929 13.0939 10.6351 30.16 13.8706 6.99659 55.6384
39365 1.7203 12.9593 10.5643 30.0057 13.8826 7.02913 55.2495
39367 1.7203 12.9593 10.5643 30.0057 13.8826 7.02913 55.2495
39374 1.71063 12.9111 10.5238 29.832 13.8732 7.02123 54.9776
39397 1.71063 12.9111 10.5238 29.832 13.8732 7.02123 54.9776
39400 1.70097 12.8342 10.4024 29.5812 13.8998 7.00174 54.5187
39403 1.68164 12.8342 10.3821 29.4654 13.9045 6.98956 54.3633
39433 1.68164 12.8342 10.3821 29.4654 13.9045 6.98956 54.3633
39434 1.70097 12.8246 10.2607 29.3882 13.96 6.95625 54.1744
39435 1.65264 12.7957 10.3315 29.2821 13.9162 6.98234 54.062
39442 1.65264 12.7957 10.3315 29.2821 13.9162 6.98234 54.062
39465 1.6913 12.8919 10.2202 29.147 13.9607 6.89077 53.9504
39467 1.6913 12.8919 10.2202 29.147 13.9607 6.89077 53.9504
39473 1.60432 12.9015 10.2405 29.1277 14.0069 6.92235 53.874
39497 1.7203 12.9785 10.2101 29.1277 13.9608 6.83954 54.0366
39499 1.7203 12.9785 10.2101 29.1277 13.9608 6.83954 54.0366
39503 1.71063 13.0843 10.2506 29.2435 13.9838 6.82434 54.289
39532 1.73962 13.1517 10.2911 29.311 13.9613 6.80196 54.4934
39533 1.73962 13.1517 10.2911 29.311 13.9613 6.80196 54.4934
39534 1.76862 13.1902 10.2 29.2821 14.0077 6.75687 54.4408
39564 1.73962 13.0747 10.281 29.311 13.953 6.83128 54.4063
39572 1.7203 13.0651 10.2405 29.3207 13.9958 6.83827 54.3465
39576 1.7203 13.0651 10.2405 29.3207 13.9958 6.83827 54.3465
