214991 5.5668 6.80192 18.2735 22.5187 2.57725 8.02003 53.1609
215002 5.65378 6.40747 19.0113 21.7469 1.65151 8.14954 52.8194
215012 5.8954 6.20543 19.8704 21.004 0.681272 8.14727 52.9752
215021 5.8954 6.20543 19.8704 21.004 0.681272 8.14727 52.9752
215031 6.11768 6.0034 20.8306 20.483 -0.216092 8.19482 53.4346
215041 6.22399 5.8687 21.8817 20.0874 -0.994036 8.28952 54.0618
215059 6.22399 5.8687 21.8817 20.0874 -0.994036 8.28952 54.0618
215068 6.39795 5.73401 22.8924 19.5182 -1.85093 8.32706 54.5425
215076 6.39795 5.73401 22.8924 19.5182 -1.85093 8.32706 54.5425
215085 6.53326 5.61856 23.8323 18.8717 -2.67761 8.35432 54.8559
215091 6.68789 5.51273 24.843 18.2253 -3.52498 8.3775 55.269
215106 6.68789 5.51273 24.843 18.2253 -3.52498 8.3775 55.269
215113 6.90051 5.3588 25.6718 17.2991 -4.48778 8.34098 55.2302
215123 7.05514 5.32032 26.3591 16.0803 -5.47919 8.22695 54.8149
215133 7.05514 5.32032 26.3591 16.0803 -5.47919 8.22695 54.8149
215143 7.23877 5.176 26.9049 14.6765 -6.61672 8.10242 53.9962
215153 7.23877 5.176 26.9049 14.6765 -6.61672 8.10242 53.9962
215168 7.4224 5.05093 27.5618 13.3986 -7.73605 7.99694 53.4338
215174 7.71234 4.76231 28.5624 12.2853 -9.01458 7.98157 53.3224
215189 7.71234 4.76231 28.5624 12.2853 -9.01458 7.98157 53.3224
215194 7.98294 4.51217 29.7045 11.5399 -10.065 8.02462 53.7395
215204 8.17624 4.17544 31.1599 11.2591 -10.9099 8.23452 54.7707
215214 8.17624 4.17544 31.1599 11.2591 -10.9099 8.23452 54.7707
215232 8.49517 3.80985 32.6052 11.2301 -11.6051 8.4245 56.1403
215235 8.54349 3.37691 33.8282 11.3946 -12.075 8.74183 57.1432
215261 8.56282 2.90549 34 11.5011 -12.3558 8.96081 56.9694
215286 8.1859 1.6644 34 11.5399 -13.0807 9.66495 55.3902
215295 8.1859 1.6644 34 11.5399 -13.0807 9.66495 55.3902
215305 7.97328 1.23147 34 11.3753 -13.4511 9.9406 54.58
215315 7.97328 1.23147 34 11.3753 -13.4511 9.9406 54.58
215330 7.83798 0.837012 34 11.2494 -13.7932 10.1738 53.9244
215337 7.68334 0.519525 34 11.0945 -14.1045 10.3828 53.2974
215346 7.68334 0.519525 34 11.0945 -14.1045 10.3828 53.2974
215358 7.57703 0.269383 34 11.0364 -14.3105 10.5488 52.8829
215371 7.49005 0.173175 34 11.0461 -14.3574 10.6384 52.7094
215378 7.49005 0.173175 34 11.0461 -14.3574 10.6384 52.7094
215388 7.4224 0.173175 34 10.9396 -14.4235 10.6626 52.5352
215406 7.38374 0.144312 34 10.8815 -14.4811 10.6908 52.4096
215410 7.38374 0.144312 34 10.8815 -14.4811 10.6908 52.4096
215419 7.41273 0.163554 34 10.8041 -14.5308 10.6608 52.3804
215440 7.38374 0.163554 34 10.7751 -14.5469 10.6726 52.3223
215450 7.45139 0.192417 34 10.7751 -14.5386 10.6253 52.4189
215459 7.45139 0.192417 34 10.7751 -14.5386 10.6253 52.4189
215469 7.51904 0.221279 34 10.6782 -14.6034 10.5701 52.4186
215480 7.63502 0.211658 34 10.8235 -14.5243 10.5307 52.6701
215489 7.63502 0.211658 34 10.8235 -14.5243 10.5307 52.6701
215502 7.71234 0.259762 34 10.7944 -14.5254 10.4675 52.7665
215509 7.71234 0.259762 34 10.7944 -14.5254 10.4675 52.7665
215528 7.83798 0.269383 34 10.8041 -14.5358 10.4032 52.9115
215530 7.95395 0.288625 34 10.7751 -14.566 10.3359 53.0176
215549 7.95395 0.288625 34 10.7751 -14.566 10.3359 53.0176
215550 8.03127 0.355971 34 10.746 -14.5527 10.2644 53.1333
215560 8.24389 0.317487 34 10.7557 -14.6157 10.1828 53.3171
215579 8.24389 0.317487 34 10.7557 -14.6157 10.1828 53.3171
215581 8.30188 0.394454 34 10.7654 -14.5628 10.1201 53.4617
215591 8.30188 0.394454 34 10.7654 -14.5628 10.1201 53.4617
215601 8.37919 0.432937 34 10.7944 -14.528 10.0684 53.6065
215611 8.58215 0.413696 34 10.8138 -14.5674 9.98463 53.8096
215621 8.58215 0.413696 34 10.8138 -14.5674 9.98463 53.8096
215631 8.55315 0.432937 34 10.7267 -14.6118 9.98103 53.7127
215641 8.58215 0.432937 34 10.5621 -14.7391 9.95209 53.5772
215656 8.58215 0.432937 34 10.5621 -14.7391 9.95209 53.5772
215662 8.71745 0.423316 34 10.4459 -14.8583 9.88262 53.5867
215673 8.71745 0.423316 34 10.4459 -14.8583 9.88262 53.5867
215682 8.7851 0.509904 34 10.2426 -14.958 9.79151 53.5376
215698 8.92041 0.558008 34 10.078 -15.0703 9.6906 53.5564
215704 8.92041 0.558008 34 10.078 -15.0703 9.6906 53.5564
215717 9.04605 0.692699 33.6665 10.0587 -14.9452 9.53533 53.4639
215725 9.47129 1.1064 33.1611 9.91344 -14.7303 9.08542 53.6522
215734 9.47129 1.1064 33.1611 9.91344 -14.7303 9.08542 53.6522
215749 9.82888 1.77023 32.6558 10.0974 -14.0827 8.59781 54.3523
215761 9.82888 1.77023 32.6558 10.0974 -14.0827 8.59781 54.3523
215766 10.2348 2.37634 32.2111 10.4459 -13.4 8.15457 55.2681
215775 10.66 3.14601 31.7866 11.0461 -12.4714 7.68731 56.6387
215793 10.66 3.14601 31.7866 11.0461 -12.4714 7.68731 56.6387
215803 10.8533 3.81947 31.1498 11.6464 -11.5442 7.3405 57.469
215810 11.0176 4.56989 30.4929 12.1788 -10.6257 6.97336 58.2592
215816 11.0176 4.56989 30.4929 12.1788 -10.6257 6.97336 58.2592
215828 11.008 5.07018 29.3002 12.4015 -9.88084 6.65204 57.7799
215840 11.008 5.07018 29.3002 12.4015 -9.88084 6.65204 57.7799
215849 10.892 5.42615 27.9459 12.2659 -9.35158 6.3401 56.53
215857 10.6987 5.8206 26.5612 12.0433 -8.79659 6.00972 55.1238
215870 10.6987 5.8206 26.5612 12.0433 -8.79659 6.00972 55.1238
215881 10.3894 6.0515 25.2372 12.0433 -8.15869 5.81879 53.7214
215891 10.0898 6.20543 24.2973 12.2853 -7.5156 5.75496 52.8778
215914 9.91586 6.35937 23.6403 12.7694 -6.8461 5.73251 52.6849
215918 9.69358 6.58065 23.0844 13.5826 -5.95697 5.77795 52.9412
215933 9.69358 6.58065 23.0844 13.5826 -5.95697 5.77795 52.9412
215939 9.56794 6.83079 22.8924 14.541 -5.14959 5.86119 53.8321
215965 9.48096 7.15789 22.4881 15.3639 -4.33434 5.83946 54.4909
215969 9.49062 7.47538 21.9019 15.8673 -3.67672 5.70105 54.7352
215979 9.49062 7.47538 21.9019 15.8673 -3.67672 5.70105 54.7352
215989 9.63559 7.83135 21.154 16.1093 -3.12847 5.42562 54.7303
216004 9.77089 8.1296 20.1332 16.2642 -2.53704 5.10984 54.2979
216010 9.77089 8.1296 20.1332 16.2642 -2.53704 5.10984 54.2979
216021 9.97385 8.37012 18.8597 16.3417 -1.92441 4.72237 53.5453
216037 9.97385 8.37012 18.8597 16.3417 -1.92441 4.72237 53.5453
216045 10.1285 8.61064 17.5458 16.5837 -1.17267 4.36659 52.8686
216050 10.1961 8.95699 16.322 17.0386 -0.248781 4.05822 52.5137
216060 10.1961 8.95699 16.322 17.0386 -0.248781 4.05822 52.5137
216070 10.1865 9.31296 15.128 17.8394 0.875744 3.85042 52.4668
216080 9.94485 9.68817 14.0756 18.8717 2.15834 3.79827 52.5804
216095 9.94485 9.68817 14.0756 18.8717 2.15834 3.79827 52.5804
216102 9.49062 10.2077 13.2357 20.319 3.66192 3.90298 53.253
216111 9.49062 10.2077 13.2357 20.319 3.66192 3.90298 53.253
216131 8.9784 10.5444 12.6994 22.1039 5.04844 4.21909 54.3261
216140 8.42752 11.1986 12.7196 24.0817 6.26166 4.56565 56.4275
216153 8.42752 11.1986 12.7196 24.0817 6.26166 4.56565 56.4275
216157 7.89596 11.7278 12.9625 25.6737 7.09878 4.89507 58.2599
216166 7.21944 12.0645 13.1446 26.9569 7.85432 5.25824 59.3855
216175 7.21944 12.0645 13.1446 26.9569 7.85432 5.25824 59.3855
216185 6.61057 12.3147 13.1649 27.8638 8.50778 5.53011 59.9539
216204 5.78908 12.2858 12.9726 28.3173 9.19794 5.86585 59.3648
216223 4.7743 12.0934 12.7399 28.4813 9.92465 6.28868 58.0888
216225 4.7743 12.0934 12.7399 28.4813 9.92465 6.28868 58.0888
216234 3.74986 11.9202 12.3452 28.3751 10.7289 6.66345 56.3904
216246 2.86072 11.824 12.0619 28.3365 11.4545 7.00225 55.0832
216255 2.86072 11.824 12.0619 28.3365 11.4545 7.00225 55.0832
216265 2.11654 11.7085 11.7583 28.3655 12.1407 7.31212 53.9489
216275 1.82661 11.7663 11.7179 28.298 12.3673 7.39328 53.6087
216285 1.82661 11.7663 11.7179 28.298 12.3673 7.39328 53.6087
216304 1.82661 11.901 11.6268 28.2401 12.4489 7.31586 53.5944
216307 1.82661 11.901 11.6268 28.2401 12.4489 7.31586 53.5944
216316 1.91359 11.9972 11.5661 28.1436 12.4305 7.21709 53.6204
216326 1.96191 12.1896 11.4952 27.9989 12.4574 7.08612 53.6456
216341 1.96191 12.1896 11.4952 27.9989 12.4574 7.08612 53.6456
216347 2.01023 12.3435 11.5155 27.8348 12.4072 6.98175 53.7041
216359 2.04889 12.5359 11.3839 27.7577 12.4989 6.85606 53.7264
216368 2.04889 12.5359 11.3839 27.7577 12.4989 6.85606 53.7264
216378 2.16487 12.738 11.2726 27.5743 12.5 6.68211 53.7498
216390 2.16487 12.738 11.2726 27.5743 12.5 6.68211 53.7498
216397 2.17453 12.8438 11.2625 27.5068 12.5092 6.62354 53.7876
216411 2.16487 12.9689 11.1512 27.42 12.6026 6.54617 53.7049
216434 2.22285 13.0939 11.1411 27.3042 12.5712 6.45301 53.7621
216439 2.24218 13.1805 11.0298 27.2463 12.6422 6.38376 53.6988
216453 2.24218 13.1805 11.0298 27.2463 12.6422 6.38376 53.6988
216460 2.25185 13.2383 10.9792 27.1402 12.6598 6.33169 53.6095
216470 2.20352 13.1805 11.05 27.0244 12.6039 6.36673 53.4585
216480 2.20352 13.1805 11.05 27.0244 12.6039 6.36673 53.4585
216490 2.9187 13.3345 11.3435 26.9472 11.926 6.06049 54.5438
216509 2.9187 13.3345 11.3435 26.9472 11.926 6.06049 54.5438
216512 3.81751 13.4307 11.6673 26.706 11.0802 5.69702 55.6215
216520 4.7743 13.4403 11.8393 26.214 10.2371 5.28863 56.2678
216539 4.7743 13.4403 11.8393 26.214 10.2371 5.28863 56.2678
216541 5.77942 13.4211 12.1631 25.5289 9.23122 4.8754 56.8925
216550 5.77942 13.4211 12.1631 25.5289 9.23122 4.8754 56.8925
216561 6.53326 13.0843 12.9018 24.7378 8.02829 4.72133 57.2572
216572 7.26777 12.7476 13.944 23.8695 6.65984 4.61659 57.8289
216591 7.81865 12.2473 14.3893 22.7985 5.6057 4.48578 57.2538
216605 8.19557 11.8048 14.2679 21.5636 4.88293 4.25325 55.8317
216611 8.19557 11.8048 14.2679 21.5636 4.88293 4.25325 55.8317
216621 8.59181 11.5642 13.7923 20.2418 4.3467 3.84148 54.1901
216635 8.59181 11.5642 13.7923 20.2418 4.3467 3.84148 54.1901
216650 8.89142 11.1794 13.4583 19.084 3.7603 3.55563 52.6131
216653 9.20068 10.9004 13.3369 18.3314 3.23272 3.35157 51.7694
216662 9.20068 10.9004 13.3369 18.3314 3.23272 3.35157 51.7694
216673 9.59693 10.7657 13.5899 17.6464 2.5317 3.16102 51.5989
216683 10.1285 10.8138 13.9238 17.3184 1.95456 2.96062 52.1845
216698 10.1285 10.8138 13.9238 17.3184 1.95456 2.96062 52.1845
216704 10.6987 10.91 14.4298 16.8935 1.26345 2.75294 52.932
216716 11.4042 11.0736 14.8649 16.4579 0.586584 2.46604 53.8005
216724 11.4042 11.0736 14.8649 16.4579 0.586584 2.46604 53.8005
216738 12.1194 11.2371 15.1988 15.877 -0.0937283 2.12722 54.4323
216744 12.1194 11.2371 15.1988 15.877 -0.0937283 2.12722 54.4323
216754 12.7379 11.3526 15.4417 15.2864 -0.702572 1.81625 54.8186
216764 13.3661 11.4392 15.4619 14.6281 -1.25727 1.44405 54.8953
216775 13.3661 11.4392 15.4619 14.6281 -1.25727 1.44405 54.8953
216785 13.9363 11.6316 15.4315 13.8343 -1.77902 1.01158 54.8337
216795 14.3906 11.6508 15.3202 13.0598 -2.29697 0.644594 54.4214
216814 14.3906 11.6508 15.3202 13.0598 -2.29697 0.644594 54.4214
216815 14.8061 11.8432 15.2798 12.2563 -2.762 0.245449 54.1854
216827 14.8061 11.8432 15.2798 12.2563 -2.762 0.245449 54.1854
216844 15.3184 12.0549 15.1482 11.4624 -3.21821 -0.211903 53.9839
216853 15.8209 12.3243 15.0875 10.7847 -3.60967 -0.631173 54.0174
216873 16.2945 12.5937 15.1381 10.0393 -4.06896 -1.02952 54.0655
216881 16.6714 12.8823 15.1786 9.41002 -4.41322 -1.37557 54.1423
216892 16.6714 12.8823 15.1786 9.41002 -4.41322 -1.37557 54.1423
216900 17.1154 13.0362 15.3708 8.90661 -4.84275 -1.61887 54.4291
216912 17.1154 13.0362 15.3708 8.90661 -4.84275 -1.61887 54.4291
216918 17.3945 13.0651 15.7655 8.40319 -5.35056 -1.72737 54.6282
216936 17.6061 12.8727 16.4435 7.85137 -6.0821 -1.69351 54.7736
216939 17.6061 12.8727 16.4435 7.85137 -6.0821 -1.69351 54.7736
216948 17.7889 12.4397 17.283 7.4738 -6.892 -1.49271 54.9854
216957 18.0583 11.8144 18.2836 7.31891 -7.75509 -1.15462 55.4752
216968 18.0583 11.8144 18.2836 7.31891 -7.75509 -1.15462 55.4752
216979 18.2507 11.0447 19.5672 7.43508 -8.58743 -0.610989 56.2977
216990 18.2507 11.0447 19.5672 7.43508 -8.58743 -0.610989 56.2977
217001 18.4816 10.2943 20.8103 7.44476 -9.44789 -0.136973 57.031
217009 18.6452 9.49576 21.9423 7.53189 -10.2229 0.347124 57.6151
217024 18.6452 9.49576 21.9423 7.53189 -10.2229 0.347124 57.6151
217029 18.7125 8.5914 22.9732 7.55125 -11.0426 0.835383 57.8284
217039 18.7221 7.74477 23.4988 7.44476 -11.7711 1.16965 57.4105
217068 18.6355 6.84041 23.9637 7.28018 -12.5523 1.52538 56.7199
217070 18.6355 6.84041 23.9637 7.28018 -12.5523 1.52538 56.7199
217079 18.4335 5.99377 24.4994 7.17369 -13.2644 1.93737 56.1004
217093 18.3277 5.19525 25.0654 7.16401 -13.9159 2.34246 55.7523
217101 18.3277 5.19525 25.0654 7.16401 -13.9159 2.34246 55.7523
217113 18.1641 4.54103 25.4495 7.18337 -14.4066 2.69101 55.338
217120 18.0294 3.93492 25.9649 7.2221 -14.8851 3.05233 55.1514
217130 18.0294 3.93492 25.9649 7.2221 -14.8851 3.05233 55.1514
217140 17.9717 3.57895 26.349 7.31891 -15.1321 3.29162 55.2185
217150 17.9717 3.57895 26.349 7.31891 -15.1321 3.29162 55.2185
217160 17.9332 3.2326 26.7229 7.40604 -15.3801 3.51656 55.2948
217179 17.8274 3.20374 26.9251 7.49317 -15.3544 3.62145 55.4494
217181 17.8274 3.20374 26.9251 7.49317 -15.3544 3.62145 55.4494
217191 17.7504 3.17487 26.9958 7.46412 -15.3955 3.6656 55.3853
217202 17.6254 3.18449 26.9453 7.50285 -15.3296 3.70217 55.258
217213 17.6254 3.18449 26.9453 7.50285 -15.3296 3.70217 55.258
217230 17.4907 3.12677 26.8948 7.46412 -15.3678 3.74928 54.9763
217247 17.3367 3.03056 26.7634 7.4738 -15.3814 3.8101 54.6045
217256 17.1924 2.99208 26.7735 7.48349 -15.3791 3.87732 54.4415
217268 17.1924 2.99208 26.7735 7.48349 -15.3791 3.87732 54.4415
217274 17 2.94397 26.824 7.4738 -15.3969 3.96941 54.2418
217283 16.7777 2.87663 27.0363 7.57061 -15.3732 4.13349 54.2612
217293 16.7777 2.87663 27.0363 7.57061 -15.3732 4.13349 54.2612
217303 16.5264 2.82852 27.1474 7.64806 -15.3264 4.27712 54.1505
217316 16.5264 2.82852 27.1474 7.64806 -15.3264 4.27712 54.1505
217323 16.3621 2.72269 27.3395 7.70615 -15.3669 4.42287 54.1305
217332 16.1688 2.67459 27.5618 7.80296 -15.3358 4.57164 54.2082
217348 16.1688 2.67459 27.5618 7.80296 -15.3358 4.57164 54.2082
217354 16.0432 2.64573 27.7033 7.81264 -15.3529 4.65651 54.2049
217364 15.8209 2.60724 27.865 7.95786 -15.2628 4.80951 54.2511
217374 15.8209 2.60724 27.865 7.95786 -15.2628 4.80951 54.2511
217384 15.6083 2.48217 28.1076 8.02563 -15.3107 4.9912 54.2237
217394 15.6083 2.48217 28.1076 8.02563 -15.3107 4.9912 54.2237
217407 15.3667 2.5399 28.1784 8.19989 -15.1079 5.10409 54.2848
217419 15.3184 2.84776 28.2188 8.35478 -14.7674 5.04408 54.7397
217430 15.3184 2.84776 28.2188 8.35478 -14.7674 5.04408 54.7397
217435 15.1734 3.37691 28.0773 8.64522 -14.1247 4.93159 55.2728
217445 15.1541 4.00226 27.8448 8.80011 -13.5286 4.70113 55.8013
217464 15.1541 4.00226 27.8448 8.80011 -13.5286 4.70113 55.8013
217473 15.0381 4.64686 27.4001 8.93565 -12.8772 4.45839 56.0207
217482 15.0381 4.64686 27.4001 8.93565 -12.8772 4.45839 56.0207
217491 14.8641 5.26259 26.824 9.02278 -12.2392 4.21273 55.9735
217496 14.6225 5.91681 25.975 9.33257 -11.3472 3.96663 55.8469
217509 14.6225 5.91681 25.975 9.33257 -11.3472 3.96663 55.8469
217517 14.3036 6.55178 25.1463 9.79727 -10.35 3.78722 55.7989
217527 14.0136 7.14827 24.2265 10.5427 -9.18503 3.6493 55.9311
217536 14.0136 7.14827 24.2265 10.5427 -9.18503 3.6493 55.9311
217552 13.6947 7.74477 23.2765 11.2785 -8.01327 3.51342 55.9944
217575 13.2791 8.37012 22.1647 11.7432 -6.89855 3.30973 55.5571
217578 12.8926 8.84154 20.962 12.053 -5.91792 3.09069 54.749
217605 12.4963 9.42841 19.7895 12.3047 -4.88383 2.82387 54.0189
217614 12.0517 9.96718 18.8294 12.6726 -3.84961 2.65775 53.5208
217622 12.0517 9.96718 18.8294 12.6726 -3.84961 2.65775 53.5208
217632 11.6845 10.5059 17.8995 13.0017 -2.86126 2.46107 53.0917
217644 11.6845 10.5059 17.8995 13.0017 -2.86126 2.46107 53.0917
217650 11.4719 11.1602 17.2325 13.4664 -1.91154 2.26891 53.3309
217660 11.2882 11.7951 16.4536 13.9214 -0.947119 2.04597 53.4583
217671 11.2882 11.7951 16.4536 13.9214 -0.947119 2.04597 53.4583
217680 11.008 12.5071 15.806 14.6281 0.148889 1.92377 53.9491
217694 10.892 13.2383 15.1583 15.2574 1.12077 1.72849 54.546
217700 10.892 13.2383 15.1583 15.2574 1.12077 1.72849 54.546
217716 10.631 13.9117 14.3893 15.7995 2.1427 1.54739 54.7316
217722 10.3411 13.9117 13.6911 16.4675 2.91624 1.62809 54.4114
217731 10.3411 14.4601 13.6911 16.4675 3.1366 1.46218 54.9598
217746 10.0415 14.9989 12.8917 17.0386 4.14053 1.33432 54.9706
217751 10.0415 14.9989 12.8917 17.0386 4.14053 1.33432 54.9706
217762 9.67425 15.5184 12.0619 17.5982 5.18681 1.22167 54.8527
217771 9.22001 15.961 11.2929 18.206 6.24275 1.18451 54.6798
217787 9.22001 15.961 11.2929 18.206 6.24275 1.18451 54.6798
217793 8.7851 16.3554 10.5238 18.7753 7.26574 1.14583 54.4396
217808 8.32121 16.519 9.88631 19.3541 8.16632 1.22048 54.0806
217813 8.32121 16.519 9.88631 19.3541 8.16632 1.22048 54.0806
217822 7.84764 16.7787 9.53214 20.0006 8.95487 1.35887 54.1591
217832 7.84764 16.7787 9.53214 20.0006 8.95487 1.35887 54.1591
217842 7.4224 17.0191 9.26905 20.9268 9.72525 1.57977 54.6374
217856 6.98749 17.1913 9.16786 21.8723 10.3716 1.86385 55.219
217863 6.98749 17.1913 9.16786 21.8723 10.3716 1.86385 55.219
217880 6.6589 17.3827 9.17798 22.6345 10.823 2.08693 55.854
217884 6.12735 17.507 9.25893 23.3485 11.3213 2.39315 56.2418
217903 6.12735 17.507 9.25893 23.3485 11.3213 2.39315 56.2418
217906 5.64412 17.574 9.28929 23.9852 11.7829 2.67019 56.4926
217914 5.64412 17.574 9.28929 23.9852 11.7829 2.67019 56.4926
217927 5.04491 17.6601 9.20833 24.3133 12.3252 2.88563 56.2266
217934 4.57135 17.6505 9.16786 24.4966 12.7079 3.07121 55.8863
217949 4.57135 17.6505 9.16786 24.4966 12.7079 3.07121 55.8863
217954 4.08812 17.7653 9.01607 24.7281 13.2152 3.20808 55.5977
217973 3.76919 17.7845 8.86429 24.6992 13.5394 3.26845 55.1171
217981 3.76919 17.7845 8.86429 24.6992 13.5394 3.26845 55.1171
217996 3.60489 17.9375 8.81369 24.7764 13.7375 3.27783 55.1325
217999 3.60489 17.9375 8.81369 24.7764 13.7375 3.27783 55.1325
218008 3.52757 17.9184 8.81369 24.8053 13.7939 3.316 55.065
218022 3.56623 17.9471 8.78333 24.6992 13.7723 3.26457 54.9959
218025 3.56623 17.9471 8.78333 24.6992 13.7723 3.26457 54.9959
218044 3.63388 17.9662 8.7125 24.5834 13.7548 3.19581 54.896
218046 3.5469 17.9567 8.67202 24.458 13.8174 3.19212 54.6336
218056 3.5469 17.9567 8.67202 24.458 13.8174 3.19212 54.6336
218068 3.52757 17.928 8.6619 24.3808 13.8166 3.18923 54.4983
218076 3.52757 17.928 8.6619 24.3808 13.8166 3.18923 54.4983
218095 3.5759 17.861 8.6619 24.4194 13.7764 3.20381 54.5182
218098 3.49858 17.7558 8.75298 24.5448 13.7708 3.31154 54.5522
218108 3.49858 17.7558 8.75298 24.5448 13.7708 3.31154 54.5522
218118 3.47925 17.6314 8.76309 24.5834 13.7597 3.37032 54.4572
218128 3.3826 17.4592 8.78333 24.6027 13.7826 3.46988 54.2279
218146 3.3826 17.4592 8.78333 24.6027 13.7826 3.46988 54.2279
218155 3.35361 17.2966 8.91488 24.7571 13.7077 3.59571 54.3222
218167 3.35361 17.2966 8.91488 24.7571 13.7077 3.59571 54.3222
218169 3.26663 17.067 8.95536 24.9501 13.7332 3.75334 54.239
218179 3.18931 16.923 9.0869 25.2588 13.7287 3.92046 54.458
218192 3.18931 16.923 9.0869 25.2588 13.7287 3.92046 54.458
218199 3.083 16.7306 9.27917 25.6158 13.7018 4.135 54.7086
218215 3.13132 16.519 9.44107 25.7991 13.5477 4.26027 54.8904
218219 3.13132 16.519 9.44107 25.7991 13.5477 4.26027 54.8904
218229 2.97669 16.2881 9.48155 25.9245 13.6061 4.42868 54.6708
218244 2.97669 16.2881 9.48155 25.9245 13.6061 4.42868 54.6708
218250 2.88971 16.0764 9.55238 26.1078 13.6116 4.58408 54.6263
218264 2.99602 15.7782 9.81548 26.1464 13.297 4.71016 54.7361
218275 2.99602 15.7782 9.81548 26.1464 13.297 4.71016 54.7361
218287 3.48891 15.6723 10.0685 26.1368 12.7567 4.61759 55.3665
218290 4.06879 15.5761 10.3315 25.9342 12.122 4.45912 55.9106
218311 4.06879 15.5761 10.3315 25.9342 12.122 4.45912 55.9106
218313 4.60034 15.3741 10.4327 25.5 11.5553 4.28165 55.9072
218321 4.60034 15.3741 10.4327 25.5 11.5553 4.28165 55.9072
218333 5.03525 15.0758 10.6756 24.7957 10.8671 4.14525 55.5824
218356 5.63445 14.7487 10.9083 24.1107 10.0703 3.96261 55.4022
218359 5.63445 14.7487 10.9083 24.1107 10.0703 3.96261 55.4022
218367 6.06936 14.2196 11.3637 23.252 9.12424 3.91408 54.9046
218380 6.47527 13.7674 11.8494 22.5091 8.21952 3.87789 54.6012
218393 6.84252 13.3441 12.5071 21.6311 7.19078 3.85228 54.3249
218408 7.31609 12.7765 13.1446 20.7821 6.06163 3.84145 54.0193
218427 7.71234 12.305 13.8732 19.9041 4.93709 3.83679 53.7947
218435 7.71234 12.305 13.8732 19.9041 4.93709 3.83679 53.7947
218444 8.17624 11.8336 14.7637 19.1322 3.7222 3.86399 53.9058
218454 8.58215 11.3526 15.644 18.3893 2.55508 3.91861 53.9681
218469 8.58215 11.3526 15.644 18.3893 2.55508 3.91861 53.9681
218477 8.96873 10.9485 16.5548 17.7429 1.46081 3.97873 54.2149
218485 9.31666 10.5252 17.3032 17.0096 0.422385 4.00824 54.1547
218501 9.31666 10.5252 17.3032 17.0096 0.422385 4.00824 54.1547
218505 9.7129 10.3328 17.8894 16.1965 -0.495592 3.89058 54.1316
218526 9.7129 10.3328 17.8894 16.1965 -0.495592 3.89058 54.1316
218527 10.1381 10.2173 18.3644 15.4123 -1.32683 3.71903 54.1322
218536 10.5827 10.1692 18.9001 14.5313 -2.20654 3.51017 54.1834
218551 10.5827 10.1692 18.9001 14.5313 -2.20654 3.51017 54.1834
218557 10.9403 10.073 19.4661 13.631 -3.09665 3.34976 54.1104
218566 11.3752 9.87097 20.1938 12.8081 -4.09691 3.25054 54.2481
218577 11.3752 9.87097 20.1938 12.8081 -4.09691 3.25054 54.2481
218591 11.7521 9.5631 20.8912 11.9658 -5.12919 3.19586 54.1723
218602 11.7521 9.5631 20.8912 11.9658 -5.12919 3.19586 54.1723
218608 12.0324 9.14941 21.7503 11.3656 -6.10877 3.29685 54.2977
218622 12.3417 8.70685 22.6801 10.9009 -7.0539 3.44114 54.6296
218627 12.3417 8.70685 22.6801 10.9009 -7.0539 3.44114 54.6296
218646 12.4866 8.21619 23.5898 10.4556 -7.94759 3.65561 54.7482
218650 12.5833 7.79287 24.8633 10.3588 -8.67605 4.00531 55.5982
218659 12.5833 7.79287 24.8633 10.3588 -8.67605 4.00531 55.5982
218673 12.7379 7.31183 26.1064 10.3394 -9.37821 4.35328 56.4956
218697 12.8539 6.7923 27.2283 10.3781 -10.0047 4.70552 57.2526
218704 12.7959 6.26316 28.2895 10.533 -10.4909 5.1217 57.8816
218712 12.7959 6.26316 28.2895 10.533 -10.4909 5.1217 57.8816
218723 12.7186 5.60894 28.9768 10.6202 -10.9912 5.50789 57.9245
218730 12.593 5.13752 29.5024 10.6298 -11.3752 5.8073 57.8627
218749 12.593 5.13752 29.5024 10.6298 -11.3752 5.8073 57.8627
218751 12.303 4.44482 29.8864 10.6008 -11.8563 6.22156 57.2351
218760 12.303 4.44482 29.8864 10.6008 -11.8563 6.22156 57.2351
218771 11.9937 3.70402 30.1998 10.5814 -12.3533 6.6618 56.479
218780 11.7521 3.20374 30.4019 10.5621 -12.6915 6.97644 55.9198
218795 11.7521 3.20374 30.4019 10.5621 -12.6915 6.97644 55.9198
218801 11.4719 2.60724 30.6142 10.4362 -13.1702 7.33853 55.1295
218810 11.2882 2.16469 30.9073 10.5137 -13.4477 7.64517 54.8738
218825 11.2882 2.16469 30.9073 10.5137 -13.4477 7.64517 54.8738
218831 11.0756 1.8953 31.2307 10.6105 -13.5921 7.9007 54.8121
218845 11.0756 1.8953 31.2307 10.6105 -13.5921 7.9007 54.8121
218851 11.037 1.72213 31.5339 10.6782 -13.721 8.03686 54.9712
218861 10.9886 1.69327 31.8573 10.7944 -13.716 8.12431 55.3336
218873 10.9886 1.69327 31.8573 10.7944 -13.716 8.12431 55.3336
218887 11.0466 1.64516 32.0493 10.7944 -13.8003 8.14397 55.5355
218897 10.9886 1.60668 32.201 10.8428 -13.8123 8.20875 55.6391
218922 10.892 1.65478 32.1504 10.9203 -13.695 8.23229 55.6175
218924 10.8147 1.58744 32.11 10.9009 -13.7316 8.28564 55.413
218938 10.8147 1.58744 32.11 10.9009 -13.7316 8.28564 55.413
218948 10.776 1.59706 31.9685 10.8428 -13.7288 8.27361 55.1844
218972 10.6697 1.60668 31.7765 10.8041 -13.688 8.28633 54.8569
218974 10.631 1.55857 31.7765 10.7847 -13.7277 8.32086 54.7508
218989 10.631 1.55857 31.7765 10.7847 -13.7277 8.32086 54.7508
218999 10.5731 1.58744 31.6249 10.7267 -13.7052 8.30763 54.512
219005 10.5344 1.54895 31.6552 10.6686 -13.7721 8.33726 54.4071
219015 10.5344 1.54895 31.6552 10.6686 -13.7721 8.33726 54.4071
219030 10.4281 1.50085 31.5541 10.6879 -13.7497 8.39373 54.171
219037 10.4281 1.50085 31.5541 10.6879 -13.7497 8.39373 54.171
219049 10.3411 1.49123 31.4429 10.5718 -13.7988 8.40781 53.847
219064 10.4474 1.48161 31.4025 10.5911 -13.8055 8.36326 53.9226
219075 10.4474 1.48161 31.4025 10.5911 -13.8055 8.36326 53.9226
219082 10.4088 1.44312 31.3823 10.5427 -13.856 8.3883 53.7769
219091 10.4184 1.54895 31.4328 10.5427 -13.7922 8.34442 53.9429
219100 10.4184 1.54895 31.4328 10.5427 -13.7922 8.34442 53.9429
219109 10.5054 1.42388 31.544 10.5718 -13.9022 8.37814 54.045
219124 10.5054 1.42388 31.544 10.5718 -13.9022 8.37814 54.045
219131 10.5151 1.52971 31.5541 10.6202 -13.7956 8.33549 54.219
219138 10.6504 1.67402 31.5844 10.6976 -13.672 8.22915 54.6064
219152 10.6504 1.67402 31.5844 10.6976 -13.672 8.22915 54.6064
219158 10.7374 1.97227 31.4834 10.8331 -13.3642 8.07077 55.0261
219168 10.9306 2.588 31.2105 11.0364 -12.7842 7.72742 55.7656
219178 10.9306 2.588 31.2105 11.0364 -12.7842 7.72742 55.7656
219188 11.1626 3.4635 30.604 11.1623 -12.0321 7.21912 56.3924
219202 11.1626 3.4635 30.604 11.1623 -12.0321 7.21912 56.3924
219213 11.4525 4.40634 29.7955 11.2591 -11.2375 6.64054 56.9135
219219 11.5009 5.27221 28.7444 11.2688 -10.4357 6.13884 56.7862
219229 11.5009 5.27221 28.7444 11.2688 -10.4357 6.13884 56.7862
219239 11.5009 5.97453 27.4709 11.3559 -9.60942 5.68843 56.3022
219254 11.4235 6.59027 26.2277 11.5786 -8.72553 5.31865 55.8201
219259 11.4235 6.59027 26.2277 11.5786 -8.72553 5.31865 55.8201
219277 11.3172 7.21562 24.9138 11.8884 -7.73787 4.95238 55.335
219282 11.3172 7.21562 24.9138 11.8884 -7.73787 4.95238 55.335
219291 11.0949 7.72552 23.4685 12.3144 -6.64958 4.65971 54.6033
219304 10.9306 8.24505 22.3163 12.7113 -5.66876 4.38679 54.2033
219310 10.9306 8.24505 22.3163 12.7113 -5.66876 4.38679 54.2033
219320 10.776 8.71647 21.0933 13.0985 -4.68217 4.10717 53.6843
219330 10.631 9.13016 20.0725 13.5923 -3.73468 3.9036 53.426
219356 10.602 9.69779 19.1023 14.1828 -2.71705 3.63495 53.5849
219360 10.602 9.69779 19.1023 14.1828 -2.71705 3.63495 53.5849
219379 10.5151 10.2077 18.0815 14.7346 -1.70633 3.38819 53.5388
219389 10.5441 10.7753 17.1314 15.3736 -0.70904 3.11725 53.8244
219405 10.5441 10.7753 17.1314 15.3736 -0.70904 3.11725 53.8244
219407 10.5731 11.2275 16.1601 15.9448 0.203642 2.86734 53.9054
219416 10.4571 11.824 15.3 16.5934 1.22766 2.66149 54.1745
219431 10.4571 11.824 15.3 16.5934 1.22766 2.66149 54.1745
219435 10.4281 12.3628 14.4399 17.1061 2.11685 2.41691 54.3369
219445 10.4281 12.3628 14.4399 17.1061 2.11685 2.41691 54.3369
219458 10.3314 12.9015 13.428 17.7815 3.17933 2.19769 54.4424
219464 10.0995 13.4595 12.5274 18.4472 4.2542 2.03973 54.5336
219473 10.0995 13.4595 12.5274 18.4472 4.2542 2.03973 54.5336
219491 9.83854 13.8829 11.6976 19.0647 5.23614 1.93845 54.4837
219500 9.40364 14.2965 10.9994 19.8269 6.2907 1.96036 54.5265
219513 9.40364 14.2965 10.9994 19.8269 6.2907 1.96036 54.5265
219515 8.93974 14.7487 10.4226 20.5891 7.30138 2.0082 54.7002
219524 8.93974 14.7487 12.6589 20.5891 6.03267 2.51848 56.9365
219539 8.5145 15.1239 10.0685 21.3802 8.13313 2.1267 55.0871
219544 8.0506 15.5184 9.81548 22.1714 8.92062 2.27282 55.5559
219564 8.0506 15.5184 9.81548 22.1714 8.92062 2.27282 55.5559
219566 7.61569 15.8263 9.63333 22.9529 9.60683 2.44813 56.0282
219575 7.16146 16.1437 9.69405 23.7247 10.1425 2.67442 56.724
219601 6.74588 16.365 9.54226 24.2264 10.6819 2.81062 56.8796
219605 6.10802 16.4805 9.5119 24.622 11.2313 3.05314 56.7224
219620 6.10802 16.4805 9.5119 24.622 11.2313 3.05314 56.7224
219626 5.44116 16.519 9.24881 24.8632 11.9008 3.25079 56.0722
219641 5.44116 16.519 9.24881 24.8632 11.9008 3.25079 56.0722
219646 4.64866 16.5382 9.14762 25.143 12.5659 3.543 55.4775
219656 4.04946 16.5574 9.04643 25.4228 13.1111 3.77541 55.0761
219671 4.04946 16.5574 9.04643 25.4228 13.1111 3.77541 55.0761
219678 3.47925 16.5863 8.82381 25.4614 13.6818 3.92442 54.3508
219694 3.083 16.6344 8.76309 25.7026 14.0685 4.0829 54.1831
219697 3.083 16.6344 8.76309 25.7026 14.0685 4.0829 54.1831
219708 2.96703 16.7691 8.925 25.9824 14.1185 4.16461 54.6435
219720 2.96703 16.7691 8.925 25.9824 14.1185 4.16461 54.6435
219728 2.88005 16.8749 8.95536 26.1561 14.2143 4.19832 54.8664
219746 2.88005 16.9134 9.0869 26.4262 14.1813 4.26342 55.3066
219749 2.88005 16.9134 9.0869 26.4262 14.1813 4.26342 55.3066
219759 2.9187 16.8268 9.12738 26.4841 14.1196 4.29917 55.357
219773 2.88971 16.6633 9.31964 26.7543 14.0257 4.45493 55.6269
219784 2.88971 16.6633 9.31964 26.7543 14.0257 4.45493 55.6269
219790 2.83172 16.442 9.43095 26.9858 13.9903 4.61741 55.6905
219800 2.83172 16.442 9.43095 26.9858 13.9903 4.61741 55.6905
219810 2.71575 16.2015 9.53214 27.2753 14.0103 4.81569 55.7246
219827 2.6191 15.9225 9.66369 27.4489 13.9651 5.00529 55.6542
219839 2.6191 15.9225 9.66369 27.4489 13.9651 5.00529 55.6542
219842 2.47413 15.5376 9.80536 27.7191 13.9446 5.27026 55.5362
219856 2.38715 15.1817 9.95714 27.9024 13.8646 5.49107 55.4283
219863 2.38715 15.1817 9.95714 27.9024 13.8646 5.49107 55.4283
219871 2.20352 14.7102 10.0482 27.9989 13.8541 5.76774 54.9608
219883 2.20352 14.7102 10.0482 27.9989 13.8541 5.76774 54.9608
219891 2.0199 14.1907 10.0179 28.0182 13.9046 6.03505 54.2466
219909 1.89426 13.575 10.0887 28.076 13.829 6.34733 53.634
219911 1.89426 13.575 10.0887 28.076 13.829 6.34733 53.634
219921 1.7203 13.1036 10.0887 28.0182 13.8449 6.59815 52.9307
219936 1.63331 12.5359 10.3417 27.8638 13.568 6.88392 52.3747
219964 2.19386 12.1896 10.6857 27.8252 12.8252 6.84217 52.8944
219972 2.81239 11.8336 11.1512 27.555 11.9138 6.76454 53.3522
219983 3.65321 11.4488 11.8696 27.1305 10.6541 6.62585 54.1022
219993 3.65321 11.4488 11.8696 27.1305 10.6541 6.62585 54.1022
220008 4.4747 11.0832 13.0637 26.5902 9.11718 6.54644 55.2118
220020 5.24787 10.5829 14.8649 25.828 7.20857 6.5978 56.5237
220025 5.24787 10.5829 14.8649 25.828 7.20857 6.5978 56.5237
220046 5.92439 10.1115 16.5345 24.7667 5.41504 6.60969 57.3371
220049 6.40762 9.57272 17.5761 23.4642 3.96928 6.59234 57.0207
220054 6.40762 9.57272 17.5761 23.4642 3.96928 6.59234 57.0207
220075 6.7942 9.04358 18.1421 21.7855 2.64176 6.47978 55.7653
220077 6.7942 9.04358 18.1421 21.7855 2.64176 6.47978 55.7653
220085 7.10347 8.53367 18.4857 20.2032 1.4485 6.36484 54.326
220103 7.35475 8.23543 18.7283 18.8524 0.47245 6.20374 53.1709
220105 7.35475 8.23543 18.7283 18.8524 0.47245 6.20374 53.1709
220131 7.73167 7.96604 19.2741 17.7333 -0.619695 6.06478 52.705
220131 8.0216 7.74477 19.7491 16.8451 -1.51872 5.96665 52.3606
220137 8.0216 7.74477 19.7491 16.8451 -1.51872 5.96665 52.3606
220146 8.40819 7.65818 20.5375 16.1093 -2.4558 5.85634 52.7132
220157 8.40819 7.65818 20.5375 16.1093 -2.4558 5.85634 52.7132
220183 8.72712 7.61969 21.2348 15.4801 -3.23312 5.75785 53.0617
220185 9.01706 7.7159 21.9929 14.7346 -4.00268 5.61009 53.4604
220187 9.01706 7.7159 21.9929 14.7346 -4.00268 5.61009 53.4604
220212 9.34565 7.82173 22.6397 14.0569 -4.69083 5.43849 53.864
220212 9.64525 8.00453 23.1552 13.2728 -5.32711 5.20866 54.0777
220217 9.64525 8.00453 23.1552 13.2728 -5.32711 5.20866 54.0777
220240 10.0512 8.13922 23.61 12.4305 -6.03503 4.93726 54.2309
220241 10.0512 8.13922 23.61 12.4305 -6.03503 4.93726 54.2309
220249 10.3604 8.22581 24.1356 11.6657 -6.71315 4.74788 54.3875
220268 10.747 8.21619 24.9845 11.0461 -7.48685 4.65528 54.9939
220270 10.747 8.21619 24.9845 11.0461 -7.48685 4.65528 54.9939
220282 11.1529 8.15846 25.7426 10.504 -8.20452 4.5723 55.5579
220301 11.5492 7.84097 26.632 10.1361 -8.99426 4.64169 56.1582
220310 11.9164 7.38879 27.6225 9.89408 -9.79203 4.80749 56.8218
220324 11.9164 7.38879 27.6225 9.89408 -9.79203 4.80749 56.8218
220334 12.1194 6.90775 28.5826 9.76822 -10.4683 5.05169 57.378
220340 12.3417 6.34012 29.2699 9.78759 -11.034 5.29337 57.7393
220352 12.3417 6.34012 29.2699 9.78759 -11.034 5.29337 57.7393
220360 12.4287 5.75325 30.0077 9.70046 -11.6525 5.57771 57.8901
220379 12.5446 5.176 30.4828 9.63269 -12.1977 5.80818 57.8361
220381 12.5446 5.176 30.4828 9.63269 -12.1977 5.80818 57.8361
220392 12.5736 4.63724 30.7961 9.55524 -12.672 6.03012 57.5622
220407 12.5736 4.63724 30.7961 9.55524 -12.672 6.03012 57.5622
220411 12.4383 4.04075 31.0285 9.3713 -13.21 6.30834 56.8789
220421 12.39 3.4635 31.2004 9.24544 -13.7131 6.55221 56.2993
220436 12.39 3.4635 31.2004 9.24544 -13.7131 6.55221 56.2993
220441 12.187 2.90549 31.2913 9.03246 -14.2288 6.82956 55.4163
220464 12.0807 2.43407 31.544 8.96469 -14.6419 7.08622 55.0235
220465 12.0807 2.43407 31.544 8.96469 -14.6419 7.08622 55.0235
220473 12.0324 1.91454 31.7866 8.92597 -15.0836 7.34518 54.6595
220491 11.8681 1.56819 32.0696 8.86788 -15.4034 7.5867 54.3737
220498 11.8681 1.56819 32.0696 8.86788 -15.4034 7.5867 54.3737
220502 11.8778 1.34692 32.2818 8.90661 -15.5781 7.70873 54.4131
220518 11.8778 1.34692 32.2818 8.90661 -15.5781 7.70873 54.4131
220524 11.9358 1.16412 32.4536 8.89692 -15.7613 7.78249 54.4504
220534 12.0517 1.19298 32.6659 8.87756 -15.8096 7.74767 54.7882
220546 12.0517 1.19298 32.6659 8.87756 -15.8096 7.74767 54.7882
220561 12.1677 1.22184 32.6457 8.95501 -15.7467 7.69531 54.9902
220573 12.245 1.22184 32.5143 8.92597 -15.7591 7.64201 54.9071
220579 12.245 1.23147 32.5143 8.92597 -15.752 7.63804 54.9167
220601 12.2933 1.24109 32.302 8.77107 -15.8326 7.56452 54.6075
220602 12.2933 1.24109 32.302 8.77107 -15.8326 7.56452 54.6075
220606 12.3513 1.29881 32.2212 8.76139 -15.7929 7.50441 54.6327
220615 12.477 1.32767 31.8977 8.6549 -15.8176 7.38116 54.3573
220630 12.477 1.32767 31.8977 8.6549 -15.8176 7.38116 54.3573
220635 12.5253 1.34692 31.5844 8.54841 -15.8385 7.29393 54.005
220658 12.6509 1.34692 31.3722 8.49032 -15.8678 7.20325 53.8604
220661 12.6509 1.34692 31.3722 8.49032 -15.8678 7.20325 53.8604
220665 12.7379 1.32767 31.2408 8.35478 -15.9782 7.13644 53.6612
220687 12.7379 1.32767 31.2408 8.35478 -15.9782 7.13644 53.6612
220693 12.7959 1.39502 31.069 8.38383 -15.8854 7.06379 53.6437
220701 12.9989 1.49123 30.9275 8.33542 -15.8594 6.91296 53.753
220720 13.1535 1.53933 30.887 8.2967 -15.8717 6.81861 53.8766
220728 13.3951 1.76061 30.7556 8.50968 -15.564 6.6453 54.4211
220742 13.3951 1.76061 30.7556 8.50968 -15.564 6.6453 54.4211
220748 13.5691 2.41483 30.5434 8.73235 -14.9138 6.32247 55.2596
220769 13.5691 2.41483 30.5434 8.73235 -14.9138 6.32247 55.2596
220771 13.8107 3.09791 30.1088 8.87756 -14.2875 5.9248 55.895
220778 14.0233 3.73288 29.5428 9.02278 -13.6761 5.5421 56.3218
220797 14.0233 3.73288 29.5428 9.02278 -13.6761 5.5421 56.3218
220799 14.1489 4.35823 28.7545 8.97437 -13.1458 5.12705 56.236
220812 14.2359 5.02207 27.8347 9.0615 -12.4599 4.71155 56.1542
220828 14.2359 5.02207 27.8347 9.0615 -12.4599 4.71155 56.1542
220829 14.2456 5.79174 26.6825 9.07118 -11.6798 4.22551 55.791
220839 14.2456 5.79174 26.6825 9.07118 -11.6798 4.22551 55.791
220856 14.3229 6.5133 25.6819 9.25513 -10.8638 3.79236 55.7733
220860 14.2069 7.2541 24.843 9.7295 -9.84516 3.5099 56.0336
220870 14.2069 7.2541 24.843 9.7295 -9.84516 3.5099 56.0336
220884 14.091 7.80249 23.9738 10.3007 -8.88479 3.30644 56.168
220890 13.8493 8.31239 23.0238 10.8815 -7.88305 3.14184 56.0671
220900 13.8493 8.31239 23.0238 10.8815 -7.88305 3.14184 56.0671
220919 13.6271 8.69723 22.0636 11.172 -7.1191 2.94582 55.5599
220921 13.6271 8.69723 22.0636 11.172 -7.1191 2.94582 55.5599
220939 13.3951 9.03396 20.9822 11.3366 -6.39604 2.70961 54.7478
220941 13.1148 9.36106 20.0321 11.6076 -5.62603 2.54007 54.1156
220967 13.1148 9.36106 20.0321 11.6076 -5.62603 2.54007 54.1156
220969 12.8539 9.47651 19.2337 11.8303 -5.04769 2.4535 53.3944
220972 12.7186 9.794 18.4958 12.2659 -4.29591 2.32265 53.2744
220982 12.7186 9.794 18.4958 12.2659 -4.29591 2.32265 53.2744
220996 12.6316 10.0634 17.9905 12.75 -3.65334 2.25847 53.4355
221002 12.6316 10.0634 17.9905 12.75 -3.65334 2.25847 53.4355
221013 12.564 10.3328 17.5357 13.389 -2.96254 2.23737 53.8214
221027 12.4866 10.6406 17.2021 14.0569 -2.29432 2.24279 54.3864
221035 12.4866 10.6406 17.2021 14.0569 -2.29432 2.24279 54.3864
221044 12.332 10.8908 16.7369 14.7637 -1.55988 2.26899 54.7234
221057 12.216 11.1024 16.1804 15.3833 -0.870366 2.25351 54.8821
221064 12.216 11.1024 16.1804 15.3833 -0.870366 2.25351 54.8821
221086 11.9261 11.2949 15.4417 16.0803 0.00337362 2.27455 54.7429
221088 11.5298 11.5065 14.7637 17.0096 1.01379 2.39109 54.8097
221094 11.5298 11.5065 14.7637 17.0096 1.01379 2.39109 54.8097
221116 11.0466 11.6893 13.9946 18.1288 2.17687 2.5668 54.8594
221126 10.4667 11.9298 13.1446 19.3155 3.47906 2.75179 54.8568
221144 9.7129 12.2281 12.4262 20.5312 4.8363 3.01004 54.8984
221146 9.7129 12.2281 12.4262 20.5312 4.8363 3.01004 54.8984
221160 8.98806 12.5744 11.7482 21.853 6.20478 3.27355 55.1637
221176 8.29221 13.0074 11.2321 23.0976 7.45139 3.51349 55.6293
221178 8.29221 13.0074 11.2321 23.0976 7.45139 3.51349 55.6293
221190 7.62536 13.4114 10.8476 24.2168 8.53603 3.75062 56.1012
221207 7.06481 13.7385 10.5946 24.9983 9.34343 3.93366 56.3963
221216 6.28198 14.0272 10.453 25.6447 10.1658 4.19857 56.4068
221237 6.28198 14.0272 10.453 25.6447 10.1658 4.19857 56.4068
221241 5.48948 14.2581 10.281 26.0596 10.9414 4.43757 56.0881
221247 4.61967 14.3928 10.0685 26.4166 11.7669 4.72254 55.4975
221267 4.61967 14.3928 10.0685 26.4166 11.7669 4.72254 55.4975
221275 3.85617 14.4601 9.89643 26.5999 12.4549 4.97515 54.8126
221284 3.85617 14.4601 9.89643 26.5999 12.4549 4.97515 54.8126
221299 3.16998 14.5563 9.67381 26.7928 13.1499 5.18712 54.1929
221303 2.50313 14.5756 9.50179 27.0051 13.7984 5.43847 53.5856
221311 2.50313 14.5756 9.50179 27.0051 13.7984 5.43847 53.5856
221328 1.9909 14.5948 9.49167 27.391 14.2623 5.69411 53.4684
221330 1.81694 14.6814 9.66369 27.941 14.39 5.85171 54.103
221340 1.81694 14.6814 9.66369 27.941 14.39 5.85171 54.103
221361 1.84594 14.7776 9.84583 28.5295 14.3709 5.93244 54.9989
221365 1.84594 14.7776 9.84583 28.5295 14.3709 5.93244 54.9989
221369 1.8556 14.7968 10.0685 29.0312 14.3062 6.03939 55.7521
221392 1.78795 14.7776 10.2405 29.4171 14.303 6.16083 56.2232
221392 1.78795 14.7776 10.2405 29.4171 14.303 6.16083 56.2232
221400 1.82661 14.7006 10.2911 29.5426 14.2499 6.20282 56.3609
221424 1.70097 14.5756 10.3214 29.668 14.3165 6.32165 56.2659
221426 1.70097 14.5756 10.3214 29.668 14.3165 6.32165 56.2659
221435 1.76862 14.3928 10.4125 29.6101 14.1596 6.37047 56.184
221441 1.76862 14.3928 10.4125 29.6101 14.1596 6.37047 56.184
221456 1.61399 14.1234 10.2607 29.4461 14.2913 6.48475 55.4442
221461 1.54633 13.8732 10.2506 29.2435 14.2587 6.5761 54.9136
221486 1.54633 13.8732 10.2506 29.2435 14.2587 6.5761 54.9136
221488 1.44002 13.5654 10.2405 29.0602 14.2457 6.71065 54.306
221493 1.37237 13.296 10.2 29.0023 14.2591 6.83135 53.8706
221503 1.37237 13.296 10.2 29.0023 14.2591 6.83135 53.8706
221516 1.30472 13.0266 10.119 28.9733 14.3083 6.95227 53.4237
221528 1.2564 12.8149 10.2101 29.0409 14.2479 7.08324 53.3223
221547 1.2564 12.8149 10.2101 29.0409 14.2479 7.08324 53.3223
221548 1.17908 12.6418 10.2708 29.0119 14.2193 7.19214 53.1036
221554 1.17908 12.6418 10.2708 29.0119 14.2193 7.19214 53.1036
221576 1.15009 12.4975 10.3012 29.0891 14.2046 7.28049 53.0378
221578 1.15975 12.4205 10.3315 29.0312 14.1475 7.3048 52.943
221585 1.15975 12.4205 10.3315 29.0312 14.1475 7.3048 52.943
221606 1.0921 12.305 10.2506 28.9926 14.2262 7.36491 52.6404
221610 1.12109 12.2666 10.2911 28.983 14.1646 7.3734 52.6617
221616 1.12109 12.2666 10.2911 28.983 14.1646 7.3734 52.6617
221636 1.37237 12.2762 10.7363 29.0698 13.6739 7.34012 53.4547
221638 1.37237 12.2762 10.7363 29.0698 13.6739 7.34012 53.4547
221654 2.33883 12.5359 11.2423 29.0602 12.6932 6.91255 55.1772
221675 3.32462 12.6706 11.9911 28.5585 11.457 6.51367 56.5448
221676 3.32462 12.6706 11.9911 28.5585 11.457 6.51367 56.5448
221682 4.3394 12.7284 12.9625 27.8927 10.0647 6.16011 57.923
221704 5.12223 12.4975 14.025 26.9279 8.65513 5.97547 58.5726
221706 5.12223 12.4975 14.025 26.9279 8.65513 5.97547 58.5726
221709 5.8954 12.2666 14.622 25.4904 7.39583 5.65011 58.2743
221717 5.8954 12.2666 14.622 25.4904 7.39583 5.65011 58.2743
221737 6.45594 11.9394 14.5613 23.5993 6.41909 5.24221 56.556
221738 6.99716 11.6701 14.4298 21.7179 5.45521 4.7835 54.8149
221748 6.99716 11.6701 14.4298 21.7179 5.45521 4.7835 54.8149
221768 7.44173 11.3141 14.4196 20.126 4.49271 4.44354 53.3015
221769 7.92496 11.064 14.7333 18.8235 3.43946 4.15864 52.5457
221783 7.92496 11.064 14.7333 18.8235 3.43946 4.15864 52.5457
221799 8.49517 10.8812 15.3101 17.7911 2.31862 3.92309 52.4776
221801 8.49517 10.8812 15.3101 17.7911 2.31862 3.92309 52.4776
221809 9.05571 10.631 16.0286 17.0868 1.2469 3.81481 52.8021
221830 9.52928 10.4001 16.9798 16.5837 0.221893 3.82315 53.4929
221832 9.52928 10.4001 16.9798 16.5837 0.221893 3.82315 53.4929
221839 9.97385 10.2462 18.0006 15.9835 -0.804727 3.80895 54.2041
221860 10.4474 10.1692 18.9102 15.3058 -1.77021 3.72025 54.8327
221860 10.4474 10.1692 18.9102 15.3058 -1.77021 3.72025 54.8327
221870 10.834 10.1211 19.3954 14.4926 -2.55988 3.53723 54.8431
221891 11.1529 10.0153 19.9209 13.6213 -3.39847 3.39259 54.7104
221906 11.5009 9.92869 20.396 12.7113 -4.24339 3.21188 54.5368
221925 11.8391 9.83248 20.871 11.8497 -5.06872 3.04705 54.3922
221933 12.1001 9.73628 21.538 11.2301 -5.80162 3.00299 54.6045
221956 12.1001 9.73628 21.538 11.2301 -5.80162 3.00299 54.6045
221962 12.448 9.65931 22.4376 10.7944 -6.5197 3.01541 55.3393
221964 12.6799 9.52462 23.135 10.5814 -7.02279 3.08789 55.9209
221973 12.6799 9.52462 23.135 10.5814 -7.02279 3.08789 55.9209
221993 12.8636 9.27448 24.0547 10.4653 -7.57992 3.27807 56.658
221995 12.8636 9.27448 24.0547 10.4653 -7.57992 3.27807 56.658
222002 13.0472 8.8223 24.8532 10.4846 -8.12546 3.53145 57.2073
222025 13.0375 8.38936 25.5707 10.4362 -8.61108 3.80788 57.4338
222030 13.0375 8.38936 25.5707 10.4362 -8.61108 3.80788 57.4338
222039 12.9892 7.84097 26.157 10.4362 -9.08558 4.11758 57.4233
222057 12.9989 7.206 26.6017 10.291 -9.67797 4.38403 57.0975
222058 12.9989 7.206 26.6017 10.291 -9.67797 4.38403 57.0975
222065 12.9505 6.59027 26.9251 10.1555 -10.2125 4.64659 56.6214
222074 12.9505 6.59027 26.9251 10.1555 -10.2125 4.64659 56.6214
222091 12.9022 6.04188 27.1677 10.0199 -10.6927 4.87519 56.1317
222094 12.9505 5.52235 27.2889 9.79727 -11.2132 5.02527 55.5591
222104 12.9505 5.52235 27.2889 9.79727 -11.2132 5.02527 55.5591
222122 12.9312 4.95473 27.4001 9.63269 -11.7191 5.2296 54.9187
222125 12.9022 4.36786 27.6124 9.53588 -12.2251 5.47927 54.4183
222135 12.9022 4.36786 27.6124 9.53588 -12.2251 5.47927 54.4183
222152 12.9119 3.89643 27.9156 9.41002 -12.7097 5.68515 54.1339
222160 12.9119 3.89643 27.9156 9.41002 -12.7097 5.68515 54.1339
222166 13.0279 3.4635 28.2592 9.43907 -13.095 5.8702 54.1896
222184 12.9409 2.98246 28.7241 9.43907 -13.517 6.16786 54.0865
222186 12.9409 2.98246 28.7241 9.43907 -13.517 6.16786 54.0865
222196 12.9022 2.56876 29.1992 9.44875 -13.8971 6.4239 54.1189
222216 12.9119 2.22241 29.7247 9.5746 -14.1639 6.65904 54.4336
222218 12.9119 2.22241 29.7247 9.5746 -14.1639 6.65904 54.4336
222226 12.9312 2.15507 29.9572 9.62301 -14.2273 6.72092 54.6665
222250 12.9312 2.15507 29.9572 9.62301 -14.2273 6.72092 54.6665
222251 12.9409 2.02037 30.1189 9.74886 -14.2673 6.81387 54.829
222258 12.9989 2.11658 30.3413 9.74886 -14.2534 6.78591 55.2056
222282 12.9989 2.11658 30.3413 9.74886 -14.2534 6.78591 55.2056
222284 13.0085 2.05886 30.3918 9.73918 -14.3131 6.81096 55.1984
222289 12.9505 1.99151 30.3312 9.71982 -14.352 6.84876 54.993
222315 12.8829 2.03962 30.3008 9.71982 -14.2985 6.85203 54.9432
222319 12.7669 1.98189 30.1897 9.73918 -14.2817 6.90777 54.6776
222329 12.7669 1.98189 30.1897 9.73918 -14.2817 6.90777 54.6776
222347 12.8249 1.98189 30.2503 9.67141 -14.3535 6.8835 54.7285
222350 12.8249 1.98189 30.2503 9.67141 -14.3535 6.8835 54.7285
222360 12.7959 2.02999 30.2907 9.76822 -14.2518 6.89618 54.8848
222380 12.7959 2.01075 30.3615 9.7295 -14.3071 6.90858 54.8976
222381 12.7959 2.01075 30.3615 9.7295 -14.3071 6.90858 54.8976
222413 12.7476 1.94341 30.3716 9.7779 -14.3133 6.96342 54.8405
222414 12.6799 1.95303 30.4727 9.79727 -14.299 7.00427 54.9029
222415 12.6799 1.95303 30.4727 9.79727 -14.299 7.00427 54.9029
222429 12.593 1.96265 30.4727 9.76822 -14.296 7.03109 54.7965
222445 12.593 1.96265 30.4727 9.76822 -14.296 7.03109 54.7965
222447 12.477 1.8472 30.5232 9.83599 -14.3174 7.14157 54.6833
222451 12.4576 1.95303 30.6142 9.84567 -14.2486 7.12108 54.8705
222461 12.4576 1.95303 30.6142 9.84567 -14.2486 7.12108 54.8705
222479 12.361 1.85682 30.7455 9.94248 -14.255 7.23153 54.9058
222483 12.2064 1.95303 30.7961 10.1264 -14.035 7.28818 55.0819
222492 12.2064 1.95303 30.7961 10.1264 -14.035 7.28818 55.0819
222511 12.1291 2.36672 30.7556 10.2813 -13.6121 7.16907 55.5327
222513 12.1291 2.36672 30.7556 10.2813 -13.6121 7.16907 55.5327
222543 12.0421 2.93435 30.6445 10.5911 -12.9692 7.00718 56.212
222545 12.0421 3.54046 30.3716 10.7751 -12.3826 6.75951 56.7292
222547 12.0421 3.54046 30.3716 10.7751 -12.3826 6.75951 56.7292
222554 11.9164 4.32937 29.937 10.8428 -11.697 6.45342 57.0256
222578 11.7328 4.92586 29.2295 11.0268 -10.9855 6.21918 56.9149
222583 11.7328 4.92586 29.2295 11.0268 -10.9855 6.21918 56.9149
222591 11.5298 5.37804 28.5119 11.172 -10.3777 6.03692 56.5918
222609 11.5298 5.37804 28.5119 11.172 -10.3777 6.03692 56.5918
222611 11.3076 5.74363 27.6629 11.5011 -9.66183 5.90041 56.2152
222616 11.0176 6.06112 26.824 11.7916 -8.97262 5.80046 55.6943
222625 11.0176 6.06112 26.824 11.7916 -8.97262 5.80046 55.6943
222642 10.689 6.16695 26.1064 12.0917 -8.41755 5.81486 55.0541
222646 10.3991 6.34975 25.2473 12.4789 -7.71809 5.77624 54.4751
222656 10.3991 6.34975 25.2473 12.4789 -7.71809 5.77624 54.4751
222675 10.0318 6.39785 24.3276 12.7984 -7.07823 5.79667 53.5557
222677 10.0318 6.39785 24.3276 12.7984 -7.07823 5.79667 53.5557
222686 9.79989 6.65761 23.5898 13.205 -6.35045 5.72857 53.2523
222708 9.62592 6.93662 22.9631 13.8536 -5.52592 5.6916 53.3793
222710 9.62592 6.93662 22.9631 13.8536 -5.52592 5.6916 53.3793
222721 9.47129 7.14827 22.4679 14.6088 -4.74062 5.71468 53.6962
222742 9.33599 7.49462 21.9524 15.209 -3.97503 5.64828 53.9921
222742 9.33599 7.49462 21.9524 15.209 -3.97503 5.64828 53.9921
222748 9.32632 7.79287 21.3763 15.8189 -3.26381 5.5444 54.3144
222757 9.25867 8.10074 20.7901 16.2836 -2.60157 5.43263 54.4331
222774 9.25867 8.10074 20.7901 16.2836 -2.60157 5.43263 54.4331
222788 9.36498 8.37012 20.1231 16.6708 -2.03886 5.24275 54.529
222789 9.36498 8.37012 20.1231 16.6708 -2.03886 5.24275 54.529
222807 9.36498 8.65874 19.3448 17.0482 -1.37955 5.06351 54.4168
222809 9.35532 8.91851 18.4958 17.2991 -0.755315 4.86079 54.0688
222819 9.35532 8.91851 18.4958 17.2991 -0.755315 4.86079 54.0688
222840 9.4423 9.25523 17.566 17.685 -0.0315309 4.60257 53.9485
222843 9.4423 9.25523 17.566 17.685 -0.0315309 4.60257 53.9485
222849 9.46163 9.73628 16.5952 18.2543 0.894433 4.34385 54.0474
222874 9.50028 10.1596 15.6643 18.92 1.80434 4.127 54.2441
222879 9.34565 10.7561 14.7333 19.6918 2.92009 3.94028 54.5269
222889 9.12337 11.1409 13.6708 20.6952 4.13779 3.87196 54.6303
222909 9.12337 11.1409 13.6708 20.6952 4.13779 3.87196 54.6303
222914 8.8141 11.6123 12.7399 21.7855 5.38828 3.84853 54.9518
222920 8.8141 11.6123 12.7399 21.7855 5.38828 3.84853 54.9518
222944 8.37919 12.0068 12.0923 22.9915 6.54719 3.97453 55.4697
222945 7.89596 12.4686 11.5661 24.0914 7.63001 4.0947 56.022
222950 7.89596 12.4686 11.5661 24.0914 7.63001 4.0947 56.022
222977 7.41273 12.8727 11.2625 25.1044 8.51768 4.25795 56.6523
222978 6.86185 13.1709 11.1815 26.0885 9.2561 4.51216 57.3028
222985 6.86185 13.1709 11.1815 26.0885 9.2561 4.51216 57.3028
222991 6.33997 13.3633 11.1107 26.8314 9.86378 4.74596 57.6454
223011 5.80841 13.6327 10.9589 27.3621 10.4859 4.90284 57.7621
223012 5.80841 13.6327 10.9589 27.3621 10.4859 4.90284 57.7621
223026 5.14156 13.6616 10.706 27.4779 11.0955 5.10135 56.9869
223044 4.25242 13.5269 10.372 27.4875 11.8577 5.41355 55.6388
223051 3.44059 13.4595 10.0381 27.6129 12.6458 5.7059 54.5512
223077 3.44059 13.4595 10.0381 27.6129 12.6458 5.7059 54.5512
223078 2.60944 13.4403 9.78512 27.8734 13.4612 6.03505 53.7083
223093 1.97157 13.3441 9.68393 28.1629 14.0378 6.35725 53.1625
223112 1.59466 13.4692 9.52202 28.433 14.5163 6.47635 53.0189
223129 1.51734 13.7097 9.67381 28.7997 14.58 6.49336 53.7005
223148 1.48835 13.8829 9.74464 29.0312 14.6273 6.48364 54.1471
223150 1.48835 13.8829 9.74464 29.0312 14.6273 6.48364 54.1471
223156 1.57533 14.0464 9.74464 29.1373 14.6154 6.40147 54.5037
223177 1.556 14.2869 9.84583 29.2145 14.6164 6.34318 54.9033
223184 1.67197 14.4024 9.76488 29.1759 14.6057 6.23459 55.0152
223210 1.67197 14.4024 9.76488 29.1759 14.6057 6.23459 55.0152
