364333 7.32575 9.76514 15.3911 21.525 3.9686 5.50628 54.0069
364343 7.32575 9.76514 15.3911 21.525 3.9686 5.50628 54.0069
364354 7.18078 9.17827 15.9679 20.618 3.13895 5.73053 52.945
364362 7.13246 8.60102 16.7571 19.798 2.156 5.97309 52.2886
364379 7.13246 8.60102 16.7571 19.798 2.156 5.97309 52.2886
364388 7.23877 8.23543 17.6974 19.1322 1.1622 6.12443 52.3038
364398 7.35475 7.90832 18.5767 18.3121 0.138548 6.22003 52.1519
364406 7.35475 7.90832 18.5767 18.3121 0.138548 6.22003 52.1519
364417 7.64468 7.62932 19.6581 17.2316 -1.17033 6.21573 52.1637
364424 7.64468 7.62932 19.6581 17.2316 -1.17033 6.21573 52.1637
364434 7.99261 7.51387 20.7396 15.7802 -2.61318 6.05847 52.0263
364451 8.45651 7.51387 21.9625 14.1925 -4.17872 5.80849 52.1254
364454 8.45651 7.51387 21.9625 14.1925 -4.17872 5.80849 52.1254
364464 8.95907 7.485 23.236 12.508 -5.84526 5.54722 52.1881
364474 9.61626 7.60045 24.6106 10.93 -7.43805 5.20985 52.7572
364484 9.61626 7.60045 24.6106 10.93 -7.43805 5.20985 52.7572
364494 10.3701 7.70628 26.5713 9.97153 -8.81724 5.07142 54.6192
364509 10.3701 7.70628 26.5713 9.97153 -8.81724 5.07142 54.6192
364515 11.0756 7.51387 28.5523 9.46811 -10.0009 5.14864 56.6099
364526 11.5782 7.15789 30.4423 9.49715 -10.8075 5.42051 58.6755
364546 11.9068 6.53254 32.1403 9.7295 -11.5178 5.8276 60.3091
364555 11.9648 5.84946 33.4441 9.87471 -12.1394 6.25798 61.133
364568 11.9648 5.84946 33.4441 9.87471 -12.1394 6.25798 61.133
364580 12.0034 5.03169 34 9.7295 -12.8538 6.58962 60.7646
364588 12.0034 5.03169 34 9.7295 -12.8538 6.58962 60.7646
364600 11.7618 4.08885 34 9.59396 -13.4911 7.00063 59.4446
364608 11.4622 3.08829 34 9.29385 -14.297 7.45364 57.8443
364620 11.4622 3.08829 34 9.29385 -14.297 7.45364 57.8443
364629 11.1336 2.10696 34 9.00342 -15.1231 7.93761 56.244
364636 10.7277 1.34692 34 8.78075 -15.7688 8.39649 54.8554
364649 10.7277 1.34692 34 8.78075 -15.7688 8.39649 54.8554
364656 10.3798 0.808149 34 8.61617 -16.242 8.76186 53.8041
364671 10.3798 0.808149 34 8.61617 -16.242 8.76186 53.8041
364676 10.1188 0.500283 34 8.69362 -16.3774 9.02445 53.3127
364687 10.1092 0.509904 34 8.72266 -16.3458 9.02772 53.3417
364701 10.1092 0.509904 34 8.72266 -16.3458 9.02772 53.3417
364708 9.91586 0.423316 34 8.79043 -16.329 9.16191 53.1296
364726 9.72257 0.452179 34 8.86788 -16.2146 9.24534 53.0426
364728 9.72257 0.452179 34 8.86788 -16.2146 9.24534 53.0426
364738 9.68391 0.375212 34 8.84852 -16.2832 9.29622 52.9076
364748 9.68391 0.375212 34 8.84852 -16.2832 9.29622 52.9076
364758 9.53894 0.298246 34 8.97437 -16.221 9.41191 52.8116
364778 9.6066 0.336729 34 8.91629 -16.2476 9.35676 52.8596
364779 9.6066 0.336729 34 8.91629 -16.2476 9.35676 52.8596
364788 9.67425 0.375212 34 8.96469 -16.1911 9.31314 53.0142
364803 9.73223 0.365591 34 8.86788 -16.2835 9.28055 52.9657
364808 9.73223 0.365591 34 8.86788 -16.2835 9.28055 52.9657
364823 9.76123 0.336729 34 8.89692 -16.2882 9.28362 52.9949
364828 9.76123 0.336729 34 8.89692 -16.2882 9.28362 52.9949
364843 9.86754 0.57725 34 9.08087 -15.9781 9.14592 53.5257
364848 10.0512 1.08715 34 9.22608 -15.5147 8.85352 54.3644
364863 10.0512 1.08715 34 9.22608 -15.5147 8.85352 54.3644
364869 10.2928 1.96265 33.7675 9.41002 -14.742 8.36744 55.433
364879 10.6697 2.98246 33.0297 9.55524 -13.8528 7.71718 56.2371
364889 10.6697 2.98246 33.0297 9.55524 -13.8528 7.71718 56.2371
364901 10.9596 4.14658 31.9685 9.64237 -12.8441 7.0097 56.7171
364909 10.9596 4.14658 31.9685 9.64237 -12.8441 7.0097 56.7171
364924 11.0853 5.11828 30.8769 9.71982 -11.9384 6.44183 56.8003
364929 11.1819 6.0515 29.563 9.70046 -11.0595 5.84901 56.4969
364955 11.1723 7.0232 28.1885 9.81663 -10.0181 5.28722 56.2006
364960 11.1143 7.7159 26.8644 10.0683 -9.05371 4.86953 55.763
364970 11.1143 7.7159 26.8644 10.0683 -9.05371 4.86953 55.763
364980 10.8147 8.15846 25.692 10.5814 -8.03977 4.69721 55.2466
365007 10.5827 8.58178 24.6005 11.2107 -6.99887 4.54202 54.9757
365012 10.2348 8.95699 23.418 11.9562 -5.8368 4.44847 54.5659
365021 10.2348 8.95699 23.418 11.9562 -5.8368 4.44847 54.5659
365040 9.92553 9.15903 22.387 12.6145 -4.87144 4.41434 54.0861
365043 9.54861 9.45727 21.4875 13.4858 -3.74825 4.4371 53.9792
365051 9.54861 9.45727 21.4875 13.4858 -3.74825 4.4371 53.9792
365069 9.18135 9.70741 20.6891 14.4539 -2.64156 4.5124 54.0317
365078 9.18135 9.70741 20.6891 14.4539 -2.64156 4.5124 54.0317
365087 8.85276 10.0249 19.7693 15.3736 -1.49184 4.5164 54.0206
365096 8.72712 10.429 18.7485 16.2739 -0.356571 4.39279 54.1785
365105 8.72712 10.429 18.7485 16.2739 -0.356571 4.39279 54.1785
365117 8.88175 10.8908 17.5963 17.1351 0.709942 4.11682 54.5039
365123 8.9784 11.3622 16.322 17.9262 1.82638 3.82157 54.5888
365142 8.9784 11.3622 16.322 17.9262 1.82638 3.82157 54.5888
365144 9.23934 11.7951 14.7738 18.7367 2.98774 3.43093 54.5449
365153 9.23934 11.7951 14.7738 18.7367 2.98774 3.43093 54.5449
365168 9.30699 12.2858 13.2863 19.4024 4.18876 3.06621 54.2815
365174 9.12337 12.6802 11.8798 20.1453 5.49076 2.84833 53.8287
365183 9.12337 12.6802 11.8798 20.1453 5.49076 2.84833 53.8287
365198 8.86242 13.0939 10.706 20.975 6.75863 2.71955 53.6373
365204 8.37919 13.3826 10.1798 22.2872 7.88825 2.96112 54.2287
365214 8.37919 13.3826 10.1798 22.2872 7.88825 2.96112 54.2287
365225 7.93462 13.6423 10.1393 23.9177 8.7564 3.36486 55.6339
365234 7.93462 13.6423 10.1393 23.9177 8.7564 3.36486 55.6339
365247 7.31609 13.8059 10.3012 25.4325 9.50701 3.85494 56.8556
365254 6.66856 13.9021 10.4226 26.7543 10.2018 4.31349 57.7475
365269 6.66856 13.9021 10.4226 26.7543 10.2018 4.31349 57.7475
365277 5.83741 13.854 10.4631 27.8348 10.9453 4.81292 57.9893
365285 4.85162 13.575 10.372 28.7128 11.7647 5.38803 57.5115
365295 4.85162 13.575 10.372 28.7128 11.7647 5.38803 57.5115
365305 3.66288 13.1709 10.2607 29.3496 12.666 6.05286 56.4441
365320 3.66288 13.1709 10.2607 29.3496 12.666 6.05286 56.4441
365327 2.66742 12.8534 10.0887 29.8127 13.4919 6.59858 55.4223
365336 1.91359 12.6418 9.9369 30.2276 14.1717 7.02007 54.7198
365363 1.27572 12.4109 9.92679 30.6135 14.6707 7.42815 54.2269
365367 1.01478 12.2184 9.97738 30.8837 14.8398 7.66102 54.0943
365380 1.01478 12.2184 9.97738 30.8837 14.8398 7.66102 54.0943
365386 0.966458 12.0934 10.0685 31.1345 14.832 7.77967 54.2628
365402 0.966458 12.0934 10.0685 31.1345 14.832 7.77967 54.2628
365408 0.889142 12.1415 10.2101 31.2889 14.8227 7.83108 54.5296
365418 0.898806 12.0645 10.2202 31.395 14.8137 7.8745 54.5786
365428 0.898806 12.0645 10.2202 31.395 14.8137 7.8745 54.5786
365438 0.918135 12.0068 10.1595 31.3468 14.8242 7.87637 54.4312
365448 0.879477 11.9875 10.1494 31.1635 14.822 7.87539 54.1799
365459 0.879477 11.9875 10.1494 31.1635 14.822 7.87539 54.1799
365487 0.889142 12.0838 10.0685 30.9319 14.8491 7.78926 53.9732
365495 0.947129 12.1511 9.90655 30.6521 14.886 7.67667 53.6569
365505 0.976123 12.2281 9.91667 30.5074 14.8442 7.61348 53.6282
365514 0.976123 12.2281 9.91667 30.5074 14.8442 7.61348 53.6282
365519 0.956794 12.2762 9.81548 30.3627 14.9157 7.56729 53.4111
365529 0.947129 12.382 9.81548 30.382 14.9465 7.52943 53.5266
365539 0.947129 12.382 9.81548 30.382 14.9465 7.52943 53.5266
365549 1.02445 12.459 9.89643 30.4881 14.8633 7.49085 53.8679
365559 1.02445 12.459 9.89643 30.4881 14.8633 7.49085 53.8679
365569 1.03411 12.5167 9.86607 30.6232 14.9147 7.47735 54.04
365584 1.05344 12.6514 9.87619 30.5267 14.9001 7.40136 54.1077
365590 1.05344 12.6514 9.87619 30.5267 14.9001 7.40136 54.1077
365600 1.21774 12.7284 10.0786 30.3723 14.6168 7.30871 54.397
365610 1.61399 12.6899 10.1696 30.0153 14.1871 7.1247 54.4888
365636 2.30984 12.863 10.3113 29.4364 13.5096 6.71192 54.9206
365644 2.30984 12.863 10.3113 29.4364 13.5096 6.71192 54.9206
365650 3.112 12.9689 10.3012 28.7128 12.8272 6.24372 55.0949
365666 3.93349 13.0458 10.4125 27.8831 12.0231 5.78461 55.2749
365675 3.93349 13.0458 10.4125 27.8831 12.0231 5.78461 55.2749
365687 4.68732 12.9785 10.6857 26.8893 11.0854 5.40611 55.2409
365694 5.35418 12.7861 11.2119 25.8859 10.0048 5.14796 55.2381
365704 5.35418 12.7861 11.2119 25.8859 10.0048 5.14796 55.2381
365713 6.10802 12.5167 12.1631 24.8439 8.57852 4.95643 55.6317
365721 6.10802 12.5167 12.1631 24.8439 8.57852 4.95643 55.6317
365736 6.82319 12.2088 13.1244 23.7633 7.16409 4.78964 55.9198
365741 7.33542 11.9972 13.7923 22.4319 5.9855 4.56063 55.5567
365756 7.33542 11.9972 13.7923 22.4319 5.9855 4.56063 55.5567
365763 7.87663 11.6797 14.1262 20.9364 4.85788 4.2585 54.6189
365775 8.28255 11.5065 14.4905 19.605 3.86868 3.98252 53.8845
365783 8.28255 11.5065 14.4905 19.605 3.86868 3.98252 53.8845
365793 8.8141 11.2275 14.875 18.4955 2.82421 3.74322 53.4121
365803 8.8141 11.2275 14.875 18.4955 2.82421 3.74322 53.4121
365813 9.20068 10.8908 15.2494 17.5017 1.86516 3.59359 52.8426
365830 9.73223 10.7849 15.6946 16.6031 0.928313 3.3458 52.8149
365843 9.73223 10.7849 15.6946 16.6031 0.928313 3.3458 52.8149
365849 10.3024 10.7946 16.0589 15.5962 0.0139505 3.0022 52.7522
365858 10.8243 11.0543 16.5952 14.5797 -0.841373 2.62837 53.0536
365866 10.8243 11.0543 16.5952 14.5797 -0.841373 2.62837 53.0536
365875 11.3559 11.4392 17.0809 13.5051 -1.63563 2.18924 53.381
365887 11.3559 11.4392 17.0809 13.5051 -1.63563 2.18924 53.381
365895 11.8681 11.824 17.5963 12.3337 -2.47412 1.74497 53.6221
365908 12.361 12.2281 18.2937 11.1623 -3.36031 1.3508 54.0451
365918 12.361 12.2281 18.2937 11.1623 -3.36031 1.3508 54.0451
365929 12.8152 12.584 19.0618 10.2716 -4.12065 1.0782 54.7327
365936 13.2308 12.6995 20.2747 9.71982 -4.95584 1.09009 55.9248
365946 13.2308 12.6995 20.2747 9.71982 -4.95584 1.09009 55.9248
365956 13.5497 12.584 21.6088 9.69077 -5.60812 1.34916 57.4334
365967 13.5497 12.584 21.6088 9.69077 -5.60812 1.34916 57.4334
365976 13.6464 12.1511 22.9126 9.73918 -6.27412 1.75903 58.4493
365991 13.7044 11.5065 24.0446 9.80695 -6.95684 2.19445 59.0624
365998 13.7044 11.5065 24.0446 9.80695 -6.95684 2.19445 59.0624
366008 13.4821 10.5156 24.9845 9.7779 -7.73193 2.74799 58.7601
366019 13.2501 9.29372 25.9548 9.58428 -8.7491 3.35604 58.083
366028 13.2501 9.29372 25.9548 9.58428 -8.7491 3.35604 58.083
366041 13.0375 7.99491 26.7735 9.47779 -9.74898 3.98512 57.2837
366050 13.0375 7.99491 26.7735 9.47779 -9.74898 3.98512 57.2837
366063 12.8056 6.64799 27.5618 9.31321 -10.8321 4.63925 56.3286
366069 12.7186 5.32032 28.4512 9.168 -11.9846 5.27695 55.6581
366095 12.5736 4.11771 29.1587 9.12927 -12.9528 5.89222 54.9793
366099 12.5156 3.10753 29.846 9.04214 -13.8558 6.40188 54.5113
366109 12.5156 3.10753 29.846 9.04214 -13.8558 6.40188 54.5113
366128 12.4866 2.25127 30.2604 8.99374 -14.5864 6.81106 53.9921
366130 12.506 1.64516 30.5838 9.05182 -15.0561 7.1071 53.7868
366140 12.506 1.64516 30.5838 9.05182 -15.0561 7.1071 53.7868
366151 12.6993 1.48161 30.6849 9.04214 -15.2391 7.10828 53.9079
366160 12.6993 1.48161 30.6849 9.04214 -15.2391 7.10828 53.9079
366175 12.9505 1.55857 30.5131 8.91629 -15.29 6.93019 53.9385
366180 13.2211 1.53933 30.1492 8.81948 -15.3602 6.7584 53.7292
366190 13.2211 1.53933 30.1492 8.81948 -15.3602 6.7584 53.7292
366209 13.4628 1.67402 29.7955 8.67426 -15.3479 6.52895 53.6065
366219 13.6657 1.74137 29.5226 8.57745 -15.3575 6.36166 53.5071
366228 13.6657 1.74137 29.5226 8.57745 -15.3575 6.36166 53.5071
366240 13.9847 1.88568 29.4316 8.43223 -15.3991 6.13953 53.7342
366246 13.9847 1.88568 29.4316 8.43223 -15.3991 6.13953 53.7342
366255 14.2746 1.88568 29.2901 8.37415 -15.4692 5.99281 53.8245
366263 14.5935 2.01075 29.1486 8.30638 -15.4576 5.78552 54.0593
366271 14.5935 2.01075 29.1486 8.30638 -15.4576 5.78552 54.0593
366286 14.8738 2.11658 28.9869 8.18052 -15.4934 5.58841 54.1578
366293 15.0478 2.11658 28.8757 8.08371 -15.5769 5.48607 54.1238
366303 15.0478 2.11658 28.8757 8.08371 -15.5769 5.48607 54.1238
366321 15.2121 2.18393 28.7342 8.06435 -15.5449 5.37027 54.1946
366323 15.2121 2.18393 28.7342 8.06435 -15.5449 5.37027 54.1946
366334 15.531 2.67459 28.5321 8.17084 -15.1241 5.05314 54.9085
366343 15.7726 3.33843 28.1986 8.2967 -14.5379 4.68946 55.6063
366356 15.7726 3.33843 28.1986 8.2967 -14.5379 4.68946 55.6063
366363 16.0335 4.12733 27.5719 8.31606 -13.8995 4.20895 56.0489
366383 16.0335 4.12733 27.5719 8.31606 -13.8995 4.20895 56.0489
366384 15.9949 4.85852 26.8139 8.35478 -13.2071 3.83294 56.0221
366394 16.0819 5.79174 25.9346 8.40319 -12.3736 3.32607 56.2114
366404 16.0819 5.79174 25.9346 8.40319 -12.3736 3.32607 56.2114
366414 16.1399 6.93662 24.9138 8.3451 -11.4368 2.7112 56.3354
366426 16.0432 8.20656 23.701 8.38383 -10.2751 2.0862 56.3345
366434 16.0432 8.20656 23.701 8.38383 -10.2751 2.0862 56.3345
366450 15.9176 9.35144 22.3567 8.37415 -9.17354 1.463 55.9999
366455 15.6083 9.35144 20.9013 8.37415 -8.65859 1.19361 54.2352
366465 15.6083 10.352 20.9013 8.42255 -8.01995 0.912618 55.2842
366475 15.2894 11.3814 19.6076 8.67426 -6.75185 0.439759 54.9527
366485 15.2894 11.3814 19.6076 8.67426 -6.75185 0.439759 54.9527
366500 14.9994 12.2858 18.3847 9.13895 -5.45502 0.0652421 54.8088
366506 14.6418 13.017 17.4245 9.79727 -4.21465 -0.119458 54.8806
366519 14.6418 13.017 17.4245 9.79727 -4.21465 -0.119458 54.8806
366527 14.2069 13.6616 16.4738 10.6105 -2.91554 -0.214062 54.9528
366541 13.685 14.1522 15.5833 11.3753 -1.70673 -0.240529 54.7959
366548 13.685 14.1522 15.5833 11.3753 -1.70673 -0.240529 54.7959
366559 13.2308 14.6525 14.7131 12.0239 -0.580128 -0.314805 54.6203
366573 13.2308 14.6525 14.7131 12.0239 -0.580128 -0.314805 54.6203
366581 12.9215 15.0951 13.7923 12.4402 0.378567 -0.493323 54.2491
366590 12.8926 15.5954 12.7399 12.7597 1.26076 -0.830289 53.9875
366599 12.8926 15.5954 12.7399 12.7597 1.26076 -0.830289 53.9875
366618 12.8732 16.0091 11.8494 13.1179 2.04473 -1.09054 53.8496
366620 12.8732 16.3746 11.1006 13.6697 2.80949 -1.24335 54.0182
366629 12.8732 16.3746 11.1006 13.6697 2.80949 -1.24335 54.0182
366639 12.7089 16.8076 10.3518 14.328 3.72483 -1.33866 54.1963
366649 12.7089 16.8076 10.3518 14.328 3.72483 -1.33866 54.1963
366660 12.419 17.1244 9.81548 14.9767 4.53965 -1.31164 54.3355
366669 12.1194 17.5166 9.25893 15.877 5.48424 -1.2324 54.7719
366695 11.5878 17.9567 8.85417 16.6999 6.4496 -1.08636 55.0986
366706 10.9113 18.3872 8.35833 17.6561 7.58123 -0.890591 55.3129
366710 10.9113 18.3872 8.35833 17.6561 7.58123 -0.890591 55.3129
366720 10.2058 18.7507 8.18631 18.6788 8.52599 -0.561992 55.8216
366730 10.2058 18.7507 8.18631 18.6788 8.52599 -0.561992 55.8216
366745 9.46163 19.1238 8.01429 19.7787 9.50123 -0.210848 56.3784
366753 8.71745 19.4682 7.92321 20.6663 10.3451 0.106695 56.7752
366761 8.71745 19.4682 7.92321 20.6663 10.3451 0.106695 56.7752
366776 8.06993 19.7648 7.72083 21.3706 11.1305 0.331149 56.9261
366782 7.30642 19.8604 7.5994 21.9302 11.8547 0.625103 56.6965
366791 7.30642 19.8604 7.5994 21.9302 11.8547 0.625103 56.6965
366801 6.59125 19.87 7.35655 22.3837 12.5913 0.875142 56.2015
366824 6.59125 19.87 7.35655 22.3837 12.5913 0.875142 56.2015
366826 5.74076 19.8796 7.23512 22.8275 13.3484 1.19666 55.6829
366833 4.81296 19.8126 6.91131 23.3292 14.3156 1.53508 54.866
366847 4.81296 19.8126 6.91131 23.3292 14.3156 1.53508 54.866
366853 3.99147 19.5639 6.77976 23.7633 15.0448 1.93751 54.0984
366863 3.20864 19.516 6.73929 24.1589 15.7242 2.28639 53.6229
366875 3.20864 19.516 6.73929 24.1589 15.7242 2.28639 53.6229
366884 2.73508 19.3725 6.61786 24.622 16.234 2.56777 53.3475
366894 2.73508 19.3725 6.61786 24.622 16.234 2.56777 53.3475
366904 2.49346 19.3247 6.8 25.0465 16.3412 2.80306 53.6647
366918 2.4548 19.2482 6.8506 25.2877 16.3585 2.90726 53.8413
366933 2.4548 19.2482 6.8506 25.2877 16.3585 2.90726 53.8413
366943 2.43547 19.0664 6.9619 25.5 16.2929 3.0465 53.9638
366951 2.38715 18.942 7.0125 25.6833 16.3006 3.15594 54.025
366959 2.38715 18.942 7.0125 25.6833 16.3006 3.15594 54.025
366969 2.42581 18.8559 7.08333 25.7509 16.2141 3.20213 54.1159
366978 2.38715 18.8368 7.0631 25.7701 16.259 3.22139 54.0572
366991 2.38715 18.8368 7.0631 25.7701 16.259 3.22139 54.0572
366996 2.29051 18.7603 6.99226 25.693 16.3626 3.24767 53.736
367015 2.29051 18.7603 6.99226 25.693 16.3626 3.24767 53.736
367018 2.28084 18.6646 7.08333 25.6447 16.2767 3.29286 53.6735
367026 2.24218 18.5115 7.0125 25.5482 16.3207 3.3219 53.3145
367040 2.24218 18.5115 7.0125 25.5482 16.3207 3.3219 53.3145
367047 2.22285 18.4637 7.08333 25.6061 16.2824 3.37312 53.376
367056 2.20352 18.502 7.0631 25.7026 16.3349 3.38319 53.4712
367071 2.20352 18.502 7.0631 25.7026 16.3349 3.38319 53.4712
367076 2.22285 18.4733 7.19464 25.857 16.2392 3.44819 53.7477
367090 2.22285 18.4733 7.19464 25.857 16.2392 3.44819 53.7477
367101 2.25185 18.4733 7.20476 25.9438 16.2234 3.45905 53.8737
367113 2.28084 18.3393 7.32619 25.9824 16.0929 3.52922 53.9288
367121 2.28084 18.3393 7.32619 25.9824 16.0929 3.52922 53.9288
367126 2.55145 18.1863 7.73095 26.0017 15.5615 3.57853 54.4704
367142 2.55145 18.1863 7.73095 26.0017 15.5615 3.57853 54.4704
367146 3.4116 18.1289 8.24702 25.8763 14.5276 3.39076 55.6638
367161 4.71632 17.9662 8.73274 25.2491 13.1327 2.99112 56.6644
367167 4.71632 17.9662 8.73274 25.2491 13.1327 2.99112 56.6644
367182 5.90506 17.6027 9.00595 24.2361 11.8625 2.57295 56.7498
367188 7.20011 17.067 9.52202 22.9529 10.2648 2.16978 56.742
367198 7.20011 17.067 9.52202 22.9529 10.2648 2.16978 56.742
367208 8.39852 16.3746 10.028 21.3995 8.60652 1.77605 56.2007
367218 8.39852 16.3746 10.028 21.3995 8.60652 1.77605 56.2007
367233 9.52928 15.5569 10.7667 19.6339 6.711 1.43668 55.4868
367239 10.5054 14.768 11.5964 18.0227 4.86808 1.18753 54.8925
367255 10.5054 14.768 11.5964 18.0227 4.86808 1.18753 54.8925
367259 11.4139 14.1138 12.2643 16.4675 3.18061 0.885801 54.2594
367269 12.1967 13.6327 12.9929 14.9767 1.58916 0.596693 53.7989
367279 12.1967 13.6327 12.9929 14.9767 1.58916 0.596693 53.7989
367289 12.9699 13.1805 13.6304 13.5438 0.0582069 0.287992 53.3246
367308 12.9699 13.1805 13.6304 13.5438 0.0582069 0.287992 53.3246
367310 13.5594 12.8727 14.4399 12.2466 -1.35548 0.0718367 53.1185
367319 14.1779 12.4012 15.5732 11.0461 -2.96239 0.0113225 53.1985
367329 14.1779 12.4012 15.5732 11.0461 -2.96239 0.0113225 53.1985
367355 14.8545 11.8625 16.8583 9.9328 -4.63365 0.0207978 53.5081
367356 15.4827 11.2756 18.4857 9.168 -6.21407 0.246854 54.412
367360 15.4827 11.2756 18.4857 9.168 -6.21407 0.246854 54.412
367370 16.0625 10.6214 20.1736 8.52904 -7.71202 0.546716 55.3866
367380 16.0625 10.6214 20.1736 8.52904 -7.71202 0.546716 55.3866
367390 16.5941 9.87097 21.7806 8.11276 -9.04522 0.912461 56.3584
367405 17.1443 8.95699 23.2967 7.85137 -10.32 1.3223 57.2493
367411 17.1443 8.95699 23.2967 7.85137 -10.32 1.3223 57.2493
367426 17.4137 7.80249 24.4388 7.74487 -11.457 1.82077 57.3998
367430 17.5195 6.60951 25.3989 7.69647 -12.5001 2.35032 57.2244
367456 17.5676 5.61856 26.1772 7.60934 -13.391 2.79089 56.9727
367461 17.5676 5.61856 26.1772 7.60934 -13.391 2.79089 56.9727
367474 17.5195 4.67572 26.7937 7.5803 -14.1672 3.22934 56.5692
367481 17.4522 3.80985 27.3092 7.57061 -14.8645 3.6384 56.1418
367499 17.4522 3.80985 27.3092 7.57061 -14.8645 3.6384 56.1418
367504 17.2886 3.10753 27.6124 7.41572 -15.5066 3.95998 55.4242
367511 17.1732 2.42445 27.8549 7.38667 -16.0546 4.27905 54.8392
367526 17.1732 2.42445 27.8549 7.38667 -16.0546 4.27905 54.8392
367536 17.1154 2.19355 28.0874 7.50285 -16.1689 4.44849 54.8992
367542 17.1154 2.19355 28.0874 7.50285 -16.1689 4.44849 54.8992
367553 17.0577 2.16469 28.3401 7.59966 -16.1494 4.54587 55.1621
367563 17.0385 2.1262 28.5018 7.72551 -16.1073 4.62051 55.392
367575 17.0385 2.1262 28.5018 7.72551 -16.1073 4.62051 55.392
367583 16.9227 2.19355 28.4816 7.77392 -15.9995 4.64296 55.3717
367601 16.7101 2.17431 28.5018 7.87073 -15.9106 4.74732 55.2569
367625 16.4974 2.14544 28.5927 7.94818 -15.8545 4.86502 55.1838
367629 16.4974 2.14544 28.5927 7.94818 -15.8545 4.86502 55.1838
367638 16.2848 2.09734 28.6231 8.00626 -15.8168 4.97546 55.0115
367649 16.0529 2.0781 28.6837 8.13212 -15.709 5.1008 54.9468
367656 16.0529 2.0781 28.6837 8.13212 -15.709 5.1008 54.9468
367665 15.7919 2.02999 28.8656 8.24829 -15.6452 5.2676 54.9358
367675 15.5503 1.97227 28.9364 8.31606 -15.6086 5.40297 54.775
367697 15.2217 1.92417 29.179 8.53872 -15.4646 5.62444 54.8636
367705 15.2217 1.92417 29.179 8.53872 -15.4646 5.62444 54.8636
367722 14.8641 1.77985 29.3508 8.55809 -15.5248 5.84705 54.5528
367734 14.5839 1.77023 29.6136 8.6549 -15.4571 6.01795 54.6225
367737 14.5839 1.77023 29.6136 8.6549 -15.4571 6.01795 54.6225
367751 14.3036 1.71251 29.8864 8.81948 -15.3768 6.21957 54.722
367757 14.0426 1.55857 30.0684 8.95501 -15.3765 6.43177 54.6246
367770 14.0426 1.55857 30.0684 8.95501 -15.3765 6.43177 54.6246
367776 13.801 1.57782 30.1694 8.98405 -15.316 6.5396 54.5323
367786 13.801 1.57782 30.1694 8.98405 -15.316 6.5396 54.5323
367799 13.714 1.8472 30.038 9.04214 -15.0356 6.45635 54.6414
367808 13.5884 2.28014 29.9673 9.168 -14.5933 6.34504 55.0038
367818 13.5884 2.28014 29.9673 9.168 -14.5933 6.34504 55.0038
367828 13.5111 2.82852 29.6641 9.29385 -14.039 6.13544 55.2976
367842 13.3758 3.29032 29.4013 9.30353 -13.6277 5.9703 55.3709
367848 13.3758 3.29032 29.4013 9.30353 -13.6277 5.9703 55.3709
367867 13.2791 3.94454 28.8656 9.29385 -13.0484 5.67027 55.3832
367869 13.2791 3.94454 28.8656 9.29385 -13.0484 5.67027 55.3832
367883 13.0762 4.69496 28.3502 9.33257 -12.3521 5.38599 55.4539
367892 12.9602 5.42615 27.7134 9.28417 -11.7197 5.04061 55.384
367899 12.9602 5.42615 27.7134 9.28417 -11.7197 5.04061 55.384
367909 12.6799 6.07074 27.0161 9.28417 -11.0539 4.78182 55.0509
367919 12.3707 6.59027 26.4197 9.29385 -10.4739 4.59611 54.6745
367929 12.3707 6.59027 26.4197 9.29385 -10.4739 4.59611 54.6745
367943 12.1774 7.17714 25.8537 9.34226 -9.85863 4.35601 54.5505
367949 12.1774 7.17714 25.8537 9.34226 -9.85863 4.35601 54.5505
367971 11.8874 7.68704 25.2372 9.38098 -9.25246 4.16395 54.1927
367971 11.6845 8.10074 24.843 9.54556 -8.71326 4.04348 54.1738
367995 11.5009 8.43746 24.368 9.8844 -8.09502 3.96214 54.1907
368000 11.3172 8.75495 23.9839 10.3781 -7.42551 3.93775 54.4343
368010 11.3172 8.75495 23.9839 10.3781 -7.42551 3.93775 54.4343
368024 11.2496 9.07244 23.5898 11.0461 -6.69639 3.90678 54.9579
368030 11.2496 9.07244 23.5898 11.0461 -6.69639 3.90678 54.9579
368050 11.2592 9.27448 23.1855 11.84 -5.99823 3.91252 55.5592
368050 11.3076 9.52462 22.569 12.4596 -5.32232 3.81208 55.8607
368060 11.3076 9.52462 22.569 12.4596 -5.32232 3.81208 55.8607
368079 11.3366 9.80362 21.7099 12.7403 -4.72316 3.59145 55.5904
368082 11.4139 10.0634 20.497 12.8371 -4.10972 3.24483 54.8114
368100 11.4139 10.0634 20.497 12.8371 -4.10972 3.24483 54.8114
368102 11.5878 10.3905 19.365 13.0114 -3.47302 2.86951 54.3548
368115 11.5878 10.3905 19.365 13.0114 -3.47302 2.86951 54.3548
368126 11.7425 10.6599 18.1421 13.1566 -2.82493 2.48497 53.701
368131 12.0324 10.9774 16.7875 13.3309 -2.12302 2.00701 53.1281
368141 12.0324 10.9774 16.7875 13.3309 -2.12302 2.00701 53.1281
368152 12.4383 11.4007 15.3405 13.66 -1.28601 1.46524 52.8395
368161 12.7476 11.7951 14.1565 14.3667 -0.349686 1.12518 53.066
368188 13.0858 12.4493 13.0131 15.4801 0.846997 0.821226 54.0284
368193 13.0858 12.4493 13.0131 15.4801 0.846997 0.821226 54.0284
368203 13.2405 13.1613 11.8696 16.6708 2.14863 0.583899 54.9423
368213 13.0858 13.9021 11.05 17.8587 3.41028 0.515437 55.8966
368228 13.0858 13.9021 11.05 17.8587 3.41028 0.515437 55.8966
368242 12.6606 14.4986 10.6655 19.1129 4.51611 0.690027 56.9376
368243 11.9261 14.8642 10.5137 20.4926 5.58727 1.09419 57.7966
368269 11.0563 15.1336 10.4226 21.7276 6.59163 1.53249 58.34
368280 11.0563 15.1336 10.4226 21.7276 6.59163 1.53249 58.34
368284 10.0028 15.3548 10.2506 22.8275 7.67034 1.98176 58.4357
368294 8.9494 15.4799 10.0887 23.6958 8.64813 2.41056 58.2138
368306 8.9494 15.4799 10.0887 23.6958 8.64813 2.41056 58.2138
368319 7.81865 15.5665 9.81548 24.294 9.66454 2.79791 57.4946
368331 6.7942 15.5857 9.44107 24.6317 10.6205 3.10688 56.4527
368335 6.7942 15.5857 9.44107 24.6317 10.6205 3.10688 56.4527
368345 5.69244 15.5088 9.21845 25.0079 11.5492 3.52492 55.4276
368357 5.69244 15.5088 9.21845 25.0079 11.5492 3.52492 55.4276
368365 4.51336 15.3645 8.88452 25.2588 12.5994 3.96109 54.0211
368384 3.5759 15.3645 8.7125 25.6158 13.4656 4.33311 53.2686
368385 3.5759 15.3645 8.7125 25.6158 13.4656 4.33311 53.2686
368395 2.81239 15.3933 8.6619 25.8666 14.1206 4.64295 52.7342
368414 2.47413 15.3933 8.73274 26.1175 14.3709 4.83218 52.7177
368424 2.47413 15.3933 8.73274 26.1175 14.3709 4.83218 52.7177
368436 2.38715 15.5376 8.91488 26.2333 14.3524 4.86784 53.0729
368443 2.38715 15.5376 8.91488 26.2333 14.3524 4.86784 53.0729
368452 2.40648 15.6435 8.79345 26.214 14.4454 4.7941 53.0574
368462 2.53212 15.7878 8.79345 26.1561 14.3695 4.68269 53.2694
368468 2.53212 15.7878 8.79345 26.1561 14.3695 4.68269 53.2694
368477 2.58044 15.8551 8.76309 26.0403 14.3466 4.61161 53.239
368488 2.6191 16.0764 8.82381 26.0306 14.3157 4.52632 53.55
368498 2.6191 16.0764 8.82381 26.0306 14.3157 4.52632 53.55
368513 2.68675 16.1341 8.83393 26.0692 14.2779 4.49025 53.724
368530 2.67709 16.2207 8.78333 26.0885 14.343 4.45625 53.7697
368540 2.68675 16.2592 8.78333 25.9728 14.3206 4.41607 53.702
368549 2.68675 16.2592 8.78333 25.9728 14.3206 4.41607 53.702
368567 2.67709 16.2977 8.69226 25.857 14.3792 4.36472 53.524
368569 2.68675 16.3265 8.67202 25.8377 14.3889 4.34292 53.523
368595 2.71575 16.3843 8.7125 25.7316 14.3282 4.29853 53.5441
368600 2.71575 16.3843 8.7125 25.7316 14.3282 4.29853 53.5441
368610 2.72541 16.3073 8.67202 25.6447 14.3181 4.29734 53.3495
368622 3.00569 16.2881 8.82381 25.5579 13.9805 4.21644 53.6754
368630 3.00569 16.2881 8.82381 25.5579 13.9805 4.21644 53.6754
368649 3.64355 16.2784 8.94524 25.2106 13.3605 3.94815 54.0778
368652 4.53269 16.2977 9.0869 24.8053 12.5558 3.58039 54.7226
368660 4.53269 16.2977 9.0869 24.8053 12.5558 3.58039 54.7226
368676 5.63445 16.1919 9.35 24.4098 11.5214 3.22027 55.5861
368685 5.63445 16.1919 9.35 24.4098 11.5214 3.22027 55.5861
368690 6.6589 16.0187 9.84583 23.8212 10.3538 2.92561 56.3446
368705 7.59636 15.7108 10.7464 23.0976 8.95241 2.76552 57.1512
368711 7.59636 15.7108 10.7464 23.0976 8.95241 2.76552 57.1512
368730 8.49517 15.3164 11.7887 22.2003 7.45358 2.6412 57.8006
368732 9.13303 14.768 12.2845 20.8882 6.23694 2.43677 57.0737
368741 9.13303 14.768 12.2845 20.8882 6.23694 2.43677 57.0737
368758 9.70324 14.2003 12.3756 19.3445 5.15338 2.10787 55.6237
368770 9.70324 14.2003 12.3756 19.3445 5.15338 2.10787 55.6237
368785 10.1671 13.498 12.5375 17.7815 3.97102 1.84883 53.9842
368788 10.7663 12.9111 12.9018 16.4675 2.69128 1.60947 53.0468
368796 10.7663 12.9111 12.9018 16.4675 2.69128 1.60947 53.0468
368811 11.2786 12.4397 13.4381 15.2671 1.42596 1.4269 52.4235
368814 11.9648 12.1703 14.1768 14.2699 0.142035 1.22998 52.5818
368826 11.9648 12.1703 14.1768 14.2699 0.142035 1.22998 52.5818
368838 12.7089 12.2184 14.9256 13.2147 -1.03706 0.908157 53.0677
368844 12.7089 12.2184 14.9256 13.2147 -1.03706 0.908157 53.0677
368854 13.3951 12.3628 15.9679 12.2079 -2.22141 0.672449 53.9336
368867 14.1296 12.5167 17.0404 11.1526 -3.41941 0.423072 54.8394
368893 14.8545 12.6225 17.849 10.1361 -4.48271 0.13742 55.4621
368895 15.444 12.6418 18.6373 9.20672 -5.46795 -0.0648263 55.9298
368904 15.444 12.6418 18.6373 9.20672 -5.46795 -0.0648263 55.9298
368921 15.8596 12.4301 19.5268 8.37415 -6.48778 -0.103786 56.1906
368930 15.8596 12.4301 19.5268 8.37415 -6.48778 -0.103786 56.1906
368948 16.2462 12.1992 20.497 7.82232 -7.36446 -0.0333005 56.7647
368950 16.5458 11.8913 21.6391 7.56093 -8.12523 0.198557 57.6372
368957 16.5458 11.8913 21.6391 7.56093 -8.12523 0.198557 57.6372
368975 16.8357 11.3526 22.4679 7.49317 -8.7954 0.457301 58.1493
368976 16.9613 10.7561 23.1249 7.52221 -9.34125 0.752932 58.3645
368985 16.9613 10.7561 23.1249 7.52221 -9.34125 0.752932 58.3645
369004 17.077 9.88059 23.6302 7.32859 -10.1431 1.0363 57.9163
369035 17.077 8.95699 23.802 7.0672 -10.9198 1.2746 56.9032
369036 16.9903 7.96604 23.9839 6.82517 -11.738 1.57429 55.7655
369040 16.9903 7.96604 23.9839 6.82517 -11.738 1.57429 55.7655
369048 17.0289 6.94624 24.1962 6.61219 -12.6254 1.87099 54.7835
369060 17.1347 6.01302 24.5398 6.46697 -13.4774 2.17685 54.1545
369066 17.1347 6.01302 24.5398 6.46697 -13.4774 2.17685 54.1545
369076 17.3271 4.96435 24.9441 6.43793 -14.3781 2.54052 53.6735
369091 17.3271 4.96435 24.9441 6.43793 -14.3781 2.54052 53.6735
369098 17.4426 4.05999 25.6617 6.33144 -15.2876 2.94153 53.4957
369116 17.558 3.24222 26.2277 6.42825 -15.9548 3.32676 53.4562
369119 17.558 3.24222 26.2277 6.42825 -15.9548 3.32676 53.4562
369140 17.635 2.69383 26.7229 6.46697 -16.4415 3.60466 53.5187
369143 17.6831 2.45331 27.1677 6.60251 -16.6004 3.79373 53.9066
369148 17.6831 2.45331 27.1677 6.60251 -16.6004 3.79373 53.9066
369167 17.8755 2.46293 27.3294 6.61219 -16.6405 3.75916 54.28
369171 17.8755 2.46293 27.3294 6.61219 -16.6405 3.75916 54.28
369179 18.0006 2.45331 27.2586 6.62187 -16.6488 3.70666 54.3344
369190 18.0294 2.39559 27.0565 6.56378 -16.7112 3.66228 54.0453
369199 18.0294 2.39559 27.0565 6.56378 -16.7112 3.66228 54.0453
369209 17.8659 2.3571 26.7735 6.44761 -16.7627 3.64815 53.4441
369219 17.8081 2.40521 26.44 6.34112 -16.7479 3.55727 52.9944
369234 17.8081 2.40521 26.44 6.34112 -16.7479 3.55727 52.9944
369240 17.6542 2.38596 26.1064 6.15718 -16.8332 3.50551 52.3038
369258 17.6542 2.38596 26.1064 6.15718 -16.8332 3.50551 52.3038
369260 17.6735 2.33786 26.0256 6.21526 -16.8155 3.51072 52.2521
369270 17.6638 2.29938 26.1367 6.16686 -16.9009 3.54155 52.2668
369284 17.6638 2.29938 26.1367 6.16686 -16.9009 3.54155 52.2668
369290 17.7216 2.33786 26.3995 6.28303 -16.8273 3.59006 52.742
369312 17.8178 2.33786 26.7432 6.40888 -16.796 3.657 53.3077
369313 17.8178 2.33786 26.7432 6.40888 -16.796 3.657 53.3077
369322 18.0872 2.69383 27.0262 6.54442 -16.5014 3.52969 54.3516
369341 18.0872 2.69383 27.0262 6.54442 -16.5014 3.52969 54.3516
369343 18.3854 3.27108 27.198 6.73804 -15.9978 3.31327 55.5925
369351 18.7799 3.91568 27.3597 6.92198 -15.4895 3.0502 56.9772
369372 18.7799 3.91568 27.3597 6.92198 -15.4895 3.0502 56.9772
369373 18.9338 4.63724 27.1171 7.18337 -14.7872 2.78102 57.8715
369386 19.0011 5.55122 26.4905 7.13497 -14.0971 2.33932 58.1778
369403 19.0011 5.55122 26.4905 7.13497 -14.0971 2.33932 58.1778
369407 19.0108 6.63837 25.4495 7.02847 -13.244 1.76221 58.1271
369411 19.0108 6.63837 25.4495 7.02847 -13.244 1.76221 58.1271
369432 18.8568 7.70628 24.2771 6.82517 -12.4002 1.18072 57.6653
369434 18.5297 8.62988 22.9732 6.67027 -11.5323 0.655931 56.8031
369443 18.5297 8.62988 22.9732 6.67027 -11.5323 0.655931 56.8031
369460 18.1545 9.38993 21.5684 6.44761 -10.7475 0.127308 55.5604
369464 17.7793 10.0345 20.3252 6.34112 -9.971 -0.315937 54.4801
369474 17.7793 10.0345 20.3252 6.34112 -9.971 -0.315937 54.4801
369487 17.3945 10.5829 19.4055 6.56378 -9.10772 -0.55836 53.9466
369503 17.1539 11.1505 18.8092 7.2221 -8.09341 -0.627548 54.3357
369517 17.1539 11.1505 18.8092 7.2221 -8.09341 -0.627548 54.3357
369519 16.9613 11.824 18.3341 8.15148 -6.9295 -0.624124 55.2709
369531 16.9613 11.824 18.3341 8.15148 -6.9295 -0.624124 55.2709
369545 16.768 12.459 17.7479 8.91629 -5.8778 -0.687802 55.8912
369549 16.4878 12.9977 17.0303 9.45843 -4.94063 -0.803073 55.9743
369559 16.4878 12.9977 17.0303 9.45843 -4.94063 -0.803073 55.9743
369575 16.0722 13.4499 16.0994 9.89408 -3.97529 -0.953416 55.5156
369577 16.0722 13.4499 16.0994 9.89408 -3.97529 -0.953416 55.5156
369585 15.7339 13.8155 15.2899 10.2329 -3.16647 -1.09674 55.0722
369605 15.4053 14.2581 14.4399 10.5911 -2.28362 -1.27044 54.6944
369607 15.4053 14.2581 14.4399 10.5911 -2.28362 -1.27044 54.6944
369617 15.0767 14.6814 13.4786 10.9106 -1.36819 -1.48732 54.1473
369636 14.8545 15.0374 12.6286 11.4431 -0.464496 -1.61781 53.9634
369638 14.8545 15.0374 12.6286 11.4431 -0.464496 -1.61781 53.9634
369652 14.5259 15.6723 11.5964 11.9562 0.700539 -1.85456 53.7508
369666 13.9073 16.1726 10.7262 12.6629 1.96467 -1.87703 53.469
369669 13.9073 16.1726 10.7262 12.6629 1.96467 -1.87703 53.469
369678 13.3565 16.7306 9.83571 13.3793 3.24458 -1.93391 53.3021
369704 12.7186 17.2392 9.06667 14.0957 4.49434 -1.91888 53.1201
369709 12.448 17.7079 8.38869 14.8798 5.49893 -1.93377 53.4244
369725 12.448 17.7079 8.38869 14.8798 5.49893 -1.93377 53.4244
369729 12.4383 18.215 8.1256 15.7705 6.1511 -1.85809 54.5494
369739 12.2837 18.5211 7.98393 16.574 6.69562 -1.69252 55.3627
369755 12.2837 18.5211 7.98393 16.574 6.69562 -1.69252 55.3627
369764 12.0131 18.655 8.00417 17.3087 7.1214 -1.43492 55.981
369769 12.0131 18.655 8.00417 17.3087 7.1214 -1.43492 55.981
369785 11.4622 18.722 8.13571 18.0709 7.62315 -1.05803 56.3909
369790 10.8727 18.722 8.18631 18.6595 8.11586 -0.730559 56.4404
369814 10.8727 18.722 8.18631 18.6595 8.11586 -0.730559 56.4404
369816 10.0705 18.5307 8.075 19.1129 8.73742 -0.379975 55.7891
369820 9.32632 18.4446 8.1256 19.5664 9.26703 -0.0213361 55.4629
369830 9.32632 18.4446 8.1256 19.5664 9.26703 -0.0213361 55.4629
369845 8.34053 18.4446 8.1256 20.2804 10.0826 0.440521 55.1911
369851 8.34053 18.4446 8.1256 20.2804 10.0826 0.440521 55.1911
369876 7.33542 18.4159 8.16607 20.9171 10.8652 0.911449 54.8345
369877 6.20466 18.3106 8.23691 21.6504 11.7271 1.48118 54.4026
369881 6.20466 18.3106 8.23691 21.6504 11.7271 1.48118 54.4026
369891 5.32518 18.1576 8.42917 22.3547 12.3271 2.01812 54.2666
369907 4.61001 18.2341 8.61131 23.223 12.9099 2.4663 54.6785
369920 4.61001 18.2341 8.61131 23.223 12.9099 2.4663 54.6785
369938 4.22342 18.2245 8.89464 23.8116 13.1078 2.78989 55.1542
369940 4.22342 18.2245 8.89464 23.8116 13.1078 2.78989 55.1542
369943 4.13644 18.1384 9.03631 24.2457 13.1448 2.97186 55.5569
369953 4.14611 17.9949 9.22857 24.6317 13.0586 3.139 56.0013
369969 4.14611 17.9949 9.22857 24.6317 13.0586 3.139 56.0013
369973 4.10745 17.7558 9.39048 24.9404 12.9899 3.32802 56.1941
369984 3.94315 17.4688 9.4006 25.0465 13.0559 3.50039 55.8591
370000 3.94315 17.4688 9.4006 25.0465 13.0559 3.50039 55.8591
370004 3.88516 17.0765 9.45119 25.0369 12.9744 3.65909 55.4498
370014 3.78852 16.7595 9.39048 24.9308 12.9905 3.76529 54.8692
370031 3.78852 16.7595 9.39048 24.9308 12.9905 3.76529 54.8692
370039 3.67254 16.3746 9.46131 24.9501 12.9414 3.95645 54.4586
370044 3.67254 16.3746 9.46131 24.9501 12.9414 3.95645 54.4586
370060 3.59522 16.1149 9.38036 24.9694 12.9989 4.06206 54.0598
370065 3.5469 15.9994 9.44107 24.8922 12.9472 4.11665 53.8796
370075 3.5469 15.9994 9.44107 24.8922 12.9472 4.11665 53.8796
370092 3.45992 15.8744 9.5119 24.9404 12.9414 4.21611 53.7866
370096 3.45992 15.8744 9.5119 24.9404 12.9414 4.21611 53.7866
370105 3.42126 15.807 9.57262 25.0948 12.9453 4.29695 53.8957
370121 3.45992 15.8166 9.6131 25.2588 12.9285 4.32016 54.1484
370125 3.45992 15.8166 9.6131 25.2588 12.9285 4.32016 54.1484
370152 3.45026 15.9225 9.65357 25.3649 12.9541 4.31479 54.3912
370153 3.47925 15.9225 9.71429 25.4325 12.9066 4.32965 54.5485
370156 3.47925 15.9225 9.71429 25.4325 12.9066 4.32965 54.5485
370183 3.43093 15.9513 9.71429 25.4325 12.9466 4.33654 54.529
370184 3.43093 15.9513 9.71429 25.4325 12.9466 4.33654 54.529
370186 3.3826 15.7301 9.73452 25.4228 12.9149 4.43468 54.27
370196 3.66288 15.6627 9.9369 25.3553 12.55 4.385 54.6178
370214 3.66288 15.6627 9.9369 25.3553 12.55 4.385 54.6178
370225 4.18476 15.4895 10.119 24.9983 11.9471 4.22776 54.7916
370229 4.90961 15.3548 10.3012 24.651 11.2262 3.99003 55.2166
370244 4.90961 15.3548 10.3012 24.651 11.2262 3.99003 55.2166
370256 5.69244 15.0758 10.8173 24.1396 10.1865 3.81926 55.7251
370276 6.47527 14.6525 11.5964 23.4546 8.91591 3.71757 56.1788
370284 7.01649 14.0464 12.4161 22.6056 7.67565 3.73331 56.0845
370289 7.01649 14.0464 12.4161 22.6056 7.67565 3.73331 56.0845
370308 7.52871 13.3537 13.0333 21.6215 6.48805 3.71977 55.5372
370310 7.85731 12.584 13.4381 20.5409 5.43433 3.73141 54.4203
370340 8.01194 11.824 13.7619 19.5568 4.51838 3.80477 53.1546
370342 8.01194 11.824 13.7619 19.5568 4.51838 3.80477 53.1546
370349 8.04093 11.1794 14.278 18.7946 3.6597 3.97345 52.2929
370372 8.22456 10.6214 15.0673 18.3893 2.73357 4.19023 52.3025
370375 8.22456 10.6214 15.0673 18.3893 2.73357 4.19023 52.3025
370379 8.34053 10.1404 16.1298 17.9745 1.73267 4.45659 52.5851
370404 8.55315 9.61121 17.2729 17.7333 0.713938 4.75126 53.1705
370405 8.55315 9.61121 17.2729 17.7333 0.713938 4.75126 53.1705
370410 8.76578 9.22637 18.5464 17.5114 -0.265692 5.01359 54.0499
370420 8.76578 9.22637 18.5464 17.5114 -0.265692 5.01359 54.0499
370436 8.88175 8.88964 19.8704 17.357 -1.1389 5.30629 54.9988
370440 9.03638 8.48557 21.0529 16.9516 -2.09456 5.53319 55.5265
370450 9.03638 8.48557 21.0529 16.9516 -2.09456 5.53319 55.5265
370473 9.19102 8.16808 21.9727 16.2836 -3.01715 5.63617 55.6153
370476 9.4133 7.82173 22.8924 15.422 -4.07834 5.69205 55.5494
370500 9.7129 7.59083 23.9334 14.299 -5.29228 5.65271 55.5361
370518 10.0318 7.32145 24.8633 13.0598 -6.56422 5.58189 55.2763
370535 10.3024 7.05207 25.7426 11.8593 -7.79418 5.5264 54.9564
370536 10.3024 7.05207 25.7426 11.8593 -7.79418 5.5264 54.9564
370546 10.4861 6.75382 26.8038 10.8138 -8.98796 5.57199 54.8575
370552 10.747 6.44595 28.0874 10.1071 -10.0571 5.68761 55.3874
370578 10.979 6.15733 29.6136 9.83599 -10.8681 5.91489 56.5858
370583 10.979 6.15733 29.6136 9.83599 -10.8681 5.91489 56.5858
370603 11.2496 5.59932 31.0386 9.70046 -11.7162 6.22271 57.588
370605 11.2689 4.91624 32.2919 9.89408 -12.3137 6.6816 58.3711
370637 11.2399 4.05999 33.4744 10.0587 -13.0011 7.19831 58.833
370641 11.3269 3.12677 34 10.1167 -13.6944 7.59678 58.5704
370650 11.3269 3.12677 34 10.1167 -13.6944 7.59678 58.5704
370671 11.2689 2.37634 34 9.98121 -14.2779 7.89636 57.6265
370672 11.2689 2.37634 34 9.98121 -14.2779 7.89636 57.6265
370674 11.2496 1.72213 34 9.79727 -14.8541 8.145 56.769
370684 11.3366 1.27957 34 9.61333 -15.3139 8.26894 56.2295
370703 11.3366 1.27957 34 9.61333 -15.3139 8.26894 56.2295
370705 11.5298 1.03905 33.8686 9.34226 -15.6944 8.24008 55.7798
370718 11.7425 1.11602 33.5149 9.28417 -15.657 8.06914 55.6575
370736 11.7425 1.11602 33.5149 9.28417 -15.657 8.06914 55.6575
370737 11.9358 1.12564 32.9388 8.95501 -15.8283 7.86979 54.9552
370745 12.274 1.12564 32.4536 8.95501 -15.8037 7.66553 54.8083
370770 12.274 1.16412 32.4536 8.69362 -15.9703 7.61443 54.5854
370772 12.5736 1.26995 31.8573 8.52904 -15.9653 7.34174 54.2299
370776 12.5736 1.26995 31.8573 8.52904 -15.9653 7.34174 54.2299
370786 12.8636 1.32767 31.3924 8.28702 -16.0761 7.09705 53.8706
370802 13.0279 1.40464 30.9982 8.13212 -16.0976 6.9165 53.5628
370815 13.0279 1.40464 30.9982 8.13212 -16.0976 6.9165 53.5628
370816 13.3178 1.39502 30.5434 7.92882 -16.2345 6.70096 53.185
370836 13.4821 1.44312 30.1795 7.74487 -16.3074 6.52773 52.8496
370851 13.7044 1.49123 30.0987 7.64806 -16.3686 6.38935 52.9424
370870 13.7044 1.49123 30.0987 7.64806 -16.3686 6.38935 52.9424
370871 13.9363 1.58744 30.1088 7.69647 -16.2956 6.26718 53.329
370878 14.1296 1.59706 30.0785 7.61902 -16.3746 6.16879 53.4242
370902 14.1296 1.59706 30.0785 7.61902 -16.3746 6.16879 53.4242
370905 14.2553 1.58744 30.1593 7.63838 -16.4003 6.1395 53.6404
370907 14.2553 1.58744 30.1593 7.63838 -16.4003 6.1395 53.6404
370918 14.3326 1.56819 30.2705 7.60934 -16.4676 6.1302 53.7806
370935 14.3712 1.68364 30.3716 7.72551 -16.3123 6.10566 54.152
370939 14.3712 1.68364 30.3716 7.72551 -16.3123 6.10566 54.152
370949 14.4002 1.68364 30.3514 7.64806 -16.3728 6.07828 54.0833
370971 14.4196 1.76061 30.4524 7.75456 -16.2524 6.07501 54.3872
370973 14.4196 1.76061 30.4524 7.75456 -16.2524 6.07501 54.3872
370988 14.4775 2.08772 30.2301 7.87073 -15.8916 5.90921 54.6661
371005 14.4099 2.08772 30.038 7.95786 -15.7828 5.91766 54.4935
371006 14.4099 2.29938 30.038 7.95786 -15.625 5.83673 54.7052
371010 14.4002 2.73231 29.7955 8.06435 -15.1835 5.65368 54.9924
371032 14.4002 2.73231 29.7955 8.06435 -15.1835 5.65368 54.9924
371034 14.3036 3.22298 29.5529 8.21925 -14.6542 5.4917 55.2987
371040 14.12 3.67516 29.2699 8.28702 -14.1945 5.35531 55.352
371066 13.83 3.98302 28.9465 8.44191 -13.7458 5.31925 55.2014
371071 13.5594 4.42558 28.6736 8.73235 -13.1227 5.25924 55.3909
371088 13.5594 4.42558 28.6736 8.73235 -13.1227 5.25924 55.3909
371091 13.2501 4.81041 28.4512 9.32289 -12.3436 5.29606 55.8347
371101 13.2501 4.81041 28.4512 9.32289 -12.3436 5.29606 55.8347
371123 12.9022 5.1279 28.2794 10.1555 -11.4665 5.42056 56.465
371125 12.477 5.48387 27.7943 10.988 -10.4856 5.50414 56.7432
371133 12.477 5.48387 27.7943 10.988 -10.4856 5.50414 56.7432
371158 12.1291 5.79174 27.0969 11.4431 -9.73737 5.47792 56.4607
371159 11.6362 5.90719 26.157 11.6851 -9.11831 5.49748 55.3854
371163 11.6362 5.90719 26.157 11.6851 -9.11831 5.49748 55.3854
371173 11.2689 6.0996 25.2069 11.9368 -8.45655 5.44149 54.5122
371191 11.2689 6.0996 25.2069 11.9368 -8.45655 5.44149 54.5122
371193 10.7663 6.25354 24.3276 12.2175 -7.75826 5.46772 53.565
371208 10.4184 6.44595 23.6201 12.8662 -6.90075 5.51687 53.3506
371226 10.4184 6.44595 23.6201 12.8662 -6.90075 5.51687 53.3506
371228 10.0705 6.71534 23.044 13.7472 -5.90366 5.60091 53.577
371234 9.77089 6.96548 22.5993 14.8218 -4.88527 5.72904 54.1574
371256 9.77089 6.96548 22.5993 14.8218 -4.88527 5.72904 54.1574
371257 9.48096 7.30221 22.195 16.0803 -3.76575 5.85527 55.0585
371265 9.48096 7.30221 22.195 16.0803 -3.76575 5.85527 55.0585
371290 9.13303 7.59083 21.5077 17.0482 -2.71423 5.92407 55.2798
371291 8.83343 8.04301 20.7396 17.9938 -1.58976 5.89561 55.6098
371295 8.83343 8.04301 20.7396 17.9938 -1.58976 5.89561 55.6098
371305 8.61114 8.38936 19.5874 18.7077 -0.497986 5.77657 55.2956
371322 8.3502 8.8223 18.2533 19.441 0.756291 5.61043 54.8667
371330 8.3502 8.8223 18.2533 19.441 0.756291 5.61043 54.8667
371360 8.15691 9.26486 16.9393 20.2128 2.00714 5.42302 54.5739
371361 8.15691 9.26486 16.9393 20.2128 2.00714 5.42302 54.5739
371361 7.89596 9.67855 15.553 21.1776 3.41001 5.29124 54.3051
371366 7.49972 10.1019 14.3994 22.3837 4.86645 5.2905 54.3846
371393 7.49972 10.1019 14.3994 22.3837 4.86645 5.2905 54.3846
371395 7.14213 10.5252 13.2661 23.4064 6.22166 5.24619 54.3397
371397 6.63957 10.7946 12.4464 24.4869 7.44724 5.37984 54.3675
371407 6.63957 10.7946 12.4464 24.4869 7.44724 5.37984 54.3675
371428 6.195 11.0543 12.0113 25.6061 8.40862 5.56843 54.8668
371429 6.195 11.0543 12.0113 25.6061 8.40862 5.56843 54.8668
371439 5.7021 11.2756 11.7685 26.9472 9.31541 5.85472 55.6934
371467 5.20921 11.468 11.7988 28.2497 10.0086 6.18007 56.7258
371469 5.20921 11.468 11.7988 28.2497 10.0086 6.18007 56.7258
371470 4.64866 11.6027 11.7583 29.2242 10.6667 6.4816 57.2339
371480 3.86583 11.4295 11.8089 29.9864 11.2721 6.96259 57.0907
371501 3.86583 11.4295 11.8089 29.9864 11.2721 6.96259 57.0907
371503 2.99602 11.266 11.6976 30.5556 12.0003 7.4293 56.5152
371513 2.99602 11.266 11.6976 30.5556 12.0003 7.4293 56.5152
371536 2.39682 11.1313 11.7685 31.1152 12.4448 7.8057 56.4118
371537 1.70097 10.91 11.6976 31.5301 13.0024 8.2246 55.8387
371540 1.70097 10.91 11.6976 31.5301 13.0024 8.2246 55.8387
371550 1.2564 10.7753 11.728 31.8292 13.3211 8.50676 55.5889
371573 1.00512 10.631 11.7482 32.0607 13.4991 8.70397 55.4451
371574 1.00512 10.631 11.7482 32.0607 13.4991 8.70397 55.4451
371581 0.976123 10.5059 11.819 32.1572 13.4642 8.78881 55.4583
371607 0.985787 10.4386 11.7179 32.0511 13.4917 8.79034 55.1933
371608 0.985787 10.4386 11.7179 32.0511 13.4917 8.79034 55.1933
371611 1.00512 10.3616 11.7077 31.8967 13.4368 8.79671 54.9712
371621 1.00512 10.3616 11.7077 31.8967 13.4368 8.79671 54.9712
371642 0.985787 10.2943 11.6774 31.7809 13.433 8.81783 54.7384
371644 1.0631 10.1885 11.7077 31.6941 13.3165 8.82386 54.6534
371656 1.0631 10.1885 11.7077 31.6941 13.3165 8.82386 54.6534
371677 1.04377 10.1788 11.7077 31.6844 13.326 8.8354 54.6148
371679 1.04377 10.1788 11.8292 31.6844 13.2409 8.84908 54.7362
371686 1.03411 10.2366 11.8292 31.7906 13.2828 8.84009 54.8904
371692 1.15009 10.2366 11.8494 31.8002 13.1901 8.7932 55.0363
371713 1.15009 10.2366 11.8494 31.8002 13.1901 8.7932 55.0363
371714 1.21774 10.2269 11.6774 31.5204 13.2005 8.71661 54.6425
371747 1.20807 10.2847 11.556 31.0187 13.1962 8.62311 54.0674
371748 1.20807 10.2847 11.556 31.0187 13.1962 8.62311 54.0674
371749 1.29505 10.3809 11.4345 30.5942 13.1485 8.4777 53.7047
371760 1.32405 10.3809 11.3131 30.5942 13.2143 8.45023 53.6122
371781 1.32405 10.5252 11.3131 30.2179 13.1631 8.34067 53.3803
371781 1.44969 10.708 11.1411 29.9188 13.1705 8.14644 53.2176
371784 1.44969 10.708 11.1411 29.9188 13.1705 8.14644 53.2176
371794 1.45935 10.9196 11.1208 29.7741 13.1929 8.02906 53.2739
371817 1.49801 11.1409 10.9185 29.6487 13.3317 7.8736 53.2061
371819 1.49801 11.1409 10.9185 29.6487 13.3317 7.8736 53.2061
371825 1.62365 11.3718 10.9893 29.5426 13.2182 7.71654 53.5273
371854 1.93292 11.5161 11.0702 29.4461 12.9523 7.52351 53.9654
