381307 10.834 22.5965 23.0036 26.8314 4.68093 2.95521 83.2655
381313 11.5105 21.4676 21.6998 20.1356 2.80464 1.77586 74.8136
381335 12.4093 20.3101 23.2562 17.9359 0.872791 1.7195 73.9115
381354 13.1728 18.7698 26.2681 17.9262 -0.901301 2.41375 76.137
381364 13.5304 16.5959 28.8757 17.7429 -2.62797 3.22346 76.745
381372 13.5304 16.5959 28.8757 17.7429 -2.62797 3.22346 76.745
381380 13.4628 13.4884 31.8472 17.4631 -4.70698 4.39786 76.2615
381392 13.3081 9.67855 33.9293 16.6321 -7.11328 5.62381 73.548
381400 13.3081 9.67855 33.9293 16.6321 -7.11328 5.62381 73.548
381413 13.3661 6.14771 34 15.9932 -9.07292 6.57761 69.507
381420 13.3661 6.14771 34 15.9932 -9.07292 6.57761 69.507
381430 13.5884 4.05037 34 16.303 -10.0215 7.21152 67.9417
381440 14.2166 3.50198 34 16.7386 -10.2166 7.23518 68.4572
381454 14.2166 3.50198 34 16.7386 -10.2166 7.23518 68.4572
381461 14.8158 3.6944 34 16.8935 -10.168 6.9989 69.4037
381472 15.0574 3.67516 34 16.6902 -10.3324 6.905 69.4228
381481 15.0574 3.67516 34 16.6902 -10.3324 6.905 69.4228
381494 14.9414 3.64629 34 16.2933 -10.5261 6.90442 68.881
381501 14.6225 3.54046 34 15.5478 -10.9045 6.9527 67.7108
381516 14.6225 3.54046 34 15.5478 -10.9045 6.9527 67.7108
381522 14.2553 3.39615 34 15.0347 -11.1809 7.05918 66.6861
381532 14.2553 3.39615 34 15.0347 -11.1809 7.05918 66.6861
381542 13.8493 3.21336 34 14.6669 -11.3987 7.21231 65.7296
381561 13.5208 3.07866 34 14.4539 -11.5245 7.34501 65.0533
381564 13.5208 3.07866 34 14.4539 -11.5245 7.34501 65.0533
381572 13.2405 2.94397 34 14.512 -11.5093 7.4952 64.6964
381590 13.2405 2.94397 34 14.512 -11.5093 7.4952 64.6964
381592 13.1245 2.90549 34 14.4829 -11.5233 7.54568 64.5129
381602 13.2018 2.93435 34 14.4636 -11.5341 7.50639 64.5997
381618 13.2018 2.93435 34 14.4636 -11.5341 7.50639 64.5997
381623 13.3854 2.97284 34 14.328 -11.6271 7.41341 64.6863
381633 13.5594 2.97284 34 14.2796 -11.6904 7.34759 64.8119
381644 13.5594 2.97284 34 14.2796 -11.6904 7.34759 64.8119
381654 13.859 3.02094 34 14.1441 -11.801 7.21213 65.024
381672 14.12 3.14601 34 13.9698 -11.8816 7.0599 65.2358
381691 14.5355 3.2326 34 13.7665 -12.0304 6.86623 65.5346
381703 14.5355 3.2326 34 13.7665 -12.0304 6.86623 65.5346
381710 14.9994 3.34805 34 13.5535 -12.1765 6.64771 65.901
381716 15.6373 3.56933 34 13.205 -12.3709 6.32383 66.4116
381726 15.6373 3.56933 34 13.205 -12.3709 6.32383 66.4116
381736 16.3138 3.7425 34 12.8662 -12.5911 6.00916 66.9225
381746 17.0289 3.89643 34 12.5951 -12.7877 5.70268 67.5204
381756 17.0289 3.89643 34 12.5951 -12.7877 5.70268 67.5204
381766 17.6927 4.1562 34 12.4305 -12.8538 5.40023 68.2794
381776 17.6927 4.1562 34 12.4305 -12.8538 5.40023 68.2794
381791 18.2507 4.29089 34 12.6048 -12.7827 5.22005 69.1464
381797 19.2801 6.18619 34 13.0985 -11.7121 4.47163 72.5648
381807 19.2801 6.18619 34 13.0985 -11.7121 4.47163 72.5648
381817 20.1171 8.26429 34 13.7956 -10.5207 3.82283 76.177
381827 20.6848 10.5348 31.9483 13.8149 -9.18495 2.83381 76.9828
381837 20.6848 10.5348 31.9483 13.8149 -9.18495 2.83381 76.9828
381848 21.2043 13.1228 28.7241 13.5632 -7.58422 1.5585 76.6145
381862 21.2043 13.1228 28.7241 13.5632 -7.58422 1.5585 76.6145
381869 21.5122 15.4895 26.9756 17.2894 -4.83249 1.34065 81.2668
381878 21.3871 17.6505 24.2669 19.605 -2.53243 0.874624 82.9096
381889 21.3871 17.6505 24.2669 19.605 -2.53243 0.874624 82.9096
381898 19.7708 18.1097 19.6784 17.849 -1.15717 -0.0702444 75.4079
381909 17.5484 18.148 16.7571 17.7236 0.557905 -0.259836 70.1771
381918 17.5484 18.148 16.7571 17.7236 0.557905 -0.259836 70.1771
381929 15.3764 18.2724 14.7232 18.563 2.5158 -0.0812379 66.9349
381943 15.3764 18.2724 14.7232 18.563 2.5158 -0.0812379 66.9349
381952 13.3468 18.5307 13.8125 20.7917 4.57385 0.615227 66.4817
381972 11.1916 19.009 13.6911 24.3712 6.77437 1.72751 68.2628
381974 11.1916 19.009 13.6911 24.3712 6.77437 1.72751 68.2628
381980 8.91074 19.5256 13.3571 27.9989 9.04704 2.77673 69.7924
381992 6.45594 20.1092 13.1548 31.3854 11.2101 3.79192 71.1052
382001 6.45594 20.1092 13.1548 31.3854 11.2101 3.79192 71.1052
382012 4.92894 20.9319 13.6607 34 12.3577 4.44765 73.5216
382021 4.92894 20.9319 13.6607 34 12.3577 4.44765 73.5216
382040 4.99659 21.812 14.4399 34 12.0851 4.31196 75.2485
382042 5.18988 22.2617 14.5917 34 11.9932 4.17002 76.0432
382054 5.18988 22.2617 14.5917 34 11.9932 4.17002 76.0432
382070 5.14156 21.8694 14.2577 34 12.1133 4.23417 75.2687
382071 4.79363 21.0276 13.6607 34 12.4429 4.45814 73.4819
382085 4.79363 21.0276 13.6607 34 12.4429 4.45814 73.4819
382091 4.5037 20.1187 12.922 32.3309 12.5309 4.4287 69.8753
382101 4.5037 20.1187 12.922 32.3309 12.5309 4.4287 69.8753
382111 4.22342 19.2099 12.1935 30.9222 12.6656 4.43636 66.549
382121 4.02047 18.5976 12.0315 30.3048 12.6436 4.55355 64.9544
382131 4.02047 18.5976 12.0315 30.3048 12.6436 4.55355 64.9544
382142 4.07845 18.3585 12.2643 30.4784 12.4633 4.67304 65.1796
382151 4.06879 18.3967 12.6893 31.1152 12.3562 4.83001 66.27
382168 4.06879 18.3967 12.6893 31.1152 12.3562 4.83001 66.27
382172 4.24275 18.6168 13.0637 31.723 12.2081 4.86218 67.6463
382185 4.24275 18.6168 13.0637 31.723 12.2081 4.86218 67.6463
382193 4.38772 18.9516 13.1446 31.9064 12.1821 4.76201 68.3903
382204 4.49403 19.1621 13.2256 32.0221 12.1418 4.70038 68.9038
382212 4.49403 19.1621 13.2256 32.0221 12.1418 4.70038 68.9038
382226 4.67766 19.363 13.2762 32.1669 12.0805 4.62031 69.4837
382237 4.65833 19.4012 13.3571 32.2247 12.0656 4.63567 69.6415
382248 4.65833 19.4012 13.3571 32.2247 12.0656 4.63567 69.6415
382253 4.58101 19.3438 13.4482 32.2826 12.0583 4.69581 69.6557
382280 4.56168 19.296 13.3673 32.273 12.1011 4.70141 69.4979
382290 4.61967 19.3247 13.2661 32.1283 12.1026 4.64026 69.3387
382296 4.61967 19.3247 13.2661 32.1283 12.1026 4.64026 69.3387
382305 4.68732 19.5352 13.1952 31.8967 12.1004 4.51626 69.3144
382315 4.76464 19.9083 13.003 31.559 12.1686 4.30905 69.2349
382325 4.76464 19.9083 13.003 31.559 12.1686 4.30905 69.2349
382336 4.83229 20.224 12.75 31.1442 12.25 4.09814 68.9504
382345 4.83229 20.224 12.75 31.1442 12.25 4.09814 68.9504
382357 4.89994 20.6066 12.8613 30.5074 12.1062 3.8901 68.8753
382370 6.61057 21.5442 12.8815 29.4557 11.1742 3.0179 70.492
382379 6.61057 21.5442 12.8815 29.4557 11.1742 3.0179 70.492
382386 8.29221 22.2234 13.1143 27.1305 9.87397 2.06242 70.7604
382405 10.5344 22.8931 18.1623 26.2526 6.56742 2.11724 77.8423
382407 10.5344 22.8931 18.1623 26.2526 6.56742 2.11724 77.8423
382416 13.6464 24.1367 21.2449 23.6958 3.91097 1.29786 82.7239
382435 13.6464 24.1367 21.2449 23.6958 3.91097 1.29786 82.7239
382444 14.3906 23.0653 18.9405 16.9226 2.26978 -0.325853 73.3189
382447 15.9272 22.453 19.8805 14.2215 0.298971 -0.885366 72.4823
382457 15.9272 22.453 19.8805 14.2215 0.298971 -0.885366 72.4823
382467 17.356 21.7546 23.2259 14.6572 -1.35403 -0.239146 76.9937
382477 18.2796 20.4918 25.5606 14.8218 -2.69305 0.305291 79.1538
382487 18.2796 20.4918 25.5606 14.8218 -2.69305 0.305291 79.1538
382497 18.3565 18.2245 27.6427 14.7153 -4.13592 1.09772 78.939
382512 18.3565 18.2245 27.6427 14.7153 -4.13592 1.09772 78.939
382517 18.1256 14.9796 29.6439 14.3764 -5.96866 2.12284 77.1256
382536 17.5676 11.2564 31.3317 13.9892 -7.97554 3.33744 74.1449
382540 17.5676 11.2564 31.3317 13.9892 -7.97554 3.33744 74.1449
382551 17.1636 7.92756 33.1106 13.8827 -9.87172 4.55761 72.0844
382558 17.2309 5.85908 34 14.2796 -10.8913 5.2942 71.3696
382572 17.2309 5.85908 34 14.2796 -10.8913 5.2942 71.3696
382578 17.5195 4.78155 34 14.7153 -11.273 5.57918 71.0163
382588 17.5195 4.78155 34 14.7153 -11.273 5.57918 71.0163
382607 17.9909 4.52179 34 14.967 -11.3676 5.55142 71.4797
382609 18.3084 4.65648 34 14.8605 -11.4136 5.40802 71.8254
382618 18.3084 4.65648 34 14.8605 -11.4136 5.40802 71.8254
382639 18.2988 4.65648 34 14.3861 -11.6539 5.347 71.3414
382641 18.0679 4.50255 34 13.844 -11.9725 5.38388 70.4144
382650 18.0679 4.50255 34 13.844 -11.9725 5.38388 70.4144
382662 17.7119 4.31013 34 13.2147 -12.3443 5.45793 69.2368
382670 17.7119 4.31013 34 13.2147 -12.3443 5.45793 69.2368
382680 17.4907 4.13696 33.1106 12.8371 -12.4406 5.39844 67.5753
382695 17.2501 4.11771 32.3526 12.4402 -12.4866 5.31092 66.1606
382712 17.2982 4.02151 31.9988 12.111 -12.6718 5.22472 65.4296
382721 17.3848 4.02151 31.635 11.8593 -12.7653 5.10503 64.9006
382731 17.3848 4.02151 31.635 11.8593 -12.7653 5.10503 64.9006
382741 17.6735 4.2043 31.544 11.6173 -12.8368 4.90864 65.0391
382760 17.6735 4.2043 31.544 11.6173 -12.8368 4.90864 65.0391
382768 18.0006 4.22354 31.453 11.4624 -12.9597 4.76469 65.1396
382777 18.3758 4.27165 31.5339 11.5205 -12.982 4.659 65.7018
382786 18.3758 4.27165 31.5339 11.5205 -12.982 4.659 65.7018
382797 18.828 4.41596 31.6552 11.3559 -13.0976 4.47525 66.255
382805 19.3475 4.47368 31.6451 11.3462 -13.1609 4.30387 66.8125
382818 19.3475 4.47368 31.6451 11.3462 -13.1609 4.30387 66.8125
382822 19.8862 4.65648 31.7057 11.2688 -13.2065 4.09491 67.5172
382841 19.8862 4.65648 31.7057 11.2688 -13.2065 4.09491 67.5172
382842 20.3673 4.79117 31.5945 11.0655 -13.3095 3.87097 67.8185
382853 20.8002 4.87776 31.3722 10.9203 -13.3787 3.66655 67.9704
382863 20.8002 4.87776 31.3722 10.9203 -13.3787 3.66655 67.9704
382873 21.2813 4.98359 31.2105 10.7751 -13.4553 3.45507 68.2504
382884 21.6853 5.10866 30.9174 10.4749 -13.5728 3.21141 68.1863
382893 21.6853 5.10866 30.9174 10.4749 -13.5728 3.21141 68.1863
382907 22.1087 5.20487 30.7253 10.4169 -13.5899 3.03013 68.4557
382915 22.1087 5.20487 30.7253 10.4169 -13.5899 3.03013 68.4557
382927 23.1573 7.10979 30.5838 10.8815 -12.4594 2.34167 71.7325
382935 24.3311 9.87097 29.9269 11.6076 -10.8202 1.45223 75.7365
382945 24.3311 9.87097 29.9269 11.6076 -10.8202 1.45223 75.7365
382955 24.9564 12.3243 27.9055 12.1401 -9.18107 0.536336 77.3263
382967 25.7165 16.0475 24.1153 11.4431 -7.2234 -1.20385 77.3224
382976 25.7165 16.0475 24.1153 11.4431 -7.2234 -1.20385 77.3224
382986 26.0724 18.9516 19.6784 10.5233 -5.409 -2.95557 75.2257
382996 25.6395 20.4918 15.978 10.8912 -3.50491 -3.95794 73.0005
383006 25.6395 20.4918 15.978 10.8912 -3.50491 -3.95794 73.0005
383023 24.9179 22.3191 15.9881 16.3804 -0.692962 -2.80166 79.6055
383029 24.9179 22.3191 15.9881 16.3804 -0.692962 -2.80166 79.6055
383043 23.4075 23.2279 14.9863 19.1419 1.23076 -2.32293 80.7636
383047 20.6078 23.1992 12.9423 19.3445 2.95478 -2.27094 76.0938
383057 20.6078 23.1992 12.9423 19.3445 2.95478 -2.27094 76.0938
383067 17.3752 22.8261 11.6875 20.8014 5.00919 -1.59151 72.6902
383077 13.946 22.7591 10.9994 23.1459 7.39573 -0.541959 70.8504
383092 13.946 22.7591 10.9994 23.1459 7.39573 -0.541959 70.8504
383098 10.6504 22.8548 10.878 25.8377 9.67097 0.685796 70.2208
383112 10.6504 22.8548 10.878 25.8377 9.67097 0.685796 70.2208
383127 7.87663 23.094 11.222 28.7611 11.5415 1.90529 70.9537
383135 5.96305 23.534 12.0113 31.2889 12.6545 2.84415 72.7973
383141 5.96305 23.534 12.0113 31.2889 12.6545 2.84415 72.7973
383150 5.88573 24.242 12.8208 32.9966 12.6842 3.09889 75.9451
383169 6.01137 24.4907 13.0738 33.5272 12.6236 3.13197 77.1031
383170 6.01137 24.4907 13.0738 33.5272 12.6236 3.13197 77.1031
383181 6.00171 24.1846 12.9827 33.1896 12.5689 3.14032 76.3586
383190 6.00171 24.1846 12.9827 33.1896 12.5689 3.14032 76.3586
383204 5.63445 23.2949 12.6893 32.2633 12.5993 3.25315 73.882
383210 5.35418 22.3478 12.1833 30.9994 12.6296 3.27591 70.8847
383220 5.35418 22.3478 12.1833 30.9994 12.6296 3.27591 70.8847
383232 5.11256 21.3241 11.5964 29.6294 12.6527 3.27857 67.6625
383241 4.8033 20.4249 11.3333 28.8383 12.6631 3.4274 65.3998
383260 4.8033 20.4249 11.3333 28.8383 12.6631 3.4274 65.3998
383263 4.61001 19.8317 11.303 28.6646 12.647 3.61574 64.4093
383271 4.61001 19.8317 11.303 28.6646 12.647 3.61574 64.4093
383281 4.55202 19.4778 11.5357 28.9347 12.5289 3.82339 64.5002
383291 4.48437 19.3247 11.9101 29.6101 12.4524 4.06659 65.3293
383301 4.48437 19.3247 11.9101 29.6101 12.4524 4.06659 65.3293
383311 4.49403 19.516 12.153 30.2276 12.4628 4.15055 66.3906
383322 4.61001 19.6404 12.3958 30.6425 12.3635 4.18819 67.2887
383331 4.61001 19.6404 12.3958 30.6425 12.3635 4.18819 67.2887
383345 4.76464 19.8891 12.4464 30.9126 12.3472 4.12538 68.0128
383352 4.76464 19.8891 12.4464 30.9126 12.3472 4.12538 68.0128
383369 4.83229 20.0805 12.5274 30.9801 12.3139 4.07659 68.4203
383372 4.85162 20.4057 12.4869 30.9222 12.3748 3.9652 68.6665
383382 4.85162 20.4057 12.4869 30.9222 12.3748 3.9652 68.6665
383393 5.08357 20.7406 12.3756 30.7003 12.3301 3.75583 68.9001
383402 5.14156 21.1806 12.153 30.4109 12.447 3.53664 68.8861
383417 5.14156 21.1806 12.153 30.4109 12.447 3.53664 68.8861
383423 5.37351 21.659 12.0315 30.1022 12.4179 3.27499 69.1662
383433 5.37351 21.659 12.0315 30.1022 12.4179 3.27499 69.1662
383446 5.52814 22.0225 11.8798 29.7548 12.4194 3.05353 69.1852
383455 5.59579 22.3669 11.7887 29.4171 12.4332 2.87193 69.1685
383465 5.59579 22.3669 11.7887 29.4171 12.4332 2.87193 69.1685
383475 5.72143 22.7209 11.5762 29.0795 12.4833 2.65131 69.098
383493 6.30131 23.2088 12.325 28.5874 11.7753 2.42869 70.4225
383495 6.30131 23.2088 12.325 28.5874 11.7753 2.42869 70.4225
383505 9.30699 24.4046 12.7601 27.2946 10.0425 1.28983 73.7663
383525 9.30699 24.4046 12.7601 27.2946 10.0425 1.28983 73.7663
383527 11.9068 25.0838 13.1345 24.2361 8.1624 0.076654 74.3612
383538 14.6032 25.3708 18.7586 22.0074 4.33998 0.147132 80.74
383546 14.6032 25.3708 18.7586 22.0074 4.33998 0.147132 80.74
383561 18.0102 25.8109 20.8508 17.9166 1.47313 -0.917881 82.5884
383566 18.9626 24.1941 19.5065 12.6435 -0.54163 -2.19238 75.3068
383585 18.9626 24.1941 19.5065 12.6435 -0.54163 -2.19238 75.3068
383588 20.5116 22.8548 20.9822 11.5011 -2.35262 -2.15224 75.8497
383597 21.6565 20.7884 23.5089 11.2301 -4.25831 -1.49757 77.1839
383608 21.6565 20.7884 23.5089 11.2301 -4.25831 -1.49757 77.1839
383617 21.8874 17.9758 25.7122 10.959 -6.09687 -0.625589 76.5344
383632 21.8874 17.9758 25.7122 10.959 -6.09687 -0.625589 76.5344
383637 21.7238 14.2869 28.5018 10.8912 -8.30444 0.67283 75.4038
383647 21.2813 10.4771 30.6243 10.6202 -10.5504 1.94912 73.0028
383661 21.2813 10.4771 30.6243 10.6202 -10.5504 1.94912 73.0028
383670 21.1658 7.41766 32.6558 10.7267 -12.3938 3.08457 71.9659
383682 21.2909 5.67629 34 11.1139 -13.3533 3.77631 72.0811
383688 21.2909 5.67629 34 11.1139 -13.3533 3.77631 72.0811
383698 21.6565 4.67572 34 11.4237 -13.7818 3.99092 71.7559
383708 21.6565 4.67572 34 11.4237 -13.7818 3.99092 71.7559
383718 22.0221 4.47368 34 11.5205 -13.8954 3.96259 72.0163
383729 22.3011 4.50255 34 11.5108 -13.928 3.88039 72.3144
383738 22.3011 4.50255 34 11.5108 -13.928 3.88039 72.3144
383757 22.176 4.45444 34 11.1236 -14.1448 3.86594 71.754
383761 21.7527 4.45444 34 10.6879 -14.3206 3.91017 70.8951
383770 21.7527 4.3871 34 10.6879 -14.358 3.92815 70.8277
383781 21.2909 4.2043 33.0904 10.2426 -14.5051 3.88746 68.8282
383790 21.2909 4.2043 33.0904 10.2426 -14.5051 3.88746 68.8282
383806 20.6848 4.09847 32.393 10.0103 -14.5003 3.93382 67.1865
383811 20.3384 3.98302 32.1302 9.98121 -14.49 4.01683 66.4329
383821 20.3384 3.98302 32.1302 9.98121 -14.49 4.01683 66.4329
383831 19.9151 3.89643 32.1807 10.049 -14.4419 4.18333 66.0413
383841 19.5591 3.81947 32.3424 10.1748 -14.3815 4.35657 65.8959
383860 19.5591 3.81947 32.3424 10.1748 -14.3815 4.35657 65.8959
383868 19.2898 3.78098 32.6457 10.3878 -14.283 4.52983 66.1042
383880 19.2898 3.78098 32.6457 10.3878 -14.283 4.52983 66.1042
383886 18.953 3.72326 33.0095 10.6686 -14.1553 4.74764 66.3544
383895 18.7029 3.67516 33.4947 10.9009 -14.0855 4.94601 66.7736
383905 18.7029 3.67516 33.4947 10.9009 -14.0855 4.94601 66.7736
383914 18.3277 3.67516 33.9798 11.1429 -13.9624 5.16641 67.1256
383929 18.116 3.59819 34 11.5011 -13.7679 5.30837 67.2153
383942 18.116 3.59819 34 11.5011 -13.7679 5.30837 67.2153
383945 17.7408 3.53084 34 11.7528 -13.5984 5.47886 67.0245
383954 17.7408 3.53084 34 11.7528 -13.5984 5.47886 67.0245
383967 17.3656 3.41539 34 12.1207 -13.3888 5.68141 66.9017
383977 17.1058 3.44426 34 12.4112 -13.1608 5.79314 66.9613
383989 17.1058 3.44426 34 12.4112 -13.1608 5.79314 66.9613
384003 16.7777 3.31919 34 12.6532 -13.0357 5.9677 66.7501
384007 16.5844 3.30956 34 12.7887 -12.9292 6.04986 66.6827
384015 16.5844 3.30956 34 12.7887 -12.9292 6.04986 66.6827
384027 16.5168 3.22298 34 13.2825 -12.6866 6.16424 67.0222
384035 16.5168 3.22298 34 13.2825 -12.6866 6.16424 67.0222
384051 17.5388 5.67629 34 13.9698 -11.2006 5.2163 71.1849
384060 18.3662 8.31239 34 15.0057 -9.59515 4.42506 75.6842
384077 18.9049 10.4963 34 15.209 -8.65015 3.77961 78.6102
384086 19.4533 13.1132 30.8567 15.5866 -6.83785 2.63451 79.0098
384101 19.4533 13.1132 30.8567 15.5866 -6.83785 2.63451 79.0098
384111 20.1845 15.6531 31.7663 25.0465 -3.03593 3.39588 92.6505
384126 20.1845 15.6531 31.7663 25.0465 -3.03593 3.39588 92.6505
384131 18.953 15.2586 23.9132 21.7469 -1.83441 2.15003 79.8717
384140 16.884 15.0758 16.7065 18.1095 -0.1517 0.641599 66.7759
384151 16.884 15.0758 16.7065 18.1095 -0.1517 0.641599 66.7759
384157 15.2797 14.8546 14.3994 18.8042 1.5708 0.726898 63.3379
384178 14.4389 15.5761 14.3387 21.3899 3.11378 1.30361 65.7436
384180 14.4389 15.5761 14.3387 21.3899 3.11378 1.30361 65.7436
384188 13.3854 16.1919 14.9863 24.8729 4.56999 2.22114 69.4365
384205 11.9841 16.1919 15.6036 28.4523 5.9034 3.29771 72.2318
384208 11.9841 16.7402 15.6036 28.4523 6.04728 3.15984 72.7802
384221 9.85787 17.2009 15.1482 30.7968 7.87343 3.88054 73.0038
384232 9.85787 17.2009 15.1482 30.7968 7.87343 3.88054 73.0038
384240 6.76521 17.3253 14.278 32.7072 10.1966 4.83175 71.0756
384258 4.25242 17.7271 14.2982 34 11.8019 5.61744 70.2777
384275 3.92382 18.5594 15.0268 34 11.7497 5.56781 71.51
384285 4.1751 19.2195 15.4113 34 11.5489 5.36016 72.8059
384292 4.1751 19.2195 15.4113 34 11.5489 5.36016 72.8059
384301 4.1751 19.4299 15.2292 34 11.6792 5.27722 72.8342
384327 4.00114 18.9994 14.6726 34 11.973 5.37273 71.6732
384338 3.81751 18.4541 13.8024 34 12.4277 5.46509 70.074
384341 3.81751 18.4541 13.8024 34 12.4277 5.46509 70.074
384351 3.67254 18.0236 13.0435 32.9773 12.6574 5.38814 67.7169
384366 3.56623 17.8036 12.4768 31.8678 12.7934 5.24422 65.7144
384372 3.56623 17.8036 12.4768 31.8678 12.7934 5.24422 65.7144
384387 3.66288 17.7653 12.3554 31.2985 12.6938 5.12253 65.0821
384392 3.66288 17.7653 12.3554 31.2985 12.6938 5.12253 65.0821
384402 3.74019 17.9949 12.3554 31.2889 12.6906 5.02661 65.3794
384417 3.82717 18.3202 12.6387 31.6266 12.6034 4.99556 66.4126
384424 3.82717 18.3202 12.6387 31.6266 12.6034 4.99556 66.4126
384433 3.95281 18.6072 12.7399 31.9739 12.5935 4.93961 67.2738
384443 4.04946 18.6742 12.8512 32.1572 12.5239 4.93521 67.732
384458 4.04946 18.6742 12.8512 32.1572 12.5239 4.93521 67.732
384463 4.13644 18.7794 13.0536 32.4563 12.4389 4.95297 68.4257
384473 4.13644 18.7794 13.0536 32.4563 12.4389 4.95297 68.4257
384488 4.09778 18.8464 13.0738 32.7168 12.5088 4.98579 68.7348
384498 4.07845 18.7507 13.3167 32.958 12.4138 5.08919 69.1038
384510 4.07845 18.7507 13.3167 32.958 12.4138 5.08919 69.1038
384515 4.00114 18.7698 13.256 33.0931 12.5166 5.11677 69.12
384525 4.07845 18.7603 13.2762 33.0545 12.455 5.09444 69.1694
384543 4.07845 18.7603 13.2762 33.0545 12.455 5.09444 69.1694
384546 4.12678 18.7316 13.347 33.0352 12.3818 5.09612 69.2406
384561 4.12678 18.7316 13.347 33.0352 12.3818 5.09612 69.2406
384565 4.07845 18.7603 13.2357 32.9291 12.4541 5.07062 69.0035
384575 4.08812 18.8464 13.2155 32.6396 12.4228 4.99798 68.7896
384603 4.20409 19.0664 14.2071 32.437 11.8331 5.01475 69.9146
384616 7.05514 20.1379 14.5714 31.3275 10.2059 3.83884 73.0919
384623 7.05514 20.1379 14.5714 31.3275 10.2059 3.83884 73.0919
384632 10.1865 21.0754 15.3 28.5006 8.02316 2.50565 75.0624
384651 12.8346 21.4581 18.6272 24.9597 4.801 1.79013 77.8796
384657 16.5071 22.166 26.157 23.4642 0.839856 1.85993 88.2943
384667 16.5071 22.166 26.157 23.4642 0.839856 1.85993 88.2943
384682 16.7004 20.7023 23.5696 15.9738 -1.16765 0.417305 76.9461
384692 17.3848 19.4395 24.3377 13.5729 -2.91367 0.218019 74.7349
384702 17.3848 19.4395 24.3377 13.5729 -2.91367 0.218019 74.7349
384707 17.9717 17.5166 27.3799 13.6019 -4.65315 1.07758 76.4701
384722 17.9717 17.5166 27.3799 13.6019 -4.65315 1.07758 76.4701
384728 17.6061 14.6718 30.1795 13.7278 -6.36151 2.28971 76.1852
384740 16.5651 10.7176 33.5452 14.1925 -8.39779 4.08988 75.0204
384748 16.5651 10.7176 33.5452 14.1925 -8.39779 4.08988 75.0204
384765 15.386 6.81154 34 14.4442 -9.95526 5.57318 70.6418
384768 14.6902 4.34861 34 15.1412 -10.7071 6.62271 68.18
384778 14.6902 4.34861 34 15.1412 -10.7071 6.62271 68.18
384792 14.3519 3.16525 34 15.9157 -10.8519 7.20685 67.4329
384803 14.3519 3.16525 34 15.9157 -10.8519 7.20685 67.4329
384817 14.2456 3.06904 34 16.6805 -10.4772 7.36065 67.9952
384823 14.091 3.04018 34 16.9322 -10.3281 7.44918 68.0634
384830 14.091 3.04018 34 16.9322 -10.3281 7.44918 68.0634
384843 13.6657 2.97284 34 16.6612 -10.413 7.58308 67.2997
384850 13.0665 2.79004 34 16.09 -10.6854 7.78663 65.9465
384871 13.0665 2.79004 34 16.09 -10.6854 7.78663 65.9465
384872 12.1677 2.54952 34 15.4704 -10.9631 8.12146 64.1876
384881 11.3076 2.28014 34 15.1025 -11.1361 8.49769 62.6902
384899 11.3076 2.28014 34 15.1025 -11.1361 8.49769 62.6902
384902 10.6794 2.06848 34 14.8411 -11.2722 8.79052 61.589
384911 10.6794 2.06848 34 14.8411 -11.2722 8.79052 61.589
384927 10.3991 1.97227 34 14.7733 -11.3066 8.93012 61.1447
384931 10.1575 2.00113 34 14.8992 -11.1604 9.02602 61.0578
384957 10.1575 2.00113 34 14.8992 -11.1604 9.02602 61.0578
384959 10.3701 1.96265 34 14.9282 -11.214 8.96056 61.261
384971 10.7084 2.06848 34 14.996 -11.1877 8.79493 61.7728
384972 10.7084 2.06848 34 14.996 -11.1877 8.79493 61.7728
384985 11.2206 2.23203 34 14.8992 -11.2624 8.5274 62.3518
385001 11.2206 2.23203 34 14.8992 -11.2624 8.5274 62.3518
385002 11.7811 2.41483 34 14.8314 -11.3184 8.24296 63.0274
385014 12.3127 2.54952 34 14.7733 -11.389 7.99345 63.6355
385023 12.3127 2.54952 34 14.7733 -11.389 7.99345 63.6355
385042 13.0182 2.73231 34 14.57 -11.5499 7.65374 64.3206
385044 13.743 2.95359 34 14.4248 -11.6569 7.30823 65.1215
385053 13.743 2.95359 34 14.4248 -11.6569 7.30823 65.1215
385066 14.4969 3.15563 34 14.2893 -11.7725 6.96905 65.9418
385073 14.4969 3.15563 34 14.2893 -11.7725 6.96905 65.9418
385083 15.1637 3.25184 34 14.0085 -12.0074 6.68273 66.4241
385095 15.8596 3.41539 34 13.7859 -12.1749 6.37724 67.0609
385103 15.8596 3.41539 34 13.7859 -12.1749 6.37724 67.0609
385124 16.3621 3.53084 34 13.5148 -12.3563 6.14658 67.4078
385128 16.3621 3.53084 34 13.5148 -12.3563 6.14658 67.4078
385135 16.942 3.82909 34 13.8536 -12.1164 5.9197 68.6247
385153 18.3469 6.29202 34 14.2699 -10.8989 4.86175 72.9089
385155 18.3469 6.29202 34 14.2699 -10.8989 4.86175 72.9089
385165 19.3763 8.79344 34 15.0347 -9.56815 4.05383 77.2045
385183 20.1941 11.2275 32.6356 14.7637 -8.5125 3.04062 78.8208
385185 20.1941 11.2275 32.6356 14.7637 -8.5125 3.04062 78.8208
385195 20.9157 13.6231 29.3508 14.2893 -7.14837 1.74625 78.1788
385210 20.9157 13.6231 30.7354 14.2893 -7.45905 1.9769 79.5635
385216 21.4256 15.4222 28.148 18.7656 -4.59216 1.8026 83.7614
385226 21.0215 16.3073 23.3977 18.4086 -3.06543 0.848717 79.1352
385252 19.7612 16.6344 17.8692 15.9254 -1.80601 -0.555843 70.1902
385267 18.4527 16.8557 15.5833 16.545 -0.235553 -0.707353 67.4368
385269 18.4527 16.8557 15.5833 16.545 -0.235553 -0.707353 67.4368
385277 17.1347 17.6218 14.6018 18.399 1.58077 -0.388687 67.7573
385296 15.4343 18.3011 14.2274 21.0426 3.50767 0.33357 69.0053
385313 13.2308 18.9325 13.9643 24.1975 5.66472 1.27945 70.3251
385326 13.2308 18.9325 13.9643 24.1975 5.66472 1.27945 70.3251
385327 10.2445 19.5447 13.1649 27.1498 8.30382 2.25212 70.1039
385355 6.88118 19.9274 12.922 30.2662 10.8542 3.51008 69.9968
385355 6.88118 19.9274 12.922 30.2662 10.8542 3.51008 69.9968
385363 5.00625 20.5779 13.7417 33.2185 12.0783 4.41991 72.5444
385384 5.21887 21.5633 14.4804 34 11.913 4.3245 75.2625
385386 5.21887 21.5633 14.4804 34 11.913 4.3245 75.2625
385390 5.28653 22.1851 14.531 34 11.9626 4.15629 76.0026
385427 5.30586 22.2617 14.0351 34 12.2088 4.06089 75.6026
385443 5.18022 22.0034 13.2155 33.286 12.5174 3.93253 73.6851
385451 4.86128 21.4963 12.2643 31.4722 12.7839 3.71904 70.0941
385452 4.62933 21.0945 11.5054 29.996 12.9995 3.52044 67.2253
385471 4.62933 21.0945 11.5054 29.996 12.9995 3.52044 67.2253
385473 4.61967 21.085 10.7869 28.7707 13.1964 3.18399 65.2623
385502 4.58101 21.2763 10.3518 28.2304 13.4133 2.96205 64.4395
385504 4.78397 21.6494 10.4226 28.1822 13.3095 2.80714 65.0382
385515 4.78397 21.6494 10.4226 28.1822 13.3095 2.80714 65.0382
385533 4.83229 21.9747 10.4327 28.3944 13.3711 2.74709 65.6341
385535 4.83229 21.9747 10.625 28.3944 13.259 2.78288 65.8264
385545 4.86128 22.1947 10.625 28.7032 13.3359 2.77299 66.3842
385551 4.9676 22.4052 10.6351 28.8768 13.3361 2.72241 66.8847
385571 4.9676 22.6826 10.544 29.147 13.4828 2.68205 67.3412
385581 5.06424 22.8931 10.7161 29.4557 13.4188 2.68927 68.1291
385596 5.06424 22.8931 10.7161 29.4557 13.4188 2.68927 68.1291
385601 5.12223 23.2088 10.7869 29.6969 13.4406 2.64903 68.8148
385611 5.12223 23.2088 10.9286 29.6969 13.3617 2.6744 68.9565
385628 5.1029 23.3905 10.9286 30.025 13.4578 2.69128 69.447
385632 5.18988 23.7445 10.9792 30.1986 13.4692 2.61939 70.1122
385655 5.18988 23.7445 10.9792 30.1986 13.4692 2.61939 70.1122
385656 5.33485 24.1176 10.7869 30.1118 13.5419 2.44052 70.3512
385662 5.46049 24.5672 10.6756 29.9671 13.5836 2.25305 70.6704
385684 5.46049 24.5672 10.6756 29.9671 13.5836 2.25305 70.6704
385687 5.53781 24.969 10.5643 29.7259 13.628 2.07282 70.797
385715 5.66344 25.3326 10.3923 29.2338 13.6327 1.83301 70.6221
385721 5.7021 25.61 11.0399 28.7997 13.235 1.79773 71.1517
385730 5.7021 25.61 11.0399 28.7997 13.235 1.79773 71.1517
385745 7.87663 26.5093 11.4345 27.9796 11.9166 1.02199 73.8
385747 10.2541 27.3799 12.1732 26.3008 10.2661 0.16556 76.108
385755 10.2541 27.3799 12.1732 26.3008 10.2661 0.16556 76.108
385773 12.0711 27.7243 13.6708 23.9563 8.37569 -0.42007 77.4225
385778 14.6032 28.1643 22.2556 24.7185 4.46392 0.703127 89.7417
385785 14.6032 28.1643 22.2556 24.7185 4.46392 0.703127 89.7417
385799 14.6998 27.4755 20.962 20.0585 3.56755 -0.208232 83.1958
385805 14.6998 27.4755 20.962 20.0585 3.56755 -0.208232 83.1958
385826 15.6373 26.3658 19.0214 16.1577 2.54749 -1.3262 77.1822
385827 15.7629 24.5003 19.7592 14.3183 1.10857 -1.2481 74.3408
385835 15.7629 24.5003 19.7592 14.3183 1.10857 -1.2481 74.3408
385860 15.5793 22.1277 21.0125 13.2534 -0.420517 -0.717175 71.973
385862 14.9028 21.3911 22.7105 12.5273 -1.29132 -0.221459 71.5317
385870 14.9028 18.942 22.7105 12.5273 -2.22338 0.30246 69.0826
385876 14.062 15.0181 25.6819 12.2369 -4.6601 1.97886 66.9989
385892 14.062 15.0181 25.6819 12.2369 -4.6601 1.97886 66.9989
385896 13.3468 10.7753 29.6742 12.3724 -7.50854 4.06337 66.1687
385924 12.9892 6.82117 34 13.2728 -10.0231 6.14068 67.0831
385928 13.2888 4.42558 34 15.0638 -10.4074 7.04184 66.7782
385937 13.9363 3.25184 34 16.4966 -10.4115 7.38166 67.6848
385954 13.9363 3.25184 34 16.4966 -10.4115 7.38166 67.6848
385957 14.6128 2.85739 34 17.1254 -10.4343 7.35947 68.5957
385967 14.6128 2.85739 34 17.1254 -10.4343 7.35947 68.5957
385983 15.0188 2.92473 34 16.9226 -10.5899 7.18331 68.866
385987 14.8931 2.86701 34 16.0706 -11.0405 7.1451 67.8307
385997 14.8931 2.86701 34 16.0706 -11.0405 7.1451 67.8307
386012 14.5549 2.75156 34 14.8605 -11.6912 7.15329 66.1669
386017 14.0426 2.60724 34 13.9214 -12.2012 7.26442 64.5713
386043 14.0426 2.60724 34 13.9214 -12.2012 7.26442 64.5713
386044 13.6077 2.53028 34 13.205 -12.5793 7.35685 63.343
386051 13.6077 2.53028 34 13.205 -12.5793 7.35685 63.343
386074 13.2791 2.47255 34 12.9243 -12.7171 7.46042 62.6759
386075 13.1922 2.51104 34 12.9146 -12.6827 7.47664 62.6178
386078 13.1922 2.51104 34 12.9146 -12.6827 7.47664 62.6178
386106 13.2791 2.50141 34 13.0598 -12.6185 7.46636 62.8403
386107 13.5014 2.61686 34 13.2147 -12.5013 7.36498 63.333
386115 13.5014 2.61686 34 13.2147 -12.5013 7.36498 63.333
386120 13.6657 2.63611 34 13.3309 -12.4538 7.31441 63.6327
386137 13.6657 2.63611 34 13.3309 -12.4538 7.31441 63.6327
386140 13.8783 2.56876 34 13.3793 -12.5067 7.26945 63.8264
386150 13.9073 2.64573 34 13.2825 -12.524 7.22076 63.8355
386166 13.9073 2.64573 34 13.2825 -12.524 7.22076 63.8355
386171 14.1103 2.56876 34 13.2341 -12.6373 7.17106 63.9131
386181 14.2649 2.54952 34 13.1856 -12.7069 7.11824 64.0001
386201 14.2649 2.54952 34 13.1856 -12.7069 7.11824 64.0001
386203 14.5162 2.63611 34 13.1663 -12.7155 6.99968 64.3186
386211 14.5162 2.63611 34 13.1663 -12.7155 6.99968 64.3186
386234 14.9608 2.65535 34 13.1082 -12.8225 6.83485 64.7243
386235 15.328 2.74194 34 13.0211 -12.8916 6.67168 65.091
386241 15.328 2.74194 34 13.0211 -12.8916 6.67168 65.091
386266 15.8306 2.8189 34 12.8274 -13.052 6.45524 65.4769
386268 15.8306 2.8189 34 12.8274 -13.052 6.45524 65.4769
386272 16.3041 2.87663 34 12.6241 -13.2222 6.25562 65.8049
386282 17.7023 5.60894 34 13.1276 -11.7002 5.0717 70.4388
386298 17.7023 5.60894 34 13.1276 -11.7002 5.0717 70.4388
386302 18.7991 8.05263 34 14.0279 -10.256 4.24204 74.8796
386312 19.588 10.5444 33.1106 14.1247 -9.05721 3.31589 77.3677
386331 19.588 10.5444 33.1106 14.1247 -9.05721 3.31589 77.3677
386332 20.8868 14.5178 28.3704 13.6019 -6.82937 1.27319 77.377
386362 22.1952 17.9662 26.0862 19.1033 -3.28407 0.883648 85.351
386363 22.1952 17.9662 26.0862 19.1033 -3.28407 0.883648 85.351
386364 22.4261 19.8317 21.3662 19.9813 -1.18992 -0.163335 83.6054
386376 22.4261 19.8317 21.3662 19.9813 -1.18992 -0.163335 83.6054
386393 20.7617 20.8362 16.8583 18.563 0.577503 -1.20294 77.0193
386394 18.2699 20.8458 14.1565 18.6112 2.44512 -1.32464 71.8835
386408 18.2699 20.8458 14.1565 18.6112 2.44512 -1.32464 71.8835
386425 15.3087 21.0371 12.0518 19.277 4.78526 -1.11203 67.6746
386433 12.158 21.085 10.9792 21.5636 7.41472 -0.159675 65.7858
386436 12.158 21.085 10.9792 21.5636 7.41472 -0.159675 65.7858
386452 9.26833 21.5824 10.8375 24.8632 9.89453 1.09313 66.5515
386462 9.26833 21.5824 10.8375 24.8632 9.89453 1.09313 66.5515
386488 7.2871 22.4817 11.3435 28.0953 11.5401 2.09587 69.2076
386490 6.29164 23.3044 12.4768 31.1442 12.183 2.87328 73.217
386492 6.29164 23.3044 12.4768 31.1442 12.183 2.87328 73.217
386497 6.05003 24.0411 13.2964 33.1124 12.3552 3.19955 76.4999
386506 6.24332 24.4811 13.5798 33.7684 12.3047 3.1939 78.0727
386524 6.24332 24.4811 13.5798 33.7684 12.3047 3.1939 78.0727
386526 6.166 24.4429 13.3369 33.2281 12.3643 3.10134 77.1739
386556 6.166 24.4429 13.3369 33.2281 12.3643 3.10134 77.1739
386560 6.10802 23.9167 12.7196 31.8099 12.3732 2.9183 74.5542
386561 5.81808 22.9122 11.819 29.7741 12.46 2.74365 70.3235
386590 5.46049 21.8981 11.1107 28.0278 12.5399 2.65723 66.4972
386591 5.31552 21.2763 10.6857 26.9183 12.5372 2.5731 64.1958
386598 5.31552 21.2763 10.6857 26.9183 12.5372 2.5731 64.1958
386625 5.25753 21.0371 10.4935 26.3683 12.5302 2.50975 63.1565
386626 5.48948 21.0371 10.7667 26.3683 12.2324 2.49955 63.6616
386629 5.48948 21.1615 10.7667 26.5034 12.2842 2.49192 63.9211
386639 5.65378 21.4485 11.1208 27.063 12.153 2.54607 65.2861
386657 5.65378 21.4485 11.1208 27.063 12.153 2.54607 65.2861
386660 5.80841 21.6877 11.475 27.7384 12.0458 2.63469 66.7095
386670 5.95338 22.0034 11.7988 28.2594 11.9498 2.66884 68.0149
386693 5.95338 22.0034 11.7988 28.2594 11.9498 2.66884 68.0149
386696 6.08869 22.2234 11.9506 28.4427 11.872 2.63761 68.7054
386705 6.08869 22.2234 11.9506 28.4427 11.872 2.63761 68.7054
386727 6.22399 22.4147 11.8899 28.5681 11.8924 2.5658 69.0967
386728 6.26265 22.7017 11.9607 28.5102 11.8775 2.48574 69.4353
386731 6.26265 22.7017 11.9607 28.5102 11.8775 2.48574 69.4353
386741 6.20466 22.6826 11.8393 28.4427 11.9567 2.47105 69.1692
386760 6.21433 22.8357 11.9 28.4813 11.9552 2.44802 69.4313
386762 6.21433 22.8357 11.9 28.4813 11.9552 2.44802 69.4313
386771 6.41728 23.1035 11.728 28.298 11.9546 2.26576 69.5468
386792 6.50426 23.4288 11.6065 28.0664 11.9905 2.09893 69.606
386801 6.50426 23.4288 11.6065 28.0664 11.9905 2.09893 69.606
386803 6.63957 23.8689 11.4548 27.7963 12.0309 1.87987 69.7595
386831 6.69756 24.2515 11.9506 27.5358 11.7622 1.8181 70.4355
386832 8.86242 25.103 12.7399 26.9086 10.3273 1.15802 73.6139
386863 11.3655 25.8492 13.5393 25.1816 8.60135 0.297521 75.9356
386865 13.4821 26.2797 19.9411 24.5159 5.15691 0.836259 84.2188
386873 13.4821 26.2797 19.9411 24.5159 5.15691 0.836259 84.2188
386898 16.0819 26.8728 22.1748 21.496 2.91837 0.124006 86.6255
386899 16.0819 26.8728 22.1748 21.496 2.91837 0.124006 86.6255
386905 16.5264 25.5813 17.8995 14.3087 1.8381 -1.99814 74.3159
386930 17.3848 24.3568 17.4144 11.0171 0.204721 -2.84514 70.1731
386931 17.3848 24.3568 17.4144 11.0171 0.204721 -2.84514 70.1731
386935 18.4431 23.1514 20.2747 10.8525 -1.62053 -2.15905 72.7217
386945 18.9049 21.2859 23.1451 10.9687 -3.2957 -1.22679 74.3045
386967 18.9049 21.2859 23.1451 10.9687 -3.2957 -1.22679 74.3045
386968 18.8183 18.7316 26.1468 11.0461 -5.07991 -0.0716311 74.7429
386975 18.8183 18.7316 26.1468 11.0461 -5.07991 -0.0716311 74.7429
387002 18.4527 15.2779 29.28 10.9493 -7.26933 1.31802 73.96
