145095 19.7997 18.3011 22.4275 14.6475 -3.08563 -0.204673 75.1757
145105 20.1075 15.5088 24.4691 12.963 -5.51171 0.372857 73.0484
145115 20.5597 12.2473 26.7836 11.2688 -8.4065 1.11037 70.8594
145125 20.5597 12.2473 26.7836 11.2688 -8.4065 1.11037 70.8594
145135 21.0889 8.95699 28.9061 9.7295 -11.3963 1.87599 68.6814
145145 21.8681 6.32088 30.9275 9.03246 -13.7355 2.59085 68.1489
145155 21.8681 6.32088 30.9275 9.03246 -13.7355 2.59085 68.1489
145165 22.8687 4.86814 32.9388 9.0131 -15.0405 3.05968 69.6887
145185 22.8687 4.86814 32.9388 9.0131 -15.0405 3.05968 69.6887
145194 24.0232 4.31975 34 9.19704 -15.553 3.1145 71.54
145204 25.1392 4.4833 34 9.34226 -15.5259 2.82048 72.9648
145206 25.1392 4.4833 34 9.34226 -15.5259 2.82048 72.9648
145216 25.9089 4.64686 34 9.18736 -15.62 2.56938 73.7431
145226 26.2649 4.75269 34 8.77107 -15.8361 2.3893 73.7886
145239 26.2649 4.75269 34 8.77107 -15.8361 2.3893 73.7886
145257 26.0724 4.65648 31.544 7.64806 -16.2011 1.81558 69.921
145284 25.9185 4.49293 30.6243 7.41572 -16.3014 1.67167 68.4514
145289 25.9185 4.49293 30.6243 7.41572 -16.3014 1.67167 68.4514
145299 25.6491 4.44482 30.1391 7.28018 -16.3165 1.62754 67.5133
145309 25.4471 4.41596 29.9976 7.18337 -16.3495 1.63727 67.044
145319 25.4471 4.41596 29.9976 7.18337 -16.3495 1.63727 67.044
145334 25.1681 4.37748 29.937 7.16401 -16.3413 1.70049 66.6465
145339 24.9468 4.24278 30.1694 7.19305 -16.4084 1.84207 66.5521
145368 24.7832 4.25241 30.3008 7.34795 -16.3021 1.93744 66.6844
145376 24.7832 4.25241 30.3008 7.34795 -16.3021 1.93744 66.6844
145386 24.6101 4.17544 30.5838 7.4254 -16.3161 2.07136 66.7947
145395 24.4177 4.10809 30.9174 7.55125 -16.2983 2.2262 66.9944
145405 24.4177 4.10809 30.9174 7.55125 -16.2983 2.2262 66.9944
145414 24.1868 4.07923 31.2307 7.72551 -16.2196 2.38542 67.2222
145421 23.9366 4.04075 31.5945 7.95786 -16.1161 2.5711 67.5297
145434 23.9366 4.04075 31.5945 7.95786 -16.1161 2.5711 67.5297
145441 23.5999 4.01188 32.019 8.1418 -16.0335 2.77746 67.7726
145454 23.5999 4.01188 32.019 8.1418 -16.0335 2.77746 67.7726
145463 23.3016 3.87719 32.6558 8.42255 -15.9901 3.05451 68.2572
145474 23.0419 3.87719 33.2622 8.57745 -15.9432 3.25499 68.7587
145483 23.0419 3.87719 33.2622 8.57745 -15.9432 3.25499 68.7587
145495 22.9649 3.79061 33.8787 8.77107 -15.9505 3.4351 69.4053
145505 23.0515 3.78098 34 8.93565 -15.8865 3.46215 69.7681
145524 23.2728 3.83871 34 9.05182 -15.8139 3.40783 70.1633
145538 23.2728 3.83871 34 9.05182 -15.8139 3.40783 70.1633
145544 23.9655 5.41653 34 10.2136 -14.3811 3.02292 73.5956
145554 24.6101 7.18676 34 11.6076 -12.8596 2.67636 77.4045
145564 24.6101 7.18676 34 11.6076 -12.8596 2.67636 77.4045
145574 24.9372 8.86078 33.5452 12.4692 -11.6374 2.29597 79.8124
145585 24.9564 10.6406 30.5131 12.4305 -10.3126 1.40307 78.5407
145595 24.9564 10.6406 30.5131 12.4305 -10.3126 1.40307 78.5407
145605 24.8121 12.0549 26.9857 12.508 -8.91655 0.515978 76.3607
145615 24.485 12.8919 23.7111 13.8149 -7.17236 0.029853 74.9029
145646 23.9366 13.652 19.5874 13.7568 -5.67975 -0.89754 70.9328
145650 23.9366 13.652 19.5874 13.7568 -5.67975 -0.89754 70.9328
145656 23.1477 14.3543 15.7351 13.0211 -4.34191 -1.97994 66.2582
145666 22.4454 15.1817 13.3369 13.5729 -2.72237 -2.49096 64.5368
145676 22.4454 15.1817 13.3369 13.5729 -2.72237 -2.49096 64.5368
145687 21.8393 16.4805 12.4161 15.0541 -1.03388 -2.47369 65.7899
145696 20.9445 17.8227 12.1226 17.7815 0.923631 -1.93599 68.6714
145724 19.7323 19.2386 12.2946 21.4092 2.96555 -1.08712 72.6748
145743 17.6831 20.5301 12.3756 25.307 5.19741 -0.104858 75.8958
145751 14.4389 21.5059 12.1833 29.1566 7.77654 1.04714 77.2848
145760 14.4389 21.5059 12.1833 29.1566 7.77654 1.04714 77.2848
145772 10.3701 21.9364 12.0923 33.0159 10.4922 2.48047 77.4147
145778 6.43661 22.2234 12.153 34 12.576 3.50734 74.813
145787 6.43661 22.2234 12.153 34 12.576 3.50734 74.813
145798 3.63388 22.3382 12.325 34 13.963 4.22277 72.2971
145816 3.63388 22.3382 12.325 34 13.963 4.22277 72.2971
145825 3.04434 22.6348 12.6893 34 14.1295 4.35483 72.3684
145836 3.00569 22.5774 12.2946 34 14.3567 4.32225 71.8777
145839 3.00569 22.5774 12.2946 34 14.3567 4.32225 71.8777
145849 2.88005 22.1086 11.6369 34 14.7226 4.38543 70.6256
145860 2.59977 22.1086 10.878 34 15.3158 4.34774 69.5864
145869 2.59977 21.5155 10.878 34 15.2326 4.51408 68.9932
145882 2.54179 21.085 10.2506 34 15.5768 4.5576 67.8773
145905 2.46447 20.9223 9.84583 33.2185 15.7373 4.4418 66.4511
145911 2.56111 20.9702 9.79524 32.8133 15.6589 4.32657 66.1398
145924 2.56111 20.9702 9.79524 32.8133 15.6589 4.32657 66.1398
145930 2.62877 20.9415 9.82559 32.6975 15.5782 4.30139 66.0933
145940 2.65776 21.1041 9.96726 32.794 15.5108 4.28408 66.5231
145950 2.65776 21.1041 9.96726 32.794 15.5108 4.28408 66.5231
145968 2.83172 21.4676 10.0179 32.6686 15.4087 4.11738 66.9858
145972 2.83172 21.4676 10.0179 32.6686 15.4087 4.11738 66.9858
145981 2.92837 21.8216 9.90655 32.5045 15.4447 3.9445 67.1611
145992 3.06367 22.0512 9.86607 32.2537 15.3846 3.79377 67.2346
146001 3.06367 22.0512 9.86607 32.2537 15.3846 3.79377 67.2346
146012 3.12166 22.2712 9.82559 32.0028 15.3697 3.66748 67.2213
146021 3.10233 22.4147 9.775 31.8871 15.4157 3.60491 67.1791
146034 3.10233 22.4147 9.775 31.8871 15.4157 3.60491 67.1791
146049 3.16032 22.4626 9.87619 31.8581 15.3229 3.5879 67.3572
146057 3.16032 22.4626 9.87619 31.8581 15.3229 3.5879 67.3572
146066 3.16998 22.5869 9.84583 31.916 15.3613 3.55566 67.5188
146073 3.25696 22.6061 10.0381 32.0993 15.2243 3.58991 68.0005
146083 3.25696 22.6061 10.0381 32.0993 15.2243 3.58991 68.0005
146100 3.26663 22.673 10.1798 32.3116 15.1752 3.62811 68.431
146105 3.31495 22.6348 10.3619 32.466 15.0572 3.68102 68.7776
146114 3.31495 22.6348 10.3619 32.466 15.0572 3.68102 68.7776
146133 3.28596 22.5774 10.544 32.5528 14.9725 3.74858 68.9602
146134 3.28596 22.5774 10.544 32.5528 14.9725 3.74858 68.9602
146144 3.26663 22.5774 10.5137 32.4274 14.9831 3.72836 68.785
146154 4.79363 22.9409 12.1732 32.4274 13.272 3.49748 72.3351
146164 4.79363 22.9409 12.1732 32.4274 13.272 3.49748 72.3351
146179 8.98806 23.8306 14.3286 31.1827 10.1164 2.43061 78.33
146185 11.5395 23.8306 15.2089 27.2946 7.82574 1.37403 77.8736
146195 11.5395 23.8306 15.2089 27.2946 7.82574 1.37403 77.8736
146207 14.7482 23.9167 15.2798 20.8689 4.93149 -0.504497 74.8135
146215 14.7482 23.9167 15.2798 20.8689 4.93149 -0.504497 74.8135
146228 18.116 24.1367 17.5155 15.9448 1.46938 -1.74195 75.713
146235 19.8381 23.5627 21.2753 14.328 -1.01977 -1.48048 79.0042
146261 21.8778 22.2234 23.5797 13.2147 -3.09638 -1.35486 80.8955
146266 23.0611 19.7265 25.1766 11.84 -5.22254 -1.08473 79.8042
146276 23.0611 19.7265 25.1766 11.84 -5.22254 -1.08473 79.8042
146286 23.4363 16.2784 27.0464 10.6298 -7.61537 -0.395115 77.391
146296 23.4363 16.2784 27.0464 10.6298 -7.61537 -0.395115 77.391
146306 23.3305 12.3435 29.2093 9.64237 -10.2495 0.639567 74.5257
146321 23.1092 8.53367 31.544 9.15831 -12.7725 1.87837 72.3452
146328 23.1092 8.53367 31.544 9.15831 -12.7725 1.87837 72.3452
146340 23.0515 6.04188 33.8787 9.47779 -14.2894 2.95303 72.4499
146348 23.3209 4.96435 34 9.94248 -14.6807 3.25164 72.2277
146358 23.3209 4.96435 34 9.94248 -14.6807 3.25164 72.2277
146368 23.5518 4.81041 34 10.2523 -14.6283 3.28242 72.6145
146377 23.5518 4.81041 34 10.2523 -14.6283 3.28242 72.6145
146393 23.6576 4.81041 34 10.0974 -14.728 3.23075 72.5654
146399 23.5903 4.76231 34 9.55524 -15.0445 3.17128 71.9078
146409 23.5903 4.76231 34 9.55524 -15.0445 3.17128 71.9078
146419 23.3305 4.7142 33.343 8.84852 -15.3449 3.02127 70.2363
146430 23.0226 4.618 32.0898 8.41287 -15.4386 2.83124 68.1433
146453 23.0226 4.618 32.0898 8.41287 -15.4386 2.83124 68.1433
146455 22.7917 4.56027 31.1397 8.00626 -15.5512 2.66037 66.498
146459 22.7917 4.56027 31.1397 8.00626 -15.5512 2.66037 66.498
146469 22.6186 4.46406 30.6142 7.76424 -15.6599 2.58836 65.461
146479 22.5993 4.4352 30.5333 7.74487 -15.6756 2.58226 65.3127
146499 22.5993 4.4352 30.5333 7.74487 -15.6756 2.58226 65.3127
146500 22.7244 4.47368 30.6142 7.70615 -15.705 2.54636 65.5184
146510 22.9361 4.54103 30.8365 7.69647 -15.7306 2.51232 66.0101
146520 22.9361 4.54103 30.8365 7.69647 -15.7306 2.51232 66.0101
146543 23.3209 4.58913 30.9073 7.68679 -15.7705 2.40978 66.5041
146543 23.3209 4.58913 30.9073 7.68679 -15.7705 2.40978 66.5041
146551 23.7153 4.58913 30.9174 7.57061 -15.8974 2.28697 66.7924
146566 24.0713 4.76231 30.9477 7.52221 -15.8738 2.14764 67.3035
146571 24.0713 4.76231 30.9477 7.52221 -15.8738 2.14764 67.3035
146581 24.4465 4.78155 30.8971 7.40604 -15.9763 2.01576 67.5312
146594 24.8025 4.897 30.786 7.32859 -15.9859 1.86135 67.814
146602 24.8025 4.897 30.786 7.32859 -15.9859 1.86135 67.814
146613 25.0815 4.97397 30.8264 7.29954 -15.9994 1.77552 68.1814
146623 25.0815 4.97397 30.9073 7.29954 -16.01 1.79118 68.2623
146635 25.3605 4.99321 30.9073 7.2705 -16.0525 1.71251 68.5315
146642 25.6876 5.01245 31.0488 7.37699 -16.0385 1.67644 69.1258
146657 25.6876 5.01245 31.0488 7.37699 -16.0385 1.67644 69.1258
146664 25.9859 5.15676 31.1599 7.32859 -16.0346 1.58246 69.6311
146674 26.3033 5.176 31.453 7.32859 -16.1013 1.55896 70.261
146684 26.3033 5.176 31.453 7.32859 -16.1013 1.55896 70.261
146694 26.6112 5.24335 31.5036 7.2705 -16.1411 1.46956 70.6286
146704 27.0057 5.32994 31.7562 7.32859 -16.138 1.4175 71.4204
146714 27.0057 5.32994 31.7562 7.32859 -16.138 1.4175 71.4204
146724 27.3135 5.44539 32.0696 7.832 -15.8634 1.47453 72.6605
146735 27.3135 5.44539 32.0696 7.832 -15.8634 1.47453 72.6605
146745 27.9293 6.61913 32.0999 8.27734 -15.0592 1.16692 74.9256
146757 28.2756 7.93718 31.6754 9.0131 -13.9792 0.873007 76.9013
146767 28.2756 7.93718 31.6754 9.0131 -13.9792 0.873007 76.9013
146775 28.4392 9.25523 30.4727 9.32289 -13.0126 0.406727 77.4899
146791 28.4873 10.554 28.5725 9.33257 -12.0776 -0.221493 76.9464
146796 28.4873 10.554 28.5725 9.33257 -12.0776 -0.221493 76.9464
146806 28.5546 11.6893 27.5113 11.8109 -10.2323 -0.17376 79.5661
146828 28.4776 12.661 25.9144 13.7956 -8.6382 -0.26507 80.8486
146838 27.4194 13.0939 22.4578 12.6726 -7.9685 -1.06743 75.6436
146848 27.4194 13.0939 22.4578 12.6726 -7.9685 -1.06743 75.6436
146866 26.1109 13.5173 19.5672 11.7528 -7.19116 -1.75652 70.9482
146868 24.7159 14.0079 17.6064 12.1207 -5.91433 -1.97149 68.451
146888 23.0707 14.5659 16.1601 13.2341 -4.26329 -1.84449 67.0308
146898 23.0707 14.5659 16.1601 13.2341 -4.26329 -1.84449 67.0308
146913 21.2909 15.2971 15.3506 15.5575 -2.1434 -1.26227 67.4961
146918 18.8857 16.163 14.4196 18.9393 0.656706 -0.370519 68.4076
146931 18.8857 16.163 14.4196 18.9393 0.656706 -0.370519 68.4076
146937 15.473 17.0957 13.4988 23.059 4.04436 0.865624 69.1265
146954 11.1336 17.7462 12.5476 28.0471 7.9569 2.52933 69.4745
146970 6.09835 18.3585 11.9708 33.3053 12.044 4.47837 69.733
146989 2.97669 19.1429 12.9018 34 13.4974 5.38575 69.0214
147000 2.76407 20.1857 14.106 34 13.129 5.31052 71.0557
147025 2.84139 20.6832 14.7232 34 12.8442 5.23172 72.2478
147034 2.86072 20.7597 14.6524 34 12.884 5.19531 72.2728
147039 2.86072 20.7597 14.6524 34 12.884 5.19531 72.2728
147054 2.79306 20.6353 13.772 34 13.3673 5.12854 71.2004
147074 2.51279 20.1283 12.5375 34 14.1221 5.18146 69.1786
147080 2.30017 19.3917 11.4143 34 14.7815 5.3026 67.1061
147100 2.1552 18.8081 10.372 33.5851 15.3519 5.31277 64.9205
147120 2.04889 18.6168 9.85595 32.3502 15.5324 5.13914 62.8718
147124 2.04889 18.6168 9.85595 32.3502 15.5324 5.13914 62.8718
147131 2.19386 18.655 9.775 31.9353 15.434 5.002 62.5592
147144 2.19386 18.655 9.775 31.9353 15.434 5.002 62.5592
147151 2.11654 18.7029 9.96726 32.2633 15.4173 5.09386 63.05
147161 2.19386 18.9133 10.2304 32.8133 15.3164 5.12927 64.1508
147174 2.19386 18.9133 10.2304 32.8133 15.3164 5.12927 64.1508
147182 2.30984 19.3056 10.281 33.3439 15.3505 5.0604 65.2403
147202 2.37749 19.8509 10.3113 33.6816 15.4194 4.92996 66.2213
147205 2.37749 19.8509 10.3113 33.6816 15.4194 4.92996 66.2213
147214 2.52246 20.3483 10.2607 33.8842 15.4626 4.76175 67.0157
147231 2.52246 20.3483 10.2607 33.8842 15.4626 4.76175 67.0157
147241 2.56111 20.8171 10.2911 34 15.5037 4.63567 67.6693
147242 2.66742 21.4581 10.3012 34 15.5237 4.42277 68.4267
147269 2.74474 21.9268 10.1798 34 15.6142 4.25006 68.8513
147274 2.84139 22.3286 10.1696 34 15.6179 4.11012 69.3397
147287 2.84139 22.3286 10.1696 34 15.6179 4.11012 69.3397
147294 3.05401 22.8644 10.1798 34 15.5605 3.90767 70.0981
147309 3.05401 22.8644 10.1798 34 15.5605 3.90767 70.0981
147322 3.13132 23.3523 10.119 33.9421 15.6085 3.73753 70.5448
147326 3.18931 23.9263 10.0786 33.8746 15.6655 3.55379 71.0687
147334 3.18931 23.9263 10.0786 33.8746 15.6655 3.55379 71.0687
147347 3.3826 24.5481 10.2405 33.7588 15.5303 3.35087 71.93
147358 5.95338 25.7535 12.2238 33.5948 13.2766 2.7304 77.5255
147369 5.95338 25.7535 12.2238 33.5948 13.2766 2.7304 77.5255
147375 9.20068 26.8824 14.0351 31.8871 10.8327 1.79972 82.0052
147385 9.20068 26.8824 14.0351 31.8871 10.8327 1.79972 82.0052
147395 10.9016 26.7198 14.794 27.8541 8.99413 0.939358 80.2696
147407 13.2985 26.3849 15.8363 22.4608 6.3192 -0.266649 77.9805
147420 13.2985 26.3849 15.8363 22.4608 6.3192 -0.266649 77.9805
147432 14.5549 25.3039 18.0916 17.7526 3.43779 -0.795472 75.7029
147437 15.1927 23.6775 20.4869 15.0831 1.03474 -0.665005 74.4403
147446 15.1927 23.6775 20.4869 15.0831 1.03474 -0.665005 74.4403
147458 16.3911 22.0416 22.7408 13.8246 -1.08858 -0.373488 74.9982
147466 16.3911 22.0416 22.7408 13.8246 -1.08858 -0.373488 74.9982
147482 17.2213 19.4873 25.1564 12.7694 -3.39017 0.244614 74.6343
147486 17.5099 15.9225 27.481 11.6367 -6.0068 1.17545 72.55
147507 17.5099 15.9225 27.481 11.6367 -6.0068 1.17545 72.55
147509 17.5772 11.7855 30.2705 10.93 -8.90418 2.5164 70.5632
147517 17.7216 7.83135 33.8787 10.9009 -11.6831 4.10053 70.3325
147532 17.7216 7.83135 33.8787 10.9009 -11.6831 4.10053 70.3325
147538 18.1064 5.16638 34 11.8303 -12.7019 4.89649 69.1031
147548 18.1064 5.16638 34 11.8303 -12.7019 4.89649 69.1031
147568 18.7125 3.82909 34 12.9243 -12.9413 5.26503 69.4659
147570 19.1839 3.70402 34 13.5826 -12.7349 5.25637 70.4705
147581 19.1839 3.70402 34 13.5826 -12.7349 5.25637 70.4705
147589 19.2705 3.71364 34 13.4374 -12.8226 5.20861 70.4215
147608 19.03 3.67516 34 12.75 -13.1757 5.19289 69.4552
147610 19.03 3.67516 34 12.75 -13.1757 5.19289 69.4552
147619 18.4527 3.53084 34 11.9368 -13.6134 5.28999 67.9204
147634 18.4527 3.53084 34 11.9368 -13.6134 5.28999 67.9204
147640 17.7793 3.29032 34 11.0558 -14.1523 5.44107 66.1254
147650 17.0962 3.13639 34 10.4556 -14.4942 5.61687 64.6882
147660 17.0962 3.13639 34 10.4556 -14.4942 5.61687 64.6882
147670 16.6134 2.98246 34 10.1748 -14.6839 5.78141 63.7707
147685 16.2462 2.96321 34 10.2039 -14.618 5.91229 63.4132
147690 16.2462 2.96321 34 10.2039 -14.618 5.91229 63.4132
147700 16.0239 2.82852 34 10.4265 -14.5265 6.06224 63.2789
147711 16.0239 2.82852 34 10.4265 -14.5265 6.06224 63.2789
147720 15.8982 2.78042 34 10.7267 -14.3486 6.16226 63.4053
147737 15.8499 2.83814 34 11.0655 -14.0958 6.20611 63.7535
147742 15.8499 2.83814 34 11.0655 -14.0958 6.20611 63.7535
147751 15.8596 2.84776 34 11.2107 -14.0027 6.21969 63.918
147763 15.8886 2.79004 34 11.3559 -13.9544 6.24912 64.0345
147771 15.8886 2.79004 34 11.3559 -13.9544 6.24912 64.0345
147788 15.8306 2.8189 34 11.5011 -13.8387 6.27858 64.1506
147791 15.8306 2.8189 34 11.5011 -13.8387 6.27858 64.1506
147801 15.8306 2.85739 34 11.6173 -13.7453 6.2816 64.3053
147812 15.9466 2.89587 34 11.869 -13.5917 6.26472 64.7114
147821 15.9466 2.89587 34 11.869 -13.5917 6.26472 64.7114
147838 15.9659 2.92473 34 12.0433 -13.4744 6.27238 64.9339
147843 16.1882 2.94397 34 12.0723 -13.4852 6.19747 65.2045
147852 16.1882 2.94397 34 12.0723 -13.4852 6.19747 65.2045
147864 16.3525 3.05942 34 12.1982 -13.3725 6.12397 65.6101
147890 16.5168 3.05942 34 12.1498 -13.4298 6.06463 65.726
147894 16.797 3.12677 34 12.0433 -13.5018 5.9392 65.9671
147915 16.797 3.12677 34 12.0433 -13.5018 5.9392 65.9671
147917 17.0481 3.14601 34 11.9077 -13.6132 5.835 66.1019
147924 17.2694 3.45388 34 12.7016 -13.0196 5.7794 67.4249
147943 17.2694 3.45388 34 12.7016 -13.0196 5.7794 67.4249
147945 18.4239 6.42671 34 14.1441 -10.9094 4.78668 72.9947
147973 19.2128 8.97623 34 16.09 -8.98919 4.19671 78.279
147979 19.8285 11.468 31.5137 16.9613 -7.18079 3.23018 79.7715
147992 19.8285 11.468 31.5137 16.9613 -7.18079 3.23018 79.7715
147995 20.7906 14.8546 25.591 16.1384 -4.97212 1.1795 77.3745
148005 21.0985 16.4035 19.8805 15.7511 -3.01651 -0.383616 73.1336
148018 21.0985 16.4035 19.8805 15.7511 -3.01651 -0.383616 73.1336
148026 21.1658 17.574 19.0719 21.6118 -0.33112 0.367132 79.4236
148042 21.1658 17.574 19.0719 21.6118 -0.33112 0.367132 79.4236
148046 20.0979 18.0428 18.5059 26.214 1.70554 1.19102 82.8606
148056 17.4426 18.215 15.6036 26.6771 3.79978 1.27469 77.9382
148067 17.4426 18.215 15.6036 26.6771 3.79978 1.27469 77.9382
148076 13.5981 17.9854 13.094 27.9603 6.62656 1.95578 72.6378
148092 8.73678 17.4209 11.3435 30.7196 10.2829 3.49718 68.2208
148097 8.73678 17.4209 11.3435 30.7196 10.2829 3.49718 68.2208
148107 4.43604 16.9615 11.3839 34 13.1554 5.38765 66.7815
148117 2.26151 17.0478 12.5375 34 13.7625 6.20261 65.8468
148127 2.26151 17.0478 12.5375 34 13.7625 6.20261 65.8468
148141 1.83627 17.4305 13.8429 34 13.3183 6.38718 67.1096
148168 1.92325 17.8897 14.1565 34 13.1713 6.25507 67.9695
148169 1.95225 17.928 13.9542 34 13.2756 6.2079 67.8344
148179 1.95225 17.928 13.9542 34 13.2756 6.2079 67.8344
148195 1.81694 17.6888 13.0839 34 13.8114 6.21226 66.5897
148199 1.81694 17.6888 13.0839 34 13.8114 6.21226 66.5897
148209 1.70097 17.3157 12.1935 34 14.3464 6.25136 65.2101
148223 1.67197 17.1339 11.2625 34 14.9057 6.19415 64.0684
148229 1.67197 17.1339 11.2625 34 14.9057 6.19415 64.0684
148249 1.60432 16.9519 10.7161 34 15.264 6.20173 63.2723
148251 1.59466 16.9615 10.372 34 15.4918 6.15365 62.9282
148260 1.59466 16.9615 10.372 34 15.4918 6.15365 62.9282
148277 1.56566 16.8557 10.372 34 15.4945 6.19906 62.7934
148280 1.56566 16.7499 10.4429 34 15.4327 6.24474 62.7584
148290 1.56566 16.7499 10.4429 34 15.4327 6.24474 62.7584
148309 1.58499 16.9519 10.5339 34 15.3926 6.18282 63.0708
148317 1.58499 16.9519 10.5339 34 15.3926 6.18282 63.0708
148329 1.65264 17.1339 10.544 34 15.3706 6.10071 63.3306
148331 1.75895 17.4401 10.7768 34 15.2027 5.99706 63.9758
148354 1.75895 17.4401 10.7768 34 15.2027 5.99706 63.9758
148355 1.76862 17.5931 10.8274 34 15.1884 5.95092 64.1891
148370 1.73962 17.7558 10.9792 34 15.1366 5.9288 64.4746
148382 1.73962 17.7558 10.9792 34 15.1366 5.9288 64.4746
148383 1.77828 17.9949 11.1411 34 15.0489 5.86185 64.9143
148395 1.77828 17.9949 11.1411 34 15.0489 5.86185 64.9143
148410 1.87493 18.2532 11.1006 34 15.0538 5.74266 65.2288
148416 1.92325 18.6646 11.0298 34 15.1299 5.58735 65.6176
148422 1.92325 18.6646 11.0298 34 15.1299 5.58735 65.6176
148437 1.9909 19.009 10.8679 34 15.239 5.43542 65.8678
148443 1.9909 19.009 10.8679 34 15.239 5.43542 65.8678
148452 2.00057 19.3438 10.6554 34 15.4121 5.29796 65.9998
148465 2.19386 19.8126 10.4631 34 15.4791 5.06773 66.4696
148473 2.19386 19.8126 10.4631 34 15.4791 5.06773 66.4696
148493 2.3195 20.4727 10.1292 34 15.699 4.78254 66.9214
148495 2.43547 21.1041 9.78512 34 15.9241 4.51072 67.3247
148521 2.66742 21.946 9.31964 34 16.1773 4.13044 67.933
148524 2.66742 21.946 9.31964 34 16.1773 4.13044 67.933
148534 2.79306 22.7209 8.83393 34 16.4943 3.80114 68.3479
148547 4.75497 24.0889 9.65357 34 15.0627 3.06418 72.4975
148554 4.75497 24.0889 9.65357 34 15.0627 3.06418 72.4975
148572 7.75099 25.7822 10.9286 32.3695 12.8438 1.90642 76.8313
148579 10.3314 26.9972 11.4446 29.2628 11.0474 0.649467 78.036
148585 10.3314 26.9972 11.4446 29.2628 11.0474 0.649467 78.036
148604 13.1535 28.0878 12.4667 25.7798 8.88421 -0.565148 79.4877
148608 13.1535 28.0878 12.406 25.7798 8.91011 -0.577046 79.427
148615 15.357 28.5948 17.5862 25.2781 6.02702 -0.187904 86.8161
148629 15.8016 27.4277 20.5273 23.5125 4.18568 0.139319 87.2691
148635 15.8016 27.4277 20.5273 23.5125 4.18568 0.139319 87.2691
148645 16.2075 24.7681 20.0018 19.4024 2.47613 -0.293261 80.3798
148664 15.7146 20.2431 20.6284 15.1606 -0.327308 -0.0352719 71.7467
148687 14.8255 14.2869 23.6201 12.2466 -4.58303 1.55918 64.9791
148693 14.8255 14.2869 23.6201 12.2466 -4.58303 1.55918 64.9791
148701 14.2649 8.61064 29.4316 11.6367 -9.1679 4.26767 63.9439
148720 14.3326 5.1279 34 13.1372 -11.287 6.23372 66.5977
148722 14.3326 5.1279 34 13.1372 -11.287 6.23372 66.5977
148726 14.8835 3.55008 34 14.8024 -11.3522 6.77514 67.2359
148736 15.6856 3.19411 34 16.0125 -11.0604 6.77858 68.8923
148751 15.6856 3.19411 34 16.0125 -11.0604 6.77858 68.8923
148757 16.1882 3.33843 34 16.2836 -10.9462 6.6087 69.8102
148767 16.1882 3.33843 34 16.2836 -10.9462 6.6087 69.8102
148781 16.2848 3.37691 34 15.5575 -11.3229 6.4785 69.2192
148787 15.9176 3.29032 34 14.57 -11.8244 6.49817 67.7779
148797 15.9176 3.29032 34 14.57 -11.8244 6.49817 67.7779
148814 15.3377 3.15563 34 13.5051 -12.3779 6.59375 65.9985
148819 14.5452 2.97284 34 12.6435 -12.8304 6.8091 64.1615
148829 14.5452 2.97284 34 12.6435 -12.8304 6.8091 64.1615
148843 13.743 2.79004 34 12.1401 -13.0889 7.08605 62.6732
148849 13.1825 2.61686 33.8585 12.0433 -13.12 7.31812 61.7011
148869 13.1825 2.61686 33.8585 12.0433 -13.12 7.31812 61.7011
148870 12.9602 2.64573 34 12.2659 -12.9496 7.43311 61.8719
148880 12.9602 2.64573 34 12.2659 -12.9496 7.43311 61.8719
148895 12.8249 2.65535 34 12.537 -12.7515 7.51164 62.0173
148900 12.8346 2.65535 34 12.9339 -12.5134 7.55577 62.4239
148910 12.8346 2.65535 34 12.9339 -12.5134 7.55577 62.4239
148922 12.9602 2.7708 34 13.2534 -12.2792 7.50719 62.9844
148930 12.9795 2.73231 34 13.5438 -12.1346 7.54841 63.2557
148950 12.9795 2.73231 34 13.5438 -12.1346 7.54841 63.2557
148951 13.0762 2.74194 34 13.9214 -11.9286 7.55496 63.7395
148961 13.0762 2.74194 34 13.9214 -11.9286 7.55496 63.7395
148977 13.1438 2.68421 34 14.2699 -11.7748 7.59194 64.098
148981 13.0182 2.66497 34 14.5313 -11.6103 7.67308 64.2145
148991 13.0182 2.66497 34 14.5313 -11.6103 7.67308 64.2145
149010 13.0762 2.67459 34 14.7249 -11.5069 7.6713 64.4757
149020 13.1148 2.59762 34 14.9186 -11.4491 7.70669 64.631
149036 13.1148 2.59762 34 14.9186 -11.4491 7.70669 64.631
149039 13.1535 2.64573 34 14.9767 -11.3974 7.68282 64.7759
149047 13.1535 2.64573 34 14.9767 -11.3974 7.68282 64.7759
149065 13.2985 2.56876 34 15.0444 -11.433 7.6667 64.9116
149067 13.4048 2.57838 34 15.0347 -11.4552 7.62519 65.0179
149075 13.4048 2.57838 34 15.0347 -11.4552 7.62519 65.0179
149096 13.5981 2.54952 34 14.7249 -11.6858 7.53262 64.8725
149101 14.12 3.64629 34 15.635 -10.6967 7.09231 67.4012
149104 14.12 3.64629 34 15.635 -10.6967 7.09231 67.4012
149127 14.9221 5.67629 34 17.0386 -9.14584 6.37384 71.637
149131 14.9221 5.67629 34 17.0386 -9.14584 6.37384 71.637
149139 15.444 7.98529 34 17.6947 -7.90828 5.64375 75.124
149157 16.2848 10.8619 28.6332 16.8161 -5.93698 3.78172 72.596
149158 16.2848 10.8619 28.6332 16.8161 -5.93698 3.78172 72.596
149165 17.0962 13.3056 21.4774 15.5188 -3.61629 1.46764 67.398
149175 17.4041 15.326 16.4536 17.4245 -0.415547 0.258536 66.6081
149190 17.4041 15.326 16.4536 17.4245 -0.415547 0.258536 66.6081
149196 17.7312 17.1722 18.1724 27.4489 2.70648 1.99652 80.5247
149220 16.5941 17.8323 18.1421 32.4949 4.58218 2.85856 85.0634
149233 13.9267 18.2341 15.8768 33.7781 6.78622 3.20735 81.8156
149237 13.9267 18.2341 15.8768 33.7781 6.78622 3.20735 81.8156
149253 10.1478 17.861 14.2982 34 8.9818 3.98838 76.307
149258 6.32064 17.3635 13.2661 34 11.1969 4.98559 70.9502
149268 6.32064 17.3635 13.2661 34 11.1969 4.98559 70.9502
149284 3.46958 16.9615 12.9827 34 12.7975 5.90791 67.4138
149287 2.12621 16.8846 13.3976 34 13.3118 6.41189 66.4084
149314 2.12621 16.8846 13.3976 34 13.3118 6.41189 66.4084
149315 1.75895 16.8268 13.9643 34 13.1869 6.62175 66.5501
149319 1.75895 16.8268 13.9643 34 13.1869 6.62175 66.5501
149329 1.79761 16.7114 14.025 34 13.1094 6.65435 66.534
149343 1.83627 16.5478 13.5089 34 13.356 6.63003 65.893
149374 1.84594 16.2207 12.7399 34 13.7466 6.63665 64.8065
149375 1.78795 15.9128 12.0923 34 14.1209 6.67584 63.7931
149380 1.78795 15.9128 12.0923 34 14.1209 6.67584 63.7931
149403 1.76862 15.7012 11.7381 34 14.3156 6.70841 63.2079
149405 1.76862 15.7012 11.7381 34 14.3156 6.70841 63.2079
149410 1.70097 15.4992 11.4244 34 14.5206 6.76036 62.6245
149420 1.7203 15.4414 11.4042 34 14.5115 6.77105 62.5659
149439 1.7203 15.4414 11.4042 34 14.5115 6.77105 62.5659
149447 1.70097 15.6338 11.2726 34 14.6389 6.69357 62.6074
149458 1.86526 15.8263 11.394 34 14.491 6.58689 63.0856
149461 1.86526 15.8263 11.394 34 14.491 6.58689 63.0856
149471 1.94258 16.1341 11.4952 34 14.431 6.46949 63.5719
149497 1.89426 16.3362 11.6571 34 14.3943 6.43945 63.8876
149511 1.89426 16.5574 11.6875 34 14.4123 6.36954 64.1392
149512 1.89426 16.5574 11.6875 34 14.4123 6.36954 64.1392
149522 1.90392 16.8268 11.6875 34 14.4506 6.27697 64.4182
149539 1.95225 17.0383 11.5964 34 14.5113 6.17909 64.5869
149542 1.95225 17.0383 11.5964 34 14.5113 6.17909 64.5869
149557 2.05856 17.2009 11.6369 34 14.4482 6.09682 64.8964
149570 2.05856 17.2009 11.6065 34 14.4667 6.09266 64.866
149574 2.0199 17.3444 11.6065 34 14.5134 6.05862 64.9708
149584 2.05856 17.5931 11.7179 34 14.4627 5.98127 65.3695
149598 2.05856 17.5931 11.7179 34 14.4627 5.98127 65.3695
149605 2.1842 17.861 11.6875 34 14.4484 5.85149 65.7327
149615 2.20352 18.1002 11.6065 34 14.5236 5.75848 65.9102
149628 2.20352 18.1002 11.6065 34 14.5236 5.75848 65.9102
149635 2.27118 18.368 11.5762 34 14.5437 5.64906 66.2154
149654 2.30017 18.4446 11.4548 34 14.611 5.59899 66.1995
149664 2.30017 18.4446 11.4548 34 14.611 5.59899 66.1995
149682 2.30017 18.6072 11.3839 34 14.6788 5.53841 66.2913
149690 2.34849 18.7603 11.2018 34 14.7827 5.45004 66.3105
149697 2.43547 19.0568 10.8274 34 15.0008 5.27786 66.3197
149710 2.43547 19.0568 10.8274 34 15.0008 5.27786 66.3197
149716 2.58044 19.4204 10.625 34 15.0898 5.09356 66.6258
149726 5.00625 20.5588 12.2946 34 12.962 4.3271 71.8597
149741 5.00625 20.5588 12.2946 34 12.962 4.3271 71.8597
149748 7.92496 21.8312 14.2375 34 10.7921 3.5544 77.9936
149766 7.92496 21.8312 14.2375 34 10.7921 3.5544 77.9936
149768 10.2251 22.6443 15.0976 31.6844 9.10405 2.62002 79.6515
149777 13.4724 23.7254 14.5512 26.6481 7.12714 0.765624 78.3971
149795 13.4724 23.7254 14.5512 26.6481 7.12714 0.765624 78.3971
149804 15.8789 24.3472 14.1363 21.8434 5.30647 -0.835852 76.2058
149820 17.3271 24.108 14.8952 19.1805 3.66377 -1.46193 75.5109
149821 17.3271 24.108 14.8952 19.1805 3.66377 -1.46193 75.5109
149829 18.3854 22.9505 16.5649 17.164 1.71992 -1.52008 75.0648
149847 18.3854 22.9505 16.5649 17.164 1.71992 -1.52008 75.0648
149849 18.9049 20.9319 19.1932 15.4897 -0.562429 -1.03741 74.5198
149859 18.9338 18.1671 23.0036 14.1925 -3.22279 0.0192046 74.297
149875 18.9338 18.1671 23.0036 14.1925 -3.22279 0.0192046 74.297
149889 18.472 14.3831 27.2182 12.7403 -6.37474 1.46334 72.8136
149891 17.9813 9.98642 31.0285 11.201 -9.90865 3.04751 70.1973
149902 17.9813 9.98642 31.0285 11.201 -9.90865 3.04751 70.1973
149910 17.837 6.18619 34 10.7944 -12.6626 4.52745 68.8176
149929 17.837 6.18619 34 10.7944 -12.6626 4.52745 68.8176
149930 18.0775 4.19468 34 11.4334 -13.4588 5.1313 67.7056
149940 18.6836 3.42501 34 12.2175 -13.553 5.29275 68.3262
149958 18.6836 3.42501 34 12.2175 -13.553 5.29275 68.3262
149961 19.2513 3.61743 34 12.4789 -13.3944 5.10693 69.3476
149971 19.5784 3.7425 34 12.1304 -13.5726 4.92637 69.4513
149985 19.5784 3.7425 34 12.1304 -13.5726 4.92637 69.4513
149991 19.6072 3.77136 34 11.5495 -13.8863 4.82479 68.9282
150001 19.6072 3.77136 34 11.5495 -13.8863 4.82479 68.9282
150014 19.2705 3.75212 34 10.9203 -14.2024 4.83442 67.9429
150021 18.8183 3.67516 34 10.4749 -14.4352 4.92354 66.9684
150031 18.8183 3.67516 34 10.4749 -14.4352 4.92354 66.9684
150046 18.3181 3.52122 34 10.0587 -14.6963 5.05768 65.8979
150052 17.9044 3.39615 34 9.90376 -14.8014 5.19979 65.2043
150070 17.9044 3.39615 34 9.90376 -14.8014 5.19979 65.2043
150072 17.5484 3.40577 33.909 9.81663 -14.7786 5.28097 64.6798
150082 17.5484 3.40577 33.909 9.81663 -14.7786 5.28097 64.6798
150098 17.1828 3.31919 33.9191 9.90376 -14.7218 5.43823 64.3249
150104 17.0385 3.34805 34 10.0683 -14.5924 5.51125 64.4549
150114 17.0385 3.34805 34 10.0683 -14.5924 5.51125 64.4549
150132 16.855 3.25184 34 10.3007 -14.4791 5.63454 64.4076
150134 16.7874 3.16525 34 10.4846 -14.4084 5.71067 64.4373
150153 16.7874 3.16525 34 10.4846 -14.4084 5.71067 64.4373
150162 16.7584 3.11715 34 10.746 -14.2736 5.77295 64.6216
150164 16.7584 3.11715 34 10.746 -14.2736 5.77295 64.6216
150183 16.8067 3.04018 34 11.0461 -14.1465 5.82479 64.893
150185 16.9517 3.11715 34 11.2591 -13.9969 5.78396 65.3279
150195 16.9517 3.11715 34 11.2591 -13.9969 5.78396 65.3279
150213 16.913 3.13639 34 11.4334 -13.8751 5.81465 65.4828
150215 16.9613 3.12677 34 11.5302 -13.8317 5.81593 65.6183
150227 16.9613 3.12677 34 11.5302 -13.8317 5.81593 65.6183
150247 17.0385 3.13639 34 11.5302 -13.8391 5.78844 65.7051
150249 17.0385 3.13639 34 11.5302 -13.8391 5.78844 65.7051
150280 17.3463 3.10753 34 11.5399 -13.9024 5.7019 65.9937
150281 17.3463 3.10753 34 11.5399 -13.9024 5.7019 65.9937
150286 17.5099 3.16525 34 11.5205 -13.9073 5.62998 66.1957
150311 17.8755 3.24222 34 11.7722 -13.7768 5.52875 66.8899
150312 17.8755 3.24222 34 11.7722 -13.7768 5.52875 66.8899
150316 18.674 5.14714 34 12.7597 -12.3147 4.87495 70.5808
150329 18.674 5.14714 34 12.7597 -12.3147 4.87495 70.5808
150342 19.3475 7.55235 34 14.2506 -10.4938 4.2616 75.1504
150348 19.9247 9.94793 33.4037 14.8895 -9.11234 3.5349 78.1659
150357 19.9247 9.94793 33.4037 14.8895 -9.11234 3.5349 78.1659
150370 20.4924 12.94 28.5321 14.4151 -7.09263 1.8686 76.3796
150378 20.7617 14.97 23.044 14.0182 -5.08885 0.274158 72.794
150387 20.7617 14.97 23.044 14.0182 -5.08885 0.274158 72.794
150402 20.7617 16.7883 19.3954 16.574 -2.31052 -0.322505 73.5195
150409 20.2518 16.7883 18.4049 16.6902 -1.7946 -0.404469 72.1353
150419 20.2518 18.1193 18.4049 21.6311 0.34872 0.318498 78.4071
150435 18.6355 19.1812 16.6458 24.1686 2.56526 0.571843 78.6311
150469 16.3235 19.516 14.8345 25.9824 4.67685 0.973973 76.6564
150470 13.2115 19.4108 13.3875 28.8865 7.24279 1.93301 74.8963
150472 13.2115 19.4108 13.3875 28.8865 7.24279 1.93301 74.8963
150480 9.40364 18.9038 12.0619 32.5914 10.2896 3.36055 72.9607
150502 9.40364 18.9038 12.0619 32.5914 10.2896 3.36055 72.9607
150503 5.45082 18.3202 11.3131 34 12.867 4.67736 69.0841
150510 2.53212 17.7653 11.6268 34 14.2612 5.76328 65.9242
150541 2.53212 17.7653 11.6268 34 14.2612 5.76328 65.9242
150543 1.40136 17.4496 12.6893 34 14.2504 6.37126 65.5403
150547 1.40136 17.2774 13.3268 34 13.8433 6.51036 66.0056
150556 1.40136 17.2774 13.3268 34 13.8433 6.51036 66.0056
150571 1.2274 16.8653 13.1548 34 13.9788 6.68119 65.2475
150576 1.0921 16.3362 12.5982 34 14.3089 6.83388 64.0265
150598 1.00512 15.6723 11.9405 34 14.663 7.0099 62.6179
150602 1.00512 15.6723 11.9405 34 14.663 7.0099 62.6179
150612 0.80216 15.0085 11.3738 34 15.0498 7.24771 61.1845
150624 0.676521 14.614 11.1512 34 15.2156 7.4106 60.4417
150633 0.676521 14.614 11.1512 34 15.2156 7.4106 60.4417
150652 0.647527 14.4409 11.0702 34 15.2609 7.4757 60.1586
150654 0.705514 14.4697 11.1411 34 15.1796 7.45217 60.3163
150664 0.705514 14.4697 11.1411 34 15.1796 7.45217 60.3163
150682 0.80216 14.6621 11.2018 34 15.1065 7.35275 60.6661
150685 0.80216 14.6621 11.2018 34 15.1065 7.35275 60.6661
150695 0.889142 15.0181 11.2524 34 15.0739 7.19718 61.1596
150711 0.898806 15.3933 11.3333 34 15.0754 7.0688 61.6255
150715 0.898806 15.3933 11.3333 34 15.0754 7.0688 61.6255
150725 0.9278 15.6338 11.2929 34 15.1214 6.96745 61.8545
150742 0.966458 15.8455 11.1613 34 15.2153 6.86167 61.9733
150747 0.966458 15.8455 11.1613 34 15.2153 6.86167 61.9733
150756 0.995452 16.0475 11.05 34 15.3005 6.76574 62.093
150779 0.995452 16.0475 11.05 34 15.3005 6.76574 62.093
150781 0.947129 16.2015 10.969 34 15.4084 6.71801 62.1176
150786 0.937464 16.3169 11.0804 34 15.3603 6.69594 62.3347
150816 0.937464 16.3169 11.0804 34 15.3603 6.69594 62.3347
150817 0.889142 16.5093 10.9994 34 15.4736 6.63506 62.3979
150821 1.05344 16.8172 10.9185 34 15.4666 6.46159 62.7891
150827 1.05344 16.8172 10.9185 34 15.4666 6.46159 62.7891
150851 1.11143 17.2583 10.6756 34 15.6519 6.2588 63.0453
150852 1.24673 17.7462 10.4833 34 15.7603 6.02361 63.4763
150859 1.24673 17.7462 10.4833 34 15.7603 6.02361 63.4763
150889 1.28539 18.2532 10.2708 34 15.9447 5.81392 63.8095
