170779 19.03 23.6106 18.5666 14.0569 0.0235647 -1.99638 75.2641
170785 19.1166 21.0754 20.1837 13.0501 -1.7619 -1.42147 73.4258
170794 18.9434 17.4401 21.8817 11.8981 -4.09295 -0.556642 70.1632
170802 18.9434 17.4401 21.8817 11.8981 -4.09295 -0.556642 70.1632
170809 18.7702 13.0651 24.2872 11.1429 -7.0056 0.801628 67.2654
170819 19.0204 9.27448 27.8448 11.4915 -9.64765 2.44889 67.6311
170829 19.0204 9.27448 27.8448 11.4915 -9.64765 2.44889 67.6311
170839 19.8381 7.22524 31.8068 12.8371 -11.0109 3.67756 71.7073
170854 19.8381 7.22524 31.8068 12.8371 -11.0109 3.67756 71.7073
170860 20.6752 6.22467 34 14.0279 -11.4853 4.22969 74.9277
170870 21.3486 6.03226 34 14.6475 -11.4 4.19579 76.0284
170880 21.3486 6.03226 34 14.6475 -11.4 4.19579 76.0284
170890 21.3967 5.97453 34 14.3571 -11.576 4.1568 75.7283
170900 20.9349 5.7725 34 13.7665 -11.882 4.24157 74.4739
170915 20.9349 5.7725 34 13.7665 -11.882 4.24157 74.4739
170921 20.223 5.53198 33.5351 13.0501 -12.1564 4.31923 72.3401
170931 20.223 5.53198 33.5351 13.0501 -12.1564 4.31923 72.3401
170941 19.5784 5.27221 32.2818 12.5273 -12.2239 4.29772 69.6597
170951 19.0108 5.0798 31.3823 12.0142 -12.3353 4.29104 67.4871
170961 19.0108 5.0798 31.3823 12.0142 -12.3353 4.29104 67.4871
170971 18.7414 5.00283 30.6445 11.7141 -12.3553 4.22397 66.1028
170981 18.5297 4.92586 30.1088 11.4915 -12.3821 4.18364 65.0558
171009 18.5393 5.02207 29.937 11.4624 -12.312 4.11894 64.9608
171024 18.4816 5.01245 29.8763 11.4721 -12.2888 4.13025 64.8425
171032 18.5008 5.05093 30.0684 11.5979 -12.236 4.1663 65.2181
171042 18.5008 5.05093 30.0684 11.5979 -12.236 4.1663 65.2181
171053 18.5586 5.05093 30.2806 11.6754 -12.2446 4.19729 65.5655
171062 18.6644 5.0798 30.5535 11.8013 -12.2305 4.22334 66.099
171080 18.6644 5.0798 30.5535 11.8013 -12.2305 4.22334 66.099
171092 18.7702 5.05093 30.9578 12.0142 -12.2254 4.30078 66.7932
171099 18.7702 5.05093 30.9578 12.0142 -12.2254 4.30078 66.7932
171111 18.9242 5.10866 31.4935 12.1982 -12.2226 4.35415 67.7245
171119 19.1839 5.15676 31.9988 12.3628 -12.2497 4.37123 68.7023
171139 19.4918 5.19525 32.3829 12.5273 -12.2678 4.35861 69.5973
171145 19.7131 5.33956 32.676 12.6241 -12.2331 4.31699 70.3528
171173 20.0402 5.43577 32.8478 12.5854 -12.2928 4.22173 70.9092
171176 20.4635 5.43577 32.6861 12.4789 -12.3954 4.06655 71.0643
171186 20.4635 5.5416 32.6861 12.4789 -12.3398 4.03819 71.1701
171196 20.858 5.67629 32.5244 12.4208 -12.341 3.86355 71.4795
171206 20.858 5.67629 32.5244 12.4208 -12.341 3.86355 71.4795
171216 21.1658 5.81098 32.302 12.2853 -12.3566 3.69121 71.5641
171226 21.541 5.83984 31.8977 12.1304 -12.4174 3.49689 71.409
171237 21.541 5.83984 31.8977 12.1304 -12.4174 3.49689 71.409
171247 22.3107 7.26372 31.5945 12.3531 -11.6592 2.93242 73.522
171257 22.8879 9.08206 30.8567 12.8565 -10.5063 2.32744 75.6832
171284 23.6384 12.5552 29.2295 13.2921 -8.58174 1.20588 78.7152
171289 23.6384 12.5552 29.2295 13.2921 -8.58174 1.20588 78.7152
171299 24.1579 16.1822 26.2782 12.8371 -6.73861 -0.231214 79.4555
171309 24.0905 18.9038 22.2253 11.6851 -5.1125 -1.77179 76.9047
171319 24.0905 18.9038 22.2253 11.6851 -5.1125 -1.77179 76.9047
171329 23.6384 20.6927 17.4548 10.3007 -3.50265 -3.4491 72.0866
171342 22.9457 22.0703 13.2661 9.79727 -1.59525 -4.83686 68.0794
171349 22.9457 22.0703 13.2661 9.79727 -1.59525 -4.83686 68.0794
171364 22.3684 23.5723 11.4244 11.8593 0.59185 -4.90946 69.2245
171370 22.3684 23.5723 11.4244 11.8593 0.59185 -4.90946 69.2245
171380 21.7046 25.2847 10.7363 14.8218 2.64159 -4.43116 72.5474
171390 20.3384 26.4232 9.88631 17.0675 4.49905 -4.03059 73.7155
171400 20.3384 26.4232 9.88631 17.0675 4.49905 -4.03059 73.7155
171410 18.1641 27.0833 9.11726 19.3155 6.48663 -3.42316 73.6802
171420 15.0188 27.5999 8.09524 21.882 9.08036 -2.61202 72.5958
171439 15.0188 27.5999 8.09524 21.882 9.08036 -2.61202 72.5958
171444 10.9693 27.9252 7.28571 24.8439 12.1487 -1.4287 71.0241
171452 10.9693 27.9252 7.28571 24.8439 12.1487 -1.4287 71.0241
171461 7.43206 28.4226 7.21488 28.2208 14.7273 -0.0881687 71.2903
171472 5.09324 29.2454 7.80179 31.5011 16.2447 1.01118 73.6415
171486 5.09324 29.2454 7.80179 31.5011 16.2447 1.01118 73.6415
171495 4.0398 29.9342 8.48988 33.8746 16.7933 1.64868 76.3384
171504 3.85617 30.2881 8.64167 34 16.8619 1.65995 76.786
171511 3.85617 30.2881 8.64167 34 16.8619 1.65995 76.786
171521 3.74986 29.8768 8.32798 34 17.0493 1.7184 75.9546
171531 3.74986 29.8768 8.32798 34 17.0493 1.7184 75.9546
171547 3.50824 28.9775 7.99405 32.9869 17.1718 1.73451 73.4667
171552 3.34395 28.04 7.56905 31.945 17.3037 1.7201 70.8979
171579 3.07334 27.2842 7.32619 30.9898 17.4283 1.73832 68.6735
171582 3.02501 26.9494 7.225 30.3916 17.4176 1.69599 67.591
171597 3.02501 26.9494 7.225 30.3916 17.4176 1.69599 67.591
171604 2.99602 26.6624 6.94167 29.8802 17.5258 1.61632 66.4803
171614 2.99602 26.6624 6.94167 29.8802 17.5258 1.61632 66.4803
171623 2.96703 26.5858 6.84048 29.5522 17.5639 1.55579 65.9455
171642 3.02501 26.7485 6.8506 29.3689 17.5177 1.46516 65.993
171653 3.02501 26.7485 6.8506 29.3689 17.5177 1.46516 65.993
171661 3.14099 27.1024 6.81012 29.311 17.5027 1.32851 66.3645
171670 3.13132 27.3894 6.73929 29.2628 17.581 1.23596 66.5228
171676 3.13132 27.3894 6.73929 29.2628 17.581 1.23596 66.5228
171685 3.16032 27.7051 6.73929 29.3014 17.6019 1.16026 66.9061
171697 3.16032 27.7051 6.73929 29.3014 17.6019 1.16026 66.9061
171705 3.18931 27.9539 6.66845 29.5329 17.6811 1.12664 67.3445
171720 3.25696 28.3844 6.90119 29.9285 17.5821 1.13662 68.471
171726 3.25696 28.3844 6.90119 29.9285 17.5821 1.13662 68.471
171739 3.31495 28.5853 6.92143 30.2855 17.5938 1.15184 69.1071
171746 3.28596 28.7957 7.02262 30.681 17.6141 1.20842 69.7853
171773 3.31495 29.0349 7.14405 30.8354 17.5643 1.2007 70.3293
171779 3.43093 29.0349 7.05298 30.7968 17.5451 1.14853 70.3156
171787 3.43093 29.3697 7.05298 30.7968 17.5804 1.072 70.6505
171803 3.58556 29.7524 7.04286 30.7582 17.5298 0.941073 71.139
171826 3.59522 30.0107 7.00238 30.5267 17.5511 0.827259 71.135
171829 3.60489 30.2212 6.94167 30.3144 17.5814 0.723817 71.0821
171837 3.60489 30.2212 6.94167 30.3144 17.5814 0.723817 71.0821
171856 3.65321 30.3647 6.90119 29.9767 17.5564 0.605122 70.8958
171868 3.7112 30.6612 6.66845 29.6101 17.6543 0.404692 70.651
171882 3.76919 30.9291 7.03274 29.2435 17.3903 0.333486 70.9745
171900 6.09835 32.0006 7.74107 28.7321 15.7208 -0.327009 74.5721
171913 8.75611 32.8807 8.69226 27.4875 13.7888 -1.0519 77.8166
171920 8.75611 32.8807 8.69226 27.4875 13.7888 -1.0519 77.8166
171930 10.979 33.0529 9.24881 24.9115 12.0653 -1.89372 78.1921
171940 13.7914 33.1007 9.21845 21.1198 10.1031 -3.21517 77.2303
171950 13.7914 33.1007 9.21845 21.1198 10.1031 -3.21517 77.2303
171960 15.7146 32.6033 8.76309 16.6612 8.40317 -4.65683 73.7421
171970 15.7146 32.6033 8.76309 16.6612 8.40317 -4.65683 73.7421
171985 16.9517 31.6657 8.79345 12.6532 6.62743 -5.81699 70.064
171991 18.2507 30.8908 10.5036 10.8815 4.6146 -5.90339 70.5266
172002 18.2507 30.8908 10.5036 10.8815 4.6146 -5.90339 70.5266
172011 19.511 29.9916 14.0452 11.2301 2.56271 -4.85985 74.7779
172024 20.5789 28.3652 17.1819 11.4527 0.662899 -3.92688 77.5788
172031 20.5789 28.3652 17.1819 11.4527 0.662899 -3.92688 77.5788
172050 21.06 25.4378 19.365 10.9203 -1.32416 -3.1672 76.7831
172060 21.06 25.4378 19.365 10.9203 -1.32416 -3.1672 76.7831
172070 21.0504 20.7884 21.2652 10.0296 -3.93031 -2.16262 73.1335
172079 21.0023 15.2201 23.7818 9.66173 -7.14201 -0.598328 69.6659
172082 21.0023 15.2201 23.7818 9.66173 -7.14201 -0.598328 69.6659
172092 21.4448 10.3424 27.0969 10.2039 -10.1304 1.19708 69.088
172102 22.2818 7.93718 30.4019 11.3559 -11.5977 2.40469 71.9768
172112 22.2818 7.93718 30.4019 11.3559 -11.5977 2.40469 71.9768
172128 23.369 6.94624 32.8276 12.4596 -12.1659 2.97053 75.6024
172134 23.369 6.94624 32.8276 12.4596 -12.1659 2.97053 75.6024
172144 24.206 6.80192 33.8181 12.9727 -12.2912 3.04301 77.7987
172155 24.5716 7.0232 33.5553 12.8759 -12.2484 2.85219 78.0259
172164 24.5716 7.0232 33.5553 12.8759 -12.2484 2.85219 78.0259
172182 24.3984 7.01358 32.393 12.3724 -12.2757 2.62941 76.1774
172184 23.7346 6.83079 30.8567 11.6754 -12.3414 2.45564 73.0975
172194 23.7346 6.83079 30.8567 11.6754 -12.3414 2.45564 73.0975
172212 22.8879 6.59989 29.3912 11.0945 -12.3564 2.35758 69.9736
172231 22.0028 6.2343 28.4411 10.717 -12.424 2.43066 67.3952
172235 21.1466 6.08036 27.9156 10.6008 -12.3134 2.5758 65.7433
172246 21.1466 6.08036 27.9156 10.6008 -12.3134 2.5758 65.7433
172255 20.3577 5.83984 27.8347 10.6782 -12.2369 2.85474 64.7105
172267 19.7804 5.5897 27.9964 10.8719 -12.1871 3.1519 64.2384
172275 19.7804 5.5897 27.9964 10.8719 -12.1871 3.1519 64.2384
172289 19.3763 5.51273 28.5422 11.1139 -12.1202 3.43179 64.5452
172296 19.3763 5.51273 28.5422 11.1139 -12.1202 3.43179 64.5452
172310 19.1551 5.41653 29.1183 11.3559 -12.1072 3.66726 65.0458
172316 19.0108 5.33956 29.7753 11.5786 -12.1255 3.88184 65.7042
172326 19.0108 5.33956 29.7753 11.5786 -12.1255 3.88184 65.7042
172336 18.9338 5.25297 30.22 11.8206 -12.1099 4.04376 66.2273
172355 18.8376 5.19525 30.7354 11.9949 -12.126 4.20086 66.7631
172368 18.9145 5.18563 31.0589 12.2369 -12.0745 4.27227 67.3959
172377 18.9145 5.18563 31.0589 12.2369 -12.0745 4.27227 67.3959
172387 19.0396 5.28183 31.1903 12.1885 -12.0973 4.22243 67.7002
172400 19.3475 5.39728 31.2206 12.2175 -12.0827 4.11247 68.1829
172407 19.3475 5.39728 31.2206 12.2175 -12.0827 4.11247 68.1829
172421 19.6457 5.50311 31.1195 12.1304 -12.1098 3.9696 68.3988
172427 20.146 5.62818 31.1296 12.1014 -12.1535 3.79467 69.0052
172454 20.6367 5.78212 30.8466 11.9271 -12.2029 3.54553 69.1925
172458 20.6367 5.78212 30.8466 11.9271 -12.2029 3.54553 69.1925
172469 21.0985 5.97453 30.7455 11.7819 -12.244 3.33068 69.6004
172478 21.618 6.13809 30.503 11.5495 -12.3313 3.07192 69.8086
172491 21.618 6.13809 30.503 11.5495 -12.3313 3.07192 69.8086
172499 22.5705 7.75439 29.846 11.6948 -11.4684 2.34102 71.8656
172509 23.571 10.2269 28.431 11.869 -10.09 1.31625 74.098
172518 23.571 10.2269 28.431 11.869 -10.09 1.31625 74.098
172529 24.2445 12.9785 25.9245 11.9271 -8.41276 0.125601 75.0746
172547 24.2445 12.9785 25.9245 11.9271 -8.41276 0.125601 75.0746
172560 24.7255 16.5671 21.72 11.0945 -6.33675 -1.71605 74.1071
172565 25.12 20.0805 16.6661 9.80695 -4.15029 -3.91932 71.6735
172573 25.12 20.0805 16.6661 9.80695 -4.15029 -3.91932 71.6735
172582 25.0719 22.4434 12.9018 11.1526 -1.52914 -4.91708 71.5697
172591 25.1873 25.8013 13.175 19.1515 1.9776 -3.35992 83.3152
172601 25.1873 25.8013 13.175 19.1515 1.9776 -3.35992 83.3152
172611 24.0521 27.4086 11.981 21.5732 3.80779 -3.15941 85.0148
172626 24.0521 27.4086 11.981 21.5732 3.80779 -3.15941 85.0148
172631 21.3294 27.8008 10.0077 21.8916 5.66315 -3.18973 81.0295
172641 17.2213 27.5234 8.45952 23.416 8.24148 -2.5194 76.6202
172671 12.3707 26.9876 7.35655 26.0596 11.4463 -1.22477 72.7744
172673 7.89596 26.605 7.15417 29.2821 14.3919 0.409232 70.9371
172695 7.89596 26.605 7.15417 29.2821 14.3919 0.409232 70.9371
172697 4.76464 26.7676 7.46786 32.7843 16.4797 1.82211 71.7844
172702 4.76464 26.7676 7.46786 32.7843 16.4797 1.82211 71.7844
172712 3.35361 27.4181 8.20655 34 17.0797 2.35032 72.9783
172724 2.95736 28.0687 8.5506 34 17.1796 2.3495 73.5766
172734 2.95736 28.0687 8.5506 34 17.1796 2.3495 73.5766
172744 2.98636 28.1835 8.34821 34 17.2913 2.28075 73.518
172754 2.99602 27.7817 7.96369 34 17.4667 2.30667 72.7414
172767 2.99602 27.7817 7.96369 34 17.4667 2.30667 72.7414
172774 2.7834 26.9876 7.41726 33.4115 17.7757 2.34938 70.5997
172789 2.58044 26.9876 7.03274 33.4115 18.1346 2.33019 70.0123
172795 2.58044 26.1362 7.03274 31.7906 17.8833 2.2446 67.5399
172812 2.4838 25.5526 6.65833 30.4881 17.9873 2.09641 65.1828
172825 2.47413 25.3039 6.33452 29.6198 18.0893 1.92436 63.7323
172836 2.53212 25.4187 6.28393 29.147 18.0453 1.77025 63.3817
172845 2.53212 25.4187 6.28393 29.147 18.0453 1.77025 63.3817
172860 2.66742 25.8492 6.26369 29.147 18.0146 1.61764 63.9273
172865 2.66742 25.8492 6.26369 29.147 18.0146 1.61764 63.9273
172886 2.76407 26.4997 6.31429 29.3496 18.0089 1.47859 64.9277
172888 2.90904 27.3033 6.38512 29.504 17.9698 1.28819 66.1014
172896 2.90904 27.3033 6.38512 29.504 17.9698 1.28819 66.1014
172911 3.04434 28.0208 6.375 29.6873 17.984 1.11664 67.1274
172916 3.18931 28.6235 6.375 30.0153 17.9884 1.00673 68.2032
172926 3.18931 28.6235 6.375 30.0153 17.9884 1.00673 68.2032
172937 3.30529 29.2932 6.45595 30.4205 17.975 0.923645 69.475
172947 3.40193 29.628 6.61786 30.6617 17.8745 0.90663 70.3096
172960 3.40193 29.628 6.61786 30.6617 17.8745 0.90663 70.3096
172976 3.3826 29.9437 6.70893 30.7968 17.8764 0.88507 70.8321
172984 3.3826 29.9437 6.70893 30.7968 17.8764 0.88507 70.8321
172989 3.43093 30.1064 6.67857 30.6907 17.8713 0.81064 70.9065
172997 3.49858 30.2307 6.50655 30.4591 17.9237 0.68669 70.695
173014 3.49858 30.2307 6.50655 30.4591 17.9237 0.68669 70.695
173019 3.58556 30.4795 6.41548 30.1022 17.9154 0.521221 70.5827
173031 3.60489 30.6134 6.31429 29.6969 17.938 0.382946 70.2295
173039 3.60489 30.6134 6.31429 29.6969 17.938 0.382946 70.2295
173049 3.64355 30.7378 6.26369 29.2821 17.916 0.249785 69.9271
173080 3.62422 30.8717 6.12202 28.7418 17.9741 0.0795597 69.3597
173082 3.63388 31.1874 6.66845 28.3751 17.627 0.0477326 69.8649
173090 3.63388 31.1874 6.66845 28.3751 17.627 0.0477326 69.8649
173105 6.45594 32.5172 7.0631 27.4393 15.8003 -0.9127 73.4755
173110 9.38431 33.5408 8.04464 25.6447 13.6256 -1.80822 76.6145
173120 9.38431 33.5408 8.04464 25.6447 13.6256 -1.80822 76.6145
173131 11.7425 33.8852 8.41905 22.0749 11.757 -2.98214 76.1216
173157 14.8641 34 8.19643 17.193 9.47174 -4.74215 74.2535
173161 16.9034 33.8756 8.925 12.9049 7.21405 -5.98048 72.6089
173171 16.9034 33.8756 8.925 12.9049 7.21405 -5.98048 72.6089
173182 18.8953 33.4164 13.2155 12.3918 4.39477 -5.14081 77.919
173196 20.4635 32.5363 16.6155 12.8662 2.52284 -4.27699 82.4814
173208 20.4635 32.5363 16.6155 12.8662 2.52284 -4.27699 82.4814
173214 21.3775 30.0298 18.1623 12.0046 0.764519 -3.90573 81.5742
173222 21.3775 30.0298 18.1623 12.0046 0.764519 -3.90573 81.5742
173232 21.6565 26.0788 19.7693 11.2785 -1.29106 -3.17723 78.7831
173242 21.2716 20.7693 21.9625 10.93 -3.8484 -1.83131 74.9334
173257 21.2716 20.7693 21.9625 10.93 -3.8484 -1.83131 74.9334
173264 20.6944 15.1143 24.5297 11.0268 -6.68499 -0.053013 71.3652
173278 20.2518 10.3424 27.5012 11.8109 -9.155 1.87062 69.9063
173292 20.2518 10.3424 27.5012 11.8109 -9.155 1.87062 69.9063
173293 20.3288 7.74477 30.2301 12.8952 -10.5054 3.17106 71.1989
173304 20.3288 7.74477 30.2301 12.8952 -10.5054 3.17106 71.1989
173321 20.7233 6.61913 32.0392 13.8246 -11.0369 3.79506 73.2062
173331 21.1947 6.71534 32.7568 14.2022 -11.0306 3.81646 74.869
173340 21.1947 6.71534 32.7568 14.2022 -11.0306 3.81646 74.869
173356 21.2716 6.76344 32.4637 13.9698 -11.0792 3.70595 74.4686
173359 21.1562 6.70572 31.5945 13.4374 -11.1833 3.53322 72.8938
173381 20.8772 6.53254 30.6445 12.8759 -11.3186 3.407 70.9301
173386 20.348 6.37861 29.8864 12.4692 -11.3584 3.39357 69.0823
173396 20.348 6.37861 29.8864 12.4692 -11.3584 3.39357 69.0823
173407 19.7419 6.0996 29.4721 12.2853 -11.4015 3.53168 67.5989
173419 19.7419 6.0996 29.4721 12.2853 -11.4015 3.53168 67.5989
173432 19.2609 5.8687 29.2497 12.1207 -11.4741 3.66334 66.5
173437 18.8568 5.64743 29.3002 12.0917 -11.5401 3.84416 65.8962
173447 18.8568 5.64743 29.3002 12.0917 -11.5401 3.84416 65.8962
173457 18.7221 5.61856 29.5226 12.1014 -11.5686 3.93012 65.9646
173467 18.7029 5.48387 29.7449 12.1595 -11.6523 4.02118 66.0912
173481 18.7029 5.48387 29.7449 12.1595 -11.6523 4.02118 66.0912
173487 18.7221 5.45501 30.1492 12.1885 -11.7372 4.09546 66.5149
173497 18.7221 5.45501 30.1492 12.1885 -11.7372 4.09546 66.5149
173507 18.828 5.32994 30.4828 12.2563 -11.8557 4.16636 66.8969
173522 18.9915 5.34918 30.7556 12.2175 -11.9516 4.152 67.3139
173540 19.2801 5.39728 30.7759 11.9949 -12.107 4.02383 67.4482
173555 19.6361 5.4069 30.7455 11.9174 -12.2062 3.90363 67.706
173580 20.1268 5.5416 30.6647 11.7528 -12.2995 3.69001 68.0859
173582 20.1268 5.5416 30.6647 11.7528 -12.2995 3.69001 68.0859
173590 20.5405 5.65705 30.5737 11.5108 -12.4287 3.49002 68.2821
173606 21.1851 5.74363 30.5232 11.3753 -12.5638 3.26247 68.8272
173632 21.7431 5.90719 30.3615 11.1333 -12.6777 3.00336 69.145
173635 22.2337 6.08036 30.2301 10.9396 -12.7525 2.77524 69.4838
173641 22.2337 6.08036 30.2301 10.9396 -12.7525 2.77524 69.4838
173660 22.811 6.10922 30.0987 10.7847 -12.8989 2.57076 69.8036
173662 22.811 6.10922 30.0987 10.7847 -12.8989 2.57076 69.8036
173671 23.2054 6.25354 29.9067 10.5427 -12.987 2.35817 69.9083
173690 23.6672 6.36899 29.7449 10.3781 -13.0649 2.15656 70.1593
173692 23.6672 6.36899 29.7449 10.3781 -13.0649 2.15656 70.1593
173704 24.004 6.47482 29.3811 10.2136 -13.0922 1.95135 70.0734
173712 24.3599 6.60951 29.0273 9.98121 -13.1458 1.72321 69.978
173728 24.3599 6.60951 29.0273 9.98121 -13.1458 1.72321 69.978
173732 25.4278 9.01471 28.4411 10.4459 -11.7307 0.909145 73.3296
173742 25.4278 9.01471 28.4411 10.4459 -11.7307 0.909145 73.3296
173752 26.313 11.8817 27.3193 11.3656 -9.88068 0.0956404 76.8795
173763 26.9479 15.0085 25.126 11.8884 -7.97038 -0.9387 78.9708
173777 26.9479 15.0085 25.126 11.8884 -7.97038 -0.9387 78.9708
173783 27.4675 18.655 21.5886 11.2107 -6.0789 -2.53223 78.9218
173800 27.4771 21.0563 17.9501 10.4556 -4.52153 -3.92409 76.939
173804 27.4771 21.0563 17.9501 10.4556 -4.52153 -3.92409 76.939
173813 26.6593 22.3286 15.1583 10.8912 -2.86449 -4.58538 75.0375
173824 26.6593 22.3286 15.1583 10.8912 -2.86449 -4.58538 75.0375
173833 24.966 23.6106 14.1667 14.8702 -0.210005 -3.77637 77.6134
173847 22.455 24.2037 12.7298 17.8394 2.22016 -3.12508 77.2279
173854 22.455 24.2037 12.7298 17.8394 2.22016 -3.12508 77.2279
173871 18.751 24.0315 10.4631 19.1322 4.81835 -2.73299 72.3778
173875 13.9943 23.7158 8.82381 21.9688 8.34509 -1.51473 68.5027
173885 13.9943 23.7158 8.82381 21.9688 8.34509 -1.51473 68.5027
173897 8.49517 23.6871 7.8119 26.3008 12.7011 0.43678 66.295
173905 8.49517 23.6871 7.8119 26.3008 12.7011 0.43678 66.295
173922 4.34906 24.1941 8.47976 31.1924 15.5968 2.44717 68.2154
173930 3.53724 25.6674 9.82559 34 15.8512 3.00306 73.0302
173936 3.53724 25.6674 9.82559 34 15.8512 3.00306 73.0302
173948 3.77885 26.8346 10.5946 34 15.4442 2.78851 75.208
173956 3.8465 27.179 10.6655 34 15.4137 2.7031 75.6909
173974 3.8465 27.179 10.6655 34 15.4137 2.7031 75.6909
173976 3.77885 26.7963 10.2506 34 15.6253 2.74146 74.8257
173986 3.77885 26.7963 10.2506 34 15.6253 2.74146 74.8257
174001 3.46958 25.9066 9.66369 34 16.0095 2.93419 73.0399
174007 3.23764 24.8351 9.00595 33.4018 16.3142 3.05085 70.4805
174017 3.23764 24.8351 9.00595 33.4018 16.3142 3.05085 70.4805
174036 3.02501 23.955 8.42917 31.7423 16.4714 2.94666 67.1515
174038 2.95736 22.9983 8.20655 30.6232 16.3839 2.98077 64.7854
174066 2.92837 22.5295 8.11548 30.0636 16.3228 2.99852 63.637
174069 2.92837 22.5295 8.11548 30.0636 16.3228 2.99852 63.637
174085 2.88971 22.166 8.18631 29.9574 16.2373 3.10636 63.1995
174089 2.99602 22.0799 8.53036 30.5363 16.015 3.27179 64.1426
174115 3.03468 22.1564 8.81369 31.1442 15.9067 3.39991 65.149
174119 3.16998 22.4052 9.14762 31.8967 15.7553 3.48303 66.6195
174129 3.16998 22.4052 9.14762 31.8967 15.7553 3.48303 66.6195
174140 3.21831 22.5582 9.38036 32.601 15.7032 3.58737 67.7579
174149 3.21831 22.5582 9.38036 32.601 15.7032 3.58737 67.7579
174165 3.29562 22.6922 9.66369 33.2089 15.5901 3.67804 68.8603
174174 3.25696 22.5008 9.97738 33.8842 15.4952 3.90059 69.6194
174193 3.16032 22.3286 10.2101 34 15.4085 4.029 69.6991
174200 3.2473 22.1469 10.3821 34 15.2335 4.08189 69.7763
174220 3.2473 22.1469 10.3821 34 15.2335 4.08189 69.7763
174221 3.22797 21.8694 10.5744 34 15.0947 4.1933 69.6718
174230 3.22797 21.8694 10.5744 34 15.0947 4.1933 69.6718
174248 3.20864 21.6781 10.6452 34 15.0378 4.26246 69.532
174251 3.18931 21.5346 10.797 34 14.9409 4.33102 69.5209
174261 3.18931 21.5346 10.797 34 14.9409 4.33102 69.5209
174273 3.15065 21.4294 10.8577 34 14.913 4.38041 69.4378
174281 3.18931 21.372 10.9185 34 14.8476 4.39492 69.4797
174307 3.19898 21.3241 10.9488 34 14.8176 4.41021 69.4719
174313 5.15122 21.3241 11.9911 34 13.1723 4.0396 72.4664
174332 5.15122 21.8886 11.9911 34 13.2637 3.89245 73.0309
174334 7.20011 22.5965 12.6792 34 12.0029 3.31135 76.4758
174342 7.20011 22.5965 12.6792 34 12.0029 3.31135 76.4758
174358 8.59181 22.4913 12.9321 31.4818 10.7452 2.64862 75.4971
174367 10.602 22.5487 13.8631 27.7577 8.64006 1.69918 74.7715
174374 10.602 22.5487 13.8631 27.7577 8.64006 1.69918 74.7715
174389 13.5594 23.1801 19.2337 25.7123 4.92722 1.50696 81.6854
174394 14.3229 22.4626 19.5369 19.5471 2.68551 0.454429 75.8695
174419 14.3229 22.4626 19.5369 19.5471 2.68551 0.454429 75.8695
174421 15.7146 21.3528 18.799 14.115 0.340882 -0.890242 69.9815
174424 15.7146 21.3528 18.799 14.115 0.340882 -0.890242 69.9815
174444 16.8357 20.4823 22.0333 14.1925 -1.42577 -0.222766 73.5438
174447 17.9236 19.4204 24.6712 14.6378 -2.78418 0.384536 76.653
174455 17.9236 19.4204 24.6712 14.6378 -2.78418 0.384536 76.653
174471 18.5008 17.3157 26.9554 14.6765 -4.34612 1.12631 77.4485
174475 18.5682 14.1426 28.9162 14.4055 -6.22638 2.09335 76.0324
174485 18.5682 14.1426 28.9162 14.4055 -6.22638 2.09335 76.0324
174501 18.4527 10.4194 30.6647 14.0279 -8.38384 3.22583 73.5647
174506 18.4527 10.4194 30.6647 14.0279 -8.38384 3.22583 73.5647
174516 18.5105 7.46576 32.4738 14.2699 -10.0552 4.28373 72.72
174531 18.7991 6.07074 34 14.9573 -10.7586 4.89402 73.8271
174536 18.7991 6.07074 34 14.9573 -10.7586 4.89402 73.8271
174546 19.1454 5.75325 34 15.3349 -10.7961 4.93769 74.2336
174560 19.2513 5.88795 34 15.3252 -10.7562 4.87198 74.4644
174571 19.2513 5.88795 34 15.3252 -10.7562 4.87198 74.4644
174588 18.8472 5.6378 34 15.0154 -10.9503 5.00618 73.5004
174604 18.0968 5.29145 33.4441 14.3958 -11.1802 5.1493 71.2281
174618 17.202 4.9451 32.3526 13.844 -11.254 5.27833 68.3437
174622 17.202 4.9451 32.3526 13.844 -11.254 5.27833 68.3437
174631 16.4588 4.59875 31.5844 13.389 -11.3793 5.43287 66.0309
174648 15.8789 4.37748 31.1498 13.0114 -11.503 5.56637 64.4176
174651 15.8789 4.37748 31.1498 13.0114 -11.503 5.56637 64.4176
174660 15.56 4.2043 31.069 12.9243 -11.5674 5.70026 63.7575
174675 15.56 4.2043 31.069 12.9243 -11.5674 5.70026 63.7575
174679 15.589 4.23316 31.261 12.992 -11.5586 5.71927 64.0752
174689 15.9756 4.27165 31.6249 12.9727 -11.7034 5.63276 64.8447
174710 16.5554 4.53141 31.7765 12.9049 -11.7441 5.38129 65.7682
174731 17.3079 4.65648 31.8573 12.8662 -11.8622 5.11918 66.6878
174746 18.1353 4.99321 31.7765 12.537 -12.0035 4.71183 67.4419
174760 18.1353 4.99321 31.7765 12.537 -12.0035 4.71183 67.4419
174763 18.8472 5.16638 31.5238 12.3144 -12.1184 4.38262 67.8517
174772 19.5976 5.33956 31.1195 11.9755 -12.2744 4.00351 68.0322
174786 19.5976 5.33956 31.1195 11.9755 -12.2744 4.00351 68.0322
174791 20.1749 5.52235 30.9073 11.8497 -12.3112 3.7382 68.4541
174817 20.7329 5.71477 30.7759 11.7335 -12.3485 3.49385 68.957
174819 20.7329 5.71477 30.7759 11.7335 -12.3485 3.49385 68.957
174821 21.262 5.84946 30.6748 11.6076 -12.4217 3.27931 69.3939
174831 21.262 5.84946 30.6748 11.6076 -12.4217 3.27931 69.3939
174846 21.541 5.93605 30.6849 11.5108 -12.4794 3.1688 69.6728
174851 21.8874 6.07074 30.5737 11.4624 -12.4753 3.01696 69.9943
174864 21.8874 6.07074 30.5737 11.4624 -12.4753 3.01696 69.9943
174878 22.0413 5.99377 30.4828 11.3366 -12.5954 2.95992 69.8544
174882 22.4743 6.92699 30.321 11.6657 -11.9777 2.64446 71.388
174909 23.2054 9.92869 29.846 12.1691 -10.2974 1.77268 75.1493
174912 23.2054 9.92869 29.846 12.1691 -10.2974 1.77268 75.1493
174922 23.6961 13.0651 28.896 13.1372 -8.37297 1.00363 78.7944
174936 23.7057 16.4997 26.5612 13.418 -6.34449 -0.0423145 80.1847
174942 23.7057 16.4997 26.5612 13.418 -6.34449 -0.0423145 80.1847
174967 23.5133 20.2048 23.044 12.5177 -4.36265 -1.54323 79.2798
174969 22.6378 22.0225 18.6474 11.2204 -2.69776 -2.97723 74.5282
174998 21.3198 23.2566 14.0958 9.90376 -0.822161 -4.50087 68.576
174998 21.3198 23.2566 14.0958 9.90376 -0.822161 -4.50087 68.576
175005 19.9536 24.1463 10.7565 9.96185 1.3106 -5.41086 64.8183
175023 18.6452 25.677 9.80536 13.1953 3.87008 -4.75057 67.3228
175026 18.6452 25.677 9.80536 13.1953 3.87008 -4.75057 67.3228
175035 17.3945 27.4086 9.45119 17.3859 6.26354 -3.7617 71.6401
175049 15.7049 29.0062 8.99583 20.8593 8.43702 -2.9885 74.5662
175060 15.7049 29.0062 8.99583 20.8593 8.43702 -2.9885 74.5662
175075 13.2308 30.3647 8.27738 24.3615 10.8934 -2.15583 76.2344
175077 9.53894 31.3213 7.07321 26.9955 13.9147 -1.35961 74.9289
175091 9.53894 31.3213 7.07321 26.9955 13.9147 -1.35961 74.9289
175102 5.59579 31.8188 6.33452 29.1373 16.8158 -0.399812 72.8865
175106 5.59579 31.8188 6.33452 29.1373 16.8158 -0.399812 72.8865
175131 3.82717 32.6224 6.66845 31.2599 17.9444 0.298235 74.378
175132 3.98181 33.5312 7.11369 32.6493 17.8209 0.436728 77.276
175136 3.98181 33.5312 7.11369 32.6493 17.8209 0.436728 77.276
175162 4.00114 33.8756 7.0125 32.5528 17.8891 0.327054 77.442
175162 4.00114 33.8756 7.0125 32.5528 17.8891 0.327054 77.442
175166 3.85617 33.3208 6.5875 31.4915 18.0612 0.179797 75.2559
175177 3.65321 32.4024 6.12202 30.1504 18.2424 0.0449699 72.328
175189 3.65321 32.4024 6.12202 30.1504 18.2424 0.0449699 72.328
175197 3.4116 31.4361 5.6869 29.0023 18.4578 -0.0342008 69.5369
175218 3.17965 30.5943 5.49464 28.1725 18.569 -0.0237393 67.4411
175219 3.17965 30.5943 5.49464 28.1725 18.569 -0.0237393 67.4411
175227 2.96703 30.0777 5.39345 27.8831 18.697 0.0524372 66.3212
175252 2.96703 30.0777 5.39345 27.8831 18.697 0.0524372 66.3212
175267 2.98636 29.6854 5.41369 27.8156 18.6268 0.126885 65.901
175269 2.98636 29.628 5.3631 27.8445 18.6576 0.135185 65.822
175292 3.10233 29.8481 5.45417 27.912 18.5488 0.0940508 66.3166
175294 3.13132 30.269 5.46429 28.0278 18.5751 0.0205815 66.8924
175299 3.13132 30.269 5.46429 28.0278 18.5751 0.0205815 66.8924
175321 3.112 30.5751 5.53512 28.1918 18.5866 0.00886202 67.4141
175322 3.18931 30.5751 5.40357 28.1918 18.6217 -0.0376439 67.3598
175330 3.18931 30.7665 5.40357 28.2304 18.6434 -0.0714129 67.5898
175353 3.16998 30.9387 5.34286 28.2401 18.712 -0.116495 67.6916
175354 3.16998 30.9387 5.34286 28.2401 18.712 -0.116495 67.6916
175360 3.17965 31.063 5.3631 28.4427 18.723 -0.0963056 68.0484
175385 3.16032 31.2831 5.46429 28.8286 18.7263 -0.0328428 68.7363
175389 3.16032 31.2831 5.46429 28.8286 18.7263 -0.0328428 68.7363
175391 3.13132 31.5127 5.54524 29.2338 18.7509 0.029186 69.423
175402 3.25696 31.5127 5.70714 29.5329 18.5979 0.100792 70.0097
175417 3.25696 31.8188 5.70714 29.5329 18.6258 0.0350493 70.3158
175421 3.25696 32.2302 5.66667 29.7838 18.7102 -0.00775784 70.9376
175431 3.25696 32.2302 5.66667 29.7838 18.7102 -0.00775784 70.9376
175453 3.40193 32.6511 5.55536 29.7162 18.7208 -0.16434 71.3246
175455 3.44059 33.0433 5.56548 29.7355 18.727 -0.247181 71.7849
175462 3.44059 33.0433 5.56548 29.7355 18.727 -0.247181 71.7849
175482 3.45026 33.1773 5.70714 29.7452 18.6477 -0.244562 72.0798
175483 3.49858 33.3303 5.64643 29.6487 18.6602 -0.318989 72.124
175492 3.49858 33.3303 5.64643 29.6487 18.6602 -0.318989 72.124
175511 3.46958 33.4451 5.55536 29.2435 18.7076 -0.442572 71.7135
175514 3.46958 33.4451 5.55536 29.2435 18.7076 -0.442572 71.7135
175522 3.62422 33.4834 6.07143 28.9154 18.2757 -0.441244 72.0945
175542 5.80841 34 6.24345 28.0568 16.8688 -1.11489 74.1086
175546 5.80841 34 6.24345 28.0568 16.8688 -1.11489 74.1086
175563 7.48039 34 6.61786 26.9279 15.6044 -1.58637 75.0262
175564 8.34053 34 6.94167 24.9983 14.7132 -2.10026 74.2805
175574 8.34053 34 6.94167 24.9983 14.7132 -2.10026 74.2805
175590 9.93519 34 7.36667 22.4898 13.2765 -2.86186 73.7916
175593 9.93519 34 7.36667 22.4898 13.2765 -2.86186 73.7916
175604 11.7521 34 10.9286 21.4478 10.485 -2.56803 78.1285
175619 12.7766 33.713 12.9827 19.0165 8.59044 -2.76926 78.4888
175625 12.7766 33.713 12.9827 19.0165 8.59044 -2.76926 78.4888
175635 13.4531 32.1154 13.2863 15.6446 7.05395 -3.34986 74.4994
175648 14.0233 30.3264 14.9256 14.4926 5.37839 -3.03618 73.7679
175655 14.0233 30.3264 14.9256 14.4926 5.37839 -3.03618 73.7679
175678 14.6612 28.3844 17.2628 14.3087 3.60811 -2.3066 74.617
175679 14.6612 28.3844 17.2628 14.3087 3.60811 -2.3066 74.617
175686 15.1541 25.7057 19.4762 13.844 1.65792 -1.52458 74.1799
175708 15.676 21.9364 21.7907 13.2825 -0.773129 -0.524006 72.6855
175709 15.676 21.9364 21.7907 13.2825 -0.773129 -0.524006 72.6855
175716 16.1109 16.9808 24.4084 12.8565 -3.79568 0.88975 70.3566
175734 16.7197 11.3718 27.8044 12.7984 -7.40742 2.73194 68.6944
175737 16.7197 11.3718 27.8044 12.7984 -7.40742 2.73194 68.6944
175747 17.837 7.17714 31.4935 13.7375 -10.1131 4.31705 70.2451
175774 19.2224 5.8206 34 14.8218 -11.0269 4.82884 73.8648
175790 20.5308 6.16695 34 15.3155 -10.8693 4.46324 76.0133
175804 21.2524 6.36899 34 15.1122 -11.0028 4.20105 76.7336
175820 21.5314 6.3305 34 14.4636 -11.378 4.04877 76.3255
175821 21.5314 6.3305 34 14.4636 -11.378 4.04877 76.3255
175829 21.1947 6.10922 33.3936 13.5342 -11.7689 3.96539 74.2316
175847 21.1947 6.10922 33.3936 13.5342 -11.7689 3.96539 74.2316
175857 20.6655 5.8206 31.8371 12.5757 -12.0264 3.79273 70.899
175858 20.1653 5.55122 30.3716 11.7141 -12.2679 3.6214 67.8022
175875 20.1653 5.55122 30.3716 11.7141 -12.2679 3.6214 67.8022
175879 19.7035 5.3588 29.3508 11.0461 -12.4693 3.51394 65.4592
175905 19.4244 5.1279 28.6837 10.6105 -12.6748 3.46342 63.8465
175906 19.4244 5.1279 28.6837 10.6105 -12.6748 3.46342 63.8465
175913 19.4629 5.07018 28.4209 10.3685 -12.8095 3.37707 63.3225
175935 19.4629 5.07018 28.4209 10.3685 -12.8095 3.37707 63.3225
175936 19.7035 5.11828 28.4007 10.2329 -12.9039 3.26495 63.4554
175941 20.0787 5.28183 28.4614 10.2426 -12.8837 3.12422 64.0645
175951 20.0787 5.28183 28.4614 10.2426 -12.8837 3.12422 64.0645
175963 20.5405 5.37804 28.8757 10.3007 -12.957 3.05506 65.0949
175971 20.9542 5.55122 29.3103 10.4556 -12.9233 3.00142 66.2713
175993 20.9542 5.55122 29.3103 10.4556 -12.9233 3.00142 66.2713
175994 21.339 5.59932 29.7753 10.6008 -12.9668 2.9944 67.3144
176022 21.5314 5.69553 30.1391 10.7073 -12.9521 3.00106 68.0733
176023 21.8297 5.69553 30.3817 10.8525 -12.9667 2.99065 68.7594
176032 21.8297 5.69553 30.3817 10.8525 -12.9667 2.99065 68.7594
176051 22.0028 5.7725 30.6445 10.9203 -12.9631 2.983 69.3401
176052 22.1856 5.88795 30.9376 11.0171 -12.9298 2.97332 70.0282
176082 22.3877 5.95529 31.261 11.1623 -12.9055 2.98455 70.7663
176084 22.5705 5.95529 31.6956 11.1623 -13.0101 3.01165 71.3837
176094 22.5705 5.8687 31.6956 11.3172 -12.9738 3.05946 71.452
176110 22.5224 5.8687 31.8775 11.4043 -12.9501 3.11641 71.6729
176113 22.5224 5.8687 31.8775 11.4043 -12.9501 3.11641 71.6729
176124 22.5705 5.94567 32.11 11.5302 -12.8903 3.14402 72.1563
176138 22.455 5.88795 32.2313 11.6173 -12.8758 3.22177 72.1915
176145 22.455 5.88795 32.2313 11.6173 -12.8758 3.22177 72.1915
176165 22.3299 5.84946 32.2717 11.627 -12.8767 3.2713 72.0781
176166 22.4839 7.08093 32.2616 12.537 -11.8094 3.07284 74.3634
176175 22.4839 7.08093 32.2616 12.537 -11.8094 3.07284 74.3634
176195 22.4069 8.44709 31.6754 13.4277 -10.6006 2.81391 75.957
176196 22.4069 8.44709 31.6754 13.4277 -10.6006 2.81391 75.957
176210 22.0221 9.95755 30.0583 13.844 -9.31673 2.35681 75.8819
176222 21.4256 11.4199 27.5618 14.4636 -7.71459 1.83914 74.8709
176229 21.4256 11.4199 27.5618 14.4636 -7.71459 1.83914 74.8709
176237 20.6752 13.1517 28.047 23.7344 -3.45646 3.14594 85.6082
176251 19.3763 13.3056 24.9542 25.7412 -1.58429 3.24071 83.3774
176266 19.3763 13.3056 24.9542 25.7412 -1.58429 3.24071 83.3774
176269 16.8937 12.9015 19.1831 22.8082 -0.127846 2.5484 71.7865
176287 14.4969 12.3339 16.322 23.3871 1.84178 2.90314 66.5399
176297 12.2257 12.18 14.8952 26.0017 4.23442 3.78804 65.3026
176312 12.2257 12.18 14.8952 26.0017 4.23442 3.78804 65.3026
176318 9.83854 12.0838 14.4702 30.2469 6.76096 5.13093 66.6394
176341 7.08414 12.0838 14.4905 34 9.05621 6.50088 67.6584
176342 7.08414 12.0838 14.4905 34 9.05621 6.50088 67.6584
176348 4.06879 12.1319 14.4905 34 10.6555 7.48708 64.6911
176372 4.06879 12.1319 14.4905 34 10.6555 7.48708 64.6911
176374 1.64298 12.3916 14.4601 34 12.1164 8.26282 62.4947
176380 0.676521 12.8919 15.1077 34 12.4081 8.50546 62.6762
176390 0.676521 12.8919 15.1077 34 12.4081 8.50546 62.6762
176409 0.763502 13.4307 15.4315 34 12.2732 8.30734 63.6257
176411 0.763502 13.5076 15.1685 34 12.4432 8.25131 63.4396
176420 0.763502 13.5076 15.1685 34 12.4432 8.25131 63.4396
176442 0.628198 13.3056 14.531 34 12.8658 8.308 62.4648
176444 0.57021 12.9689 13.6405 34 13.3861 8.36098 61.1796
176479 0.434906 12.6033 12.9423 34 13.8487 8.47878 59.9804
176480 0.434906 12.6033 12.9423 34 13.8487 8.47878 59.9804
176483 0.405912 12.2184 12.4667 34 14.1078 8.59072 59.091
176492 0.454235 12.1222 12.2643 34 14.1924 8.58788 58.8408
176513 0.454235 12.1222 12.2643 34 14.1924 8.58788 58.8408
176515 0.347925 12.0068 12.3655 34 14.1746 8.68801 58.7202
176547 0.367254 12.0357 12.6083 34 14.0058 8.69464 59.0112
176548 0.367254 12.0357 12.6083 34 14.0058 8.69464 59.0112
176550 0.483229 12.2377 12.7804 34 13.8544 8.58623 59.5013
176577 0.550881 12.3435 12.9625 34 13.7119 8.53739 59.8569
176578 0.666856 12.6321 12.9321 34 13.711 8.37602 60.2311
176592 0.666856 12.6321 12.9321 34 13.711 8.37602 60.2311
176610 0.676521 12.7957 12.9018 34 13.7548 8.30562 60.374
176610 0.724844 13.0266 12.831 34 13.8121 8.19038 60.5824
176620 0.724844 13.0266 12.831 34 13.8121 8.19038 60.5824
176647 0.773167 13.2767 12.9018 34 13.7821 8.08473 60.9517
176649 0.821489 13.5365 13.0536 34 13.7032 7.98602 61.4116
176651 0.821489 13.5365 13.0536 34 13.7032 7.98602 61.4116
176656 0.908471 13.8155 13.0839 34 13.6807 7.85335 61.8079
176675 0.908471 13.8155 13.0839 34 13.6807 7.85335 61.8079
176676 0.966458 13.9983 13.2964 34 13.5459 7.78936 62.2612
176686 1.01478 14.1715 13.1649 34 13.6292 7.69319 62.3511
176708 1.01478 14.1715 13.1649 34 13.6292 7.69319 62.3511
176709 1.0921 14.691 12.9119 34 13.8316 7.44768 62.695
176717 1.2274 15.2105 12.669 34 13.9898 7.18568 63.107
176745 1.2274 15.2105 12.669 34 13.9898 7.18568 63.107
176746 1.29505 15.8455 12.5071 34 14.1573 6.92089 63.6477
176748 1.29505 15.8455 12.5071 34 14.1573 6.92089 63.6477
176758 1.44002 16.519 12.0619 34 14.4551 6.58447 64.0209
176777 2.06822 17.3827 12.5679 34 13.9152 6.1612 66.0187
176779 2.06822 17.3827 12.5679 34 13.9152 6.1612 66.0187
176787 3.59522 18.5689 12.4363 34 13.3153 5.30729 68.6005
176814 3.59522 18.5689 12.4363 34 13.3153 5.30729 68.6005
176815 5.35418 19.7648 12.0923 33.9035 12.7336 4.40348 71.1147
176822 7.1228 20.8267 14.2173 29.7934 10.1723 3.34794 71.9602
176829 7.1228 20.8267 14.2173 29.7934 10.1723 3.34794 71.9602
176849 10.0898 22.3478 21.2955 27.6322 5.71334 3.04001 81.3653
176852 11.1529 22.4147 19.8603 20.5891 4.04995 1.39462 74.0171
176858 11.1529 22.4147 19.8603 20.5891 4.04995 1.39462 74.0171
176887 12.9989 22.3765 20.1736 17.0675 2.15914 0.38541 72.6165
