5926730 16.5948 20.6162 24.085 20.9943 0.282741 1.43424 82.2904
5926740 17.1443 18.5689 25.8234 19.0261 -1.66724 1.70109 80.5628
5926750 17.6927 16.4255 28.3805 17.7043 -3.72286 2.23806 80.203
5926760 17.6927 16.4255 28.3805 17.7043 -3.72286 2.23806 80.203
5926770 18.4912 14.5105 31.0488 16.9303 -5.5875 2.77424 80.9808
5926780 19.4052 12.9263 33.7473 16.3552 -7.23945 3.23369 82.434
5926806 20.348 11.5161 34 15.9457 -8.21608 3.31528 81.8099
5926814 21.1273 10.2279 34 15.8411 -8.94695 3.41504 81.1963
5926831 21.8778 8.96569 34 15.8498 -9.62356 3.53308 80.6933
5926841 21.8778 8.96569 34 15.8498 -9.62356 3.53308 80.6933
5926852 22.3299 7.91244 34 15.632 -10.2616 3.64127 79.8744
5926861 22.8495 7.17255 34 15.3967 -10.791 3.65934 79.4187
5926871 22.8495 7.17255 34 15.3967 -10.791 3.65934 79.4187
5926882 23.1958 6.58935 34 15.388 -11.1207 3.71392 79.1732
5926891 23.1188 6.31951 34 15.3096 -11.2669 3.7851 78.7479
5926903 23.1188 6.31951 34 15.3096 -11.2669 3.7851 78.7479
5926916 22.657 6.01485 34 15.0743 -11.4372 3.93635 77.7462
5926925 22.657 6.01485 34 15.0743 -11.4372 3.93635 77.7462
5926933 22.2626 5.95392 34 14.7345 -11.5574 3.99956 76.951
5926946 22.1568 6.04096 34 14.3598 -11.6762 3.95038 76.5575
5926953 22.1568 6.04096 34 14.3598 -11.6762 3.95038 76.5575
5926963 22.1183 6.09319 34 14.0897 -11.7742 3.90785 76.3012
5926981 21.8681 6.09319 34 13.8631 -11.8404 3.93708 75.8245
5926985 21.8681 6.06708 34 13.8631 -11.8531 3.94361 75.7984
5926993 21.4833 5.99744 34 13.7324 -11.884 4.03886 75.2132
5927003 21.4833 5.99744 34 13.7324 -11.884 4.03886 75.2132
5927019 21.0792 5.84946 34 13.7673 -11.8689 4.18468 74.696
5927024 20.8387 5.80594 34 13.8631 -11.8007 4.27173 74.5078
5927034 20.8387 5.80594 34 13.8631 -11.8007 4.27173 74.5078
5927044 20.6752 5.76242 34 14.1681 -11.6428 4.36908 74.6057
5927054 20.6463 5.77983 34 14.4992 -11.4672 4.41902 74.9253
5927064 20.6463 5.77983 34 14.4992 -11.4672 4.41902 74.9253
5927079 20.5693 5.78853 34 14.7258 -11.339 4.4686 75.0836
5927085 20.5693 5.78853 34 14.7258 -11.339 4.4686 75.0836
5927098 20.4827 5.71889 34 14.9436 -11.2516 4.53961 75.1452
5927105 20.5212 5.71889 34 15.1963 -11.1372 4.56468 75.4364
5927131 20.4924 5.65796 34 15.266 -11.1277 4.59762 75.4163
5927137 20.3769 5.61444 34 15.3183 -11.1022 4.64621 75.3096
5927146 20.3769 5.61444 34 15.3183 -11.1022 4.64621 75.3096
5927156 20.1364 5.58833 34 15.327 -11.0661 4.71721 75.0517
5927166 20.1364 5.58833 34 15.327 -11.0661 4.71721 75.0517
5927176 19.7227 5.71019 34 15.4316 -10.88 4.80843 74.8645
5927191 19.309 6.05837 34 15.6668 -10.5231 4.85768 75.0342
5927198 19.309 6.05837 34 15.6668 -10.5231 4.85768 75.0342
5927208 18.9338 7.09421 34 16.3116 -9.66992 4.7715 76.3396
5927218 18.8376 8.93088 34 18.0613 -8.09392 4.56462 79.8298
5927237 18.8376 8.93088 34 18.0613 -8.09392 4.56462 79.8298
5927238 18.9626 11.5771 34 20.454 -6.1568 4.22048 84.9937
5927248 18.9626 11.5771 34 20.454 -6.1568 4.22048 84.9937
5927258 18.5682 13.4921 34 22.3933 -4.71514 4.12641 88.4536
5927269 17.7312 15.2156 34 23.6862 -3.53885 4.09444 90.6329
5927289 16.7354 16.9042 30.6344 24.1396 -1.78873 3.58559 88.4136
5927304 15.7101 18.3776 26.6421 24.2747 0.0882536 2.96968 85.0045
5927310 15.7101 18.3776 26.6421 24.2747 0.0882536 2.96968 85.0045
5927320 14.8915 19.7361 22.8722 24.6606 2.0183 2.3561 82.1604
5927329 14.8915 19.7361 22.8722 24.6606 2.0183 2.3561 82.1604
5927341 14.5277 21.2285 19.8704 25.9052 3.9051 1.84334 81.5318
5927358 14.197 22.7783 17.9197 27.8927 5.60297 1.60118 82.7877
5927367 14.197 22.7783 17.9197 27.8927 5.60297 1.60118 82.7877
5927375 13.6595 23.9741 16.7757 29.7934 6.92742 1.59178 84.2028
5927387 12.7665 24.7299 15.9907 31.7906 8.13908 1.80906 85.2776
5927393 12.7665 24.7299 15.9907 31.7906 8.13908 1.80906 85.2776
5927401 11.5593 25.2561 15.4299 33.9035 9.33568 2.17961 86.1488
5927410 11.5593 25.2561 15.4299 33.9035 9.33568 2.17961 86.1488
5927420 10.1785 25.6483 14.9065 34 10.1977 2.31546 84.7333
5927435 8.80593 25.7248 14.5421 34 10.9473 2.52995 83.0728
5927441 8.80593 25.7248 14.5421 34 10.9473 2.52995 83.0728
5927455 7.64835 25.7918 14.3364 34 11.558 2.73238 81.7766
5927461 6.75535 25.677 14.4673 34 11.8833 2.97312 80.8996
5927474 6.75535 25.677 14.4673 34 11.8833 2.97312 80.8996
5927481 6.12695 25.7153 14.4486 34 12.1869 3.10242 80.2908
5927496 6.12695 25.7153 14.4486 34 12.1869 3.10242 80.2908
5927506 5.65564 25.6292 14.3738 34 12.4279 3.21793 79.6586
5927513 5.46547 25.5909 14.2523 34 12.569 3.25235 79.3087
5927541 5.44893 25.5144 14.1215 34 12.6269 3.2544 79.0848
5927543 5.46547 25.2273 14.1495 34 12.5606 3.3212 78.8423
5927564 5.41586 24.8064 13.9907 34 12.5938 3.40769 78.2129
5927590 5.27529 24.3759 13.9065 34 12.6338 3.53066 77.5577
5927594 5.22568 24.1272 13.9346 34 12.6045 3.60635 77.2874
5927607 5.22568 24.1272 13.9346 34 12.6045 3.60635 77.2874
5927614 5.17607 23.9263 13.8131 34 12.6558 3.64896 76.9154
5927628 5.10165 23.9454 13.7103 34 12.7458 3.64719 76.7573
5927639 5.10165 23.9454 13.7103 34 12.7458 3.64719 76.7573
5927649 5.15953 24.1559 13.6542 34 12.7785 3.5739 76.9696
5927655 5.28356 24.5003 13.514 34 12.8408 3.44062 77.2979
5927671 5.28356 24.5003 13.514 34 12.8408 3.44062 77.2979
5927676 5.26702 24.6916 13.4953 34 12.8881 3.39621 77.454
5927685 5.26702 24.6916 13.4953 34 12.8881 3.39621 77.454
5927704 5.3249 24.8734 13.4393 34 12.9155 3.33105 77.6375
5927717 5.33317 25.036 13.6355 34 12.8413 3.32025 78.0047
5927721 5.33317 25.036 13.6355 34 12.8413 3.32025 78.0047
5927730 5.38278 25.2656 13.9159 34 12.7179 3.29682 78.5643
5927740 5.54815 25.39 14.1121 34 12.5647 3.25881 79.0503
5927750 5.54815 25.39 14.1121 34 12.5647 3.25881 79.0503
5927758 5.91196 25.457 14.1963 34 12.3637 3.17237 79.5652
5927768 5.91196 25.457 14.1963 34 12.3637 3.17237 79.5652
5927778 6.52383 25.5144 14.3271 34 12.0274 3.04029 80.3653
5927788 7.64008 25.5622 14.6075 34 11.4029 2.82458 81.8097
5927798 7.64008 25.5622 14.6075 34 11.4029 2.82458 81.8097
5927808 8.98784 25.5813 15.6075 34 10.3907 2.67978 84.1766
5927818 10.2695 25.3517 17.4346 34 9.08833 2.72471 87.0558
5927833 10.2695 25.3517 17.4346 34 9.08833 2.72471 87.0558
5927839 10.9144 24.7394 19.264 34 8.03019 2.97074 88.9178
5927853 10.9144 24.7394 19.264 34 8.03019 2.97074 88.9178
5927860 11.6586 23.9167 20.7194 34 7.07095 3.18027 90.2947
5927869 12.5929 22.9505 21.3359 31.9353 5.89908 2.99407 88.8146
5927881 12.5929 22.9505 21.3359 31.9353 5.89908 2.99407 88.8146
5927890 13.3949 21.7929 21.629 29.0795 4.61266 2.71035 85.8963
5927900 13.9076 20.2622 22.4174 26.3394 3.09812 2.63852 82.9266
5927919 13.9076 20.2622 22.4174 26.3394 3.09812 2.63852 82.9266
5927922 14.5029 18.7124 24.0951 24.0721 1.28605 2.75585 81.3826
5927930 14.5029 18.7124 24.0951 24.0721 1.28605 2.75585 81.3826
5927944 15.2554 17.2966 26.3288 22.374 -0.588751 2.98153 81.2547
5927950 16.107 16.1208 28.9768 21.1294 -2.3786 3.25716 82.3341
5927977 16.9835 15.0154 31.4732 19.9523 -4.04229 3.493 83.4244
5927987 18.0775 13.9534 33.7878 18.9296 -5.5996 3.66139 84.7483
5927991 18.0775 13.9534 33.7878 18.9296 -5.5996 3.66139 84.7483
5928001 19.1839 12.9611 34 18.0709 -6.57592 3.54908 84.216
5928012 19.1839 12.9611 34 18.0709 -6.57592 3.54908 84.216
5928026 20.1556 11.8469 34 17.3473 -7.48694 3.48137 83.3499
5928036 20.9157 10.8198 34 16.8519 -8.24704 3.47204 82.5873
5928043 20.9157 10.8198 34 16.8519 -8.24704 3.47204 82.5873
5928053 21.4063 9.7317 34 16.5643 -8.90743 3.56653 81.7024
5928071 21.8008 8.84383 34 16.2332 -9.49696 3.633 80.8778
5928074 21.8008 8.84383 34 16.2332 -9.49696 3.633 80.8778
5928083 22.0317 8.03431 34 15.9195 -10.0261 3.72321 79.9855
5928104 22.3492 7.59037 34 15.5448 -10.4467 3.69984 79.4844
5928110 22.3492 7.59037 34 15.5448 -10.4467 3.69984 79.4844
5928120 22.7244 7.27701 34 15.3096 -10.7607 3.65173 79.311
5928128 22.7244 7.27701 34 15.3096 -10.7607 3.65173 79.311
5928136 23.2054 7.12033 34 15.2834 -10.9289 3.57201 79.6092
5928144 23.3786 7.0681 34 15.022 -11.1014 3.50616 79.4688
5928154 23.3786 7.0681 34 15.022 -11.1014 3.50616 79.4688
5928175 23.648 7.09421 34 14.8652 -11.2077 3.41482 79.6074
5928178 23.9559 7.32053 34 14.5864 -11.2847 3.2512 79.8628
5928185 23.9559 7.32053 34 14.5864 -11.2847 3.2512 79.8628
5928198 24.0905 7.38146 34 14.1507 -11.4786 3.14207 79.6227
5928215 24.0521 7.28571 34 13.5495 -11.7943 3.08257 78.8872
5928225 23.9943 7.31183 34 13.1922 -11.9398 3.03561 78.4984
5928240 23.9943 7.31183 34 13.1922 -11.9398 3.03561 78.4984
5928248 23.9462 7.27701 34 12.896 -12.0883 3.00938 78.1192
5928256 23.9559 7.31183 34 12.8611 -12.09 2.99379 78.1288
5928271 23.9559 7.31183 34 12.8611 -12.09 2.99379 78.1288
5928277 24.0713 7.38146 34 12.7217 -12.1421 2.92978 78.1745
5928286 24.0713 7.38146 34 12.7217 -12.1421 2.92978 78.1745
5928299 23.9751 7.32924 34 12.5823 -12.2176 2.94234 77.8866
5928308 23.8019 7.34665 34 12.713 -12.1184 2.99848 77.8615
5928320 23.8019 7.34665 34 12.713 -12.1184 2.99848 77.8615
5928328 23.6672 7.39017 34 13.1922 -11.8483 3.09295 78.2496
5928338 23.5325 8.0169 34 13.8109 -11.2477 3.0736 79.3603
5928348 23.5325 8.0169 34 13.8109 -11.2477 3.0736 79.3603
5928358 23.3497 8.90476 34 14.2988 -10.5974 2.98764 80.5533
5928369 23.3497 8.90476 34 14.2988 -10.5974 2.98764 80.5533
5928378 23.0707 10.4977 34 14.8216 -9.63448 2.77701 82.3901
5928394 22.5608 12.9176 33.4845 15.7191 -8.09165 2.4312 84.6821
5928399 22.5608 12.9176 33.4845 15.7191 -8.09165 2.4312 84.6821
5928409 21.7816 15.6595 31.1397 17.5982 -5.70429 1.96629 86.1789
5928419 20.8291 18.5115 28.7545 20.5119 -2.97947 1.6803 88.607
5928444 20.8291 18.5115 28.7545 20.5119 -2.97947 1.6803 88.607
5928447 19.944 21.7546 26.3894 23.9081 -0.182261 1.40205 91.9961
5928450 19.944 21.7546 26.3894 23.9081 -0.182261 1.40205 91.9961
5928459 18.8953 24.5864 23.8728 26.6095 2.24231 1.11755 93.964
5928478 17.2309 26.2414 20.588 27.9506 4.4487 0.825929 92.0109
5928479 17.2309 26.2414 20.588 27.9506 4.4487 0.825929 92.0109
5928494 15.1396 27.0833 17.0505 28.6549 6.69525 0.594108 87.9284
5928499 13.1634 27.7434 14.3551 29.2628 8.72159 0.481119 84.5247
5928519 13.1634 27.7434 14.3551 29.2628 8.72159 0.481119 84.5247
5928521 11.5097 28.5757 12.3832 30.4977 10.6008 0.505414 82.9663
5928530 11.5097 28.5757 12.3832 30.4977 10.6008 0.505414 82.9663
5928544 10.1454 29.5802 11.0374 31.9835 12.2002 0.59736 82.7465
5928554 9.15321 30.8908 10.2804 33.672 13.4319 0.697941 83.9964
5928566 9.15321 30.8908 10.2804 33.672 13.4319 0.697941 83.9964
5928573 8.30982 32.1728 9.98131 34 14.1722 0.621339 84.4639
5928581 7.74757 33.426 9.78505 34 14.6817 0.461074 84.9586
5928593 7.74757 33.426 9.78505 34 14.6817 0.461074 84.9586
5928602 7.32588 34 9.71028 34 14.983 0.420599 85.0362
5928628 6.98687 34 9.86916 34 15.0679 0.509502 84.856
5928633 6.76362 34 9.91589 34 15.1514 0.558388 84.6795
5928643 6.76362 34 9.91589 34 15.1514 0.558388 84.6795
5928654 6.60652 34 9.7757 34 15.2929 0.563362 84.3822
5928669 6.58998 34 9.47664 34 15.4441 0.515065 84.0666
5928694 6.35846 34 9.02804 34 15.774 0.480216 83.3865
5928697 6.35846 34 9.02804 34 15.774 0.480216 83.3865
5928704 6.23444 34 8.80374 34 15.945 0.464117 83.0382
5928718 6.32539 34 8.49533 34 16.0525 0.393006 82.8207
5928724 6.32539 34 8.49533 34 16.0525 0.393006 82.8207
5928734 6.33366 34 8.18692 33.4694 16.1449 0.241971 81.9899
5928744 6.30058 34 7.86916 32.4274 16.2095 -0.000756383 80.5971
5928759 6.30058 34 7.86916 32.4274 16.2095 -0.000756383 80.5971
5928768 6.30058 34 7.73832 31.8002 16.208 -0.143169 79.8391
5928775 6.30058 34 7.73832 31.8002 16.208 -0.143169 79.8391
5928792 6.14348 34 7.75701 31.7809 16.2775 -0.113992 79.6814
5928804 6.19309 34 7.84112 32.0221 16.2348 -0.0618017 80.0564
5928807 6.19309 34 7.84112 32.0221 16.2348 -0.0618017 80.0564
5928817 6.11868 34 7.92523 32.3212 16.2624 0.0238502 80.3651
5928840 6.19309 34 7.98131 32.6107 16.2271 0.0740647 80.7851
5928845 6.19309 34 7.98131 32.6107 16.2271 0.0740647 80.7851
5928851 6.30058 34 8.3271 33.1992 16.0618 0.224692 81.8269
5928864 6.30058 34 8.3271 33.1992 16.0618 0.224692 81.8269
5928868 6.62305 34 8.8785 33.643 15.6779 0.342502 83.1446
5928876 7.38375 34 9.57944 33.6913 14.9809 0.334348 84.6545
5928889 7.38375 34 9.57944 33.6913 14.9809 0.334348 84.6545
5928896 8.92169 34 10.2617 33.1703 13.8925 0.0886327 86.3536
5928914 10.8648 34 11.1121 31.8388 12.4869 -0.326902 87.8158
5928918 10.8648 34 11.1121 31.8388 12.4869 -0.326902 87.8158
5928926 12.8161 34 12.4393 30.4881 10.9291 -0.649989 89.7435
5928953 13.9159 34 14.1402 29.4557 9.6708 -0.708094 91.5118
5928963 14.9825 34 15.6729 27.9024 8.43986 -0.876297 92.5578
5928968 14.9825 34 15.6729 27.9024 8.43986 -0.876297 92.5578
5928978 16.1401 34 16.1963 25.6737 7.42781 -1.34825 92.01
5928988 16.6114 32.5172 16.0467 23.2713 6.53794 -1.66381 88.4466
5928998 16.6114 32.5172 16.0467 23.2713 6.53794 -1.66381 88.4466
5929009 16.8016 30.7952 16.1308 20.811 5.52227 -1.89053 84.5386
5929018 16.8016 30.7952 16.1308 20.811 5.52227 -1.89053 84.5386
5929033 17.356 29.0827 16.729 18.7463 4.19467 -2.00761 81.914
5929039 18.2315 27.4373 17.9602 17 2.55666 -1.99219 80.6289
5929049 18.2315 27.4373 17.9602 17 2.55666 -1.99219 80.6289
5929059 19.2609 25.8013 19.5571 15.815 0.869763 -1.8071 80.4343
5929069 20.2037 24.1941 21.7503 15.0917 -0.821067 -1.3951 81.2399
5929095 21.2139 22.3095 24.843 14.7171 -2.71726 -0.715542 83.0835
5929105 21.2139 22.3095 24.843 14.7171 -2.71726 -0.715542 83.0835
5929110 22.2337 20.2144 28.3199 14.5951 -4.61092 0.0820291 85.3631
5929120 23.2343 17.7175 31.6249 14.3598 -6.55129 0.868371 86.9365
5929130 23.2343 17.7175 31.6249 14.3598 -6.55129 0.868371 86.9365
5929140 24.0617 15.3113 34 14.1158 -8.18234 1.49896 87.4888
5929153 24.6967 12.9959 34 13.837 -9.31367 1.77911 85.5296
5929169 24.6967 12.9959 34 13.837 -9.31367 1.77911 85.5296
5929179 25.2739 10.9068 34 13.6105 -10.37 2.04611 83.7912
5929188 25.2739 10.9068 34 13.6105 -10.37 2.04611 83.7912
5929202 25.7165 9.26165 34 13.4536 -11.2218 2.27015 82.4317
5929205 25.7934 8.06042 34 13.3403 -11.8213 2.49153 81.1942
5929215 25.7934 8.06042 34 13.3403 -11.8213 2.49153 81.1942
5929226 25.7357 7.27701 34 13.2532 -12.2111 2.66124 80.2659
5929234 25.5241 6.70251 34 13.0876 -12.5242 2.81055 79.3142
5929249 25.5241 6.70251 34 13.0876 -12.5242 2.81055 79.3142
5929253 25.3028 6.46749 34 12.8698 -12.7052 2.88013 78.6401
5929263 25.3028 6.46749 34 12.8698 -12.7052 2.88013 78.6401
5929273 25.1007 6.3108 34 12.6868 -12.8374 2.93386 78.0984
5929283 24.8121 6.45008 34 12.5038 -12.8135 2.9399 77.766
5929297 24.8121 6.45008 34 12.5038 -12.8135 2.9399 77.766
5929303 24.4561 6.42396 34 12.3993 -12.8213 3.01229 77.2794
5929313 23.9655 6.24117 34 12.469 -12.7992 3.18139 76.6756
5929323 23.9655 6.24117 34 12.469 -12.7992 3.18139 76.6756
5929343 23.648 6.24987 34 12.5823 -12.6882 3.2723 76.4801
5929346 23.648 6.24987 34 12.5823 -12.6882 3.2723 76.4801
5929354 23.7153 6.17153 34 12.5561 -12.7506 3.27092 76.443
5929367 24.0905 6.3108 34 12.53 -12.7548 3.14475 76.9313
5929374 24.0905 6.3108 34 12.53 -12.7548 3.14475 76.9313
5929389 24.5812 6.4849 34 12.408 -12.807 2.97039 77.4741
5929394 24.9083 6.52842 34 12.3034 -12.888 2.86854 77.7402
5929404 24.9083 6.52842 34 12.3034 -12.888 2.86854 77.7402
5929415 24.7736 6.46749 34 12.2512 -12.9223 2.90546 77.4923
5929424 24.7736 6.46749 34 12.2512 -12.9223 2.90546 77.4923
5929439 24.7929 6.51101 34 12.4777 -12.7936 2.92624 77.7816
5929444 25.0815 6.70251 34 12.7043 -12.6372 2.85143 78.4883
5929463 25.0815 6.70251 34 12.7043 -12.6372 2.85143 78.4883
5929467 25.2739 6.96365 34 12.9221 -12.4395 2.78258 79.1596
5929475 25.3509 7.6426 34 13.2271 -11.9923 2.66146 80.2205
5929490 25.3509 7.6426 34 13.2271 -11.9923 2.66146 80.2205
5929495 25.2739 8.80031 34 13.6366 -11.2705 2.4897 81.7108
5929513 25.2739 8.80031 34 13.6366 -11.2705 2.4897 81.7108
5929517 25.2066 10.2627 34 14.8739 -10.0986 2.38395 84.3431
5929536 24.966 11.6293 34 16.4162 -8.88404 2.38259 87.0115
5929544 24.966 11.6293 34 16.4162 -8.88404 2.38259 87.0115
5929562 24.687 12.8305 34 18.0516 -7.76072 2.434 89.5692
5929564 24.2926 14.1101 34 18.9682 -6.89888 2.39117 91.3709
5929571 24.2926 14.1101 34 18.9682 -6.89888 2.39117 91.3709
5929586 23.5806 15.0415 31.7562 19.3638 -5.83105 2.08897 89.7422
5929590 23.5806 15.0415 31.7562 19.3638 -5.83105 2.08897 89.7422
5929599 22.3011 15.7117 29.6742 19.6339 -4.76106 1.94031 87.3209
5929611 20.781 16.2079 28.0672 19.9137 -3.74443 1.94046 84.9698
5929618 20.781 16.2079 28.0672 19.9137 -3.74443 1.94046 84.9698
5929636 19.2032 16.4777 26.6623 20.5891 -2.65236 2.09276 82.9323
5929638 18.2892 16.9478 25.0351 21.496 -1.49217 2.07186 81.7681
5929651 18.2892 16.9478 25.0351 21.496 -1.49217 2.07186 81.7681
5929662 17.7504 17.8227 23.3674 22.7117 -0.178629 1.93 81.6523
5929673 17.7504 17.8227 21.6694 22.7117 0.348496 1.65244 79.9543
5929679 17.279 18.9612 21.6694 24.1782 1.27636 1.75558 82.0878
5929690 16.4791 20.1092 20.0624 25.828 2.84792 1.69175 82.4787
5929715 15.4455 21.1806 18.4049 27.6708 4.53468 1.7139 82.7019
5929719 13.9489 22.233 16.8411 29.9092 6.43662 1.91152 82.9322
5929738 13.9489 22.233 16.8411 29.9092 6.43662 1.91152 82.9322
5929740 12.3035 23.4671 15.6075 32.3598 8.33432 2.1848 83.7379
5929753 10.7077 24.8925 14.757 34 9.90663 2.33948 84.3572
5929764 10.7077 24.8925 14.757 34 9.90663 2.33948 84.3572
5929770 9.21109 26.5093 14.2897 34 11.0131 2.24426 84.0101
5929780 9.21109 26.5093 14.2897 34 11.0131 2.24426 84.0101
5929791 8.0535 28.1643 13.8879 34 11.9561 2.08132 84.1057
5929817 7.21839 29.4941 13.4206 34 12.7343 1.90914 84.133
5929820 7.21839 29.4941 13.4206 34 12.7343 1.90914 84.133
5929824 6.5321 30.4508 12.8037 34 13.4613 1.7582 83.7866
5929844 6.16829 31.2544 12.1963 34 14.0189 1.57386 83.6189
5929854 6.00292 31.7231 11.6355 34 14.4205 1.42322 83.3616
5929869 6.00292 31.7231 11.6355 34 14.4205 1.42322 83.3616
5929871 6.01119 31.8571 11.2056 34 14.6377 1.32485 83.0739
5929881 6.07733 31.8571 10.729 34 14.8345 1.23293 82.6634
5929909 6.0608 32.0101 10.2523 34 15.092 1.1263 82.3233
5929922 6.0608 32.0101 9.83178 34 15.2979 1.05507 81.9027
5929928 6.07733 32.2302 9.83178 34 15.3158 1.00883 82.1393
5929936 6.02772 32.4885 9.47664 34 15.5453 0.907477 81.9928
5929951 6.02772 32.4885 9.47664 34 15.5453 0.907477 81.9928
5929956 6.09387 32.7181 9.28972 33.9035 15.6204 0.801407 82.0052
5929965 6.14348 33.139 9.20561 33.9132 15.6864 0.698344 82.4013
5929979 6.14348 33.139 9.20561 33.9132 15.6864 0.698344 82.4013
5929984 6.16002 33.3973 9.2243 34 15.7079 0.664456 82.7816
5929994 6.20136 33.6843 9.26168 34 15.7014 0.609042 83.1473
5930006 6.20136 33.6843 9.26168 34 15.7014 0.609042 83.1473
5930015 6.30058 34 9.26168 34 15.6882 0.531537 83.5623
5930032 6.30058 34 9.26168 34 15.6882 0.531537 83.5623
5930035 6.35846 34 9.29907 34 15.6419 0.527256 83.6575
5930049 6.85457 34 9.7757 34 15.1747 0.517745 84.6303
5930059 6.85457 34 9.7757 34 15.1747 0.517745 84.6303
5930069 7.67315 34 10.3832 34 14.509 0.472369 86.0563
5930075 9.13667 34 11.2336 33.9325 13.4656 0.344741 88.3028
5930086 9.13667 34 11.2336 33.9325 13.4656 0.344741 88.3028
5930095 11.0219 34 12.4579 33.2281 12.0575 0.109836 90.708
5930113 11.0219 34 12.4579 33.2281 12.0575 0.109836 90.708
5930116 12.4358 34 13.5794 31.8195 10.8358 -0.169353 91.8348
5930139 13.1386 34 14.5421 29.9574 9.89675 -0.431991 91.6381
5930140 13.1386 34 14.5421 29.9574 9.89675 -0.431991 91.6381
5930146 13.8332 33.4643 15.3738 27.748 8.84913 -0.692705 90.4193
5930164 14.7096 32.1632 15.8505 25.5675 7.69351 -0.926736 88.2908
5930168 14.7096 32.1632 15.8505 25.5675 7.69351 -0.926736 88.2908
5930178 15.3794 30.7091 16.1122 23.3388 6.59238 -1.16393 85.5394
5930190 15.3794 30.7091 16.1122 23.3388 6.59238 -1.16393 85.5394
5930198 15.8838 28.9679 16.7009 21.2066 5.31355 -1.25862 82.7592
5930216 16.322 27.1216 18.1421 19.5085 3.75057 -1.07152 81.0941
5930218 16.322 27.1216 18.1421 19.5085 3.75057 -1.07152 81.0941
5930228 16.7602 25.1413 20.3151 18.4569 2.02136 -0.581882 80.6734
5930245 17.4522 22.8261 23.2765 17.8973 -0.00161082 0.164902 81.452
5930249 17.4522 22.8261 23.2765 17.8973 -0.00161082 0.164902 81.452
5930259 18.0006 19.9465 27.1171 17.6657 -2.26805 1.23941 82.7299
5930273 18.0006 19.9465 27.1171 17.6657 -2.26805 1.23941 82.7299
5930288 18.7606 16.9565 31.1801 17.6271 -4.54223 2.32303 84.5244
5930290 19.4052 14.467 34 17.4921 -6.28078 3.09612 85.3642
5930300 19.4052 14.467 34 17.4921 -6.28078 3.09612 85.3642
5930318 19.8766 12.2647 34 17.1061 -7.35932 3.41718 83.2475
5930328 20.146 10.4368 34 16.8954 -8.22729 3.73953 81.4782
5930330 20.146 10.4368 34 16.8954 -8.22729 3.73953 81.4782
5930342 20.3096 8.93088 34 16.7037 -8.96718 4.02718 79.9442
5930356 20.3096 8.93088 34 16.7037 -8.96718 4.02718 79.9442
5930360 20.4346 7.72094 34 16.5295 -9.5902 4.26521 78.6851
5930370 20.4539 6.96365 34 16.3988 -9.98874 4.4299 77.8163
5930384 20.4539 6.96365 34 16.3988 -9.98874 4.4299 77.8163
5930392 20.4827 6.58065 34 16.5208 -10.112 4.53521 77.5841
5930411 20.4058 6.28469 34 16.5556 -10.2159 4.63424 77.2461
5930413 20.4058 6.28469 34 16.5556 -10.2159 4.63424 77.2461
5930421 20.4443 6.14542 34 16.1809 -10.4591 4.60943 76.7706
5930439 20.9542 6.25858 34 15.8063 -10.6757 4.40025 77.019
5930443 20.9542 6.25858 34 15.8063 -10.6757 4.40025 77.019
5930469 21.4833 6.4936 34 15.2225 -10.9351 4.12806 77.1994
5930470 21.4833 6.4936 34 15.2225 -10.9351 4.12806 77.1994
5930482 21.8778 6.6851 34 14.7171 -11.1528 3.91192 77.2799
5930483 22.1183 6.80696 34 14.2291 -11.3675 3.75297 77.1544
5930508 22.2722 6.8679 34 13.9764 -11.4852 3.66387 77.1165
5930513 22.2337 6.93753 34 13.9938 -11.4373 3.65889 77.1651
5930528 22.2337 6.93753 34 13.9938 -11.4373 3.65889 77.1651
5930534 22.4165 6.90271 34 14.0287 -11.4693 3.62831 77.3479
5930552 22.4165 6.90271 34 14.0287 -11.4693 3.62831 77.3479
5930554 23.013 7.13774 34 13.8893 -11.5281 3.40951 78.04
5930564 23.6576 7.33794 34 13.8022 -11.5858 3.19932 78.7977
5930581 23.6576 7.33794 34 13.8022 -11.5858 3.19932 78.7977
5930589 24.1868 7.48592 34 13.6192 -11.6915 3.01667 79.2918
5930595 24.5716 7.52074 34 13.5233 -11.784 2.90728 79.6157
5930621 24.6774 7.84281 34 13.8109 -11.5222 2.85518 80.3311
5930625 24.6774 7.84281 34 13.8109 -11.5222 2.85518 80.3311
5930644 24.6197 8.63492 34 14.081 -11.0357 2.7343 81.3356
5930645 24.7063 9.70558 34 14.2988 -10.4889 2.51847 82.7107
5930663 24.7063 9.70558 34 14.2988 -10.4889 2.51847 82.7107
5930674 25.0526 11.3856 34 14.5515 -9.74105 2.1379 84.9897
5930691 25.2066 13.2222 33.8383 15.0656 -8.80456 1.79917 87.3327
5930693 25.2066 13.2222 33.8383 15.0656 -8.80456 1.79917 87.3327
5930696 24.9853 14.5453 31.8472 15.9979 -7.52189 1.42738 87.3758
5930706 24.9853 14.5453 31.8472 15.9979 -7.52189 1.42738 87.3758
5930719 24.4754 15.7988 29.7854 17.5306 -5.97422 1.20594 87.5902
5930727 23.9366 17.5262 27.6326 19.412 -4.13271 0.945992 88.5074
5930753 23.3305 19.2482 25.2473 20.811 -2.40268 0.588859 88.637
5930758 22.455 20.4344 22.8317 21.9302 -0.833452 0.320444 87.6514
5930773 22.455 20.4344 22.8317 21.9302 -0.833452 0.320444 87.6514
5930778 21.3198 21.3433 20.4162 22.8082 0.703108 0.098033 85.8874
5930787 21.3198 21.3433 20.4162 22.8082 0.703108 0.098033 85.8874
5930803 20.0113 22.0416 18.2331 23.8212 2.26452 0.000236034 84.1072
5930808 18.3277 22.6635 16.5327 25.2974 3.95444 0.151944 82.8213
5930818 18.3277 22.6635 16.5327 25.2974 3.95444 0.151944 82.8213
5930832 16.4295 23.1705 15.3645 27.1209 5.6336 0.527265 82.0854
5930843 14.3541 23.6584 14.4766 29.639 7.44773 1.11469 82.1282
5930849 14.3541 23.6584 14.4766 29.639 7.44773 1.11469 82.1282
5930862 11.981 24.2515 13.6916 32.5142 9.4292 1.81467 82.4384
5930869 11.981 24.2515 13.6916 32.5142 9.4292 1.81467 82.4384
5930889 9.65759 25.0551 12.9346 34 11.1648 2.24536 81.6473
5930890 7.82198 26.3658 12.3551 34 12.4743 2.26601 80.5429
5930904 7.82198 26.3658 12.3551 34 12.4743 2.26601 80.5429
5930909 6.68093 28.2983 12.2523 34 13.3461 2.08167 81.2315
5930921 5.9037 30.0011 12.0748 34 14.0348 1.86082 81.9796
5930931 5.9037 30.0011 12.0748 34 14.0348 1.86082 81.9796
5930948 5.36625 30.9482 11.5794 34 14.6539 1.69701 81.8939
5930950 5.36625 30.9482 11.5794 34 14.6539 1.69701 81.8939
5930960 5.03551 31.5127 11.1028 34 15.1175 1.57156 81.651
5930976 4.88667 31.8284 10.8505 34 15.3531 1.49612 81.5655
5930981 4.88667 31.8284 10.8505 34 15.3531 1.49612 81.5655
5930991 4.91975 32.2589 10.6636 34 15.4797 1.37184 81.8422
5931011 5.143 32.6798 10.3645 34 15.5658 1.19392 82.1873
5931011 5.143 32.6798 10.3645 34 15.5658 1.19392 82.1873
5931021 5.1678 32.7659 9.86916 34 15.809 1.08837 81.8029
5931034 5.1678 32.7659 9.86916 34 15.809 1.08837 81.8029
5931041 5.13473 32.5554 9.66355 34 15.905 1.10137 81.3537
5931063 5.06858 32.1919 9.51402 34 15.9733 1.1613 80.7745
5931063 5.06858 32.1919 9.51402 34 15.9733 1.1613 80.7745
5931090 5.05204 31.7423 9.50467 34 15.9359 1.25351 80.299
5931091 5.06858 31.5701 9.51402 34 15.9032 1.28668 80.1527
5931103 5.143 31.5988 9.64486 34 15.802 1.28811 80.3866
5931121 5.143 31.5988 9.64486 34 15.802 1.28811 80.3866
5931123 5.10165 31.484 9.91589 34 15.6725 1.36586 80.5015
5931133 5.04377 31.1683 10.1589 34 15.5422 1.48316 80.3709
5931148 5.04377 31.1683 10.1589 34 15.5422 1.48316 80.3709
5931155 5.05204 30.8047 10.4019 34 15.3724 1.59704 80.2586
5931164 5.06858 30.4221 10.7196 34 15.1582 1.7259 80.2103
5931179 5.06858 30.4221 10.7196 34 15.1582 1.7259 80.2103
5931184 5.39105 30.2786 11.0374 34 14.8222 1.74107 80.707
5931194 5.39105 30.2786 11.0374 34 14.8222 1.74107 80.707
5931207 6.09387 30.0777 11.514 34 14.2222 1.71557 81.6855
5931214 7.51605 30.1829 12 34 13.3415 1.48766 83.6989
5931236 7.51605 30.1829 12 34 13.3415 1.48766 83.6989
5931238 9.2359 30.3647 12.5421 34 12.3594 1.20872 86.1426
5931245 10.7821 30.2307 13.5607 34 11.2584 1.10889 88.5736
5931265 10.7821 30.2307 13.5607 34 11.2584 1.10889 88.5736
5931266 11.6089 29.4558 14.9439 34 10.2498 1.31306 90.0087
5931275 11.6089 29.4558 14.9439 34 10.2498 1.31306 90.0087
5931295 12.5764 28.4513 16.6449 32.1958 8.7422 1.30407 89.8683
5931300 13.5851 27.3129 18.1623 29.861 7.14858 1.20195 88.9213
5931306 13.5851 27.3129 18.1623 29.861 7.14858 1.20195 88.9213
5931321 14.2879 25.9927 19.0113 27.4103 5.79679 1.06243 86.7022
5931326 14.8006 24.4524 19.547 24.8729 4.47509 0.926251 83.6729
5931353 15.4621 22.8357 20.4465 22.5284 2.90858 0.86323 81.2726
5931358 16.2393 22.8357 21.6492 23.1555 2.41496 1.02464 83.8797
5931381 16.2393 21.1711 21.6492 20.6856 1.244 0.926283 79.7452
5931383 17.1924 19.6691 23.3169 19.2673 -0.494955 1.08049 79.4457
5931388 17.1924 19.6691 23.3169 19.2673 -0.494955 1.08049 79.4457
5931398 18.2026 18.2915 25.8639 18.2928 -2.31929 1.42514 80.6508
5931416 19.7997 17.0861 28.7848 17.357 -4.25803 1.67222 83.0275
5931425 19.7997 17.0861 28.7848 17.357 -4.25803 1.67222 83.0275
5931430 21.7431 15.8336 31.5339 16.4772 -6.12417 1.82872 85.5877
5931443 23.3497 14.2581 34 15.7278 -7.83295 2.08163 87.3356
5931449 23.3497 14.2581 34 15.7278 -7.83295 2.08163 87.3356
5931459 24.6101 12.8305 34 15.1702 -8.83533 2.03143 86.6108
5931474 24.6101 12.8305 34 15.1702 -8.83533 2.03143 86.6108
5931479 25.5818 11.6032 34 14.7868 -9.65196 2.02424 85.9717
5931489 26.3033 10.5325 34 14.4382 -10.3585 2.0409 85.2741
5931505 26.3033 10.5325 34 14.4382 -10.3585 2.0409 85.2741
5931510 26.7748 9.63594 34 14.3075 -10.8688 2.10642 84.7182
5931520 26.9672 8.93958 34 14.1681 -11.2577 2.18758 84.0749
5931534 26.9672 8.93958 34 14.1681 -11.2577 2.18758 84.0749
5931540 26.8517 8.38249 34 13.8022 -11.6416 2.27032 83.0364
5931565 26.8517 8.38249 34 13.8022 -11.6416 2.27032 83.0364
5931566 26.4958 7.85151 34 13.3926 -12.005 2.39394 81.7399
5931571 26.4573 7.89503 34 13.0092 -12.1535 2.33346 81.3615
5931600 26.515 7.99949 34 12.7478 -12.2344 2.25812 81.2623
5931602 26.438 8.19099 34 12.469 -12.2623 2.18994 81.098
5931625 26.438 8.19099 34 12.469 -12.2623 2.18994 81.098
5931626 26.4092 8.2084 34 12.3296 -12.314 2.17031 80.9471
5931637 26.4092 8.2084 34 12.3296 -12.314 2.17031 80.9471
5931657 26.1879 8.16487 34 12.2512 -12.3356 2.21423 80.6039
5931658 25.7068 8.06042 34 12.4516 -12.215 2.37182 80.2188
5931663 25.7068 8.06042 34 12.4516 -12.215 2.37182 80.2188
5931672 25.7357 8.06912 34 12.652 -12.1228 2.39516 80.4568
5931689 26.2168 8.23451 34 12.7827 -12.0638 2.27702 81.2339
5931722 26.7267 8.33897 34 12.8088 -12.0852 2.15144 81.8744
5931724 26.7267 8.33897 34 12.8088 -12.0852 2.15144 81.8744
5931726 26.8998 8.36508 34 12.7914 -12.1086 2.10706 82.0563
5931734 26.8229 8.35637 34 12.9308 -12.0374 2.1468 82.11
5931752 26.8229 8.35637 34 12.9308 -12.0374 2.1468 82.11
5931755 26.6304 8.26062 34 12.8437 -12.0898 2.19355 81.7347
5931785 26.4573 8.2084 34 12.8262 -12.094 2.23837 81.4919
5931786 26.4573 8.2084 34 12.8262 -12.094 2.23837 81.4919
5931789 26.3033 8.27803 34 12.9395 -11.9864 2.27392 81.5209
5931816 26.0724 8.70456 34 13.3055 -11.5927 2.2895 82.0825
5931819 25.7838 9.68817 34 13.7586 -10.9146 2.21432 83.2306
5931828 25.7838 9.68817 34 13.7586 -10.9146 2.21432 83.2306
5931847 25.5433 11.5335 34 14.4731 -9.80032 1.99818 85.5499
5931848 25.3413 13.7967 32.8882 15.6756 -8.19744 1.61213 87.7018
5931859 25.3413 13.7967 32.8882 15.6756 -8.19744 1.61213 87.7018
5931875 24.9564 15.4071 31.4834 17.5114 -6.58064 1.44887 89.3582
5931877 24.9564 15.4071 31.4834 17.5114 -6.58064 1.44887 89.3582
5931886 24.3503 16.8085 29.7449 19.6339 -4.87444 1.36187 90.5377
5931904 23.8789 18.7124 27.5012 21.0522 -3.18599 0.9812 91.1447
5931906 23.8789 18.7124 27.5012 21.0522 -3.18599 0.9812 91.1447
5931917 23.1477 20.1187 25.0452 21.4381 -1.84848 0.53764 89.7498
5931934 22.1568 20.9702 22.4376 21.3995 -0.639522 0.122496 86.9641
5931941 22.1568 20.9702 22.4376 21.3995 -0.639522 0.122496 86.9641
5931948 21.0504 21.5537 19.9614 21.4478 0.59211 -0.213354 84.0133
5931965 21.0504 21.5537 19.9614 21.4478 0.59211 -0.213354 84.0133
5931969 19.8189 21.9268 17.8894 21.7565 1.83528 -0.386982 81.3917
5931978 18.6259 22.5104 16.3364 22.6152 3.17253 -0.409175 80.088
5931993 18.6259 22.5104 16.3364 22.6152 3.17253 -0.409175 80.088
5931998 17.5869 23.1131 15.2336 23.8695 4.43656 -0.300152 79.8031
5932008 16.661 23.8593 14.5047 25.7316 5.70394 -0.0527644 80.7565
5932025 16.661 23.8593 14.5047 25.7316 5.70394 -0.0527644 80.7565
5932029 15.768 24.7681 13.9065 28.076 7.01952 0.26293 82.5187
5932057 15.768 24.7681 13.9065 28.076 7.01952 0.26293 82.5187
5932058 14.7344 25.8683 13.5981 30.5556 8.2859 0.628447 84.7565
5932063 13.428 26.7198 13.1869 33.151 9.61309 1.07361 86.4856
5932069 13.428 26.7198 13.1869 33.151 9.61309 1.07361 86.4856
5932085 11.8322 27.4277 12.8224 34 10.6796 1.31779 86.0823
5932089 10.1868 27.8104 12.3271 34 11.6504 1.48178 84.3242
5932099 10.1868 27.8104 12.3271 34 11.6504 1.48178 84.3242
5932115 8.6571 28.0974 11.8224 34 12.5997 1.64719 82.5769
5932128 8.6571 28.0974 11.8224 34 12.5997 1.64719 82.5769
5932131 7.21012 28.5087 11.4579 34 13.5016 1.79961 81.1768
5932145 6.11868 28.9392 11.3178 34 14.1532 1.91473 80.3757
5932158 6.11868 28.9392 11.3178 34 14.1532 1.91473 80.3757
5932162 5.27529 29.2836 11.028 34 14.7575 1.97315 79.587
5932178 4.59728 29.5419 10.7757 34 15.2598 2.02177 78.9149
5932180 4.59728 29.5419 10.7757 34 15.2598 2.02177 78.9149
5932189 4.14251 29.9342 10.4206 34 15.7238 1.97661 78.4972
5932209 4.14251 29.9342 10.4206 34 15.7238 1.97661 78.4972
5932211 3.95233 30.2403 10.0841 34 16.0341 1.89548 78.2767
5932220 3.83658 30.6134 9.79439 34 16.2895 1.79139 78.2444
5932243 3.83658 30.6134 9.79439 34 16.2895 1.79139 78.2444
5932245 3.87792 30.91 9.52336 34 16.4436 1.67322 78.3112
5932250 3.9606 30.8526 9.26168 34 16.5323 1.62316 78.0748
5932260 3.9606 30.8526 9.26168 34 16.5323 1.62316 78.0748
5932275 3.96887 30.8526 9.11215 34 16.6076 1.59573 77.9336
5932288 3.96887 30.8526 9.11215 34 16.6076 1.59573 77.9336
5932291 3.95233 31.0152 8.78505 34 16.809 1.50815 77.7526
5932309 3.99368 31.2544 8.53271 34 16.9476 1.40485 77.7807
5932342 4.04329 31.6466 8.49533 34 16.9815 1.30564 78.1852
5932342 4.05982 32.0675 8.38318 34 17.0756 1.19522 78.5105
5932344 4.05982 32.0675 8.38318 34 17.0756 1.19522 78.5105
5932353 4.05982 32.5076 8.31776 34 17.1547 1.09343 78.8852
5932374 4.05982 32.5076 8.31776 34 17.1547 1.09343 78.8852
5932376 4.0929 32.919 8.14953 34 17.2674 0.973518 79.1614
5932383 4.13424 33.3303 8.06542 34 17.3302 0.867759 79.53
5932408 4.13424 33.3303 8.06542 34 17.3302 0.867759 79.53
5932413 4.25827 33.8087 8.04673 34 17.3203 0.745153 80.1137
5932420 4.76265 34 8.18692 34 17.0015 0.634519 80.9496
5932439 4.76265 34 8.18692 34 17.0015 0.634519 80.9496
5932441 5.43239 34 8.27103 34 16.6139 0.521148 81.7034
5932454 6.40807 34 8.42991 34 16.044 0.366107 82.838
5932473 7.40856 34 8.73832 34 15.4055 0.237043 84.1469
5932483 7.40856 34 8.73832 34 15.4055 0.237043 84.1469
5932485 8.25195 34 9.43925 34 14.6774 0.207835 85.6912
5932503 8.71498 34 10.3364 34 14.0574 0.279399 87.0514
5932507 8.71498 34 10.3364 34 14.0574 0.279399 87.0514
