5778282 21.6276 11.6119 34 14.9872 -8.82577 2.87273 82.2267
5778297 21.6276 11.6119 34 14.9872 -8.82577 2.87273 82.2267
5778304 22.3877 10.5673 34 14.1681 -9.75438 2.81297 81.1231
5778315 22.3877 10.5673 34 14.1681 -9.75438 2.81297 81.1231
5778327 22.9649 9.66206 34 13.5582 -10.5209 2.79314 80.1851
5778336 23.292 9.07015 34 13.1661 -11.0199 2.7922 79.5282
5778347 23.292 9.07015 34 13.1661 -11.0199 2.7922 79.5282
5778353 23.648 8.6001 34 13.0702 -11.3396 2.80303 79.3183
5778362 23.7057 8.18228 34 13.1399 -11.5097 2.89491 79.0279
5778375 23.7057 8.18228 34 13.1399 -11.5097 2.89491 79.0279
5778384 23.7827 7.73835 34 13.3839 -11.6154 3.01557 78.9049
5778394 23.7827 7.73835 34 13.3839 -11.6154 3.01557 78.9049
5778403 23.648 7.22478 34 13.5233 -11.7671 3.18585 78.3961
5778413 23.7442 6.75474 34 13.3491 -12.0878 3.24674 77.848
5778448 23.6961 6.38914 34 13.1312 -12.36 3.31134 77.2165
5778452 23.6769 6.08449 34 12.9569 -12.59 3.3621 76.7183
5778454 23.6769 6.08449 34 12.9569 -12.59 3.3621 76.7183
5778465 23.4941 5.81464 34 12.9047 -12.7191 3.46316 76.2134
5778475 23.4941 5.81464 34 12.9047 -12.7191 3.46316 76.2134
5778487 23.1573 5.51869 34 12.8001 -12.8645 3.60195 75.4761
5778509 22.6186 5.28367 34 12.8437 -12.874 3.80117 74.7459
5778510 22.6186 5.28367 34 12.8437 -12.874 3.80117 74.7459
5778516 22.0413 5.17921 34 12.9134 -12.7974 3.98458 74.1339
5778535 21.6853 5.17921 34 12.8262 -12.7831 4.06327 73.6908
5778537 21.6853 5.17921 34 12.8262 -12.7831 4.06327 73.6908
5778546 21.5314 5.18792 34 12.7217 -12.8068 4.08539 73.441
5778556 21.5314 5.18792 34 12.7217 -12.8068 4.08539 73.441
5778574 21.3967 5.17051 34 12.6694 -12.8204 4.11724 73.2366
5778577 21.262 5.11828 34 12.6171 -12.852 4.15839 72.9974
5778591 21.262 5.11828 34 12.6171 -12.852 4.15839 72.9974
5778600 21.0889 5.13569 34 12.652 -12.796 4.20453 72.8765
5778607 21.137 5.13569 34 12.7043 -12.777 4.1996 72.9769
5778620 21.137 5.13569 34 12.7043 -12.777 4.1996 72.9769
5778627 21.339 5.22273 34 12.7478 -12.7434 4.13031 73.3096
5778643 19.0492 5.22273 34 12.7478 -12.3482 4.7471 71.0198
5778649 21.5122 5.26626 34 12.7827 -12.732 4.07911 73.5611
5778657 21.695 5.18792 34 12.8437 -12.7713 4.06111 73.7265
5778672 21.695 5.18792 34 12.8437 -12.7713 4.06111 73.7265
5778679 21.82 5.24014 34 12.8872 -12.7431 4.02186 73.9474
5778687 21.9355 5.23144 34 12.9308 -12.7444 4.00091 74.0977
5778707 21.9355 5.23144 34 12.9308 -12.7444 4.00091 74.0977
5778709 21.9932 5.22273 34 13.0267 -12.7096 4.00256 74.2426
5778737 22.0028 5.42294 34 13.1399 -12.5527 3.9658 74.5657
5778741 22.1183 5.71889 34 13.1835 -12.4019 3.8682 75.0207
5778757 22.1183 5.71889 34 13.1835 -12.4019 3.8682 75.0207
5778758 22.3011 6.56324 34 13.3316 -11.9449 3.63549 76.1959
5778772 22.657 7.72094 34 13.4188 -11.4135 3.28563 77.7968
5778785 22.657 7.72094 34 13.4188 -11.4135 3.28563 77.7968
5778793 22.8495 9.18331 34 13.715 -10.6433 2.94972 79.7478
5778814 22.8014 10.4977 34 14.3337 -9.7908 2.76261 81.6327
5778825 22.6859 11.5771 34 15.3967 -8.87887 2.71345 83.6597
5778830 22.6859 11.5771 34 15.3967 -8.87887 2.71345 83.6597
5778845 22.6378 12.9263 34 16.512 -7.89984 2.6049 86.0761
5778851 22.3973 14.4235 34 17.5789 -6.89905 2.50422 88.3996
5778871 21.9836 15.6334 31.8674 18.3218 -5.6647 2.14773 87.8062
5778882 21.9836 15.6334 31.8674 18.3218 -5.6647 2.14773 87.8062
5778891 21.1658 16.5735 29.1688 18.9682 -4.30647 1.81618 85.8764
5778909 20.3865 17.641 26.6219 19.6243 -2.89033 1.46285 84.2737
5778918 20.3865 17.641 26.6219 19.6243 -2.89033 1.46285 84.2737
5778923 19.6746 18.5785 24.6106 20.4444 -1.57916 1.22471 83.3081
5778932 19.1166 19.5639 22.9328 21.496 -0.297649 1.0375 83.1093
5778942 19.1166 19.5639 22.9328 21.496 -0.297649 1.0375 83.1093
5778952 18.6355 20.9702 21.3359 22.8082 1.13639 0.812843 83.7498
5778962 17.9236 22.4052 19.8199 24.5738 2.72523 0.71968 84.7224
5778977 17.9236 22.4052 19.8199 24.5738 2.72523 0.71968 84.7224
5778983 16.7768 23.6967 18.2533 26.4552 4.4381 0.745758 85.1819
5778994 16.7768 23.6967 18.2533 26.4552 4.4381 0.745758 85.1819
5779002 15.5365 25.0073 16.5047 28.462 6.26477 0.775843 85.5104
5779017 14.1308 26.2319 15.2523 30.546 7.94868 0.946303 86.161
5779024 14.1308 26.2319 15.2523 30.546 7.94868 0.946303 86.161
5779036 12.659 27.0737 14.2617 32.3984 9.41959 1.20276 86.3929
5779043 11.3113 27.9443 13.5607 34 10.6755 1.43496 86.8163
5779059 11.3113 27.9443 13.5607 34 10.6755 1.43496 86.8163
5779063 10.2446 28.834 13.1215 34 11.4466 1.39957 86.2001
5779081 10.2446 28.834 13.1215 34 11.4466 1.39957 86.2001
5779085 9.05399 29.762 12.7664 34 12.2518 1.39347 85.5823
5779095 8.2106 30.5273 12.9626 34 12.647 1.43956 85.7005
5779105 8.2106 30.5273 12.9626 34 12.647 1.43956 85.7005
5779120 7.54912 30.9961 12.7383 34 13.1059 1.44104 85.2835
5779129 7.03648 31.1491 12.5981 34 13.4208 1.48835 84.7837
5779135 7.03648 31.1491 12.5981 34 13.4208 1.48835 84.7837
5779150 6.71401 31.0726 12.4673 34 13.617 1.54545 84.2539
5779156 6.71401 31.0726 12.4673 34 13.617 1.54545 84.2539
5779164 6.43288 31.1396 12.1215 34 13.9153 1.5322 83.6939
5779180 6.30885 31.1587 11.7664 34 14.1419 1.49557 83.2339
5779186 6.30885 31.1587 11.7664 34 14.1419 1.49557 83.2339
5779196 6.22617 31.0152 11.5327 34 14.2727 1.50253 82.7741
5779207 6.23444 30.6804 11.4019 34 14.2875 1.54654 82.3167
5779216 6.23444 30.6804 11.4019 34 14.2875 1.54654 82.3167
5779235 6.20136 30.269 11.3832 34 14.2585 1.63331 81.8535
5779257 6.16829 29.9055 11.3271 34 14.2536 1.70515 81.4008
5779262 6.11868 29.695 11.2336 34 14.2949 1.74342 81.0473
5779271 6.11868 29.695 11.2336 34 14.2949 1.74342 81.0473
5779280 6.13521 29.695 11.215 34 14.296 1.73695 81.0452
5779287 6.13521 29.695 11.215 34 14.296 1.73695 81.0452
5779297 6.20963 30.0011 11.2523 34 14.2823 1.66485 81.4631
5779310 6.25924 30.4699 11.4393 34 14.2304 1.59005 82.1684
5779318 6.25924 30.4699 11.4393 34 14.2304 1.59005 82.1684
5779327 6.30058 30.7091 11.5888 34 14.1709 1.55798 82.5984
5779338 6.33366 30.8334 11.9813 34 13.9866 1.59009 83.1484
5779352 6.33366 30.8334 11.9813 34 13.9866 1.59009 83.1484
5779358 6.29232 30.8908 12.2897 34 13.8694 1.63644 83.4729
5779367 6.29232 30.8908 12.2897 34 13.8694 1.63644 83.4729
5779382 6.29232 30.9387 12.4206 34 13.815 1.64783 83.6515
5779389 6.32539 31.0343 12.4019 34 13.8211 1.61927 83.7616
5779398 6.32539 31.0343 12.4019 34 13.8211 1.61927 83.7616
5779412 6.30885 30.9961 12.271 34 13.8844 1.60921 83.5759
5779418 6.2427 30.7091 12.1682 34 13.9251 1.66322 83.12
5779437 6.2427 30.7091 12.1682 34 13.9251 1.66322 83.12
5779446 6.09387 30.2307 12.1215 34 13.9532 1.78242 82.4461
5779458 6.09387 30.2307 12.1028 34 13.962 1.77942 82.4274
5779463 6.05253 29.6089 12.1028 34 13.8978 1.91552 81.7642
5779469 5.96158 28.834 12.1589 34 13.8082 2.1055 80.9544
5779484 5.96158 28.834 12.1589 34 13.8082 2.1055 80.9544
5779491 6.04426 28.3174 12.1869 34 13.6831 2.20214 80.5486
5779500 6.41634 28.1835 12.4299 34 13.3708 2.18996 81.0297
5779513 6.41634 28.1835 12.4299 34 13.3708 2.18996 81.0297
5779524 7.28453 28.26 13 34 12.713 2.08169 82.5445
5779531 7.28453 28.26 11.6729 34 13.3292 1.8706 81.2174
5779541 8.75632 28.4992 14.0654 34 11.6259 1.90046 85.3209
5779551 10.1289 28.5183 15.2056 34 10.5813 1.80275 87.8528
5779561 10.1289 28.5183 15.2056 34 10.5813 1.80275 87.8528
5779576 10.8979 28.1069 16.9159 34 9.53428 1.98694 89.9207
5779583 11.6586 27.3416 19.4661 33.5176 8.08144 2.28033 91.9839
5779601 11.6586 27.3416 19.4661 33.5176 8.08144 2.28033 91.9839
5779604 12.626 26.3658 21.7301 32.0704 6.48764 2.39385 92.7922
5779614 13.3867 25.323 22.6903 29.8802 5.23836 2.27774 91.2802
5779636 13.3867 25.323 22.6903 29.8802 5.23836 2.27774 91.2802
5779637 14.1639 24.2707 22.8621 27.2174 4.08468 1.97339 88.514
5779643 14.1639 24.2707 22.8621 27.2174 4.08468 1.97339 88.514
5779658 14.6435 22.9409 23.1046 24.8343 2.93109 1.81609 85.5233
5779664 15.0817 21.8025 23.9435 22.895 1.69376 1.78345 83.7227
5779673 15.0817 21.8025 23.9435 22.895 1.69376 1.78345 83.7227
5779689 15.429 20.8362 25.1665 21.3995 0.495082 1.86538 82.8312
5779694 15.9251 19.9083 26.824 20.1453 -0.813849 2.01731 82.8027
5779705 15.9251 19.9083 26.824 20.1453 -0.813849 2.01731 82.8027
5779714 16.5039 19.076 28.7545 19.2191 -2.08349 2.22498 83.5534
5779725 16.5039 19.076 28.7545 19.2191 -2.08349 2.22498 83.5534
5779735 17.1828 18.1767 30.9881 18.3797 -3.42703 2.48001 84.7273
5779750 18.0583 17.1244 33.4138 17.6754 -4.83134 2.76565 86.2718
5779755 18.0583 17.1244 33.4138 17.6754 -4.83134 2.76565 86.2718
5779769 18.7702 15.9729 34 17.0096 -5.76883 2.84537 85.7527
5779780 19.309 14.7368 34 16.4772 -6.5352 2.91602 84.523
5779786 19.309 14.7368 34 16.4772 -6.5352 2.91602 84.523
5779795 19.7323 13.4137 34 15.7888 -7.39429 3.01009 82.9349
5779815 19.7323 13.4137 34 15.7888 -7.39429 3.01009 82.9349
5779816 20.1075 11.9862 34 15.1266 -8.30911 3.14568 81.2203
5779825 20.3769 10.4977 34 14.5341 -9.23864 3.33581 79.4087
5779837 20.3769 10.4977 34 14.5341 -9.23864 3.33581 79.4087
5779846 20.5501 8.99181 34 14.2117 -10.0788 3.60172 77.7536
5779858 20.5501 7.71224 34 14.0026 -10.7636 3.88257 76.2649
5779866 20.5501 7.71224 34 14.0026 -10.7636 3.88257 76.2649
5779880 20.4731 6.6764 34 14.0548 -11.2167 4.1697 75.2044
5779891 20.4731 6.6764 34 14.0548 -11.2167 4.1697 75.2044
5779897 20.069 5.83205 34 13.837 -11.6629 4.46226 73.7381
5779906 19.8381 5.22273 34 13.8283 -11.9315 4.68535 72.8892
5779926 19.8381 5.22273 34 13.8283 -11.9315 4.68535 72.8892
5779928 19.7035 4.85714 34 13.6627 -12.1787 4.79806 72.2233
5779937 19.7419 4.52637 34 13.593 -12.3928 4.8687 71.8613
5779947 19.7419 4.52637 34 13.593 -12.3928 4.8687 71.8613
5779957 19.665 4.34357 34 13.471 -12.5387 4.92361 71.4796
5779974 19.665 4.34357 34 13.471 -12.5387 4.92361 71.4796
5779985 19.665 4.31746 34 13.3926 -12.5936 4.91983 71.375
5779995 19.9055 4.50896 34 13.2271 -12.6217 4.77641 71.6415
5780003 19.9055 4.50896 34 13.2271 -12.6217 4.77641 71.6415
5780016 20.2326 4.59601 34 13.0092 -12.7465 4.63139 71.8378
5780022 20.425 4.54378 34 12.8262 -12.903 4.56664 71.795
5780032 20.425 4.54378 34 12.8262 -12.903 4.56664 71.795
5780041 20.5308 4.60471 34 12.7827 -12.9117 4.51495 71.9182
5780051 20.5308 4.60471 34 12.7827 -12.9117 4.51495 71.9182
5780063 20.425 4.56989 34 12.8524 -12.8755 4.56332 71.8473
5780070 20.2711 4.55248 34 12.9744 -12.7943 4.62774 71.7979
5780078 20.2711 4.55248 34 12.9744 -12.7943 4.62774 71.7979
5780097 20.0594 4.50896 34 13.2009 -12.6619 4.73027 71.7693
5780104 20.0017 4.53507 34 13.5756 -12.4427 4.79228 72.1124
5780113 20.0017 4.53507 34 13.5756 -12.4427 4.79228 72.1124
5780120 20.1075 4.55248 34 13.9416 -12.2633 4.81013 72.6016
5780146 20.1749 4.64823 34 14.081 -12.1549 4.7853 72.9041
5780151 20.1941 4.59601 34 14.0026 -12.225 4.78326 72.7927
5780161 20.1941 4.59601 34 14.0026 -12.225 4.78326 72.7927
5780171 19.9728 4.56989 34 13.8631 -12.271 4.83119 72.4059
5780183 19.5591 4.54378 34 13.776 -12.2565 4.9402 71.8789
5780191 19.5591 4.54378 34 13.776 -12.2565 4.9402 71.8789
5780201 19.1839 4.54378 34 13.9503 -12.0992 5.06904 71.678
5780216 19.1839 4.54378 34 13.9503 -12.0992 5.06904 71.678
5780222 18.6644 4.7701 34 14.3075 -11.704 5.20051 71.742
5780231 18.3181 5.5361 34 14.7868 -11.0114 5.14846 72.6409
5780246 18.3181 5.5361 34 14.7868 -11.0114 5.14846 72.6409
5780256 18.1641 7.08551 34 15.5623 -9.86351 4.87475 74.8119
5780262 17.9236 9.04403 34 16.7212 -8.41769 4.58628 77.6888
5780272 17.9236 9.04403 34 16.7212 -8.41769 4.58628 77.6888
5780282 17.5291 11.2289 34 18.3121 -6.78059 4.3581 81.0702
5780292 17.5291 11.2289 34 18.3121 -6.78059 4.3581 81.0702
5780302 16.9256 12.5259 34 20.1549 -5.45556 4.43211 83.6064
5780317 16.3468 14.0492 34 21.9784 -4.14452 4.44272 86.3744
5780325 16.3468 14.0492 34 21.9784 -4.14452 4.44272 86.3744
5780332 16.1401 16.0686 33.7574 23.3485 -2.93357 4.18138 89.3146
5780351 15.8341 16.0686 30.503 24.3036 -1.71979 3.96218 86.7094
5780360 15.8341 17.5836 30.503 24.3036 -1.26097 3.63656 88.2243
5780371 15.2305 18.9516 27.2889 25.2299 0.479224 3.1724 86.7009
5780386 14.5443 19.9752 24.3781 26.1561 2.11893 2.82434 85.0537
5780395 13.7753 21.0658 21.6998 27.3042 3.84488 2.53375 83.8451
5780403 13.7753 21.0658 21.6998 27.3042 3.84488 2.53375 83.8451
5780418 12.9567 22.1756 19.4358 28.7514 5.56127 2.35028 83.3195
5780423 14.1308 22.1756 17.566 28.7514 5.81859 1.81745 82.6238
5780442 12.0141 23.1035 17.566 30.4784 7.21539 2.33161 83.1621
5780444 11.1294 24.2228 16.0841 32.3888 8.76769 2.34786 83.8251
5780453 11.1294 24.2228 16.0841 32.3888 8.76769 2.34786 83.8251
5780466 10.2198 25.036 14.8879 34 10.0805 2.43013 84.1437
5780475 9.45088 26.1075 14.0467 34 10.9473 2.2406 83.6051
5780488 9.45088 26.1075 14.0467 34 10.9473 2.2406 83.6051
5780495 8.76459 27.0068 13.4019 34 11.6745 2.09753 83.1732
5780510 8.16926 27.0068 13.028 34 12.1069 2.16267 82.2041
5780520 8.16926 27.7721 13.028 34 12.2258 2.00436 82.9694
5780526 7.62354 28.4609 12.729 34 12.7118 1.92805 82.8134
5780535 7.62354 28.4609 12.729 34 12.7118 1.92805 82.8134
5780550 7.03648 28.7862 12.3832 34 13.1884 1.92697 82.2058
5780558 6.5073 29.188 12.2991 34 13.5319 1.93986 81.9943
5780566 6.5073 29.188 12.2991 34 13.5319 1.93986 81.9943
5780576 6.13521 29.3984 12.1402 34 13.812 1.94797 81.6738
5780586 6.13521 29.3984 12.1402 34 13.812 1.94797 81.6738
5780596 5.7714 29.628 11.6822 34 14.237 1.90231 81.0817
5780609 5.44893 29.6567 11.3084 34 14.5806 1.90317 80.4141
5780616 5.44893 29.6567 11.3084 34 14.5806 1.90317 80.4141
5780632 5.29183 29.6663 11 34 14.8123 1.88384 79.9581
5780637 5.10992 29.6185 10.8879 34 14.9532 1.91408 79.6162
5780647 5.10992 29.6185 10.8879 34 14.9532 1.91408 79.6162
5780662 5.0107 29.5706 10.8972 34 14.9923 1.94692 79.4785
5780670 5.0107 29.5706 10.8972 34 14.9923 1.94692 79.4785
5780683 4.91148 29.4654 10.9439 34 15.0055 1.99829 79.3208
5780687 4.9859 29.5993 11.0374 34 14.938 1.96907 79.6226
5780708 5.02724 29.5324 11.028 34 14.9135 1.973 79.5876
5780718 5.00243 29.3506 11 34 14.9169 2.01258 79.353
5780747 4.95282 29.3889 11.0374 34 14.9279 2.02113 79.3791
5780749 4.95282 29.3889 11.0374 34 14.9279 2.02113 79.3791
5780758 5.02724 29.4558 11.1495 34 14.8429 2.00919 79.6326
5780780 5.06858 29.5706 11.1215 34 14.8508 1.97133 79.7607
5780785 5.06858 29.5706 11.1215 34 14.8508 1.97133 79.7607
5780792 5.01897 29.6089 11.0654 34 14.9086 1.96458 79.6933
5780804 5.01897 29.7237 11.0093 34 14.9512 1.93099 79.752
5780810 5.01897 29.7237 11.0093 34 14.9512 1.93099 79.752
5780820 4.99416 29.8098 10.9252 34 15.0166 1.90419 79.7292
5780830 4.96109 29.8289 10.8598 34 15.0685 1.89639 79.6498
5780841 4.96109 29.8289 10.8598 34 15.0685 1.89639 79.6498
5780854 5.0107 29.7907 10.8037 34 15.0669 1.88475 79.6051
5780860 5.0107 29.7907 10.8037 34 15.0669 1.88475 79.6051
5780877 4.95282 29.5802 10.9346 34 15.0039 1.96336 79.4676
5780881 4.95282 29.628 10.972 34 14.9911 1.95929 79.5528
5780891 4.95282 29.628 10.972 34 14.9911 1.95929 79.5528
5780901 5.05204 29.7715 11.1215 34 14.8846 1.93219 79.9451
5780911 5.41586 29.8385 11.4766 34 14.5378 1.89932 80.731
5780926 5.41586 29.8385 11.4766 34 14.5378 1.89932 80.731
5780932 6.31712 30.0298 11.5888 34 14.0732 1.69191 81.9357
5780941 6.31712 30.0298 11.5888 34 14.0732 1.69191 81.9357
5780956 7.5822 30.1446 11.6822 34 13.4518 1.43067 83.4091
5780962 8.9713 30.1446 12.3551 34 12.5242 1.27047 85.4711
5780975 8.9713 30.1446 12.3551 34 12.5242 1.27047 85.4711
5780987 10.4679 29.9246 13.5888 34 11.3285 1.2269 87.9813
5780992 10.4679 29.9246 15.0374 34 10.7401 1.45 89.4299
5781002 11.5759 29.3123 15.0374 34 10.2026 1.35932 89.9256
5781012 12.7996 28.5183 16.514 32.0897 8.70045 1.21536 89.9216
5781027 12.7996 28.5183 16.514 32.0897 8.70045 1.21536 89.9216
5781034 13.9572 27.6669 17.3234 29.6583 7.34844 0.907001 88.6058
5781049 14.7675 26.4423 17.8692 27.0244 6.04796 0.641747 86.1034
5781053 14.7675 26.4423 17.8692 27.0244 6.04796 0.641747 86.1034
5781074 15.4373 24.8734 18.4857 24.4869 4.63398 0.479456 83.2833
5781075 16.1318 23.4288 19.4358 22.2486 3.11089 0.392101 81.245
5781102 16.876 22.0703 21.0125 20.4637 1.44411 0.471856 80.4225
5781112 16.876 22.0703 21.0125 20.4637 1.44411 0.471856 80.4225
5781122 17.6638 20.731 23.3674 19.3348 -0.297606 0.796716 81.0971
5781127 18.6836 19.3725 26.5511 18.5437 -2.20038 1.26973 83.151
5781136 18.6836 19.3725 26.5511 18.5437 -2.20038 1.26973 83.151
5781147 19.9151 17.8514 29.7955 17.8876 -4.08765 1.74078 85.4497
5781155 20.983 16.1644 32.8377 17.1833 -5.87169 2.2153 87.1684
5781165 20.983 16.1644 32.8377 17.1833 -5.87169 2.2153 87.1684
5781180 21.8778 14.3886 34 16.4336 -7.22477 2.45108 86.7
5781186 21.8778 14.3886 34 16.4336 -7.22477 2.45108 86.7
5781200 22.3973 12.935 34 15.6843 -8.16843 2.53221 85.0165
5781206 22.7533 11.6641 34 14.9698 -9.02999 2.61774 83.3871
5781222 22.7533 11.6641 34 14.9698 -9.02999 2.61774 83.3871
5781226 23.0996 10.6718 34 14.4905 -9.70598 2.68395 82.2619
5781236 23.4171 9.81004 34 14.1855 -10.263 2.75604 81.4127
5781247 23.4171 9.81004 34 14.1855 -10.263 2.75604 81.4127
5781261 23.7057 9.11367 34 13.9503 -10.7224 2.81001 80.7697
5781271 23.7057 9.11367 34 13.9503 -10.7224 2.81001 80.7697
5781276 24.129 8.57399 34 13.7673 -11.1183 2.80805 80.4703
5781296 24.6101 8.30415 34 13.6889 -11.3572 2.74952 80.6031
5781299 24.6101 8.30415 34 13.6889 -11.3572 2.74952 80.6031
5781320 24.9468 8.11265 34 13.9154 -11.3982 2.75196 80.9749
5781321 25.2162 7.93856 34 13.898 -11.5294 2.72846 81.0527
5781327 25.2162 7.93856 34 13.898 -11.5294 2.72846 81.0527
5781343 25.601 7.79928 34 13.6366 -11.774 2.63515 81.0369
5781350 25.601 7.79928 34 13.6366 -11.774 2.63515 81.0369
5781358 25.957 7.61649 34 13.5233 -11.9663 2.58022 81.0968
5781377 26.1686 7.50333 34 13.4013 -12.1076 2.54018 81.0733
5781379 26.1686 7.50333 34 13.4013 -12.1076 2.54018 81.0733
5781393 26.159 7.4511 34 13.2793 -12.1859 2.5348 80.8895
5781406 25.8704 7.34665 34 13.1138 -12.2649 2.59491 80.3308
5781409 25.8704 7.34665 34 13.1138 -12.2649 2.59491 80.3308
5781423 25.6876 7.39887 34 12.8872 -12.317 2.58849 79.9737
5781433 25.6876 7.39887 34 12.8872 -12.317 2.58849 79.9737
5781455 25.3894 7.34665 34 12.4341 -12.5074 2.59532 79.1701
5781474 25.1873 7.13774 34 11.9549 -12.8049 2.61175 78.28
5781478 24.8121 6.81567 34 11.6064 -13.0739 2.71484 77.2341
5781486 24.5523 6.54583 34 11.4931 -13.2239 2.81917 76.5913
5781498 24.5523 6.54583 34 11.4931 -13.2239 2.81917 76.5913
5781503 24.6197 6.37174 34 11.4582 -13.3388 2.83849 76.4497
5781513 24.6197 6.37174 34 11.4582 -13.3388 2.83849 76.4497
5781525 25.1007 6.43267 34 11.4844 -13.3682 2.71709 77.0178
5781531 26.0051 6.40655 34 11.4582 -13.5291 2.51315 77.8699
5781541 26.0051 6.40655 34 11.4582 -13.5291 2.51315 77.8699
5781556 26.7363 6.53712 34 11.284 -13.6573 2.29334 78.5574
5781562 27.4001 6.55453 34 11.162 -13.8036 2.12484 79.1166
5781575 27.4001 6.55453 34 11.162 -13.8036 2.12484 79.1166
5781586 27.9004 6.65028 34 11.0051 -13.9038 1.97116 79.5558
5781600 27.9004 6.65028 34 11.0051 -13.9038 1.97116 79.5558
5781603 28.0928 6.57194 34 10.9093 -14.0158 1.93113 79.574
5781612 28.189 6.4936 34 10.9093 -14.0674 1.92733 79.5919
5781625 28.189 6.4936 34 10.9093 -14.0674 1.92733 79.5919
5781633 28.3911 6.47619 34 10.7089 -14.2021 1.85513 79.5761
5781650 28.4584 6.53712 34 10.5869 -14.2413 1.80782 79.5824
5781653 28.4584 6.53712 34 10.5869 -14.2413 1.80782 79.5824
5781663 28.6412 6.70251 34 10.4823 -14.2361 1.71722 79.826
5781678 28.7663 7.18126 34 10.5259 -13.9981 1.59898 80.4734
5781685 28.7663 7.18126 34 10.5259 -13.9981 1.59898 80.4734
5781699 28.9298 8.06912 34 10.7002 -13.5132 1.41395 81.6991
5781708 28.9298 8.06912 34 10.7002 -13.5132 1.41395 81.6991
5781714 29.3628 9.37481 34 11.1707 -12.7572 1.15003 83.9083
5781726 29.8823 11.0635 34 11.9636 -11.7522 0.866046 86.9094
5781735 29.8823 11.0635 34 11.9636 -11.7522 0.866046 86.9094
5781751 30.1228 12.7435 34 13.1312 -10.6248 0.710841 89.9975
5781755 30.1228 12.7435 34 13.1312 -10.6248 0.710841 89.9975
5781777 29.863 13.9621 34 14.4208 -9.61563 0.747296 92.246
5781777 29.4686 15.2504 32.4941 15.5971 -8.38139 0.545018 92.8102
5781786 29.4686 15.2504 32.4941 15.5971 -8.38139 0.545018 92.8102
5781805 28.7951 16.5038 30.0684 16.1374 -7.16419 0.148641 91.5047
5781815 27.8619 17.5549 27.1879 16.1374 -6.01676 -0.353532 88.742
5781827 27.8619 17.5549 27.1879 16.1374 -6.01676 -0.353532 88.742
5781833 26.7267 18.2341 24.56 15.8585 -5.03461 -0.797999 85.3793
5781842 25.7165 18.8655 22.4073 15.9805 -4.00076 -1.11984 82.9697
5781854 25.7165 18.8655 22.4073 15.9805 -4.00076 -1.11984 82.9697
5781860 24.8121 19.7265 20.6486 16.5208 -2.81903 -1.35285 81.708
5781868 24.8121 19.7265 20.6486 16.5208 -2.81903 -1.35285 81.708
5781881 23.9655 20.6353 19.2539 17.5692 -1.53971 -1.43282 81.4239
5781888 23.0996 21.6207 18.1017 18.891 -0.21096 -1.41855 81.713
5781898 23.0996 21.6207 18.1017 18.891 -0.21096 -1.41855 81.713
5781914 21.897 22.4434 17.283 20.4733 1.13792 -1.20299 82.0968
5781920 20.2807 23.2375 16.5234 22.2872 2.6481 -0.857716 82.3287
5781933 20.2807 23.2375 16.5234 22.2872 2.6481 -0.857716 82.3287
5781938 18.5201 24.1367 15.7664 24.4966 4.32553 -0.433049 82.9198
5781960 18.5201 24.1367 15.7664 24.4966 4.32553 -0.433049 82.9198
5781962 16.6279 25.1413 15.3084 26.9569 5.99807 0.088554 84.0344
5781970 14.966 26.2319 14.9065 29.6873 7.59009 0.593768 85.7916
5781985 14.966 26.2319 14.9065 29.6873 7.59009 0.593768 85.7916
5781998 13.4694 27.0642 14.6916 32.2826 8.90945 1.10402 87.5077
5782011 11.9728 28.0208 14.6822 34 9.97053 1.46973 88.6758
5782025 10.6581 28.8723 14.3925 34 10.7542 1.51193 87.9229
5782038 10.6581 28.8723 14.3925 34 10.7542 1.51193 87.9229
5782041 9.52529 29.6472 14.028 34 11.4947 1.52332 87.2005
5782051 8.56615 30.1542 13.6822 34 12.1252 1.55584 86.4026
5782066 8.56615 30.1542 13.6822 34 12.1252 1.55584 86.4026
5782076 7.82198 30.1733 13.2991 34 12.6187 1.63617 85.2944
5782082 7.16877 29.9437 12.8879 34 13.0616 1.74559 84.0004
5782093 7.16877 29.9437 12.8879 34 13.0616 1.74559 84.0004
5782106 6.83804 29.8768 12.5327 34 13.3656 1.76905 83.2475
5782118 6.83804 29.8768 12.5327 34 13.3656 1.76905 83.2475
5782121 6.5073 29.695 12.2617 34 13.6199 1.82978 82.464
5782147 6.36673 29.8002 11.9439 34 13.85 1.78605 82.1109
5782148 6.36673 29.8002 11.9439 34 13.85 1.78605 82.1109
5782151 6.45768 29.8959 11.8037 34 13.8863 1.72538 82.1573
5782176 6.58171 29.8863 11.7944 34 13.8308 1.7006 82.2624
5782179 6.58171 29.8863 11.7944 34 13.8308 1.7006 82.2624
5782187 6.71401 29.9246 11.7944 34 13.7737 1.66604 82.433
5782199 6.71401 29.9246 11.7944 34 13.7737 1.66604 82.433
5782205 6.80496 29.8672 11.8972 34 13.6749 1.67587 82.5694
5782213 6.88765 29.9916 11.9626 34 13.6227 1.64471 82.8418
5782240 6.98687 30.1829 12.0561 34 13.5595 1.6016 83.2258
5782252 7.09436 30.5369 12.1402 34 13.5196 1.5236 83.7714
5782255 7.09436 30.5369 12.1402 34 13.5196 1.5236 83.7714
5782263 7.21839 31.0248 12.2804 34 13.4655 1.42633 84.5235
5782277 7.21839 31.0248 12.2804 34 13.4655 1.42633 84.5235
5782303 7.22665 31.3787 12.4299 34 13.4421 1.38023 85.0353
5782306 7.33414 31.7614 12.6168 34 13.3617 1.31625 85.7124
5782309 7.33414 31.7614 12.6168 34 13.3617 1.31625 85.7124
5782315 7.33414 31.9049 12.6916 34 13.3477 1.30091 85.9306
5782329 7.36722 32.0101 12.6075 34 13.3848 1.26129 85.9848
5782335 7.36722 32.0101 12.6075 34 13.3848 1.26129 85.9848
5782345 7.32588 32.0771 12.5514 34 13.4373 1.24748 85.9544
5782356 7.32588 32.0771 12.5514 34 13.4373 1.24748 85.9544
5782370 7.35895 32.2206 12.3645 34 13.5254 1.18419 85.944
5782382 7.39202 32.3545 12.1028 34 13.6459 1.11059 85.8494
5782386 7.39202 32.3545 12.1028 34 13.6459 1.11059 85.8494
5782409 7.31761 32.2876 11.7757 34 13.8187 1.08406 85.3809
5782411 7.2928 32.1345 11.5794 34 13.8996 1.08558 85.0067
5782416 7.2928 32.1345 11.5794 34 13.8996 1.08558 85.0067
5782426 7.41683 32.0293 11.4766 33.2185 13.7728 0.935757 84.1412
5782441 7.41683 32.0293 11.4766 33.2185 13.7728 0.935757 84.1412
5782450 7.82198 31.9145 11.5514 32.3502 13.4183 0.746992 83.638
5782463 9.03745 32.058 11.757 31.424 12.6629 0.371198 84.2764
5782467 9.03745 32.058 11.757 31.424 12.6629 0.371198 84.2764
5782477 10.9309 32.2971 12.1215 30.4012 11.5585 -0.123379 85.7508
5782491 13.1634 32.4215 13 29.1856 10.0955 -0.580948 87.7705
5782497 13.1634 32.4215 13 29.1856 10.0955 -0.580948 87.7705
5782518 15.0652 32.1632 14.0374 27.8831 8.67755 -0.893096 89.1488
5782520 15.0652 32.1632 14.0374 27.8831 8.67755 -0.893096 89.1488
5782527 16.1897 31.1874 14.9907 26.2236 7.40215 -1.04347 88.5913
5782547 17.7216 30.0681 16.1495 24.4194 5.83316 -1.22581 88.3586
5782550 17.7216 30.0681 16.1495 24.4194 5.83316 -1.22581 88.3586
5782558 19.1935 28.9775 17.1415 22.6731 4.35172 -1.42462 87.9856
5782572 19.9344 27.4373 18.0713 21.0908 3.03996 -1.42305 86.5338
5782578 19.9344 27.4373 18.0713 21.0908 3.03996 -1.42305 86.5338
5782599 20.1941 25.61 19.1427 19.6629 1.75397 -1.24074 84.6097
5782601 20.1941 25.61 19.1427 19.6629 1.75397 -1.24074 84.6097
5782608 20.6174 23.8019 20.3555 18.4086 0.371942 -1.01977 83.1835
5782628 21.1947 22.2617 21.9929 17.3859 -1.06837 -0.738375 82.8351
5782631 21.1947 22.2617 21.9929 17.3859 -1.06837 -0.738375 82.8351
5782640 21.7816 20.6927 23.9132 16.634 -2.51982 -0.348173 83.0215
5782658 22.532 19.3725 26.066 15.876 -3.98033 0.00669837 83.8465
5782667 22.532 19.3725 26.066 15.876 -3.98033 0.00669837 83.8465
5782681 23.7731 18.0332 28.33 15.144 -5.54812 0.293337 85.2803
5782686 23.7731 18.0332 28.33 15.144 -5.54812 0.293337 85.2803
5782691 24.9276 16.4603 30.3514 14.264 -7.13771 0.562908 86.0032
5782711 25.8415 14.8587 32.1302 13.5146 -8.56982 0.858981 86.345
5782712 25.8415 14.8587 32.1302 13.5146 -8.56982 0.858981 86.345
5782721 26.6689 13.1004 33.7473 12.8262 -9.98625 1.18208 86.3428
5782737 27.275 11.5509 34 12.3209 -10.982 1.32034 85.1469
5782746 27.275 11.5509 34 12.3209 -10.982 1.32034 85.1469
5782752 27.7753 10.1756 34 11.7981 -11.8812 1.40547 83.749
5782767 27.9774 10.1756 34 11.3537 -12.1092 1.29343 83.5067
5782773 27.9774 8.92217 34 11.3537 -12.6747 1.54172 82.2532
5782782 28.0928 7.99078 34 10.9441 -13.3158 1.64028 81.0277
5782796 28.0928 7.99078 34 10.9441 -13.3158 1.64028 81.0277
5782807 28.4488 7.38146 34 11.04 -13.6105 1.70824 80.8702
5782813 28.7374 6.92012 34 10.8831 -13.9477 1.71819 80.5407
5782825 28.7374 6.92012 34 10.8831 -13.9477 1.71819 80.5407
5782833 28.8529 6.59805 34 10.8134 -14.1537 1.74969 80.2643
5782851 28.9587 6.33692 34 10.7699 -14.317 1.77497 80.0655
5782880 28.9875 6.18024 34 10.6043 -14.4797 1.7744 79.7721
5782881 28.9875 6.18024 34 10.6043 -14.4797 1.7744 79.7721
5782890 28.7759 6.27599 34 10.5085 -14.4518 1.78291 79.5603
5782895 28.6797 6.38914 34 10.4213 -14.4261 1.76484 79.4902
5782911 28.6797 6.38914 34 10.4213 -14.4261 1.76484 79.4902
5782914 28.545 6.40655 34 10.2122 -14.5036 1.75472 79.1637
5782941 28.5739 6.55453 34 10.0292 -14.5249 1.68667 79.1576
5782943 28.5739 6.55453 34 10.0292 -14.5249 1.68667 79.1576
5782951 28.3911 6.65028 34 9.93337 -14.5007 1.6889 78.9747
5782968 28.3911 6.65028 34 9.93337 -14.5007 1.6889 78.9747
5782971 28.1794 6.70251 34 9.96822 -14.4289 1.72853 78.8501
5782977 28.2275 6.81567 34 10.1251 -14.3008 1.72075 79.1682
5783003 28.5354 6.92012 34 10.3342 -14.1876 1.66914 79.7897
5783007 28.747 7.03328 34 10.5433 -14.0589 1.63644 80.3236
5783034 28.9394 7.15515 34 10.7176 -13.9418 1.60056 80.8122
5783038 28.9394 7.15515 34 10.7176 -13.9418 1.60056 80.8122
5783054 28.8721 7.18126 34 10.9006 -13.832 1.6393 80.9539
5783062 28.8144 7.18126 34 11.0574 -13.7489 1.67701 81.053
5783068 28.8144 7.18126 34 11.0574 -13.7489 1.67701 81.053
5783082 28.7566 7.14644 34 11.04 -13.7659 1.69321 80.9431
5783088 28.8817 7.18996 34 10.9528 -13.8041 1.64416 81.0245
5783098 28.8817 7.18996 34 10.9528 -13.8041 1.64416 81.0245
5783113 28.9202 7.19867 34 10.9441 -13.8094 1.63304 81.063
5783118 28.9202 7.19867 34 10.9441 -13.8094 1.63304 81.063
5783140 28.7951 7.10292 34 10.8396 -13.8884 1.66122 80.7376
5783140 28.4584 7.04199 34 10.7263 -13.9262 1.72497 80.2267
5783150 28.4584 7.04199 34 10.7263 -13.9262 1.72497 80.2267
5783166 28.0736 6.8766 34 10.6827 -13.9748 1.83327 79.6329
5783175 27.7176 6.91142 34 10.9006 -13.8017 1.93731 79.5296
5783195 27.4482 7.58167 34 11.2927 -13.2509 1.91654 80.3226
5783201 27.1692 8.48694 34 11.7022 -12.5925 1.85218 81.3584
5783211 27.1692 8.48694 34 11.7022 -12.5925 1.85218 81.3584
5783226 26.7748 9.69688 34 12.164 -11.7727 1.75936 82.6357
5783248 26.1783 11.5684 34 12.8175 -10.5814 1.609 84.5642
5783252 25.322 13.2483 34 13.8283 -9.33041 1.60731 86.3986
5783276 25.322 13.2483 34 13.8283 -9.33041 1.60731 86.3986
5783280 24.1868 14.4931 32.1302 15.2922 -7.70355 1.52305 86.1022
5783289 23.2632 16.4429 30.3312 17.2991 -5.68272 1.36098 87.3363
5783302 23.2632 16.4429 30.3312 17.2991 -5.68272 1.36098 87.3363
5783307 22.455 18.7698 28.4614 19.2384 -3.62896 1.0922 88.9246
5783317 22.455 18.7698 28.4614 19.2384 -3.62896 1.0922 88.9246
5783331 21.5603 20.5492 26.2681 20.5602 -1.88868 0.795856 88.9378
5783335 20.146 21.6016 23.802 21.4864 -0.247046 0.610231 87.036
5783344 20.146 21.6016 23.802 21.4864 -0.247046 0.610231 87.036
5783363 18.5971 22.4721 21.4168 22.3933 1.42898 0.484369 84.8793
5783367 17 23.314 19.3954 23.6186 3.16138 0.486025 83.328
5783375 17 23.314 19.3954 23.6186 3.16138 0.486025 83.328
5783390 15.677 24.0315 17.7681 25.1913 4.77138 0.589861 82.668
5783396 14.5112 24.0315 16.5607 25.1913 5.65132 0.599536 80.2947
5783406 14.5112 24.9977 16.5607 26.8411 6.26183 0.704294 82.9108
5783418 13.3619 26.0118 15.5701 28.6067 7.68594 0.862311 83.5505
5783447 12.2787 27.1311 14.6075 30.3337 9.06292 0.983636 84.351
5783449 11.2947 28.0591 13.7383 32.109 10.3094 1.1432 85.2011
5783456 11.2947 28.0591 13.7383 32.109 10.3094 1.1432 85.2011
5783476 10.1702 28.7862 12.972 33.807 11.5037 1.36862 85.7354
5783481 9.04572 28.7862 12.4019 34 12.269 1.52611 84.2337
5783487 9.04572 29.2932 12.4019 34 12.3452 1.42723 84.7408
5783505 8.14445 30.0298 11.8598 34 13.0975 1.37186 84.0341
5783508 8.14445 30.0298 11.8598 34 13.0975 1.37186 84.0341
5783517 7.4251 30.8813 11.3458 34 13.7804 1.26227 83.6522
5783534 6.78842 31.704 10.9439 34 14.3737 1.15984 83.4363
5783537 6.78842 31.704 10.9439 34 14.3737 1.15984 83.4363
5783547 6.34193 32.5267 10.6262 34 14.8388 1.03435 83.4948
5783564 6.34193 32.5267 8.34579 34 15.9575 0.642216 81.2144
5783572 6.01119 33.0912 10.7383 34 15.0111 1.00834 83.8407
5783578 5.75486 33.2825 11.0467 34 15.0091 1.07203 84.0841
5783594 5.75486 33.2825 11.0467 34 15.0091 1.07203 84.0841
5783602 5.58949 33.3016 11.1495 34 15.0411 1.11703 84.0407
5783608 5.53988 33.4738 10.972 34 15.1698 1.06416 83.9857
5783624 5.53988 33.4738 10.972 34 15.1698 1.06416 83.9857
5783632 5.54815 33.4738 10.8037 34 15.2465 1.0346 83.8257
5783654 5.54815 33.4738 10.8037 34 15.2465 1.0346 83.8257
5783655 5.64737 33.4164 10.5981 34 15.291 0.992265 83.6619
5783660 5.72179 33.2442 10.3645 34 15.3479 0.971757 83.3305
5783668 5.72179 33.2442 10.3645 34 15.3479 0.971757 83.3305
5783687 5.72179 33.1773 10.0748 34 15.481 0.935665 82.9738
5783688 5.69698 33.0338 9.75701 34 15.6326 0.914002 82.4878
5783699 5.69698 33.0338 9.75701 34 15.6326 0.914002 82.4878
5783716 5.73833 33.072 9.48598 34 15.7503 0.852216 82.2963
5783720 5.73833 33.072 9.48598 34 15.7503 0.852216 82.2963
5783730 5.68872 33.2251 9.28037 34 15.8941 0.796874 82.1942
5783746 5.73833 33.2729 9.26168 34 15.884 0.774937 82.2729
5783750 5.73833 33.2729 9.26168 34 15.884 0.774937 82.2729
5783759 5.73006 33.426 9.14953 34 15.9608 0.727801 82.3056
5783773 5.76313 33.5791 9.15888 34 15.9565 0.693934 82.5011
5783779 5.76313 33.5791 9.15888 34 15.9565 0.693934 82.5011
5783802 5.7714 33.6843 9.18692 34 15.95 0.677233 82.6426
5783804 5.7714 33.6843 9.18692 34 15.95 0.677233 82.6426
5783811 5.71352 33.5599 9.35514 34 15.8817 0.740971 82.6286
5783832 5.73006 33.6365 9.52336 34 15.799 0.752234 82.8899
5783836 5.73006 33.6365 9.52336 34 15.799 0.752234 82.8899
5783846 5.7714 33.7226 9.61682 34 15.7423 0.744102 83.1108
5783863 5.81274 34 9.64486 34 15.7392 0.688754 83.4576
5783864 5.81274 34 9.64486 34 15.7392 0.688754 83.4576
5783871 5.82101 34 9.75701 34 15.6806 0.706406 83.578
5783893 5.82101 34 9.75701 34 15.6806 0.706406 83.578
5783898 5.79621 34 9.72897 34 15.7063 0.706272 83.5252
5783905 5.75486 33.8661 9.76636 34 15.6933 0.745695 83.3873
5783922 5.75486 33.8661 9.76636 34 15.6933 0.745695 83.3873
5783924 5.60603 33.426 9.63551 34 15.7814 0.835301 82.6675
5783932 5.59776 33.0529 9.73832 34 15.6929 0.926276 82.389
5783951 5.59776 33.0529 9.73832 34 15.6929 0.926276 82.389
5783952 6.16829 33.0529 10 34 15.286 0.861345 83.2212
5783962 6.16829 33.0529 10 34 15.286 0.861345 83.2212
5783980 6.93726 33.0146 10.1121 34 14.8593 0.742337 84.064
5783984 7.97909 33.0433 10.3458 34 14.2672 0.583949 85.3682
5783993 7.97909 33.0433 10.3458 34 14.2672 0.583949 85.3682
5784012 9.40126 32.9668 10.8411 34 13.3944 0.425366 87.2092
5784021 10.749 32.5554 12.0654 33.4211 12.1527 0.368632 88.791
5784040 10.749 32.5554 12.0654 33.4211 12.1527 0.368632 88.791
5784041 11.7495 31.7423 13.9346 32.4756 10.7155 0.48693 89.9019
5784049 11.7495 31.7423 13.9346 32.4756 10.7155 0.48693 89.9019
5784069 12.7748 30.8621 16.4019 31.3468 9.0365 0.674894 91.3856
5784071 14.0233 30.269 18.415 29.7452 7.45676 0.627535 92.4525
5784076 14.0233 30.269 18.415 29.7452 7.45676 0.627535 92.4525
5784084 15.1313 29.3984 19.4156 27.5261 6.11601 0.395522 91.4714
5784100 15.7101 28.0304 19.7087 24.8729 4.94907 0.142838 88.3221
5784106 15.7101 28.0304 19.7087 24.8729 4.94907 0.142838 88.3221
5784129 16.1153 26.4232 20.2545 22.2293 3.61163 -0.00965327 85.0222
5784130 16.1153 26.4232 20.2545 22.2293 3.61163 -0.00965327 85.0222
5784141 16.5039 24.5864 21.2449 19.9813 2.07092 0.0247729 82.3165
5784144 17.0673 22.9122 22.761 18.206 0.398374 0.182982 80.9466
5784159 17.0673 22.9122 22.761 18.206 0.398374 0.182982 80.9466
5784166 17.7408 21.2954 24.7117 16.9739 -1.29555 0.492296 80.7218
5784174 18.8664 19.9178 27.2283 16.1287 -3.05822 0.835025 82.1412
5784190 18.8664 19.9178 27.2283 16.1287 -3.05822 0.835025 82.1412
5784196 20.223 18.4063 30.0279 15.3967 -4.89207 1.21268 84.0539
5784222 21.3775 16.4777 33.0095 14.6561 -6.79753 1.7207 85.5208
5784227 22.4069 14.2929 34 14.081 -8.26633 2.01364 84.7808
5784242 22.4069 14.2929 34 14.081 -8.26633 2.01364 84.7808
5784247 23.3497 12.3257 34 13.4885 -9.47997 2.13069 83.1639
5784257 23.9751 10.637 34 13.0441 -10.4995 2.28372 81.6562
5784273 23.9751 10.637 34 13.0441 -10.4995 2.28372 81.6562
5784278 24.5331 9.24424 34 12.5126 -11.4511 2.37923 80.2899
5784287 24.5331 9.24424 34 12.5126 -11.4511 2.37923 80.2899
5784306 24.8987 8.0256 34 12.0769 -12.2771 2.49729 79.0012
5784309 25.1007 7.04199 34 11.9636 -12.8335 2.65424 78.1063
5784336 25.0526 6.34562 34 11.9026 -13.1966 2.81453 77.3009
5784339 25.0623 5.91039 34 11.8329 -13.4492 2.90218 76.8056
5784348 25.0623 5.91039 34 11.8329 -13.4492 2.90218 76.8056
5784367 25.3316 5.64055 34 11.6325 -13.7259 2.87064 76.6047
5784377 25.3316 5.64055 34 11.6325 -13.7259 2.87064 76.6047
5784379 25.4375 5.44905 34 11.4757 -13.9181 2.86578 76.3622
5784399 25.5241 5.42294 34 11.4495 -13.9573 2.84748 76.3965
5784400 25.5241 5.42294 34 11.4495 -13.9573 2.84748 76.3965
5784432 25.4952 5.44035 34 11.345 -13.9976 2.83351 76.2805
5784433 25.3028 5.50998 34 11.3362 -13.9386 2.86087 76.149
5784435 25.3028 5.50998 34 11.3362 -13.9386 2.86087 76.149
5784440 25.1969 5.57962 34 11.284 -13.9144 2.86102 76.0605
5784462 25.1969 5.57962 34 11.284 -13.9144 2.86102 76.0605
5784463 25.1488 5.64926 34 11.2404 -13.894 2.84901 76.0385
5784471 25.322 5.68408 34 11.1794 -13.9326 2.79055 76.1855
5784494 25.322 5.68408 34 11.1794 -13.9326 2.79055 76.1855
5784496 25.4375 5.7363 34 11.0923 -13.9672 2.73749 76.266
5784506 25.4278 5.70148 34 11.0923 -13.9836 2.74783 76.2216
5784523 25.4278 5.70148 34 11.0923 -13.9836 2.74783 76.2216
5784525 25.5337 5.76242 34 11.1097 -13.9589 2.71189 76.4058
5784536 25.5337 5.76242 34 11.1097 -13.9589 2.71189 76.4058
5784556 25.6876 5.77983 34 11.1445 -13.9545 2.67787 76.612
5784560 25.8704 5.85817 34 11.2404 -13.8926 2.63324 76.969
5784568 25.8704 5.85817 34 11.2404 -13.8926 2.63324 76.969
5784588 26.1205 5.89299 34 11.3101 -13.8759 2.5794 77.3236
5784589 26.1975 5.89299 34 11.3014 -13.8914 2.56052 77.3919
5784605 26.1205 5.89299 34 11.2317 -13.9154 2.56679 77.2452
5784623 26.1205 5.90169 34 11.1271 -13.9637 2.54796 77.1493
5784633 26.2071 5.95392 34 10.9354 -14.0466 2.4854 77.0965
5784651 26.2071 5.95392 34 10.9354 -14.0466 2.4854 77.0965
5784653 26.4092 6.02355 34 10.9006 -14.0577 2.41833 77.3333
5784663 26.717 6.52842 34 10.9267 -13.8355 2.24145 78.1722
5784683 26.717 6.52842 34 10.9267 -13.8355 2.24145 78.1722
5784688 26.9191 7.09421 34 10.9877 -13.5559 2.08372 79.001
5784694 26.9191 7.09421 34 10.9877 -13.5559 2.08372 79.001
5784713 27.0538 8.06042 34 11.223 -12.9985 1.88744 80.3371
5784718 27.2173 9.38351 34 11.6848 -12.1981 1.65593 82.2856
5784724 27.2173 9.38351 34 11.6848 -12.1981 1.65593 82.2856
5784740 27.4194 11.0983 34 12.3034 -11.2052 1.37686 84.8211
5784752 27.5059 12.3779 34 13.0964 -10.3563 1.24382 86.9802
5784770 27.5059 12.3779 34 13.0964 -10.3563 1.24382 86.9802
5784771 27.0826 13.553 33.3329 14.2814 -9.2298 1.18618 88.25
5784780 27.0826 13.553 33.3329 14.2814 -9.2298 1.18618 88.25
5784801 26.5631 14.8848 31.6552 15.5797 -7.82389 0.978822 88.6828
5784805 26.0532 16.3559 29.8056 17 -6.30583 0.739206 89.2146
5784806 26.0532 16.3559 29.8056 17 -6.30583 0.739206 89.2146
5784816 25.2932 17.7366 27.7235 18.2543 -4.78212 0.496813 89.0076
5784838 24.3118 18.6263 25.4293 19.2287 -3.39228 0.294499 87.5961
5784839 24.3118 18.6263 25.4293 19.2287 -3.39228 0.294499 87.5961
5784846 23.2343 19.4012 23.1249 19.9813 -2.0342 0.0823277 85.7417
5784870 23.2343 19.4012 23.1249 19.9813 -2.0342 0.0823277 85.7417
5784871 22.0606 20.1379 21.1237 20.7821 -0.673059 -0.052202 84.1042
5784877 20.9542 20.8458 19.4964 21.689 0.627884 -0.111081 82.9854
5784903 20.0498 21.4676 18.1926 22.6249 1.7763 -0.12752 82.3349
5784907 19.4726 22.2904 17.1011 23.8791 2.89929 -0.1419 82.7431
5784917 19.4726 22.2904 17.1011 23.8791 2.89929 -0.1419 82.7431
5784939 19.2224 23.4097 16.1682 25.2588 3.94896 -0.21504 84.0591
5784942 18.8376 23.4097 15.3832 24.3229 4.12181 -0.465109 81.9534
5784948 18.8376 24.4811 15.3832 26.7928 4.98663 -0.200486 85.4948
5784971 18.4335 25.5526 14.757 28.433 5.96354 -0.136977 87.1762
5784973 18.4335 25.5526 14.757 28.433 5.96354 -0.136977 87.1762
5784980 17.8563 26.4519 14.1402 29.8706 6.88585 -0.0505015 88.3189
5785001 16.8842 27.2172 13.5794 31.0477 7.83322 0.0888634 88.7286
5785003 16.8842 27.2172 13.5794 31.0477 7.83322 0.0888634 88.7286
5785010 15.6688 27.7243 12.9346 31.9353 8.7965 0.250987 88.2629
5785018 15.6688 27.7243 12.9346 31.9353 8.7965 0.250987 88.2629
5785034 14.1474 28.2504 12.5234 32.7554 9.79027 0.492885 87.6766
5785039 12.0058 28.3748 11.8318 33.5079 11.0957 0.867779 85.7204
5785048 12.0058 28.3748 11.8318 33.5079 11.0957 0.867779 85.7204
5785066 9.87257 28.5087 11.3271 34 12.3372 1.24465 83.7084
5785069 8.11965 28.6331 11.1589 34 13.2321 1.53937 81.9116
5785101 6.94553 29.121 11.0561 34 13.9047 1.66222 81.1226
5785135 6.0856 29.6759 11.1028 34 14.3721 1.73278 80.8643
5785135 5.56469 30.1829 10.9907 34 14.7475 1.71723 80.7382
5785137 5.56469 30.1829 10.9907 34 14.7475 1.71723 80.7382
5785144 5.24222 30.4508 11.028 34 14.9219 1.73469 80.721
5785167 5.12646 30.5656 11.0093 34 15.0028 1.73182 80.7014
5785168 5.12646 30.5656 11.0093 34 15.0028 1.73182 80.7014
5785172 5.143 30.7569 10.9907 34 15.0275 1.68575 80.8905
5785181 5.143 30.7569 10.9907 34 15.0275 1.68575 80.8905
5785199 5.24222 30.8526 11.0561 34 14.958 1.65641 81.1509
5785201 5.27529 30.7569 11 34 14.9575 1.66005 81.0322
5785211 5.27529 30.7569 11 34 14.9575 1.66005 81.0322
5785228 5.17607 30.5943 10.9252 34 15.0234 1.70175 80.6956
5785237 5.12646 30.556 10.8598 34 15.0758 1.70917 80.5423
5785261 5.12646 30.556 10.8598 34 15.0758 1.70917 80.5423
5785265 5.19261 30.6517 10.7103 34 15.1291 1.65093 80.5546
5785265 5.19261 30.6517 10.7103 34 15.1291 1.65093 80.5546
5785272 5.17607 30.7856 10.7103 34 15.1537 1.6267 80.672
5785292 5.21741 30.8908 10.8037 34 15.0996 1.61203 80.912
5785294 5.21741 30.8908 10.8037 34 15.0996 1.61203 80.912
5785303 5.19261 30.9961 11.0093 34 15.0232 1.62948 81.198
5785323 5.13473 30.7952 11.1963 34 14.9348 1.71333 81.1261
5785326 5.13473 30.7952 11.1963 34 14.9348 1.71333 81.1261
5785339 5.10992 30.5369 11.4019 34 14.8137 1.80541 81.0487
5785355 5.10165 30.5369 11.6168 34 14.7124 1.84203 81.2553
5785356 5.10165 30.5082 11.6168 34 14.7087 1.84798 81.2266
5785368 5.10992 30.5177 11.4206 34 14.8021 1.81242 81.0482
5785388 5.10992 30.5177 11.4206 34 14.8021 1.81242 81.0482
5785390 5.06858 30.336 11.3458 34 14.8363 1.84667 80.7503
5785397 5.01897 30.0585 11.2056 34 14.8954 1.89233 80.2831
5785406 5.01897 30.0585 11.2056 34 14.8954 1.89233 80.2831
5785421 4.91148 29.8002 11.0935 34 14.9725 1.95133 79.8052
5785426 4.88667 29.8002 11 34 15.0318 1.9413 79.6869
5785436 4.88667 29.475 11 34 14.991 2.01074 79.3616
5785453 4.82053 29.1593 10.9065 34 15.0318 2.07769 78.8863
5785456 4.82053 29.1593 10.9065 34 15.0318 2.07769 78.8863
5785466 4.91975 28.8531 11.2336 34 14.7772 2.17592 79.0065
5785485 5.31663 28.5661 11.5327 34 14.3916 2.20044 79.4155
5785493 5.31663 28.5661 11.5327 34 14.3916 2.20044 79.4155
5785519 6.04426 28.5566 11.6542 34 13.9736 2.06593 80.255
