464664 30.1324 31.0917 23.1552 20.1067 -0.499868 -2.57866 104.486
464674 31.3543 30.269 24.5398 17.849 -1.86903 -2.77387 104.012
464684 32.3452 29.1593 25.2979 15.7221 -3.11188 -2.99702 102.524
464691 32.3452 29.1593 25.2979 15.7221 -3.11188 -2.99702 102.524
464700 32.9513 27.399 26.2985 14.2118 -4.37211 -2.95061 100.861
464707 32.9321 24.9403 28.5523 13.4954 -5.76676 -2.3756 99.9202
464716 32.9321 24.9403 28.5523 13.4954 -5.76676 -2.3756 99.9202
464731 32.7589 22.2138 31.544 13.4567 -7.15999 -1.4962 99.9735
464737 32.7589 22.2138 31.544 13.4567 -7.15999 -1.4962 99.9735
464747 32.3645 19.5543 34 13.7472 -8.29346 -0.627839 99.6659
464757 32.0855 17.0096 34 13.8827 -9.0725 -0.187519 96.9777
464767 32.0855 17.0096 34 13.8827 -9.0725 -0.187519 96.9777
464778 31.7872 14.614 34 13.8536 -9.89857 0.231138 94.2549
464787 31.3158 12.2762 34 13.7956 -10.7356 0.689963 91.3875
464805 31.3158 12.2762 34 13.7956 -10.7356 0.689963 91.3875
464809 30.7097 10.0826 34 13.6213 -11.5949 1.15859 88.4136
464819 30.7097 10.0826 34 13.6213 -11.5949 1.15859 88.4136
464829 30.1517 8.1296 34 13.4954 -12.3946 1.61131 85.7767
464839 29.7476 6.45557 34 13.2921 -13.1744 1.99214 83.4953
464849 29.7476 6.45557 34 13.2921 -13.1744 1.99214 83.4953
464859 29.5744 5.34918 34 13.0501 -13.7773 2.21898 81.9737
464869 29.5744 4.91624 34 13.1082 -13.9555 2.31943 81.5989
464885 29.5744 4.91624 34 13.1082 -13.9555 2.31943 81.5989
464890 29.9015 4.96435 34 13.1953 -13.9353 2.25371 82.0612
464916 29.9593 4.897 34 13.2534 -13.9475 2.26474 82.1097
464920 30.0074 4.86814 34 13.3018 -13.9447 2.2682 82.1773
464930 30.0074 4.86814 34 13.3018 -13.9447 2.2682 82.1773
464942 29.94 4.897 34 13.2437 -13.9495 2.26729 82.0807
464951 29.8053 4.85852 34 13.2921 -13.9266 2.3113 81.956
464961 29.8053 4.85852 34 13.2921 -13.9266 2.3113 81.956
464971 29.7861 4.81041 34 13.2341 -13.9745 2.31654 81.8306
464990 29.7861 4.81041 34 13.2341 -13.9745 2.31654 81.8306
464991 29.6129 4.82965 34 13.1179 -13.9974 2.33115 81.5604
465001 29.6033 4.79117 34 12.9727 -14.0841 2.31879 81.3671
465021 29.6033 4.79117 34 12.9727 -14.0841 2.31879 81.3671
465031 29.6514 4.73345 34 12.8274 -14.1883 2.29817 81.2123
465032 29.8053 4.83928 34 12.6629 -14.2371 2.21719 81.3075
465042 29.8053 4.83928 34 12.6629 -14.2371 2.21719 81.3075
465052 30.0939 4.90662 34 12.4983 -14.322 2.11618 81.4989
465062 30.0939 4.90662 34 12.4983 -14.322 2.11618 81.4989
465074 30.5269 4.9451 34 12.4596 -14.3785 2.0116 81.9315
465082 30.8636 4.97397 34 12.4983 -14.3896 1.94218 82.3359
465096 30.8636 4.97397 34 12.4983 -14.3896 1.94218 82.3359
465102 31.1426 5.15676 34 12.5951 -14.2925 1.86304 82.8945
465112 31.5659 5.92643 34 13.0017 -13.7991 1.68817 84.4941
465131 31.5659 5.92643 34 13.0017 -13.7991 1.68817 84.4941
465140 31.7583 6.50368 34 13.1082 -13.5136 1.55432 85.3702
465149 31.7583 6.50368 34 13.1082 -13.5136 1.55432 85.3702
465159 31.614 7.06169 34 13.2728 -13.1706 1.50039 85.9485
465164 31.5948 7.86022 34 13.5632 -12.6903 1.39767 87.0182
465174 31.5948 7.86022 34 13.5632 -12.6903 1.39767 87.0182
465189 31.5948 9.37068 34 13.9698 -11.8778 1.18137 88.9353
465195 31.5659 11.1986 34 14.5507 -10.9009 0.950462 91.3153
465205 31.5659 11.1986 34 14.5507 -10.9009 0.950462 91.3153
465215 31.4216 13.1517 34 16.7289 -9.32324 0.96886 95.3022
465225 31.4216 13.1517 34 16.7289 -9.32324 0.96886 95.3022
465235 31.0849 14.7583 34 19.4217 -7.78343 1.14519 99.2649
465245 29.9977 15.5954 34 20.7242 -6.89767 1.36533 100.317
465255 29.9977 15.5954 34 20.7242 -6.89767 1.36533 100.317
465269 28.9875 16.9711 31.6754 22.3837 -5.32609 1.21484 100.018
465277 27.8812 18.2724 27.8347 23.6765 -3.52404 0.822871 97.6647
465286 27.8812 18.2724 27.8347 23.6765 -3.52404 0.822871 97.6647
465296 26.3803 19.2577 24.5803 25.7026 -1.56384 0.726353 95.9209
465322 24.3696 20.1761 22.3769 28.8865 0.604367 1.05174 95.8091
465329 22.0028 21.2667 21.1034 32.4177 2.73223 1.58872 96.7907
465337 22.0028 21.2667 21.1034 32.4177 2.73223 1.58872 96.7907
465350 19.6457 22.3956 20.8912 34 4.09013 1.98848 96.9325
465357 17.3175 23.6201 21.1237 34 4.99134 2.21515 96.0613
465370 17.3175 23.6201 21.1237 34 4.99134 2.21515 96.0613
465377 14.6225 24.6438 20.9316 34 6.12796 2.49453 94.1979
465395 14.3326 24.6438 20.6587 34 6.31507 2.51226 93.6351
465406 11.8584 25.2943 20.6587 34 7.29134 2.8601 91.8115
465415 9.39397 25.8109 20.2747 34 8.42155 3.19678 89.4796
465422 9.39397 25.8109 20.2747 34 8.42155 3.19678 89.4796
465435 7.36441 26.251 19.931 34 9.41087 3.48083 87.5464
465440 5.8954 26.6145 19.547 34 10.2177 3.66683 86.0569
465449 5.8954 26.6145 19.547 34 10.2177 3.66683 86.0569
465459 5.38317 26.8346 19.3549 34 10.5456 3.70513 85.5727
465474 5.38317 26.8346 19.3549 34 10.5456 3.70513 85.5727
465481 5.32518 26.9494 19.0922 34 10.6986 3.65792 85.3667
465490 5.2382 26.8059 18.5059 34 10.9585 3.63014 84.55
465516 5.06424 26.3849 17.94 34 11.2067 3.68588 83.3891
465523 4.89028 25.7631 17.4548 34 11.3929 3.80013 82.1082
465530 4.89028 25.7631 17.4548 34 11.3929 3.80013 82.1082
465540 4.7743 25.61 17.0202 34 11.6134 3.80247 81.4045
465550 4.7743 25.61 17.0202 34 11.6134 3.80247 81.4045
465560 4.84196 26.0884 16.5042 34 11.8937 3.60545 81.4345
465584 5.05458 27.1311 16.2107 34 12.0957 3.2814 82.3964
465590 5.05458 27.1311 16.2107 34 12.0957 3.2814 82.3964
465591 5.30586 28.3844 16.0589 34 12.2448 2.93174 83.7491
465601 5.60546 29.6376 16.0893 34 12.2881 2.60972 85.3323
465611 5.60546 29.6376 16.0893 34 12.2881 2.60972 85.3323
465621 5.8954 30.6995 15.8565 34 12.4196 2.301 86.4514
465631 5.8954 30.6995 15.8565 34 12.4196 2.301 86.4514
465641 6.06936 31.637 15.7452 34 12.5276 2.06494 87.4516
465664 6.24332 32.4502 15.553 34 12.6503 1.84587 88.2465
465666 6.24332 32.4502 15.553 34 12.6503 1.84587 88.2465
465682 6.51393 33.5025 14.8548 34 12.9777 1.49176 88.8712
465695 6.51393 33.5025 14.8548 34 12.9777 1.49176 88.8712
465704 6.4946 33.8469 14.5006 34 13.184 1.37757 88.8421
465714 6.4946 33.8469 14.5006 34 13.184 1.37757 88.8421
465727 6.58158 33.9713 14.2476 34 13.2719 1.29978 88.8005
465738 6.53326 33.78 14.1161 34 13.3244 1.32357 88.4293
465744 6.53326 33.78 14.1161 34 13.3244 1.32357 88.4293
465761 7.11313 33.4164 14.5006 34 12.8616 1.34298 89.0302
465771 8.03127 32.9668 14.9762 34 12.2144 1.33007 89.9743
465781 8.03127 32.9668 14.9762 34 12.2144 1.33007 89.9743
465789 9.85787 32.7755 15.7756 34 11.1304 1.15935 92.4089
465802 12.0034 32.7755 16.4738 34 10.0518 0.896814 95.2527
465809 12.0034 32.5363 16.4738 34 10.0141 0.936829 95.0135
465819 14.7482 32.278 17.3436 34 8.68819 0.658355 98.3698
465827 14.7482 32.278 17.3436 34 8.68819 0.658355 98.3698
465836 17.3271 31.8188 19.0719 34 7.19535 0.576128 102.218
465845 19.1647 31.1109 22.3466 33.3343 5.41115 0.765222 105.956
465855 19.1647 31.1109 22.3466 33.3343 5.41115 0.765222 105.956
465870 20.502 30.049 24.843 30.9898 3.688 0.74474 106.384
465876 20.502 30.049 24.843 30.9898 3.688 0.74474 106.384
465886 21.5314 28.5566 25.5101 27.6033 2.20887 0.439736 103.201
465896 22.7725 27.1311 25.2675 23.8984 0.754392 -0.111689 99.0696
465907 22.7725 27.1311 25.2675 23.8984 0.754392 -0.111689 99.0696
465916 23.8596 25.7439 25.2372 20.5023 -0.747472 -0.607929 95.3431
465930 24.8506 24.682 26.1873 17.6754 -2.32358 -0.910644 93.3953
465936 24.8506 24.682 26.1873 17.6754 -2.32358 -0.910644 93.3953
465951 25.9281 23.7828 28.0874 15.6834 -3.89097 -0.953151 93.4817
465958 25.9281 23.7828 28.0874 15.6834 -3.89097 -0.953151 93.4817
465967 26.9191 23.1035 30.8567 14.6378 -5.24367 -0.711091 95.5172
465977 27.9196 22.3191 34 14.3861 -6.39151 -0.281766 98.6248
465987 27.9196 22.3191 34 14.3861 -6.39151 -0.281766 98.6248
465997 28.6412 21.1711 34 14.4926 -6.86068 -0.201365 98.3049
466010 29.1607 19.5734 34 14.4732 -7.48761 -0.0402635 97.2074
466020 29.1607 19.5734 34 14.4732 -7.48761 -0.0402635 97.2074
466029 29.5552 17.7079 34 14.3183 -8.24661 0.1656 95.5815
466041 29.5552 17.7079 34 14.3183 -8.24661 0.1656 95.5815
466049 29.5456 15.4607 34 13.9021 -9.19801 0.467529 92.9083
466063 29.305 12.9496 34 13.5729 -10.237 0.888072 89.8276
466069 29.305 12.9496 34 13.5729 -10.237 0.888072 89.8276
466079 28.8432 10.3616 34 13.1082 -11.4042 1.37349 86.3131
466089 28.3911 8.00453 34 12.721 -12.5323 1.86341 83.1165
466099 28.3911 8.00453 34 12.721 -12.5323 1.86341 83.1165
466109 27.8523 5.88795 34 12.4112 -13.5847 2.37131 80.1514
466119 27.8523 5.88795 34 12.4112 -13.5847 2.37131 80.1514
466137 27.4578 4.16582 34 12.1691 -14.501 2.80466 77.7928
466150 27.3424 3.19411 34 11.9852 -15.0817 3.0283 76.5217
466165 27.5829 2.99208 34 12.0723 -15.1729 3.03285 76.6473
466173 27.7272 2.95359 34 12.1498 -15.171 3.02008 76.8306
466181 27.7272 2.95359 34 12.1498 -15.171 3.02008 76.8306
466190 27.7849 2.93435 34 12.0142 -15.2594 2.98988 76.7335
466200 27.7849 2.93435 34 12.0142 -15.2594 2.98988 76.7335
466210 27.7272 2.82852 34 11.9465 -15.3434 3.0177 76.5022
466224 27.708 2.86701 34 11.9077 -15.3411 3.0071 76.4827
466232 27.708 2.86701 34 11.9077 -15.3411 3.0071 76.4827
466241 27.708 2.86701 34 11.8497 -15.3718 2.99799 76.4246
466251 27.7368 2.8189 34 11.9658 -15.3395 3.02073 76.5216
466270 27.7368 2.8189 34 11.9658 -15.3395 3.02073 76.5216
466272 27.8138 2.83814 34 11.9852 -15.3289 3.00114 76.6371
466285 27.8138 2.83814 34 11.9852 -15.3289 3.00114 76.6371
466291 27.8908 2.72269 34 12.0626 -15.3586 3.02229 76.6761
466301 27.91 2.71307 34 12.1788 -15.305 3.03815 76.8019
466311 27.91 2.71307 34 12.1788 -15.305 3.03815 76.8019
466324 27.9293 3.19411 34 12.721 -14.7776 3.00553 77.8443
466332 28.3045 4.35823 34 13.1953 -14.0095 2.72971 79.858
466342 28.3045 4.35823 34 13.1953 -14.0095 2.72971 79.858
466353 28.468 5.70515 34 13.5826 -13.2041 2.46027 81.7557
466362 28.468 5.70515 34 13.5826 -13.2041 2.46027 81.7557
466375 28.4103 7.37917 34 13.9989 -12.2428 2.18576 83.7883
466387 28.266 9.60158 34 14.1925 -11.1759 1.7996 86.0601
466396 28.266 9.60158 34 14.1925 -11.1759 1.7996 86.0601
466404 27.8619 11.9587 34 14.2796 -10.1088 1.44024 88.1002
466414 27.3039 14.5082 34 14.7733 -8.83761 1.15271 90.5855
466443 26.8229 17.1913 34 16.8935 -7.04316 1.08726 94.9077
466445 26.8229 17.1913 34 16.8935 -7.04316 1.08726 94.9077
466459 26.3707 19.6882 34 21.3127 -4.77691 1.36929 101.372
466467 25.88 21.5346 31.7259 23.8116 -2.97706 1.18349 102.952
466475 25.88 21.5346 31.7259 23.8116 -2.97706 1.18349 102.952
466485 25.1969 23.3044 27.2384 24.3326 -1.19871 0.460106 100.072
466495 24.3214 24.9786 23.0844 25.1141 0.688937 -0.169474 97.4986
466514 24.3214 24.9786 23.0844 25.1141 0.688937 -0.169474 97.4986
466517 23.0515 26.4519 20.3151 27.4779 2.71417 -0.263692 97.2964
466525 23.0515 26.4519 20.3151 27.4779 2.71417 -0.263692 97.2964
466545 21.2813 27.6382 18.8395 30.189 4.51934 0.0166994 97.9479
466546 19.2224 28.5661 18.3139 32.9291 6.04829 0.523231 99.0315
466560 19.2224 28.5661 18.3139 32.9291 6.04829 0.523231 99.0315
466566 16.7487 29.188 18.4655 34 7.10699 0.995228 98.4022
466576 14.3036 29.3793 18.5666 34 7.92449 1.38448 96.2495
466586 14.3036 29.3793 18.5666 34 7.92449 1.38448 96.2495
466601 11.8005 29.1497 18.5969 34 8.7529 1.86752 93.5471
466619 9.49062 28.6235 18.6879 34 9.48355 2.4075 90.802
466632 7.56737 28.3939 18.7182 34 10.1795 2.8344 88.6795
466638 7.56737 28.3939 18.7182 34 10.1795 2.8344 88.6795
466649 6.34963 28.3652 18.7283 34 10.6604 3.09003 87.4432
466659 5.99204 28.4992 19.082 34 10.6839 3.18434 87.5732
466669 5.99204 28.4992 19.082 34 10.6839 3.18434 87.5732
466679 6.02103 28.6618 19.0618 34 10.7069 3.1419 87.7447
466689 6.02103 28.614 18.9507 34 10.7444 3.13676 87.5856
466701 6.02103 28.614 18.9507 34 10.7444 3.13676 87.5856
466709 6.00171 28.4896 18.8395 34 10.7775 3.1515 87.3308
466726 6.00171 28.4896 18.8395 34 10.7775 3.1515 87.3308
466730 6.00171 28.4035 18.4756 34 10.9133 3.11987 86.8808
466740 5.88573 28.3939 17.9197 34 11.1916 3.06964 86.1994
466750 5.88573 28.3939 17.9197 34 11.1916 3.06964 86.1994
466760 5.95338 28.5087 17.3639 34 11.416 2.95396 85.826
466773 5.95338 28.5087 16.7571 34 11.6752 2.8682 85.2192
466785 5.95338 28.7957 16.7571 34 11.72 2.80822 85.5062
466796 6.02103 29.1306 16.3625 34 11.9124 2.66814 85.5141
466819 6.05969 29.5132 16.0792 34 12.0763 2.54044 85.6521
466821 6.15634 29.9342 16.0083 34 12.1284 2.42474 86.0988
466831 6.15634 29.9342 16.0083 34 12.1284 2.42474 86.0988
466842 6.26265 30.4125 15.9881 34 12.1625 2.30426 86.6632
466851 6.32064 30.8047 16.0185 34 12.1826 2.21928 87.1438
466870 6.32064 30.8047 16.0185 34 12.1826 2.21928 87.1438
466873 6.46561 31.2257 16.1804 34 12.1142 2.13193 87.8716
466881 6.46561 31.2257 16.1804 34 12.1142 2.13193 87.8716
466900 6.53326 31.484 16.2917 34 12.0767 2.08492 88.3089
466911 6.46561 31.5509 16.5244 34 12.0173 2.119 88.5409
466914 6.46561 31.5509 16.5244 34 12.0173 2.119 88.5409
466922 6.41728 31.3405 16.7369 34 11.9177 2.19999 88.4946
466934 6.41728 31.3405 16.7369 34 11.9177 2.19999 88.4946
466942 6.25298 31.0343 16.656 34 11.9752 2.28022 87.9433
466958 6.21433 31.0152 16.4435 34 12.0782 2.26078 87.673
466962 6.21433 31.0152 16.4435 34 12.0782 2.26078 87.673
466972 6.18533 31.1396 16.2107 34 12.2075 2.2081 87.5356
466988 6.20466 31.1778 15.9982 34 12.2953 2.16565 87.3807
467005 6.18533 31.1587 16.0893 34 12.2619 2.18657 87.4333
467014 6.18533 31.1587 16.0893 34 12.2619 2.18657 87.4333
467029 7.46106 31.4266 16.3726 34 11.6493 1.93003 89.2602
467034 7.91529 31.8188 16.1905 34 11.5967 1.74419 89.9246
467044 7.91529 31.8188 16.1905 34 11.5967 1.74419 89.9246
467061 8.70779 32.4693 15.7554 34 11.5487 1.41505 90.9325
467071 9.50028 33.2825 15.4821 34 11.4616 1.08915 92.2649
467080 9.50028 33.2825 15.4821 34 11.4616 1.08915 92.2649
467085 11.3559 34 15.6339 34 10.7933 0.675552 94.9898
467098 11.3559 34 15.6339 34 10.7933 0.675552 94.9898
467110 13.3178 34 16.0387 33.8263 9.89626 0.39316 97.1828
467116 15.2797 34 17.758 32.0318 8.32598 0.0772333 99.0695
467127 15.2797 34 17.758 32.0318 8.32598 0.0772333 99.0695
467136 16.7874 34 20.1837 30.16 6.72122 -0.0657982 101.131
467151 17.76 34 21.538 27.2753 5.46297 -0.439491 100.573
467159 17.76 34 21.538 27.2753 5.46297 -0.439491 100.573
467167 18.8761 34 22.5589 24.1396 4.19402 -0.930599 99.5745
467177 20.0787 34 23.4685 21.1294 2.93439 -1.44119 98.6766
467187 20.0787 34 23.4685 21.1294 2.93439 -1.44119 98.6766
467200 21.0407 34 25.1361 19.0647 1.73511 -1.63841 99.2416
467225 21.8393 34 28.1581 18.2928 0.561008 -1.37671 102.29
467234 22.532 32.7563 31.5945 18.2832 -0.733832 -0.771719 105.166
467252 22.9842 30.2977 34 18.3507 -1.97281 -0.132219 105.633
467262 23.09 27.179 34 18.206 -2.85558 0.283545 102.475
467272 23.09 27.179 34 18.206 -2.85558 0.283545 102.475
467280 23.1862 23.1705 34 17.714 -4.1556 0.819397 98.0707
467289 23.1862 23.1705 34 17.714 -4.1556 0.819397 98.0707
467299 22.811 18.6263 34 17.0868 -5.70062 1.56438 92.5242
467309 22.2145 13.9983 34 16.5063 -7.41184 2.47238 86.7191
467324 22.2145 13.9983 34 16.5063 -7.41184 2.47238 86.7191
467330 21.6565 9.794 34 16.2642 -9.05536 3.45356 81.7147
467345 21.1754 6.48444 34 16.09 -10.4827 4.32736 77.7498
467350 21.1754 6.48444 34 16.09 -10.4827 4.32736 77.7498
467362 20.8195 4.10809 34 16.0222 -11.5708 5.02229 74.9498
467381 20.7617 2.91511 34 16.3998 -11.9629 5.4112 74.0766
467396 20.983 2.76118 34 16.8354 -11.862 5.44878 74.5796
467401 20.983 2.76118 34 16.8354 -11.862 5.44878 74.5796
467411 21.1273 2.76118 34 16.971 -11.8205 5.42666 74.8595
467422 21.1658 2.78042 34 16.9032 -11.8512 5.40224 74.8494
467436 21.1658 2.78042 34 16.9032 -11.8512 5.40224 74.8494
467447 21.0119 2.74194 34 16.7773 -11.9053 5.4387 74.5312
467453 21.0119 2.74194 34 16.7773 -11.9053 5.4387 74.5312
467473 21.0023 2.75156 34 16.4288 -12.0722 5.39378 74.1826
467475 20.9253 2.75156 34 15.9835 -12.2828 5.35702 73.6603
467482 20.9253 2.75156 34 15.9835 -12.2828 5.35702 73.6603
467498 21.1177 2.76118 34 15.6446 -12.483 5.25663 73.5235
467507 21.5507 2.89587 34 15.3833 -12.6208 5.0664 73.8298
467514 21.5507 2.89587 34 15.3833 -12.6208 5.0664 73.8298
467532 21.9836 2.97284 34 15.1896 -12.7522 4.90246 74.1461
467534 21.9836 2.97284 34 15.1896 -12.7522 4.90246 74.1461
467547 22.5224 3.06904 34 15.0928 -12.8409 4.72016 74.6842
467559 22.8687 3.13639 34 15.1315 -12.8435 4.61688 75.1366
467564 22.8687 3.13639 34 15.1315 -12.8435 4.61688 75.1366
467574 23.1477 3.14601 34 15.4026 -12.748 4.57926 75.6963
467595 24.129 5.56084 34 15.9835 -11.4796 3.82065 79.6734
467601 24.129 5.56084 34 15.9835 -11.4796 3.82065 79.6734
467610 24.8506 7.51387 34 16.6031 -10.466 3.29743 82.9675
467620 24.8506 7.51387 34 16.6031 -10.466 3.29743 82.9675
467627 25.2835 9.61121 34 17.0289 -9.49779 2.81661 85.9237
467636 25.601 11.8048 34 17.2026 -8.6317 2.33559 88.6084
467647 25.601 11.8048 34 17.2026 -8.6317 2.33559 88.6084
467655 25.88 14.6237 34 17.0096 -7.71656 1.72204 91.5133
467672 25.9377 17.6697 34 16.5353 -6.83345 1.10384 94.1427
467697 25.678 20.6066 34 16.1287 -5.94903 0.598063 96.4133
467700 25.678 20.6066 34 16.1287 -5.94903 0.598063 96.4133
467710 25.2162 23.1514 33.2117 15.8286 -4.99136 0.103585 97.4078
467724 24.7351 25.6387 28.5725 15.4994 -3.2213 -1.00087 94.4458
467738 24.6389 28.0113 24.6409 16.1093 -1.38095 -1.91112 93.4004
467750 24.7929 30.4316 21.7402 18.6305 0.661409 -2.33073 95.5952
467758 24.7929 30.4316 21.7402 18.6305 0.661409 -2.33073 95.5952
467774 25.0623 32.5554 19.5672 21.853 2.4685 -2.45323 99.0379
467780 25.0623 32.5554 19.5672 21.853 2.4685 -2.45323 99.0379
467789 24.7063 34 17.7075 24.8729 4.0625 -2.38816 101.287
467799 23.6095 34 16.15 27.227 5.31445 -2.11402 100.987
467825 21.7719 34 15.3708 29.311 6.51251 -1.656 100.454
467829 19.1358 34 14.9661 31.3468 7.85452 -1.02912 99.4487
467849 19.1358 34 14.9661 31.3468 7.85452 -1.02912 99.4487
467851 16.2945 34 14.5208 33.122 9.26784 -0.406123 97.9373
467860 13.7237 34 14.2071 34 10.4422 0.0755918 95.9308
467887 11.3366 34 13.8935 34 11.4689 0.411385 93.23
467890 11.3366 34 13.8935 34 11.4689 0.411385 93.23
467902 9.17169 34 13.6708 34 12.4274 0.742902 90.8425
467910 7.75099 34 13.7821 34 12.9748 1.01043 89.5331
467928 7.75099 34 13.7821 34 12.9748 1.01043 89.5331
467930 7.50938 34 14.106 34 12.9399 1.10415 89.6153
467945 7.50938 34 14.106 34 12.9399 1.10415 89.6153
467955 7.40307 34 14.106 34 12.985 1.12328 89.509
467964 7.47072 34 13.8833 34 13.0509 1.07649 89.3541
467982 7.47072 34 13.8833 34 13.0509 1.07649 89.3541
467984 7.49005 34 13.7214 34 13.1117 1.04774 89.2115
467994 7.47072 34 13.3875 34 13.2632 0.998801 88.8582
468007 7.47072 34 13.3875 34 13.2632 0.998801 88.8582
468017 7.48039 34 13.1345 34 13.3683 0.957085 88.6149
468022 7.4224 34 13.0333 34 13.4373 0.951481 88.4557
468049 7.36441 34 13.0131 34 13.4713 0.958732 88.3775
468060 7.36441 34 13.0131 34 13.4713 0.958732 88.3775
468062 7.29676 34 12.8917 34 13.5538 0.951639 88.1884
468086 7.19045 34 12.8512 34 13.6181 0.964442 88.0416
468088 7.19045 34 12.8512 34 13.6181 0.964442 88.0416
468094 7.20978 34 12.9625 34 13.5609 0.978661 88.1723
468112 7.11313 34 13.0637 34 13.5589 1.01227 88.1768
468115 7.11313 34 13.0637 34 13.5589 1.01227 88.1768
468124 7.17112 34 13.2155 34 13.4674 1.02578 88.3866
468138 7.17112 34 13.2155 34 13.4674 1.02578 88.3866
468149 7.1228 34 13.4685 34 13.3785 1.07443 88.5912
468155 7.19045 34 13.6607 34 13.2662 1.09232 88.8512
468189 7.20011 34 13.8833 34 13.1665 1.12533 89.0835
468190 7.20978 34 13.944 34 13.1363 1.13303 89.1538
468195 7.20978 34 13.944 34 13.1363 1.13303 89.1538
468215 7.38374 34 14.2982 34 12.9118 1.1565 89.682
468217 7.38374 34 14.2982 34 12.9118 1.1565 89.682
468230 9.49062 34 14.7536 34 11.8587 0.85582 92.2442
468242 10.921 34 15.047 34 11.1825 0.658636 93.968
468247 10.921 34 15.047 34 11.1825 0.658636 93.968
468256 12.3803 34 15.3 34 10.535 0.457723 95.6803
468268 13.8397 34 15.7351 34 9.84506 0.291383 97.5748
468293 15.9562 34 17.0809 32.6782 8.4343 -0.0296581 99.7153
468297 15.9562 34 17.0809 32.6782 8.4343 -0.0296581 99.7153
468310 18.4527 34 20.3151 31.2792 6.37005 -0.123754 104.047
468320 20.2037 34 21.3966 28.6356 5.04513 -0.600303 104.236
468329 20.2037 34 21.3966 28.6356 5.04513 -0.600303 104.236
468346 20.5405 34 20.9417 24.9501 4.34817 -1.29172 100.432
468348 21.5795 33.6652 20.6992 21.361 3.27513 -2.03246 97.3048
468373 21.5795 33.6652 20.6992 21.361 3.27513 -2.03246 97.3048
468375 22.4454 32.3354 20.7093 18.3797 2.01354 -2.50749 93.8697
468384 22.4454 32.3354 20.7093 18.3797 2.01354 -2.50749 93.8697
468400 23.1958 31.0343 21.8615 16.1771 0.583661 -2.63224 92.2687
468402 24.2926 30.202 23.9536 14.9089 -0.8396 -2.51166 93.3571
468410 24.2926 30.202 23.9536 14.9089 -0.8396 -2.51166 93.3571
468427 25.3605 29.5898 26.3793 14.3667 -2.03334 -2.22645 95.6963
468430 26.5342 28.8818 28.8858 14.3474 -3.08945 -1.85245 98.6493
468440 26.5342 28.8818 28.8858 14.3474 -3.08945 -1.85245 98.6493
468452 27.4675 27.8965 31.3419 14.512 -4.0509 -1.40935 101.218
468478 28.1794 26.5284 33.8888 14.8411 -5.00269 -0.866881 103.438
468482 28.5739 24.6629 34 15.0638 -5.58334 -0.611872 102.301
468507 28.6123 22.3382 34 15.1509 -6.27444 -0.269672 100.101
468511 28.2852 19.6691 34 15.0831 -7.09339 0.174492 97.0375
468521 28.2852 19.6691 34 15.0831 -7.09339 0.174492 97.0375
468532 28.0062 16.8364 34 14.996 -8.03873 0.663908 93.8387
468541 28.0062 16.8364 34 14.996 -8.03873 0.663908 93.8387
468561 27.6503 14.2484 34 14.8798 -8.9564 1.15355 90.7785
468563 27.2462 11.7759 34 14.7346 -9.89545 1.66014 87.7567
468572 27.2462 11.7759 34 14.7346 -9.89545 1.66014 87.7567
468587 26.8421 9.58234 34 14.5507 -10.7999 2.14055 84.9751
468592 26.5246 7.6678 34 14.3571 -11.6596 2.57385 82.5495
468602 26.5246 7.6678 34 14.3571 -11.6596 2.57385 82.5495
468615 26.3322 6.16695 34 14.2506 -12.3575 2.92597 80.7497
468624 26.3322 6.16695 34 14.2506 -12.3575 2.92597 80.7497
468641 26.2264 4.97397 34 14.1925 -12.9294 3.21039 79.3928
468644 26.4092 4.41596 34 14.3861 -13.1317 3.32547 79.2112
468654 26.4092 4.41596 34 14.3861 -13.1317 3.32547 79.2112
468667 26.6593 4.32937 34 14.6378 -13.0899 3.32473 79.6265
468679 26.8613 4.3871 34 14.6475 -13.0879 3.26657 79.8959
468693 26.8613 4.3871 34 14.6475 -13.0879 3.26657 79.8959
468695 27.0826 4.33899 34 14.6378 -13.1483 3.22564 80.0594
468720 27.0826 4.33899 34 14.6378 -13.1483 3.22564 80.0594
468722 27.2943 4.41596 34 14.5216 -13.1982 3.14303 80.2319
468730 27.7849 4.45444 34 14.2699 -13.3713 2.98671 80.5093
468748 27.7849 4.45444 34 14.2699 -13.3713 2.98671 80.5093
468750 28.3622 4.4833 34 14.0279 -13.5554 2.81596 80.8734
468755 28.824 4.50255 34 13.7665 -13.7357 2.671 81.0931
468765 28.824 4.50255 34 13.7665 -13.7357 2.671 81.0931
468780 29.026 4.47368 34 13.5923 -13.8608 2.60677 81.092
468786 29.026 4.47368 34 13.5923 -13.8608 2.60677 81.092
468806 29.4205 4.56027 34 13.4954 -13.9196 2.48809 81.4762
468815 29.6706 4.67572 34 13.6987 -13.8022 2.44117 82.0451
468818 29.6706 4.67572 34 13.6987 -13.8022 2.44117 82.0451
468833 30.0843 5.51273 34 14.0473 -13.3076 2.23271 83.6443
468836 30.3826 6.43633 34 14.4248 -12.7638 2.04225 85.2437
468846 30.3826 6.43633 34 14.4248 -12.7638 2.04225 85.2437
468860 30.3633 7.51387 34 14.6862 -12.177 1.87302 86.5634
468866 30.3633 7.51387 34 14.6862 -12.177 1.87302 86.5634
468886 30.0747 8.70685 34 14.8121 -11.575 1.71768 87.5936
468887 29.6706 10.352 34 15.0444 -10.7431 1.51938 89.0671
468896 29.6706 10.352 34 15.0444 -10.7431 1.51938 89.0671
468912 28.9491 12.2088 34 15.6834 -9.64784 1.40775 90.8413
468921 28.1602 14.1234 34 17.8973 -8.00044 1.53116 94.1808
468928 28.1602 14.1234 34 17.8973 -8.00044 1.53116 94.1808
468942 27.2269 16.1919 34 21.6986 -5.88606 1.85838 99.1174
468947 27.2269 16.1919 34 21.6986 -5.88606 1.85838 99.1174
468957 25.8512 17.6505 34 23.3871 -4.66196 2.06446 100.889
468976 24.1771 19.009 32.5446 24.1203 -3.40317 2.02483 99.851
468978 24.1771 19.009 32.5446 24.1203 -3.40317 2.02483 99.851
468997 22.532 20.3962 28.4614 24.4387 -1.60664 1.5609 95.8282
469000 21.1754 21.4581 24.2771 25.828 0.494298 1.20849 92.7386
469009 21.1754 21.4581 24.2771 25.828 0.494298 1.20849 92.7386
469026 20.3962 22.74 21.154 28.8093 2.68508 1.09997 93.0995
469029 20.3962 22.74 21.154 28.8093 2.68508 1.09997 93.0995
469041 19.5495 24.0028 19.0012 32.4467 4.71019 1.24666 95.0002
469055 18.5201 25.4952 18.1724 34 5.92662 1.27206 96.1877
469060 18.5201 25.4952 18.1724 34 5.92662 1.27206 96.1877
469084 17.1828 26.6815 18.5565 34 6.46702 1.35223 96.4208
469085 15.357 27.4564 19.0315 34 7.06033 1.59916 95.8449
469091 15.357 27.4564 19.0315 34 7.06033 1.59916 95.8449
469113 12.8926 27.6573 19.1023 34 7.91826 2.01049 93.6521
469115 12.8926 27.6573 19.1023 34 7.91826 2.01049 93.6521
469121 10.3991 27.5329 19.0113 34 8.83037 2.48715 90.9433
469142 8.16657 27.3607 18.6373 34 9.79895 2.91104 88.1646
469144 8.16657 27.3607 18.6373 34 9.79895 2.91104 88.1646
469153 6.02103 27.3607 18.1118 34 10.8862 3.28622 85.4935
469170 4.84196 27.399 17.8692 34 11.4992 3.50046 84.1101
469172 4.84196 27.399 17.8692 34 11.4992 3.50046 84.1101
469181 4.78397 27.4851 17.9602 34 11.4987 3.5067 84.2292
469199 4.78397 27.4851 17.9602 34 11.4987 3.5067 84.2292
469206 4.70665 27.399 17.6974 34 11.6329 3.50675 83.803
469212 4.75497 27.0833 17.4245 34 11.681 3.52851 83.2628
469239 4.62933 26.6911 17.2628 34 11.7454 3.62224 82.5832
469245 4.49403 26.4232 16.9089 34 11.9217 3.66479 81.8261
469258 4.49403 26.4232 16.9089 34 11.9217 3.66479 81.8261
469262 4.42638 26.1075 16.6357 34 12.0259 3.71479 81.1696
469272 4.42638 26.1075 16.6357 34 12.0259 3.71479 81.1696
469287 4.39738 25.8109 16.3423 34 12.1263 3.74931 80.5506
469294 4.32007 25.7153 16.2411 34 12.1935 3.77553 80.2764
469320 4.24275 25.7727 16.0994 34 12.3044 3.76035 80.1148
469324 4.35873 26.1458 16.0792 34 12.3188 3.64367 80.5836
469344 4.35873 26.1458 16.0792 34 12.3188 3.64367 80.5836
469345 4.4747 26.5667 16.3827 34 12.1921 3.56308 81.4241
469373 4.51336 26.8633 16.6863 34 12.0833 3.52955 82.0629
469376 4.53269 26.7867 17.0101 34 11.9167 3.58754 82.3295
469385 4.53269 26.7867 17.0101 34 11.9167 3.58754 82.3295
469402 4.46504 26.6432 17.2527 34 11.8155 3.66881 82.3609
469405 4.45537 26.6719 17.3032 34 11.8019 3.67144 82.4305
469433 4.48437 27.0929 17.2021 34 11.901 3.55613 82.7794
469441 4.48437 27.0929 17.2021 34 11.901 3.55613 82.7794
469460 4.57135 27.4468 17.0202 34 11.9991 3.43252 83.0384
469462 4.62933 27.7051 16.7774 34 12.1217 3.32857 83.1118
469467 4.62933 27.7051 16.7774 34 12.1217 3.32857 83.1118
469476 4.62933 27.8678 16.656 34 12.2011 3.27568 83.153
469490 5.21887 27.9347 17.3537 34 11.6446 3.23052 84.5073
469518 7.40307 28.2696 17.4649 34 10.7306 2.71851 87.1375
469520 7.40307 28.2696 17.4649 34 10.7306 2.71851 87.1375
469527 9.39397 28.4131 17.7985 34 9.82658 2.34217 89.6055
469548 11.4235 28.7096 17.8389 34 9.09168 1.90912 91.972
469549 11.4235 28.7096 17.8389 34 9.09168 1.90912 91.972
469560 13.6754 29.0923 17.5963 34 8.43028 1.40339 94.364
469576 16.0819 29.1306 17.1213 34 7.7666 0.92006 96.3337
469579 16.0819 29.1306 17.1213 34 7.7666 0.92006 96.3337
469589 18.395 28.8627 17.0606 30.3048 6.2648 0.0170732 94.6231
469606 18.395 28.8627 17.0606 30.3048 6.2648 0.0170732 94.6231
469609 20.4443 28.5374 18.4453 26.3104 4.25612 -0.67624 93.7374
469636 22.5993 28.3557 22.8722 23.1555 1.55689 -0.76209 96.9827
469640 24.4177 28.0687 27.39 20.2418 -0.873283 -0.727322 100.118
469650 25.9089 27.4277 31.0386 17.3087 -3.00222 -0.735984 101.684
469676 27.5637 26.4615 34 15.1993 -4.8203 -0.701258 103.224
469680 27.5637 26.4615 34 15.1993 -4.8203 -0.701258 103.224
469694 29.026 24.8351 34 14.2699 -5.85546 -0.821182 102.131
469700 30.219 22.3765 34 13.9892 -6.92286 -0.68693 100.585
469710 30.219 22.3765 34 13.9892 -6.92286 -0.68693 100.585
469725 30.9117 19.1334 34 13.7472 -8.18858 -0.352472 97.7922
469731 31.1907 15.3548 34 13.2631 -9.74664 0.114734 93.8087
469741 31.1907 15.3548 34 13.2631 -9.74664 0.114734 93.8087
469756 30.9021 11.3911 34 12.7984 -11.4244 0.75853 89.0916
469786 30.3729 8.00453 34 12.3337 -12.9955 1.40883 84.7112
469788 29.8246 5.37804 34 11.8884 -14.3537 1.97663 81.091
469792 29.8246 5.37804 34 11.8884 -14.3537 1.97663 81.091
469818 29.2281 3.72326 34 11.5495 -15.2722 2.40728 78.5009
469820 28.7085 2.93435 34 11.4237 -15.6847 2.68225 77.0666
469822 28.7085 2.93435 34 11.4237 -15.6847 2.68225 77.0666
469850 28.5642 2.79966 34 11.4043 -15.7488 2.74341 76.7682
469852 28.1986 2.74194 34 11.3656 -15.756 2.83562 76.3062
469854 28.1986 2.74194 34 11.3656 -15.756 2.83562 76.3062
469864 27.8427 2.67459 34 11.4334 -15.7124 2.94588 75.9506
469880 27.8427 2.67459 34 11.4334 -15.7124 2.94588 75.9506
469884 27.5348 2.588 34 11.5011 -15.6847 3.05029 75.6239
469894 27.2558 2.53028 34 11.4721 -15.6971 3.12644 75.2582
469913 27.2558 2.53028 34 11.4721 -15.6971 3.12644 75.2582
469919 27.1596 2.52066 34 11.385 -15.7376 3.13821 75.0652
469925 27.0922 2.47255 34 11.2301 -15.8399 3.14165 74.7949
469943 27.0922 2.47255 34 11.2301 -15.8399 3.14165 74.7949
469945 27.0826 2.50141 34 11.1913 -15.8441 3.13084 74.7754
469974 27.15 2.43407 34 11.1913 -15.8891 3.13084 74.7754
469976 27.0345 2.48217 34 11.2978 -15.7906 3.16405 74.8145
469986 27.0345 2.48217 34 11.2978 -15.7906 3.16405 74.8145
470005 26.8421 2.48217 34 11.4431 -15.6876 3.23379 74.7673
470006 26.7074 2.56876 34 11.8884 -15.383 3.31517 75.1646
470016 26.7074 2.56876 34 11.8884 -15.383 3.31517 75.1646
470035 27.0153 3.41539 34 12.2756 -14.772 3.0985 76.7063
470039 27.0153 3.41539 34 12.2756 -14.772 3.0985 76.7063
470047 27.2943 4.35823 34 12.8274 -14.0509 2.90041 78.48
470065 27.4771 5.60894 34 13.3405 -13.2194 2.65855 80.4266
470067 27.4771 5.60894 34 13.3405 -13.2194 2.65855 80.4266
470077 27.7946 7.33107 34 13.8343 -12.2436 2.29785 82.9599
470095 27.7849 9.34182 34 14.4248 -11.1098 1.98092 85.5516
470106 27.7849 9.34182 34 14.4248 -11.1098 1.98092 85.5516
470108 27.554 11.1698 34 15.4801 -9.89304 1.82921 88.2039
470128 27.554 11.1698 34 15.4801 -9.89304 1.82921 88.2039
470129 26.996 12.7957 34 17.8876 -8.26596 1.97905 91.6794
470139 26.1205 14.3158 34 20.7628 -6.57621 2.25734 95.1991
470158 26.1205 14.3158 34 20.7628 -6.57621 2.25734 95.1991
470160 24.7063 15.3933 34 21.6793 -5.64676 2.43995 95.7789
470169 23.0034 16.5382 34 22.2679 -4.74831 2.61868 95.8095
470196 23.0034 16.5382 34 22.2679 -4.74831 2.61868 95.8095
470197 21.1177 17.6697 34 23.0204 -3.76473 2.85463 95.8078
470207 21.1177 17.6697 34 23.0204 -3.76473 2.85463 95.8078
470223 19.0781 18.7985 30.038 25.0465 -1.41754 2.77663 92.9612
470225 17.1154 19.8891 26.4197 28.1243 1.22291 2.87379 91.5486
470230 17.1154 19.8891 26.4197 28.1243 1.22291 2.87379 91.5486
470240 15.444 21.2285 23.2057 31.8002 3.92104 2.99964 91.6784
470256 13.9847 22.6443 20.8205 34 5.97031 2.98385 91.4494
470288 12.8152 23.9263 19.7895 34 6.99249 2.82467 90.5311
470291 11.7521 24.8542 20.0422 34 7.46286 2.88518 90.6486
470301 10.3411 25.8109 20.4768 34 7.99773 3.03294 90.6288
470320 10.3411 25.8109 20.4768 34 7.99773 3.03294 90.6288
470322 8.74645 26.4136 20.5981 34 8.65355 3.2484 89.7582
470331 7.38374 26.6241 20.5375 34 9.23338 3.47782 88.5453
470353 7.38374 26.6241 20.5375 34 9.23338 3.47782 88.5453
470354 6.02103 26.6337 20.214 34 9.89959 3.72275 86.8687
470366 6.02103 26.6337 20.214 34 9.89959 3.72275 86.8687
470385 5.05458 26.4997 19.7491 34 10.4615 3.9028 85.3034
470386 4.86128 26.6241 19.4257 34 10.6986 3.87587 84.9111
470392 4.86128 26.6241 19.4257 34 10.6986 3.87587 84.9111
470402 4.87095 26.5763 19.0922 34 10.8273 3.84051 84.5394
470419 4.87095 26.3945 18.6171 34 10.9994 3.81814 83.8826
470427 4.87095 26.3945 18.6171 34 10.9994 3.81814 83.8826
470434 4.81296 26.2319 18.0713 34 11.2335 3.79466 83.1162
470452 4.81296 26.2319 18.0713 34 11.2335 3.79466 83.1162
470454 4.76464 26.1075 17.5155 34 11.4785 3.75845 82.3876
470464 4.68732 26.0405 17.1415 34 11.6685 3.74017 81.8693
470485 4.68732 26.0405 17.1415 34 11.6685 3.74017 81.8693
470486 4.67766 25.9736 16.7268 34 11.8488 3.70043 81.378
470497 4.59068 25.9544 16.5143 34 11.9818 3.69529 81.0594
470520 4.59068 25.9544 16.5143 34 11.9818 3.69529 81.0594
470522 4.64866 26.1553 16.4637 34 12.0106 3.6287 81.2677
470529 4.64866 26.1553 16.4637 34 12.0106 3.6287 81.2677
470537 4.64866 26.3658 16.4333 34 12.058 3.57632 81.4478
470554 4.62933 26.6337 16.575 34 12.0449 3.53968 81.838
470556 4.62933 26.6337 16.575 34 12.0449 3.53968 81.838
470588 4.66799 26.892 16.575 34 12.0682 3.47265 82.1349
470590 4.71632 27.1981 16.5244 34 12.1173 3.38615 82.4388
470592 4.71632 27.1981 16.5244 34 12.1173 3.38615 82.4388
470595 4.83229 27.753 16.5143 34 12.156 3.23631 83.0995
470622 4.83229 27.753 16.5143 34 12.156 3.23631 83.0995
470624 4.99659 28.3174 16.5446 34 12.1562 3.08209 83.8586
470626 5.03525 28.7862 16.4536 34 12.2508 2.96034 84.275
470636 5.03525 28.7862 16.4536 34 12.2508 2.96034 84.275
470655 5.12223 29.3123 16.1095 34 12.4434 2.78109 84.5441
470661 5.27686 29.8863 15.7655 34 12.6118 2.57904 84.9287
470667 5.27686 29.8863 15.7655 34 12.6118 2.57904 84.9287
