455582 17.5388 23.5436 12.325 11.4334 1.97145 -4.00767 64.8408
455592 18.3277 23.3236 13.9845 10.8815 0.711441 -3.78514 66.5173
455602 18.3277 23.3236 13.9845 10.8815 0.711441 -3.78514 66.5173
455612 18.8472 22.7304 15.5429 10.7363 -0.340156 -3.38178 67.8568
455623 19.0781 21.6111 17.3942 10.6976 -1.51332 -2.7473 68.781
455632 19.0781 21.6111 17.3942 10.6976 -1.51332 -2.7473 68.781
455646 19.0108 19.7361 19.3246 10.4749 -2.96309 -1.95793 68.5464
455653 19.0108 19.7361 19.3246 10.4749 -2.96309 -1.95793 68.5464
455664 18.7125 17.2583 21.1136 10.1555 -4.61493 -1.04888 67.2398
455674 18.3565 14.4024 23.0036 9.7295 -6.57647 -0.00592053 65.492
455684 18.3565 14.4024 23.0036 9.7295 -6.57647 -0.00592053 65.492
455705 17.1443 8.49519 27.9762 9.79727 -10.5767 2.87023 63.413
455714 17.1443 8.49519 27.9762 9.79727 -10.5767 2.87023 63.413
455726 16.768 6.24392 30.8971 10.4846 -12.0107 4.2791 64.3937
455734 16.768 6.24392 30.8971 10.4846 -12.0107 4.2791 64.3937
455748 16.7487 4.91624 33.3228 11.1139 -12.8746 5.16744 66.1017
455763 16.8937 4.29089 34 11.6367 -13.082 5.48899 66.8213
455773 16.8937 4.29089 34 11.6367 -13.082 5.48899 66.8213
455785 17.0577 4.10809 34 11.8497 -13.094 5.52496 67.0155
455788 17.1828 4.27165 34 11.8981 -12.9962 5.44381 67.3525
455805 17.202 4.24278 34 11.5883 -13.1916 5.40258 67.0331
455815 17.202 4.24278 34 11.5883 -13.1916 5.40258 67.0331
455828 17.0673 4.17544 33.5452 11.0752 -13.4225 5.32412 65.8631
455837 16.7874 4.14658 32.393 10.6008 -13.4656 5.17612 63.9277
455847 16.7874 4.14658 32.393 10.6008 -13.4656 5.17612 63.9277
455857 16.4974 4.02151 31.261 10.2039 -13.5249 5.06888 61.9838
455867 16.2945 4.01188 30.2604 9.84567 -13.5309 4.91613 60.4124
455877 16.2945 4.01188 30.2604 9.84567 -13.5309 4.91613 60.4124
455887 16.3138 4.1562 29.6338 9.61333 -13.471 4.71651 59.7171
455897 16.3138 4.1562 29.6338 9.61333 -13.471 4.71651 59.7171
455907 16.4974 4.14658 29.5024 9.65205 -13.4624 4.6432 59.7984
455919 16.6714 4.27165 29.8258 9.76822 -13.4039 4.62138 60.5371
455927 16.6714 4.27165 29.8258 9.76822 -13.4039 4.62138 60.5371
455937 16.8744 4.37748 30.2907 10.0103 -13.3127 4.64214 61.5528
455952 17.0962 4.45444 30.786 10.0974 -13.3462 4.64475 62.434
455961 17.0962 4.45444 30.786 10.0974 -13.3462 4.64475 62.434
455968 17.6157 4.618 31.0589 10.1167 -13.3813 4.48086 63.4093
455981 17.6157 4.618 31.0589 10.1167 -13.3813 4.48086 63.4093
455992 18.2507 4.8489 31.0791 10.0393 -13.4081 4.20881 64.218
455998 19.1551 5.0798 30.6344 9.74886 -13.5259 3.74857 64.6181
456013 19.1551 5.0798 30.6344 9.74886 -13.5259 3.74857 64.6181
456019 20.4731 5.39728 29.7146 9.27449 -13.6896 3.03395 64.8595
456029 21.9451 5.96491 28.2289 8.51936 -13.7994 2.05037 64.6583
456039 21.9451 5.96491 28.2289 8.51936 -13.7994 2.05037 64.6583
456049 23.8981 6.95586 26.157 7.74487 -13.6491 0.705999 64.7558
456067 25.8223 6.95586 24.1457 7.74487 -13.6338 -0.205885 64.6687
456070 25.8223 8.04301 24.1457 6.88326 -13.4995 -0.655619 64.8942
456080 27.6503 9.32258 21.8615 6.24431 -13.0399 -2.04377 65.0786
456090 27.6503 9.32258 21.8615 6.24431 -13.0399 -2.04377 65.0786
456100 29.103 10.6022 19.7794 5.80866 -12.433 -3.24315 65.2932
456110 30.3152 12.1607 17.9298 5.59567 -11.5485 -4.30682 66.0015
456129 30.3152 12.1607 17.9298 5.59567 -11.5485 -4.30682 66.0015
456139 31.2003 14.0368 16.0589 5.53759 -10.3559 -5.30585 66.8336
456151 31.7872 15.8455 13.9946 5.20843 -9.24951 -6.38048 66.8358
456158 31.7872 15.8455 13.9946 5.20843 -9.24951 -6.38048 66.8358
456167 32.2586 17.4209 12.1226 4.9664 -8.23513 -7.32168 66.7686
456175 32.2586 17.4209 12.1226 4.9664 -8.23513 -7.32168 66.7686
456185 32.3452 18.4924 10.9589 5.37301 -7.23495 -7.70565 67.1696
456194 32.1817 19.229 11.2524 8.03531 -5.71784 -6.8155 70.6984
456203 32.1817 19.229 11.2524 8.03531 -5.71784 -6.8155 70.6984
456219 31.7006 19.7265 12.3958 11.8593 -4.13261 -5.3854 75.6823
456223 30.5654 19.5543 12.2238 13.0695 -3.36991 -4.93809 75.413
456249 28.6701 19.1334 11.0702 12.5854 -2.80633 -5.06887 71.4591
456257 28.6701 19.1334 11.0702 12.5854 -2.80633 -5.06887 71.4591
456268 26.3899 18.655 10.0077 12.3628 -1.99504 -5.04509 67.4155
456273 23.7442 18.5115 8.98571 12.6629 -0.608531 -4.83703 63.9043
456288 23.7442 18.5115 8.98571 12.6629 -0.608531 -4.83703 63.9043
456294 20.8195 18.4637 8.42917 13.6987 1.18619 -4.19027 61.4111
456304 17.9525 18.4254 8.38869 15.8867 3.28546 -2.99305 60.6533
456330 15.0284 18.502 8.72262 18.891 5.5778 -1.45151 61.144
456337 15.0284 18.502 8.72262 18.891 5.5778 -1.45151 61.144
456345 12.303 18.8081 9.27917 22.4415 7.82544 0.145531 62.8318
456355 9.81922 19.1238 9.94702 25.9052 9.74715 1.59947 64.7953
456365 9.81922 19.1238 9.94702 25.9052 9.74715 1.59947 64.7953
456375 7.73167 19.5447 10.4732 28.9733 11.3579 2.73597 66.7229
456386 6.0307 19.9944 10.9286 31.1249 12.5443 3.53159 68.0785
456395 6.0307 19.9944 10.9286 31.1249 12.5443 3.53159 68.0785
456410 5.01592 20.4249 11.1208 32.2537 13.2753 3.9091 68.8153
456416 5.01592 20.4249 11.1208 32.2537 13.2753 3.9091 68.8153
456428 4.40705 20.5301 11.131 32.5335 13.6752 4.09479 68.6016
456438 3.91416 20.4153 10.8679 32.1669 14.0283 4.1651 67.3642
456451 3.91416 20.4153 10.8679 32.1669 14.0283 4.1651 67.3642
456456 3.63388 20.3388 10.4833 31.5204 14.3013 4.09944 65.9764
456466 3.53724 20.1666 10.119 30.7872 14.4318 3.99375 64.61
456485 3.53724 20.1666 10.119 30.7872 14.4318 3.99375 64.61
456486 3.36327 20.0996 9.73452 30.0925 14.6525 3.87838 63.2899
456498 3.36327 20.0996 9.73452 30.0925 14.6525 3.87838 63.2899
456508 3.32462 20.1187 9.48155 29.4461 14.7339 3.72391 62.371
456526 3.3826 20.3101 9.19821 28.8865 14.8176 3.49449 61.7774
456529 3.3826 20.3101 9.19821 28.8865 14.8176 3.49449 61.7774
456538 3.44059 20.4823 9.07679 28.5392 14.8297 3.33767 61.5388
456548 3.46958 20.6066 8.9756 28.3365 14.8636 3.23415 61.3884
456562 3.46958 20.6066 8.9756 28.3365 14.8636 3.23415 61.3884
456568 3.52757 20.9128 8.88452 28.3848 14.9431 3.11838 61.7097
456578 3.52757 20.9128 8.88452 28.3848 14.9431 3.11838 61.7097
456593 3.56623 21.085 8.93512 28.4523 14.9245 3.07943 62.0387
456599 3.64355 21.2859 9.00595 28.5102 14.8716 3.02345 62.4456
456609 3.64355 21.2859 9.00595 28.5102 14.8716 3.02345 62.4456
456619 3.74986 21.525 9.07679 28.819 14.8476 2.99684 63.1706
456629 3.80785 21.7833 9.1375 29.0023 14.8438 2.95349 63.731
456642 3.80785 21.7833 9.1375 29.0023 14.8438 2.95349 63.731
456650 3.85617 21.9651 9.1881 29.1277 14.8309 2.92214 64.1371
456660 3.85617 21.9651 9.1881 29.1277 14.8309 2.92214 64.1371
456671 3.85617 22.0416 9.1375 29.1759 14.8821 2.90034 64.2113
456680 3.90449 22.099 9.14762 29.0988 14.8427 2.85825 64.2499
456694 3.90449 22.099 9.14762 29.0988 14.8427 2.85825 64.2499
456700 4.06879 22.1564 9.14762 28.9347 14.7241 2.76572 64.3076
456710 4.61967 22.3191 9.25893 28.9251 14.3443 2.59017 65.1228
456730 4.61967 22.3191 9.25893 28.9251 14.3443 2.59017 65.1228
456732 5.08357 22.386 9.45119 28.954 13.9679 2.49009 65.8748
456741 5.08357 22.386 9.45119 28.954 13.9679 2.49009 65.8748
456761 5.66344 22.2808 9.89643 29.1856 13.3927 2.49255 67.0263
456763 6.21433 22.166 10.3518 29.34 12.8319 2.49252 68.0721
456771 6.21433 22.166 10.3518 29.34 12.8319 2.49252 68.0721
456785 6.9585 21.9938 10.8071 29.0698 12.0944 2.38081 68.8293
456792 7.95395 21.9938 10.8881 28.1532 11.3442 1.97718 68.9891
456807 7.95395 21.9938 10.8881 28.1532 11.3442 1.97718 68.9891
456813 9.10404 22.2138 10.706 26.7832 10.6047 1.34534 68.807
456835 10.0318 22.386 10.3012 25.1527 10.021 0.670967 67.8717
456847 10.6794 22.6443 10.0482 23.5414 9.51163 0.0596148 66.9134
456868 11.1239 23.1322 10.4631 21.9205 8.80321 -0.42149 66.6398
456876 11.4912 23.6106 11.7988 20.618 7.75291 -0.596483 67.5186
456890 11.4912 23.6106 11.7988 20.618 7.75291 -0.596483 67.5186
456904 11.7618 24.3376 12.7399 19.0936 6.96628 -0.941941 67.933
456907 11.7618 24.3376 12.7399 19.0936 6.96628 -0.941941 67.933
456915 12.1001 24.969 12.8411 16.9226 6.34063 -1.63965 66.8327
456925 12.7572 25.6196 12.2238 14.512 5.81703 -2.68175 65.1126
456936 12.7572 25.6196 12.2238 14.512 5.81703 -2.68175 65.1126
456945 13.5014 26.0023 11.8393 12.7306 5.22531 -3.49608 64.0736
456956 14.2263 26.0023 12.3554 11.8884 4.38522 -3.71899 64.4723
456965 14.2263 26.0023 12.3554 11.8884 4.38522 -3.71899 64.4723
456979 14.9994 25.5813 13.4887 11.6076 3.31197 -3.53649 65.6771
456990 14.9994 25.5813 13.4887 11.6076 3.31197 -3.53649 65.6771
457001 15.4247 24.5959 15.1077 11.6076 2.12448 -2.99057 66.736
457006 15.8982 23.2662 17.1213 11.5786 0.672385 -2.31297 67.8643
457033 16.0239 21.2572 19.4156 11.5011 -0.982854 -1.39983 68.1978
457038 15.8886 18.6837 22.104 11.4527 -2.88282 -0.223592 68.1291
457048 15.8886 18.6837 22.104 11.4527 -2.88282 -0.223592 68.1291
457058 15.7243 15.6435 25.1159 11.4237 -5.07053 1.14241 67.9074
457069 15.531 12.2569 28.1278 11.5592 -7.35186 2.64523 67.475
457078 15.531 12.2569 28.1278 11.5592 -7.35186 2.64523 67.475
457090 15.1734 9.13978 30.8769 11.6076 -9.46997 4.08054 66.7977
457098 15.1734 9.13978 30.8769 11.6076 -9.46997 4.08054 66.7977
457108 14.8931 6.48444 33.1813 11.8303 -11.2065 5.33989 66.3892
457118 14.8351 4.72383 34 12.2079 -12.1275 6.07804 65.7668
457144 14.8158 3.81947 34 12.5177 -12.4625 6.41929 65.1529
457149 14.8351 3.49236 34 12.4596 -12.689 6.51336 64.7871
457161 14.8351 3.49236 34 12.4596 -12.689 6.51336 64.7871
457169 15.0188 3.60781 34 12.295 -12.7523 6.39273 64.9216
457195 14.8835 3.4635 34 11.8206 -13.0905 6.42232 64.1676
457199 14.7771 3.36729 34 11.3656 -13.4011 6.42918 63.51
457231 14.6418 3.29994 33.2824 10.959 -13.5347 6.34406 62.1832
457237 14.5452 3.27108 32.5143 10.6008 -13.6168 6.22802 60.9313
457245 14.5452 3.27108 32.5143 10.6008 -13.6168 6.22802 60.9313
457256 14.5259 3.25184 32.11 10.3975 -13.6794 6.1532 60.2852
457270 14.5259 3.25184 32.11 10.3975 -13.6794 6.1532 60.2852
457271 14.5742 3.26146 31.9786 10.4072 -13.6514 6.11496 60.2214
457281 14.7578 3.32881 32.019 10.4362 -13.6318 6.03763 60.5419
457292 14.7578 3.32881 32.019 10.4362 -13.6318 6.03763 60.5419
457301 14.9511 3.42501 32.0089 10.4169 -13.6172 5.93312 60.8019
457312 15.3764 3.66553 31.9483 10.3588 -13.57 5.6884 61.3489
457324 15.3764 3.66553 31.9483 10.3588 -13.57 5.6884 61.3489
457331 15.9176 3.85795 31.9281 10.3104 -13.5765 5.43335 62.0139
457347 15.9176 3.85795 31.9281 10.3104 -13.5765 5.43335 62.0139
457351 16.5651 4.09847 31.6956 10.2329 -13.5518 5.09608 62.5921
457369 17.2117 4.33899 31.4935 10.0683 -13.586 4.75607 63.1124
457373 17.2117 4.33899 31.4935 10.0683 -13.586 4.75607 63.1124
457383 17.8659 4.49293 31.3216 9.97153 -13.6379 4.46201 63.652
457401 18.6259 4.80079 31.1801 9.86503 -13.6262 4.0991 64.4719
457421 19.4533 5.0798 30.9174 9.66173 -13.6799 3.69654 65.1122
457439 20.2615 5.33956 30.4727 9.39066 -13.7494 3.26795 65.4643
457444 21.3101 6.34975 29.8359 9.31321 -13.2778 2.57957 66.809
457454 21.3101 6.34975 29.8359 9.31321 -13.2778 2.57957 66.809
457464 22.0509 6.73458 28.9061 8.96469 -13.2237 2.0445 66.6563
457475 22.8879 7.55235 27.6629 8.7033 -12.8338 1.33054 66.8065
457485 22.8879 7.55235 27.6629 8.7033 -12.8338 1.33054 66.8065
457495 23.7731 8.49519 26.066 8.36446 -12.3613 0.486263 66.6987
457506 23.7731 8.49519 26.066 8.36446 -12.3613 0.486263 66.6987
457515 24.764 9.88059 24.368 8.08371 -11.6131 -0.490234 67.0963
457528 25.8031 11.6412 22.2455 7.56093 -10.7235 -1.70358 67.2507
457535 25.8031 11.6412 22.2455 7.56093 -10.7235 -1.70358 67.2507
457545 26.5727 13.296 20.1938 7.03816 -9.84804 -2.82487 67.1007
457555 27.1115 14.4409 18.2128 6.79613 -9.04705 -3.72815 66.5613
457575 27.1115 14.4409 18.2128 6.79613 -9.04705 -3.72815 66.5613
457580 27.2847 15.1432 16.8482 8.02563 -7.78735 -3.91239 67.3017
457600 27.2558 15.8936 16.15 10.5718 -6.06132 -3.5267 69.8712
457608 26.8517 16.4805 15.0976 12.3047 -4.65268 -3.37811 70.7345
457621 26.8517 16.4805 15.0976 12.3047 -4.65268 -3.37811 70.7345
457637 25.8608 16.6729 13.4887 12.5467 -3.69331 -3.60913 68.5691
457639 24.5331 16.8461 12.2946 12.7306 -2.72988 -3.69416 66.4045
457648 24.5331 16.8461 12.2946 12.7306 -2.72988 -3.69416 66.4045
457658 22.734 16.8942 11.647 13.4858 -1.54456 -3.35744 64.761
457680 22.734 16.8942 11.647 13.4858 -1.54456 -3.35744 64.761
457683 20.5212 16.7883 11.2321 14.9379 -0.0106707 -2.63222 63.4796
457692 18.0968 16.7595 11.1714 16.8935 1.74217 -1.61901 62.9212
457703 18.0968 16.7595 11.1714 16.8935 1.74217 -1.61901 62.9212
457708 15.8499 16.8461 11.1714 19.4217 3.65244 -0.498397 63.2891
457723 13.6947 17.1722 11.3738 22.4898 5.63624 0.69442 64.7305
457729 13.6947 17.1722 11.3738 22.4898 5.63624 0.69442 64.7305
457739 11.4719 17.6505 11.5256 25.4228 7.59635 1.77673 66.0708
457765 9.34565 18.0715 11.6774 28.1339 9.36448 2.76539 67.2284
457770 7.41273 18.4733 11.7685 30.3723 10.9017 3.58419 68.0268
457786 7.41273 18.4733 11.7685 30.3723 10.9017 3.58419 68.0268
457790 5.91472 18.9803 11.9506 31.9835 12.022 4.14921 68.8292
457800 4.95793 19.363 11.9911 32.9291 12.7609 4.46251 69.241
457811 4.95793 19.363 11.9911 32.9291 12.7609 4.46251 69.241
457820 4.39738 19.6882 11.9506 33.0931 13.1758 4.54758 69.1293
457835 4.39738 19.6882 11.9506 33.0931 13.1758 4.54758 69.1293
457840 4.20409 20.0039 11.819 32.7554 13.3523 4.44148 68.7825
457858 4.00114 20.1953 11.4446 31.8388 13.5553 4.24283 67.4799
457862 4.00114 20.1953 11.4446 31.8388 13.5553 4.24283 67.4799
457874 3.86583 20.4344 10.8679 30.4398 13.7714 3.88842 65.608
457884 4.0108 20.664 10.2607 28.9637 13.8328 3.41543 63.8992
457891 4.0108 20.664 10.2607 28.9637 13.8328 3.41543 63.8992
457907 3.95281 20.7023 9.70417 27.5936 13.9779 3.06104 61.9529
457911 3.95281 20.7023 9.70417 27.5936 13.9779 3.06104 61.9529
457921 4.02047 20.8458 9.23869 26.5613 14.0721 2.70341 60.6663
457936 4.07845 20.9032 9.07679 25.7991 14.0112 2.47944 59.8575
457943 4.07845 20.9032 9.07679 25.7991 14.0112 2.47944 59.8575
457954 4.14611 21.1232 8.79345 25.3167 14.1044 2.23329 59.3795
457970 4.32007 21.4485 8.70238 25.1527 14.0795 2.03438 59.6236
457979 4.32007 21.4485 8.70238 25.1527 14.0795 2.03438 59.6236
457989 4.44571 21.8025 8.73274 25.1913 14.0494 1.91346 60.1722
458003 4.44571 21.8025 8.73274 25.1913 14.0494 1.91346 60.1722
458008 4.45537 21.9268 8.91488 25.6061 14.0234 2.00452 60.9032
458014 4.53269 22.1851 9.00595 25.9535 14.0246 2.00436 61.6772
458042 4.56168 22.5104 9.01607 26.2236 14.105 1.96614 62.3118
458053 4.83229 22.8644 9.06667 26.3587 13.9904 1.83661 63.122
458060 4.83229 22.8644 9.06667 26.3587 13.9904 1.83661 63.122
458068 5.50881 23.4766 9.1881 26.5034 13.6382 1.55528 64.677
458077 5.50881 23.4766 9.1881 26.5034 13.6382 1.55528 64.677
458089 5.96305 23.955 9.22857 26.5806 13.4434 1.34445 65.7272
458094 6.43661 24.4811 9.25893 26.6288 13.2528 1.11592 66.8055
458109 6.43661 24.4811 9.25893 26.6288 13.2528 1.11592 66.8055
458115 6.98749 24.9595 9.49167 26.5323 12.8778 0.899731 67.971
458128 8.3502 25.7344 9.88631 26.2815 12.0207 0.444803 70.2524
458135 8.3502 25.7344 9.88631 26.2815 12.0207 0.444803 70.2524
458150 9.94485 26.4041 9.83571 25.3842 11.1807 -0.23662 71.5688
458175 11.3849 27.2364 9.47143 23.9563 10.5263 -1.08124 72.049
458177 12.361 27.8678 9.82559 22.5187 9.71431 -1.62962 72.5731
458187 12.361 27.8678 9.82559 22.5187 9.71431 -1.62962 72.5731
458199 12.9215 28.327 12.4363 22.0846 8.26642 -1.33186 75.7694
458207 12.7476 28.4513 12.3149 20.1356 7.9853 -1.78176 73.6494
458224 12.7476 28.4513 12.3149 20.1356 7.9853 -1.78176 73.6494
458227 12.332 28.0878 10.1595 16.9613 8.34962 -2.95355 67.5406
458237 12.332 28.0878 10.1595 16.9613 8.34962 -2.95355 67.5406
458248 12.593 27.8582 7.97381 13.8343 8.48296 -4.49163 62.2592
458256 13.2211 27.8104 6.33452 11.5786 8.41183 -5.88308 58.9446
458272 13.2211 27.8104 6.33452 11.5786 8.41183 -5.88308 58.9446
458279 14.091 27.8199 5.67679 9.89408 7.8052 -6.87349 57.4817
458288 15.0767 27.7721 5.66667 8.84852 6.91949 -7.40891 57.364
458299 15.0767 27.7721 5.66667 8.84852 6.91949 -7.40891 57.364
458308 15.9756 27.4947 6.54702 8.43223 5.73329 -7.31169 58.4495
458328 15.9756 27.4947 6.54702 8.43223 5.73329 -7.31169 58.4495
458330 16.9613 27.1694 8.24702 8.50968 4.29921 -6.74376 60.8874
458339 17.9525 26.6432 10.8679 9.04214 2.66063 -5.74035 64.5057
458349 17.9525 26.6432 10.8679 9.04214 2.66063 -5.74035 64.5057
458359 18.674 25.457 14.2881 9.79727 0.840014 -4.4078 68.2163
458378 19.0877 23.2662 18.0612 10.3007 -1.26637 -2.96793 70.7158
458379 19.0877 23.2662 18.0612 10.3007 -1.26637 -2.96793 70.7158
458400 19.1262 20.1474 21.4572 10.4265 -3.51665 -1.5578 71.1574
458402 18.8568 19.0377 24.3175 10.1458 -4.8339 -0.711311 72.3578
458410 18.8568 16.5863 24.3175 10.1458 -5.88008 -0.210251 69.9064
458427 18.6355 13.1998 26.8746 9.98121 -8.12664 1.09631 68.6911
458435 18.6355 13.1998 26.8746 9.98121 -8.12664 1.09631 68.6911
458442 18.2796 10.1692 29.6641 10.1264 -10.1291 2.49308 68.2393
458452 17.9717 7.55235 32.3829 10.4459 -11.8343 3.79751 68.3528
458462 17.9717 7.55235 32.3829 10.4459 -11.8343 3.79751 68.3528
458479 17.8659 5.68591 34 10.8719 -12.9005 4.67384 68.4237
458481 17.7697 4.68534 34 11.1042 -13.3143 5.02874 67.5592
458491 17.7697 4.68534 34 11.1042 -13.3143 5.02874 67.5592
458505 17.7216 4.19468 34 11.1333 -13.5697 5.194 67.0495
458520 17.7216 4.19468 34 11.1333 -13.5697 5.194 67.0495
458532 17.6446 4.08885 34 10.9977 -13.696 5.2294 66.7312
458534 17.481 4.09847 34 10.746 -13.8094 5.23927 66.3255
458543 17.481 4.09847 34 10.746 -13.8094 5.23927 66.3255
458558 17.1828 4.00226 33.434 10.3297 -13.9667 5.21457 64.9488
458563 16.6907 3.89643 32.2717 9.94248 -13.982 5.16558 62.8013
458582 16.6907 3.89643 32.2717 9.94248 -13.982 5.16558 62.8013
458584 16.2172 3.7425 31.4025 9.65205 -14.0234 5.18606 61.0142
458594 16.2172 3.7425 31.4025 9.65205 -14.0234 5.18606 61.0142
458609 15.9949 3.68478 31.0386 9.58428 -13.9979 5.20954 60.3026
458614 15.8499 3.72326 30.8668 9.55524 -13.9337 5.21264 59.9952
458624 15.8499 3.72326 30.8668 9.55524 -13.9337 5.21264 59.9952
458635 15.9176 3.79061 30.7152 9.5262 -13.8933 5.13763 59.9496
458649 16.0625 3.88681 30.7152 9.5746 -13.8267 5.06493 60.2392
458660 16.0625 3.88681 30.7152 9.5746 -13.8267 5.06493 60.2392
458665 16.5071 4.04075 30.8365 9.51651 -13.8694 4.87805 60.9009
458675 16.5071 4.04075 30.8365 9.51651 -13.8694 4.87805 60.9009
458694 16.9034 4.17544 30.7556 9.46811 -13.872 4.68454 61.3026
458696 17.5195 4.3871 30.6243 9.40034 -13.8687 4.38825 61.9312
458705 17.5195 4.3871 30.6243 9.40034 -13.8687 4.38825 61.9312
458724 18.2699 4.54103 30.4524 9.31321 -13.9302 4.06414 62.5766
458740 18.8953 4.7142 30.412 9.23576 -13.9736 3.8031 63.2573
458742 18.8953 4.7142 30.412 9.23576 -13.9736 3.8031 63.2573
458750 19.4341 4.96435 30.1492 9.13895 -13.9276 3.50696 63.6866
458767 19.4341 4.96435 30.1492 9.13895 -13.9276 3.50696 63.6866
458769 20.2903 6.16695 29.8157 9.10023 -13.3231 2.85866 65.3732
458777 21.1947 7.47538 29.0577 9.11959 -12.5874 2.13334 66.8473
458793 21.1947 7.47538 29.0577 9.11959 -12.5874 2.13334 66.8473
458802 22.3203 9.48613 27.8246 9.17768 -11.4379 1.13267 68.8087
458808 23.1188 11.6893 26.1165 9.20672 -10.1022 0.110169 70.1314
458820 23.1188 11.6893 26.1165 9.20672 -10.1022 0.110169 70.1314
458831 23.9366 14.0945 23.4887 8.75171 -8.74433 -1.23607 70.2715
458848 23.9366 14.0945 23.4887 8.75171 -8.74433 -1.23607 70.2715
458850 24.7063 16.5863 20.1635 7.85137 -7.3701 -2.87366 69.3074
458859 25.2547 18.5881 16.6458 6.98975 -6.04738 -4.49192 67.4783
458875 25.2547 18.5881 16.6458 6.98975 -6.04738 -4.49192 67.4783
458879 25.5241 19.9944 13.3065 6.61219 -4.67015 -5.86816 65.4372
458889 25.5529 21.1232 10.8375 7.79328 -2.86106 -6.44159 65.3069
458901 25.5529 21.1232 10.8375 7.79328 -2.86106 -6.44159 65.3069
458909 25.3797 22.0512 9.45119 10.2523 -0.941187 -6.19522 67.1344
458927 25.3797 22.0512 9.45119 10.2523 -0.941187 -6.19522 67.1344
458930 24.6389 22.5487 8.5 12.0046 0.522327 -5.91274 67.6922
458940 23.3113 22.7017 7.82202 12.7597 1.62481 -5.72823 66.5947
458954 23.3113 22.7017 7.82202 12.7597 1.62481 -5.72823 66.5947
458960 21.6276 22.7017 7.41726 13.6213 2.78354 -5.34455 65.3679
458980 19.5591 22.74 7.09345 14.7733 4.23152 -4.77645 64.1659
458996 17.2886 22.9887 6.82024 16.4482 6.03032 -4.01497 63.5458
459012 15.0478 23.3523 6.92143 18.6595 7.83146 -3.00538 63.9809
459021 12.8732 23.8784 7.16429 21.2452 9.62465 -1.92036 65.1611
459034 12.8732 23.8784 7.16429 21.2452 9.62465 -1.92036 65.1611
459042 10.9306 24.3759 7.36667 23.5897 11.1934 -0.984764 66.2629
459061 9.13303 24.7586 7.68036 25.7991 12.5218 -0.0917691 67.3711
459070 9.13303 24.7586 7.68036 25.7991 12.5218 -0.0917691 67.3711
459071 7.53837 25.103 7.96369 27.6515 13.6443 0.653535 68.2566
459087 7.53837 25.103 7.96369 27.6515 13.6443 0.653535 68.2566
459093 6.20466 25.2465 8.26726 29.2242 14.5044 1.3142 68.9426
459113 5.15122 25.3134 8.52024 30.3241 15.1373 1.81354 69.309
459116 5.15122 25.3134 8.52024 30.3241 15.1373 1.81354 69.309
459123 4.3104 25.2369 8.60119 30.6907 15.6219 2.12333 68.8392
459140 3.88516 25.036 8.5 30.382 15.8668 2.20361 67.8031
459143 3.88516 25.036 8.5 30.382 15.8668 2.20361 67.8031
459154 3.62422 24.7107 8.21667 29.7741 16.0737 2.18373 66.3258
459166 3.48891 24.7107 7.93333 28.8479 16.2111 1.98095 64.9809
459174 3.48891 24.3663 7.93333 28.8479 16.1642 2.07142 64.6365
459192 3.46958 24.1654 7.65 27.9217 16.2038 1.8835 63.2067
459194 3.46958 24.1654 7.65 27.9217 16.2038 1.8835 63.2067
459204 3.42126 23.955 7.37679 26.9955 16.2564 1.69947 61.7485
459219 3.37294 23.6488 7.25536 26.5131 16.2582 1.66473 60.7902
459229 3.37294 23.6488 7.25536 26.5131 16.2582 1.66473 60.7902
459235 3.36327 23.4575 7.15417 26.2526 16.2686 1.64026 60.2275
459248 3.35361 23.3044 7.20476 26.2719 16.2211 1.70082 60.1347
459257 3.35361 23.3044 7.20476 26.2719 16.2211 1.70082 60.1347
459274 3.30529 23.2853 7.25536 26.4648 16.2448 1.77321 60.3108
459276 3.30529 23.2853 7.25536 26.4648 16.2448 1.77321 60.3108
459285 3.27629 23.2853 7.40714 26.8604 16.2185 1.90022 60.8291
459301 3.33428 23.3523 7.49821 27.2463 16.1832 1.96756 61.4311
459307 3.33428 23.3523 7.49821 27.2463 16.1832 1.96756 61.4311
459317 3.25696 23.314 7.67024 27.6998 16.1793 2.13083 61.941
459335 3.21831 23.2853 7.72083 28.105 16.2247 2.24345 62.3294
459337 3.21831 23.2853 7.72083 28.105 16.2247 2.24345 62.3294
459355 3.27629 23.1992 7.96369 28.5585 16.079 2.39215 62.9977
459359 3.27629 23.1992 7.96369 28.5585 16.079 2.39215 62.9977
459368 4.24275 23.4575 8.15595 29.118 15.4588 2.2102 64.9743
459381 4.90961 23.5245 8.51012 29.6776 14.9284 2.19605 66.6218
459388 4.90961 23.5245 8.51012 29.6776 14.9284 2.19605 66.6218
459407 5.85674 23.7923 8.88452 29.9188 14.2325 2.00598 68.4525
459409 6.70722 24.1559 9.1375 29.7838 13.6474 1.73209 69.7844
459418 6.70722 24.1559 9.1375 29.7838 13.6474 1.73209 69.7844
459436 7.722 24.5577 9.31964 29.0023 12.9311 1.28373 70.6016
459447 7.722 24.5577 9.31964 29.0023 12.9311 1.28373 70.6016
459461 8.85276 24.8925 9.06667 27.7384 12.3003 0.650547 70.5503
459466 9.96418 25.323 8.68214 26.1271 11.6995 -0.102273 70.0965
459489 10.718 25.4091 8.57083 24.5062 11.0638 -0.661099 69.2042
459490 11.0563 25.3421 9.43095 23.0976 10.1385 -0.842166 68.927
459499 11.0563 25.3421 9.43095 23.0976 10.1385 -0.842166 68.927
459516 11.2496 25.2561 9.64345 21.2355 9.49718 -1.25251 67.3846
459524 11.2496 25.2561 9.64345 21.2355 9.49718 -1.25251 67.3846
459530 11.5685 25.2273 8.90476 18.6595 9.09475 -2.15155 64.3601
459544 12.2644 25.4952 7.90298 15.8964 8.61948 -3.40168 61.5589
459550 12.2644 25.4952 7.90298 15.8964 8.61948 -3.40168 61.5589
459560 13.2695 25.9831 7.24524 13.4664 7.89421 -4.638 59.9642
459573 14.4099 26.3849 7.225 11.2882 6.76055 -5.63541 59.308
459585 14.4099 26.3849 7.225 11.2882 6.76055 -5.63541 59.308
459590 15.6663 26.7102 8.00417 9.60364 5.26946 -6.19379 59.9843
459605 15.6663 26.7102 8.00417 9.60364 5.26946 -6.19379 59.9843
459611 16.7874 26.6719 10.0077 8.86788 3.50714 -5.91571 62.3349
459629 17.8274 26.3945 13.2357 9.22608 1.70861 -4.89477 66.6837
459631 17.8274 26.3945 13.2357 9.22608 1.70861 -4.89477 66.6837
459642 18.6836 25.3134 17.0202 10.1458 -0.0859365 -3.54771 71.1631
459656 18.9626 23.1514 20.3454 10.6202 -1.89401 -2.28828 73.0796
459661 18.9626 23.1514 20.3454 10.6202 -1.89401 -2.28828 73.0796
459683 18.9626 20.1761 22.9429 10.5911 -3.83167 -1.15684 72.6728
459686 18.9626 20.1761 22.9429 10.5911 -3.83167 -1.15684 72.6728
459693 18.7125 16.7883 25.1665 10.4943 -5.83051 0.03371 71.1616
459711 18.2988 13.3633 27.4709 10.5814 -7.82654 1.37493 69.7144
459714 18.2988 13.3633 27.4709 10.5814 -7.82654 1.37493 69.7144
459724 17.7408 10.1211 29.4923 10.7751 -9.66432 2.7313 68.1292
459740 17.1732 7.58121 31.3419 10.9977 -11.1545 3.93147 67.094
459744 17.1732 7.58121 31.3419 10.9977 -11.1545 3.93147 67.094
459754 16.7584 5.89757 32.7366 11.3462 -12.0811 4.81584 66.7388
459782 16.4491 4.90662 33.4138 11.627 -12.5493 5.35082 66.3965
459799 16.2655 4.4833 33.6968 11.7141 -12.7588 5.59149 66.1597
459801 16.2655 4.4833 33.6968 11.7141 -12.7588 5.59149 66.1597
459811 16.1109 4.34861 33.4138 11.6948 -12.7659 5.63897 65.568
459831 15.9852 4.45444 32.9388 11.4624 -12.7262 5.54315 64.8408
459831 15.9852 4.45444 32.9388 11.4624 -12.7262 5.54315 64.8408
459841 15.8016 4.44482 32.201 11.201 -12.7092 5.45707 63.6484
459860 15.8016 4.44482 32.201 11.201 -12.7092 5.45707 63.6484
459863 15.5986 4.33899 31.5642 10.93 -12.7715 5.41948 62.4318
459866 15.444 4.32937 31.069 10.8138 -12.7197 5.37888 61.6561
459877 15.444 4.32937 31.069 10.8138 -12.7197 5.37888 61.6561
459891 15.3667 4.32937 30.8769 10.6782 -12.7491 5.35315 61.2512
459896 15.3184 4.33899 30.7556 10.7267 -12.6793 5.35453 61.1397
459907 15.3184 4.33899 30.7556 10.7267 -12.6793 5.35453 61.1397
459920 15.2507 4.31975 30.8466 10.717 -12.7018 5.39629 61.134
459928 15.2507 4.31975 30.8466 10.717 -12.7018 5.39629 61.134
459950 15.4053 4.28127 31.0083 10.7847 -12.7472 5.3936 61.4797
459952 15.618 4.34861 31.1599 10.7363 -12.8077 5.31733 61.8628
459965 15.618 4.34861 31.1599 10.7363 -12.8077 5.31733 61.8628
459980 16.0239 4.42558 30.9982 10.5911 -12.8973 5.11129 62.0388
459987 16.5264 4.6661 31.0184 10.5621 -12.8705 4.87183 62.773
459996 16.5264 4.6661 31.0184 10.5621 -12.8705 4.87183 62.773
460010 17.0577 4.78155 30.9679 10.5233 -12.9166 4.65462 63.3305
460011 17.9525 5.92643 30.8971 10.4846 -12.4265 4.02299 65.2607
460024 17.9525 5.92643 30.8971 10.4846 -12.4265 4.02299 65.2607
460039 18.7895 6.78268 30.3008 10.3297 -12.0758 3.41188 66.2027
460050 19.7035 7.79287 29.4013 10.078 -11.6587 2.68374 66.9756
460067 20.6752 8.88964 28.2491 9.71982 -11.2221 1.86665 67.5337
460071 20.6752 8.88964 28.2491 9.71982 -11.2221 1.86665 67.5337
460097 21.974 10.7753 26.44 9.42939 -10.2775 0.682041 68.6186
460097 23.3979 13.3248 24.1457 8.71298 -9.16398 -0.832993 69.5813
460101 23.3979 13.3248 24.1457 8.71298 -9.16398 -0.832993 69.5813
460112 24.562 15.6723 21.2854 7.73519 -8.10045 -2.4288 69.2549
460129 24.562 15.6723 21.2854 7.73519 -8.10045 -2.4288 69.2549
460131 25.2739 17.2392 18.3543 6.98007 -7.15171 -3.79793 67.8475
460141 25.88 18.1384 15.7149 7.23178 -6.05714 -4.72003 66.9651
460161 25.88 18.1384 15.7149 7.23178 -6.05714 -4.72003 66.9651
460163 26.2456 18.942 13.8631 9.04214 -4.45147 -4.90853 68.0929
460173 26.0917 19.2673 11.8899 10.078 -3.20683 -5.21139 67.3269
460190 26.0917 19.2673 11.8899 10.078 -3.20683 -5.21139 67.3269
460194 25.5625 19.4395 9.65357 9.53588 -2.43051 -6.03178 64.1915
460203 25.5625 19.4395 9.65357 9.53588 -2.43051 -6.03178 64.1915
460220 24.966 19.6213 8.00417 9.15831 -1.69661 -6.66192 61.7498
460223 24.4369 20.0996 7.34643 9.67141 -0.81729 -6.70594 61.5543
460233 24.4369 20.0996 7.34643 9.67141 -0.81729 -6.70594 61.5543
460250 23.8115 20.8841 7.18452 10.8235 0.283664 -6.38423 62.7036
460253 23.013 21.7929 7.24524 12.5467 1.57952 -5.8084 64.5979
460268 23.013 21.7929 7.24524 12.5467 1.57952 -5.8084 64.5979
460288 21.974 22.7687 7.4881 14.512 2.92864 -5.11126 66.7427
460289 21.974 22.7687 7.4881 14.512 2.92864 -5.11126 66.7427
460294 20.6174 23.5723 7.57917 16.3514 4.30381 -4.46105 68.1203
460319 18.6836 24.0889 7.5994 18.206 5.83711 -3.71121 68.578
460321 18.6836 24.0889 7.5994 18.206 5.83711 -3.71121 68.578
460333 16.3911 24.4237 7.67024 20.2997 7.50967 -2.80112 68.7848
460335 13.9073 24.7873 7.71071 22.2582 9.25799 -1.90618 68.6636
460352 13.9073 24.7873 7.71071 22.2582 9.25799 -1.90618 68.6636
460355 11.2689 24.8351 7.63988 23.8212 11.007 -1.03076 67.5651
460365 11.2689 24.8351 7.63988 23.8212 11.007 -1.03076 67.5651
460383 8.64014 24.6629 7.56905 25.3649 12.7643 -0.0835812 66.237
460390 6.43661 24.5864 7.5994 26.6385 14.2462 0.738932 65.2609
460396 6.43661 24.5864 7.5994 26.6385 14.2462 0.738932 65.2609
460415 5.07391 24.6725 7.57917 27.5261 15.2446 1.2395 64.8517
460417 4.35873 24.7586 7.77143 28.1918 15.6807 1.57788 65.0806
460426 4.35873 24.7586 7.77143 28.1918 15.6807 1.57788 65.0806
460447 4.13644 24.8064 7.92321 28.7707 15.8133 1.77136 65.6368
460449 4.13644 24.8064 7.92321 28.7707 15.8133 1.77136 65.6368
460457 4.00114 24.9308 7.8625 29.0312 15.9886 1.81429 65.8256
460480 3.94315 24.8829 7.74107 28.7514 16.056 1.76054 65.3186
460482 3.94315 24.8829 7.74107 28.7514 16.056 1.76054 65.3186
460487 3.8755 24.9595 7.44762 28.0085 16.1939 1.54481 64.2911
460496 3.74019 24.9595 7.08333 26.9955 16.3796 1.28526 62.7785
460513 3.74019 24.9595 7.08333 26.9955 16.3796 1.28526 62.7785
460522 3.74019 24.9116 6.8 26.214 16.4538 1.06107 61.6658
460544 3.74019 24.9116 6.8 26.214 16.4538 1.06107 61.6658
460546 3.73053 25.0073 6.88095 26.021 16.3923 1.01333 61.6398
460553 3.79818 24.9977 6.82024 26.0692 16.3931 0.995427 61.6854
460575 3.79818 24.9977 6.82024 26.0692 16.3931 0.995427 61.6854
460577 3.72086 25.0647 6.76964 26.1561 16.5003 1.00633 61.7113
460583 3.68221 25.103 6.87083 26.4166 16.4994 1.08797 62.0726
460608 3.73053 25.1795 7.00238 26.8604 16.451 1.18349 62.7728
460622 3.66288 25.0838 7.1744 27.4682 16.4518 1.39516 63.3894
460641 3.66288 24.9499 7.26548 28.0375 16.451 1.57007 63.9157
460643 3.66288 24.9499 7.26548 28.0375 16.451 1.57007 63.9157
460650 3.5469 24.8542 7.41726 28.3655 16.4588 1.72511 64.1839
460674 3.47925 24.6533 7.54881 28.7611 16.4435 1.90339 64.4425
460676 3.47925 24.6533 7.54881 28.7611 16.4435 1.90339 64.4425
460680 3.35361 24.5864 7.46786 28.7418 16.5654 1.93368 64.1496
460706 3.35361 24.5864 7.46786 28.7418 16.5654 1.93368 64.1496
460715 3.91416 24.6246 7.4881 28.7611 16.2003 1.78514 64.788
460717 4.16543 24.6342 7.4375 28.7804 16.0771 1.71144 65.0175
460742 4.75497 24.8351 7.57917 28.9347 15.6707 1.57112 66.104
460744 4.9676 24.8925 7.78155 29.2242 15.4666 1.60297 66.8658
460776 5.21887 24.8542 7.93333 29.4364 15.2494 1.62285 67.4429
460778 5.49915 24.9882 8.15595 29.3882 14.9641 1.55593 68.0315
460788 5.49915 24.9882 8.15595 29.3882 14.9641 1.55593 68.0315
460808 6.01137 25.2273 8.24702 29.1663 14.6155 1.34911 68.652
460808 6.01137 25.2273 8.24702 29.1663 14.6155 1.34911 68.652
460814 6.75554 25.4665 8.81369 28.9058 13.8698 1.179 69.9415
460824 7.52871 25.7153 10.7869 28.8672 12.4375 1.31899 72.8981
460850 7.95395 25.8205 11.3839 27.9989 11.7833 1.14993 73.1572
460855 7.59636 25.457 9.95714 25.7219 12.2305 0.573036 68.7324
460874 7.59636 25.457 9.95714 25.7219 12.2305 0.573036 68.7324
460877 7.40307 25.3804 8.36845 23.2134 12.7484 -0.280036 64.3653
460907 7.40307 25.3804 8.36845 23.2134 12.7484 -0.280036 64.3653
460909 7.92496 25.5813 7.32619 21.0522 12.6778 -1.24293 61.8847
460914 8.89142 26.1171 6.60774 18.9296 12.2005 -2.34643 60.5458
460924 8.89142 26.1171 6.60774 18.9296 12.2005 -2.34643 60.5458
460941 10.1961 26.605 6.5369 16.9032 11.1116 -3.32688 60.2412
460945 11.5878 27.1407 7.1744 15.209 9.64928 -4.01193 61.1119
460948 11.5878 27.1407 7.1744 15.209 9.64928 -4.01193 61.1119
460956 12.9989 27.5808 8.75298 13.4761 7.68405 -4.38249 62.8087
460974 12.9989 27.5808 8.75298 13.4761 7.68405 -4.38249 62.8087
460978 14.6032 28.1548 10.8679 11.9465 5.57788 -4.56221 65.5723
460988 16.0239 28.327 13.2357 10.8138 3.61151 -4.45203 68.4003
461009 16.0239 28.327 13.2357 10.8138 3.61151 -4.45203 68.4003
461012 17.1732 27.906 15.7655 10.4556 1.90145 -3.96734 71.3003
461018 17.8563 26.5571 18.1522 10.4459 0.340551 -3.2492 73.0115
461044 17.8563 26.5571 18.1522 10.4459 0.340551 -3.2492 73.0115
461046 18.1545 23.9358 20.0523 10.1361 -1.43018 -2.47 72.2788
461049 18.0583 23.9358 21.912 10.1361 -1.99155 -2.01494 74.0423
461059 18.0583 20.1857 21.912 9.65205 -3.62872 -1.43535 69.8081
461080 17.8755 15.8936 23.7515 9.22608 -6.18282 -0.17788 66.7467
461082 17.8755 15.8936 23.7515 9.22608 -6.18282 -0.17788 66.7467
461089 17.6061 11.6508 25.783 9.10023 -8.82367 1.31578 64.1402
461115 17.481 8.27391 28.2188 9.3713 -11.0721 2.80254 63.345
461117 17.481 8.27391 28.2188 9.3713 -11.0721 2.80254 63.345
461120 17.8274 6.07074 30.5131 9.97153 -12.5415 3.86435 64.3827
461130 18.1641 5.19525 32.1807 10.5137 -13.109 4.39075 66.0538
461150 18.1641 5.19525 32.1807 10.5137 -13.109 4.39075 66.0538
461151 18.6067 4.95473 32.9185 10.7847 -13.3004 4.49163 67.2647
461165 18.6067 4.95473 32.9185 10.7847 -13.3004 4.49163 67.2647
461186 18.9626 5.1279 32.9287 10.8525 -13.2275 4.35173 67.8717
461188 19.0492 5.22411 32.3526 10.5621 -13.2522 4.16175 67.188
461192 19.0492 5.22411 32.3526 10.5621 -13.2522 4.16175 67.188
461201 18.9338 5.19525 31.1903 10.1458 -13.283 3.94264 65.4651
461224 18.7221 5.1279 29.8258 9.56492 -13.3834 3.68608 63.2408
461224 18.7221 5.1279 29.8258 9.56492 -13.3834 3.68608 63.2408
461239 18.5297 5.04131 28.5523 9.12927 -13.4327 3.4555 61.2526
461260 18.5297 5.04131 28.5523 9.12927 -13.4327 3.4555 61.2526
461261 18.5105 5.00283 27.7539 8.80011 -13.5104 3.25652 60.0673
461270 18.395 5.02207 27.4608 8.7033 -13.4818 3.20915 59.5812
461294 18.395 5.02207 27.4608 8.7033 -13.4818 3.20915 59.5812
461296 18.2411 4.9451 27.5315 8.7033 -13.5155 3.29394 59.421
461301 18.2892 4.85852 27.8145 8.77107 -13.5913 3.37447 59.7333
461310 18.2892 4.85852 27.8145 8.77107 -13.5913 3.37447 59.7333
461330 18.5874 4.92586 28.1076 8.80011 -13.6414 3.32527 60.421
461331 18.5874 4.92586 28.1076 8.80011 -13.6414 3.32527 60.421
461340 18.9723 5.06055 28.4816 8.86788 -13.6543 3.25419 61.3823
461366 19.309 5.10866 28.9263 9.02278 -13.6707 3.25448 62.3667
461367 19.309 5.10866 28.9263 9.02278 -13.6707 3.25448 62.3667
461369 19.6842 5.176 29.371 9.11959 -13.7171 3.22735 63.3508
461375 20.2999 5.29145 29.6742 9.07118 -13.8379 3.06683 64.3368
461402 20.9061 5.41653 29.7247 9.07118 -13.8759 2.87322 65.1185
461434 21.7431 5.61856 29.5428 8.95501 -13.9359 2.53635 65.8594
461435 22.6186 5.89757 29.088 8.66458 -14.0128 2.09068 66.2687
461437 22.6186 5.89757 29.088 8.66458 -14.0128 2.09068 66.2687
461445 23.3786 6.17657 28.2895 8.33542 -14.036 1.60239 66.1801
461471 24.2252 6.72496 27.3092 8.17084 -13.7884 1.02283 66.4302
461473 24.2252 6.72496 27.3092 8.17084 -13.7884 1.02283 66.4302
461476 25.1488 7.2541 26.0559 7.76424 -13.6608 0.321 66.2231
461487 25.1488 7.2541 26.0559 7.76424 -13.6608 0.321 66.2231
461507 25.957 8.28353 24.5499 7.72551 -12.966 -0.443141 66.516
461509 26.9768 10.2077 22.8419 7.39636 -11.945 -1.54539 67.4227
461517 26.9768 10.2077 22.8419 7.39636 -11.945 -1.54539 67.4227
461542 27.7561 12.1415 20.9721 7.13497 -10.8271 -2.60068 68.0046
461543 28.1698 13.9213 18.7889 6.83485 -9.67384 -3.64779 67.7149
461558 28.3718 15.4029 16.494 6.50569 -8.59506 -4.66683 66.7745
461579 28.2564 16.4805 14.3286 6.65091 -7.40058 -5.42271 65.7163
461588 27.8715 17.3827 13.2762 9.61333 -5.19187 -4.92298 68.1437
461614 27.8715 17.3827 13.2762 9.61333 -5.19187 -4.92298 68.1437
461616 26.9864 17.8227 13.2458 14.2409 -2.82472 -3.59407 72.2959
461626 25.3509 17.5357 12.1732 16.3998 -1.25546 -3.00456 71.4596
461650 23.4075 17.2009 10.7768 17.1544 0.0623763 -2.77443 68.5395
461654 23.4075 17.2009 10.7768 17.1544 0.0623763 -2.77443 68.5395
461663 21.0023 16.9134 10.1292 18.7174 1.68484 -2.03764 66.7622
461686 18.3084 16.8076 10.3113 20.84 3.40583 -0.897444 66.2673
461688 18.3084 16.8076 10.3113 20.84 3.40583 -0.897444 66.2673
461692 15.6083 16.8076 10.5339 23.1941 5.23837 0.297566 66.1439
461700 12.9505 16.8461 10.9083 25.5289 6.98892 1.50391 66.2339
461726 10.4861 16.9808 11.0196 27.4972 8.70375 2.51198 65.9836
461732 10.4861 16.9808 11.0196 27.4972 8.70375 2.51198 65.9836
461760 8.17624 17.2296 10.9185 29.1084 10.4089 3.35177 65.4327
461762 6.35929 17.7366 10.8577 30.4012 11.828 3.9392 65.3549
461762 6.35929 17.7366 10.8577 30.4012 11.828 3.9392 65.3549
461772 4.92894 18.2628 10.797 31.3757 12.9706 4.35581 65.3645
461797 4.02047 18.9612 10.797 32.0993 13.7538 4.53445 65.878
461797 4.02047 18.9612 10.797 32.0993 13.7538 4.53445 65.878
461803 3.46958 19.6213 10.6048 32.3888 14.3512 4.51756 66.0844
461813 3.47925 20.3005 10.4732 32.1958 14.5013 4.26402 66.4488
461835 3.47925 20.3005 10.4732 32.1958 14.5013 4.26402 66.4488
461836 3.49858 20.798 10.2708 31.6844 14.6083 3.99809 66.2518
461848 3.49858 20.798 10.2708 31.6844 14.6083 3.99809 66.2518
461873 3.60489 21.1711 10.028 31.2213 14.676 3.74251 66.0253
461875 3.66288 21.4102 9.75476 30.5074 14.7317 3.48717 65.3353
461879 3.66288 21.4102 9.75476 30.5074 14.7317 3.48717 65.3353
461888 3.62422 21.3528 9.45119 29.9381 14.843 3.35865 64.3664
461913 3.47925 21.0371 9.16786 29.1952 14.9434 3.30315 62.8795
461914 3.47925 21.0371 9.16786 29.1952 14.9434 3.30315 62.8795
461916 3.31495 20.7119 8.90476 28.4716 15.0496 3.26112 61.4032
461925 3.31495 20.7119 8.90476 28.4716 15.0496 3.26112 61.4032
461951 3.31495 20.5875 8.73274 27.9603 15.0589 3.16622 60.5955
461953 3.23764 20.5779 8.58095 27.6322 15.1559 3.09792 60.0288
461955 3.23764 20.5779 8.58095 27.6322 15.1559 3.09792 60.0288
461989 3.33428 20.7023 8.46964 27.555 15.1734 2.99397 60.0613
461991 3.28596 20.8745 8.54048 27.8541 15.235 3.0305 60.5551
461993 3.28596 20.8745 8.54048 27.8541 15.235 3.0305 60.5551
462003 3.40193 20.9893 8.79345 28.3173 15.0854 3.10221 61.5019
462026 3.40193 20.9893 8.79345 28.3173 15.0854 3.10221 61.5019
462027 3.44059 21.2667 9.07679 29.1084 15.0486 3.2145 62.8925
462033 3.50824 21.5442 9.28929 29.8706 15.035 3.29551 64.2123
462041 3.50824 21.5442 9.28929 29.8706 15.035 3.29551 64.2123
462064 3.56623 21.7259 9.52202 30.382 14.9624 3.36181 65.1962
462066 3.5469 21.8981 9.5119 30.6328 15.0451 3.36173 65.5898
462069 3.5469 21.8981 9.5119 30.6328 15.0451 3.36173 65.5898
462078 3.64355 22.1086 9.52202 30.5846 15.0047 3.26937 65.8587
462101 3.64355 22.1086 9.52202 30.5846 15.0047 3.26937 65.8587
462102 3.67254 22.166 9.41071 30.1986 15.0048 3.15613 65.4479
462108 3.66288 22.4147 9.20833 29.8513 15.1199 2.98954 65.1373
462118 3.66288 22.4147 9.20833 29.8513 15.1199 2.98954 65.1373
462139 3.77885 22.5104 8.9756 29.3689 15.1333 2.79774 64.6338
462140 3.77885 22.5104 9.05655 29.3689 15.0831 2.813 64.7147
462148 3.91416 22.7017 9.05655 28.983 14.9694 2.65027 64.6554
462179 4.85162 23.0174 9.17798 28.7611 14.3405 2.2953 65.8081
462180 4.85162 23.0174 9.17798 28.7611 14.3405 2.2953 65.8081
462182 5.63445 23.2088 9.5625 28.626 13.6644 2.09123 67.0317
462189 6.47527 23.3714 9.96726 28.4523 12.9571 1.88371 68.2663
462219 6.47527 23.3714 9.96726 28.4523 12.9571 1.88371 68.2663
462221 7.47072 23.3714 10.3012 27.8059 12.1123 1.5805 68.9492
462224 8.86242 23.5723 10.3619 26.542 11.1374 0.966813 69.3386
462229 8.86242 23.5723 10.3619 26.542 11.1374 0.966813 69.3386
462257 10.6117 23.9837 9.92679 24.5641 10.1356 -0.0226825 69.0863
462261 12.0324 24.3759 9.43095 22.4319 9.28081 -0.998694 68.2712
462270 12.9409 24.5577 9.30952 20.2997 8.42188 -1.76344 67.1077
462298 12.9409 24.5577 9.30952 20.2997 8.42188 -1.76344 67.1077
