287451 21.8104 28.6522 8.0244 12.1014 3.86706 -6.44657 70.5884
287452 23.6095 28.5279 7.63988 10.9784 2.91737 -7.10597 70.7556
287462 24.6293 28.0974 7.46786 9.96185 2.12455 -7.54678 70.1564
287481 25.2354 27.4277 7.67024 9.25513 1.35696 -7.70338 69.5885
287484 25.2354 27.4277 7.67024 9.25513 1.35696 -7.70338 69.5885
287497 25.6684 26.3754 8.30774 8.61617 0.36808 -7.63832 68.9676
287503 26.034 26.3754 9.67381 10.6105 0.439537 -6.62886 72.6936
287516 26.034 24.9403 9.67381 8.13212 -0.957868 -7.23356 68.7802
287525 26.1975 23.1896 11.1208 7.59966 -2.39659 -6.75401 68.1076
287533 26.1975 23.1896 11.1208 7.59966 -2.39659 -6.75401 68.1076
287544 26.2264 21.1519 12.2238 6.79613 -3.95421 -6.40643 66.3982
287553 26.1013 18.8846 13.2964 6.01196 -5.63857 -5.99063 64.2943
287580 25.9377 16.24 14.9863 5.37301 -7.71987 -5.23331 62.537
287586 25.9955 13.5173 17.1718 5.05353 -9.96002 -4.20018 61.7381
287595 25.9955 13.5173 17.1718 5.05353 -9.96002 -4.20018 61.7381
287607 25.9185 10.708 20.0826 4.90831 -12.328 -2.83253 61.6174
287615 25.9185 10.708 20.0826 4.90831 -12.328 -2.83253 61.6174
287627 25.8896 8.13922 23.0036 5.14066 -14.3202 -1.41974 62.1731
287636 26.1783 6.41709 25.874 5.56663 -15.643 -0.270498 64.0359
287649 26.1783 6.41709 25.874 5.56663 -15.643 -0.270498 64.0359
287656 26.6304 5.39728 28.1177 6.18622 -16.2685 0.514732 66.3317
287666 27.0345 4.88738 29.3912 6.52506 -16.5885 0.883212 67.8382
287676 27.0345 4.88738 29.3912 6.52506 -16.5885 0.883212 67.8382
287691 27.5925 4.8489 29.8561 6.709 -16.6255 0.896373 69.0065
287697 27.5925 4.8489 29.8561 6.709 -16.6255 0.896373 69.0065
287707 27.833 4.91624 29.5327 6.54442 -16.6742 0.725266 68.8264
287717 27.6984 4.95473 28.7545 6.32175 -16.6753 0.536651 67.7293
287728 27.6984 4.95473 28.7545 6.32175 -16.6753 0.536651 67.7293
287738 27.1211 4.80079 27.8347 6.07005 -16.7428 0.451838 65.8267
287748 26.3803 4.59875 26.8644 5.76993 -16.8502 0.390322 63.6134
287775 25.7838 4.4352 25.9649 5.43109 -16.9936 0.286539 61.615
287780 25.7838 4.4352 25.9649 5.43109 -16.9936 0.286539 61.615
287788 25.5048 4.30051 25.3787 5.2762 -17.0802 0.210781 60.4602
287807 25.4567 4.27165 25.3383 5.2762 -17.0887 0.220274 60.3428
287818 25.4567 4.27165 25.3383 5.2762 -17.0887 0.220274 60.3428
287826 25.4086 4.22354 25.7224 5.40205 -17.0786 0.368419 60.7565
287836 25.4759 4.28127 26.4501 5.60535 -17.0028 0.557701 61.8126
287855 25.5433 4.26203 27.0868 5.81834 -16.9628 0.741461 62.7105
287863 25.5241 4.2043 27.5113 5.91515 -16.9884 0.878339 63.1548
287874 25.5241 4.2043 27.5113 5.91515 -16.9884 0.878339 63.1548
287884 25.4856 4.1562 27.7539 5.94419 -17.0268 0.960601 63.3398
287891 25.4856 4.1562 27.7539 5.94419 -17.0268 0.960601 63.3398
287905 25.4086 4.05037 28.148 6.041 -17.0725 1.11474 63.648
287912 25.1873 4.00226 28.7241 6.27335 -16.9956 1.35726 64.1871
287925 25.1873 4.00226 28.7241 6.27335 -16.9956 1.35726 64.1871
287932 24.9372 3.9253 29.2295 6.29271 -17.0649 1.55155 64.3847
287942 24.8217 3.86757 29.5832 6.37016 -17.0813 1.68559 64.6427
287952 24.8217 3.86757 29.5832 6.37016 -17.0813 1.68559 64.6427
287962 24.8217 3.78098 29.7955 6.37016 -17.1635 1.75153 64.7684
287972 24.8217 3.78098 29.7955 6.37016 -17.1635 1.75153 64.7684
287982 25.0334 3.78098 29.846 6.3508 -17.2077 1.70334 65.0112
287997 25.5433 3.86757 29.6843 6.16686 -17.3122 1.48025 65.262
288015 26.3995 4.01188 29.1082 5.89579 -17.4271 1.05309 65.4154
288023 27.4578 4.24278 28.0975 5.50854 -17.5342 0.437647 65.3067
288033 27.4578 4.24278 28.0975 5.50854 -17.5342 0.437647 65.3067
288043 28.6412 4.50255 26.8038 5.07289 -17.6366 -0.292304 65.0204
288053 28.6412 4.50255 26.8038 5.07289 -17.6366 -0.292304 65.0204
288063 29.863 4.67572 25.2776 4.50171 -17.8656 -1.10997 64.3181
288073 31.2581 5.32994 23.6403 4.29841 -17.5393 -2.01063 64.5267
288083 31.2581 5.32994 23.6403 4.29841 -17.5393 -2.01063 64.5267
288095 32.9417 6.57102 21.8716 4.02733 -16.8987 -3.12188 65.4117
288105 34 8.39898 19.8401 3.99829 -15.6418 -4.20321 66.2373
288134 34 9.9768 17.758 4.14351 -14.283 -5.02637 65.8783
288137 34 9.9768 17.758 4.14351 -14.283 -5.02637 65.8783
288146 34 11.4103 15.4214 4.30809 -12.9349 -5.91361 65.1398
288156 34 13.1036 13.2863 4.98576 -11.1651 -6.61519 65.3756
288177 34 13.1036 13.2863 4.98576 -11.1651 -6.61519 65.3756
288180 34 14.893 12.7196 7.64806 -8.72736 -6.17781 69.2607
288186 34 15.7878 13.6101 11.1623 -6.9273 -5.03258 74.5602
288196 34 15.7878 13.6101 11.1623 -6.9273 -5.03258 74.5602
288215 34 16.1919 13.5798 13.1082 -5.94425 -4.58584 76.8798
288227 30.9213 16.4901 12.6589 13.6697 -4.54992 -4.2886 73.7401
288237 26.6593 16.4805 11.5661 14.3087 -2.69373 -3.75248 69.0145
288247 26.6593 16.4805 11.5661 14.3087 -2.69373 -3.75248 69.0145
288257 21.7334 16.365 10.797 15.3542 -0.315656 -2.78925 64.2497
288268 16.884 16.4324 10.4327 17.0579 2.53815 -1.43711 60.807
288277 16.884 16.4324 10.4327 17.0579 2.53815 -1.43711 60.807
288289 12.535 16.5671 10.7363 19.3541 5.34271 0.250479 59.1925
288298 12.535 16.5671 10.7363 19.3541 5.34271 0.250479 59.1925
288310 9.42297 16.8172 11.6673 21.9688 7.38848 1.85279 59.8762
288318 7.75099 17.4305 12.8411 24.3229 8.48552 2.88293 62.3455
288332 7.75099 17.4305 12.8411 24.3229 8.48552 2.88293 62.3455
288341 7.10347 18.0906 13.8732 26.2526 8.9431 3.42891 65.3198
288354 6.93917 18.6455 14.5815 27.3524 9.06312 3.63218 67.5186
288360 6.93917 18.6455 14.5815 27.3524 9.06312 3.63218 67.5186
288370 6.94883 19.076 14.7839 27.7094 9.14088 3.6053 68.5182
288380 6.94883 19.076 14.7839 27.7094 9.14088 3.6053 68.5182
288390 7.00682 19.4108 14.5107 27.2849 9.22775 3.3816 68.2132
288400 7.02615 19.6882 13.8327 26.2429 9.38473 3.00073 66.79
288410 7.02615 19.6882 13.8327 26.2429 9.38473 3.00073 66.79
288425 7.0938 19.937 12.8613 24.8729 9.59421 2.47898 64.765
288431 7.20011 20.0805 12.0113 23.3388 9.66294 1.93265 62.6307
288441 7.20011 20.0805 12.0113 23.3388 9.66294 1.93265 62.6307
288451 7.29676 20.2622 11.2827 21.9591 9.72103 1.402 60.8009
288461 7.29676 20.2622 11.2827 21.9591 9.72103 1.402 60.8009
288472 7.34508 20.3101 10.7667 21.0233 9.76599 1.04335 59.4451
288482 7.49972 20.377 10.5845 20.6856 9.71243 0.860574 59.1469
288492 7.49972 20.377 10.5845 20.6856 9.71243 0.860574 59.1469
288506 7.64468 20.5971 10.5339 20.5312 9.67412 0.714095 59.3069
288512 7.80898 21.0276 10.6554 20.8207 9.69279 0.656446 60.3126
288525 7.80898 21.0276 10.6554 20.8207 9.69279 0.656446 60.3126
288532 8.20523 21.4102 10.8881 21.2066 9.52983 0.602624 61.7102
288552 8.34053 21.8599 11.1714 21.689 9.52925 0.632726 63.0608
288571 8.43718 22.0608 11.4143 22.2196 9.52294 0.733482 64.1319
288581 8.43718 22.0608 11.4143 22.2196 9.52294 0.733482 64.1319
288591 8.44685 22.2138 11.6268 22.5766 9.52639 0.819263 64.8641
288601 8.43718 22.2999 11.7077 22.8468 9.57312 0.877 65.2916
288611 8.43718 22.2999 11.7077 22.8468 9.57312 0.877 65.2916
288613 8.49517 22.5391 11.6369 22.8564 9.63848 0.791813 65.5276
288623 8.49517 22.5391 11.6369 22.8564 9.63848 0.791813 65.5276
288633 8.54349 22.7591 11.3738 22.538 9.72939 0.600142 65.2145
288643 8.62081 23.094 10.969 22.0846 9.877 0.310065 64.7684
288670 8.74645 23.4671 10.5542 21.5443 9.99454 -0.0268435 64.312
288674 9.4423 23.9932 10.0381 20.9075 9.87104 -0.58013 64.3811
288685 9.4423 23.9932 10.0381 20.9075 9.87104 -0.58013 64.3811
288695 10.7374 24.6725 9.5625 20.1549 9.41524 -1.31106 65.1273
288707 10.7374 24.6725 9.5625 20.1549 9.41524 -1.31106 65.1273
288716 12.0614 25.2847 9.29941 19.4699 8.84583 -1.94587 66.1155
288726 13.6947 25.7822 9.25893 18.8524 8.01952 -2.52238 67.5883
288752 15.1541 26.0979 9.26905 18.0613 7.19431 -3.04487 68.5823
288758 16.5844 26.1744 9.11726 16.9419 6.32634 -3.63997 68.8181
288767 16.5844 26.1744 9.11726 16.9419 6.32634 -3.63997 68.8181
288776 18.3662 26.1936 8.13571 15.3833 5.53586 -4.63598 68.0787
288791 18.3662 26.1936 10.0381 15.3833 4.70577 -4.10219 69.9811
288797 20.0017 26.251 7.44762 13.8343 4.67758 -5.54622 67.5346
288810 21.4063 26.4806 7.21488 12.4499 3.81532 -6.26679 67.5517
288818 21.4063 26.4806 7.21488 12.4499 3.81532 -6.26679 67.5517
288830 22.3299 26.6528 7.78155 11.4624 2.93277 -6.53823 68.2267
288837 23.0226 26.6911 8.47976 10.8525 2.18737 -6.60026 69.046
288852 23.0226 26.6911 8.47976 10.8525 2.18737 -6.60026 69.046
288857 23.8019 26.2701 9.19821 10.3104 1.2864 -6.58879 69.5806
288873 24.6293 26.2701 9.49167 10.3104 0.869679 -6.59761 70.7015
288878 24.6293 25.6961 9.49167 9.7295 0.468978 -6.70865 69.5466
288888 25.5048 24.9882 9.27917 8.94533 -0.309406 -7.04373 68.7175
288898 25.5048 24.9882 9.27917 8.94533 -0.309406 -7.04373 68.7175
288920 26.3514 23.9263 8.8744 7.97722 -1.23729 -7.46903 67.1293
288925 26.8998 22.4243 8.82381 7.00911 -2.41348 -7.71011 65.1571
288933 26.8998 22.4243 8.82381 7.00911 -2.41348 -7.71011 65.1571
288942 27.8234 20.4918 9.28929 5.8377 -4.24921 -7.84689 63.4423
288951 28.4584 18.1193 10.625 5.01481 -6.40868 -7.45881 62.2175
288964 28.4584 18.1193 10.625 5.01481 -6.40868 -7.45881 62.2175
288970 29.0934 15.3837 12.7298 4.39522 -8.94622 -6.66019 61.6021
288980 29.0934 15.3837 12.7298 4.39522 -8.94622 -6.66019 61.6021
288990 29.7765 12.2666 15.6238 3.88212 -11.8814 -5.49248 61.5489
289000 30.4114 9.34182 18.5868 3.71754 -14.478 -4.21759 62.0576
289015 30.4114 9.34182 18.5868 3.71754 -14.478 -4.21759 62.0576
289021 31.2677 7.22524 21.2247 3.88212 -16.2678 -3.1571 63.5998
289033 32.1913 6.08036 23.5089 4.29841 -17.1467 -2.37541 66.079
289041 32.1913 6.08036 23.5089 4.29841 -17.1467 -2.37541 66.079
289056 32.9994 5.61856 24.9744 4.65661 -17.4723 -1.97518 68.249
289077 33.9423 5.85908 25.3989 4.75342 -17.4146 -2.06901 69.9537
289086 34 5.91681 24.8127 4.57916 -17.4281 -2.27784 69.3087
289100 34 5.91681 24.8127 4.57916 -17.4281 -2.27784 69.3087
289105 34 5.90719 23.2259 4.0951 -17.5609 -2.80823 67.2282
289112 34 5.76288 21.4168 3.55296 -17.8044 -3.42791 64.7326
289123 34 5.76288 21.4168 3.55296 -17.8044 -3.42791 64.7326
289132 33.7018 5.57046 19.6379 3.10763 -18.0035 -3.99724 62.0178
289147 33.7018 5.57046 19.6379 3.10763 -18.0035 -3.99724 62.0178
289157 33.3265 5.39728 18.3644 2.65262 -18.2627 -4.44589 59.7409
289168 33.1534 5.30108 17.7985 2.49772 -18.3628 -4.6361 58.7506
289176 33.1534 5.30108 17.7985 2.49772 -18.3628 -4.6361 58.7506
289185 33.2688 5.21449 17.657 2.47836 -18.4382 -4.69509 58.6186
289193 33.6055 5.32032 17.849 2.41059 -18.4689 -4.73079 59.1854
289203 33.6055 5.32032 17.849 2.41059 -18.4689 -4.73079 59.1854
289215 34 5.3588 18.1926 2.54613 -18.4233 -4.64745 60.0976
289223 34 5.3588 18.1926 2.54613 -18.4233 -4.64745 60.0976
289233 34 5.55122 18.6677 2.57517 -18.3165 -4.51731 60.794
289248 34 5.66667 19.0012 2.67198 -18.2029 -4.40012 61.3398
289255 34 5.66667 19.0012 2.67198 -18.2029 -4.40012 61.3398
289273 34 5.81098 19.2134 2.69134 -18.1117 -4.3521 61.7158
289275 34 6.02264 19.0618 2.57517 -18.028 -4.47269 61.6596
289285 34 6.02264 19.0618 2.57517 -18.028 -4.47269 61.6596
289294 34 6.13809 18.7889 2.42027 -18.0247 -4.62829 61.3473
289312 34 6.13809 18.7889 2.42027 -18.0247 -4.62829 61.3473
289323 34 6.32088 18.415 2.29442 -17.9418 -4.8201 61.0303
289328 34 6.39785 17.7782 2.12984 -17.9296 -5.09646 60.3059
289336 34 6.39785 17.7782 2.12984 -17.9296 -5.09646 60.3059
289350 34 6.47482 17.091 1.93622 -17.9321 -5.40679 59.502
289356 34 6.69609 16.3929 2.08143 -17.5828 -5.63334 59.1704
289366 34 6.69609 16.3929 2.08143 -17.5828 -5.63334 59.1704
289376 34 7.18676 15.6643 2.07175 -17.1435 -5.96986 58.9228
289386 34 7.18676 15.6643 2.07175 -17.1435 -5.96986 58.9228
289399 34 8.70685 14.6929 2.33314 -15.7589 -6.44893 59.7328
289406 34 10.6695 13.3875 2.48804 -14.1341 -7.13369 60.545
289427 34 12.5744 11.8292 2.57517 -12.578 -7.91343 60.9788
289437 34 13.9694 10.0988 2.75911 -11.2492 -8.65849 60.8274
289447 34 13.9694 10.0988 2.75911 -11.2492 -8.65849 60.8274
289457 34 15.1432 8.45952 3.16572 -9.93552 -9.26088 60.7684
289468 34 15.1432 8.45952 3.16572 -9.93552 -9.26088 60.7684
289482 34 16.0187 7.72083 4.97608 -8.26193 -8.92643 62.7156
289491 34 16.7691 8.925 9.51651 -6.01042 -7.00635 69.2106
289511 31.4216 17 9.67381 13.176 -3.83024 -5.38193 71.2714
289518 27.1211 17.067 9.88631 15.1703 -1.72222 -4.14432 69.2447
289532 27.1211 17.067 9.88631 15.1703 -1.72222 -4.14432 69.2447
289540 22.7244 17.1339 10.3012 17.2605 0.507584 -2.73583 67.42
289550 22.7244 17.1339 10.3012 17.2605 0.507584 -2.73583 67.42
289560 18.5874 17.1913 10.8375 19.3541 2.69839 -1.27037 65.9704
289570 14.7965 17.2392 11.3131 21.361 4.82561 0.147986 64.7097
289579 14.7965 17.2392 11.3131 21.361 4.82561 0.147986 64.7097
289600 11.3366 17.3731 11.9506 23.5125 6.85588 1.57857 64.1727
289602 8.71745 17.6601 12.5982 25.4132 8.44772 2.71021 64.3889
289611 8.71745 17.6601 12.5982 25.4132 8.44772 2.71021 64.3889
289624 7.11313 18.2341 13.3065 27.0244 9.45475 3.42208 65.6782
289640 7.11313 18.2341 13.3065 27.0244 9.45475 3.42208 65.6782
289641 6.15634 19.0281 13.7821 28.076 10.13 3.73055 67.0427
289651 5.94372 19.8413 13.8429 28.4234 10.462 3.63282 68.0513
289672 5.94372 19.8413 13.8429 28.4234 10.462 3.63282 68.0513
289678 6.36896 20.6066 13.5798 27.9699 10.4443 3.19023 68.5253
289687 6.57192 21.1998 13.003 27.063 10.5723 2.71846 67.8377
289698 6.57192 21.1998 13.003 27.063 10.5723 2.71846 67.8377
289703 6.71688 21.5442 12.406 25.9631 10.65 2.27555 66.6301
289721 6.71688 21.5442 12.406 25.9631 10.65 2.27555 66.6301
289722 6.78454 21.6398 11.6875 24.6799 10.7451 1.8389 64.7918
289732 6.82319 21.7833 11.0601 23.5221 10.8493 1.41854 63.1888
289746 6.82319 21.7833 11.0601 23.5221 10.8493 1.41854 63.1888
289755 6.7942 21.7259 10.5036 22.5477 10.9531 1.10386 61.5714
289768 6.78454 21.7164 10.2607 22.017 10.9776 0.932111 60.7787
289773 6.78454 21.7164 10.2607 22.017 10.9776 0.932111 60.7787
289783 6.7942 21.5537 10.1089 21.6504 10.9392 0.851324 60.1073
289793 6.7942 21.5537 10.1089 21.6504 10.9392 0.851324 60.1073
289803 6.83286 21.6016 10.0077 21.4188 10.9336 0.749774 59.861
289818 6.87152 21.7738 9.99762 21.4188 10.9568 0.69208 60.0618
289825 6.87152 21.7738 9.99762 21.4188 10.9568 0.69208 60.0618
289840 6.94883 22.0034 9.96726 21.496 11.0002 0.623453 60.4155
289844 6.93917 22.0895 10.1494 21.9109 11.0134 0.744402 61.089
289855 6.93917 22.0895 10.1494 21.9109 11.0134 0.744402 61.089
289865 6.90051 22.0608 10.4833 22.4512 10.9572 0.962884 61.8958
289875 6.90051 22.0608 10.4833 22.4512 10.9572 0.962884 61.8958
289890 6.73621 21.8025 10.7363 23.088 10.9913 1.27133 62.363
289896 6.70722 21.6303 11.2018 23.8791 10.8803 1.59498 63.4184
289912 6.70722 21.6303 11.2018 23.8791 10.8803 1.59498 63.4184
289917 6.52359 21.4007 11.7179 24.8922 10.8669 2.01887 64.5343
289927 6.37862 21.2093 12.0821 25.7026 10.8804 2.33969 65.3727
289937 6.37862 21.2093 12.0821 25.7026 10.8804 2.33969 65.3727
289947 6.32064 21.0754 12.2339 26.0306 10.8709 2.48289 65.6606
289961 6.17567 20.9606 12.3351 26.2236 10.9116 2.60806 65.695
289967 6.17567 20.9606 12.3351 26.2236 10.9116 2.60806 65.695
289977 6.13701 20.8362 12.3554 26.2719 10.9053 2.66476 65.6005
289992 6.13701 20.8362 12.3554 26.2719 10.9053 2.66476 65.6005
290002 6.43661 20.6449 12.5577 26.2429 10.5846 2.6682 65.8822
290011 7.91529 20.4823 12.7702 26.378 9.68777 2.38741 67.5458
290020 7.91529 20.4823 12.7702 26.378 9.68777 2.38741 67.5458
290034 8.91074 20.1187 13.3774 26.5227 8.83268 2.36559 68.9296
290038 9.9062 19.516 14.0655 26.7736 7.94105 2.43736 70.2613
290056 9.9062 19.516 14.0655 26.7736 7.94105 2.43736 70.2613
290061 10.718 18.6837 14.6726 26.5131 7.01476 2.50411 70.5874
290070 10.718 18.6837 14.6726 26.5131 7.01476 2.50411 70.5874
290080 11.6458 17.8419 14.4905 25.3456 6.14912 2.23915 69.3238
290090 13.1438 17.6218 14.5107 23.5607 4.91305 1.59197 68.8371
290105 13.1438 17.6218 14.5107 23.5607 4.91305 1.59197 68.8371
290111 15.241 17.8036 16.919 22.2582 2.73523 1.27371 72.2219
290121 16.0045 17.7653 17 19.7304 1.59262 0.629897 70.5003
290131 16.0045 17.7653 17 19.7304 1.59262 0.629897 70.5003
290143 16.6714 17.4879 15.8768 16.09 0.389293 -0.497355 66.1261
290156 16.6714 17.4879 15.8768 16.09 0.389293 -0.497355 66.1261
290161 18.3373 17.507 14.1667 12.3628 -1.0558 -2.2401 62.3738
290171 19.9728 17.7079 12.8512 8.99374 -2.57131 -3.99051 59.5257
290186 19.9728 17.7079 12.8512 8.99374 -2.57131 -3.99051 59.5257
290192 21.8874 17.7845 13.2357 7.00911 -4.30995 -4.86351 59.9167
290207 23.9559 17.7845 15.2798 6.59282 -5.83935 -4.68484 63.6129
290212 23.9559 17.7845 15.2798 6.59282 -5.83935 -4.68484 63.6129
290222 25.7646 17.3731 17.8793 6.67995 -7.23475 -4.11652 67.6969
290234 25.7646 17.3731 19.8805 6.67995 -7.74483 -3.56765 69.6981
290243 27.0249 16.24 19.8805 6.49601 -8.67639 -3.63757 69.6414
290259 27.7657 14.4986 21.5886 6.11845 -10.2675 -3.12069 69.9713
290263 27.7657 14.4986 21.5886 6.11845 -10.2675 -3.12069 69.9713
290273 28.1409 12.103 23.3169 5.61503 -12.1935 -2.45288 69.1758
290284 28.0158 8.96661 25.3282 5.1213 -14.554 -1.45324 67.4319
290310 27.9293 5.96491 27.3496 4.93736 -16.7633 -0.36428 66.1811
290315 28.1794 5.96491 29.2396 5.03417 -16.9619 0.0283796 68.4181
290325 28.1794 3.94454 29.2396 5.03417 -18.2387 0.485669 66.3977
290335 28.9106 3.78098 30.5333 5.29556 -18.3768 0.686794 68.5204
290346 28.9106 3.78098 30.5333 5.29556 -18.3768 0.686794 68.5204
290360 29.3531 3.94454 30.9982 5.39237 -18.3009 0.66573 69.6883
290368 29.2088 3.84833 30.9275 5.2762 -18.4129 0.681446 69.2608
290384 29.2088 3.84833 30.9275 5.2762 -18.4129 0.681446 69.2608
290386 28.343 3.54046 30.4221 5.13098 -18.5707 0.81625 67.4365
290396 27.5925 3.2326 29.462 4.84055 -18.8021 0.800897 65.1276
290414 27.5925 3.2326 29.462 4.84055 -18.8021 0.800897 65.1276
290417 26.9768 3.04018 28.047 4.41458 -19.0341 0.586898 62.4785
290433 26.9768 3.04018 28.047 4.41458 -19.0341 0.586898 62.4785
290443 26.6208 2.86701 26.7128 4.05638 -19.2551 0.318979 60.2571
290458 26.4188 2.83814 25.9043 3.79499 -19.3745 0.112542 58.9562
290459 26.4188 2.83814 25.9043 3.79499 -19.3745 0.112542 58.9562
290467 26.3418 2.78042 25.4798 3.74658 -19.4069 0.0267684 58.3486
290483 26.4765 2.79004 25.6011 3.72722 -19.4387 0.0158036 58.5948
290487 26.4765 2.79004 25.6011 3.72722 -19.4387 0.0158036 58.5948
290497 26.8421 2.91511 25.783 3.76595 -19.3673 -0.0526777 59.3062
290509 26.8421 2.91511 25.783 3.76595 -19.3673 -0.0526777 59.3062
290517 27.3328 3.04018 25.9548 3.75626 -19.3442 -0.165236 60.084
290533 27.987 3.15563 26.1367 3.84339 -19.2746 -0.285282 61.1228
290539 27.987 3.15563 26.1367 3.84339 -19.2746 -0.285282 61.1228
290565 29.5359 3.55971 26.6219 3.98861 -19.0757 -0.585144 63.7061
290570 29.5359 3.55971 26.6219 3.98861 -19.0757 -0.585144 63.7061
290583 30.1613 3.6944 26.9554 4.0467 -19.0323 -0.659962 64.8578
290590 30.1613 3.6944 26.9554 4.0467 -19.0323 -0.659962 64.8578
290608 30.7578 3.80985 27.0565 3.96925 -19.0702 -0.809969 65.5934
290610 31.3543 3.90606 27.0363 3.94021 -19.0771 -0.970124 66.2368
290620 31.3543 3.90606 27.0363 3.94021 -19.0771 -0.970124 66.2368
290633 31.8546 4.02151 26.8038 3.90148 -19.0501 -1.16491 66.5813
290645 32.1624 4.05037 26.4096 3.80467 -19.0875 -1.35453 66.4271
290657 32.1624 4.05037 26.4096 3.80467 -19.0875 -1.35453 66.4271
290662 32.3933 4.08885 25.9144 3.70786 -19.1027 -1.55661 66.1044
290671 32.3933 4.08885 25.9144 3.70786 -19.1027 -1.55661 66.1044
290682 32.3933 4.10809 25.591 3.56264 -19.1583 -1.67873 65.655
290691 32.326 4.13696 25.1564 3.44647 -19.1725 -1.81204 65.0658
290707 32.326 4.13696 25.1564 3.44647 -19.1725 -1.81204 65.0658
290711 32.326 4.12733 24.8835 3.43679 -19.1611 -1.88342 64.7736
290732 32.451 4.14658 24.4489 3.27221 -19.2328 -2.07013 64.3187
290736 32.451 4.14658 24.4489 3.27221 -19.2328 -2.07013 64.3187
290745 32.9994 4.618 24.1558 3.3787 -18.863 -2.32141 65.1519
290757 32.9994 4.618 24.1558 3.3787 -18.863 -2.32141 65.1519
290770 33.7499 5.23373 23.7616 3.46583 -18.4304 -2.66334 66.211
290782 34 6.32088 23.1147 3.64977 -17.5687 -3.03114 67.0854
290788 34 6.32088 23.1147 3.64977 -17.5687 -3.03114 67.0854
290798 34 7.49462 22.3163 3.81435 -16.6385 -3.4079 67.6253
290810 34 8.74533 21.4168 4.56948 -15.3139 -3.65751 68.7316
290815 34 8.74533 21.4168 4.56948 -15.3139 -3.65751 68.7316
290825 34 10.0538 20.8407 6.65091 -13.3258 -3.47238 71.5453
290836 34 11.1986 19.4055 8.25797 -11.6483 -3.60994 72.8621
290845 34 11.1986 19.4055 8.25797 -11.6483 -3.60994 72.8621
290861 34 11.6316 16.1399 7.57061 -11.154 -4.74195 69.3421
290865 34 11.6316 16.1399 7.57061 -11.154 -4.74195 69.3421
290875 34 11.9298 12.6893 6.41856 -10.894 -6.1861 65.0377
290890 32.6723 12.4012 10.1393 5.89579 -10.0291 -7.12792 61.1086
290896 32.6723 12.4012 10.1393 5.89579 -10.0291 -7.12792 61.1086
290911 30.4595 12.7091 8.6619 6.42825 -8.57556 -7.22942 58.2588
290916 27.9004 13.1998 8.3381 7.91913 -6.59008 -6.49688 57.3574
290926 27.9004 13.1998 8.3381 7.91913 -6.59008 -6.49688 57.3574
290938 25.4663 13.8444 8.74286 10.4265 -4.24857 -5.16619 58.4801
290951 25.4663 13.8444 8.74286 10.4265 -4.24857 -5.16619 58.4801
290964 23.2054 14.6814 9.95714 13.9311 -1.8414 -3.39908 61.775
290969 20.9061 15.9706 11.4143 17.9648 0.609401 -1.69741 66.2557
290977 20.9061 15.9706 11.4143 17.9648 0.609401 -1.69741 66.2557
290991 18.2699 17.1435 12.4363 21.4285 2.83846 -0.33531 69.2782
290997 15.4827 18.081 13.0333 24.294 4.88744 0.796353 70.891
291019 15.4827 18.081 13.0333 24.294 4.88744 0.796353 70.891
291025 12.7476 18.9229 13.3774 26.5034 6.74389 1.72121 71.5513
291029 12.7476 18.9229 13.3774 26.5034 6.74389 1.72121 71.5513
291045 10.1575 19.4012 13.5696 28.2883 8.38825 2.58327 71.4167
291048 7.97328 19.7456 13.9339 29.6873 9.64594 3.34362 71.3401
291058 7.97328 19.7456 13.9339 29.6873 9.64594 3.34362 71.3401
291073 6.67823 20.0613 14.1262 30.382 10.3999 3.74087 71.2477
291080 6.17567 20.3579 14.0958 30.3144 10.713 3.77975 70.9438
291090 6.17567 20.3579 14.0958 30.3144 10.713 3.77975 70.9438
291108 6.32064 20.5779 13.6405 29.6005 10.7704 3.49497 70.1395
291110 6.32064 20.5779 13.6405 29.6005 10.7704 3.49497 70.1395
291129 6.25298 20.4536 13.094 28.5102 10.839 3.27131 68.3108
291138 6.05969 20.2144 12.4565 27.1305 10.943 3.03205 65.8612
291140 6.05969 20.2144 12.4565 27.1305 10.943 3.03205 65.8612
291156 5.99204 19.8604 11.7988 25.9052 11.0039 2.79709 63.5565
291161 5.93405 19.7361 11.0804 24.5738 11.1275 2.4421 61.3243
291171 5.93405 19.7361 11.0804 24.5738 11.1275 2.4421 61.3243
291182 6.02103 19.7456 10.5542 23.4546 11.1354 2.06827 59.7754
291191 6.02103 19.7456 10.5542 23.4546 11.1354 2.06827 59.7754
291210 6.00171 19.803 10.2 22.6731 11.1944 1.80691 58.6778
291212 6.07902 19.8222 10.119 22.4319 11.1442 1.70646 58.4521
291221 6.07902 19.8222 10.119 22.4319 11.1442 1.70646 58.4521
291237 6.02103 19.8413 10.1595 22.6152 11.2028 1.76827 58.6371
291241 6.02103 19.7935 10.3619 23.0301 11.1646 1.91976 59.2065
291251 6.02103 19.7935 10.3619 23.0301 11.1646 1.91976 59.2065
291267 6.00171 19.8222 10.7869 23.6765 11.0762 2.14959 60.2873
291272 6.00171 19.8222 10.7869 23.6765 11.0762 2.14959 60.2873
291292 6.12735 19.9178 11.05 24.3036 11.0117 2.27409 61.3988
291294 6.18533 20.0231 11.3435 24.8922 10.9644 2.40869 62.444
291302 6.18533 20.0231 11.3435 24.8922 10.9644 2.40869 62.444
291320 6.14667 20.0996 11.5964 25.2974 10.9494 2.5295 63.1401
291327 6.10802 20.0518 11.7988 25.7991 10.9571 2.691 63.7577
291333 6.10802 20.0518 11.7988 25.7991 10.9571 2.691 63.7577
291347 6.0307 19.8987 11.9 26.0982 10.9758 2.83182 63.9276
291353 6.0307 19.8987 11.9 26.0982 10.9758 2.83182 63.9276
291363 5.95338 19.7074 11.9708 26.3587 10.9946 2.96969 63.9903
291378 5.81808 19.4491 12.1327 26.5806 10.9716 3.15241 63.9805
291385 5.81808 19.4491 12.1327 26.5806 10.9716 3.15241 63.9805
291405 6.35929 19.3343 12.4262 26.7543 10.5216 3.1184 64.874
291407 7.60603 19.3247 12.7804 27.0726 9.73701 2.90241 66.7837
291414 7.60603 19.3247 12.7804 27.0726 9.73701 2.90241 66.7837
291433 8.79477 19.229 13.3167 27.3717 8.91011 2.7647 68.7122
291435 8.79477 19.229 13.3167 27.3717 8.91011 2.7647 68.7122
291450 10.4088 19.2099 13.7821 27.1402 7.8533 2.40364 70.541
291463 11.9261 19.2195 13.6607 25.8184 6.88536 1.76996 70.6247
291466 11.9261 19.2195 13.6607 25.8184 6.88536 1.76996 70.6247
291476 14.0716 19.516 13.1345 23.5318 5.63729 0.657324 70.254
291490 16.9903 20.0422 14.4399 21.1101 3.34863 -0.306386 72.5825
291505 16.9903 20.0422 14.4399 21.1101 3.34863 -0.306386 72.5825
291506 19.2417 20.6449 14.5815 18.2543 1.74498 -1.45432 72.7224
291531 19.9536 20.4823 13.1244 14.4151 0.669149 -2.8458 67.9754
291546 21.4833 20.3101 11.5964 10.6008 -0.847337 -4.59352 63.9906
291547 21.4833 20.3101 11.5964 10.6008 -0.847337 -4.59352 63.9906
291557 22.7725 20.0135 10.3518 7.66743 -2.23803 -6.1097 60.8052
291573 24.0424 19.6787 10.1696 5.97323 -3.57485 -6.91022 59.864
291588 24.0424 19.6787 10.1696 5.97323 -3.57485 -6.91022 59.864
291590 25.3316 19.3534 11.4345 5.45046 -4.85719 -6.77279 61.57
291603 25.3316 19.3534 11.4345 5.45046 -4.85719 -6.77279 61.57
291608 26.6208 18.6455 13.5798 5.49886 -6.23835 -6.10483 64.3449
291618 27.833 17.4496 15.8262 5.39237 -7.82588 -5.4279 66.5012
291647 28.5931 15.7204 17.9703 5.08257 -9.5598 -4.73397 67.3664
291659 29.1126 13.5942 20.0119 4.69533 -11.4349 -4.00502 67.4141
291661 29.1126 13.5942 20.0119 4.69533 -11.4349 -4.00502 67.4141
291669 29.6802 11.4584 21.8514 4.36617 -13.2531 -3.32288 67.3562
291689 30.017 9.22637 23.893 4.20159 -15.0294 -2.48347 67.3379
291691 30.017 9.22637 23.893 4.20159 -15.0294 -2.48347 67.3379
291701 30.4211 7.01358 26.0458 4.12415 -16.7626 -1.61188 67.6046
291717 30.4211 7.01358 26.0458 4.12415 -16.7626 -1.61188 67.6046
291720 30.7289 5.10866 27.6023 4.05638 -18.2107 -0.928705 67.4962
291730 31.1138 3.99264 28.6635 4.15319 -19.0036 -0.505655 67.9231
291746 31.1138 3.99264 28.6635 4.15319 -19.0036 -0.505655 67.9231
291750 31.4697 3.48274 29.2598 4.25968 -19.3463 -0.313919 68.472
291774 31.4697 3.48274 29.2598 4.25968 -19.3463 -0.313919 68.472
291774 31.7102 3.60781 29.2901 4.21128 -19.3191 -0.395958 68.8195
291803 31.4024 3.55971 28.6736 4.16287 -19.3048 -0.470278 67.7986
291805 30.8155 3.48274 27.8549 3.96925 -19.365 -0.561246 66.1224
291811 30.1228 3.40577 26.9857 3.7369 -19.4416 -0.655072 64.2512
291821 30.1228 3.40577 26.9857 3.7369 -19.4416 -0.655072 64.2512
291834 29.5744 3.2807 26.1468 3.59169 -19.5103 -0.746861 62.5937
291843 29.5744 3.2807 26.1468 3.59169 -19.5103 -0.746861 62.5937
291862 28.9779 3.10753 25.5404 3.55296 -19.5565 -0.733604 61.1788
291864 28.6316 3.18449 25.0654 3.42711 -19.5185 -0.826641 60.3086
291891 28.5354 3.07866 24.8835 3.36902 -19.615 -0.842258 59.8665
291894 28.7085 3.17487 24.8329 3.43679 -19.5043 -0.901122 60.1531
291902 28.7085 3.17487 24.8329 3.43679 -19.5043 -0.901122 60.1531
291921 29.0164 3.35767 24.8329 3.44647 -19.391 -1.01264 60.6535
291925 29.0164 3.35767 24.8329 3.44647 -19.391 -1.01264 60.6535
291933 29.3724 3.43463 24.8734 3.45615 -19.3644 -1.09857 61.1365
291951 29.8342 3.54046 24.8734 3.41743 -19.3584 -1.23664 61.6654
291953 29.8342 3.54046 24.8734 3.41743 -19.3584 -1.23664 61.6654
291963 30.3056 3.64629 24.742 3.33998 -19.369 -1.41937 62.0338
291981 30.777 3.75212 24.6409 3.41743 -19.2724 -1.55083 62.5875
291985 30.777 3.75212 24.6409 3.41743 -19.2724 -1.55083 62.5875
291995 31.2292 3.88681 24.6308 3.35934 -19.2588 -1.69378 63.1062
292011 31.6814 3.99264 24.4489 3.20444 -19.3176 -1.89982 63.3273
292015 31.6814 3.99264 24.4489 3.20444 -19.3176 -1.89982 63.3273
292026 32.2394 4.17544 24.2063 3.21412 -19.212 -2.1135 63.8353
292041 32.2394 4.17544 24.2063 3.21412 -19.212 -2.1135 63.8353
292046 32.8647 4.29089 23.9132 3.14636 -19.2091 -2.35834 64.2152
292056 33.4228 4.40634 23.5392 3.3303 -19.021 -2.54091 64.6986
292072 33.4228 4.40634 23.5392 3.3303 -19.021 -2.54091 64.6986
292076 34 6.21505 23.1754 3.36902 -17.8219 -3.07162 66.7595
292086 34 8.43746 22.6094 3.93052 -16.0348 -3.45712 68.9774
292103 34 8.43746 22.6094 3.93052 -16.0348 -3.45712 68.9774
292111 34 10.7176 21.2449 4.41458 -14.2492 -4.06199 70.3771
292120 34 10.7176 21.2449 4.41458 -14.2492 -4.06199 70.3771
292133 34 12.382 19.0416 4.47267 -12.9431 -4.9075 69.8963
292137 34 14.1715 16.3726 4.21128 -11.6318 -6.01864 68.7554
292147 34 14.1715 16.3726 4.21128 -11.6318 -6.01864 68.7554
292164 34 15.4222 13.6506 3.91116 -10.5687 -7.13464 66.9839
292167 34 16.1149 11.0702 3.76595 -9.69553 -8.14737 64.9511
292177 34 16.1149 11.0702 3.76595 -9.69553 -8.14737 64.9511
292194 32.807 16.7691 9.01607 4.07574 -8.36881 -8.73277 62.6679
292197 32.807 16.7691 9.01607 4.07574 -8.36881 -8.73277 62.6679
292226 31.1234 17.4018 8.29762 6.40888 -6.17187 -8.02256 63.2317
292227 29.1896 18.3011 9.1881 10.8912 -3.39847 -6.0851 67.57
292229 29.1896 18.3011 9.1881 10.8912 -3.39847 -6.0851 67.57
292238 26.5631 18.942 9.57262 13.9214 -1.18562 -4.78508 68.9992
292257 23.5614 19.4491 9.62321 15.7221 0.726545 -3.87645 68.3558
292258 23.5614 19.4491 9.62321 15.7221 0.726545 -3.87645 68.3558
292268 20.425 19.9944 9.775 17.2991 2.62746 -2.96591 67.4935
292288 20.425 19.9944 9.775 17.2991 2.62746 -2.96591 67.4935
292289 17.4041 20.3675 10.0988 18.9586 4.42292 -1.95593 66.8289
292298 14.3809 20.7406 10.4226 20.7242 6.28553 -0.899678 66.2683
292321 14.3809 20.7406 10.4226 20.7242 6.28553 -0.899678 66.2683
292322 11.4912 21.1806 10.8274 22.374 8.05945 0.120585 65.8732
292332 9.32632 21.6877 11.2827 23.9949 9.45576 0.964744 66.2916
292354 9.32632 21.6877 11.2827 23.9949 9.45576 0.964744 66.2916
292356 7.73167 22.3669 11.6774 25.1237 10.4939 1.50282 66.8997
292365 7.73167 22.3669 11.6774 25.1237 10.4939 1.50282 66.8997
292371 7.04548 22.9696 11.7179 25.3649 11.0179 1.58001 67.0979
292388 7.26777 23.5149 11.4446 25.0465 11.0924 1.27282 67.2739
292393 7.26777 23.5149 11.4446 25.0465 11.0924 1.27282 67.2739
292402 7.49972 24.175 11.1411 24.3712 11.1277 0.856753 67.187
292420 7.61569 24.6246 10.4429 23.5028 11.3577 0.38649 66.186
292422 7.61569 24.6246 10.4429 23.5028 11.3577 0.38649 66.186
292435 7.77999 25.0743 9.87619 22.4319 11.4522 -0.125728 65.1624
292453 7.77999 25.0743 9.87619 22.4319 11.4522 -0.125728 65.1624
292454 7.82831 25.3421 9.36012 21.5057 11.5791 -0.53985 64.0363
292467 7.93462 25.5239 8.88452 20.647 11.6494 -0.935154 62.9901
292485 7.93462 25.5239 8.88452 20.647 11.6494 -0.935154 62.9901
292486 7.90563 25.61 8.4494 19.8365 11.7681 -1.26931 61.8016
292493 7.85731 25.5144 8.075 19.1998 11.8646 -1.50797 60.6464
292518 7.85731 25.5144 8.075 19.1998 11.8646 -1.50797 60.6464
292521 7.87663 25.5909 7.75119 18.6016 11.9377 -1.78403 59.8203
292549 7.85731 25.8301 7.44762 18.1385 12.0896 -2.05014 59.2735
292553 7.92496 26.0214 7.28571 18.0227 12.165 -2.18664 59.2548
292555 7.92496 26.0214 7.28571 18.0227 12.165 -2.18664 59.2548
292565 7.94429 26.2223 7.33631 18.3121 12.2268 -2.13611 59.815
292584 7.96362 26.3658 7.75119 19.0454 12.1456 -1.84851 61.126
292593 7.96362 26.3658 7.75119 19.0454 12.1456 -1.84851 61.126
292595 8.00227 26.6337 8.25714 20.0102 12.0759 -1.51866 62.9033
292625 8.0506 26.7102 8.6619 20.8785 12.0045 -1.21778 64.3012
292626 8.08926 26.9876 8.925 21.4092 11.9944 -1.08759 65.4111
292649 8.08926 26.9876 8.925 21.4092 11.9944 -1.08759 65.4111
292649 8.10858 27.179 8.89464 21.66 12.0879 -1.07822 65.8422
292656 8.12791 27.3033 8.86429 21.6504 12.1166 -1.11831 65.9459
292682 8.25355 27.4755 8.98571 21.5636 11.9948 -1.17228 66.2784
292687 8.25355 27.4755 8.98571 21.5636 11.9948 -1.17228 66.2784
292697 9.16202 27.5903 9.00595 21.4478 11.4834 -1.40581 67.2061
292715 9.75156 27.5999 9.11726 21.1101 11.0394 -1.58128 67.5788
292717 9.75156 27.5999 9.11726 21.1101 11.0394 -1.58128 67.5788
292727 10.921 27.4181 9.0869 20.3961 10.2497 -1.95866 67.8221
292750 12.448 27.2172 8.98571 19.6146 9.30124 -2.43128 68.2656
292751 12.448 27.2172 8.98571 19.6146 9.30124 -2.43128 68.2656
292758 14.3422 27.3129 8.63155 18.3025 8.25261 -3.2194 68.5892
292784 14.3422 27.3129 8.63155 18.3025 8.25261 -3.2194 68.5892
292786 16.3718 27.753 8.16607 16.7386 7.22651 -4.1765 69.0294
292788 18.1737 28.1261 7.72083 14.7637 6.17697 -5.19347 68.7843
292798 18.1737 28.1261 7.72083 14.7637 6.17697 -5.19347 68.7843
292819 19.7516 28.2313 8.3381 13.0695 4.7597 -5.74473 69.3904
292822 21.4544 28.3078 10.372 11.7335 2.85763 -5.77242 71.8678
292828 21.4544 28.3078 10.372 11.7335 2.85763 -5.77242 71.8678
292852 22.6378 27.7243 11.2625 10.1845 1.39552 -6.03999 71.8091
292854 22.6378 27.7243 11.2625 10.1845 1.39552 -6.03999 71.8091
292860 23.7923 26.9015 11.222 8.7033 0.209042 -6.53544 70.6191
292870 24.9949 25.9353 10.8679 7.61902 -0.831372 -7.01052 69.4171
292888 24.9949 25.9353 10.8679 7.61902 -0.831372 -7.01052 69.4171
292890 25.88 24.3759 10.6958 6.54442 -2.09476 -7.33723 67.4962
292900 26.6016 22.1851 11.0095 5.60535 -3.75396 -7.37868 65.4016
292922 26.6016 22.1851 11.0095 5.60535 -3.75396 -7.37868 65.4016
292927 27.1885 19.3343 11.7786 4.53075 -6.00888 -7.2129 62.832
292936 27.4963 18.6359 13.2661 3.97893 -7.15855 -6.83697 63.3772
292956 27.4963 16.1822 13.2661 3.97893 -8.45372 -6.50821 60.9235
292958 27.6887 13.0651 16.0083 3.77563 -11.0907 -5.19589 60.5378
292965 27.6887 13.0651 16.0083 3.77563 -11.0907 -5.19589 60.5378
292991 27.9966 9.75552 19.7693 4.13383 -13.7363 -3.36929 61.6553
292993 28.6989 7.15789 23.4584 4.63724 -15.7782 -1.82038 63.9524
292994 28.6989 7.15789 23.4584 4.63724 -15.7782 -1.82038 63.9524
293002 29.8342 5.81098 25.975 5.14066 -16.7979 -1.01769 66.7608
293027 30.8732 5.32032 27.2485 5.40205 -17.2126 -0.771959 68.8441
293028 30.8732 5.32032 27.2485 5.40205 -17.2126 -0.771959 68.8441
293037 31.7487 5.60894 27.4304 5.34396 -17.1912 -0.980278 70.1321
293043 31.7487 5.60894 27.4304 5.34396 -17.1912 -0.980278 70.1321
293063 32.0855 5.59932 26.6825 5.08257 -17.3096 -1.27855 69.4499
293065 32.0855 5.59932 25.2473 4.67597 -17.4008 -1.72202 67.6081
293073 32.0855 5.59932 25.2473 4.67597 -17.4008 -1.72202 67.6081
293096 31.8642 5.44539 23.4483 4.03702 -17.6827 -2.27432 64.7949
293100 31.4216 5.26259 21.437 3.41743 -17.9475 -2.88351 61.5386
293105 31.4216 5.26259 21.437 3.41743 -17.9475 -2.88351 61.5386
293130 30.7482 5.01245 19.8704 3.01082 -18.1591 -3.29442 58.6418
293132 30.7482 5.01245 19.8704 3.01082 -18.1591 -3.29442 58.6418
293135 30.0555 4.73345 19.2337 2.79784 -18.3727 -3.36783 56.8204
293145 29.5263 4.63724 19.1427 2.73975 -18.4188 -3.28689 56.046
293167 29.5263 4.63724 19.1427 2.73975 -18.4188 -3.28689 56.046
293169 29.5937 4.57951 19.2539 2.80752 -18.4319 -3.2307 56.2346
293176 29.8149 4.64686 19.7895 2.92369 -18.3795 -3.08226 57.175
293201 29.8149 4.64686 19.7895 2.92369 -18.3795 -3.08226 57.175
293201 30.4788 4.88738 20.6486 3.13667 -18.2174 -2.93674 59.1515
293206 30.4788 4.88738 20.6486 3.13667 -18.2174 -2.93674 59.1515
293234 31.1426 5.05093 21.4976 3.40774 -18.0779 -2.77129 61.0989
293236 31.9989 5.25297 22.286 3.65945 -17.9487 -2.6836 63.1973
293238 31.9989 5.25297 22.286 3.65945 -17.9487 -2.6836 63.1973
293247 32.884 5.46463 22.7812 3.7369 -17.9074 -2.73572 64.8667
293269 33.9808 5.73401 22.9429 3.71754 -17.8802 -2.95012 66.3752
293271 33.9808 5.73401 22.9429 3.71754 -17.8802 -2.95012 66.3752
293277 34 5.97453 22.5184 3.56264 -17.781 -3.15495 66.0556
293303 34 6.22467 21.6694 3.1754 -17.7769 -3.5454 65.0695
293316 34 6.41709 20.5071 2.80752 -17.7629 -4.02526 63.7317
293319 34 6.41709 20.5071 2.80752 -17.7629 -4.02526 63.7317
293339 34 6.63837 19.2842 2.6623 -17.5696 -4.47997 62.5849
293341 34 7.46576 18.1926 2.41059 -17.0441 -5.04178 62.069
293348 34 7.46576 18.1926 2.41059 -17.0441 -5.04178 62.069
293375 34 8.13922 17.192 2.37187 -16.4825 -5.48805 61.7031
293377 34 8.13922 17.192 2.37187 -16.4825 -5.48805 61.7031
293379 34 9.15903 15.9881 2.42027 -15.5962 -6.03014 61.5674
293388 34 10.4963 14.6423 2.6139 -14.3849 -6.61678 61.7525
293411 34 10.4963 14.6423 2.6139 -14.3849 -6.61678 61.7525
293413 34 12.026 12.9625 2.60421 -13.1234 -7.41792 61.5927
293420 34 13.5269 11.0905 2.6623 -11.7907 -8.26721 61.2797
293446 34 13.5269 11.0905 2.6623 -11.7907 -8.26721 61.2797
293448 34 14.7102 9.82559 3.69818 -10.2103 -8.48085 62.234
293450 34 14.7102 9.82559 3.69818 -10.2103 -8.48085 62.234
293460 34 15.6146 10.3417 7.10592 -8.06011 -7.19489 67.0622
293482 34 16.2303 10.9792 10.2426 -6.47505 -6.08979 71.4521
293483 34 16.2303 10.9792 10.2426 -6.47505 -6.08979 71.4521
293491 34 16.6825 10.2304 11.2785 -5.63411 -6.06174 72.1913
293517 31.2965 16.8172 9.33988 11.9465 -4.27692 -5.79842 69.4001
293518 31.2965 16.8172 9.33988 11.9465 -4.27692 -5.79842 69.4001
293521 26.8229 16.9615 8.77321 13.0792 -2.11596 -5.01213 65.6367
293531 26.8229 16.9615 8.77321 13.0792 -2.11596 -5.01213 65.6367
293553 22.3299 17.2105 8.5 14.7443 0.447893 -3.89333 62.7847
293560 18.395 17.7558 8.77321 16.8354 3.00478 -2.56046 61.7594
293568 18.395 17.7558 8.77321 16.8354 3.00478 -2.56046 61.7594
293591 14.9704 18.2628 9.37024 19.4989 5.40277 -1.0541 62.1023
293595 12.477 18.9803 10.2304 21.8916 7.14249 0.156816 63.5792
293596 12.477 18.9803 10.2304 21.8916 7.14249 0.156816 63.5792
293602 10.718 19.6882 11.0298 23.9177 8.36148 1.0423 65.3537
293628 10.718 19.6882 11.0298 23.9177 8.36148 1.0423 65.3537
293630 9.56794 20.3675 11.8292 25.3553 9.06053 1.62002 67.1199
293633 8.56282 20.8841 12.2036 26.1464 9.68485 1.9698 67.7969
293643 8.56282 20.8841 12.2036 26.1464 9.68485 1.9698 67.7969
293666 7.77999 21.2763 12.3149 26.2333 10.1379 2.10604 67.6044
293668 7.0938 21.5059 12.0518 25.8377 10.6025 2.09577 66.4892
293682 7.0938 21.5059 12.0518 25.8377 10.6025 2.09577 66.4892
293705 6.6589 21.6207 11.6369 25.0755 10.9246 1.94627 64.992
293706 6.63957 21.6207 10.9589 24.0914 11.1015 1.60874 63.3106
293708 6.63957 21.7833 10.9589 24.0914 11.1371 1.56618 63.4732
293718 6.59125 21.9173 10.4833 23.1555 11.2628 1.23826 62.1474
293741 6.59125 21.9173 10.4833 23.1555 11.2628 1.23826 62.1474
293743 6.6589 22.0895 9.99762 22.3065 11.3588 0.873604 61.0525
293746 6.71688 22.3765 9.59286 21.6697 11.4887 0.539099 60.3559
293756 6.71688 22.3765 9.59286 21.6697 11.4887 0.539099 60.3559
293780 6.82319 22.5008 9.5119 21.2838 11.4145 0.367177 60.1197
293783 6.88118 22.6539 9.5119 21.3031 11.4183 0.318112 60.3501
293786 6.88118 22.6539 9.5119 21.3031 11.4183 0.318112 60.3501
293797 6.91984 22.7974 9.68393 21.5443 11.3782 0.371876 60.9454
293818 6.91984 22.7974 9.68393 21.5443 11.3782 0.371876 60.9454
293820 7.08414 22.9505 9.87619 21.9109 11.2829 0.425209 61.8217
293827 7.23877 23.2757 10.0583 22.3451 11.2542 0.45032 62.9179
293857 7.23877 23.2757 10.0583 22.3451 11.2542 0.45032 62.9179
293858 7.32575 23.5532 10.1089 22.5573 11.2817 0.421903 63.5452
293862 7.40307 23.8402 10.3113 22.7792 11.2324 0.430713 64.3338
293868 7.40307 23.8402 10.3113 22.7792 11.2324 0.430713 64.3338
293894 7.47072 24.1367 10.1393 22.924 11.3849 0.337656 64.6707
293896 7.47072 24.1367 10.1393 22.924 11.3849 0.337656 64.6707
293898 7.48039 24.4429 10.1494 22.9625 11.446 0.274161 65.0352
293932 7.52871 24.7586 9.99762 22.9432 11.5654 0.150297 65.2282
293932 7.60603 25.0456 9.74464 22.6442 11.6616 -0.0606108 65.0404
293940 7.65435 25.4665 9.57262 22.3837 11.7642 -0.268433 65.0771
293970 7.65435 25.4665 9.57262 22.3837 11.7642 -0.268433 65.0771
293973 8.47584 25.9066 9.59286 22.1617 11.34 -0.595993 66.137
293975 8.47584 25.9066 9.59286 22.1617 11.34 -0.595993 66.137
293984 8.76578 26.2414 9.4006 22.1135 11.3454 -0.787664 66.5213
294008 9.33599 26.5858 9.32976 21.9012 11.102 -1.04779 67.1528
294010 9.33599 26.5858 9.32976 21.9012 11.102 -1.04779 67.1528
294012 9.69358 26.892 9.27917 21.5346 10.9251 -1.28453 67.3993
294021 10.4281 27.179 9.39048 21.3127 10.4937 -1.51599 68.3102
294047 10.4281 27.179 9.39048 21.3127 10.4937 -1.51599 68.3102
294054 11.2689 27.6382 9.37024 20.811 10.0632 -1.89449 69.0883
294057 11.2689 27.6382 9.37024 20.811 10.0632 -1.89449 69.0883
294063 12.1484 28.1165 9.50179 20.0295 9.49044 -2.30677 69.7962
294088 13.1245 28.5374 10.8982 19.4699 8.32452 -2.35189 72.0301
294092 14.1586 29.2167 11.9 18.4569 7.32887 -2.64845 73.7321
294102 14.1296 29.5706 10.4935 16.2255 7.5168 -3.61718 70.4192
294128 14.1296 29.5706 10.4935 16.2255 7.5168 -3.61718 70.4192
294130 14.1586 29.6567 8.43929 13.6891 7.86576 -4.93307 65.9437
294132 14.1586 29.6567 8.43929 13.6891 7.86576 -4.93307 65.9437
294142 14.6612 29.9437 6.71905 11.4721 7.97646 -6.30942 62.796
