1020198 9.76123 9.32258 8.84405 7.50285 -1.25586 -1.1587 35.4307
1020205 10.0608 8.07187 9.10714 6.5541 -3.36007 -1.097 33.7939
1020225 10.6214 7.17714 9.6131 5.86674 -5.40185 -1.04513 33.2783
1020234 11.2302 6.31126 10.3619 5.28588 -7.52879 -0.855874 33.1893
1020260 11.8488 5.59932 11.1512 4.92768 -9.3007 -0.612596 33.527
1020264 12.3223 5.00283 11.9405 4.70501 -10.7114 -0.300118 33.9707
1020283 12.3223 5.00283 11.9405 4.70501 -10.7114 -0.300118 33.9707
1020287 12.8346 4.3871 12.8006 4.49203 -12.137 0.0308383 34.5143
1020298 12.8346 4.3871 12.8006 4.49203 -12.137 0.0308383 34.5143
1020308 13.2695 3.79061 13.4887 4.35649 -13.3297 0.337388 34.9053
1020319 13.6174 3.29032 13.9542 4.21128 -14.3058 0.537899 35.0732
1020326 13.6174 3.29032 13.9542 4.21128 -14.3058 0.537899 35.0732
1020336 13.8977 2.80928 14.2375 4.01765 -15.2367 0.664235 34.9621
1020346 14.1973 2.69383 14.369 3.8918 -15.6326 0.584496 35.1519
1020356 14.1973 2.69383 14.369 3.8918 -15.6326 0.584496 35.1519
1020366 14.3712 2.57838 14.4196 3.80467 -15.9264 0.543598 35.1739
1020376 14.3712 2.57838 14.4196 3.80467 -15.9264 0.543598 35.1739
1020386 14.5162 2.50141 14.4196 3.74658 -16.1209 0.489689 35.1838
1020396 14.5645 2.57838 14.4298 3.74658 -16.046 0.438899 35.3193
1020411 14.5645 2.57838 14.4298 3.74658 -16.046 0.438899 35.3193
1020417 14.5839 2.61686 14.4095 3.78531 -15.9562 0.421286 35.3956
1020427 14.6515 2.67459 14.3589 3.86276 -15.8048 0.377911 35.5478
1020437 14.6515 2.67459 14.3589 3.86276 -15.8048 0.377911 35.5478
1020449 14.5839 2.61686 14.3387 3.83371 -15.8821 0.412043 35.3731
1020457 14.5839 2.61686 14.3387 3.83371 -15.8821 0.412043 35.3731
1020467 14.3229 2.64573 14.2071 3.79499 -15.7913 0.443296 34.9708
1020486 14.1779 2.57838 14.0655 3.84339 -15.7374 0.498719 34.6652
1020496 14.1779 2.57838 14.0655 3.84339 -15.7374 0.498719 34.6652
1020504 14.0523 2.59762 13.9744 3.75626 -15.7595 0.471522 34.3806
1020516 13.9653 2.63611 13.7518 3.74658 -15.6412 0.394551 34.0998
1020524 13.9653 2.63611 13.7518 3.74658 -15.6412 0.394551 34.0998
1020532 13.8977 2.57838 13.6304 3.67882 -15.7397 0.369891 33.7852
1020541 13.8977 2.57838 13.6304 3.67882 -15.7397 0.369891 33.7852
1020549 13.7624 2.56876 13.5899 3.65945 -15.7264 0.410153 33.5805
1020559 13.6174 2.56876 13.6708 3.70786 -15.65 0.532939 33.5648
1020586 13.5208 2.5399 14.0048 3.87244 -15.5528 0.802887 33.9378
1020590 13.3758 2.54952 14.3387 3.98861 -15.456 1.05189 34.2526
1020605 13.3758 2.54952 14.3387 3.98861 -15.456 1.05189 34.2526
1020611 13.2501 2.52066 14.5208 4.19191 -15.267 1.27972 34.4835
1020624 13.2501 2.52066 14.5208 4.19191 -15.267 1.27972 34.4835
1020633 13.0182 2.45331 14.6726 4.26936 -15.2325 1.51269 34.4135
1020646 12.7476 2.39559 14.794 4.4049 -15.0989 1.77148 34.3421
1020651 12.7476 2.39559 14.794 4.4049 -15.0989 1.77148 34.3421
1020661 12.4866 2.36672 14.7839 4.49203 -14.9518 1.94375 34.1293
1020671 12.332 2.71307 14.8244 4.82118 -14.1408 1.98923 34.6907
1020681 12.332 2.71307 14.8244 4.82118 -14.1408 1.98923 34.6907
1020691 12.419 3.78098 14.5815 5.37301 -12.3405 1.55773 36.1545
1020717 12.3223 5.34918 14.4399 7.16401 -9.06995 1.50184 39.2754
1020722 11.9937 6.85003 13.6202 9.07118 -5.83407 1.38954 41.5352
1020752 11.2592 8.24505 11.5458 8.91629 -3.5303 0.359489 39.9664
1020753 10.2251 9.22637 9.06667 7.96754 -1.43747 -0.993798 36.4857
1020763 10.2251 9.22637 9.06667 7.96754 -1.43747 -0.993798 36.4857
1020774 9.00739 10.4194 6.90119 7.70615 1.62846 -2.12408 34.0341
1020783 7.75099 11.7374 5.35298 8.01595 5.05929 -2.79366 32.8573
1020794 7.75099 11.7374 5.35298 8.01595 5.05929 -2.79366 32.8573
1020803 6.82319 13.1324 4.22976 8.49032 8.08689 -3.32152 32.6757
1020815 6.82319 13.1324 4.22976 8.49032 8.08689 -3.32152 32.6757
1020823 6.01137 14.335 3.58214 9.2164 10.5279 -3.41584 33.1449
1020842 5.31552 15.5088 3.27857 10.2813 12.5028 -3.16907 34.3842
1020851 5.31552 15.5088 3.27857 10.2813 12.5028 -3.16907 34.3842
1020861 4.74531 16.6344 3.00536 11.0171 14.0534 -3.1173 35.4022
1020869 4.74531 16.6344 2.77262 11.0171 14.3118 -3.23719 35.1694
1020881 4.21376 17.5931 2.77262 11.4043 15.2923 -3.18057 35.9838
1020887 3.74019 18.502 2.55 11.4721 16.3273 -3.40007 36.2643
1020897 3.74019 18.502 2.55 11.4721 16.3273 -3.40007 36.2643
1020904 3.4116 19.1238 2.35774 11.414 17.0548 -3.62063 36.3072
1020925 3.17965 19.5639 2.27679 11.385 17.506 -3.74194 36.4053
1020933 3.17965 19.5639 2.27679 11.385 17.506 -3.74194 36.4053
1020942 3.083 19.7361 2.19583 11.3075 17.7334 -3.8471 36.3224
1020951 3.083 19.7361 2.19583 11.3075 17.7334 -3.8471 36.3224
1020956 3.16032 19.9178 2.16548 11.1429 17.6816 -4.02748 36.3866
1020966 3.18931 19.9848 2.04405 10.8815 17.7515 -4.25842 36.0997
1020976 3.18931 19.9848 2.04405 10.8815 17.7515 -4.25842 36.0997
1020994 3.083 19.8317 1.89226 10.5233 17.9589 -4.45756 35.3304
1020997 3.07334 19.6404 1.88214 10.3685 17.9135 -4.48878 34.9643
1021024 3.00569 19.2673 1.90238 10.2523 17.8719 -4.40852 34.4276
1021027 2.88005 19.2673 1.79107 10.1458 18.1477 -4.4935 34.0842
1021037 2.88005 18.9325 1.79107 10.1458 18.0797 -4.38926 33.7494
1021051 2.88971 18.7124 1.81131 10.0974 17.9858 -4.33895 33.5108
1021061 2.88971 18.7124 1.81131 10.0974 17.9858 -4.33895 33.5108
1021072 2.79306 18.4254 1.77083 10.049 18.093 -4.26718 33.0383
1021087 2.74474 18.2628 1.8619 10.0103 17.9947 -4.16764 32.8797
1021104 2.65776 18.0332 1.88214 10.1555 18.0643 -3.96596 32.7286
1021109 2.59977 17.8419 2.06429 10.3394 17.9 -3.67082 32.8453
1021119 2.59977 17.8419 2.06429 10.3394 17.9 -3.67082 32.8453
1021130 2.63843 17.6601 2.125 10.6686 17.8028 -3.40186 33.0921
1021148 2.63843 17.6601 2.125 10.6686 17.8028 -3.40186 33.0921
1021152 2.68675 17.6601 2.27679 10.988 17.6164 -3.16052 33.6117
1021161 2.71575 17.6505 2.3375 11.3366 17.5776 -2.94895 34.0403
1021171 2.71575 17.6505 2.3375 11.3366 17.5776 -2.94895 34.0403
1021181 2.71575 17.5931 2.47917 11.5399 17.4334 -2.74843 34.3279
1021193 2.79306 17.4879 2.59048 11.7432 17.2236 -2.57723 34.6146
1021209 2.79306 17.4879 2.59048 11.7432 17.2236 -2.57723 34.6146
1021220 2.63843 17.2296 2.65119 11.9755 17.3327 -2.27919 34.4947
1021228 2.63843 17.2296 2.65119 11.9755 17.3327 -2.27919 34.4947
1021239 2.60944 16.8076 2.80298 12.1982 17.1373 -1.92451 34.4182
1021246 2.56111 16.2303 2.95476 12.4305 16.9304 -1.49495 34.1767
1021264 3.13132 15.8263 3.22798 12.7597 15.9011 -1.27482 34.9452
1021273 3.25696 15.2779 3.46071 12.7694 15.3384 -0.994433 34.7649
1021284 3.25696 15.2779 3.46071 12.7694 15.3384 -0.994433 34.7649
1021293 4.35873 15.1143 3.63274 12.6919 13.838 -1.31924 35.7977
1021306 5.62479 14.8353 4.00714 12.4692 11.9615 -1.61779 36.9365
1021313 5.62479 14.8353 4.00714 12.4692 11.9615 -1.61779 36.9365
1021324 6.62024 14.2581 4.27024 11.9465 10.3208 -1.885 37.095
1021333 6.62024 14.2581 4.27024 11.9465 10.3208 -1.885 37.095
1021343 7.43206 13.4211 4.53333 11.0268 8.56998 -2.1804 36.4132
1021356 8.47584 12.4397 4.76607 10.0393 6.46478 -2.56581 35.7209
1021365 8.47584 12.4397 4.76607 10.0393 6.46478 -2.56581 35.7209
1021374 9.4423 11.4873 5.29226 8.94533 4.05068 -2.85435 35.1672
1021385 10.4667 10.4578 7.05298 8.39351 0.915307 -2.25925 36.3711
1021398 10.4667 10.4578 7.05298 8.39351 0.915307 -2.25925 36.3711
1021405 11.6168 9.64007 9.63333 8.23861 -2.15409 -1.29762 39.1288
1021415 11.6168 9.64007 9.63333 8.23861 -2.15409 -1.29762 39.1288
1021430 12.245 8.70685 11.1815 7.51253 -4.54473 -0.854235 39.646
1021435 12.5833 7.55235 11.6167 6.54442 -6.59533 -0.773388 38.2967
1021449 12.5833 7.55235 11.6167 6.54442 -6.59533 -0.773388 38.2967
1021460 12.7186 6.58065 11.8089 5.56663 -8.4392 -0.786784 36.6748
1021468 12.8442 5.75325 12.0214 4.89863 -10.0048 -0.70842 35.5175
1021478 12.8442 5.75325 12.0214 4.89863 -10.0048 -0.70842 35.5175
1021489 12.9989 5.08942 12.2137 4.4049 -11.3221 -0.635189 34.7069
1021497 12.9989 5.08942 12.2137 4.4049 -11.3221 -0.635189 34.7069
1021507 12.9892 4.60838 12.6286 4.17255 -12.2365 -0.347303 34.3987
1021517 13.1342 4.17544 13.0637 4.01765 -13.0883 -0.0995582 34.3909
1021527 13.1342 4.17544 13.0637 4.01765 -13.0883 -0.0995582 34.3909
1021537 13.2791 3.7425 13.428 3.92084 -13.8518 0.14279 34.3705
1021547 13.5497 3.19411 13.8935 3.85308 -14.7838 0.436065 34.4904
1021567 13.5497 3.19411 13.8935 3.85308 -14.7838 0.436065 34.4904
1021577 13.7237 2.8189 14.2982 3.95957 -15.2609 0.739292 34.8004
1021584 13.7237 2.8189 14.2982 3.95957 -15.2609 0.739292 34.8004
1021588 13.9363 2.54952 14.5917 4.07574 -15.5766 0.930877 35.1533
1021598 14.12 2.47255 14.8446 4.14351 -15.7027 1.00995 35.5807
1021617 14.12 2.47255 14.8446 4.14351 -15.7027 1.00995 35.5807
1021618 14.1103 2.48217 14.956 4.18223 -15.6741 1.06871 35.7306
1021633 14.1683 2.51104 14.8042 4.10478 -15.7051 0.939764 35.5883
1021639 14.1683 2.51104 14.8042 4.10478 -15.7051 0.939764 35.5883
1021656 14.0813 2.45331 14.4196 4.05638 -15.7033 0.831782 35.0106
1021661 14.0813 2.45331 14.4196 4.05638 -15.7033 0.831782 35.0106
1021670 13.917 2.50141 14.1161 3.94021 -15.6575 0.712638 34.4747
1021681 13.8107 2.47255 13.9036 3.83371 -15.7317 0.641102 34.0205
1021689 13.8107 2.47255 13.9036 3.83371 -15.7317 0.641102 34.0205
1021705 13.7334 2.42445 13.7113 3.72722 -15.8447 0.571808 33.5964
1021715 13.6464 2.41483 13.5089 3.7369 -15.7651 0.533497 33.307
1021721 13.6464 2.41483 13.5089 3.7369 -15.7651 0.533497 33.307
1021731 13.6561 2.45331 13.3571 3.64977 -15.7854 0.406544 33.1163
1021741 13.6561 2.45331 13.3571 3.64977 -15.7854 0.406544 33.1163
1021756 13.6077 2.44369 13.256 3.62073 -15.7914 0.375937 32.9281
1021762 13.685 2.41483 13.3167 3.63041 -15.8536 0.384545 33.047
1021772 13.685 2.41483 13.3167 3.63041 -15.8536 0.384545 33.047
1021782 13.7044 2.46293 13.2964 3.6885 -15.7225 0.369937 33.1522
1021795 13.7624 2.44369 13.5494 3.75626 -15.7496 0.492194 33.5117
1021802 13.7624 2.44369 13.5494 3.75626 -15.7496 0.492194 33.5117
1021818 13.8204 2.51104 13.8833 3.82403 -15.6943 0.606358 34.0388
1021841 13.859 2.49179 14.197 3.94021 -15.675 0.776975 34.488
1021843 13.9943 2.61686 14.3488 4.00797 -15.5273 0.748801 34.968
1021853 13.9943 2.61686 14.3488 4.00797 -15.5273 0.748801 34.968
1021864 14.004 2.56876 14.5815 4.17255 -15.4587 0.926219 35.3268
1021873 14.0523 2.57838 14.8851 4.27904 -15.4212 1.06167 35.7948
1021887 14.0523 2.57838 14.8851 4.27904 -15.4212 1.06167 35.7948
1021898 13.9073 2.588 14.9661 4.54043 -15.0999 1.25459 36.0018
1021904 13.8204 2.588 14.8952 4.54043 -15.0563 1.26687 35.844
1021914 13.8204 3.54046 14.8952 5.44077 -13.0875 1.18386 37.6968
1021924 13.4144 4.73345 14.3387 6.25399 -10.8192 0.946602 38.7406
1021957 12.6123 5.66667 13.2661 6.709 -8.82436 0.665077 38.254
1021960 11.9648 6.93662 11.6673 7.02847 -6.42797 -0.0820398 37.5971
1021985 11.1916 8.14884 9.71429 6.81549 -4.141 -1.17534 35.8702
1021993 11.1916 8.14884 9.71429 6.81549 -4.141 -1.17534 35.8702
1022005 10.3218 9.40917 7.83214 6.79613 -1.41783 -2.22764 34.3592
1022007 9.48096 10.7753 6.23333 7.25114 1.71319 -3.01052 33.7408
1022016 9.48096 10.7753 6.23333 7.25114 1.71319 -3.01052 33.7408
1022029 8.77544 12.4301 4.8369 7.75456 4.86161 -3.82316 33.797
1022036 8.10858 13.9791 3.825 8.37415 7.5974 -4.32608 34.2868
1022062 7.53837 15.4607 3.12679 8.92597 9.78657 -4.68433 35.0518
1022067 7.53837 15.4607 3.12679 8.92597 9.78657 -4.68433 35.0518
1022077 6.99716 16.7114 2.6006 9.20672 11.4881 -5.02644 35.5158
1022087 6.42695 17.7366 2.29702 9.47779 12.8626 -5.17084 35.9384
1022113 5.66344 18.4828 2.11488 9.61333 14.159 -5.1923 35.8745
1022118 5.05458 19.0473 1.97321 9.69077 15.1753 -5.21637 35.7658
1022128 5.05458 19.0473 1.97321 9.69077 15.1753 -5.21637 35.7658
1022138 4.39738 19.5065 1.76071 9.85535 16.3315 -5.18911 35.5199
1022152 3.82717 19.8413 1.57857 9.79727 17.2873 -5.26161 35.0443
1022158 3.82717 19.8413 1.57857 9.79727 17.2873 -5.26161 35.0443
1022174 3.32462 20.157 1.40655 9.73918 18.1685 -5.34371 34.6273
1022178 3.32462 20.157 1.40655 9.73918 18.1685 -5.34371 34.6273
1022198 2.83172 20.2622 1.4369 9.83599 18.7896 -5.15951 34.3669
1022206 2.6481 20.2622 1.44702 9.99089 19.0388 -5.01005 34.3482
1022216 2.6481 20.2622 1.44702 9.99089 19.0388 -5.01005 34.3482
1022225 2.63843 20.2622 1.61905 10.2813 18.8831 -4.74137 34.801
1022231 2.58044 20.1857 1.60893 10.4362 18.9827 -4.61962 34.8113
1022240 2.58044 20.1857 1.60893 10.4362 18.9827 -4.61962 34.8113
1022250 2.56111 20.0613 1.66964 10.4459 18.9105 -4.53693 34.738
1022260 2.56111 20.0613 1.66964 10.4459 18.9105 -4.53693 34.738
1022272 2.53212 19.8891 1.67976 10.4265 18.9007 -4.48119 34.5276
1022280 2.50313 19.6404 1.6494 10.4943 18.9445 -4.37473 34.2872
1022290 2.50313 19.6404 1.6494 10.4943 18.9445 -4.37473 34.2872
1022300 2.43547 19.5543 1.7506 10.6202 18.9086 -4.19916 34.3605
1022310 2.43547 19.5543 1.7506 10.6202 18.9086 -4.19916 34.3605
1022323 2.49346 19.4491 1.83155 10.6298 18.7144 -4.13375 34.4039
1022338 2.41615 19.3917 1.72024 10.6202 18.9435 -4.15867 34.1482
1022349 2.41615 19.3917 1.72024 10.6202 18.9435 -4.15867 34.1482
1022357 2.42581 19.229 1.66964 10.4459 18.9363 -4.23713 33.7704
1022365 2.4838 19.0568 1.76071 10.3878 18.7005 -4.18181 33.6892
1022373 2.4838 19.0568 1.76071 10.3878 18.7005 -4.18181 33.6892
1022381 2.41615 18.9612 1.79107 10.4265 18.7383 -4.08977 33.5949
1022397 2.41615 18.9612 1.79107 10.4265 18.7383 -4.08977 33.5949
1022401 2.39682 18.8368 1.74048 10.4749 18.8155 -4.04415 33.449
1022411 2.39682 18.7316 1.88214 10.6976 18.6529 -3.80411 33.7081
1022421 2.39682 18.7316 1.88214 10.6976 18.6529 -3.80411 33.7081
1022431 2.36782 18.655 1.98333 10.8622 18.5764 -3.62167 33.8684
1022446 2.36782 18.4637 2.125 11.0849 18.4009 -3.35842 34.0414
1022452 2.36782 18.4637 2.125 11.0849 18.4009 -3.35842 34.0414
1022468 2.36782 18.2628 2.21607 11.4043 18.3084 -3.07008 34.251
1022472 2.36782 18.2628 2.21607 11.4043 18.3084 -3.07008 34.251
1022482 2.26151 17.9758 2.32738 11.7819 18.3197 -2.67627 34.3466
1022497 3.03468 17.8897 2.55 12.1014 17.151 -2.64493 35.5757
1022503 3.03468 17.8897 2.55 12.1014 17.151 -2.64493 35.5757
1022515 3.18931 17.4783 2.75238 12.2853 16.6795 -2.36517 35.7053
1022523 3.73053 16.8172 2.975 12.3434 15.652 -2.18702 35.8661
1022538 3.73053 16.8172 2.975 12.3434 15.652 -2.18702 35.8661
1022544 4.58101 16.3458 3.12679 12.2659 14.3889 -2.28557 36.3195
1022553 4.58101 16.3458 3.12679 12.2659 14.3889 -2.28557 36.3195
1022568 5.67311 15.8263 3.37976 11.9562 12.7117 -2.50987 36.8353
1022575 6.78454 15.5761 4.17917 11.4721 10.5786 -2.64761 38.0119
1022586 6.78454 15.5761 4.17917 11.4721 10.5786 -2.64761 38.0119
1022595 7.83798 15.3067 5.64643 11.1913 8.13711 -2.36614 39.9825
1022610 8.28255 14.7006 6.15238 10.4072 6.74768 -2.43671 39.5427
1022615 8.28255 14.7006 6.15238 10.4072 6.74768 -2.43671 39.5427
1022625 8.38886 13.8732 5.91964 9.35194 5.93911 -2.79369 37.5337
1022639 8.38886 13.8732 5.91964 9.35194 5.93911 -2.79369 37.5337
1022646 8.33087 12.7476 5.66667 8.37415 5.07143 -3.00589 35.1193
1022660 8.46617 11.6989 5.84881 7.53189 3.66352 -3.03364 33.5458
1022666 8.46617 11.6989 5.84881 7.53189 3.66352 -3.03364 33.5458
1022685 8.84309 10.6118 6.38512 6.81549 1.68352 -2.87284 32.6555
1022688 9.5776 9.62083 7.61964 6.33144 -0.938915 -2.3744 33.1495
1022696 9.5776 9.62083 7.61964 6.33144 -0.938915 -2.3744 33.1495
1022715 10.4764 8.72609 9.02619 5.82802 -3.63254 -1.91517 34.0567
1022733 10.4764 8.72609 9.02619 5.82802 -3.63254 -1.91517 34.0567
1022734 11.3366 7.79287 10.5643 5.48918 -6.12428 -1.31142 35.1829
1022737 12.0807 6.85965 11.9506 5.03417 -8.44639 -0.816536 35.9251
1022758 12.0807 6.85965 11.9506 5.03417 -8.44639 -0.816536 35.9251
1022760 12.7283 5.93605 13.094 4.71469 -10.3992 -0.351861 36.473
1022767 13.1728 5.08942 13.8935 4.58884 -11.8303 0.089829 36.7445
1022782 13.1728 5.08942 13.8935 4.58884 -11.8303 0.089829 36.7445
1022787 13.5497 4.28127 14.4804 4.44362 -13.131 0.446048 36.755
1022797 13.5497 4.28127 14.4804 4.44362 -13.131 0.446048 36.755
1022808 13.7527 3.64629 14.8042 4.35649 -14.0552 0.722791 36.5597
1022817 13.9267 3.08829 14.9863 4.36617 -14.7512 0.964131 36.3674
1022845 14.062 2.69383 14.9357 4.0951 -15.5147 0.953577 35.7866
1022858 14.1393 2.50141 14.6423 3.95957 -15.8335 0.834702 35.2425
1022868 14.2553 2.48217 14.1464 3.74658 -16.0068 0.500532 34.6304
1022882 14.2553 2.48217 14.1464 3.74658 -16.0068 0.500532 34.6304
1022888 14.3906 2.45331 13.7518 3.63041 -16.1124 0.235925 34.2261
1022898 14.4486 2.41483 13.4179 3.47551 -16.2753 0.013327 33.7567
1022909 14.4486 2.41483 13.4179 3.47551 -16.2753 0.013327 33.7567
1022918 14.5355 2.46293 13.0232 3.3303 -16.315 -0.290067 33.352
1022935 14.6612 2.48217 12.8411 3.24317 -16.3847 -0.478115 33.2276
1022939 14.6612 2.48217 12.8411 3.24317 -16.3847 -0.478115 33.2276
1022950 14.8545 2.53028 12.6589 3.1754 -16.412 -0.700085 33.2191
1022961 14.8545 2.53028 12.6589 3.1754 -16.412 -0.700085 33.2191
1022969 14.9028 2.5399 12.5577 3.05923 -16.5318 -0.828376 33.0597
1022986 15.0091 2.56876 12.5679 3.06891 -16.5133 -0.876613 33.2146
1022991 15.0091 2.56876 12.5679 3.06891 -16.5133 -0.876613 33.2146
1023001 15.2024 2.70345 12.5274 3.10763 -16.3373 -1.01555 33.5409
1023011 15.328 2.65535 12.6286 3.10763 -16.4545 -0.999645 33.7196
1023038 15.4343 2.68421 12.6792 3.06891 -16.5062 -1.04991 33.8666
1023047 15.4343 2.68421 12.6792 3.06891 -16.5062 -1.04991 33.8666
1023061 15.4923 2.68421 12.6185 3.18508 -16.3636 -1.04753 33.9801
1023064 15.5793 2.76118 12.8208 3.15604 -16.3787 -1.03313 34.3174
1023073 15.5793 2.76118 12.8208 3.15604 -16.3787 -1.03313 34.3174
1023086 15.5986 2.73231 12.8512 3.2238 -16.3443 -0.983531 34.4059
1023102 15.56 2.74194 12.8917 3.21412 -16.3449 -0.957398 34.4077
1023111 15.56 2.74194 12.8917 3.21412 -16.3449 -0.957398 34.4077
1023115 15.6856 2.75156 12.8714 3.2238 -16.3482 -1.01728 34.5324
1023123 15.8886 3.54046 13.0435 3.57232 -15.1334 -1.17073 36.0448
1023136 15.8886 3.54046 13.0435 3.57232 -15.1334 -1.17073 36.0448
1023143 16.0625 4.35823 13.0435 4.32745 -13.5085 -1.21053 37.7917
1023153 16.0625 4.35823 13.0435 4.32745 -13.5085 -1.21053 37.7917
1023168 16.0045 5.73401 12.9524 5.89579 -10.6729 -1.06823 40.5867
1023175 15.3957 7.00396 12.0821 7.10592 -8.03599 -1.15836 41.5877
1023187 15.3957 7.00396 12.0821 7.10592 -8.03599 -1.15836 41.5877
1023195 14.2263 8.09111 10.3417 7.14465 -5.86137 -1.82059 39.8037
1023212 12.506 8.86078 8.35833 6.69932 -3.64056 -2.59816 36.4244
1023220 12.506 8.86078 8.35833 6.69932 -3.64056 -2.59816 36.4244
1023226 10.834 9.58234 6.68869 6.69932 -0.917801 -3.11868 33.8043
1023238 10.834 9.58234 6.68869 6.69932 -0.917801 -3.11868 33.8043
1023246 9.58727 10.5156 5.4744 7.21241 2.03289 -3.39254 32.7896
1023263 8.7851 11.622 4.65476 7.9869 4.66659 -3.52452 33.0487
1023271 8.7851 11.622 4.65476 7.9869 4.66659 -3.52452 33.0487
1023277 7.97328 12.6514 4.12857 8.90661 7.02331 -3.38214 33.6598
1023289 7.20011 13.4788 3.96667 9.9328 8.85293 -2.9409 34.5784
1023297 7.20011 13.4788 3.96667 9.9328 8.85293 -2.9409 34.5784
1023315 6.57192 14.2677 3.78452 10.4265 10.2265 -2.8367 35.0507
1023317 6.57192 14.2677 3.78452 10.4265 10.2265 -2.8367 35.0507
1023327 6.11768 14.7487 3.60238 10.8525 11.2405 -2.7228 35.3213
1023342 5.5668 15.2105 3.58214 11.0752 12.0904 -2.59069 35.4346
1023348 5.5668 15.2105 3.58214 11.0752 12.0904 -2.59069 35.4346
1023369 4.95793 15.5473 3.33929 11.0945 13.1261 -2.60656 34.939
1023370 4.39738 15.8263 3.21786 11.3172 14.0456 -2.45489 34.7587
1023383 4.39738 15.8263 3.21786 11.3172 14.0456 -2.45489 34.7587
1023394 3.8465 16.2207 3.20774 11.5011 14.8576 -2.31122 34.7761
1023400 3.50824 16.519 3.06607 11.5592 15.5139 -2.33832 34.6525
1023420 3.2473 16.721 2.96488 11.6657 16.0226 -2.31411 34.5989
1023449 3.2473 16.721 2.96488 11.6657 16.0226 -2.31411 34.5989
1023450 3.13132 17.1435 2.8131 11.5592 16.4215 -2.55541 34.6471
1023456 3.18931 17.3731 2.8131 11.414 16.3733 -2.73156 34.7895
1023464 3.18931 17.3731 2.8131 11.414 16.3733 -2.73156 34.7895
1023477 3.2473 17.6027 2.7625 11.2688 16.3854 -2.93225 34.8813
1023488 3.31495 17.6601 2.77262 11.1817 16.2859 -3.01499 34.9293
1023504 3.31495 17.6601 2.77262 11.1817 16.2859 -3.01499 34.9293
1023506 3.45026 17.6123 2.7625 11.1623 16.1214 -3.06013 34.9873
1023512 3.45026 17.6123 2.7625 11.1623 16.1214 -3.06013 34.9873
1023522 3.36327 17.6218 2.74226 11.1333 16.2429 -3.05915 34.8606
1023533 3.33428 17.5549 2.73214 11.0849 16.2603 -3.05658 34.7061
1023560 3.33428 17.4496 2.70179 11.0364 16.2577 -3.06138 34.5221
1023563 3.31495 17.287 2.7119 11.0171 16.2224 -3.00296 34.3309
1023574 3.31495 17.287 2.7119 11.0171 16.2224 -3.00296 34.3309
1023589 3.20864 17.0478 2.67143 11.0364 16.3438 -2.89212 33.9643
1023598 3.20864 17.0478 2.67143 11.0364 16.3438 -2.89212 33.9643
1023605 3.083 16.7595 2.84345 11.2107 16.258 -2.56146 33.8966
1023616 2.99602 16.4709 2.82321 11.3946 16.3622 -2.33741 33.6847
1023625 2.99602 16.4709 2.82321 11.3946 16.3622 -2.33741 33.6847
1023644 2.93803 16.2015 2.98512 11.6754 16.2379 -1.98771 33.8
1023645 2.74474 15.8455 3.12679 11.9949 16.2916 -1.54333 33.7119
1023654 2.74474 15.8455 3.12679 11.9949 16.2916 -1.54333 33.7119
1023672 2.65776 15.5857 3.32917 12.4208 16.194 -1.10028 33.9935
1023676 2.65776 15.5857 3.32917 12.4208 16.194 -1.10028 33.9935
1023685 2.6481 15.2875 3.55179 13.0114 16.0143 -0.596723 34.4988
1023700 2.4838 14.9989 3.71369 13.4954 16.0678 -0.118268 34.6918
1023706 2.4838 14.9989 3.71369 13.4954 16.0678 -0.118268 34.6918
1023724 2.37749 14.6525 3.79464 13.7181 16.066 0.209629 34.5428
1023727 2.36782 14.0464 4.27024 14.2312 15.4942 0.896682 34.9157
1023752 3.18931 13.7097 4.56369 14.6185 14.2562 0.949175 36.0811
1023756 3.18931 13.7097 4.56369 14.6185 14.2562 0.949175 36.0811
1023766 3.48891 13.5173 4.79643 14.4829 13.5831 0.939701 36.2855
1023779 4.23309 13.4018 5.11012 14.2022 12.356 0.680993 36.9472
1023808 4.23309 13.4018 5.11012 14.2022 12.356 0.680993 36.9472
1023811 4.79363 13.2286 5.42381 13.8536 11.3036 0.50477 37.2997
1023812 5.36384 12.7572 6.1119 13.4761 9.78382 0.583518 37.709
1023836 5.94372 12.2281 7.04286 13.2147 8.10331 0.814129 38.4293
1023839 5.94372 12.2281 7.04286 13.2147 8.10331 0.814129 38.4293
1023848 6.34963 11.5258 7.82202 12.779 6.58399 1.06261 38.4764
1023864 6.59125 10.6599 8.11548 11.9562 5.29791 1.13356 37.3227
1023868 6.59125 10.6599 8.11548 11.9562 5.29791 1.13356 37.3227
1023878 6.76521 9.75552 8.09524 10.9396 4.10252 1.06065 35.5556
1023893 6.9585 8.83192 8.16607 9.95216 2.69807 1.02975 33.9087
1023904 6.9585 8.83192 8.16607 9.95216 2.69807 1.02975 33.9087
1023919 7.26777 8.01415 8.54048 9.10023 0.991821 1.0747 32.9226
1023934 7.722 7.206 9.35 8.38383 -1.13449 1.28858 32.6618
1023947 8.3502 6.59989 10.1899 7.72551 -3.20601 1.35339 32.8655
1023976 9.04605 6.10922 11.1006 7.00911 -5.28206 1.33223 33.265
1023978 9.67425 5.83022 12.1125 6.43793 -6.98769 1.34164 34.0549
1024003 10.4957 5.80136 13.0637 5.8861 -8.42057 1.12891 35.2469
1024006 11.3172 5.80136 13.853 5.66344 -9.35267 0.981778 36.635
1024019 11.3172 5.80136 13.853 5.66344 -9.35267 0.981778 36.635
1024021 12.0517 5.83984 14.3792 5.58599 -9.90911 0.821616 37.8567
1024035 12.0517 5.83984 14.3792 5.58599 -9.90911 0.821616 37.8567
1024042 12.419 5.59932 14.5917 5.39237 -10.5381 0.775897 38.0023
1024052 12.7379 5.28183 14.6524 5.26651 -11.0981 0.750874 37.9386
1024067 12.7379 5.28183 14.6524 5.26651 -11.0981 0.750874 37.9386
1024073 12.7959 4.78155 14.4804 5.06321 -11.7396 0.794472 37.121
1024082 12.7089 4.30051 14.2577 4.80182 -12.3821 0.852587 36.069
1024095 12.7089 4.30051 14.2577 4.80182 -12.3821 0.852587 36.069
1024102 12.6316 3.83871 14.1161 4.55011 -13.0625 0.937428 35.1365
1024112 12.6316 3.83871 14.1161 4.55011 -13.0625 0.937428 35.1365
1024130 12.448 3.36729 13.9542 4.41458 -13.6177 1.12047 34.184
1024138 12.3127 3.02094 13.9542 4.42426 -13.9577 1.35477 33.712
1024155 12.3127 3.02094 13.9542 4.42426 -13.9577 1.35477 33.712
1024158 12.2837 2.83814 13.9643 4.41458 -14.1753 1.45835 33.5007
1024166 12.216 2.84776 14.2071 4.55011 -14.0632 1.63809 33.8211
1024184 12.216 2.84776 14.2071 4.55011 -14.0632 1.63809 33.8211
1024193 12.2837 2.80928 14.3286 4.59852 -14.1126 1.69053 34.0201
1024196 12.2837 2.80928 14.3286 4.59852 -14.1126 1.69053 34.0201
1024214 12.3223 2.83814 14.3185 4.62756 -14.0553 1.66487 34.1065
1024216 12.303 2.83814 14.369 4.69533 -13.9879 1.72043 34.2055
1024225 12.303 2.83814 14.369 4.69533 -13.9879 1.72043 34.2055
1024244 12.2064 2.83814 14.45 4.66629 -14.016 1.78792 34.1608
1024249 12.216 2.87663 14.5714 4.77278 -13.8936 1.85189 34.4369
1024256 12.216 2.87663 14.5714 4.77278 -13.8936 1.85189 34.4369
1024273 12.158 2.84776 14.6726 4.80182 -13.9073 1.944 34.4803
1024276 12.158 2.84776 14.6726 4.80182 -13.9073 1.944 34.4803
1024286 12.0614 2.79004 14.6625 4.7631 -13.9822 2.0017 34.277
1024302 11.9841 2.79004 14.5815 4.77278 -13.9201 2.01307 34.1284
1024308 11.9841 2.79004 14.5815 4.77278 -13.9201 2.01307 34.1284
1024317 11.8971 2.76118 14.5411 4.79214 -13.8894 2.06299 33.9915
1024332 11.6362 2.65535 14.5512 4.80182 -13.9177 2.25661 33.6445
1024337 11.6362 2.65535 14.5512 4.80182 -13.9177 2.25661 33.6445
1024347 11.5009 2.60724 14.6119 4.74374 -14.0165 2.35219 33.4637
1024363 11.5009 2.60724 14.6119 4.74374 -14.0165 2.35219 33.4637
1024372 11.2592 2.5399 14.6625 4.84055 -13.919 2.56916 33.3022
1024378 11.1626 3.2807 14.6018 5.13098 -12.6936 2.32157 34.1761
1024392 11.1626 3.2807 14.6018 5.13098 -12.6936 2.32157 34.1761
1024398 10.9596 4.32937 14.1363 5.33428 -11.0993 1.8045 34.7596
1024408 10.9113 6.36899 13.428 5.48918 -8.62016 0.678302 36.1975
1024421 10.9113 6.36899 13.428 5.48918 -8.62016 0.678302 36.1975
1024429 10.6407 8.41822 12.6792 5.84738 -6.02245 -0.212469 37.5855
1024451 10.6407 8.41822 12.6792 5.84738 -6.02245 -0.212469 37.5855
1024453 10.2251 10.1115 11.7887 6.5541 -3.45677 -0.773211 38.6794
1024459 9.86754 11.622 10.4935 7.2221 -0.96731 -1.44393 39.205
1024481 9.86754 11.622 10.4935 7.2221 -0.96731 -1.44393 39.205
1024481 9.278 12.5359 8.90476 7.13497 0.982827 -2.2881 37.8537
1024494 8.58215 13.3441 7.15417 6.61219 2.95576 -3.42923 35.6926
1024511 8.58215 13.3441 7.15417 6.61219 2.95576 -3.42923 35.6926
1024512 7.95395 14.1619 5.58571 6.1959 5.02847 -4.573 33.8974
1024521 7.33542 14.9604 4.4119 6.15718 7.12785 -5.35224 32.8649
1024541 7.33542 14.9604 4.4119 6.15718 7.12785 -5.35224 32.8649
1024549 6.91984 15.8936 3.59226 6.49601 9.025 -5.80145 32.9017
1024572 6.91984 15.8936 3.59226 6.49601 9.025 -5.80145 32.9017
1024572 6.54292 16.7018 3.04583 7.21241 10.6897 -5.81431 33.5029
1024575 6.10802 17.4114 2.90417 8.11276 11.9526 -5.43014 34.5363
1024583 6.10802 17.4114 2.90417 8.11276 11.9526 -5.43014 34.5363
1024602 5.71177 18.0715 2.67143 8.99374 13.1755 -5.12777 35.4484
1024605 5.2672 18.6072 2.46905 9.55524 14.2249 -4.95148 35.8987
1024617 5.2672 18.6072 2.46905 9.55524 14.2249 -4.95148 35.8987
1024633 4.67766 19.0951 2.22619 10.0006 15.4112 -4.8109 35.9995
1024636 4.67766 19.0951 2.22619 10.0006 15.4112 -4.8109 35.9995
1024643 4.03013 19.583 1.94286 10.262 16.662 -4.77763 35.818
1024664 3.39227 19.7169 1.71012 10.504 17.7776 -4.62659 35.3233
1024668 3.39227 19.7169 1.71012 10.504 17.7776 -4.62659 35.3233
1024674 2.85105 19.9274 1.51786 10.6686 18.7524 -4.544 34.9649
1024695 2.47413 20.1666 1.38631 10.8815 19.4706 -4.45715 34.9086
1024699 2.47413 20.1666 1.38631 10.8815 19.4706 -4.45715 34.9086
1024704 2.06822 20.3962 1.16369 11.1139 20.3487 -4.3982 34.742
1024724 2.06822 20.3962 1.16369 11.1139 20.3487 -4.3982 34.742
1024727 1.89426 20.5205 1.23452 11.3946 20.5359 -4.18858 35.044
1024736 1.7203 20.6545 1.28512 11.9755 20.7831 -3.83641 35.6354
1024763 1.68164 20.5684 1.42679 12.4886 20.7025 -3.45687 36.1654
1024783 1.66231 20.3675 1.4875 12.779 20.661 -3.20828 36.2963
1024783 1.66231 20.3675 1.4875 12.779 20.661 -3.20828 36.2963
1024789 1.527 20.0231 1.54821 12.8371 20.7212 -2.99067 35.9354
1024796 1.527 20.0231 1.54821 12.8371 20.7212 -2.99067 35.9354
1024813 1.44969 19.6404 1.60893 12.9146 20.7058 -2.76576 35.6136
1024817 1.34338 19.2003 1.4875 12.9823 20.9575 -2.60208 35.0136
1024844 1.28539 18.8272 1.5381 13.0211 20.9283 -2.40258 34.6718
1024847 1.19841 18.502 1.5381 13.0211 21.0062 -2.251 34.2595
1024874 1.19841 18.502 1.5381 13.0211 21.0062 -2.251 34.2595
1024877 1.00512 18.2628 1.5381 13.0598 21.2452 -2.06847 33.8658
1024879 1.04377 17.9854 1.57857 13.1953 21.1211 -1.88825 33.803
1024906 1.04377 17.9854 1.57857 13.1953 21.1211 -1.88825 33.803
1024907 0.947129 17.7845 1.72024 13.5535 21.078 -1.52527 34.0054
1024909 0.947129 17.7845 1.72024 13.5535 21.078 -1.52527 34.0054
1024937 0.956794 17.6218 1.7506 13.8633 21.041 -1.30059 34.1925
1024938 0.860148 17.3827 1.83155 14.1441 21.0669 -0.993844 34.2184
1024940 0.860148 17.3827 1.83155 14.1441 21.0669 -0.993844 34.2184
1024949 0.821489 17.287 1.9631 14.3667 20.9571 -0.774712 34.4383
1024969 0.831154 17.067 1.94286 14.4539 20.9556 -0.656684 34.2949
1024971 0.831154 17.067 1.94286 14.4539 20.9556 -0.656684 34.2949
1024979 0.753837 16.7306 2.04405 14.6088 20.902 -0.365424 34.1373
1025002 0.753837 16.7306 2.04405 14.6088 20.902 -0.365424 34.1373
1025005 0.80216 16.4901 2.125 14.7056 20.7109 -0.202947 34.1228
1025011 0.792496 16.2207 2.15536 14.7443 20.6538 -0.0502235 33.9129
1025035 0.792496 16.2207 2.15536 14.7443 20.6538 -0.0502235 33.9129
1025036 0.956794 16.0668 2.53988 14.8798 19.924 0.172521 34.4433
1025042 1.92325 16.0187 2.87381 14.7927 18.2642 -0.116016 35.6084
1025066 1.92325 16.0187 2.87381 14.7927 18.2642 -0.116016 35.6084
1025067 2.79306 15.6916 3.15714 14.3571 16.7356 -0.404358 35.9988
1025072 2.79306 15.6916 3.15714 14.3571 16.7356 -0.404358 35.9988
1025082 3.69187 15.1239 3.6631 13.8246 14.8702 -0.548754 36.3035
1025098 4.91927 14.4024 4.91786 13.3986 11.932 -0.400587 37.6381
1025102 4.91927 14.4024 4.91786 13.3986 11.932 -0.400587 37.6381
1025112 6.12735 13.6808 6.5369 12.9533 8.88705 -0.12136 39.2984
1025130 6.87152 12.5263 7.47798 11.9368 6.51439 0.0065428 38.8126
1025136 6.87152 12.5263 7.47798 11.9368 6.51439 0.0065428 38.8126
1025145 7.18078 11.1602 7.58929 10.4749 4.71432 -0.114016 36.4052
1025162 7.18078 11.1602 7.58929 10.4749 4.71432 -0.114016 36.4052
1025163 7.51904 9.94793 7.56905 9.07118 2.88137 -0.363595 34.1072
1025173 7.90563 9.02433 7.82202 7.91913 0.930348 -0.545805 32.6711
1025195 7.90563 9.02433 7.82202 7.91913 0.930348 -0.545805 32.6711
1025196 8.43718 8.31239 8.39881 6.95103 -1.22477 -0.654097 32.0994
1025210 9.03638 7.88908 9.48155 6.34112 -3.27327 -0.505127 32.7481
1025228 9.03638 7.88908 9.48155 6.34112 -3.27327 -0.505127 32.7481
1025229 9.80955 7.63894 10.6655 5.81834 -5.17041 -0.426442 33.9323
1025237 9.80955 7.63894 10.6655 5.81834 -5.17041 -0.426442 33.9323
1025261 10.4571 7.38879 11.9101 5.6344 -6.60067 -0.127729 35.3904
1025263 11.1046 6.95586 13.1042 5.53759 -7.97999 0.237569 36.7022
1025266 11.1046 6.95586 13.1042 5.53759 -7.97999 0.237569 36.7022
1025276 11.6845 6.55178 13.9542 5.4795 -9.03065 0.4768 37.6699
1025294 12.187 5.83022 14.5815 5.38269 -10.239 0.768918 37.9815
1025297 12.187 5.83022 14.5815 5.38269 -10.239 0.768918 37.9815
1025306 12.6026 4.95473 14.9155 5.19875 -11.5237 1.0181 37.6716
1025325 12.6026 4.95473 14.9155 5.19875 -11.5237 1.0181 37.6716
1025333 12.7959 4.03113 15.1077 4.89863 -12.8782 1.29475 36.8334
1025341 12.9989 3.29994 15.1685 4.64692 -13.9976 1.46061 36.1142
1025357 12.9989 3.29994 15.1685 4.64692 -13.9976 1.46061 36.1142
1025359 13.0569 2.72269 15.381 4.6082 -14.7524 1.76534 35.7687
1025367 13.1535 2.49179 15.219 4.46298 -15.1567 1.714 35.3273
1025389 13.1535 2.49179 15.219 4.46298 -15.1567 1.714 35.3273
1025390 13.0665 2.38596 15.0065 4.29841 -15.3843 1.66258 34.7574
1025423 13.0665 2.38596 15.0065 4.29841 -15.3843 1.66258 34.7574
1025424 12.9795 2.309 14.794 4.20159 -15.505 1.62193 34.2842
1025425 13.0182 2.27051 14.703 4.17255 -15.5705 1.57481 34.1642
1025428 13.0182 2.27051 14.703 4.17255 -15.5705 1.57481 34.1642
1025438 13.0279 2.25127 14.6321 4.10478 -15.6573 1.52478 34.0161
1025457 12.9892 2.26089 14.5208 3.95957 -15.7792 1.43652 33.7305
1025469 12.8056 2.17431 14.4804 3.93052 -15.8585 1.5413 33.3908
1025487 12.8056 2.17431 14.4804 3.93052 -15.8585 1.5413 33.3908
1025489 12.7186 2.22241 14.5613 4.05638 -15.6451 1.6434 33.5587
1025499 12.6896 2.11658 14.6726 4.10478 -15.7375 1.77374 33.5836
1025526 12.5446 2.14544 14.7637 4.0467 -15.7581 1.84489 33.5005
1025531 12.4576 2.08772 14.7839 4.13383 -15.7039 1.95994 33.4631
1025553 12.4576 2.08772 14.7839 4.13383 -15.7039 1.95994 33.4631
1025554 12.3127 2.04924 14.9155 4.23064 -15.6293 2.14167 33.508
1025561 12.1387 1.96265 15.1482 4.36617 -15.5865 2.4154 33.6157
1025582 12.1387 1.96265 15.1482 4.36617 -15.5865 2.4154 33.6157
1025583 12.0517 2.00113 15.4923 4.50171 -15.4502 2.61747 34.0468
1025592 12.0517 2.00113 15.4923 4.50171 -15.4502 2.61747 34.0468
1025613 11.8584 1.96265 15.6238 4.54043 -15.4325 2.79966 33.9853
1025614 11.7618 1.8953 15.6137 4.61788 -15.3903 2.91003 33.8887
1025640 11.7618 1.8953 15.6137 4.61788 -15.3903 2.91003 33.8887
1025641 11.5975 1.85682 15.6542 4.62756 -15.3895 3.03566 33.736
1025643 11.5492 1.87606 15.8363 4.87927 -15.1067 3.20306 34.1408
1025653 11.5492 1.87606 15.8363 4.87927 -15.1067 3.20306 34.1408
1025672 11.8971 2.96321 15.6542 4.9664 -13.8255 2.43522 35.4809
1025673 11.8971 2.96321 15.6542 4.9664 -13.8255 2.43522 35.4809
1025683 11.9744 3.89643 15.553 6.14749 -11.6335 2.32742 37.5713
1025706 12.1097 5.39728 16.0994 9.19704 -7.95193 2.72973 42.8034
1025708 12.1097 5.39728 16.0994 9.19704 -7.95193 2.72973 42.8034
1025713 11.7231 5.99377 15.0774 9.60364 -6.60592 2.46384 42.3979
1025723 10.9983 6.50368 12.6488 7.79328 -6.16048 1.16228 37.9441
1025749 10.3701 6.82117 10.6857 6.17654 -5.91577 -0.144923 34.0535
1025754 10.3701 6.82117 10.6857 6.17654 -5.91577 -0.144923 34.0535
1025776 9.93519 7.36955 9.32976 5.55695 -4.92246 -1.12671 32.1915
1025779 9.56794 8.09111 8.31786 5.69248 -3.2383 -1.72819 31.6694
1025785 9.56794 8.09111 8.31786 5.69248 -3.2383 -1.72819 31.6694
1025810 9.31666 9.16865 7.56905 6.10877 -1.2501 -2.24208 32.1631
1025811 9.02672 10.3713 6.97202 6.8639 0.930074 -2.51041 33.2339
1025844 8.66913 11.5258 6.36488 7.86105 3.16145 -2.60117 34.4208
1025846 8.66913 11.5258 6.36488 7.86105 3.16145 -2.60117 34.4208
1025847 8.09892 12.6129 5.82857 8.92597 5.36521 -2.51955 35.4664
1025856 7.48039 13.6808 5.27202 9.64237 7.32543 -2.59738 36.0756
1025880 7.48039 13.6808 5.27202 9.64237 7.32543 -2.59738 36.0756
1025881 6.70722 14.5274 4.60417 10.2136 9.31257 -2.66984 36.0524
1025886 5.76009 15.3452 4.02738 10.6782 11.3345 -2.68061 35.8109
1025896 5.76009 15.3452 4.02738 10.6782 11.3345 -2.68061 35.8109
1025916 4.99659 16.1341 3.67321 11.1139 12.9311 -2.64922 35.9178
1025917 4.99659 16.1341 3.67321 11.1139 12.9311 -2.64922 35.9178
1025927 4.45537 16.7595 3.4 11.4431 14.1073 -2.65065 36.0579
1025949 3.98181 17.2296 3.21786 11.6367 15.0187 -2.64386 36.0659
1025950 3.98181 17.2296 3.21786 11.6367 15.0187 -2.64386 36.0659
1025957 3.63388 17.574 2.98512 11.6948 15.7782 -2.72851 35.8878
1025985 3.37294 17.8036 2.85357 11.8303 16.3184 -2.71581 35.8604
1025987 3.37294 17.8036 2.85357 11.8303 16.3184 -2.71581 35.8604
1025996 3.37294 18.0619 2.85357 11.8884 16.3943 -2.77507 36.1768
1026014 3.37294 18.0619 2.85357 11.8884 16.3943 -2.77507 36.1768
1026016 3.40193 18.1193 2.95476 11.9077 16.2644 -2.74521 36.3837
1026024 3.4116 18.1384 2.89405 11.7238 16.2828 -2.875 36.1679
1026028 3.4116 18.1384 2.89405 11.7238 16.2828 -2.875 36.1679
1026048 3.40193 18.0906 2.75238 11.4624 16.3823 -3.05725 35.7073
1026049 3.3826 18.0523 2.61071 11.1429 16.484 -3.27434 35.1886
1026059 3.3826 18.0523 2.61071 11.1429 16.484 -3.27434 35.1886
1026077 3.42126 17.8801 2.51964 10.7944 16.4187 -3.46117 34.6155
1026091 3.42126 17.8801 2.51964 10.7944 16.4187 -3.46117 34.6155
1026091 3.34395 17.794 2.52976 10.6782 16.4492 -3.46327 34.346
1026113 3.36327 17.5644 2.45893 10.6492 16.447 -3.44618 34.0358
1026119 3.28596 17.4305 2.50952 10.6589 16.4483 -3.34134 33.8849
1026144 3.22797 17.1531 2.63095 10.7944 16.3346 -3.08625 33.8064
1026145 3.22797 17.1531 2.63095 10.7944 16.3346 -3.08625 33.8064
1026151 3.14099 16.9423 2.72202 10.9687 16.3202 -2.83912 33.774
1026161 3.14099 16.9423 2.72202 10.9687 16.3202 -2.83912 33.774
1026180 3.112 16.6248 2.91429 11.201 16.0991 -2.4909 33.8521
1026181 3.04434 16.2881 3.14702 11.5883 15.9131 -2.02411 34.0677
1026192 3.04434 16.2881 3.14702 11.5883 15.9131 -2.02411 34.0677
1026217 3.03468 15.9321 3.28869 11.9368 15.7532 -1.64129 34.1922
1026218 2.92837 15.5665 3.46071 12.1885 15.6439 -1.25014 34.1441
1026254 2.87038 15.2009 3.69345 12.4692 15.4133 -0.836267 34.234
1026255 2.87038 15.2009 3.69345 12.4692 15.4133 -0.836267 34.234
1026256 2.88005 14.8449 3.81488 12.6822 15.2184 -0.538191 34.2221
1026263 2.81239 14.4793 4.02738 12.992 15.0327 -0.119055 34.3111
1026289 2.81239 14.4793 4.02738 12.992 15.0327 -0.119055 34.3111
1026290 2.70608 14.0849 4.18929 13.1856 14.909 0.25638 34.1659
1026293 2.75441 13.5846 4.45238 13.3696 14.4517 0.651163 34.161
1026303 2.75441 13.5846 4.45238 13.3696 14.4517 0.651163 34.161
1026328 3.26663 13.0747 4.71548 13.4954 13.4492 0.811635 34.5523
