1164954 9.61626 10.7657 7.7006 9.31321 1.8465 -1.35102 37.3958
1164963 9.88687 10.0345 8.67202 8.83884 0.210026 -0.965956 37.4323
1164972 9.88687 10.0345 8.67202 8.83884 0.210026 -0.965956 37.4323
1164981 9.89653 9.20713 9.26905 7.9385 -1.39072 -0.783278 36.3112
1164992 9.99318 8.26429 9.74464 7.00911 -3.18785 -0.644243 35.0112
1165001 9.99318 8.26429 9.74464 7.00911 -3.18785 -0.644243 35.0112
1165012 10.2638 7.47538 10.5137 6.16686 -5.18252 -0.461344 34.4197
1165020 10.2638 7.47538 10.5137 6.16686 -5.18252 -0.461344 34.4197
1165033 10.6407 6.85003 11.4143 5.58599 -6.97209 -0.213299 34.491
1165045 11.1046 6.48444 12.4667 5.31492 -8.3204 0.0816536 35.3706
1165055 11.1046 6.48444 12.4667 5.31492 -8.3204 0.0816536 35.3706
1165061 11.4622 6.26316 13.5089 5.26651 -9.20627 0.431535 36.5008
1165071 11.6652 5.92643 14.4702 5.42141 -9.86278 0.920441 37.4832
1165081 11.6652 5.92643 14.4702 5.42141 -9.86278 0.920441 37.4832
1165091 11.6748 5.50311 15.2595 5.59567 -10.4091 1.45029 38.0331
1165102 11.6748 5.50311 15.2595 5.59567 -10.4091 1.45029 38.0331
1165117 11.5782 4.897 15.8262 5.71184 -11.0458 1.99781 38.0132
1165125 11.4622 4.27165 15.9982 5.57631 -11.8019 2.34827 37.3084
1165133 11.4622 4.27165 15.9982 5.57631 -11.8019 2.34827 37.3084
1165145 11.2786 3.61743 15.9577 5.44077 -12.5212 2.6874 36.2945
1165153 11.1433 3.04018 15.8363 5.2762 -13.2191 2.9447 35.2959
1165167 11.1433 3.04018 15.8363 5.2762 -13.2191 2.9447 35.2959
1165174 11.0273 2.57838 15.7351 5.25683 -13.6767 3.20237 34.5976
1165187 11.008 2.57838 15.725 5.25683 -13.667 3.20909 34.5682
1165194 11.008 2.23203 15.725 5.11162 -14.2248 3.34392 34.0766
1165207 11.0756 2.14544 15.7756 5.14066 -14.3282 3.38129 34.1373
1165214 11.0756 2.14544 15.7756 5.14066 -14.3282 3.38129 34.1373
1165228 11.2689 2.17431 15.8464 5.11162 -14.4104 3.2767 34.4013
1165234 11.2496 2.17431 15.7958 5.18907 -14.3002 3.29611 34.4088
1165244 11.2496 2.17431 15.7958 5.18907 -14.3002 3.29611 34.4088
1165254 11.4719 2.21279 15.8161 5.1213 -14.4083 3.14224 34.622
1165284 11.3849 2.23203 15.806 5.11162 -14.3677 3.17103 34.5345
1165285 11.4235 2.19355 15.7655 5.08257 -14.4442 3.14708 34.4651
1165295 11.4235 2.19355 15.7655 5.08257 -14.4442 3.14708 34.4651
1165314 11.4332 2.25127 15.5429 5.00513 -14.4013 3.00746 34.2325
1165317 11.4429 2.25127 15.4417 4.99544 -14.384 2.9634 34.1312
1165325 11.4429 2.25127 15.4417 4.99544 -14.384 2.9634 34.1312
1165335 11.5588 2.21279 15.4315 4.93736 -14.5284 2.89858 34.1405
1165345 11.5588 2.21279 15.4315 4.93736 -14.5284 2.89858 34.1405
1165355 11.5782 2.24165 15.2798 4.86959 -14.5328 2.79497 33.9692
1165370 11.5878 2.21279 15.2595 4.8115 -14.631 2.77684 33.8717
1165379 11.5878 2.21279 15.2595 4.8115 -14.631 2.77684 33.8717
1165386 11.6458 2.27051 15.2798 4.83087 -14.5651 2.73061 34.027
1165400 11.6458 2.21279 15.4417 4.88895 -14.6141 2.83949 34.1892
1165406 11.6458 2.21279 15.4417 4.88895 -14.6141 2.83949 34.1892
1165420 11.8294 2.309 15.5429 4.88895 -14.5894 2.73068 34.5703
1165428 11.8294 2.309 15.5429 4.88895 -14.5894 2.73068 34.5703
1165440 11.9454 2.26089 15.4619 4.84055 -14.7107 2.64982 34.5088
1165448 12.0904 2.32824 15.4214 4.79214 -14.72 2.50992 34.6322
1165461 12.0904 2.32824 15.4214 4.79214 -14.72 2.50992 34.6322
1165468 12.2644 2.36672 15.2292 4.72437 -14.7482 2.30845 34.5846
1165478 12.506 2.41483 15.0167 4.67597 -14.7572 2.06791 34.6134
1165488 12.506 2.41483 15.0167 4.67597 -14.7572 2.06791 34.6134
1165504 12.9022 3.27108 14.8548 4.6082 -13.9449 1.38469 35.6363
1165513 13.0762 3.2807 14.4298 4.61788 -13.8452 1.14001 35.4045
1165519 13.0762 3.2807 14.4298 4.61788 -13.8452 1.14001 35.4045
1165529 13.3178 4.05999 13.9137 4.49203 -13.0503 0.430897 35.7835
1165555 13.6657 5.1279 13.2155 4.25968 -12.0583 -0.545289 36.2688
1165568 13.8687 6.10922 12.4565 4.18223 -10.947 -1.36787 36.6167
1165574 13.8687 6.10922 12.4565 4.18223 -10.947 -1.36787 36.6167
1165584 13.8977 6.94624 11.5964 3.98861 -9.99154 -2.16539 36.4289
1165594 13.9267 7.8987 10.706 4.07574 -8.64463 -2.88619 36.6071
1165600 13.9267 7.8987 10.706 4.07574 -8.64463 -2.88619 36.6071
1165615 13.7527 8.93775 9.86607 4.57916 -6.80065 -3.33044 37.1357
1165624 13.7527 8.93775 9.86607 4.57916 -6.80065 -3.33044 37.1357
1165634 13.5401 9.80362 8.925 4.95672 -5.17438 -3.81271 37.2254
1165641 13.0762 10.4963 7.94345 5.24715 -3.58794 -4.236 36.7631
1165670 12.39 11.0447 6.69881 5.14066 -2.05776 -4.93076 35.2742
1165680 11.7038 11.5642 5.66667 5.30524 -0.365803 -5.38675 34.2399
1165685 11.7038 11.5642 5.66667 5.30524 -0.365803 -5.38675 34.2399
1165698 10.9693 12.0549 4.96845 5.76993 1.39731 -5.45833 33.7626
1165713 10.4474 12.7476 4.49286 6.40888 3.09136 -5.40811 34.0967
1165723 10.0705 13.5557 4.21964 7.17369 4.59693 -5.23974 35.0196
1165736 10.0705 13.5557 4.21964 7.17369 4.59693 -5.23974 35.0196
1165744 9.63559 14.2484 3.96667 7.86105 5.95549 -5.06401 35.7117
1165754 8.9784 14.8738 3.75417 8.43223 7.33482 -4.85554 36.0386
1165767 8.9784 14.8738 3.75417 8.43223 7.33482 -4.85554 36.0386
1165774 8.22456 15.3548 3.52143 8.8098 8.64553 -4.6984 35.9106
1165801 7.37408 15.8166 3.27857 9.10991 10.0297 -4.55416 35.5792
1165805 6.37862 16.1726 2.9244 9.34226 11.6405 -4.43073 34.8179
1165832 5.46049 16.5093 2.74226 9.71982 13.0884 -4.14198 34.4319
1165837 4.57135 16.7691 2.62083 10.0393 14.4234 -3.82949 34.0006
1165845 4.57135 16.7691 2.62083 10.0393 14.4234 -3.82949 34.0006
1165856 3.93349 17.067 2.63095 10.4459 15.3683 -3.48778 34.0773
1165870 3.93349 17.067 2.63095 10.4459 15.3683 -3.48778 34.0773
1165878 3.5469 17.2296 2.65119 10.7654 15.9366 -3.2287 34.1931
1165886 3.43093 17.4209 2.68155 11.0558 16.1642 -3.08529 34.5892
1165898 3.43093 17.4209 2.68155 11.0558 16.1642 -3.08529 34.5892
1165906 3.39227 17.4783 2.78274 11.1913 16.1392 -2.96883 34.8447
1165920 3.37294 17.574 2.8131 11.2107 16.1554 -2.96954 34.9707
1165943 3.39227 17.4688 2.78274 11.1236 16.1195 -3.00054 34.7673
1165948 3.39227 17.4688 2.78274 11.1236 16.1195 -3.00054 34.7673
1165959 3.33428 17.287 2.75238 11.0849 16.1681 -2.95314 34.4585
1165968 3.23764 17.0765 2.69167 10.9687 16.2739 -2.93771 33.9745
1165978 3.23764 17.0765 2.69167 10.9687 16.2739 -2.93771 33.9745
1165988 3.19898 16.9904 2.72202 10.8912 16.2418 -2.91816 33.8026
1165998 3.23764 16.9519 2.7625 10.9009 16.1379 -2.89168 33.8529
1166018 3.23764 16.9519 2.7625 10.9009 16.1379 -2.89168 33.8529
1166019 3.23764 16.8942 2.80298 10.959 16.0889 -2.81903 33.8938
1166031 3.15065 16.8942 2.91429 10.959 16.0594 -2.72931 33.9181
1166048 3.15065 16.8268 2.91429 11.1526 16.0926 -2.60421 34.0444
1166056 3.26663 16.7883 2.975 11.414 15.9395 -2.46747 34.444
1166059 3.26663 16.7883 2.975 11.414 15.9395 -2.46747 34.444
1166069 3.26663 16.798 3.07619 11.5205 15.8503 -2.36629 34.6613
1166084 3.25696 16.7883 3.1369 11.6657 15.826 -2.25667 34.8479
1166097 3.25696 16.7883 3.1369 11.6657 15.826 -2.25667 34.8479
1166103 3.23764 16.6537 3.24821 11.8013 15.7188 -2.07858 34.9408
1166113 3.19898 16.3746 3.28869 11.9465 15.681 -1.86956 34.8088
1166121 3.19898 16.3746 3.28869 11.9465 15.681 -1.86956 34.8088
1166132 3.12166 16.0572 3.41012 12.0723 15.5777 -1.59964 34.6613
1166141 3.12166 16.0572 3.41012 12.0723 15.5777 -1.59964 34.6613
1166151 3.00569 15.5569 3.5619 12.295 15.4595 -1.17913 34.4195
1166161 3.25696 15.1143 3.88571 12.4692 14.7157 -0.870949 34.7262
1166171 3.25696 15.1143 3.88571 12.4692 14.7157 -0.870949 34.7262
1166181 3.58556 14.5659 4.17917 12.5854 13.8809 -0.595817 34.9161
1166192 4.0108 14.1234 4.42202 12.6048 13.0083 -0.472412 35.161
1166209 4.0108 14.1234 4.42202 12.6048 13.0083 -0.472412 35.161
1166218 4.66799 13.5461 4.75595 12.5273 11.7259 -0.393338 35.4974
1166234 4.66799 13.5461 4.75595 12.5273 11.7259 -0.393338 35.4974
1166235 5.28653 12.9977 5.03929 12.1885 10.4615 -0.446247 35.512
1166254 5.83741 12.305 5.32262 11.7625 9.16011 -0.4502 35.2276
1166263 6.33997 11.5835 5.92976 11.3075 7.55194 -0.292726 35.1607
1166277 6.77487 10.7657 7.04286 11.1042 5.64074 0.254917 35.6876
1166283 6.77487 10.7657 7.04286 11.1042 5.64074 0.254917 35.6876
1166293 7.2581 10.0538 8.45952 10.8041 3.51345 0.800437 36.5755
1166308 7.2581 10.0538 8.45952 10.8041 3.51345 0.800437 36.5755
1166314 7.64468 9.16865 9.47143 10.1845 1.53351 1.16918 36.4693
1166324 7.90563 8.34126 10.2405 9.30353 -0.35017 1.38183 35.7909
1166334 7.90563 8.34126 10.2405 9.30353 -0.35017 1.38183 35.7909
1166344 8.17624 7.32145 10.9488 8.40319 -2.43934 1.65897 34.8497
1166354 8.47584 6.53254 11.9304 7.63838 -4.50824 1.97835 34.5771
1166374 8.47584 6.53254 11.9304 7.63838 -4.50824 1.97835 34.5771
1166377 8.92041 6.21505 12.9625 7.12528 -6.06316 2.10897 35.2232
1166388 8.92041 6.21505 12.9625 7.12528 -6.06316 2.10897 35.2232
1166395 9.37464 6.03226 13.9036 6.69932 -7.32207 2.1644 36.0098
1166414 9.7129 5.90719 14.8143 6.44761 -8.25091 2.29454 36.882
1166418 9.7129 5.90719 14.8143 6.44761 -8.25091 2.29454 36.882
1166425 9.97385 5.72439 15.3708 6.34112 -8.87403 2.41126 37.4102
1166435 10.2445 5.45501 15.8869 6.33144 -9.4579 2.57882 37.9178
1166455 10.2445 5.45501 15.8869 6.33144 -9.4579 2.57882 37.9178
1166458 10.3121 5.07018 16.1298 6.27335 -9.98954 2.78712 37.7854
1166483 10.3024 4.49293 16.0488 6.14749 -10.6178 3.00106 36.9917
1166486 10.1575 3.6944 15.978 5.8861 -11.5879 3.36497 35.716
1166499 10.1575 3.6944 15.978 5.8861 -11.5879 3.36497 35.716
1166506 9.95452 2.97284 15.9173 5.76025 -12.3817 3.79289 34.6049
1166521 9.86754 2.43407 15.9982 5.71184 -13.0248 4.14936 34.0117
1166528 9.86754 2.43407 15.9982 5.71184 -13.0248 4.14936 34.0117
1166543 9.89653 2.15507 16.2208 5.6344 -13.5134 4.33702 33.9068
1166548 9.89653 2.15507 16.2208 5.6344 -13.5134 4.33702 33.9068
1166558 9.8772 2.01075 16.494 5.73121 -13.6525 4.54544 34.1132
1166573 9.88687 2.00113 16.9089 5.93451 -13.5757 4.73149 34.7314
1166579 9.88687 2.00113 16.9089 5.93451 -13.5757 4.73149 34.7314
1166589 9.79989 1.96265 17.2122 6.06036 -13.5501 4.92794 35.0351
1166599 9.73223 1.86644 17.4245 6.12813 -13.6283 5.10107 35.1513
1166612 9.73223 1.86644 17.4245 6.12813 -13.6283 5.10107 35.1513
1166619 9.81922 1.90492 17.4851 6.07005 -13.6974 5.0303 35.2793
1166636 9.81922 1.90492 17.4851 6.07005 -13.6974 5.0303 35.2793
1166640 9.72257 1.86644 17.3234 6.02164 -13.71 5.04782 34.9341
1166650 9.76123 1.8472 17.2426 5.90547 -13.8472 4.9802 34.7565
1166660 9.76123 1.8472 17.2426 5.90547 -13.8472 4.9802 34.7565
1166670 9.76123 1.79909 17.1819 5.81834 -13.9796 4.96517 34.5606
1166681 9.92553 1.79909 16.9899 5.72153 -14.0803 4.78574 34.436
1166691 9.92553 1.79909 16.9899 5.72153 -14.0803 4.78574 34.436
1166703 10.0512 1.90492 16.7167 5.58599 -14.0672 4.53019 34.2587
1166711 10.1575 1.90492 16.4536 5.46014 -14.1614 4.34922 33.9761
1166726 10.1575 1.86644 16.4536 5.46014 -14.2058 4.37116 33.9376
1166731 10.3024 1.8953 16.2512 5.34396 -14.2888 4.17132 33.7929
1166751 10.3024 1.8953 16.2512 5.34396 -14.2888 4.17132 33.7929
1166754 10.3604 1.91454 16.2411 5.31492 -14.3153 4.11502 33.831
1166771 10.5344 1.92417 16.231 5.28588 -14.3893 3.99919 33.9754
1166778 10.5344 1.92417 16.231 5.28588 -14.3893 3.99919 33.9754
1166786 10.5731 1.96265 16.2512 5.26651 -14.3856 3.95643 34.0534
1166795 10.5731 1.96265 16.2613 5.26651 -14.3887 3.95972 34.0635
1166803 10.5054 1.94341 16.2613 5.33428 -14.3115 4.03008 34.0444
1166817 10.6214 1.96265 16.2613 5.25683 -14.4149 3.92972 34.1022
1166823 10.6214 1.96265 16.2613 5.25683 -14.4149 3.92972 34.1022
1166841 10.5247 1.88568 16.322 5.33428 -14.4032 4.07108 34.0667
1166851 10.5247 2.19355 16.4839 5.65376 -13.7432 4.05357 34.856
1166860 10.5247 2.19355 16.4839 5.65376 -13.7432 4.05357 34.856
1166868 10.6794 2.7708 16.2917 5.75057 -12.9955 3.63123 35.4924
1166874 10.7084 3.38653 16.0185 5.80866 -12.2012 3.22876 35.922
1166886 10.7084 3.38653 16.0185 5.80866 -12.2012 3.22876 35.922
1166895 10.6987 4.52179 15.7756 6.40888 -10.3887 2.79268 37.405
1166906 10.6987 4.52179 15.7756 6.40888 -10.3887 2.79268 37.405
1166915 10.6214 5.45501 15.5429 7.41572 -8.51385 2.64462 39.035
1166928 10.5054 6.20543 14.4804 7.66743 -7.14957 2.09874 38.8586
1166935 10.5054 6.20543 14.4804 7.66743 -7.14957 2.09874 38.8586
1166950 10.1671 6.89813 12.7702 7.02847 -6.11082 1.11224 36.864
1166960 9.8772 7.6678 10.9387 6.38952 -4.84511 -0.0932479 34.8732
1166970 9.8772 7.6678 10.9387 6.38952 -4.84511 -0.0932479 34.8732
1166977 9.42297 8.57216 9.28929 6.24431 -2.90482 -1.10124 33.5287
1166986 9.42297 8.57216 9.28929 6.24431 -2.90482 -1.10124 33.5287
1166996 9.02672 9.61121 8.075 6.67027 -0.614262 -1.74908 33.3832
1167006 8.69812 10.7561 7.11369 7.31891 1.66966 -2.22282 33.8868
1167017 8.69812 10.7561 7.11369 7.31891 1.66966 -2.22282 33.8868
1167031 8.29221 12.0164 6.1119 8.03531 4.09771 -2.68231 34.4558
1167041 7.66401 12.9785 5.30238 8.73235 6.30417 -2.85827 34.6772
1167048 7.66401 12.9785 5.30238 8.73235 6.30417 -2.85827 34.6772
1167063 6.94883 13.8636 4.63452 9.35194 8.35672 -2.94233 34.7989
1167068 6.94883 13.8636 4.63452 9.35194 8.35672 -2.94233 34.7989
1167078 6.26265 14.5659 4.07798 10.0103 10.1925 -2.89561 34.9168
1167088 5.80841 15.5473 3.825 10.3975 11.4616 -3.0074 35.5782
1167110 5.80841 15.5473 3.825 10.3975 11.4616 -3.0074 35.5782
1167115 5.31552 16.4324 3.52143 10.5621 12.6687 -3.20852 35.8314
1167124 4.94827 16.9711 3.26845 10.6298 13.5298 -3.35914 35.8177
1167134 4.94827 16.9711 3.26845 10.6298 13.5298 -3.35914 35.8177
1167143 4.67766 17.5549 3.1875 10.5137 14.056 -3.56129 35.9337
1167156 4.67766 17.5549 3.1875 10.5137 14.056 -3.56129 35.9337
1167160 4.37806 18.0045 2.975 10.3685 14.7091 -3.79518 35.726
1167170 4.28141 18.2054 2.93452 10.2232 14.8779 -3.92587 35.6446
1167180 4.28141 18.2054 2.93452 10.2232 14.8779 -3.92587 35.6446
1167193 4.14611 18.3872 2.86369 10.3781 15.203 -3.89578 35.7751
1167203 4.1751 18.6455 2.94464 10.4749 15.177 -3.89112 36.2402
1167227 4.22342 18.6072 3.01548 10.5137 15.0455 -3.83727 36.3598
1167230 4.22342 18.6072 3.01548 10.5137 15.0455 -3.83727 36.3598
1167240 4.11711 18.3202 3.04583 10.5137 15.0506 -3.69942 35.9968
1167256 4.0398 17.9949 3.0256 10.4943 15.064 -3.59229 35.5546
1167261 4.0398 17.9949 3.0256 10.4943 15.064 -3.59229 35.5546
1167274 3.8755 17.5166 3.03571 10.4169 15.0828 -3.41782 34.8447
1167282 3.74019 16.9808 3.15714 10.4265 14.9469 -3.12083 34.3046
1167291 3.74019 16.9808 3.15714 10.4265 14.9469 -3.12083 34.3046
1167301 3.5759 16.442 3.17738 10.5233 14.9858 -2.81024 33.7186
1167317 3.5759 16.442 3.17738 10.5233 14.9858 -2.81024 33.7186
1167324 3.33428 15.7974 3.26845 10.5621 14.9844 -2.41238 32.9622
1167333 3.19898 15.326 3.29881 10.7847 15.0367 -2.04306 32.6085
1167348 3.19898 15.326 3.29881 10.7847 15.0367 -2.04306 32.6085
1167353 3.09267 14.9315 3.41012 11.0268 14.9837 -1.65767 32.4611
1167372 2.97669 14.6718 3.60238 11.3172 14.8995 -1.25685 32.568
1167376 2.97669 14.6718 3.60238 11.3172 14.8995 -1.25685 32.568
1167385 2.96703 14.4505 3.7744 11.4721 14.6806 -0.996973 32.664
1167395 2.92837 14.3543 3.83512 11.6657 14.6846 -0.81526 32.7835
1167405 2.92837 14.3543 3.83512 11.6657 14.6846 -0.81526 32.7835
1167418 2.95736 14.3062 4.01726 11.9465 14.5047 -0.586776 33.2273
1167426 2.95736 14.3062 4.01726 11.9465 14.5047 -0.586776 33.2273
1167435 2.99602 14.3254 4.20952 12.2563 14.3369 -0.379867 33.7872
1167445 2.97669 14.3062 4.39167 12.6338 14.2616 -0.112523 34.3084
1167473 3.4116 14.3158 4.74583 12.8081 13.4394 -0.07375 35.2813
1167482 3.80785 14.1619 4.92798 12.8662 12.7868 -0.0736302 35.7639
1167491 3.80785 14.1619 4.92798 12.8662 12.7868 -0.0736302 35.7639
1167500 4.34906 13.7578 5.17083 12.8371 11.82 -0.0410691 36.1148
1167509 4.34906 13.7578 5.17083 12.8371 11.82 -0.0410691 36.1148
1167519 4.83229 13.0843 5.54524 12.6822 10.6442 0.129007 36.1441
1167528 5.48948 12.2569 5.6869 12.3047 9.36344 0.102898 35.738
1167542 5.48948 12.2569 5.6869 12.3047 9.36344 0.102898 35.738
1167555 6.25298 11.3622 5.92976 11.7238 7.7287 0.0163257 35.2687
1167569 6.93917 10.7657 6.36488 10.9493 6.00456 -0.167342 35.0191
1167570 6.93917 10.7657 6.36488 10.9493 6.00456 -0.167342 35.0191
1167578 7.86697 10.2462 7.4881 10.3588 3.64981 -0.111074 35.96
1167593 7.86697 10.2462 7.4881 10.3588 3.64981 -0.111074 35.96
1167598 8.65947 9.73628 8.78333 10.0103 1.54865 0.160466 37.1893
1167617 9.28766 9.26486 9.42083 9.23576 -0.139669 0.0419569 37.2091
1167620 9.28766 9.26486 9.42083 9.23576 -0.139669 0.0419569 37.2091
1167630 9.67425 8.78381 9.4006 8.03531 -1.5711 -0.427158 35.894
1167640 9.92553 8.34126 9.42083 7.05752 -2.84039 -0.772092 34.7451
1167649 9.92553 8.34126 9.42083 7.05752 -2.84039 -0.772092 34.7451
1167667 10.3798 8.09111 9.68393 6.26367 -4.14669 -1.09968 34.4185
1167671 10.7567 8.09111 10.1899 5.69248 -5.15615 -1.28077 34.7302
1167681 10.7567 7.74477 10.1899 5.69248 -5.45992 -1.14258 34.3838
1167690 11.2496 7.51387 10.797 5.29556 -6.62524 -1.14938 34.856
1167700 11.2496 7.51387 10.797 5.29556 -6.62524 -1.14938 34.856
1167714 11.5202 7.24448 11.1714 5.03417 -7.44415 -1.09768 34.9703
1167723 11.6458 7.12903 11.6976 4.89863 -7.99789 -0.92389 35.3711
1167738 11.6458 7.12903 11.6976 4.89863 -7.99789 -0.92389 35.3711
1167741 11.8681 6.91737 11.9708 4.72437 -8.59425 -0.883694 35.4807
1167751 11.9454 6.75382 12.4262 4.79214 -8.92714 -0.618462 35.9176
1167765 11.9454 6.75382 12.4262 4.79214 -8.92714 -0.618462 35.9176
1167776 12.0034 6.36899 13.003 4.85023 -9.5148 -0.214983 36.2256
1167790 12.0034 6.36899 13.003 4.85023 -9.5148 -0.214983 36.2256
1167793 12.1967 6.0515 13.6202 5.01481 -9.99819 0.157324 36.8832
1167803 12.361 5.57046 13.9339 4.97608 -10.6866 0.398419 36.8415
1167829 12.4287 4.98359 13.9845 4.78246 -11.5032 0.56168 36.1792
1167840 12.4576 4.35823 14.1768 4.61788 -12.3968 0.833511 35.6105
1167846 12.4576 4.35823 14.1768 4.61788 -12.3968 0.833511 35.6105
1167855 12.448 3.70402 14.3185 4.50171 -13.2682 1.14441 34.9722
1167866 12.448 3.70402 14.3185 4.50171 -13.2682 1.14441 34.9722
1167881 12.593 3.26146 14.5107 4.46298 -13.9106 1.34343 34.8281
1167893 12.6703 2.89587 14.8345 4.51139 -14.3915 1.62399 34.912
1167896 12.6703 2.89587 14.8345 4.51139 -14.3915 1.62399 34.912
1167905 12.8636 2.66497 15.1179 4.58884 -14.7066 1.77869 35.2352
1167915 12.9312 2.59762 15.2089 4.55011 -14.8722 1.79815 35.2879
1167925 12.9312 2.59762 15.2089 4.55011 -14.8722 1.79815 35.2879
1167938 12.9022 2.61686 15.128 4.57916 -14.786 1.78335 35.2262
1167946 12.9022 2.61686 15.128 4.57916 -14.786 1.78335 35.2262
1167955 12.8829 2.69383 15.0065 4.55979 -14.6799 1.70288 35.1431
1167965 12.7572 2.63611 14.9458 4.56948 -14.6794 1.77117 34.9087
1167975 12.7572 2.63611 14.9458 4.56948 -14.6794 1.77117 34.9087
1167989 12.6703 2.60724 14.8548 4.51139 -14.7259 1.7703 34.6437
1168001 12.6606 2.55914 14.8446 4.52107 -14.7642 1.79814 34.5855
1168013 12.6606 2.55914 14.8446 4.52107 -14.7642 1.79814 34.5855
1168017 12.5543 2.52066 14.794 4.58884 -14.6838 1.87531 34.4578
1168027 12.5543 2.52066 14.794 4.58884 -14.6838 1.87531 34.4578
1168038 12.5446 2.56876 14.7637 4.44362 -14.784 1.78927 34.3207
1168052 12.4383 2.61686 14.7333 4.54043 -14.5754 1.84331 34.3289
1168063 12.4383 2.61686 14.7333 4.54043 -14.5754 1.84331 34.3289
1168068 12.4673 2.48217 14.8548 4.56948 -14.7427 1.95269 34.3737
1168078 12.3223 2.51104 14.9256 4.59852 -14.6536 2.04791 34.3575
1168090 12.3223 2.51104 14.9256 4.59852 -14.6536 2.04791 34.3575
1168098 12.3223 2.48217 14.9458 4.61788 -14.6706 2.07715 34.3682
1168116 12.3223 2.48217 14.9458 4.61788 -14.6706 2.07715 34.3682
1168125 12.2547 2.45331 14.9155 4.53075 -14.7757 2.08095 34.1542
1168140 12.0904 2.42445 14.8042 4.54043 -14.715 2.13962 33.8594
1168144 12.0904 2.42445 14.8042 4.54043 -14.715 2.13962 33.8594
1168152 12.1001 2.38596 14.703 4.48235 -14.801 2.09346 33.6713
1168165 11.8971 2.37634 14.703 4.56948 -14.6473 2.2353 33.5459
1168169 11.8971 2.37634 14.703 4.56948 -14.6473 2.2353 33.5459
1168179 11.9454 2.95359 14.6524 4.77278 -13.745 1.97797 34.3242
1168192 11.9454 2.95359 14.6524 4.77278 -13.745 1.97797 34.3242
1168208 11.9937 3.73288 14.4399 4.90831 -12.6818 1.54879 35.0748
1168218 11.9358 4.70458 14.106 5.08257 -11.3418 1.06681 35.8289
1168226 11.9358 4.70458 14.106 5.08257 -11.3418 1.06681 35.8289
1168234 11.8971 6.01302 13.9542 6.00228 -9.13469 0.810606 37.8666
1168244 11.7908 7.09055 13.944 7.51253 -6.89907 0.957626 40.3379
1168253 11.7908 7.09055 13.944 7.51253 -6.89907 0.957626 40.3379
1168267 11.3752 7.85059 12.831 7.76424 -5.39372 0.515828 39.821
1168271 11.3752 7.85059 12.831 7.76424 -5.39372 0.515828 39.821
1168280 10.7663 8.22581 11.1512 6.90262 -4.58154 -0.379936 37.046
1168292 10.0415 8.77419 9.5625 6.33144 -3.24 -1.26266 34.7096
1168300 10.0415 8.77419 9.5625 6.33144 -3.24 -1.26266 34.7096
1168317 9.58727 9.41879 8.42917 6.34112 -1.6702 -1.8811 33.7763
1168322 8.98806 10.0634 7.4881 6.89294 0.359055 -2.09545 33.4325
1168331 8.98806 10.0634 7.4881 6.89294 0.359055 -2.09545 33.4325
1168342 8.45651 10.8042 6.73929 7.66743 2.43249 -2.16262 33.6674
1168368 7.89596 11.5354 6.2131 8.54841 4.3684 -2.0486 34.1928
1168373 7.07447 12.2088 5.62619 9.5262 6.55886 -1.7994 34.4357
1168399 6.32064 12.7957 4.97857 10.2426 8.54684 -1.70157 34.3375
1168403 5.69244 13.5076 4.4625 10.93 10.3221 -1.65106 34.5925
1168416 5.69244 13.5076 4.4625 10.93 10.3221 -1.65106 34.5925
1168428 5.21887 14.3447 4.1994 11.5495 11.6644 -1.62035 35.3125
1168434 5.21887 14.3447 4.1994 11.5495 11.6644 -1.62035 35.3125
1168444 4.75497 15.0374 4.07798 12.1498 12.7389 -1.48441 36.0201
1168454 4.32973 15.7108 3.91607 12.4789 13.6844 -1.50082 36.4355
1168472 4.32973 15.7108 3.91607 12.4789 13.6844 -1.50082 36.4355
1168474 3.80785 16.2496 3.67321 12.4886 14.6725 -1.61334 36.2192
1168484 3.50824 16.7883 3.4 12.324 15.4107 -1.90414 36.0206
1168499 3.50824 16.7883 3.4 12.324 15.4107 -1.90414 36.0206
1168505 3.16032 17.1148 3.1369 12.1401 16.1437 -2.10879 35.5521
1168524 3.16032 17.1148 2.88393 12.1401 16.4385 -2.2314 35.2991
1168525 2.89937 17.3922 2.88393 11.9755 16.7736 -2.31807 35.1511
1168535 2.84139 17.6218 2.90417 11.8884 16.8516 -2.41266 35.2558
1168553 2.84139 17.6218 2.90417 11.8884 16.8516 -2.41266 35.2558
1168556 2.80273 17.6888 2.83333 11.8593 16.9906 -2.47221 35.1842
1168578 2.75441 17.7366 2.7625 11.7722 17.1245 -2.55084 35.0257
1168580 2.75441 17.7366 2.7625 11.7722 17.1245 -2.55084 35.0257
1168586 2.77374 17.7366 2.67143 11.6851 17.1915 -2.64744 34.8669
1168605 2.77374 17.7366 2.67143 11.6851 17.1915 -2.64744 34.8669
1168606 2.7834 17.6218 2.73214 11.5495 17.0495 -2.64806 34.6869
1168617 2.70608 17.5357 2.67143 11.5205 17.1915 -2.63545 34.4337
1168630 2.70608 17.5357 2.67143 11.5205 17.1915 -2.63545 34.4337
1168637 2.63843 17.3827 2.64107 11.385 17.2468 -2.64122 34.0471
1168657 2.60944 17.2392 2.62083 11.3559 17.2687 -2.6039 33.8254
1168664 2.60944 17.2392 2.62083 11.3559 17.2687 -2.6039 33.8254
1168683 2.59977 17.1244 2.63095 11.4818 17.2707 -2.48756 33.8369
1168685 2.60944 16.9808 2.69167 11.5399 17.1632 -2.37658 33.8217
1168690 2.60944 16.9808 2.69167 11.5399 17.1632 -2.37658 33.8217
1168699 2.57078 16.8846 2.69167 11.5786 17.1981 -2.30615 33.7256
1168711 2.57078 16.8846 2.69167 11.5786 17.1981 -2.30615 33.7256
1168719 2.56111 16.7595 2.82321 11.6367 17.0304 -2.15836 33.7805
1168737 2.44514 16.6055 2.95476 11.7141 16.9929 -1.94922 33.7196
1168739 2.44514 16.6055 2.95476 11.7141 16.9929 -1.94922 33.7196
1168763 2.54179 16.4901 2.91429 11.7528 16.9047 -1.94282 33.699
1168767 2.49346 16.4131 2.95476 11.7528 16.896 -1.87375 33.6142
1168775 2.49346 16.4131 2.95476 11.7528 16.896 -1.87375 33.6142
1168790 2.42581 16.2784 2.94464 11.7238 16.9538 -1.81397 33.3727
1168793 2.42581 16.2784 2.94464 11.7238 16.9538 -1.81397 33.3727
1168801 2.51279 16.2592 3.06607 11.7722 16.7007 -1.75558 33.6103
1168817 3.083 16.1822 3.26845 11.84 15.7612 -1.81395 34.3737
1168821 3.083 16.1822 3.26845 11.84 15.7612 -1.81395 34.3737
1168832 3.59522 16.0091 3.48095 11.7625 14.847 -1.87708 34.8478
1168845 4.32973 15.6338 3.69345 11.7141 13.6586 -1.93208 35.3712
1168852 4.32973 15.6338 3.69345 11.7141 13.6586 -1.93208 35.3712
1168872 5.2382 15.1336 3.86548 11.2591 12.1766 -2.21734 35.4964
1168873 5.2382 15.1336 3.86548 11.2591 12.1766 -2.21734 35.4964
1168883 6.00171 14.3062 3.97679 10.8912 10.8163 -2.31971 35.1759
1168898 6.66856 13.575 4.20952 10.3685 9.38023 -2.44055 34.8215
1168903 6.66856 13.575 4.20952 10.3685 9.38023 -2.44055 34.8215
1168913 7.56737 13.296 4.47262 9.75854 7.84634 -2.83471 35.0945
1168928 8.27288 13.0843 5.03929 9.10023 6.24873 -3.05001 35.4967
1168938 8.27288 13.0843 5.03929 9.10023 6.24873 -3.05001 35.4967
1168951 8.86242 12.5263 5.93988 8.38383 4.27571 -2.96747 35.7124
1168956 9.39397 11.8336 6.81012 7.5803 2.25295 -2.87938 35.618
1168965 9.39397 11.8336 6.81012 7.5803 2.25295 -2.87938 35.618
1168978 9.91586 10.9485 7.49821 6.56378 0.0702947 -2.92145 34.9264
1168994 9.91586 10.9485 7.49821 6.56378 0.0702947 -2.92145 34.9264
1169006 10.2735 10.0538 8.21667 5.53759 -2.12635 -2.89291 34.0815
1169008 10.863 9.75552 9.30952 4.88895 -3.96936 -2.76591 34.817
1169015 10.863 9.75552 9.30952 4.88895 -3.96936 -2.76591 34.817
1169031 11.5588 9.54386 10.3315 4.54043 -5.42471 -2.59796 35.9747
1169035 12.0517 9.19751 11.556 4.51139 -6.63163 -2.08295 37.3166
1169057 12.0517 9.19751 11.556 4.51139 -6.63163 -2.08295 37.3166
1169057 12.3803 8.76457 12.5679 4.57916 -7.57631 -1.56608 38.2919
1169066 12.3803 8.76457 12.5679 4.57916 -7.57631 -1.56608 38.2919
1169085 12.5253 8.01415 13.3065 4.63724 -8.56246 -1.01174 38.4832
1169086 12.4576 7.28297 13.9643 4.56948 -9.51648 -0.472974 38.2744
1169097 12.4576 7.28297 13.9643 4.56948 -9.51648 -0.472974 38.2744
1169111 12.5156 6.57102 14.5006 4.52107 -10.4466 -0.0255811 38.1083
1169122 12.448 5.76288 14.6625 4.4533 -11.3152 0.363657 37.3267
1169139 12.3127 4.92586 14.794 4.25968 -12.345 0.750237 36.2923
1169148 12.3127 4.92586 14.794 4.25968 -12.345 0.750237 36.2923
1169167 12.245 4.22354 14.7232 4.11446 -13.1919 1.00653 35.3062
1169169 12.1097 3.57895 14.7536 3.90148 -14.1095 1.2956 34.3437
1169180 12.1097 3.57895 14.7536 3.90148 -14.1095 1.2956 34.3437
1169198 12.0227 2.88625 14.7131 3.86276 -14.9223 1.64262 33.4848
1169201 12.0034 2.43407 14.875 3.82403 -15.5571 1.92909 33.1365
1169212 12.0034 2.43407 14.875 3.82403 -15.5571 1.92909 33.1365
1169226 12.158 2.28014 15.1887 3.96925 -15.6992 2.10728 33.5961
1169229 12.158 2.28014 15.1887 3.96925 -15.6992 2.10728 33.5961
1169253 12.2837 2.18393 15.3911 4.03702 -15.8234 2.19518 33.8957
1169255 12.2933 2.26089 15.6238 4.15319 -15.6585 2.28193 34.3312
1169260 12.2933 2.26089 15.6238 4.15319 -15.6585 2.28193 34.3312
1169271 12.3997 2.309 15.7149 4.11446 -15.7009 2.22394 34.538
1169282 12.4866 2.33786 15.644 4.15319 -15.6258 2.15446 34.6217
1169290 12.4866 2.33786 15.644 4.15319 -15.6258 2.15446 34.6217
1169310 12.4287 2.39559 15.5631 4.06606 -15.6226 2.09192 34.4534
1169311 12.4287 2.39559 15.5631 4.06606 -15.6226 2.09192 34.4534
1169320 12.361 2.3571 15.3911 4.15319 -15.4994 2.11288 34.2624
1169340 12.2933 2.3571 15.4012 4.0467 -15.6098 2.11041 34.0983
1169343 12.2933 2.3571 15.4012 4.0467 -15.6098 2.11041 34.0983
1169352 12.2257 2.3571 15.4821 4.14351 -15.4985 2.21123 34.2085
1169364 12.1484 2.31862 15.6137 4.24032 -15.4447 2.35439 34.321
1169371 12.1484 2.31862 15.6137 4.24032 -15.4447 2.35439 34.321
1169389 12.0711 2.29938 15.7048 4.21128 -15.5055 2.42614 34.2865
1169392 12.0711 2.29938 15.7048 4.21128 -15.5055 2.42614 34.2865
1169420 12.0614 2.23203 15.6339 4.19191 -15.586 2.43224 34.1193
1169422 11.9744 2.21279 15.7554 4.26936 -15.5265 2.55942 34.2119
1169428 11.9744 2.21279 15.7554 4.26936 -15.5265 2.55942 34.2119
1169433 12.0517 2.16469 15.7351 4.22096 -15.6567 2.51942 34.1725
1169447 12.0131 2.14544 15.6946 4.16287 -15.7274 2.51308 34.016
1169453 12.0131 2.14544 15.6946 4.16287 -15.7274 2.51308 34.016
1169463 12.0904 2.61686 15.6845 4.38554 -14.9325 2.31306 34.7773
1169478 12.0904 2.61686 15.6845 4.38554 -14.9325 2.31306 34.7773
1169484 12.0517 2.83814 15.553 4.39522 -14.6186 2.17793 34.8381
1169507 11.9841 3.29994 15.3 4.55011 -13.8284 1.94942 35.1341
1169508 11.9841 3.29994 15.3 4.55011 -13.8284 1.94942 35.1341
1169514 11.9454 4.00226 14.9357 4.70501 -12.7667 1.55656 35.5884
1169524 11.9744 4.897 14.5917 4.9664 -11.4623 1.10624 36.4295
1169550 12.0131 5.58008 14.3083 5.78929 -9.91757 0.996718 37.6908
1169564 12.0324 6.38823 14.0351 6.8639 -8.14822 0.945473 39.3196
1169566 12.0324 6.38823 14.0351 6.8639 -8.14822 0.945473 39.3196
1169575 11.7811 6.68647 13.2155 6.99943 -7.30996 0.677556 38.6825
1169602 11.2206 6.71534 12.0012 6.57346 -6.80144 0.262418 36.5106
1169606 10.6697 6.73458 10.8274 6.20558 -6.21197 -0.161735 34.4372
1169621 10.6697 6.73458 10.8274 6.20558 -6.21197 -0.161735 34.4372
1169628 10.2058 6.99434 9.90655 6.41856 -4.99582 -0.39151 33.5253
1169636 9.78056 7.58121 9.26905 7.0672 -3.26517 -0.45649 33.698
1169649 9.78056 7.58121 9.26905 7.0672 -3.26517 -0.45649 33.698
1169656 9.4423 8.28353 8.65179 7.89009 -1.40107 -0.518249 34.2677
1169677 9.4423 8.28353 8.65179 7.89009 -1.40107 -0.518249 34.2677
1169679 9.02672 9.00509 8.08512 9.03246 0.658414 -0.39015 35.1494
1169688 8.49517 9.80362 7.50833 10.1748 2.76177 -0.25664 35.982
1169707 8.49517 9.80362 7.50833 10.1748 2.76177 -0.25664 35.982
1169717 7.8863 10.5252 6.77976 11.0655 4.7747 -0.234261 36.2567
1169721 7.07447 11.1313 6.08155 11.9174 6.83108 -0.0856787 36.2047
1169735 7.07447 11.1313 6.08155 11.9174 6.83108 -0.0856787 36.2047
1169738 6.08869 11.6893 5.4744 13.0598 9.07822 0.312377 36.3122
1169764 6.08869 11.6893 5.4744 13.0598 9.07822 0.312377 36.3122
1169766 4.99659 12.2569 4.99881 14.0085 11.2174 0.725505 36.2609
1169770 4.03013 12.7476 4.59405 14.8411 13.0924 1.10076 36.2129
1169779 4.03013 12.7476 4.59405 14.8411 13.0924 1.10076 36.2129
1169792 3.083 13.1805 4.4119 15.4317 14.6213 1.48726 36.1071
1169799 2.30984 13.6231 4.34107 15.7221 15.7616 1.72112 35.9961
1169822 2.30984 13.6231 4.34107 15.7221 15.7616 1.72112 35.9961
1169824 1.71063 14.0849 4.0881 15.6834 16.8482 1.67681 35.567
1169854 1.33371 14.4601 3.84524 15.4704 17.6246 1.50464 35.1094
1169856 1.20807 14.9604 3.70357 15.1896 17.9957 1.1657 35.0617
1169860 1.20807 14.9604 3.70357 15.1896 17.9957 1.1657 35.0617
1169870 1.16941 15.3548 3.4506 14.7927 18.3559 0.741661 34.7676
1169885 1.19841 15.7782 3.20774 14.2118 18.595 0.1932 34.3961
1169891 1.19841 15.7782 3.20774 14.2118 18.595 0.1932 34.3961
1169901 1.21774 16.0187 2.98512 13.66 18.7977 -0.261767 33.8816
1169917 1.21774 16.0187 2.98512 13.66 18.7977 -0.261767 33.8816
1169921 1.18874 16.2688 2.75238 13.1469 19.0925 -0.70072 33.3569
1169947 1.28539 16.5093 2.66131 12.9146 19.0866 -0.997363 33.3706
1169959 1.2564 16.8942 2.51964 12.721 19.3458 -1.30722 33.3912
1169978 1.31438 17.1435 2.37798 12.4499 19.4535 -1.63584 33.2857
1169980 1.31438 17.1435 2.37798 12.4499 19.4535 -1.63584 33.2857
1169983 1.41103 17.2774 2.3881 12.3337 19.3144 -1.78088 33.4103
1169993 1.41103 17.2774 2.3881 12.3337 19.3144 -1.78088 33.4103
1170007 1.36271 17.354 2.3881 12.3821 19.3996 -1.76776 33.4869
1170018 1.38204 17.3348 2.52976 12.537 19.2105 -1.62065 33.7836
1170038 1.44969 17.2583 2.59048 12.5757 19.0365 -1.56835 33.8742
1170045 1.42069 17.2009 2.53988 12.508 19.1184 -1.59213 33.6694
1170068 1.43036 17.0765 2.52976 12.3434 19.0681 -1.63289 33.3801
1170084 1.37237 17.0765 2.48929 12.3434 19.1985 -1.62983 33.2816
1170099 1.37237 17.0096 2.48929 12.3821 19.1936 -1.58354 33.2533
1170101 1.36271 16.9808 2.58036 12.3724 19.0788 -1.5275 33.2963
1170114 1.36271 16.9808 2.58036 12.3724 19.0788 -1.5275 33.2963
1170117 2.12621 17.1722 2.79286 12.4015 17.8694 -1.78475 34.4927
1170132 2.37749 17.0478 2.90417 12.3047 17.3751 -1.82615 34.6342
1170147 3.27629 17.0478 3.10655 11.9755 15.9863 -2.22083 35.4062
1170163 4.14611 16.7499 3.12679 11.5302 14.7717 -2.63227 35.5529
1170166 4.14611 16.7499 3.12679 11.5302 14.7717 -2.63227 35.5529
1170176 4.72598 16.1245 3.38988 10.9977 13.4842 -2.75109 35.2381
1170195 4.72598 16.1245 3.38988 10.9977 13.4842 -2.75109 35.2381
1170198 5.30586 15.5665 3.52143 10.4556 12.3351 -2.96792 34.8494
1170208 5.94372 15.0566 3.57202 9.90376 11.1995 -3.2738 34.4761
1170227 5.94372 15.0566 3.57202 9.90376 11.1995 -3.2738 34.4761
1170229 6.46561 14.7391 3.78452 9.38098 10.0886 -3.50851 34.3702
1170238 6.83286 14.2292 4.26012 8.93565 8.80958 -3.4443 34.2578
1170260 6.83286 14.2292 4.26012 8.93565 8.80958 -3.4443 34.2578
1170262 7.36441 13.7674 5.11012 8.61617 7.1067 -3.18672 34.8581
1170269 7.36441 13.7674 5.11012 8.61617 7.1067 -3.18672 34.8581
1170291 8.0506 13.2671 6.39524 8.16116 4.86594 -2.8271 35.8741
1170291 8.67879 12.6514 7.60952 7.68679 2.7643 -2.47111 36.6265
1170318 9.18135 11.8529 8.43929 6.95103 0.812119 -2.32422 36.4245
1170319 9.68391 10.9196 9.14762 6.15718 -1.22167 -2.21345 35.9083
1170329 9.68391 10.9196 9.14762 6.15718 -1.22167 -2.21345 35.9083
1170348 10.1671 9.92869 9.86607 5.59567 -3.1701 -1.95489 35.5576
1170361 10.7084 9.20713 10.5137 5.1213 -4.84777 -1.80609 35.5505
1170380 11.2592 8.83192 11.0905 4.74374 -6.10575 -1.77741 35.9254
1170382 11.2592 8.83192 11.0905 4.74374 -6.10575 -1.77741 35.9254
1170390 11.9841 8.5914 11.5458 4.48235 -7.14148 -1.86346 36.6037
1170413 12.4093 8.23543 12.072 4.41458 -7.96587 -1.67977 37.1314
1170429 12.8152 7.82173 12.4565 4.39522 -8.70584 -1.51454 37.4887
1170449 13.0665 7.21562 12.7298 4.37585 -9.4983 -1.27442 37.3878
1170456 13.3758 6.65761 13.0333 4.25 -10.3851 -1.10543 37.3167
1170463 13.3758 6.65761 13.0333 4.25 -10.3851 -1.10543 37.3167
1170484 13.4434 5.92643 13.1851 4.0951 -11.3281 -0.855242 36.6501
1170485 13.4918 5.04131 13.1345 3.94021 -12.3883 -0.614336 35.6078
1170491 13.4918 5.04131 13.1345 3.94021 -12.3883 -0.614336 35.6078
1170516 13.4531 4.24278 13.1548 3.85308 -13.3357 -0.297394 34.7037
1170524 13.4628 3.47312 13.4583 3.79499 -14.3708 0.139275 34.1892
1170548 13.5208 3.0017 13.7113 3.85308 -14.9451 0.458506 34.0868
1170550 13.5208 3.0017 13.7113 3.85308 -14.9451 0.458506 34.0868
1170553 13.5111 2.80928 14.0554 3.99829 -15.0978 0.756361 34.374
1170563 13.5014 2.80928 14.2982 4.10478 -15.0413 0.904094 34.7137
1170583 13.5014 2.80928 14.2982 4.10478 -15.0413 0.904094 34.7137
1170588 13.5014 2.80928 14.5917 4.23064 -14.981 1.07233 35.133
1170594 13.5014 2.80928 14.5917 4.23064 -14.981 1.07233 35.133
1170615 13.3661 2.71307 14.7637 4.30809 -15.0129 1.27703 35.151
1170616 13.2888 2.65535 14.7637 4.28872 -15.0789 1.33225 34.9966
1170624 13.2888 2.65535 14.7637 4.28872 -15.0789 1.33225 34.9966
1170647 13.1052 2.65535 14.622 4.25 -15.0306 1.34765 34.6325
1170650 12.9409 2.57838 14.622 4.25 -15.0725 1.46233 34.3913
1170655 12.9409 2.57838 14.622 4.25 -15.0725 1.46233 34.3913
1170681 12.8732 2.5399 14.4702 4.14351 -15.1792 1.41093 34.0269
1170681 12.8732 2.5399 14.4702 4.14351 -15.1792 1.41093 34.0269
1170686 12.7766 2.46293 14.45 4.20159 -15.1677 1.51017 33.8911
1170696 12.7089 2.49179 14.5512 4.21128 -15.1319 1.57306 33.9632
1170713 12.7089 2.49179 14.5512 4.21128 -15.1319 1.57306 33.9632
1170718 12.6123 2.41483 14.622 4.24032 -15.1811 1.69753 33.8895
1170726 12.5446 2.45331 14.875 4.35649 -15.0527 1.85522 34.2294
1170742 12.5446 2.45331 14.875 4.35649 -15.0527 1.85522 34.2294
1170747 12.5833 2.39559 15.1482 4.43394 -15.1196 1.99789 34.561
1170756 12.5833 2.39559 15.1482 4.43394 -15.1196 1.99789 34.561
1170775 12.4673 2.37634 15.4214 4.55011 -15.0525 2.20933 34.8152
1170784 12.3803 2.32824 15.7655 4.63724 -15.0808 2.43262 35.1113
1170807 12.4093 2.87663 16.0083 4.918 -14.2376 2.33638 36.2123
1170812 12.216 2.86701 16.069 5.00513 -14.114 2.48545 36.1572
1170820 12.216 2.86701 16.069 5.00513 -14.114 2.48545 36.1572
1170840 12.0131 3.41539 15.8262 5.02449 -13.3681 2.24187 36.2791
1170841 12.0131 3.41539 15.8262 5.02449 -13.3681 2.24187 36.2791
1170849 11.9068 4.40634 15.5226 5.19875 -12.0322 1.78547 37.0345
1170873 11.8005 5.45501 15.1179 5.53759 -10.5021 1.34525 37.9109
1170880 11.5975 6.18619 14.7435 6.37984 -8.85119 1.28753 38.907
1170890 11.2592 6.61913 13.9036 6.67995 -7.71135 1.055 38.4619
1170907 11.2592 6.61913 13.9036 6.67995 -7.71135 1.055 38.4619
1170910 10.7567 6.99434 12.6286 6.17654 -6.9854 0.432522 36.5561
1170920 10.2735 7.28297 11.3738 5.59567 -6.34931 -0.254997 34.5259
1170939 10.2735 7.28297 11.3738 5.59567 -6.34931 -0.254997 34.5259
1170945 9.84821 7.64856 10.3113 5.34396 -5.40464 -0.833203 33.152
1170951 9.84821 7.64856 10.3113 5.34396 -5.40464 -0.833203 33.152
1170970 9.4423 8.04301 9.53214 5.46982 -4.20288 -1.14661 32.4873
1170971 9.35532 8.71647 8.82381 5.77961 -2.81792 -1.5922 32.6752
1170981 9.35532 8.71647 8.82381 5.77961 -2.81792 -1.5922 32.6752
1171004 9.22001 9.48613 8.3381 6.42825 -1.22767 -1.76554 33.4725
1171005 9.09437 10.275 7.76131 7.14465 0.411379 -1.95335 34.2754
1171013 9.09437 10.275 7.76131 7.14465 0.411379 -1.95335 34.2754
1171039 8.82376 10.9677 7.14405 7.86105 2.0555 -2.06331 34.7966
1171041 8.82376 10.9677 7.14405 7.86105 2.0555 -2.06331 34.7966
1171048 8.43718 11.5065 6.40536 8.54841 3.73407 -2.14482 34.8974
1171054 8.03127 11.9587 5.67679 9.20672 5.34601 -2.19642 34.8735
1171080 7.43206 12.4878 4.94821 9.7779 7.13319 -2.24865 34.646
1171084 6.86185 13.0266 4.58393 10.5814 8.67398 -2.02107 35.0538
1171110 6.86185 13.0266 4.58393 10.5814 8.67398 -2.02107 35.0538
1171113 6.31097 13.498 4.39167 11.3753 9.95804 -1.70426 35.5759
1171145 5.82774 13.9983 4.36131 11.9465 10.9009 -1.46051 36.1338
1171147 5.2672 14.5082 4.16905 12.3434 11.9981 -1.34878 36.2878
1171154 5.2672 14.5082 4.16905 12.3434 11.9981 -1.34878 36.2878
1171156 4.8033 14.9604 4.0881 12.6822 12.8313 -1.229 36.534
1171184 4.3104 15.2779 3.90595 12.7984 13.6804 -1.19194 36.2926
1171186 4.3104 15.2779 3.90595 12.7984 13.6804 -1.19194 36.2926
1171188 3.81751 15.5376 3.67321 12.7403 14.5289 -1.2336 35.7687
1171196 3.47925 15.7108 3.54167 12.6048 15.0656 -1.29198 35.3365
1171217 3.47925 15.7108 3.54167 12.6048 15.0656 -1.29198 35.3365
1171218 3.17965 15.9128 3.3494 12.5273 15.6646 -1.37939 34.9692
1171236 3.17965 15.9128 3.3494 12.5273 15.6646 -1.37939 34.9692
1171262 2.80273 15.9706 3.27857 12.2272 16.1297 -1.42981 34.2791
1171266 2.68675 15.9898 3.19762 12.1014 16.3403 -1.49118 33.9756
1171293 2.74474 16.0379 3.11667 11.9755 16.3484 -1.63417 33.8748
1171298 2.72541 16.0091 3.11667 11.9465 16.3573 -1.6294 33.7976
1171325 2.72541 16.0091 3.11667 11.9465 16.3573 -1.6294 33.7976
1171326 2.75441 16.0668 3.16726 11.9755 16.2824 -1.62455 33.964
1171336 2.79306 16.1149 3.15714 12.1304 16.2997 -1.5881 34.1955
1171339 2.79306 16.1149 3.15714 12.1304 16.2997 -1.5881 34.1955
1171357 2.76407 16.1437 3.1875 12.1788 16.3177 -1.54993 34.2741
1171374 2.75441 16.1341 3.1875 12.2175 16.3367 -1.52368 34.2936
1171396 2.71575 16.0956 3.24821 12.2272 16.3028 -1.45943 34.2868
1171397 2.71575 16.0956 3.24821 12.2272 16.3028 -1.45943 34.2868
1171399 2.67709 16.1053 3.26845 12.2272 16.3275 -1.43824 34.278
1171410 2.62877 16.0379 3.26845 12.1885 16.359 -1.41093 34.1236
1171431 2.62877 16.0379 3.26845 12.1885 16.359 -1.41093 34.1236
1171432 2.68675 15.9225 3.19762 12.2079 16.3503 -1.41281 34.0147
1171440 2.86072 15.9706 3.4 12.2079 15.9105 -1.40397 34.4391
1171467 2.86072 15.9706 3.4 12.2079 15.9105 -1.40397 34.4391
1171468 3.01535 15.9321 3.42024 11.9852 15.6331 -1.5466 34.3529
1171471 3.01535 15.9321 3.42024 11.9852 15.6331 -1.5466 34.3529
1171481 3.45992 15.8455 3.38988 11.7432 15.055 -1.81732 34.4385
1171504 3.96248 15.8936 3.37976 11.3269 14.3784 -2.23482 34.5627
1171540 4.72598 15.8744 3.30893 10.7944 13.4236 -2.8082 34.7037
1171542 5.35418 15.7108 3.2381 10.262 12.5709 -3.28291 34.565
1171551 5.87607 15.4318 3.27857 9.54556 11.5894 -3.72835 34.132
1171575 5.87607 15.4318 3.27857 9.54556 11.5894 -3.72835 34.132
1171576 6.59125 15.0374 3.26845 8.73235 10.3407 -4.29437 33.6294
1171577 7.62536 14.4216 3.50119 8.01595 8.42494 -4.70585 33.5641
1171583 7.62536 14.4216 3.50119 8.01595 8.42494 -4.70585 33.5641
1171605 8.66913 13.7001 3.86548 7.24146 6.27829 -5.0464 33.4761
1171605 9.64525 12.7957 4.73571 6.40888 3.59055 -5.04518 33.5855
1171614 9.64525 12.7957 4.73571 6.40888 3.59055 -5.04518 33.5855
1171634 10.834 12.3531 6.1119 5.74089 0.819156 -4.85204 35.0399
1171635 10.834 12.3531 6.1119 5.74089 0.819156 -4.85204 35.0399
