1235991 6.91018 10.9966 6.26369 12.1498 6.86429 0.209257 36.3202
1235996 6.91018 10.9966 6.26369 12.1498 6.86429 0.209257 36.3202
1236009 7.52871 10.3616 7.18452 11.7819 5.03998 0.437942 36.8568
1236017 7.81865 9.47651 8.22679 11.4043 3.27369 0.948899 36.9263
1236026 7.81865 9.47651 8.22679 11.4043 3.27369 0.948899 36.9263
1236036 7.92496 8.62988 8.93512 10.6976 1.7046 1.27581 36.1876
1236046 7.92496 8.62988 8.93512 10.6976 1.7046 1.27581 36.1876
1236056 7.85731 7.72552 9.43095 9.76822 0.147694 1.55958 34.782
1236066 8.06026 6.99434 9.87619 8.74203 -1.63343 1.58746 33.6728
1236081 8.06026 6.99434 9.87619 8.74203 -1.63343 1.58746 33.6728
1236088 8.36953 6.60951 10.4732 7.70615 -3.41323 1.44775 33.1584
1236097 8.7851 6.2824 11.2625 6.90262 -5.16254 1.39815 33.2326
1236108 8.7851 6.2824 11.2625 6.90262 -5.16254 1.39815 33.2326
1236118 9.278 6.14771 12.1732 6.24431 -6.69203 1.32603 33.8432
1236128 9.278 6.14771 12.1732 6.24431 -6.69203 1.32603 33.8432
1236137 9.75156 5.93605 13.2256 5.8377 -8.0598 1.45709 34.7509
1236153 10.2155 5.72439 14.3387 5.64408 -9.17645 1.68818 35.9226
1236161 10.2155 5.72439 14.3387 5.64408 -9.17645 1.68818 35.9226
1236169 10.5924 5.51273 15.4315 5.53759 -10.097 1.96795 37.0742
1236180 10.834 5.26259 16.2006 5.66344 -10.6087 2.27899 37.9606
1236198 10.834 5.26259 16.2006 5.66344 -10.6087 2.27899 37.9606
1236199 11.0466 4.85852 16.6054 5.56663 -11.3105 2.46875 38.0771
1236209 11.0466 4.85852 16.6054 5.56663 -11.3105 2.46875 38.0771
1236228 11.0273 4.3871 16.8786 5.41173 -12.0058 2.73544 37.7047
1236232 11.0563 3.88681 17.0101 5.26651 -12.7037 2.9555 37.2197
1236239 11.0563 3.88681 17.0101 5.26651 -12.7037 2.9555 37.2197
1236254 11.0563 3.44426 16.9595 5.06321 -13.3534 3.08934 36.5233
1236260 10.9596 2.83814 16.8887 4.82118 -14.2145 3.34242 35.5077
1236286 10.7663 2.37634 16.8179 4.73405 -14.7529 3.63568 34.6946
1236309 10.6214 1.90492 16.8988 4.65661 -15.3738 3.97388 34.0817
1236321 10.5441 1.57782 17.0505 4.68565 -15.7504 4.25939 33.8581
1236331 10.5151 1.48161 17.2931 4.7631 -15.8309 4.43114 34.0529
1236341 10.5344 1.45274 17.4851 4.87927 -15.7835 4.53135 34.3515
1236351 10.5344 1.45274 17.4851 4.87927 -15.7835 4.53135 34.3515
1236366 10.5151 1.46237 17.6266 4.918 -15.759 4.5915 34.5221
1236372 10.5151 1.46237 17.6266 4.918 -15.759 4.5915 34.5221
1236383 10.5344 1.42388 17.6671 4.89863 -15.8433 4.60872 34.524
1236392 10.5151 1.42388 17.7075 4.93736 -15.8032 4.64346 34.5838
1236403 10.5151 1.42388 17.7075 4.93736 -15.8032 4.64346 34.5838
1236413 10.5151 1.3854 17.6772 4.95672 -15.8177 4.66207 34.5344
1236423 10.3894 1.41426 17.7075 4.9664 -15.7466 4.72925 34.4776
1236433 10.3894 1.41426 17.7075 4.9664 -15.7466 4.72925 34.4776
1236446 10.3411 1.41426 17.7075 4.93736 -15.7681 4.74829 34.4002
1236457 10.3411 1.41426 17.7075 4.93736 -15.7681 4.74829 34.4002
1236467 10.2445 1.35654 17.5963 4.88895 -15.8387 4.78973 34.0863
1236474 10.1961 1.32767 17.5862 4.90831 -15.8344 4.83741 34.0183
1236484 10.1961 1.32767 17.5862 4.90831 -15.8344 4.83741 34.0183
1236494 10.0125 1.29881 17.6165 4.98576 -15.7344 4.994 33.9136
1236513 9.89653 1.26033 17.5963 4.918 -15.8255 5.05957 33.6712
1236521 9.89653 1.26033 17.5963 4.918 -15.8255 5.05957 33.6712
1236531 9.79022 1.18336 17.5054 4.98576 -15.7826 5.16254 33.4647
1236535 9.79022 1.18336 17.6165 4.98576 -15.8132 5.19512 33.5759
1236545 9.88687 1.75099 17.6165 5.19875 -14.9142 4.86636 34.4531
1236562 9.9062 2.31862 17.283 5.28588 -14.072 4.45946 34.7937
1236571 9.9062 2.31862 17.283 5.28588 -14.072 4.45946 34.7937
1236581 10.1381 3.49236 16.7673 5.36333 -12.6183 3.56536 35.7611
1236589 10.2251 4.96435 16.1702 5.74089 -10.5727 2.71761 37.1006
1236599 10.2251 4.96435 16.1702 5.74089 -10.5727 2.71761 37.1006
1236608 10.3218 6.17657 15.644 6.7574 -8.37527 2.27627 38.8998
1236618 10.3218 6.17657 15.644 6.7574 -8.37527 2.27627 38.8998
1236635 10.2735 7.36955 14.7839 7.9385 -6.03817 1.88754 40.3654
1236640 9.89653 8.23543 13.0232 7.72551 -4.47446 1.00954 38.8807
1236648 9.89653 8.23543 13.0232 7.72551 -4.47446 1.00954 38.8807
1236661 9.26833 8.70685 11.0196 7.09624 -3.10665 0.0584793 36.0911
1236666 8.64014 9.42841 9.31964 6.93166 -1.16529 -0.79425 34.3199
1236684 8.64014 9.42841 9.31964 6.93166 -1.16529 -0.79425 34.3199
1236688 8.06026 10.2654 7.9131 7.23178 1.1382 -1.4255 33.4706
1236698 8.06026 10.2654 7.9131 7.23178 1.1382 -1.4255 33.4706
1236708 7.39341 11.1024 6.8 7.94818 3.65269 -1.69098 33.244
1236718 6.57192 11.8529 5.92976 9.07118 6.29931 -1.53646 33.4257
1236728 6.57192 11.8529 5.92976 9.07118 6.29931 -1.53646 33.4257
1236740 5.66344 12.4397 5.34286 10.3975 8.73943 -1.04724 33.8435
1236749 4.91927 12.9785 4.7256 11.7141 10.9558 -0.636935 34.3375
1236759 4.91927 12.9785 4.7256 11.7141 10.9558 -0.636935 34.3375
1236769 4.23309 13.5461 4.25 12.7016 12.7874 -0.357441 34.7308
1236779 3.66288 14.1234 4.06786 13.5342 14.0773 -0.0780863 35.3883
1236789 3.66288 14.1234 4.06786 13.5342 14.0773 -0.0780863 35.3883
1236799 3.34395 14.7391 3.94643 14.1441 14.9231 0.00309169 36.1736
1236809 3.34395 14.7391 3.94643 14.1441 14.9231 0.00309169 36.1736
1236824 2.98636 15.1528 3.74405 14.2603 15.6893 -0.0559679 36.1435
1236830 2.76407 15.451 3.47083 14.1054 16.2899 -0.267774 35.7913
1236840 2.76407 15.451 3.47083 14.1054 16.2899 -0.267774 35.7913
1236850 2.57078 15.4992 3.24821 13.9021 16.7391 -0.391679 35.2202
1236876 2.46447 15.605 3.17738 13.7375 16.9366 -0.49505 34.9843
1236880 2.56111 15.8263 3.15714 13.631 16.8718 -0.681975 35.1755
1236895 2.56111 15.8263 3.15714 13.631 16.8718 -0.681975 35.1755
1236901 2.54179 15.8359 3.11667 13.6019 16.9387 -0.709076 35.0963
1236914 2.47413 15.6531 3.10655 13.5632 16.9811 -0.628269 34.797
1236930 2.47413 15.6531 3.10655 13.5632 16.9811 -0.628269 34.797
1236932 2.49346 15.4799 3.09643 13.5632 16.9298 -0.568994 34.633
1236941 2.42581 15.3067 3.25833 13.7472 16.8186 -0.313946 34.738
1236951 2.42581 15.3067 3.25833 13.7472 16.8186 -0.313946 34.738
1236970 2.35816 15.0662 3.33929 13.9408 16.7915 -0.0623739 34.7044
1236983 2.35816 15.0662 3.33929 13.9408 16.7915 -0.0623739 34.7044
1236984 2.30984 14.8257 3.43036 13.9795 16.6918 0.119117 34.5454
1236992 2.22285 14.6621 3.47083 14.1441 16.7483 0.317357 34.4999
1237006 2.22285 14.6621 3.47083 14.1441 16.7483 0.317357 34.4999
1237012 2.1552 14.412 3.57202 14.2603 16.6754 0.551641 34.3995
1237022 2.10688 14.1426 3.63274 14.5604 16.6679 0.846457 34.4426
1237032 2.10688 14.1426 3.63274 14.5604 16.6679 0.846457 34.4426
1237042 2.06822 13.9791 3.88571 14.8895 16.451 1.17508 34.8225
1237055 2.06822 13.9791 3.88571 14.8895 16.451 1.17508 34.8225
1237064 2.09721 13.854 3.96667 15.238 16.3757 1.38817 35.1559
1237074 2.08755 13.8732 4.14881 15.5478 16.2552 1.57157 35.6574
1237084 2.08755 13.8732 4.14881 15.5478 16.2552 1.57157 35.6574
1237094 2.04889 13.9117 4.25 15.7511 16.2422 1.68535 35.9617
1237104 2.10688 13.8444 4.33095 15.7802 16.074 1.73029 36.0624
1237115 2.10688 13.8444 4.33095 15.7802 16.074 1.73029 36.0624
1237129 2.09721 13.6135 4.32083 15.6253 16.0002 1.78175 35.6568
1237137 2.09721 13.6135 4.32083 15.6253 16.0002 1.78175 35.6568
1237145 2.05856 13.219 4.26012 15.5285 15.9904 1.92965 35.0662
1237158 1.92325 12.9785 4.33095 15.3639 15.9612 2.07814 34.5966
1237165 1.92325 12.9785 4.33095 15.3639 15.9612 2.07814 34.5966
1237175 1.92325 12.5167 4.21964 14.996 15.8739 2.12849 33.6556
1237185 1.82661 12.1319 4.17917 14.6765 15.8488 2.23862 32.8142
1237195 1.82661 12.1319 4.17917 14.6765 15.8488 2.23862 32.8142
1237210 1.6913 11.6412 4.17917 14.541 15.8425 2.52132 32.0527
1237216 1.6913 11.6412 4.17917 14.541 15.8425 2.52132 32.0527
1237226 1.65264 11.1121 4.17917 14.4539 15.713 2.80355 31.3977
1237236 1.49801 10.4578 4.45238 14.3667 15.3324 3.34522 30.775
1237255 1.49801 10.4578 4.45238 14.3667 15.3324 3.34522 30.775
1237256 2.35816 10.0153 5.17083 14.4248 13.2246 3.38869 31.9691
1237267 3.68221 9.60158 6.13214 14.1344 10.3737 3.12191 33.5503
1237294 5.7311 9.17827 7.00238 13.3986 6.96921 2.33288 35.3104
1237302 5.7311 9.17827 7.00238 13.3986 6.96921 2.33288 35.3104
1237312 7.49972 8.91851 8.23691 12.0723 3.57649 1.58914 36.7274
1237320 9.12337 8.24505 9.58274 10.4556 -0.00365824 1.07062 37.4067
1237329 9.12337 8.24505 9.58274 10.4556 -0.00365824 1.07062 37.4067
1237338 10.5247 7.44652 11.1006 8.83884 -3.52141 0.778745 37.9107
1237350 11.5202 6.63837 12.153 6.95103 -6.76534 0.380589 37.2626
1237359 11.5202 6.63837 12.153 6.95103 -6.76534 0.380589 37.2626
1237371 12.2933 6.01302 12.8107 5.18907 -9.57275 -0.126666 36.3061
1237383 12.2933 6.01302 12.8107 5.18907 -9.57275 -0.126666 36.3061
1237389 13.1632 5.44539 13.5393 3.95957 -11.9764 -0.460998 36.1074
1237399 13.772 5.00283 14.197 3.32062 -13.5328 -0.51962 36.2925
1237428 14.1489 4.62762 14.8042 3.04954 -14.5207 -0.377908 36.6303
1237430 14.3519 4.27165 15.3506 3.0205 -15.1443 -0.10236 36.9946
1237440 14.3519 4.27165 15.3506 3.0205 -15.1443 -0.10236 36.9946
1237452 14.3616 4.00226 15.6946 3.1754 -15.3614 0.20393 37.2339
1237460 14.3616 4.00226 15.6946 3.1754 -15.3614 0.20393 37.2339
1237470 14.004 3.67516 15.9476 3.25285 -15.6073 0.61877 36.8796
1237480 13.6657 3.24222 16.322 3.44647 -15.8815 1.16992 36.6764
1237490 13.6657 3.24222 16.322 3.44647 -15.8815 1.16992 36.6764
1237500 13.3565 2.97284 16.3423 3.51424 -16.0364 1.46213 36.1858
1237520 13.0085 2.68421 16.3423 3.47551 -16.3269 1.74246 35.5105
1237522 13.0085 2.68421 16.3423 3.47551 -16.3269 1.74246 35.5105
1237531 12.8056 2.26089 16.2917 3.50456 -16.7312 2.03502 34.8627
1237543 12.8056 2.26089 16.2917 3.50456 -16.7312 2.03502 34.8627
1237552 12.6123 1.91454 16.1298 3.48519 -17.0922 2.23544 34.1418
1237565 12.419 1.63554 16.1298 3.48519 -17.3956 2.47721 33.6695
1237572 12.419 1.63554 16.1298 3.48519 -17.3956 2.47721 33.6695
1237586 12.5253 1.48161 16.3321 3.48519 -17.6579 2.57674 33.8242
1237593 12.7669 1.45274 16.5851 3.60137 -17.6552 2.60135 34.4061
1237607 12.7669 1.45274 16.5851 3.60137 -17.6552 2.60135 34.4061
1237613 12.9602 1.49123 16.7571 3.63041 -17.6496 2.55581 34.839
1237622 12.9602 1.49123 16.7571 3.63041 -17.6496 2.55581 34.839
1237637 13.0472 1.4335 16.8179 3.61105 -17.7748 2.55584 34.9096
1237644 13.1245 1.44312 16.7976 3.582 -17.8104 2.49462 34.9473
1237654 13.1245 1.44312 16.7976 3.582 -17.8104 2.49462 34.9473
1237664 13.2308 1.50085 16.6863 3.60137 -17.7151 2.37983 35.0193
1237677 13.3178 1.50085 16.5244 3.50456 -17.8181 2.24276 34.8476
1237692 13.3178 1.50085 16.5244 3.50456 -17.8181 2.24276 34.8476
1237701 13.3081 1.53933 16.4738 3.47551 -17.7941 2.19928 34.7968
1237710 13.3081 1.53933 16.4738 3.47551 -17.7941 2.19928 34.7968
1237723 13.2791 1.49123 16.2411 3.44647 -17.8352 2.14052 34.4579
1237726 13.3178 1.52009 16.0792 3.3787 -17.858 2.02065 34.2958
1237736 13.3178 1.52009 16.0792 3.3787 -17.858 2.02065 34.2958
1237746 13.4144 1.55857 16.0286 3.39806 -17.7955 1.94201 34.3997
1237755 13.3371 1.53933 16.0994 3.46583 -17.7339 2.04205 34.4417
1237769 13.3371 1.53933 16.0994 3.46583 -17.7339 2.04205 34.4417
1237775 13.3661 1.57782 16.0286 3.42711 -17.7253 1.96735 34.3996
1237793 13.3661 1.57782 16.0286 3.42711 -17.7253 1.96735 34.3996
1237801 13.2695 1.54895 15.9071 3.3787 -17.7756 1.9649 34.1043
1237810 13.1728 1.54895 15.8667 3.3787 -17.7464 1.99763 33.9671
1237817 13.1728 1.54895 15.8667 3.3787 -17.7464 1.99763 33.9671
1237826 12.9989 1.47199 15.9375 3.3303 -17.8831 2.13269 33.7386
1237841 12.7669 1.41426 15.9982 3.50456 -17.6986 2.36979 33.6839
1237851 12.7669 1.41426 15.9982 3.50456 -17.6986 2.36979 33.6839
1237863 12.5446 1.3854 15.9071 3.50456 -17.6669 2.46613 33.3417
1237888 12.4576 2.13582 15.9375 3.79499 -16.361 2.24568 34.326
1237890 12.477 3.37691 15.6643 4.26936 -14.3171 1.70999 35.7875
1237897 12.477 3.37691 15.6643 4.26936 -14.3171 1.70999 35.7875
1237911 12.4093 5.03169 15.2292 5.16002 -11.5297 1.16898 37.8302
1237919 12.0807 6.54216 14.6423 6.84453 -8.31239 1.07103 40.1097
1237934 12.0807 6.54216 14.6423 6.84453 -8.31239 1.07103 40.1097
1237939 11.6362 7.99491 13.256 7.74487 -5.63125 0.505673 40.6319
1237949 10.8437 8.83192 11.0905 7.38667 -3.74517 -0.47117 38.1527
1237959 10.8437 8.83192 11.0905 7.38667 -3.74517 -0.47117 38.1527
1237969 9.99318 9.46689 8.99583 6.71868 -1.99252 -1.59727 35.1746
1237981 9.99318 9.46689 8.99583 6.71868 -1.99252 -1.59727 35.1746
1237990 9.48096 10.0922 7.09345 6.47665 -0.00415444 -2.71688 33.1433
1238002 9.13303 10.8234 5.92976 6.89294 2.02383 -3.26446 32.7792
1238010 9.13303 10.8234 5.92976 6.89294 2.02383 -3.26446 32.7792
1238025 8.79477 11.6123 5.18095 7.67711 3.99346 -3.40403 33.2652
1238039 8.49517 12.3435 4.94821 8.75171 5.53862 -3.10034 34.5386
1238041 8.49517 12.3435 4.94821 8.75171 5.53862 -3.10034 34.5386
1238051 8.10858 13.0266 4.95833 9.7779 6.78645 -2.67578 35.8714
1238061 8.10858 13.0266 4.95833 9.7779 6.78645 -2.67578 35.8714
1238080 7.49005 13.5173 4.80655 10.3975 8.02107 -2.40392 36.2114
1238084 6.6589 13.9887 4.60417 10.8331 9.39366 -2.16584 36.0849
1238101 5.96305 14.3831 4.44226 11.2107 10.5478 -1.95555 35.9991
1238111 5.09324 14.691 4.31071 11.5399 11.8051 -1.65582 35.6348
1238126 5.09324 14.691 4.31071 11.5399 11.8051 -1.65582 35.6348
1238133 4.32973 14.893 4.1994 11.8787 12.9194 -1.33623 35.3009
1238147 4.32973 14.893 4.1994 11.8787 12.9194 -1.33623 35.3009
1238152 3.69187 15.1432 4.04762 12.082 13.9324 -1.16064 34.9647
1238162 3.37294 15.3741 4.00714 12.2563 14.4602 -1.06409 35.0104
1238195 3.44059 15.605 3.9869 12.3531 14.5049 -1.14691 35.3856
1238197 3.36327 15.7012 3.94643 12.4015 14.6792 -1.15068 35.4124
1238221 3.32462 15.6242 3.91607 12.3918 14.7315 -1.1236 35.2567
1238224 3.32462 15.6242 3.91607 12.3918 14.7315 -1.1236 35.2567
1238234 3.29562 15.5088 3.97679 12.4596 14.6818 -1.00794 35.2407
1238244 3.26663 15.3452 3.94643 12.3821 14.6781 -0.980226 34.9404
1238259 3.26663 15.3452 3.94643 12.3821 14.6781 -0.980226 34.9404
1238269 3.15065 15.172 3.86548 12.2079 14.801 -0.98094 34.396
1238275 3.14099 14.9027 3.89583 12.1014 14.6642 -0.901761 34.0408
1238285 3.14099 14.9027 3.89583 12.1014 14.6642 -0.901761 34.0408
1238296 3.04434 14.7102 3.72381 11.9755 14.8844 -0.921536 33.4539
1238305 3.04434 14.7102 3.72381 11.9755 14.8844 -0.921536 33.4539
1238322 2.9187 14.6429 3.71369 11.9562 15.0209 -0.853902 33.2314
1238326 2.88005 14.4505 3.80476 12.0433 14.926 -0.67023 33.1786
1238336 2.88005 14.4505 3.80476 12.0433 14.926 -0.67023 33.1786
1238346 2.90904 14.3928 3.90595 12.1885 14.7968 -0.542283 33.3962
1238356 2.88005 14.2388 4.04762 12.3337 14.6603 -0.330237 33.5002
1238373 2.88005 14.2388 4.04762 12.3337 14.6603 -0.330237 33.5002
1238378 2.77374 14.1138 4.10833 12.508 14.7294 -0.12141 33.5038
1238387 2.77374 14.1138 4.10833 12.508 14.7294 -0.12141 33.5038
1238406 2.82206 13.931 4.27024 12.6822 14.479 0.0887614 33.7055
1238407 2.77374 13.8925 4.54345 13.1469 14.3511 0.447149 34.3566
1238419 2.77374 13.8925 4.54345 13.1469 14.3511 0.447149 34.3566
1238428 2.76407 13.7385 4.70536 13.5051 14.2412 0.737996 34.7131
1238446 2.77374 13.4884 4.97857 13.8924 13.9672 1.11382 35.1331
1238453 2.77374 13.4884 4.97857 13.8924 13.9672 1.11382 35.1331
1238459 2.52246 13.1036 5.11012 14.115 14.0498 1.54907 34.8512
1238469 2.56111 12.9304 5.23155 14.2312 13.8531 1.70419 34.9543
1238479 2.56111 12.9304 5.23155 14.2312 13.8531 1.70419 34.9543
1238491 2.51279 12.7091 5.25179 14.328 13.8445 1.87831 34.8017
1238499 2.51279 12.7091 5.25179 14.328 13.8445 1.87831 34.8017
1238518 2.90904 12.584 5.45417 14.2118 13.1066 1.78031 35.1591
1238526 3.35361 12.4012 5.63631 14.0085 12.3023 1.64832 35.3997
1238546 3.93349 11.9779 5.66667 13.6019 11.3557 1.43143 35.18
1238551 4.5037 11.3911 5.98036 13.0114 9.97405 1.3316 34.8865
1238566 4.5037 11.3911 5.98036 13.0114 9.97405 1.3316 34.8865
1238570 5.18022 10.9389 6.19286 12.2853 8.56362 1.0228 34.5973
1238580 5.18022 10.9389 6.19286 12.2853 8.56362 1.0228 34.5973
1238595 5.87607 10.6599 6.54702 11.5495 7.06441 0.675938 34.6325
1238601 6.62024 10.4675 7.09345 10.7073 5.34637 0.306569 34.8884
1238628 7.39341 10.3231 7.94345 9.86503 3.41402 0.0388187 35.525
1238639 7.39341 10.3231 7.94345 9.86503 3.41402 0.0388187 35.525
1238641 8.27288 9.99604 8.72262 8.89692 1.32178 -0.271415 35.8885
1238651 9.24901 9.44765 9.41071 7.85137 -0.946017 -0.598427 35.9587
1238665 9.24901 9.44765 9.41071 7.85137 -0.946017 -0.598427 35.9587
1238676 10.0512 8.74533 10.0077 6.92198 -3.07309 -0.783785 35.7262
1238690 10.689 8.06225 11.0804 6.27335 -5.14734 -0.580629 36.105
1238693 10.689 8.06225 11.0804 6.27335 -5.14734 -0.580629 36.105
1238702 11.1916 7.49462 12.1125 5.91515 -6.73745 -0.269065 36.7139
1238715 11.6362 7.49462 13.0131 5.71184 -7.55684 -0.160811 37.8557
1238723 11.6362 6.77306 13.0131 5.71184 -8.18946 0.127532 37.1342
1238741 11.9648 6.20543 13.6607 5.55695 -9.26978 0.420249 37.3878
1238743 11.9648 6.20543 13.6607 5.55695 -9.26978 0.420249 37.3878
1238765 12.1291 5.64743 13.9542 5.35364 -10.1675 0.619401 37.0843
1238770 12.1097 5.05093 14.0756 5.11162 -11.0204 0.836316 36.3479
1238779 12.1097 5.05093 14.0756 5.11162 -11.0204 0.836316 36.3479
1238790 12.2547 4.45444 14.1667 4.918 -11.9077 0.995507 35.7938
1238796 12.245 4.45444 14.3185 4.74374 -12.1396 0.991028 35.7617
1238805 12.245 3.9253 14.3185 4.74374 -12.6974 1.23119 35.2325
1238817 12.2257 3.44426 14.4298 4.64692 -13.3569 1.47067 34.7466
1238825 12.2257 3.44426 14.4298 4.64692 -13.3569 1.47067 34.7466
1238842 12.216 3.01132 14.6321 4.57916 -13.9797 1.73524 34.4387
1238845 12.3223 2.70345 14.8244 4.47267 -14.5462 1.86666 34.3229
1238873 12.2837 2.5399 14.9762 4.44362 -14.8031 2.01334 34.2434
1238876 12.3223 2.47255 15.1786 4.54043 -14.8403 2.14006 34.5139
1238892 12.3223 2.47255 15.1786 4.54043 -14.8403 2.14006 34.5139
1238896 12.1677 2.43407 15.2595 4.59852 -14.796 2.288 34.4598
1238923 12.0807 2.44369 15.5631 4.65661 -14.782 2.45881 34.7441
1238927 11.8681 2.37634 15.6845 4.77278 -14.6992 2.68553 34.7018
1238943 11.8681 2.37634 15.6845 4.77278 -14.6992 2.68553 34.7018
1238948 11.6458 2.25127 15.7149 4.83087 -14.719 2.89551 34.4428
1238957 11.4042 2.21279 15.7958 4.87927 -14.6593 3.08735 34.2921
1238969 11.4042 2.21279 15.7958 4.87927 -14.6593 3.08735 34.2921
1238977 11.1046 2.15507 15.9982 4.99544 -14.5623 3.38682 34.2533
1238994 11.1046 2.15507 15.9982 4.99544 -14.5623 3.38682 34.2533
1238997 10.8727 2.10696 16.231 5.03417 -14.5734 3.62925 34.2447
1239020 10.863 2.13582 16.3423 5.15034 -14.4377 3.69387 34.4914
1239021 10.863 2.13582 16.3423 5.15034 -14.4377 3.69387 34.4914
1239029 10.8147 2.1262 16.3929 5.14066 -14.4605 3.73871 34.4744
1239046 10.8727 2.10696 16.3827 5.20843 -14.4197 3.73649 34.5708
1239049 10.8727 2.10696 16.3827 5.20843 -14.4197 3.73649 34.5708
1239073 10.9016 2.09734 16.4333 5.13098 -14.5434 3.71723 34.5633
1239076 10.9016 2.09734 16.4333 5.13098 -14.5434 3.71723 34.5633
1239085 10.834 2.10696 16.3726 5.13098 -14.4933 3.72888 34.4446
1239098 10.805 2.06848 16.4131 5.16002 -14.5077 3.78831 34.4466
1239100 10.805 2.06848 16.4131 5.16002 -14.5077 3.78831 34.4466
1239110 10.7953 2.02999 16.3827 5.14066 -14.562 3.79842 34.3487
1239125 10.7567 2.00113 16.2815 5.14066 -14.5527 3.8024 34.18
1239130 10.7567 2.00113 16.2815 5.14066 -14.5527 3.8024 34.18
1239140 10.66 2.02037 16.1702 5.25683 -14.3319 3.84666 34.1075
1239159 10.66 2.02037 16.1702 5.25683 -14.3319 3.84666 34.1075
1239169 10.8243 3.02094 16.0589 5.35364 -13.1238 3.21941 35.2578
1239180 10.921 3.93492 15.4518 5.59567 -11.7274 2.58676 35.9034
1239187 10.921 3.93492 15.4518 5.59567 -11.7274 2.58676 35.9034
1239207 10.863 5.11828 14.7131 5.9926 -9.85719 1.93165 36.687
1239218 10.7084 6.45557 14.106 7.28018 -7.18452 1.64288 38.5501
1239219 10.7084 6.45557 14.106 7.28018 -7.18452 1.64288 38.5501
1239233 10.4861 7.97567 13.0637 8.77107 -4.22061 1.25558 40.2965
1239237 10.4861 7.97567 13.0637 8.77107 -4.22061 1.25558 40.2965
1239241 9.79022 8.96661 11.4345 9.10023 -2.00928 0.67874 39.2916
1239259 9.02672 9.89021 9.48155 8.69362 0.0509322 -0.299967 37.0921
1239263 9.02672 9.89021 9.48155 8.69362 0.0509322 -0.299967 37.0921
1239272 8.44685 10.708 7.68036 8.16116 1.95873 -1.42014 34.9963
1239285 7.90563 11.4969 6.22321 8.1902 4.10919 -2.21305 33.8159
1239312 7.23877 12.3147 5.13036 8.69362 6.47081 -2.57485 33.3774
1239315 7.23877 12.3147 5.13036 8.69362 6.47081 -2.57485 33.3774
1239323 6.61057 12.9881 4.43214 9.50683 8.53684 -2.53135 33.5377
1239338 6.12735 13.652 3.99702 10.4943 10.2288 -2.3145 34.2706
1239343 6.12735 13.652 3.99702 10.4943 10.2288 -2.3145 34.2706
1239364 5.64412 14.2677 3.89583 11.3075 11.4162 -2.01129 35.1152
1239367 5.14156 14.7006 3.76429 11.9174 12.465 -1.75676 35.5239
1239391 4.58101 15.1047 3.54167 12.3628 13.5886 -1.59368 35.5901
1239394 4.58101 15.1047 3.54167 12.3628 13.5886 -1.59368 35.5901
1239404 4.10745 15.3356 3.42024 12.6532 14.4025 -1.42312 35.5165
1239417 3.63388 15.5473 3.28869 12.8081 15.1885 -1.31146 35.2779
1239444 3.31495 15.6435 3.1369 12.8952 15.7806 -1.25446 34.9905
1239446 3.13132 15.6723 2.99524 12.779 16.1409 -1.31415 34.5779
1239455 3.13132 15.6723 2.99524 12.779 16.1409 -1.31415 34.5779
1239470 3.03468 15.7301 2.90417 12.6338 16.3435 -1.411 34.3027
1239475 3.03468 15.7301 2.90417 12.6338 16.3435 -1.411 34.3027
1239485 2.88005 15.7204 2.82321 12.5564 16.6079 -1.42181 33.9801
1239504 2.85105 15.8936 2.74226 12.5467 16.7827 -1.52307 34.0336
1239507 2.85105 15.8936 2.74226 12.5467 16.7827 -1.52307 34.0336
1239523 2.88971 15.9706 2.73214 12.5564 16.7686 -1.56891 34.1488
1239530 2.96703 16.0764 2.79286 12.5854 16.6334 -1.59717 34.4217
1239539 2.96703 16.0764 2.79286 12.5854 16.6334 -1.59717 34.4217
1239551 2.98636 16.1341 2.87381 12.5661 16.5218 -1.59747 34.5603
1239556 2.98636 16.1341 2.87381 12.5661 16.5218 -1.59747 34.5603
1239566 2.97669 16.1053 2.83333 12.5951 16.5822 -1.58801 34.5104
1239581 2.92837 15.9898 2.8131 12.6338 16.6464 -1.51517 34.3651
1239588 2.92837 15.9898 2.8131 12.6338 16.6464 -1.51517 34.3651
1239606 2.98636 16.0187 2.72202 12.6048 16.6865 -1.60706 34.3318
1239608 2.93803 16.0379 2.83333 12.537 16.5983 -1.57467 34.3463
1239618 2.93803 16.0379 2.83333 12.537 16.5983 -1.57467 34.3463
1239633 3.00569 16.0379 2.83333 12.5951 16.5308 -1.57309 34.472
1239637 3.00569 16.0379 2.83333 12.5951 16.5308 -1.57309 34.472
1239661 2.93803 15.9032 2.94464 12.7887 16.4928 -1.34834 34.5746
1239663 2.95736 15.7108 3.08631 12.963 16.2959 -1.13151 34.7175
1239669 2.95736 15.7108 3.08631 12.963 16.2959 -1.13151 34.7175
1239688 2.90904 15.4799 3.12679 12.963 16.247 -1.00026 34.4787
1239692 2.87038 15.2779 3.09643 12.9533 16.2761 -0.920457 34.198
1239700 2.87038 15.2779 3.09643 12.9533 16.2761 -0.920457 34.198
1239716 2.76407 14.9604 3.19762 13.0598 16.2281 -0.647569 33.9819
1239720 2.76407 14.9604 3.19762 13.0598 16.2281 -0.647569 33.9819
1239730 2.65776 14.614 3.22798 13.1469 16.2536 -0.399844 33.6467
1239744 2.6191 14.2773 3.42024 13.4567 16.059 -0.0086394 33.7734
1239750 2.6191 14.2773 3.42024 13.4567 16.059 -0.0086394 33.7734
1239760 2.81239 13.8059 3.81488 13.7859 15.3164 0.430672 34.219
1239773 3.22797 13.1517 4.21964 14.1441 14.282 0.856599 34.7434
1239780 3.22797 13.1517 4.21964 14.1441 14.282 0.856599 34.7434
1239799 3.66288 12.3531 4.81667 14.4539 12.9847 1.38347 35.2866
1239808 3.66288 12.3531 4.81667 14.4539 12.9847 1.38347 35.2866
1239826 3.92382 11.2756 5.40357 14.5991 11.7517 2.04671 35.2021
1239828 4.39738 10.4386 6.1119 14.5894 10.2137 2.47571 35.5373
1239831 4.39738 10.4386 6.1119 14.5894 10.2137 2.47571 35.5373
1239841 5.11256 9.90945 7.20476 14.4636 8.21448 2.71719 36.6903
1239856 5.78908 9.48613 8.47976 14.1538 6.18 2.91159 37.9087
1239866 5.78908 9.48613 8.47976 14.1538 6.18 2.91159 37.9087
1239881 6.17567 8.86078 9.32976 13.5148 4.53404 3.09183 37.881
1239884 6.17567 8.86078 9.32976 13.5148 4.53404 3.09183 37.881
1239894 6.3303 8.08149 9.69405 12.3918 3.04742 3.15392 36.4976
1239909 6.52359 7.27334 9.73452 11.3075 1.66677 3.1194 34.839
1239912 6.52359 7.27334 9.73452 11.3075 1.66677 3.1194 34.839
1239938 6.76521 6.52292 10.1798 10.504 0.0602961 3.26547 33.9719
1239940 7.16146 6.08998 10.7667 9.99089 -1.35791 3.31065 34.009
1239944 7.16146 6.08998 10.7667 9.99089 -1.35791 3.31065 34.009
1239954 7.5867 5.76288 11.5155 9.51651 -2.77967 3.35169 34.3816
1239967 8.01194 5.37804 12.2946 8.95501 -4.31119 3.40347 34.6396
1239974 8.01194 5.37804 12.2946 8.95501 -4.31119 3.40347 34.6396
1239994 8.5145 5.00283 13.2054 8.35478 -5.95984 3.43931 35.0775
1239995 8.5145 5.00283 13.2054 8.35478 -5.95984 3.43931 35.0775
1240005 8.98806 4.78155 13.7923 7.69647 -7.30487 3.28396 35.2583
1240022 9.47129 4.60838 14.3286 7.15433 -8.46196 3.12262 35.5626
1240025 9.47129 4.60838 14.3286 7.15433 -8.46196 3.12262 35.5626
1240035 9.8772 4.57951 14.9155 6.67027 -9.39371 2.96693 36.0425
1240053 10.3701 4.37748 15.6643 6.51538 -10.2509 3.01895 36.9272
1240056 10.3701 4.37748 15.6643 6.51538 -10.2509 3.01895 36.9272
1240065 10.631 4.13696 16.1905 6.33144 -10.9635 3.11904 37.2899
1240081 10.631 4.13696 16.1905 6.33144 -10.9635 3.11904 37.2899
1240086 10.6697 3.87719 16.4333 6.15718 -11.4902 3.24886 37.1374
1240096 10.4571 3.2807 16.4637 5.96355 -12.2193 3.60409 36.165
1240111 10.4571 3.2807 16.4637 5.96355 -12.2193 3.60409 36.165
1240117 10.3024 2.70345 16.4839 5.71184 -13.047 3.91596 35.2017
1240126 10.3024 2.70345 16.4839 5.71184 -13.047 3.91596 35.2017
1240141 10.1575 2.22241 16.656 5.67312 -13.6261 4.29969 34.709
1240146 10.0898 1.77985 16.9393 5.65376 -14.215 4.66738 34.4627
1240167 10.0898 1.77985 16.9393 5.65376 -14.215 4.66738 34.4627
1240169 10.1285 1.71251 17.2021 5.71184 -14.319 4.77903 34.755
1240181 10.1285 1.60668 17.4649 5.77961 -14.442 4.93545 34.9797
1240188 10.1285 1.60668 17.4649 5.77961 -14.442 4.93545 34.9797
1240199 10.2735 1.62592 17.5458 5.79897 -14.4665 4.87119 35.2441
1240207 10.2735 1.62592 17.5458 5.79897 -14.4665 4.87119 35.2441
1240229 10.2638 1.63554 17.566 5.80866 -14.448 4.8798 35.274
1240236 10.2348 1.59706 17.5357 5.80866 -14.4734 4.90921 35.1762
1240238 10.2348 1.59706 17.5357 5.80866 -14.4734 4.90921 35.1762
1240257 10.2541 1.67402 17.4346 5.73121 -14.4494 4.80325 35.094
1240259 10.2251 1.64516 17.2931 5.72153 -14.4414 4.7919 34.8849
1240284 10.2251 1.64516 17.2931 5.72153 -14.4414 4.7919 34.8849
1240285 10.0802 1.64516 17.1415 5.65376 -14.4282 4.81015 34.5206
1240289 10.0802 1.64516 17.1415 5.65376 -14.4282 4.81015 34.5206
1240299 9.99318 1.54895 17.0505 5.62472 -14.5175 4.88047 34.2174
1240313 9.96418 1.55857 17.0606 5.64408 -14.4783 4.90043 34.2275
1240341 9.85787 1.53933 16.9494 5.70216 -14.366 4.95805 34.0488
1240344 9.76123 1.54895 17 5.66344 -14.3853 5.01268 33.9736
1240354 9.76123 1.54895 17 5.66344 -14.3853 5.01268 33.9736
1240369 9.77089 1.55857 17 5.6828 -14.3548 5.00702 34.0123
1240371 9.77089 1.47199 16.9798 5.69248 -14.4376 5.05499 33.9151
1240385 9.77089 1.47199 16.9798 5.69248 -14.4376 5.05499 33.9151
1240398 9.7129 1.53933 17.091 5.71184 -14.3537 5.0876 34.055
1240427 9.79989 1.51047 17.1112 5.71184 -14.4205 5.05927 34.1334
1240429 9.79989 1.53933 17.1718 5.76993 -14.3392 5.07681 34.281
1240432 9.79989 1.53933 17.1718 5.76993 -14.3392 5.07681 34.281
1240441 9.83854 1.55857 17.2021 5.80866 -14.2943 5.06294 34.4079
1240458 9.79989 1.54895 17.2122 5.77961 -14.3296 5.08566 34.3407
1240466 9.79989 1.54895 17.2122 5.77961 -14.3296 5.08566 34.3407
1240472 10.0415 2.33786 17.1819 6.03132 -13.2431 4.56579 35.5926
1240499 10.1092 3.09791 16.6357 6.33144 -11.9668 4.04712 36.1742
1240503 10.0995 4.14658 16.0185 6.65091 -10.3754 3.42267 36.9154
1240517 10.0995 4.14658 16.0185 6.65091 -10.3754 3.42267 36.9154
1240523 10.0125 5.38766 15.0065 7.0672 -8.38196 2.67129 37.4739
1240532 9.89653 6.75382 13.6101 7.66743 -5.9886 1.83 37.9279
1240547 9.89653 6.75382 13.6101 7.66743 -5.9886 1.83 37.9279
1240554 9.70324 8.28353 11.8798 8.09339 -3.42866 0.784927 37.9599
1240580 9.14269 9.41879 9.88631 8.2967 -0.893684 -0.154503 36.7445
1240584 8.66913 10.6022 7.99405 8.5 1.70484 -1.16477 35.7653
1240610 8.66913 10.6022 7.99405 8.5 1.70484 -1.16477 35.7653
1240613 8.15691 11.7278 6.4256 8.68394 4.16442 -2.04683 34.9942
1240621 7.5867 12.6129 5.1506 9.10023 6.51359 -2.59015 34.4504
1240642 7.5867 12.6129 5.1506 9.10023 6.51359 -2.59015 34.4504
1240642 7.06481 13.3537 4.44226 9.60364 8.30587 -2.77356 34.4644
1240650 7.06481 13.3537 4.44226 9.60364 8.30587 -2.77356 34.4644
1240673 6.60091 14.0368 4.00714 10.3394 9.83882 -2.69742 34.9842
1240674 6.09835 14.5178 3.80476 11.0655 11.0466 -2.42878 35.4864
1240677 6.09835 14.5178 3.80476 11.0655 11.0466 -2.42878 35.4864
1240686 5.49915 14.8738 3.63274 11.5399 12.1547 -2.19451 35.5455
1240702 4.9676 15.1432 3.52143 11.9174 13.0603 -1.97129 35.5496
1240706 4.9676 15.1432 3.52143 11.9174 13.0603 -1.97129 35.5496
1240716 4.45537 15.2105 3.38988 12.2079 13.8763 -1.73046 35.2636
1240734 4.45537 15.2105 3.38988 12.2079 13.8763 -1.73046 35.2636
1240738 3.91416 15.1817 3.3494 12.4983 14.6067 -1.3943 34.9435
1240747 3.48891 15.1432 3.29881 12.8081 15.2304 -1.09036 34.739
1240761 3.48891 15.1432 3.29881 12.8081 15.2304 -1.09036 34.739
1240767 3.07334 14.9796 3.19762 12.9727 15.8382 -0.825175 34.2232
1240778 2.73508 14.8257 3.27857 13.205 16.1679 -0.474611 34.0444
1240793 2.73508 14.8257 3.27857 13.205 16.1679 -0.474611 34.0444
1240799 2.54179 14.7295 3.33929 13.5148 16.3831 -0.183372 34.1254
1240809 2.54179 14.7295 3.33929 13.5148 16.3831 -0.183372 34.1254
1240824 2.39682 14.5563 3.50119 13.8633 16.4067 0.179817 34.3176
1240829 2.33883 14.3254 3.73393 14.3183 16.2538 0.599726 34.7165
1240839 2.33883 14.3254 3.73393 14.3183 16.2538 0.599726 34.7165
1240855 2.33883 14.1041 3.8756 14.5991 16.1013 0.872793 34.9176
1240864 2.32916 13.9117 3.9869 14.7346 15.9673 1.06428 34.9624
1240870 2.32916 13.9117 3.9869 14.7346 15.9673 1.06428 34.9624
1240885 2.23252 13.6038 4.05774 14.7927 15.9328 1.30341 34.6868
1240890 2.23252 13.6038 4.05774 14.7927 15.9328 1.30341 34.6868
1240900 2.22285 13.4114 4.14881 14.9089 15.8168 1.4802 34.692
1240920 2.27118 13.3922 4.25 14.8895 15.6313 1.49822 34.8029
1240922 2.27118 13.3922 4.25 14.8895 15.6313 1.49822 34.8029
1240930 2.29051 13.3537 4.25 14.8605 15.5905 1.49603 34.7547
1240952 2.3195 13.2671 4.27024 14.8411 15.5041 1.52375 34.698
1240962 2.26151 13.1132 4.33095 14.7927 15.4453 1.63006 34.4984
1240982 2.24218 12.9881 4.3006 14.7733 15.4636 1.68069 34.3042
1240991 2.27118 12.8149 4.34107 14.8121 15.3441 1.78174 34.2393
1241015 2.27118 12.8149 4.34107 14.8121 15.3441 1.78174 34.2393
1241020 2.20352 12.7284 4.34107 14.6378 15.3503 1.79014 33.9108
1241025 2.21319 12.5359 4.34107 14.512 15.2473 1.83198 33.6022
1241048 2.21319 12.5359 4.34107 14.512 15.2473 1.83198 33.6022
1241050 2.12621 12.305 4.27024 14.4055 15.3397 1.92307 33.1069
1241056 2.05856 12.0645 4.26012 14.3377 15.3446 2.05132 32.7209
1241074 1.97157 11.747 4.31071 14.2893 15.2807 2.2656 32.3186
1241103 1.97157 11.747 4.31071 14.2893 15.2807 2.2656 32.3186
1241103 1.82661 11.3333 4.33095 14.0763 15.2469 2.49341 31.5672
1241105 2.3195 10.9293 4.89762 14.4151 13.9177 2.79349 32.5615
1241135 2.47413 10.4675 5.46429 14.9089 13.0857 3.34608 33.3148
1241136 3.21831 10.1307 6.23333 15.4123 11.4956 3.55623 34.9947
1241145 3.21831 10.1307 6.23333 15.4123 11.4956 3.55623 34.9947
1241167 4.23309 9.77476 7.08333 15.5188 9.54462 3.52129 36.61
1241169 4.23309 9.77476 7.08333 15.5188 9.54462 3.52129 36.61
1241176 5.13189 9.17827 9.0869 15.7027 6.8173 4.02028 39.0998
1241202 5.83741 8.62026 13.4077 16.5256 3.32316 5.22933 44.391
1241204 5.83741 8.62026 13.4077 16.5256 3.32316 5.22933 44.391
1241206 5.99204 7.93718 14.9762 16.09 1.69958 5.7129 44.9954
1241216 5.66344 7.09055 13.2357 14.1247 1.44344 5.46179 40.1144
1241233 5.66344 7.09055 13.2357 14.1247 1.44344 5.46179 40.1144
1241241 5.41217 6.20543 11.8899 12.4208 0.92144 5.29935 35.9283
1241263 5.35418 5.52235 11.3738 11.2397 0.0254661 5.25694 33.4901
1241268 5.50881 4.99321 11.3738 10.4265 -1.13217 5.24652 32.3024
1241277 5.50881 4.99321 11.3738 10.4265 -1.13217 5.24652 32.3024
1241295 5.83741 4.64686 11.9911 9.73918 -2.6715 5.23645 32.2145
1241297 6.20466 4.4833 13.1649 9.47779 -4.05666 5.38005 33.3306
1241310 6.20466 4.4833 13.1649 9.47779 -4.05666 5.38005 33.3306
1241339 6.64923 4.39672 14.2881 9.30353 -5.22343 5.43298 34.6376
1241356 7.08414 4.00226 16.15 8.47096 -7.5341 5.68561 35.7074
1241359 7.08414 4.00226 16.15 8.47096 -7.5341 5.68561 35.7074
1241369 7.23877 3.75212 16.9292 7.87073 -8.76279 5.78738 35.7908
1241389 7.31609 3.52122 17.566 7.13497 -10.0074 5.85157 35.5383
1241391 7.31609 3.52122 17.566 7.13497 -10.0074 5.85157 35.5383
1241400 7.39341 3.29994 18.3038 6.66059 -11.0331 6.00335 35.6577
1241427 7.48039 3.13639 18.7384 6.41856 -11.6453 6.09673 35.7737
1241430 7.53837 3.02094 19.2235 6.3508 -12.0318 6.23312 36.1337
1241453 7.53837 3.02094 19.2235 6.3508 -12.0318 6.23312 36.1337
1241453 7.5577 2.73231 19.6177 6.29271 -12.5346 6.47247 36.2004
1241461 7.49972 2.27051 20.0018 6.21526 -13.21 6.85526 35.9873
1241484 7.49972 2.27051 20.0018 6.21526 -13.21 6.85526 35.9873
1241486 7.43206 1.90492 20.2342 6.11845 -13.7595 7.15152 35.6897
1241491 7.21944 1.36616 20.6284 6.03132 -14.5057 7.69214 35.2453
1241501 7.21944 1.36616 20.6284 6.03132 -14.5057 7.69214 35.2453
1241518 7.18078 0.93322 20.9417 6.00228 -15.1085 8.05665 35.058
1241522 7.18078 0.93322 20.9417 6.00228 -15.1085 8.05665 35.058
1241552 7.20011 0.47142 21.0024 5.91515 -15.7679 8.34628 34.5891
1241554 7.23877 0.307866 21.154 5.89579 -16.0343 8.45599 34.5964
1241555 7.23877 0.307866 21.154 5.89579 -16.0343 8.45599 34.5964
1241562 7.31609 0.336729 21.1641 5.9926 -15.9086 8.40454 34.8095
1241584 7.46106 0.355971 21.063 5.95387 -15.943 8.26775 34.8339
1241585 7.46106 0.355971 21.063 5.95387 -15.943 8.26775 34.8339
1241592 7.59636 0.394454 20.9518 5.84738 -16.0293 8.10939 34.79
1241616 7.59636 0.394454 20.9518 5.84738 -16.0293 8.10939 34.79
1241621 7.65435 0.394454 20.6891 5.77961 -16.0566 8.00459 34.5175
1241631 7.59636 0.432937 20.3555 5.73121 -15.9659 7.93942 34.116
1241649 7.59636 0.432937 20.3555 5.73121 -15.9659 7.93942 34.116
1241650 7.68334 0.4618 20.0725 5.54727 -16.1016 7.76308 33.7649
1241654 7.62536 0.4618 19.8906 5.5279 -16.0617 7.759 33.5057
1241680 7.62536 0.519525 19.8906 5.5279 -15.991 7.71985 33.5634
1241682 7.61569 0.4618 19.6986 5.48918 -16.0553 7.71538 33.2652
1241685 7.61569 0.4618 19.6986 5.48918 -16.0553 7.71538 33.2652
1241714 7.56737 0.375212 19.4964 5.33428 -16.2894 7.72953 32.7733
1241716 7.4224 0.365591 19.3954 5.35364 -16.2112 7.81926 32.537
1241720 7.4224 0.365591 19.3954 5.35364 -16.2112 7.81926 32.537
1241729 7.51904 0.34635 19.4964 5.41173 -16.2154 7.80024 32.7736
1241749 7.64468 0.808149 19.5975 5.65376 -15.4138 7.47614 33.7041
1241751 7.64468 0.808149 19.5975 5.65376 -15.4138 7.47614 33.7041
1241757 8.17624 2.13582 19.1932 5.73121 -13.8368 6.22041 35.2365
1241783 8.17624 2.13582 19.1932 5.73121 -13.8368 6.22041 35.2365
1241785 8.37919 3.50198 18.4655 5.8377 -12.0943 5.14948 36.1844
1241795 8.39852 4.81041 17.2729 6.08941 -10.0978 4.16449 36.5712
1241817 8.39852 6.70572 15.5631 6.20558 -7.49217 2.71111 36.8729
1241822 8.13758 8.43746 13.8024 6.1959 -4.99448 1.40399 36.5733
1241827 8.13758 8.43746 13.8024 6.1959 -4.99448 1.40399 36.5733
1241853 7.77032 9.76514 11.8696 6.37016 -2.44909 0.29532 35.7753
1241854 7.77032 9.76514 11.8696 6.37016 -2.44909 0.29532 35.7753
1241857 7.41273 10.987 10.281 7.15433 0.312281 -0.4037 35.835
1241868 7.10347 12.2858 8.91488 8.74203 3.38056 -0.701432 37.0462
1241887 7.10347 12.2858 8.91488 8.74203 3.38056 -0.701432 37.0462
1241892 6.68789 13.296 7.28571 9.53588 6.01694 -1.28878 36.8055
1241899 6.14667 14.0368 5.55536 9.62301 8.45386 -2.12309 35.3618
1241920 6.14667 14.0368 5.55536 9.62301 8.45386 -2.12309 35.3618
1241921 5.58613 14.8161 4.17917 9.61333 10.721 -2.89944 34.1947
1241953 5.19955 15.7204 3.35952 9.74886 12.4236 -3.44342 34.0284
1241954 4.94827 16.442 2.94464 9.90376 13.4737 -3.7422 34.2387
1241960 4.94827 16.442 2.94464 9.90376 13.4737 -3.7422 34.2387
1241970 4.74531 17.0096 2.82321 10.1458 14.1018 -3.79532 34.7239
1241988 4.51336 17.4401 2.68155 10.5814 14.7847 -3.70159 35.2164
1241995 4.51336 17.4401 2.68155 10.5814 14.7847 -3.70159 35.2164
1242001 4.27175 17.7558 2.6006 10.8815 15.3233 -3.60974 35.5097
1242020 4.27175 17.7558 2.6006 10.8815 15.3233 -3.60974 35.5097
1242022 4.09778 18.0236 2.57024 11.0364 15.6684 -3.57481 35.7281
1242031 3.93349 18.1576 2.47917 11.0752 16.0049 -3.59235 35.6454
1242055 3.93349 18.1576 2.47917 11.0752 16.0049 -3.59235 35.6454
1242057 3.76919 18.1958 2.48929 11.3172 16.2522 -3.42111 35.7715
1242061 3.68221 18.1671 2.48929 11.6173 16.418 -3.2301 35.9559
1242071 3.68221 18.1671 2.48929 11.6173 16.418 -3.2301 35.9559
1242090 3.60489 18.0523 2.64107 11.8109 16.3513 -2.99309 36.1092
1242100 3.60489 18.0523 2.64107 11.8109 16.3513 -2.99309 36.1092
1242121 3.48891 17.7653 2.73214 12.0142 16.3598 -2.71157 36.0006
1242122 3.46958 17.4975 2.90417 12.1014 16.1408 -2.48586 35.9726
1242126 3.46958 17.4975 2.90417 12.1014 16.1408 -2.48586 35.9726
1242132 3.43093 17.0478 3.03571 12.2466 15.9585 -2.17966 35.7611
1242155 3.3826 16.5478 3.1875 12.4112 15.7539 -1.82882 35.5291
1242156 3.3826 16.5478 3.1875 12.4112 15.7539 -1.82882 35.5291
1242168 3.23764 16.0572 3.3494 12.4305 15.61 -1.50316 35.0747
1242191 3.23764 16.0572 3.3494 12.4305 15.61 -1.50316 35.0747
1242192 3.21831 15.5569 3.4506 12.6241 15.432 -1.16231 34.8499
1242194 3.12166 15.1336 3.55179 12.6048 15.3035 -0.914795 34.4118
1242204 3.12166 15.1336 3.55179 12.6048 15.3035 -0.914795 34.4118
1242225 3.10233 14.7583 3.58214 12.5564 15.1697 -0.759793 33.9992
1242226 3.05401 14.5563 3.6631 12.5854 15.0807 -0.603299 33.8588
1242261 3.04434 14.4505 3.65298 12.508 15.0503 -0.594494 33.6558
1242263 3.04434 14.4505 3.65298 12.508 15.0503 -0.594494 33.6558
1242265 3.05401 14.2484 3.62262 12.4208 14.9888 -0.566332 33.3459
1242301 3.04434 14.1715 3.63274 12.4499 14.9739 -0.510474 33.2984
1242304 2.9187 14.0175 3.72381 12.6726 15.036 -0.242954 33.3326
1242306 2.98636 13.8636 3.83512 12.8274 14.8225 -0.0838798 33.5125
1242315 2.98636 13.8636 3.83512 12.8274 14.8225 -0.0838798 33.5125
1242336 2.90904 13.6808 3.92619 13.0598 14.8212 0.17697 33.5758
1242351 2.80273 13.4884 4.04762 13.2728 14.8095 0.459337 33.6115
1242371 2.76407 13.3633 4.06786 13.4858 14.8579 0.635174 33.681
1242372 2.76407 13.3633 4.06786 13.4858 14.8579 0.635174 33.681
1242379 2.71575 13.296 4.27024 13.7568 14.7382 0.888108 34.0388
