418759 33.086 25.3804 30.8466 23.5318 -3.32767 -0.543407 112.845
418769 33.086 25.3804 30.8466 23.5318 -3.32767 -0.543407 112.845
418777 34 24.1272 34 20.84 -5.09725 -0.436484 112.967
418795 34 22.4626 34 18.1578 -6.30168 -0.594474 108.62
418804 34 22.4626 34 18.1578 -6.30168 -0.594474 108.62
418814 34 20.2814 34 15.4801 -7.76747 -0.694089 103.761
418821 34 17.9088 34 13.4374 -9.22376 -0.675135 99.3462
418830 34 17.9088 34 13.4374 -9.22376 -0.675135 99.3462
418839 34 15.451 34 12.1691 -10.5573 -0.514836 95.6202
418857 34 15.451 34 12.1691 -10.5573 -0.514836 95.6202
418859 34 13.0555 34 11.172 -11.8654 -0.306332 92.2274
418869 34 10.6984 34 10.4362 -13.1446 -0.0441143 89.1346
418890 34 8.54329 34 9.8844 -14.3392 0.232755 86.4277
418907 34 6.80192 34 9.42939 -15.365 0.467902 84.2313
418925 34 5.43577 34 9.36162 -16.0641 0.711227 82.7974
418934 34 5.43577 34 9.36162 -16.0641 0.711227 82.7974
418942 34 4.58913 34 9.44875 -16.4443 0.888543 82.0379
418951 34 4.35823 34 9.71982 -16.424 0.979845 82.078
418961 34 4.35823 34 9.71982 -16.424 0.979845 82.078
418971 34 4.55065 34 9.85535 -16.2591 0.965592 82.406
418980 34 4.62762 34 9.90376 -16.1965 0.958934 82.5314
419000 34 4.62762 34 9.90376 -16.1965 0.958934 82.5314
419009 34 4.68534 34 9.80695 -16.216 0.931288 82.4923
419019 34 4.68534 34 9.80695 -16.216 0.931288 82.4923
419028 34 4.62762 34 9.80695 -16.2448 0.942444 82.4346
419036 34 4.6661 34 9.79727 -16.2304 0.933355 82.4634
419045 34 4.6661 34 9.79727 -16.2304 0.933355 82.4634
419054 34 4.618 34 9.5746 -16.3663 0.904571 82.1926
419065 34 4.60838 34 9.38098 -16.4688 0.87315 81.9894
419080 34 4.60838 34 9.38098 -16.4688 0.87315 81.9894
419089 34 4.52179 34 9.19704 -16.6061 0.858171 81.7188
419098 34 4.52179 34 9.19704 -16.6061 0.858171 81.7188
419107 34 4.33899 34 9.19704 -16.6994 0.893725 81.536
419115 34 4.28127 34 9.0615 -16.7984 0.881501 81.3428
419146 34 4.24278 34 9.03246 -16.8332 0.883972 81.2752
419152 34 4.13696 34 9.02278 -16.8927 0.903001 81.1597
419156 34 4.13696 34 9.02278 -16.8927 0.903001 81.1597
419167 34 4.1562 34 9.10023 -16.8428 0.912672 81.2564
419174 34 4.1562 34 9.10023 -16.8428 0.912672 81.2564
419193 34 4.19468 34 9.168 -16.7882 0.916879 81.3627
419200 34 4.17544 34 9.17768 -16.7931 0.92232 81.3531
419209 34 4.17544 34 9.17768 -16.7931 0.92232 81.3531
419218 34 4.19468 34 9.32289 -16.7088 0.943639 81.5176
419227 34 4.22354 34 9.39066 -16.6594 0.949672 81.6142
419245 34 4.23316 34 9.5262 -16.5855 0.971088 81.7594
419262 34 4.23316 34 9.5262 -16.5855 0.971088 81.7594
419272 34 4.14658 34 9.5746 -16.6049 0.996319 81.7212
419281 34 4.16582 34 9.41002 -16.679 0.964295 81.5758
419290 34 4.16582 34 9.41002 -16.679 0.964295 81.5758
419300 34 4.08885 34 9.27449 -16.7879 0.956014 81.3633
419307 34 4.14658 34 9.33257 -16.7285 0.954722 81.4791
419320 34 4.14658 34 9.33257 -16.7285 0.954722 81.4791
419334 34 5.24335 34 9.87471 -15.9057 0.835805 83.1181
419351 34 6.44595 34 10.5718 -14.9917 0.72793 85.0177
419362 34 8.28353 34 11.3269 -13.8082 0.52106 87.6104
419369 34 8.28353 34 11.3269 -13.8082 0.52106 87.6104
419377 34 10.5059 34 12.1595 -12.5005 0.273562 90.6654
419387 34 12.9785 34 13.0985 -11.1406 0.0191367 94.077
419397 34 12.9785 34 13.0985 -11.1406 0.0191367 94.077
419408 33.2592 15.4318 34 13.9601 -9.79483 -0.113428 96.6511
419417 33.2592 15.4318 34 13.9601 -9.79483 -0.113428 96.6511
419428 32.4607 17.6697 34 14.7927 -8.5921 -0.202828 98.923
419437 32.1239 19.7552 34 15.664 -7.55953 -0.327221 101.543
419455 32.1239 19.7552 34 15.664 -7.55953 -0.327221 101.543
419468 31.7968 21.592 34 16.7967 -6.57676 -0.373201 104.186
419472 31.1811 23.3427 33.06 19.1708 -5.08821 -0.32218 106.755
419481 31.1811 23.3427 33.06 19.1708 -5.08821 -0.32218 106.755
419490 30.4403 24.8255 30.695 23.5125 -2.92246 -0.145014 109.473
419499 30.4403 24.8255 30.695 23.5125 -2.92246 -0.145014 109.473
419517 29.4493 26.031 28.8151 28.7804 -0.763455 0.280586 113.076
419519 28.266 26.6911 26.632 33.2185 1.0913 0.639346 114.808
419537 28.266 26.6911 26.632 33.2185 1.0913 0.639346 114.808
419546 26.794 27.0546 24.1457 34 2.25791 0.575531 111.994
419555 25.1104 27.5521 22.1748 34 3.27712 0.484078 108.837
419564 25.1104 27.5521 22.1748 34 3.27712 0.484078 108.837
419575 23.2151 27.9347 20.7194 34 4.2506 0.505757 105.869
419581 23.2151 27.9347 20.7194 34 4.2506 0.505757 105.869
419591 20.8772 28.4896 19.7794 34 5.29175 0.641708 103.146
419601 18.2892 28.6809 18.9911 34 6.35263 0.903495 99.9612
419611 18.2892 28.6809 18.9911 34 6.35263 0.903495 99.9612
419621 15.4053 28.7001 18.4958 34 7.45303 1.30285 96.6012
419634 12.4287 28.3365 18.1017 34 8.56231 1.83109 92.8668
419651 9.59693 27.8008 17.657 34 9.69823 2.40177 89.0547
419661 9.59693 27.8008 17.657 34 9.69823 2.40177 89.0547
419680 7.19045 27.3416 17.2729 34 10.7448 2.92655 85.8049
419684 5.32518 26.8154 17.0606 34 11.5472 3.41101 83.2012
419691 5.32518 26.8154 17.0606 34 11.5472 3.41101 83.2012
419709 4.24275 26.4615 16.9494 34 12.0231 3.7191 81.6536
419717 3.74019 26.251 17.1112 34 12.145 3.90617 81.1024
419726 3.74019 26.251 17.1112 34 12.145 3.90617 81.1024
419735 3.5469 26.2319 17.4245 34 12.0871 3.99844 81.2032
419744 3.5469 26.2319 17.4245 34 12.0871 3.99844 81.2032
419752 3.4116 26.1553 17.5559 34 12.0767 4.06587 81.1228
419770 3.44059 26.0979 17.6266 34 12.022 4.08207 81.1651
419779 3.44059 26.0979 17.6266 34 12.022 4.08207 81.1651
419789 3.46958 26.1936 17.5963 34 12.0379 4.04872 81.2595
419799 3.48891 26.4328 17.3942 34 12.1593 3.96095 81.3158
419810 3.48891 26.4328 17.3942 34 12.1593 3.96095 81.3158
419814 3.61455 26.825 16.9393 34 12.3715 3.77858 81.3788
419832 3.61455 26.825 16.9393 34 12.3715 3.77858 81.3788
419841 3.66288 27.0068 16.6458 34 12.5124 3.68495 81.3155
419851 3.72086 27.2555 16.3524 34 12.6592 3.57365 81.3287
419859 3.72086 27.2555 16.3524 34 12.6592 3.57365 81.3287
419867 3.68221 27.179 16.1399 34 12.7643 3.57009 81.001
419876 3.65321 27.0068 16.0589 34 12.7896 3.60491 80.7189
419885 3.65321 27.0068 16.0589 34 12.7896 3.60491 80.7189
419900 3.55657 26.8154 16.1298 34 12.7727 3.68149 80.5017
419910 3.55657 26.8154 16.1298 34 12.7727 3.68149 80.5017
419919 3.56623 26.6337 16.1804 34 12.7168 3.72862 80.3802
419929 3.45992 26.4806 16.231 34 12.7195 3.79632 80.1715
419937 3.45992 26.4806 16.231 34 12.7195 3.79632 80.1715
419946 3.42126 26.5093 16.322 34 12.6993 3.81137 80.2526
419964 3.4116 26.5667 16.3524 34 12.6984 3.80442 80.3307
419972 3.4116 26.5667 16.3524 34 12.6984 3.80442 80.3307
419981 3.3826 26.5284 16.5345 34 12.6207 3.84549 80.4455
419990 3.3826 26.5284 16.5345 34 12.6207 3.84549 80.4455
420002 3.32462 26.3467 16.7268 34 12.5299 3.92836 80.3981
420007 3.25696 26.1075 17.1819 34 12.3123 4.06303 80.5464
420025 3.25696 26.1075 17.1819 34 12.3123 4.06303 80.5464
420034 3.92382 25.9257 18.041 34 11.5889 4.06484 81.8906
420043 5.18022 25.9162 18.8395 34 10.6916 3.88567 83.9358
420052 5.18022 25.9162 18.8395 34 10.6916 3.88567 83.9358
420064 7.23877 25.9449 19.8502 34 9.43769 3.56182 87.0338
420071 7.23877 25.9449 19.8502 34 9.43769 3.56182 87.0338
420080 9.20068 25.7057 20.9215 34 8.23338 3.34225 89.8279
420097 11.6168 25.3995 22.2152 34 6.85591 3.08889 93.2316
420106 11.6168 25.3995 22.2152 34 6.85591 3.08889 93.2316
420115 14.3132 25.2369 23.5595 34 5.50002 2.7818 97.1096
420127 17.2405 24.9977 25.7021 34 3.93737 2.56972 101.94
420132 17.2405 24.9977 25.7021 34 3.93737 2.56972 101.94
420141 19.8574 24.8925 29.0678 34 2.31116 2.54845 107.818
420159 21.7431 24.2802 33.3936 34 0.692931 2.82633 113.417
420167 21.7431 24.2802 33.3936 34 0.692931 2.82633 113.417
420176 22.8976 23.094 34 31.038 -0.622709 2.57316 111.03
420185 22.8976 23.094 34 31.038 -0.622709 2.57316 111.03
420195 23.4844 21.4389 34 26.3876 -2.2927 2.20266 105.311
420204 23.7923 19.296 34 22.0846 -4.13715 1.9657 99.1729
420216 23.7923 19.296 34 22.0846 -4.13715 1.9657 99.1729
420222 24.0328 16.9615 34 18.5244 -6.02737 1.84937 93.5187
420240 24.2733 14.5948 34 15.9157 -7.81753 1.86648 88.7839
420249 24.2733 14.5948 34 15.9157 -7.81753 1.86648 88.7839
420261 24.485 12.305 34 14.4442 -9.3084 2.05096 85.2342
420266 24.485 12.305 34 14.4442 -9.3084 2.05096 85.2342
420275 24.5042 9.64007 34 13.3986 -10.8733 2.43816 81.5429
420284 24.2637 7.24448 34 12.6241 -12.2853 2.90199 78.1324
420292 24.2637 7.24448 34 12.6241 -12.2853 2.90199 78.1324
420310 23.7057 5.02207 34 12.0239 -13.5983 3.47072 74.7517
420319 23.0034 3.33843 34 11.656 -14.5869 4.02391 71.9979
420328 23.0034 3.33843 34 11.656 -14.5869 4.02391 71.9979
420336 22.532 2.00113 34 11.414 -15.4105 4.47786 69.9471
420350 22.532 2.00113 34 11.414 -15.4105 4.47786 69.9471
420356 22.4069 1.37578 34 11.2494 -15.8556 4.66451 69.0321
420365 22.4261 1.26033 34 11.2204 -15.9438 4.68761 68.9069
420374 22.4261 1.26033 34 11.2204 -15.9438 4.68761 68.9069
420394 22.7821 1.29881 34 11.1526 -16.0077 4.56535 69.2335
420400 23.2728 1.35654 34 10.959 -16.1511 4.38213 69.5883
420409 23.2728 1.35654 34 10.959 -16.1511 4.38213 69.5883
420418 23.8308 1.47199 34 10.7751 -16.2618 4.168 70.0778
420426 23.8308 1.47199 34 10.7751 -16.2618 4.168 70.0778
420445 24.3888 1.56819 34 10.4362 -16.4733 3.93772 70.3932
420446 24.9372 1.65478 34 10.2136 -16.6191 3.7331 70.8055
420465 24.9372 1.65478 34 10.2136 -16.6191 3.7331 70.8055
420466 25.4856 1.69327 34 9.69077 -16.9683 3.49486 70.8696
420476 26.2168 1.69327 34 9.27449 -17.2963 3.2376 71.1845
420486 26.2168 1.69327 34 9.27449 -17.2963 3.2376 71.1845
420496 26.6786 1.73175 34 8.87756 -17.5588 3.04412 71.2879
420514 26.6786 1.73175 34 8.87756 -17.5588 3.04412 71.2879
420522 26.9191 1.6644 34 8.50968 -17.8445 2.9383 71.0932
420532 27.3231 1.6644 34 8.18052 -18.0833 2.78066 71.1681
420540 27.3231 1.6644 34 8.18052 -18.0833 2.78066 71.1681
420550 27.6695 1.65478 34 7.89009 -18.2985 2.64676 71.2144
420559 28.1505 1.65478 34 7.63838 -18.4962 2.48442 71.4437
420567 28.1505 1.65478 34 7.63838 -18.4962 2.48442 71.4437
420586 28.747 1.69327 34 7.28986 -18.7382 2.26883 71.7302
420596 28.747 1.69327 34 7.28986 -18.7382 2.26883 71.7302
420604 29.1992 1.68364 34 7.1156 -18.8893 2.13187 71.9985
420612 29.8919 1.74137 34 6.92198 -19.0298 1.92034 72.5553
420621 29.8919 1.74137 34 6.92198 -19.0298 1.92034 72.5553
420630 30.4788 1.76061 34 6.73804 -19.1772 1.74684 72.9774
420639 30.9117 1.82796 34 6.64123 -19.2293 1.61518 73.3809
420666 31.5467 1.85682 34 6.46697 -19.366 1.4343 73.8705
420676 31.5467 1.85682 34 6.46697 -19.366 1.4343 73.8705
420686 32.0181 1.91454 34 6.3508 -19.4366 1.29601 74.2834
420695 32.6723 2.02037 34 6.3508 -19.4225 1.13096 75.0435
420712 33.5382 2.20317 34 6.29271 -19.4131 0.897887 76.0341
420721 34 2.309 34 6.18622 -19.4472 0.760286 76.4952
420739 34 2.309 34 6.18622 -19.4472 0.760286 76.4952
420747 34 2.47255 34 6.14749 -19.3748 0.719449 76.62
420756 34 2.47255 34 6.14749 -19.3748 0.719449 76.62
420765 34 2.55914 34 6.05068 -19.3807 0.683634 76.6098
420778 34 2.63611 34 6.15718 -19.2747 0.68777 76.7933
420784 34 2.63611 34 6.15718 -19.2747 0.68777 76.7933
420794 34 2.53028 34 6.12813 -19.3526 0.704005 76.6584
420802 34 2.47255 34 6.33144 -19.2685 0.753649 76.804
420811 34 2.47255 34 6.33144 -19.2685 0.753649 76.804
420829 34 4.49293 34 6.8639 -17.8445 0.44816 79.3568
420837 34 4.49293 34 6.8639 -17.8445 0.44816 79.3568
420846 34 5.03169 34 6.97039 -17.4989 0.363495 80.0021
420855 34 7.42728 34 7.15433 -16.1714 -0.049578 82.5816
420866 34 7.42728 34 7.15433 -16.1714 -0.049578 82.5816
420872 34 9.9768 34 7.2705 -14.884 -0.476197 85.2473
420882 34 12.6129 34 7.56093 -13.5602 -0.859433 88.1738
420892 34 12.6129 34 7.56093 -13.5602 -0.859433 88.1738
420902 34 14.8449 34 8.00626 -12.4238 -1.1291 90.8512
420920 34 14.8449 34 8.00626 -12.4238 -1.1291 90.8512
420934 33.721 16.7018 34 8.41287 -11.4736 -1.2942 92.8356
420937 32.5473 18.4063 34 9.10991 -10.3736 -1.2508 94.0635
420946 32.5473 18.4063 34 9.10991 -10.3736 -1.2508 94.0635
420956 32.0181 20.0422 34 10.2232 -9.28317 -1.22094 96.2836
420972 31.8834 21.7355 34 12.5564 -7.88406 -1.05753 100.175
420981 31.8834 21.7355 34 12.5564 -7.88406 -1.05753 100.175
420990 31.9315 23.3618 34 15.9544 -6.32204 -0.760908 105.248
421002 31.9315 23.3618 34 15.9544 -6.32204 -0.760908 105.248
421009 31.691 24.6725 34 19.1033 -5.005 -0.446736 109.467
421019 31.1811 25.7918 33.6766 22.3258 -3.70438 -0.128861 112.975
421029 31.1811 25.7918 33.6766 22.3258 -3.70438 -0.128861 112.975
421037 30.2479 27.1024 30.8466 25.7316 -1.81265 -0.10166 113.928
421049 28.6123 28.4705 27.9358 28.9444 0.19013 -0.0266692 113.963
421072 26.2071 29.6185 25.0149 31.5108 2.20453 0.0934643 112.351
421081 26.2071 29.6185 25.0149 31.5108 2.20453 0.0934643 112.351
421094 23.292 30.7282 22.3668 33.4404 4.21337 0.244067 109.827
421099 20.1556 31.5701 20.0624 34 5.99122 0.331331 105.788
421107 20.1556 31.5701 20.0624 34 5.99122 0.331331 105.788
421126 17.2213 32.3067 18.2735 34 7.56668 0.404538 101.801
421128 14.5065 32.9955 16.9595 34 9.02114 0.526727 98.4616
421156 12.1194 33.9139 15.725 34 10.4611 0.578286 95.7583
421176 10.1188 34 15.128 34 11.4624 0.805789 93.2468
421188 8.57248 34 14.5815 34 12.2995 0.988832 91.154
421189 8.57248 34 14.5815 34 12.2995 0.988832 91.154
421197 7.66401 34 14.4804 34 12.7173 1.13424 90.1444
421212 7.31609 34 14.7637 34 12.7443 1.24017 90.0798
421217 7.31609 34 14.7637 34 12.7443 1.24017 90.0798
421235 7.35475 34 15.0167 34 12.6225 1.27174 90.3714
421244 7.35475 34 15.0167 34 12.6225 1.27174 90.3714
421257 7.30642 34 14.9964 34 12.6511 1.27737 90.3029
421261 7.20978 34 14.7333 34 12.8017 1.25472 89.9431
421281 7.11313 34 14.5006 34 12.9406 1.23655 89.6137
421291 7.06481 34 14.2173 34 13.0816 1.20166 89.2821
421304 7.06481 34 14.2173 34 13.0816 1.20166 89.2821
421309 6.81353 34 13.8631 34 13.3416 1.19246 88.6766
421328 6.81353 34 13.8631 34 13.3416 1.19246 88.6766
421335 6.72655 34 13.5595 34 13.5112 1.16094 88.2861
421345 6.59125 34 13.428 34 13.6279 1.1651 88.0192
421354 6.59125 34 13.428 34 13.6279 1.1651 88.0192
421362 6.53326 34 13.3065 34 13.7068 1.15664 87.8398
421376 6.53326 34 13.3167 34 13.7024 1.15824 87.8499
421380 6.53326 34 13.3167 34 13.7024 1.15824 87.8499
421398 6.55259 34 13.3167 34 13.6939 1.15468 87.8692
421406 6.55259 34 13.3167 34 13.6939 1.15468 87.8692
421421 6.51393 34 13.3167 34 13.7109 1.16179 87.8306
421426 6.59125 34 13.4381 34 13.6235 1.16669 88.0293
421436 6.59125 34 13.4381 34 13.6235 1.16669 88.0293
421445 6.60091 34 13.5292 34 13.5793 1.17921 88.1301
421454 6.66856 34 13.7821 34 13.4395 1.20636 88.4507
421466 6.66856 34 13.7821 34 13.4395 1.20636 88.4507
421471 6.73621 34 13.9036 34 13.3575 1.21289 88.6398
421491 6.73621 34 13.9036 34 13.3575 1.21289 88.6398
421497 6.77487 34 14.1363 34 13.2404 1.24193 88.9112
421506 7.52871 34 14.6726 34 12.6935 1.188 90.2013
421515 7.52871 34 14.6726 34 12.6935 1.188 90.2013
421524 9.76123 34 14.8548 34 11.7107 0.824944 92.616
421537 11.7038 34 15.0268 34 10.8913 0.526174 94.7306
421544 11.7038 34 15.0268 34 10.8913 0.526174 94.7306
421552 13.8204 34 15.0268 34 10.1069 0.186857 96.8471
421584 15.7243 34 14.9863 34 9.44413 -0.112141 98.7106
421589 18.2699 34 14.8649 34 8.61849 -0.50503 101.135
421608 20.9253 34 14.6321 34 7.83202 -0.911546 103.557
421615 23.1381 34 14.8143 32.2537 6.78975 -1.44955 104.206
421624 23.1381 34 14.8143 32.2537 6.78975 -1.44955 104.206
421642 25.2547 33.9522 15.6542 29.0119 5.30823 -2.09979 103.873
421662 27.1692 32.4885 18.4655 25.8763 3.06012 -2.20903 103.999
421672 29.3628 31.0535 23.2765 23.1555 0.367284 -1.9632 106.848
421682 29.3628 31.0535 23.2765 23.1555 0.367284 -1.9632 106.848
421690 31.489 29.5132 28.6938 20.4347 -2.32333 -1.61721 110.131
421699 33.4324 27.7817 33.7069 17.6368 -4.82438 -1.31537 112.558
421707 33.4324 27.7817 33.7069 17.6368 -4.82438 -1.31537 112.558
421719 34 25.6866 34 14.9767 -6.28934 -1.47841 108.663
421732 34 25.6866 34 14.9767 -6.28934 -1.47841 108.663
421736 34 23.247 34 12.7597 -7.69019 -1.5125 104.007
421756 34 20.6545 34 11.2107 -9.0459 -1.41848 99.8652
421764 34 20.6545 34 11.2107 -9.0459 -1.41848 99.8652
421780 34 17.8227 34 10.3588 -10.3498 -1.16404 96.1815
421784 34 14.9989 34 9.76822 -11.6509 -0.84577 92.7671
421792 34 14.9989 34 9.76822 -11.6509 -0.84577 92.7671
421803 34 12.18 34 9.34226 -12.9794 -0.475475 89.5222
421810 34 12.18 34 9.34226 -12.9794 -0.475475 89.5222
421819 34 9.44765 34 9.0131 -14.3242 -0.0753888 86.4607
421827 34 7.03282 34 8.86788 -15.5241 0.328077 83.9007
421851 34 7.03282 34 8.86788 -15.5241 0.328077 83.9007
421854 34 5.27221 34 8.75171 -16.4513 0.636308 82.0239
421862 34 4.12733 34 8.6549 -17.0885 0.840697 80.7822
421876 34 4.12733 34 8.6549 -17.0885 0.840697 80.7822
421880 34 3.7425 34 8.63554 -17.3001 0.913129 80.378
421890 34 3.7425 34 8.63554 -17.3001 0.913129 80.378
421902 34 3.7425 34 8.72266 -17.2543 0.928382 80.4652
421910 34 3.82909 34 8.82916 -17.1532 0.929861 80.6582
421927 34 3.82909 34 8.82916 -17.1532 0.929861 80.6582
421936 34 3.95416 34 8.71298 -17.1485 0.8849 80.6671
421950 34 3.99264 34 8.7033 -17.1335 0.875632 80.6959
421954 34 3.99264 34 8.7033 -17.1335 0.875632 80.6959
421962 34 4.10809 34 8.54841 -17.1541 0.825781 80.6565
421976 34 4.10809 34 8.54841 -17.1541 0.825781 80.6565
421980 34 4.05999 34 8.36446 -17.2757 0.80283 80.4245
421999 34 4.02151 34 8.20957 -17.3776 0.783001 80.2311
422006 34 4.02151 34 8.20957 -17.3776 0.783001 80.2311
422023 34 3.9734 34 7.94818 -17.5417 0.746001 79.9216
422026 34 3.84833 34 7.79328 -17.6913 0.743008 79.6416
422047 34 3.75212 34 7.79328 -17.7429 0.762048 79.5454
422062 34 3.68478 34 7.76424 -17.7947 0.770203 79.449
422080 34 3.67516 34 7.70615 -17.8312 0.761701 79.3813
422093 34 3.67516 34 7.70615 -17.8312 0.761701 79.3813
422097 34 3.70402 34 7.48349 -17.9361 0.715923 79.1875
422106 34 3.65591 34 7.36731 -18.0253 0.704489 79.0232
422117 34 3.65591 34 7.36731 -18.0253 0.704489 79.0232
422125 34 3.67516 34 7.26082 -18.0729 0.681374 78.936
422135 34 3.67516 34 7.26082 -18.0729 0.681374 78.936
422145 34 3.56933 34 7.35763 -18.0778 0.719964 78.927
422154 34 3.59819 34 7.53189 -17.9672 0.745677 79.1301
422171 34 3.59819 34 7.53189 -17.9672 0.745677 79.1301
422180 34 3.57895 34 7.64806 -17.9147 0.770404 79.227
422193 34 3.58857 34 7.86105 -17.7944 0.806639 79.4496
422197 34 3.58857 34 7.86105 -17.7944 0.806639 79.4496
422206 34 3.58857 34 7.99658 -17.7215 0.830811 79.5852
422216 34 3.58857 34 8.17084 -17.6282 0.861769 79.7594
422240 34 3.63667 34 8.17084 -17.6025 0.852208 79.8075
422242 34 3.65591 34 8.24829 -17.551 0.862103 79.9042
422245 34 3.65591 34 8.24829 -17.551 0.862103 79.9042
422265 34 3.76174 34 8.3451 -17.4433 0.858234 80.1068
422271 34 4.10809 34 8.8582 -16.9928 0.880015 80.9663
422280 34 4.10809 34 8.8582 -16.9928 0.880015 80.9663
422291 34 6.18619 34 8.83884 -15.9515 0.47925 83.025
422306 34 6.94624 34 9.05182 -15.4771 0.376006 83.9981
422324 34 8.41822 34 9.3713 -14.6319 0.166642 85.7895
422332 34 8.41822 34 9.3713 -14.6319 0.166642 85.7895
422343 34 10.0345 34 9.5746 -13.8087 -0.0787461 87.6091
422352 34 12.1319 34 9.97153 -12.7344 -0.359643 90.1034
422368 34 12.1319 34 9.97153 -12.7344 -0.359643 90.1034
422371 34 14.3735 34 10.3878 -11.6532 -0.644508 92.7613
422380 34 16.5382 34 11.0461 -10.5707 -0.861868 95.5843
422406 34 18.3967 34 11.8013 -9.62393 -1.00748 98.198
422424 34 20.1092 34 12.4692 -8.80447 -1.1394 100.578
422432 33.6152 21.659 34 12.963 -8.06781 -1.21939 102.237
422444 33.6152 21.659 34 12.963 -8.06781 -1.21939 102.237
422451 32.6531 23.2375 32.8882 13.5245 -7.03285 -1.38967 102.303
422460 31.6718 24.6725 30.5333 14.6281 -5.64117 -1.65254 101.506
422489 31.6718 24.6725 30.5333 14.6281 -5.64117 -1.65254 101.506
422498 30.6038 26.3371 28.0268 16.9032 -3.77692 -1.76856 101.871
422520 27.9677 29.4845 25.692 28.597 0.989294 -0.424621 111.741
422530 27.9677 29.4845 25.692 28.597 0.989294 -0.424621 111.741
422531 25.9762 30.5369 24.3074 34 3.10338 0.234402 114.82
422545 23.5422 31.1778 22.003 34 4.43284 0.173809 110.723
422556 23.5422 31.1778 22.003 34 4.43284 0.173809 110.723
422564 20.8868 31.8953 19.739 34 5.93063 0.134742 106.521
422581 18.1834 32.345 18.4857 34 7.2019 0.28502 103.014
422606 15.3184 32.2971 18.0208 34 8.26957 0.663208 99.6363
422607 15.3184 32.2971 18.0208 34 8.26957 0.663208 99.6363
422616 12.361 32.1441 18.0612 34 9.248 1.17373 96.5663
422633 9.89653 31.7136 18.3442 34 9.97102 1.71373 93.9543
422635 9.89653 31.7136 18.3442 34 9.97102 1.71373 93.9543
422645 8.0506 31.2544 18.5565 34 10.5178 2.16383 91.8614
422658 8.0506 31.2544 18.5565 34 10.5178 2.16383 91.8614
422664 6.85219 30.8908 18.5059 34 10.951 2.4537 90.249
422672 6.195 30.5082 18.3746 34 11.2089 2.63894 89.0777
422690 6.195 30.5082 18.3746 34 11.2089 2.63894 89.0777
422699 6.0307 30.0394 18.0612 34 11.3318 2.7217 88.1313
422711 5.8664 29.5515 17.8591 34 11.4079 2.82569 87.277
422716 5.8664 29.5515 17.8591 34 11.4079 2.82569 87.277
422725 5.76009 29.0349 17.6367 34 11.4651 2.92284 86.4317
422737 5.76009 29.0349 17.6367 34 11.4651 2.92284 86.4317
422751 5.61512 28.3461 17.4851 34 11.4826 3.0763 85.4464
422763 5.45082 27.8295 17.4447 34 11.4883 3.21589 84.725
422788 5.44116 27.466 17.4447 34 11.4343 3.29648 84.3518
422791 5.38317 27.179 17.4851 34 11.3956 3.37721 84.0473
422799 5.38317 27.179 17.4851 34 11.3956 3.37721 84.0473
422814 5.34451 27.0259 17.6367 34 11.3218 3.44013 84.0071
422816 5.34451 27.0259 17.6367 34 11.3218 3.44013 84.0071
422841 5.45082 26.9972 18.0208 34 11.1063 3.47574 84.4688
422843 5.41217 26.7102 18.324 34 10.946 3.58837 84.4464
422868 5.36384 26.318 18.6171 34 10.7762 3.72519 84.2989
422872 5.19955 25.7344 18.8193 34 10.661 3.91961 83.7532
422880 5.19955 25.7344 18.8193 34 10.661 3.91961 83.7532
422894 5.08357 25.0169 19.2539 34 10.4012 4.16656 83.3543
422899 5.08357 25.0169 19.2539 34 10.4012 4.16656 83.3543
422907 4.85162 24.2802 19.6379 34 10.2062 4.44112 82.7698
422925 4.7743 23.6871 19.931 34 10.0075 4.63688 82.3924
422934 4.7743 23.6871 19.931 34 10.0075 4.63688 82.3924
422948 4.68732 23.2375 20.0927 34 9.89344 4.7858 82.0175
422951 4.60034 22.9792 20.2747 34 9.80529 4.89196 81.8542
422960 4.60034 22.9792 20.2747 34 9.80529 4.89196 81.8542
422975 4.61001 22.8931 20.4364 34 9.71653 4.93046 81.9395
422987 4.61001 22.8931 20.4364 34 9.71653 4.93046 81.9395
422989 5.38317 22.9122 21.2652 34 9.05448 4.84136 83.5605
423003 7.59636 23.1322 21.9625 34 7.95161 4.36618 86.6911
423029 10.747 23.4288 22.8014 34 6.56218 3.73043 90.9772
423034 13.9653 23.5627 23.1754 34 5.39105 3.11192 94.7035
423042 13.9653 23.5627 23.1754 34 5.39105 3.11192 94.7035
423056 17.1443 23.5245 23.2259 34 4.38079 2.53698 97.8947
423060 17.1443 23.5245 23.2259 34 4.38079 2.53698 97.8947
423070 20.1653 23.2757 23.0844 34 3.48819 2.03582 100.525
423087 23.2054 22.9696 22.8621 34 2.64519 1.5558 103.037
423097 23.2054 22.9696 22.8621 34 2.64519 1.5558 103.037
423109 26.0243 22.7113 22.3971 32.7457 1.69322 0.925203 103.879
423117 28.7951 22.1469 22.3769 28.1146 -0.224417 -0.0666091 101.434
423134 28.7951 22.1469 22.3769 28.1146 -0.224417 -0.0666091 101.434
423135 31.3639 21.5155 23.1147 23.6379 -2.33992 -0.922402 99.632
423144 31.3639 21.5155 23.1147 23.6379 -2.33992 -0.922402 99.632
423153 33.6825 20.8745 25.3383 20.0006 -4.54116 -1.38417 99.8959
423163 34 20.0805 29.654 17.0289 -6.58587 -1.10122 100.763
423179 34 20.0805 29.654 17.0289 -6.58587 -1.10122 100.763
423190 34 19.1908 34 14.7249 -8.3609 -0.657282 101.916
423196 34 17.9184 34 12.9823 -9.3779 -0.748639 98.9007
423205 34 17.9184 34 12.9823 -9.3779 -0.748639 98.9007
423216 34 16.3458 34 11.7722 -10.3732 -0.713743 96.118
423224 34 14.7102 34 11.2397 -11.1895 -0.554096 93.95
423242 34 14.7102 34 11.2397 -11.1895 -0.554096 93.95
423244 34 12.863 34 10.8525 -12.0711 -0.328823 91.7156
423252 34 12.863 34 10.8525 -12.0711 -0.328823 91.7156
423270 34 11.0351 34 10.3878 -13.0216 -0.108575 89.4229
423279 34 9.38993 34 9.71982 -14.0312 0.0568074 87.1097
423296 34 9.38993 34 9.71982 -14.0312 0.0568074 87.1097
423297 34 7.90832 34 9.23576 -14.9323 0.233858 85.1441
423305 34 6.49406 34 9.04214 -15.7009 0.457542 83.5362
423324 34 6.49406 34 9.04214 -15.7009 0.457542 83.5362
423331 34 5.33956 34 9.0131 -16.2859 0.669113 82.3527
423341 34 5.33956 34 9.0131 -16.2859 0.669113 82.3527
423352 34 4.45444 34 9.22608 -16.6256 0.876276 81.6805
423360 34 4.00226 34 9.54556 -16.6933 1.01964 81.5478
423379 34 3.84833 34 9.9328 -16.5744 1.11599 81.7811
423386 34 3.9253 34 10.1167 -16.4422 1.132 82.042
423406 34 3.9253 34 10.1167 -16.4422 1.132 82.042
423412 33.8653 3.91568 34 10.0587 -16.4624 1.1506 81.8396
423421 33.8653 3.91568 34 10.0587 -16.4624 1.1506 81.8396
423435 33.4324 3.81947 34 9.95216 -16.5204 1.23768 81.204
423439 33.0379 3.71364 34 9.83599 -16.5932 1.31865 80.5875
423449 33.0379 3.71364 34 9.83599 -16.5932 1.31865 80.5875
423463 32.4126 3.48274 34 9.71014 -16.7136 1.47254 79.6054
423467 31.7102 3.29994 34 9.63269 -16.7776 1.64462 78.6429
423494 30.9694 3.06904 34 9.45843 -16.9174 1.82329 77.4969
423519 30.3922 2.78042 34 9.09055 -17.2171 1.95073 76.2632
423521 30.1517 2.52066 34 8.67426 -17.5711 1.99118 75.3466
423529 30.1517 2.52066 34 8.67426 -17.5711 1.99118 75.3466
423546 30.1902 2.34748 34 8.35478 -17.8549 1.96625 74.8924
423555 30.4884 2.15507 34 8.19989 -18.0822 1.91528 74.8434
423573 30.4884 2.15507 34 8.19989 -18.0822 1.91528 74.8434
423575 30.8155 2.01075 34 7.92882 -18.3519 1.82647 74.7551
423585 31.3447 1.94341 34 7.69647 -18.5721 1.68203 74.9845
423601 31.3447 1.94341 34 7.69647 -18.5721 1.68203 74.9845
423603 32.0085 1.90492 34 7.61902 -18.6955 1.53026 75.5324
423611 32.0085 1.90492 34 7.61902 -18.6955 1.53026 75.5324
423629 33.086 1.99151 34 7.59966 -18.7457 1.27589 76.6772
423637 34 2.02999 34 7.45444 -18.8798 1.0501 77.4844
423655 34 2.02999 34 7.45444 -18.8798 1.0501 77.4844
423658 34 2.01075 34 7.2221 -19.0227 1.01214 77.2328
423664 34 2.05886 34 6.99943 -19.1224 0.961724 77.0583
423672 34 2.05886 34 6.99943 -19.1224 0.961724 77.0583
423691 34 2.08772 34 6.98975 -19.1115 0.953981 77.0775
423692 34 2.08772 34 6.98975 -19.1115 0.953981 77.0775
423711 34 1.99151 34 6.84453 -19.2501 0.94741 76.8361
423713 34 1.97227 34 6.67995 -19.3562 0.92124 76.6522
423722 34 1.97227 34 6.67995 -19.3562 0.92124 76.6522
423739 34 1.99151 34 6.47665 -19.4629 0.879804 76.4682
423750 34 2.01075 34 6.17654 -19.6269 0.820171 76.1873
423767 34 2.01075 34 6.17654 -19.6269 0.820171 76.1873
423769 34 1.99151 34 6.11845 -19.6722 0.813349 76.11
423776 34 1.99151 34 6.11845 -19.6722 0.813349 76.11
423794 34 3.01132 34 6.74772 -18.7248 0.720767 77.759
423796 34 3.75212 34 6.77677 -18.2962 0.577744 78.5289
423823 34 3.75212 34 6.77677 -18.2962 0.577744 78.5289
423824 34 4.78155 34 7.17369 -17.5238 0.448776 79.9552
423826 34 6.21505 34 7.52221 -16.5967 0.239882 81.7373
423835 34 6.21505 34 7.52221 -16.5967 0.239882 81.7373
423849 34 7.96604 34 8.15148 -15.4196 0.0330663 84.1175
423855 34 7.96604 34 8.15148 -15.4196 0.0330663 84.1175
423865 34 10.0057 34 8.67426 -14.2248 -0.2304 86.6799
423882 34 11.9683 34 9.15831 -13.148 -0.472923 89.1266
423891 34 11.9683 34 9.15831 -13.148 -0.472923 89.1266
423905 34 13.7963 34 9.66173 -12.1755 -0.678103 91.458
423909 34 15.6627 34 10.2232 -11.2142 -0.869054 93.8859
423917 34 15.6627 34 10.2232 -11.2142 -0.869054 93.8859
423933 34 17.9949 34 11.2397 -9.96695 -1.04209 97.2347
423945 34 17.9949 34 11.2397 -9.96695 -1.04209 97.2347
423946 34 20.3866 34 12.4789 -8.70824 -1.17597 100.866
423961 34 22.6826 32.2616 14.4636 -7.03899 -1.4444 103.408
423967 34 22.6826 32.2616 14.4636 -7.03899 -1.4444 103.408
423976 34 24.2994 30.5636 18.727 -5.00446 -1.25598 107.59
423994 34 25.0551 30.1998 25.3456 -3.01023 -0.459389 114.601
424002 34 25.0551 30.1998 25.3456 -3.01023 -0.459389 114.601
424019 33.7306 24.8925 30.0684 31.6362 -1.51051 0.384132 120.328
424030 32.5088 24.3568 29.1385 34 -0.685501 0.784096 120.004
424048 30.6135 24.0985 27.6023 34 -0.0252008 0.888582 116.314
424056 30.6135 24.0985 27.6023 34 -0.0252008 0.888582 116.314
424077 28.2564 24.175 25.5505 34 0.975183 0.953613 111.982
424079 25.6587 24.2994 23.5696 34 2.10901 1.06179 107.528
424085 25.6587 24.2994 23.5696 34 2.10901 1.06179 107.528
424107 22.7629 24.3185 21.8716 34 3.32289 1.28071 102.953
424109 22.7629 24.3185 21.8716 34 3.32289 1.28071 102.953
424114 19.5014 23.9358 20.4364 34 4.59726 1.68571 97.8736
424122 15.8113 23.1035 19.739 34 5.81554 2.39993 92.6538
424140 12.332 22.6252 20.0119 34 6.82296 3.21258 88.9691
424165 9.53894 22.3478 20.5577 34 7.59192 3.93391 86.4444
424167 9.53894 22.3478 20.5577 34 7.59192 3.93391 86.4444
424175 7.65435 22.5582 21.2146 34 8.10318 4.39006 85.4272
424196 7.65435 22.5582 21.2146 34 8.10318 4.39006 85.4272
424198 6.74588 23.1131 21.821 34 8.3293 4.54517 85.68
424201 6.61057 23.8689 21.9727 34 8.46875 4.42323 86.4521
424226 6.61057 23.8689 21.9727 34 8.46875 4.42323 86.4521
424227 6.64923 24.5098 21.8817 34 8.6106 4.26052 87.0408
424231 6.64923 24.7681 21.8109 34 8.68639 4.19478 87.2283
424241 6.64923 24.7681 21.8109 34 8.68639 4.19478 87.2283
424259 6.59125 24.9786 21.6694 34 8.80278 4.1437 87.2393
424267 6.59125 24.9786 21.6694 34 8.80278 4.1437 87.2393
424286 6.56225 25.3039 21.3056 34 9.01555 4.03332 87.1717
424289 6.54292 25.6387 20.6992 34 9.32215 3.88766 86.8808
424294 6.54292 25.6387 20.6992 34 9.32215 3.88766 86.8808
424302 6.52359 25.8875 19.9614 34 9.66817 3.74257 86.3724
424320 6.46561 26.2893 19.264 34 10.0442 3.57639 86.0188
424330 6.46561 26.2893 19.264 34 10.0442 3.57639 86.0188
424346 6.42695 26.758 18.4655 34 10.4686 3.37661 85.6505
424349 6.41728 26.758 17.6671 34 10.8064 3.26931 84.8424
424358 6.41728 27.3033 17.6671 34 10.8971 3.15264 85.3877
424375 6.45594 27.8391 17.1112 34 11.2029 2.95345 85.4062
424384 6.4946 28.48 16.7167 34 11.4565 2.7556 85.6913
424405 6.57192 28.9966 16.4839 34 11.6036 2.59994 86.0525
424410 6.57192 28.9966 16.4839 34 11.6036 2.59994 86.0525
424419 6.53326 29.3219 16.3524 34 11.7264 2.5225 86.2075
424436 6.47527 29.4463 16.3119 34 11.7875 2.50316 86.2334
424438 6.47527 29.4463 16.3119 34 11.7875 2.50316 86.2334
424446 6.43661 29.3984 16.6357 34 11.6589 2.56746 86.4707
424467 6.43661 29.3984 16.6357 34 11.6589 2.56746 86.4707
424474 6.39795 29.1784 17.1617 34 11.4191 2.69525 86.7381
424482 6.32064 28.9966 17.849 34 11.1359 2.84486 87.1663
424496 6.32064 28.9966 17.849 34 11.1359 2.84486 87.1663
424500 6.31097 28.7096 18.3442 34 10.8895 2.97436 87.3648
424509 6.31097 28.5757 18.6778 34 10.7312 3.04766 87.5644
424524 6.31097 28.5757 18.6778 34 10.7312 3.04766 87.5644
424529 6.29164 28.26 18.9709 34 10.568 3.15677 87.5225
424537 6.29164 28.26 18.9709 34 10.568 3.15677 87.5225
424555 6.25298 27.9347 19.173 34 10.4477 3.25981 87.3607
424564 6.26265 27.7147 19.1831 34 10.4029 3.30524 87.1605
424584 6.26265 27.7147 19.1831 34 10.4029 3.30524 87.1605
424585 6.28198 27.4277 18.981 34 10.4293 3.3345 86.6906
424591 7.13246 27.3799 19.1326 34 10.0162 3.18677 87.6449
424614 7.13246 27.3799 19.1326 34 10.0162 3.18677 87.6449
424615 8.50483 27.1311 19.1427 34 9.42896 2.95793 88.7786
424643 10.2541 26.7389 19.5672 34 8.53509 2.74528 90.5602
424645 12.2644 26.2893 20.4061 34 7.42764 2.55796 92.9597
424655 12.2644 26.2893 20.4061 34 7.42764 2.55796 92.9597
424673 14.8738 26.0023 21.5178 34 6.12348 2.27843 96.3939
424675 17.9621 25.6674 22.8115 34 4.70271 1.96862 100.441
424705 21.0985 25.1221 24.1052 34 3.33532 1.70878 104.326
424707 23.6672 25.1221 26.0963 34 2.14871 1.55764 108.886
424717 23.6672 23.9932 26.0963 34 1.90932 1.7311 107.757
424736 25.6203 22.5008 29.5428 30.903 -0.405113 1.70282 108.567
424738 25.6203 22.5008 29.5428 30.903 -0.405113 1.70282 108.567
424745 27.0441 21.1998 33.5957 27.5165 -2.72587 1.76509 109.356
424766 27.9389 20.1379 34 24.0045 -4.19406 1.4038 106.081
424768 27.9389 20.1379 34 24.0045 -4.19406 1.4038 106.081
424772 28.2852 19.1716 34 20.6084 -5.51245 1.05102 102.065
424799 28.3237 18.0045 34 17.6561 -6.80291 0.815619 97.9843
424800 28.3237 18.0045 34 17.6561 -6.80291 0.815619 97.9843
424809 28.3237 16.5671 34 15.4317 -8.03759 0.722133 94.3224
424828 28.3237 16.5671 34 15.4317 -8.03759 0.722133 94.3224
424831 28.3718 14.768 34 14.2215 -9.1347 0.834337 91.3613
424835 28.343 12.9015 34 13.6697 -10.0579 1.08395 88.9142
424845 28.343 12.9015 34 13.6697 -10.0579 1.08395 88.9142
424859 28.2083 10.9004 34 13.3986 -10.9555 1.43745 86.5073
424865 27.7849 8.80306 34 13.205 -11.8676 1.90058 83.793
424874 27.7849 8.80306 34 13.205 -11.8676 1.90058 83.793
424891 27.4194 6.83079 34 13.0792 -12.7597 2.36613 81.3293
424900 27.4194 6.83079 34 13.0792 -12.7597 2.36613 81.3293
424921 27.2366 5.15676 34 12.8274 -13.6493 2.73302 79.2208
424921 27.3809 3.9253 34 12.4789 -14.4554 2.9259 77.7851
424926 27.3809 3.9253 34 12.4789 -14.4554 2.9259 77.7851
424935 27.8908 3.12677 34 12.111 -15.1218 2.93539 77.1286
424954 28.6604 2.94397 34 11.9271 -15.4097 2.77101 77.5315
424961 28.6604 2.94397 34 11.9271 -15.4097 2.77101 77.5315
424983 29.3339 3.03056 34 11.8497 -15.4875 2.58621 78.2141
424985 29.3339 3.03056 34 11.8497 -15.4875 2.58621 78.2141
424990 29.2954 3.0498 34 11.7722 -15.513 2.57823 78.1174
425013 29.0838 3.11715 34 11.5495 -15.5681 2.57529 77.7505
425015 29.0838 3.11715 34 11.5495 -15.5681 2.57529 77.7505
425019 29.0645 3.06904 34 11.3172 -15.7127 2.55329 77.4508
425027 29.305 3.17487 34 10.959 -15.8742 2.41721 77.4389
425046 29.305 3.17487 34 10.959 -15.8742 2.41721 77.4389
425054 29.8342 3.27108 34 10.6492 -16.0486 2.227 77.7545
425062 29.8342 3.27108 34 10.6492 -16.0486 2.227 77.7545
425080 30.4692 3.42501 34 10.2813 -16.2336 1.99305 78.1755
425081 31.2484 3.61743 34 10.0296 -16.3512 1.74226 78.8955
425088 31.2484 3.61743 34 10.0296 -16.3512 1.74226 78.8955
425111 31.5467 3.65591 34 9.94248 -16.4092 1.65643 79.1451
425116 31.6044 3.59819 34 9.83599 -16.5015 1.63845 79.0386
425126 31.6044 3.59819 34 9.83599 -16.5015 1.63845 79.0386
425142 31.5852 3.50198 34 9.83599 -16.55 1.66279 78.9231
425145 31.5852 3.50198 34 9.83599 -16.55 1.66279 78.9231
425154 31.5178 3.42501 34 9.80695 -16.5987 1.68841 78.7498
425175 31.1041 3.26146 34 9.85535 -16.6155 1.8198 78.2209
425176 31.1041 3.26146 34 9.85535 -16.6155 1.8198 78.2209
425180 31.0368 3.20374 34 9.91344 -16.6081 1.85651 78.154
425191 31.056 3.12677 34 9.89408 -16.6615 1.86572 78.0769
425207 31.056 3.12677 34 9.89408 -16.6615 1.86572 78.0769
425217 30.8636 2.99208 34 10.0006 -16.656 1.95454 77.8563
425238 30.8636 2.99208 34 10.0006 -16.656 1.95454 77.8563
425240 30.3922 2.93435 34 10.049 -16.6102 2.07865 77.3755
425247 29.8342 2.78042 34 10.1264 -16.5907 2.25013 76.741
425269 29.8342 2.78042 34 10.1264 -16.5907 2.25013 76.741
425270 29.5359 2.67459 34 10.3491 -16.4944 2.37826 76.5596
425274 29.3435 2.55914 34 10.3781 -16.52 2.4532 76.2808
425301 29.5456 2.49179 34 10.2136 -16.6687 2.39529 76.2509
425309 29.5456 2.49179 34 10.2136 -16.6687 2.39529 76.2509
425317 29.8053 2.45331 34 9.98121 -16.8451 2.30639 76.2398
425333 30.0747 2.38596 34 9.86503 -16.9745 2.24126 76.3257
425335 30.0747 2.38596 34 9.86503 -16.9745 2.24126 76.3257
425344 30.2671 2.41483 34 9.79727 -17.0161 2.18007 76.4792
425363 30.6712 2.34748 34 9.66173 -17.1693 2.08196 76.6804
425371 30.6712 2.34748 34 9.66173 -17.1693 2.08196 76.6804
425373 31.2773 2.40521 34 9.41002 -17.337 1.8927 77.0925
425395 31.2773 2.40521 34 9.41002 -17.337 1.8927 77.0925
425400 31.9123 2.42445 34 9.19704 -17.5055 1.71415 77.5338
425409 32.5088 2.49179 34 9.22608 -17.5103 1.57725 78.2266
425427 32.5088 2.49179 34 9.22608 -17.5103 1.57725 78.2266
425429 33.0572 2.55914 34 9.0615 -17.615 1.41944 78.6778
425435 33.3554 2.59762 34 9.04214 -17.6326 1.34612 78.9952
425458 33.3554 2.59762 34 9.04214 -17.6326 1.34612 78.9952
425461 33.4131 2.57838 34 8.95501 -17.6954 1.32308 78.9465
425489 33.2111 2.79004 34 9.08087 -17.4946 1.34286 79.082
425491 33.163 3.2807 34 9.17768 -17.1765 1.26863 79.6214
425496 33.163 3.2807 34 9.17768 -17.1765 1.26863 79.6214
425505 33.4997 4.00226 34 9.42939 -16.7018 1.0986 80.9314
425525 33.8749 4.75269 34 9.41002 -16.3682 0.874429 82.0376
425526 33.8749 4.75269 34 9.41002 -16.3682 0.874429 82.0376
425536 34 5.83984 34 9.55524 -15.7698 0.668276 83.3951
425554 34 5.83984 34 9.55524 -15.7698 0.668276 83.3951
425556 34 7.41766 34 10.6589 -14.4997 0.564827 86.0765
425566 34 9.89983 34 13.8149 -12.0715 0.640315 91.7147
425587 34 9.89983 34 13.8149 -12.0715 0.640315 91.7147
425588 34 12.9785 34 16.7192 -9.80121 0.574336 97.6977
425596 34 15.3933 34 17.1351 -8.82129 0.25989 100.528
425619 34 15.3933 34 17.1351 -8.82129 0.25989 100.528
425624 34 17.4496 34 16.3804 -8.38897 -0.157501 101.83
425634 34 17.4496 34 16.3804 -8.38897 -0.157501 101.83
425651 34 19.6308 33.2723 16.1287 -7.64636 -0.615807 103.032
425652 34 21.9938 28.5119 16.9032 -5.8217 -1.56476 101.409
425683 34 24.8351 24.8228 18.0516 -3.91705 -2.35385 101.71
425686 34 28.0495 22.0838 19.7015 -2.00627 -2.92737 103.835
425695 34 28.0495 22.0838 19.7015 -2.00627 -2.92737 103.835
425717 33.4324 31.3118 20.1231 21.4092 -0.196302 -3.27616 106.276
425719 31.3543 31.3118 18.7586 23.445 1.10705 -2.92684 104.87
425722 31.3543 33.9904 18.7586 23.445 1.70214 -3.22755 107.548
425732 28.747 34 17.5862 25.5482 3.12023 -2.77847 105.881
425752 28.747 34 17.5862 25.5482 3.12023 -2.77847 105.881
425754 25.7742 34 16.6964 27.7866 4.63181 -2.20001 104.257
425761 22.2145 34 15.6845 29.6873 6.3464 -1.601 101.586
425786 22.2145 34 15.6845 29.6873 6.3464 -1.601 101.586
425788 18.4431 34 14.7435 31.2792 8.14817 -0.978072 98.4658
425796 15.0864 34 14.1161 32.958 9.81576 -0.313902 96.1605
425818 15.0864 34 14.1161 32.958 9.81576 -0.313902 96.1605
425820 12.6896 34 13.7619 34 10.9973 0.170293 94.4515
425822 12.6896 34 13.7619 34 10.9973 0.170293 94.4515
425831 11.4139 34 13.8732 34 11.4466 0.395447 93.2871
425853 11.1433 34 14.1161 34 11.4575 0.478152 93.2593
425854 11.1433 34 14.1161 34 11.4575 0.478152 93.2593
425861 11.1239 34 14.1161 34 11.465 0.481362 93.24
425888 10.979 34 13.8935 34 11.6094 0.470724 92.8724
425889 10.979 34 13.8935 34 11.6094 0.470724 92.8724
425897 10.9306 34 13.428 34 11.813 0.405593 92.3586
425922 10.8147 34 12.8714 34 12.083 0.33649 91.6861
425924 10.8243 34 12.1935 33.7974 12.3271 0.192676 90.8152
425955 10.776 34 11.5762 32.5817 12.4333 -0.104251 88.9339
425959 10.7663 34 10.9185 31.5494 12.5709 -0.395232 87.2342
425967 10.7663 34 10.9185 31.5494 12.5709 -0.395232 87.2342
425992 10.7277 34 10.372 30.7003 12.7041 -0.639042 85.8
425993 10.7277 34 10.372 30.7003 12.7041 -0.639042 85.8
425997 10.66 34 9.97738 30.0925 12.8217 -0.812607 84.7299
426006 10.6504 34 9.775 29.7838 12.8722 -0.906956 84.2091
426026 10.6504 34 9.775 29.7838 12.8722 -0.906956 84.2091
426032 10.6117 34 9.55238 29.7645 12.9874 -0.946315 83.9286
426041 10.4957 34 9.62321 30.1793 13.0668 -0.835103 84.2983
426062 10.4764 34 9.7244 30.5846 13.0871 -0.737291 84.7854
426067 10.4764 34 9.7244 30.5846 13.0871 -0.737291 84.7854
426076 10.3604 34 9.7244 31.0477 13.2038 -0.632254 85.1325
426097 10.2831 34 9.90655 31.5783 13.2301 -0.489387 85.768
426104 10.2831 34 9.90655 31.5783 13.2301 -0.489387 85.768
426114 10.2735 34 10.1292 32.3019 13.2344 -0.31873 86.7045
426133 10.2638 34 10.4429 32.8615 13.1768 -0.164343 87.5682
426140 10.1575 34 10.6452 33.4597 13.2154 -0.00892818 88.2624
426170 10.0802 34 10.9185 33.8939 13.1888 0.123548 88.8925
426175 9.93519 34 11.3435 34 13.083 0.236607 89.2786
426184 9.93519 34 11.3435 34 13.083 0.236607 89.2786
426205 9.88687 34 11.7786 34 12.9187 0.316461 89.6654
426205 10.5054 34 12.2643 34 12.4574 0.290662 90.7697
426211 10.5054 34 12.2643 34 12.4574 0.290662 90.7697
426221 11.008 34 12.4363 34 12.1811 0.234298 91.4443
426240 11.008 34 12.4363 34 12.1811 0.234298 91.4443
426242 11.5492 34 12.5881 34 11.9015 0.169138 92.1373
426249 12.6219 34 13.094 34 11.2798 0.075565 93.716
426275 12.6219 34 13.094 34 11.2798 0.075565 93.716
426277 14.5935 34 13.8732 32.9194 10.0782 -0.283201 95.3861
426284 17.2405 34 14.5006 31.2117 8.63064 -0.855298 96.9528
426312 17.2405 34 14.5006 31.2117 8.63064 -0.855298 96.9528
