544002 21.6757 33.8852 18.7586 34 6.33562 -0.38806 108.32
544013 24.3984 33.8948 18.4756 34 5.64706 -0.787797 110.769
544018 26.5439 33.6269 18.0309 31.6748 4.71596 -1.42866 109.876
544027 26.5439 33.6269 18.0309 31.6748 4.71596 -1.42866 109.876
544036 28.3622 33.0338 17.6772 27.5165 3.40344 -2.2801 106.59
544055 30.0458 31.9049 18.1118 23.2809 1.70021 -2.98394 103.343
544062 30.0458 31.9049 18.1118 23.2809 1.70021 -2.98394 103.343
544071 31.8546 30.4029 19.9512 19.4313 -0.484934 -3.37587 101.64
544080 31.8546 30.4029 19.2033 19.4313 -0.303203 -3.51209 100.892
544089 33.8749 28.3078 24.3781 16.7096 -3.20413 -3.06405 103.27
544102 34 25.8396 30.2402 15.1606 -5.52069 -2.05798 105.24
544119 34 23.3618 34 14.2603 -7.19024 -1.29257 105.622
544129 34 20.951 34 13.9311 -8.04753 -1.02349 102.882
544141 34 20.951 34 13.9311 -8.04753 -1.02349 102.882
544149 34 18.502 34 13.8924 -8.86645 -0.688724 100.394
544159 34 15.9032 34 13.8052 -9.79739 -0.32208 97.7085
544185 34 12.9689 34 13.3599 -11.0441 0.0621825 94.3288
544193 34 12.9689 34 13.3599 -11.0441 0.0621825 94.3288
544202 34 10.4194 34 12.779 -12.2814 0.388114 91.1984
544211 34 8.49519 34 12.4692 -13.2175 0.670052 88.9644
544220 34 8.49519 34 12.4692 -13.2175 0.670052 88.9644
544240 34 7.6678 34 12.5951 -13.5213 0.837379 88.2629
544248 34 7.57159 34 12.7403 -13.4999 0.877921 88.3119
544249 34 7.57159 34 12.7403 -13.4999 0.877921 88.3119
544261 34 7.49462 34 12.6822 -13.5589 0.882475 88.1769
544281 34 7.49462 34 12.6822 -13.5589 0.882475 88.1769
544283 34 7.39842 34 12.5177 -13.6732 0.873431 87.9161
544302 34 7.35031 34 12.4208 -13.7371 0.866548 87.7712
544304 34 7.35031 34 12.4208 -13.7371 0.866548 87.7712
544311 34 7.35993 34 12.1982 -13.8314 0.828863 87.5581
544323 34 7.19638 34 12.111 -13.9429 0.844372 87.3074
544331 34 7.19638 34 12.111 -13.9429 0.844372 87.3074
544344 34 7.09055 34 11.8787 -14.0943 0.825836 86.9692
544351 34 7.09055 34 11.8787 -14.0943 0.825836 86.9692
544361 33.7787 6.90775 34 11.627 -14.2631 0.858588 86.3135
544371 33.365 6.70572 34 11.4624 -14.3795 0.945541 85.5332
544382 33.365 6.70572 34 11.4624 -14.3795 0.945541 85.5332
544392 32.9706 6.54216 34 11.3946 -14.4374 1.03912 84.9074
544402 32.6723 6.25354 34 11.2785 -14.5896 1.13164 84.2043
544412 32.6723 6.25354 34 11.2785 -14.5896 1.13164 84.2043
544422 32.7397 6.19581 34 11.1526 -14.6844 1.10904 84.0881
544432 32.7397 6.19581 34 11.1526 -14.6844 1.10904 84.0881
544442 32.9225 6.19581 34 11.1913 -14.6885 1.08049 84.3096
544452 33.0956 6.10922 34 11.1236 -14.7823 1.0528 84.3284
544463 33.0956 6.10922 34 11.1236 -14.7823 1.0528 84.3284
544473 33.2881 6.0034 34 11.0074 -14.9104 1.01709 84.2989
544483 33.2881 6.0034 34 11.0074 -14.9104 1.01709 84.2989
544493 33.5959 5.97453 34 10.8719 -15.0249 0.941722 84.4423
544503 34 6.08036 34 10.8719 -15.0225 0.846037 84.9522
544521 34 6.08036 34 10.8719 -15.0225 0.846037 84.9522
544532 34 6.22467 34 10.8525 -14.9637 0.815935 85.0772
544538 34 6.30164 34 10.7751 -14.9639 0.788716 85.0767
544547 34 6.30164 34 10.7751 -14.9639 0.788716 85.0767
544556 34 6.32088 34 10.7363 -14.9731 0.778672 85.0572
544565 34 6.36899 34 10.533 -15.0462 0.735678 84.902
544582 34 6.36899 34 10.533 -15.0462 0.735678 84.902
544591 34 6.43633 34 10.3104 -15.1196 0.685696 84.7467
544611 34 6.54216 34 10.2039 -15.1199 0.648122 84.746
544621 34 6.54216 34 10.1845 -15.129 0.644841 84.7267
544630 34 6.54216 34 10.1845 -15.129 0.644841 84.7267
544638 34 6.78268 34 10.2039 -15.0063 0.603835 84.9866
544647 34 7.08093 34 10.3781 -14.7851 0.578733 85.4591
544656 34 7.08093 34 10.3781 -14.7851 0.578733 85.4591
544667 34 10.1404 34 11.0268 -13.1306 0.149115 89.1671
544676 34 10.1404 34 11.0268 -13.1306 0.149115 89.1671
544693 34 10.6695 34 11.1042 -12.873 0.072636 89.7737
544702 34 12.2569 34 11.4043 -12.0931 -0.139525 91.6613
544722 34 13.1805 34 11.7528 -11.5853 -0.230437 92.9334
544732 34 13.1805 34 11.7528 -11.5853 -0.230437 92.9334
544741 34 14.893 34 12.0336 -10.8171 -0.451839 94.9266
544750 34 17.6601 34 12.1304 -9.7682 -0.848195 97.7905
544758 34 17.6601 34 12.1304 -9.7682 -0.848195 97.7905
544770 34 20.0709 34 12.0626 -8.95465 -1.19964 100.134
544785 34 21.8025 33.2218 12.1207 -8.2304 -1.55124 101.145
544793 34 21.8025 33.2218 12.1207 -8.2304 -1.55124 101.145
544802 34 22.9505 30.3109 12.3628 -7.27677 -2.14959 99.6242
544811 34 22.9505 30.3109 12.3628 -7.27677 -2.14959 99.6242
544820 34 24.0602 27.5922 13.5535 -6.04258 -2.55749 99.2059
544832 34 25.2561 25.6819 16.8935 -4.30426 -2.45709 101.831
544840 34 25.2561 25.6819 16.8935 -4.30426 -2.45709 101.831
544848 34 26.4519 24.7521 22.0556 -2.3878 -1.90811 107.26
544866 34 27.5138 24.1558 27.5261 -0.688161 -1.30287 113.196
544875 34 27.5138 24.1558 27.5261 -0.688161 -1.30287 113.196
544883 32.9802 28.1261 23.1249 31.5108 0.762862 -0.838583 115.742
544901 29.9689 28.4609 21.9322 34 2.30841 -0.327583 114.362
544910 26.0917 28.5279 20.8407 34 3.56191 0.0303036 109.46
544927 26.0917 28.5279 20.8407 34 3.56191 0.0303036 109.46
544937 21.8585 28.4896 19.9512 34 4.95684 0.518192 104.299
544946 17.2309 28.3461 19.0922 34 6.59351 1.14248 98.6691
544959 17.2309 28.3461 19.0922 34 6.59351 1.14248 98.6691
544966 12.7476 28.3844 18.5767 34 8.28634 1.83197 93.7086
544975 9.10404 28.5661 18.4453 34 9.71442 2.45937 90.1155
544983 9.10404 28.5661 18.4453 34 9.71442 2.45937 90.1155
544992 6.9585 29.0445 18.698 34 10.5377 2.82326 88.7009
545003 6.9585 29.0445 18.698 34 10.5377 2.82326 88.7009
545018 6.41728 29.6854 19.1831 34 10.6638 2.8695 89.2858
545027 6.60091 30.1351 19.4863 34 10.5428 2.78485 90.2223
545036 6.60091 30.1351 19.4863 34 10.5428 2.78485 90.2223
545048 6.84252 30.5751 19.648 34 10.4552 2.67341 91.0657
545053 7.06481 31.1013 19.6076 34 10.4684 2.52385 91.7737
545062 7.06481 31.1013 19.6076 34 10.4684 2.52385 91.7737
545072 7.37408 31.7327 19.2842 34 10.5731 2.30175 92.391
545082 7.37408 31.7327 19.2842 34 10.5731 2.30175 92.391
545092 7.59636 32.5076 18.5868 34 10.8761 2.02008 92.6908
545112 7.85731 33.2729 17.7176 34 11.2275 1.71044 92.8478
545118 7.85731 33.2729 17.7176 34 11.2275 1.71044 92.8478
545127 8.01194 34 16.7167 34 11.6661 1.4081 92.7286
545136 8.01194 34 16.7167 34 11.6661 1.4081 92.7286
545144 8.22456 34 15.5833 34 12.0339 1.20231 91.8079
545154 8.36953 34 14.5917 34 12.3786 1.02606 90.9612
545174 8.36953 34 14.5917 34 12.3786 1.02606 90.9612
545179 8.62081 34 13.772 34 12.6136 0.854806 90.3928
545188 8.77544 34 13.0536 34 12.8497 0.71438 89.829
545197 8.77544 34 13.0536 34 12.8497 0.71438 89.829
545206 8.84309 34 12.4363 34 13.0827 0.603703 89.2794
545216 8.87209 34 11.7988 34 13.344 0.495098 88.6709
545226 8.87209 34 11.7988 34 13.344 0.495098 88.6709
545237 8.85276 34 11.5054 34 13.4798 0.450316 88.3581
545252 8.85276 34 11.5054 34 13.4798 0.450316 88.3581
545261 8.83343 34 11.3232 34 13.5677 0.423641 88.1566
545270 8.70779 34 11.5762 34 13.5121 0.487359 88.284
545278 8.70779 34 11.5762 34 13.5121 0.487359 88.284
545287 8.65947 34 11.9506 34 13.3704 0.557125 88.6101
545298 8.65947 34 11.9506 34 13.3704 0.557125 88.6101
545313 8.66913 34 12.5071 34 13.1267 0.645577 89.1763
545322 8.57248 34 12.9321 34 12.9869 0.730632 89.5046
545332 8.57248 34 12.9321 34 12.9869 0.730632 89.5046
545342 8.5145 34 13.3065 34 12.853 0.800267 89.821
545352 8.42752 34 13.5393 34 12.7917 0.852275 89.9668
545363 8.42752 34 13.5393 34 12.7917 0.852275 89.9668
545369 8.3502 34 13.8935 34 12.6758 0.92138 90.2437
545378 8.27288 34 14.2071 34 12.5774 0.983795 90.48
545406 8.16657 34 14.4298 34 12.5291 1.03699 90.5963
545413 8.16657 34 14.4298 34 12.5291 1.03699 90.5963
545422 8.09892 34 14.8649 34 12.3775 1.11571 90.9638
545431 7.91529 34 15.1887 34 12.32 1.19754 91.104
545439 7.91529 34 15.1887 34 12.32 1.19754 91.104
545451 8.38886 34 16.3726 34 11.6531 1.29102 92.7615
545467 10.5247 34 16.8482 34 10.6495 0.99454 95.3729
545473 10.5247 34 16.8482 34 10.6495 0.99454 95.3729
545478 12.274 34 17.5559 34 9.7542 0.809855 97.8299
545505 14.0233 34 18.1926 34 8.92674 0.62405 100.216
545515 16.3911 34 18.9203 34 7.91019 0.367221 103.311
545522 16.3911 34 18.9203 34 7.91019 0.367221 103.311
545535 19.6169 34 19.1326 34 6.85028 -0.0680503 106.749
545540 22.5416 34 18.9911 34 6.04097 -0.486226 109.533
545557 22.5416 34 18.9911 34 6.04097 -0.486226 109.533
545566 24.3888 34 18.8496 30.7775 4.98518 -1.21672 108.016
545577 24.3888 34 18.8496 30.7775 4.98518 -1.21672 108.016
545585 25.7261 32.9859 19.0113 27.2463 3.69032 -1.77972 104.97
545593 26.8132 31.704 20.1231 23.7633 2.08269 -2.14311 102.404
545603 26.8132 31.704 20.1231 23.7633 2.08269 -2.14311 102.404
545612 27.8715 30.2881 23.327 20.8593 -0.0124931 -2.04797 102.346
545623 28.8913 28.3557 29.3002 19.0358 -2.55727 -1.26597 105.583
545632 28.8913 28.3557 29.3002 19.0358 -2.55727 -1.26597 105.583
545644 29.7957 26.1458 34 17.9552 -4.56335 -0.554182 107.897
545652 29.7957 26.1458 34 17.9552 -4.56335 -0.554182 107.897
545666 30.1036 23.5723 34 16.9226 -5.6427 -0.394843 104.598
545672 30.0747 20.8075 34 16.4772 -6.60766 -0.0599393 101.359
545682 30.0747 20.8075 34 16.4772 -6.60766 -0.0599393 101.359
545692 29.7861 17.8514 34 16.3901 -7.53475 0.421194 98.0276
545702 29.2954 14.9604 34 16.2158 -8.4997 0.946321 94.4716
545712 29.2954 14.9604 34 16.2158 -8.4997 0.946321 94.4716
545733 28.7951 12.4109 34 15.9544 -9.4421 1.43951 91.1604
545738 28.7951 12.4109 34 15.9544 -9.4421 1.43951 91.1604
545747 28.3622 10.1404 34 15.5672 -10.405 1.88453 88.0697
545756 27.7561 8.34126 34 15.0444 -11.2666 2.28098 85.1418
545764 27.7561 8.34126 34 15.0444 -11.2666 2.28098 85.1418
545782 27.2943 7.09055 34 14.7927 -11.8455 2.59828 83.1775
545791 26.996 6.29202 34 14.8218 -12.143 2.83773 82.1098
545808 27.1019 6.08998 34 15.1315 -12.1109 2.90435 82.3234
545820 27.1019 6.08998 34 15.1315 -12.1109 2.90435 82.3234
545827 27.6118 6.34975 34 15.451 -11.932 2.78546 83.4125
545836 28.1698 6.72496 34 15.3252 -11.9092 2.57014 84.2199
545846 28.1698 6.72496 34 15.3252 -11.9092 2.57014 84.2199
545856 28.747 7.03282 34 14.9186 -12.0414 2.32685 84.6984
545873 29.3531 7.31183 34 14.4345 -12.223 2.07455 85.0995
545885 29.3531 7.31183 34 14.4345 -12.223 2.07455 85.0995
545891 30.1228 7.59083 34 14.0569 -12.3804 1.80889 85.7706
545899 30.1228 7.59083 34 14.0569 -12.3804 1.80889 85.7706
545908 31.1522 7.90832 34 13.7956 -12.5058 1.50853 86.8561
545917 31.8161 8.15846 34 13.5342 -12.6054 1.29581 87.5087
545934 31.8161 8.15846 34 13.5342 -12.6054 1.29581 87.5087
545943 32.3645 8.21619 34 13.205 -12.7991 1.13191 87.7857
545952 32.6916 8.29315 34 13.0211 -12.8904 1.02886 88.0058
545961 32.6916 8.29315 34 13.0211 -12.8904 1.02886 88.0058
545969 32.9417 8.30277 34 12.8759 -12.9831 0.958582 88.1203
545979 33.1149 8.30277 34 12.8759 -13.0067 0.927283 88.2935
545988 33.1149 8.22581 34 12.6919 -13.1193 0.911803 88.0326
545998 33.1341 7.99491 34 12.3628 -13.366 0.897294 87.4918
546019 33.1341 7.99491 34 12.3628 -13.366 0.897294 87.4918
546024 33.1053 7.73514 34 12.0046 -13.6351 0.89196 86.845
546033 33.1534 7.56197 34 11.7722 -13.8226 0.877041 86.4875
546051 33.3843 7.42728 34 11.4721 -14.0481 0.810213 86.2836
546068 33.6825 7.27334 34 11.172 -14.2919 0.73428 86.1278
546077 33.6825 7.27334 34 11.172 -14.2919 0.73428 86.1278
546088 33.9519 7.16752 34 10.959 -14.4709 0.669084 86.0784
546097 33.9519 7.16752 34 10.959 -14.4709 0.669084 86.0784
546111 34 7.14827 34 10.8138 -14.5523 0.639616 85.9621
546116 34 7.16752 34 10.6782 -14.6059 0.613437 85.8458
546124 34 7.16752 34 10.6782 -14.6059 0.613437 85.8458
546133 34 7.23486 34 10.5233 -14.6464 0.575191 85.7582
546142 34 7.30221 34 10.2523 -14.7408 0.517226 85.5545
546160 34 7.30221 34 10.2523 -14.7408 0.517226 85.5545
546168 34 7.38879 34 10.2136 -14.7185 0.49498 85.6023
546178 34 7.38879 34 10.2136 -14.7185 0.49498 85.6023
546186 34 7.36955 34 10.2039 -14.732 0.496822 85.5734
546194 34 7.42728 34 10.4072 -14.6111 0.520753 85.8344
546212 34 7.45614 34 10.504 -14.5532 0.531848 85.9601
546223 34 7.40804 34 10.6298 -14.5175 0.561696 86.0379
546246 34 7.40804 34 10.6298 -14.5175 0.561696 86.0379
546248 34 7.4369 34 10.8815 -14.389 0.598596 86.3184
546253 34 7.4369 34 10.8815 -14.389 0.598596 86.3184
546263 34 11.0062 34 11.0849 -12.7396 0.013091 90.0911
546273 34 11.7663 34 11.1913 -12.38 -0.0948116 90.9576
546283 34 11.7663 34 11.1913 -12.38 -0.0948116 90.9576
546293 34 13.9983 34 11.3946 -11.4053 -0.418179 93.393
546303 34 15.5088 34 11.5205 -10.7784 -0.629533 95.0293
546316 34 15.5088 34 11.5205 -10.7784 -0.629533 95.0293
546323 34 17.7079 34 11.201 -10.0845 -1.00717 96.909
546341 34 17.7079 34 11.201 -10.0845 -1.00717 96.909
546350 34 20.1283 34 10.8622 -9.34673 -1.40409 98.9905
546362 34 22.1564 34 11.4624 -8.45836 -1.57855 101.619
546369 34 22.1564 34 11.4624 -8.45836 -1.57855 101.619
546385 34 24.0315 32.6558 14.57 -6.66324 -1.5399 105.257
546388 34 25.8683 31.4025 19.7015 -4.46794 -1.18467 110.972
546397 34 25.8683 31.4025 19.7015 -4.46794 -1.18467 110.972
546408 34 27.0929 29.3103 23.4064 -2.81416 -1.10397 113.81
546423 34 27.0929 29.3103 23.4064 -2.81416 -1.10397 113.81
546432 33.9904 27.7338 26.4298 25.2781 -1.63276 -1.32453 113.432
546441 32.884 28.0495 23.9435 27.3621 -0.315376 -1.2867 112.239
546450 32.884 28.0495 23.9435 27.3621 -0.315376 -1.2867 112.239
546458 31.3158 28.7575 22.3971 29.832 1.08558 -1.04772 112.302
546467 29.2377 29.2741 21.3359 31.9257 2.37671 -0.704575 111.773
546485 29.2377 29.2741 21.3359 31.9257 2.37671 -0.704575 111.773
546493 26.5727 29.5706 20.3757 33.7202 3.70611 -0.278584 110.239
546505 26.5727 29.5706 20.3757 33.7202 3.70611 -0.278584 110.239
546513 23.2439 29.5706 19.365 34 4.93543 0.0777698 106.18
546522 19.3475 29.5132 18.2432 34 6.40989 0.501831 101.104
546531 19.3475 29.5132 18.2432 34 6.40989 0.501831 101.104
546540 15.3184 29.5419 17.4346 34 7.9934 1.02409 96.2949
546554 11.7231 29.8863 17.1112 34 9.45097 1.53715 92.7206
546560 11.7231 29.8863 17.1112 34 9.45097 1.53715 92.7206
546570 8.9494 30.5464 17.091 34 10.6268 1.92001 90.5868
546578 8.9494 30.5464 17.091 34 10.6268 1.92001 90.5868
546601 7.34508 31.3118 17.4144 34 11.2556 2.12458 90.0712
546605 7.13246 32.4789 18.0815 34 11.2509 2.03998 91.6928
546613 7.13246 32.4789 18.0815 34 11.2509 2.03998 91.6928
546623 7.41273 33.5886 18.4756 34 11.1526 1.84124 93.477
546632 7.71234 34 18.6171 34 11.0439 1.73405 94.3295
546646 7.71234 34 18.6171 34 11.0439 1.73405 94.3295
546652 7.93462 34 18.6677 34 10.9399 1.70181 94.6023
546678 8.07959 34 18.3644 34 11.0002 1.63348 94.444
546692 8.13758 34 17.849 34 11.1754 1.54992 93.9866
546696 8.13758 34 17.849 34 11.1754 1.54992 93.9866
546704 8.08926 34 17.2527 34 11.4252 1.47256 93.3419
546714 7.95395 34 16.7167 34 11.6891 1.41836 92.6706
546722 7.95395 34 16.7167 34 11.6891 1.41836 92.6706
546740 7.86697 34 16.0994 34 11.97 1.34274 91.9664
546749 7.86697 34 16.0994 34 11.97 1.34274 91.9664
546758 7.81865 34 15.5833 34 12.1983 1.27426 91.402
546768 7.78965 34 15.2696 34 12.3383 1.23216 91.0593
546781 7.78965 34 15.2696 34 12.3383 1.23216 91.0593
546786 7.76066 34 14.9863 34 12.4668 1.19436 90.747
546795 7.67368 34 14.8244 34 12.5699 1.18523 90.4981
546821 7.66401 34 14.8446 34 12.5655 1.19005 90.5087
546829 7.62536 34 14.8143 34 12.5941 1.19233 90.4396
546838 7.62536 34 14.8143 34 12.5941 1.19233 90.4396
546851 7.5577 34 14.9357 34 12.5718 1.22296 90.4934
546856 7.5577 34 14.9357 34 12.5718 1.22296 90.4934
546864 7.49972 34 15.0571 34 12.5455 1.25183 90.5569
546883 7.54804 34 15.2899 34 12.4293 1.2784 90.8379
546885 7.54804 34 15.2899 34 12.4293 1.2784 90.8379
546899 7.52871 34 15.4113 34 12.3873 1.30019 90.94
546912 7.51904 34 15.6339 34 12.2999 1.33537 91.153
546921 7.51904 34 15.6339 34 12.2999 1.33537 91.153
546930 7.50938 34 15.9679 34 12.1677 1.38698 91.4772
546944 7.50938 34 15.9679 34 12.1677 1.38698 91.4772
546947 7.52871 34 16.231 34 12.0533 1.42256 91.7597
546956 7.60603 34 16.3119 34 11.9895 1.4207 91.9179
546966 7.60603 34 16.3119 34 11.9895 1.4207 91.9179
546989 7.59636 34 16.2208 34 12.0301 1.40896 91.8172
546992 7.62536 34 16.403 34 11.9451 1.43069 92.0283
547002 7.62536 34 16.403 34 11.9451 1.43069 92.0283
547012 7.64468 34 16.4232 34 11.9293 1.43023 92.0679
547022 7.64468 34 16.4232 34 11.9293 1.43023 92.0679
547037 7.62536 34 16.4232 34 11.937 1.43368 92.0486
547040 7.8863 34 17.0404 34 11.588 1.47764 92.9267
547060 11.4139 34 16.919 34 10.2943 0.857213 96.3329
547075 13.0375 34 17.6772 34 9.4427 0.70501 98.7147
547092 14.7095 34 18.3543 34 8.6421 0.540971 101.064
547105 14.7095 34 18.3543 34 8.6421 0.540971 101.064
547110 16.7197 34 19.2337 34 7.70697 0.362747 103.953
547118 20.4539 34 19.8401 34 6.39603 -0.0850189 108.294
547137 20.4539 34 19.8401 34 6.39603 -0.0850189 108.294
547139 24.1964 34 20.1736 33.0641 5.09138 -0.667476 111.434
547153 26.6208 33.2729 20.7295 29.9478 3.58828 -1.2503 110.571
547158 26.6208 33.2729 20.7295 29.9478 3.58828 -1.2503 110.571
547178 28.545 32.4406 21.538 26.899 2.11487 -1.7202 109.423
547185 28.545 32.4406 21.538 26.899 2.11487 -1.7202 109.423
547193 29.4878 31.5031 23.2765 23.9081 0.611708 -1.91445 108.175
547202 30.0747 30.4986 26.2378 21.3127 -1.04075 -1.80665 108.124
547211 30.0747 30.4986 26.2378 21.3127 -1.04075 -1.80665 108.124
547228 30.5076 29.3028 30.0785 19.0743 -2.80118 -1.46713 108.963
547237 30.575 27.8391 34 17.2701 -4.43678 -0.976971 109.684
547251 30.575 27.8391 34 17.2701 -4.43678 -0.976971 109.684
547256 30.4307 26.0788 34 15.8383 -5.29246 -0.94095 106.348
547266 30.4307 26.0788 34 15.8383 -5.29246 -0.94095 106.348
547275 30.2479 24.0028 34 14.7249 -6.19567 -0.804911 102.976
547283 30.0555 21.7068 34 14.4055 -6.9741 -0.502676 100.168
547299 30.0555 21.7068 34 14.4055 -6.9741 -0.502676 100.168
547310 29.9208 19.4012 34 14.512 -7.66799 -0.124198 97.834
547323 29.8438 17.1531 34 14.5023 -8.42637 0.236453 95.4992
547327 29.8438 17.1531 34 14.5023 -8.42637 0.236453 95.4992
547336 29.5744 14.8065 34 14.4055 -9.2585 0.650623 92.7863
547348 29.5744 14.8065 34 14.4055 -9.2585 0.650623 92.7863
547353 29.1222 12.2088 34 14.2893 -10.2165 1.16462 89.6204
547373 28.824 9.52462 34 14.1054 -11.3338 1.69282 86.454
547374 28.824 9.52462 34 14.1054 -11.3338 1.69282 86.454
547383 28.6989 7.35031 34 13.844 -12.3683 2.10888 83.8932
547398 28.9298 6.01302 34 13.6407 -13.1007 2.30636 82.5835
547403 28.9298 6.01302 34 13.6407 -13.1007 2.30636 82.5835
547413 29.4109 5.74363 34 13.7568 -13.2402 2.27997 82.9113
547431 29.4109 5.74363 34 13.7568 -13.2402 2.27997 82.9113
547446 29.6514 5.55122 34 13.7181 -13.3809 2.264 82.9207
547450 29.7187 5.50311 34 13.6213 -13.4575 2.24511 82.8431
547460 29.7187 5.50311 34 13.6213 -13.4575 2.24511 82.8431
547471 29.8246 5.32032 34 13.3115 -13.702 2.21328 82.4564
547477 29.863 5.3588 34 13.0598 -13.8076 2.15807 82.2816
547486 29.863 5.3588 34 13.0598 -13.8076 2.15807 82.2816
547505 29.7668 5.28183 34 12.75 -13.9779 2.14576 81.7987
547521 29.7668 5.28183 34 12.75 -13.9779 2.14576 81.7987
547523 29.6514 5.3107 34 12.6048 -14.0179 2.14107 81.5669
547526 29.459 5.45501 34 12.508 -13.9692 2.13591 81.422
547536 29.459 5.45501 34 12.508 -13.9692 2.13591 81.422
547546 29.2569 5.55122 34 12.2272 -14.0304 2.11372 81.0354
547556 28.7951 5.66667 34 12.3337 -13.8605 2.20407 80.7955
547583 28.7951 5.66667 34 12.3337 -13.8605 2.20407 80.7955
547612 28.1505 6.12847 34 12.8759 -13.2913 2.3283 81.1549
547621 27.9004 6.39785 34 13.3599 -12.9022 2.39933 81.6582
547623 27.9004 6.39785 34 13.3599 -12.9022 2.39933 81.6582
547632 27.8715 6.64799 34 13.873 -12.5468 2.43107 82.3925
547646 27.8523 6.82117 34 14.3861 -12.2337 2.47641 83.0596
547653 27.8523 6.82117 34 14.3861 -12.2337 2.47641 83.0596
547662 27.9196 6.92699 34 14.512 -12.1405 2.45901 83.3586
547671 28.1409 6.96548 34 14.4732 -12.1747 2.39894 83.5796
547680 28.1409 6.96548 34 14.4732 -12.1747 2.39894 83.5796
547697 28.3237 6.98472 34 14.2506 -12.2932 2.32329 83.559
547722 28.5546 7.00396 34 14.0182 -12.4234 2.2362 83.5768
547726 28.8817 6.98472 34 13.8924 -12.5374 2.15367 83.7588
547736 28.8817 6.98472 34 13.8924 -12.5374 2.15367 83.7588
547746 29.1607 6.94624 34 13.8149 -12.6307 2.09265 83.9219
547753 29.3724 6.83079 34 13.5923 -12.8137 2.03873 83.7954
547762 29.3724 6.83079 34 13.5923 -12.8137 2.03873 83.7954
547772 29.4878 6.71534 34 13.3502 -12.9924 2.00119 83.5534
547788 29.4878 6.71534 34 13.3502 -12.9924 2.00119 83.5534
547799 29.5648 6.58065 34 13.2921 -13.0912 2.0039 83.4376
547801 29.6418 6.49406 34 13.2825 -13.1462 2.00435 83.4183
547827 29.7957 6.36899 34 13.3405 -13.1986 2.00751 83.5052
547836 29.9689 6.31126 34 13.3986 -13.2229 1.99307 83.6788
547849 29.9689 6.31126 34 13.3986 -13.2229 1.99307 83.6788
547856 30.1709 6.24392 34 13.4567 -13.2555 1.97479 83.8715
547873 30.1709 6.24392 34 13.4567 -13.2555 1.97479 83.8715
547875 30.3056 6.15733 34 13.5438 -13.2741 1.97857 84.0068
547883 30.6135 6.20543 34 13.8536 -13.1549 1.95484 84.6725
547899 30.6135 6.20543 34 13.8536 -13.1549 1.95484 84.6725
547903 31.5563 8.51443 34 14.1634 -12.149 1.37578 88.2342
547926 31.5659 8.71647 34 14.1538 -12.0696 1.33509 88.4362
547928 31.5659 8.71647 34 14.1538 -12.0696 1.33509 88.4362
547933 31.614 9.93831 34 14.2893 -11.5165 1.1248 89.8416
547962 31.5178 10.9004 34 14.3958 -11.0725 0.98733 90.814
547964 31.4793 12.3339 34 14.6669 -10.4019 0.787241 92.4801
547976 31.4793 12.3339 34 14.6669 -10.4019 0.787241 92.4801
547992 31.6718 14.0464 34 14.4345 -9.87514 0.432755 94.1527
548001 31.6814 15.605 34 14.3377 -9.34354 0.164918 95.6241
548009 31.6814 15.605 34 14.3377 -9.34354 0.164918 95.6241
548027 31.4216 16.9711 34 15.6253 -8.37223 0.188618 98.018
548028 31.4216 16.9711 34 15.6253 -8.37223 0.188618 98.018
548037 31.1619 18.2532 34 18.8717 -6.85252 0.506904 102.287
548052 30.9117 19.8413 34 23.9081 -4.86889 0.987709 108.661
548065 30.9117 19.8413 34 23.9081 -4.86889 0.987709 108.661
548067 30.6038 21.2093 31.3419 28.2594 -2.79968 1.04852 111.414
548078 30.3056 22.3765 28.1683 31.2406 -1.08321 0.900182 112.091
548102 30.3056 22.3765 28.1683 31.2406 -1.08321 0.900182 112.091
548104 29.9977 23.534 25.4596 33.8649 0.430119 0.769925 112.856
548112 29.9977 23.534 25.4596 33.8649 0.430119 0.769925 112.856
548127 29.0934 24.6533 23.7515 34 1.30237 0.538766 111.498
548130 27.2943 25.5144 22.4477 34 2.23611 0.499611 109.256
548138 27.2943 25.5144 22.4477 34 2.23611 0.499611 109.256
548153 24.5427 26.1266 21.0327 34 3.44156 0.619197 105.702
548157 20.8676 26.251 19.8097 34 4.84841 0.994447 100.928
548180 20.8676 26.251 19.8097 34 4.84841 0.994447 100.928
548182 16.5458 26.3945 18.6677 34 6.58446 1.52614 95.6079
548188 16.5458 26.3945 18.6677 34 6.58446 1.52614 95.6079
548207 12.216 26.4423 17.94 34 8.35731 2.19898 90.5983
548212 8.8141 26.758 18.0511 34 9.67003 2.821 87.6232
548232 8.8141 26.758 18.0511 34 9.67003 2.821 87.6232
548234 6.71688 27.4086 18.5969 34 10.4053 3.19493 86.7224
548238 6.11768 28.2983 19.1629 34 10.567 3.21087 87.5788
548259 6.11768 28.2983 19.1629 34 10.567 3.21087 87.5788
548266 6.01137 29.0636 19.5065 34 10.5964 3.12112 88.5815
548275 6.01137 29.0636 19.5065 34 10.5964 3.12112 88.5815
548287 5.97271 29.4845 19.547 34 10.6638 3.04869 89.0042
548293 5.98238 29.8098 19.5874 34 10.696 2.98646 89.3796
548302 5.98238 29.8098 19.5874 34 10.696 2.98646 89.3796
548313 6.04036 29.915 19.5268 34 10.7138 2.94551 89.4821
548322 5.99204 29.7811 19.1326 34 10.8701 2.92885 88.9057
548339 5.99204 29.7811 19.1326 34 10.8701 2.92885 88.9057
548341 6.02103 29.6854 18.3847 34 11.1475 2.83993 88.0911
548365 5.95338 29.6185 17.6165 34 11.4833 2.76035 87.1884
548369 5.95338 29.6185 17.6165 34 11.4833 2.76035 87.1884
548371 5.90506 29.5324 16.8381 34 11.8195 2.67759 86.2755
548391 5.90506 29.5324 16.8381 34 11.8195 2.67759 86.2755
548398 5.88573 29.4845 16.1399 34 12.1211 2.59086 85.5101
548407 5.88573 29.5132 15.472 34 12.4175 2.48726 84.871
548418 5.88573 29.5132 15.472 34 12.4175 2.48726 84.871
548425 5.88573 29.7141 15.0167 34 12.6488 2.3784 84.6165
548433 5.8664 29.7141 14.7536 34 12.7748 2.34301 84.3341
548444 5.8664 29.9342 14.7536 34 12.8066 2.29788 84.5541
548452 5.81808 30.2212 14.5714 34 12.951 2.22174 84.6107
548469 5.81808 30.2212 14.5714 34 12.951 2.22174 84.6107
548474 5.8664 30.4412 14.622 34 12.938 2.17494 84.9296
548483 5.82774 30.7473 14.7333 34 12.949 2.13782 85.3084
548495 5.82774 30.7473 14.7333 34 12.949 2.13782 85.3084
548502 5.88573 31.0726 14.9661 34 12.8662 2.09622 85.9244
548512 5.88573 31.0726 14.9661 34 12.8662 2.09622 85.9244
548526 5.82774 31.3118 15.3 34 12.7789 2.11023 86.4395
548534 5.82774 31.5605 15.5429 34 12.7083 2.09729 86.9311
548550 5.82774 31.5605 15.5429 34 12.7083 2.09729 86.9311
548562 5.95338 31.8858 15.7048 34 12.6301 2.03309 87.5439
548578 5.96305 32.2589 15.9274 34 12.5833 1.99187 88.1493
548580 5.96305 32.2589 15.9274 34 12.5833 1.99187 88.1493
548589 6.01137 32.7181 15.9173 34 12.6314 1.8931 88.6467
548605 6.01137 32.7181 15.9173 34 12.6314 1.8931 88.6467
548607 6.05969 33.0529 15.9375 34 12.649 1.8234 89.0501
548616 6.01137 33.2538 16.0893 34 12.6332 1.81705 89.3545
548632 6.01137 33.2538 16.0893 34 12.6332 1.81705 89.3545
548643 5.97271 33.3208 16.0792 34 12.663 1.81024 89.3726
548645 5.93405 33.4164 16.0893 34 12.6882 1.80101 89.4398
548660 5.93405 33.4164 16.0893 34 12.6882 1.80101 89.4398
548673 6.06936 33.5695 16.3423 34 12.5465 1.78427 89.9811
548687 6.06936 33.5695 16.3423 34 12.5465 1.78427 89.9811
548691 8.53383 34 16.8685 34 11.4017 1.33851 93.4023
548699 9.82888 34 17.5155 34 10.6602 1.20929 95.3443
548714 9.82888 34 17.5155 34 10.6602 1.20929 95.3443
548718 11.9358 34 18.2634 34 9.62352 0.966548 98.1991
548726 14.3422 34 19.5065 34 8.38283 0.760583 101.849
548768 17.7408 34 20.113 34 7.11978 0.336147 105.854
548769 17.7408 34 20.113 34 7.11978 0.336147 105.854
548774 20.5116 34 20.2444 34 6.26265 -0.0368598 108.756
548783 22.1471 33.6078 19.7794 34 5.86145 -0.270528 109.534
548794 22.1471 33.6078 19.7794 34 5.86145 -0.270528 109.534
548801 22.9842 32.9094 19.2539 32.6493 5.40848 -0.555271 107.797
548811 23.3594 32.0867 19.2741 28.9154 4.43107 -1.05029 103.636
548822 23.3594 32.0867 19.2741 28.9154 4.43107 -1.05029 103.636
548829 23.6191 31.2639 20.0321 25.7894 3.32709 -1.34972 100.705
548849 23.6191 31.2639 20.0321 25.7894 3.32709 -1.34972 100.705
548851 23.9559 30.4508 22.3264 23.223 1.8487 -1.32916 99.9561
548858 24.3888 29.4654 27.0464 21.5732 -0.0967473 -0.766236 102.474
548877 24.3888 29.4654 27.0464 21.5732 -0.0967473 -0.766236 102.474
548886 24.841 28.0208 33.4643 20.483 -2.29417 0.152446 106.809
548905 25.3509 26.0979 34 19.6436 -3.23748 0.313266 105.092
548908 25.3509 26.0979 34 19.6436 -3.23748 0.313266 105.092
548912 25.5241 23.7732 34 18.9972 -4.09447 0.542536 102.294
548933 25.5241 23.7732 34 18.9972 -4.09447 0.542536 102.294
548934 25.5722 21.1711 34 18.9103 -4.88963 0.928282 99.6536
548940 25.6684 18.4159 34 18.7077 -5.823 1.33639 96.792
548960 25.6684 18.4159 34 18.7077 -5.823 1.33639 96.792
548962 25.5337 15.4895 34 18.1481 -6.94849 1.79104 93.1713
548969 25.2162 12.4686 34 17.2894 -8.27716 2.29359 88.9742
548988 25.2162 12.4686 34 17.2894 -8.27716 2.29359 88.9742
548990 24.7063 9.3322 34 16.4966 -9.72303 2.92034 84.5351
549001 24.7063 9.3322 34 16.4966 -9.72303 2.92034 84.5351
549017 24.4658 6.72496 34 15.8479 -11.0728 3.45339 81.0387
549030 24.485 5.01245 34 15.4897 -12.0218 3.79662 78.9872
549032 24.485 5.01245 34 15.4897 -12.0218 3.79662 78.9872
549044 24.6582 4.4352 34 15.4897 -12.3224 3.89327 78.5831
549051 25.043 4.32937 34 15.2574 -12.5449 3.79341 78.6298
549072 25.043 4.32937 34 15.2574 -12.5449 3.79341 78.6298
549078 25.5722 4.41596 34 14.9863 -12.7161 3.60842 78.9744
549101 26.4958 4.49293 34 14.7153 -12.9503 3.33608 79.7039
549107 27.4194 4.49293 34 14.2312 -13.3184 3.05432 80.1435
549117 27.4194 4.49293 34 14.2312 -13.3184 3.05432 80.1435
549130 28.3141 4.49293 34 13.4858 -13.8043 2.74223 80.2928
549136 29.0838 4.52179 34 12.75 -14.2529 2.45368 80.3555
549159 29.6225 4.56027 34 12.0046 -14.6712 2.2114 80.1874
549163 29.6225 4.56027 34 12.0046 -14.6712 2.2114 80.1874
549187 30.1613 4.54103 34 11.4043 -15.0474 2.00396 80.1066
549188 30.5942 4.54103 34 10.93 -15.3385 1.83501 80.0652
549193 30.5942 4.54103 34 10.93 -15.3385 1.83501 80.0652
549203 31.1041 4.60838 34 10.5427 -15.5607 1.6504 80.2552
549218 31.7102 4.73345 34 10.3491 -15.6659 1.46772 80.7928
549223 31.7102 4.73345 34 10.3491 -15.6659 1.46772 80.7928
549245 31.9508 4.81041 34 10.1361 -15.762 1.36746 80.8973
549261 32.0277 4.82965 34 10.1942 -15.7319 1.3578 81.0516
549273 31.97 4.87776 34 10.32 -15.638 1.3809 81.1678
549278 31.97 4.87776 34 10.32 -15.638 1.3809 81.1678
549287 32.1143 4.97397 34 10.5524 -15.491 1.37139 81.6407
549302 32.1336 5.10866 34 10.746 -15.3311 1.37284 81.9882
549306 32.1336 5.10866 34 10.746 -15.3311 1.37284 81.9882
549330 31.9796 5.07018 34 10.9396 -15.2367 1.44345 81.9894
549332 31.9796 5.07018 34 10.9396 -15.2367 1.44345 81.9894
549336 31.5852 4.99321 34 11.0945 -15.1511 1.56407 81.6729
549365 31.3543 4.98359 34 11.2301 -15.0613 1.63524 81.5679
549366 31.3543 4.98359 34 11.2301 -15.0613 1.63524 81.5679
549376 31.2677 5.01245 34 11.4721 -14.918 1.68655 81.7522
549390 31.2003 5.09904 34 11.6657 -14.7732 1.71409 81.9651
549392 31.2003 5.09904 34 11.6657 -14.7732 1.71409 81.9651
549398 31.2196 5.0798 34 11.7335 -14.7521 1.72506 82.0329
549407 31.2196 5.0798 34 11.7335 -14.7521 1.72506 82.0329
549426 31.1234 5.08942 34 11.9755 -14.6184 1.78177 82.1883
549428 31.0464 5.10866 34 12.0917 -14.5434 1.81222 82.2467
549455 30.9406 5.0798 34 12.2659 -14.4601 1.86767 82.2863
549463 31.9123 8.3605 34 12.4692 -12.9933 1.07153 86.742
549478 31.9123 8.3605 34 12.4692 -12.9933 1.07153 86.742
549481 31.6333 8.28353 34 12.6629 -12.9034 1.16876 86.5797
549489 31.6333 8.28353 34 12.6629 -12.9034 1.16876 86.5797
549506 31.7391 9.72666 34 13.0598 -12.13 0.947868 88.5256
549517 31.614 10.7561 34 13.5342 -11.491 0.861592 89.9043
549537 31.614 10.7561 34 13.5342 -11.491 0.861592 89.9043
549538 31.8642 12.3339 34 13.66 -10.851 0.56532 91.8581
549543 32.2105 14.6429 34 13.3986 -10.1242 0.0867677 94.2521
549552 32.2105 14.6429 34 13.3986 -10.1242 0.0867677 94.2521
549567 32.4318 17.0096 34 12.9823 -9.44786 -0.382535 96.4237
549569 32.4318 17.0096 34 12.9823 -9.44786 -0.382535 96.4237
549597 32.4222 19.0951 34 13.1663 -8.65412 -0.661357 98.6836
549598 32.4607 21.085 34 14.5507 -7.54802 -0.73386 102.096
549599 32.4607 21.085 34 14.5507 -7.54802 -0.73386 102.096
549626 32.5376 23.0653 34 17.2605 -6.13209 -0.609528 106.863
549628 32.73 25.0169 32.393 20.4733 -4.43727 -0.661849 110.613
549630 32.73 25.0169 32.393 20.4733 -4.43727 -0.661849 110.613
549658 32.6146 26.6432 28.6433 23.1845 -2.57239 -1.00329 111.086
549660 32.6146 26.6432 28.6433 23.1845 -2.57239 -1.00329 111.086
549669 31.8642 28.1548 25.2473 25.9245 -0.681764 -1.1935 111.191
549672 30.2864 29.6567 22.8014 28.7514 1.19295 -1.12877 111.496
549687 30.2864 29.6567 22.8014 28.7514 1.19295 -1.12877 111.496
549699 27.7272 30.9769 21.0024 31.3178 3.05454 -0.862507 111.024
549702 24.4369 32.1632 19.4762 33.5272 4.9673 -0.492224 109.604
549717 24.4369 32.1632 19.4762 33.5272 4.9673 -0.492224 109.604
549730 20.6174 32.9859 18.0612 34 6.69743 -0.218917 105.665
549747 20.6174 32.9859 18.0612 34 6.69743 -0.218917 105.665
549749 16.7197 33.7513 16.8988 34 8.41787 0.0633055 101.37
549757 13.0665 34 16.1702 34 9.9662 0.478789 97.2368
549778 13.0665 34 16.1702 34 9.9662 0.478789 97.2368
549779 10.2348 34 16.069 34 11.0537 0.927998 94.3038
549784 9.00739 34 16.322 34 11.4301 1.17561 93.3294
549794 9.00739 34 16.322 34 11.4301 1.17561 93.3294
549809 8.98806 34 16.5548 34 11.347 1.21335 93.5428
549813 8.98806 34 16.6964 34 11.292 1.2342 93.6845
549840 9.26833 34 16.6964 34 11.1838 1.18578 93.9648
549840 9.58727 34 16.6357 34 11.0846 1.12209 94.223
549870 9.79022 34 16.4131 34 11.0921 1.05456 94.2033
549872 9.98351 34 15.9476 34 11.1967 0.952417 93.9311
549888 10.1092 34 15.4012 34 11.3596 0.848896 93.5103
549902 10.1092 34 17.192 34 10.6764 1.11482 95.3012
549906 10.3121 34 14.6018 34 11.593 0.692523 92.9139
549934 10.4281 34 13.7214 34 11.8966 0.536086 92.1495
549936 10.4281 34 13.7214 34 11.8966 0.536086 92.1495
549936 10.6697 34 12.8815 34 12.1377 0.362395 91.5512
549965 10.8437 34 12.072 32.8036 12.2292 0.00535011 89.7193
549966 10.8437 34 12.072 32.8036 12.2292 0.00535011 89.7193
549967 11.1433 34 11.3333 31.1827 12.1796 -0.449557 87.6593
549994 11.2013 34 10.7161 29.9381 12.2359 -0.794424 85.8555
549995 11.2013 34 10.7161 29.9381 12.2359 -0.794424 85.8555
549997 11.3655 34 10.2304 29.0216 12.2391 -1.08375 84.6175
550007 11.3655 34 10.2304 29.0216 12.2391 -1.08375 84.6175
550026 11.4139 34 9.85595 28.4427 12.2959 -1.27494 83.7125
550027 11.5009 34 9.66369 28.1146 12.293 -1.39096 83.2792
550037 11.5009 34 9.66369 28.1146 12.293 -1.39096 83.2792
550056 11.5588 34 9.62321 28.0664 12.2778 -1.4179 83.2485
550066 11.5105 34 9.57262 28.2787 12.3544 -1.37819 83.3618
550087 11.5105 34 9.57262 28.2787 12.3544 -1.37819 83.3618
550088 11.6072 34 9.80536 28.626 12.2603 -1.28081 84.0385
550092 11.6072 34 9.80536 28.626 12.2603 -1.28081 84.0385
550101 11.6362 34 9.84583 29.147 12.3081 -1.17749 84.629
550120 11.7521 34 9.91667 29.4075 12.2651 -1.13333 85.0763
550128 11.7521 34 9.91667 29.4075 12.2651 -1.13333 85.0763
550131 11.8681 34 9.9875 29.639 12.2181 -1.09508 85.4947
550151 12.0034 34 10.0988 29.832 12.14 -1.05998 85.9342
550152 12.0034 34 10.0988 29.832 12.14 -1.05998 85.9342
550168 12.1097 34 10.2405 30.353 12.1111 -0.954331 86.7032
550185 12.1097 34 10.2405 30.353 12.1111 -0.954331 86.7032
550186 12.0807 34 10.3214 30.7679 12.1503 -0.85891 87.17
550197 12.0131 34 10.4429 31.1442 12.1827 -0.757887 87.6001
550217 12.0131 34 10.4429 31.1442 12.1827 -0.757887 87.6001
550218 11.9454 34 10.6149 31.4625 12.185 -0.659147 88.0228
550223 12.7186 34 11.0601 31.5687 11.6931 -0.686612 89.3474
550232 12.7186 34 11.0601 31.5687 11.6931 -0.686612 89.3474
550249 16.0045 34 11.0702 31.395 10.3602 -1.22299 92.4698
550251 16.0045 34 11.0702 31.395 10.3602 -1.22299 92.4698
550281 17.7408 34 11.5155 30.4205 9.38447 -1.56999 93.6768
550283 19.4629 34 12.1125 29.118 8.32756 -1.93768 94.6935
550297 22.0798 34 12.7804 27.8059 6.96877 -2.40418 96.6661
550313 25.6587 34 13.2762 26.3876 5.39975 -3.0197 99.3226
550315 25.6587 34 13.2762 26.3876 5.39975 -3.0197 99.3226
550323 28.5257 34 13.5393 24.651 4.11701 -3.62437 100.716
550345 28.5257 34 13.5393 24.651 4.11701 -3.62437 100.716
550351 30.4595 34 13.3369 22.3354 3.13062 -4.3124 100.132
550360 31.7199 34 12.8917 19.5085 2.26686 -5.09371 98.12
550377 31.7199 34 12.8917 19.5085 2.26686 -5.09371 98.12
550379 32.7204 34 12.4464 16.6515 1.431 -5.88966 95.8183
550392 33.6825 34 12.1024 13.8052 0.539678 -6.6954 93.5901
550409 33.6825 34 12.1024 13.8052 0.539678 -6.6954 93.5901
550411 34 34 12.5577 11.8013 -0.204767 -7.08772 92.359
550419 34 34 14.0756 12.7016 -0.362428 -6.52417 94.7772
550442 34 34 14.0756 10.2232 -1.04345 -7.10212 92.2988
550443 34 34 17.0101 9.49715 -1.9874 -6.58564 94.5073
550447 34 34 17.0101 9.49715 -1.9874 -6.58564 94.5073
550457 34 34 21.3359 9.58428 -2.96998 -5.62269 98.9202
550476 34 34 26.6219 10.3491 -3.87554 -4.43394 104.971
550476 34 34 26.6219 10.3491 -3.87554 -4.43394 104.971
550507 34 32.6511 31.8876 11.201 -5.01995 -3.22068 109.74
550508 34 29.8672 34 11.8303 -5.99433 -2.46636 109.697
550512 34 29.8672 34 11.8303 -5.99433 -2.46636 109.697
550519 34 26.4232 34 12.1014 -6.91752 -2.01669 106.525
550539 34 26.4232 34 12.1014 -6.91752 -2.01669 106.525
550547 34 22.5678 34 11.9562 -8.16298 -1.55256 102.524
550549 34 18.5307 34 11.5979 -9.6484 -1.05974 98.1286
550571 34 18.5307 34 11.5979 -9.6484 -1.05974 98.1286
550572 34 14.7391 34 11.3172 -11.1486 -0.545722 94.0563
550578 34 11.4103 34 11.2397 -12.5069 -0.0282204 90.65
550605 34 11.4103 34 11.2397 -12.5069 -0.0282204 90.65
550606 33.8076 8.93775 34 11.5979 -13.3773 0.484353 88.3433
550608 33.8076 8.93775 34 11.5979 -13.3773 0.484353 88.3433
550638 33.7114 7.86984 34 12.1595 -13.5861 0.78269 87.7407
550640 33.8172 7.73514 34 12.779 -13.3879 0.887572 88.3314
550655 33.8172 7.85059 34 13.3212 -13.1043 0.952935 88.989
550672 33.5959 8.05263 34 13.7859 -12.7908 1.02935 89.4344
550674 33.5959 8.05263 34 13.7859 -12.7908 1.02935 89.4344
550683 33.4324 8.14884 34 14.115 -12.5893 1.09266 89.6963
550703 33.4324 8.14884 34 14.115 -12.5893 1.09266 89.6963
550705 33.2015 8.19694 34 14.1441 -12.5249 1.13002 89.5425
550711 33.1341 8.31239 34 13.9021 -12.5687 1.08377 89.3486
550736 33.1341 8.31239 34 13.9021 -12.5687 1.08377 89.3486
550737 33.2784 8.32201 34 13.4664 -12.7685 0.987902 89.0668
550741 33.365 8.37974 34 12.8178 -13.0325 0.859224 88.5625
550772 33.365 8.37974 34 12.8178 -13.0325 0.859224 88.5625
550774 33.4131 8.42784 34 12.1595 -13.3027 0.736102 88.0004
550775 33.4131 8.42784 34 12.1595 -13.3027 0.736102 88.0004
550788 33.519 8.34126 34 11.6754 -13.5666 0.653765 87.5356
550807 33.798 8.37974 34 11.2688 -13.7654 0.530224 87.4465
550809 33.798 8.37974 34 11.2688 -13.7654 0.530224 87.4465
550814 34 8.42784 34 11.0364 -13.873 0.447373 87.4643
550839 34 8.48557 34 10.9396 -13.8904 0.421059 87.4252
550842 34 8.60102 34 10.8331 -13.8864 0.382937 87.4342
550852 34 8.60102 34 10.8331 -13.8864 0.382937 87.4342
550872 34 8.5914 34 10.8428 -13.8864 0.386249 87.4342
550881 34 8.70685 34 10.93 -13.7965 0.380509 87.6368
550905 34 8.70685 34 10.93 -13.7965 0.380509 87.6368
550905 34 8.8223 34 10.9396 -13.7412 0.361889 87.7619
550909 34 8.88964 34 10.9977 -13.6859 0.359792 87.8874
550917 34 8.88964 34 10.9977 -13.6859 0.359792 87.8874
550938 34 8.95699 34 10.9687 -13.669 0.34319 87.9257
550940 34 8.95699 34 10.9687 -13.669 0.34319 87.9257
550946 34 9.01471 34 10.9977 -13.6309 0.337967 88.0124
550954 34 9.00509 34 11.0655 -13.6054 0.350922 88.0706
550971 34 9.00509 34 11.0655 -13.6054 0.350922 88.0706
550982 34 8.98585 34 11.3172 -13.5038 0.396025 88.3031
551004 34 8.98585 34 11.3172 -13.5038 0.396025 88.3031
551005 34 8.8223 34 11.5399 -13.478 0.461324 88.3622
551008 34 8.62988 34 11.7238 -13.4817 0.525262 88.3537
551017 34 8.62988 34 11.7238 -13.4817 0.525262 88.3537
551038 34 8.42784 34 11.8497 -13.5149 0.581431 88.2775
551039 34 8.32201 34 12.1788 -13.4177 0.65369 88.5008
551044 34 8.32201 34 12.1788 -13.4177 0.65369 88.5008
551071 33.721 8.08149 34 12.4596 -13.3636 0.791464 88.2621
551072 33.721 8.08149 34 12.4596 -13.3636 0.791464 88.2621
551075 32.3645 7.76401 34 13.0404 -13.0666 1.18941 87.1689
551085 31.6621 10.6984 34 15.1412 -10.8803 1.11157 91.5017
551105 31.6621 10.6984 34 15.1412 -10.8803 1.11157 91.5017
551106 30.6135 13.9406 34 17.3859 -8.6739 1.06815 95.94
551138 29.2762 17.8801 34 19.3348 -6.48346 0.922251 100.491
551140 29.2762 17.8801 34 19.3348 -6.48346 0.922251 100.491
551142 27.8812 21.9651 34 20.1163 -4.76126 0.616098 103.963
551150 27.8812 21.9651 34 20.1163 -4.76126 0.616098 103.963
551172 26.8902 26.7485 34 20.2321 -3.22368 0.0825244 107.871
551174 26.2456 30.9865 31.7663 20.4926 -1.49164 -0.681307 109.491
551177 26.2456 30.9865 31.7663 20.4926 -1.49164 -0.681307 109.491
551209 25.4567 34 24.9542 21.332 1.16345 -1.86828 105.743
551210 24.7929 34 19.3448 23.0011 3.17965 -2.43926 101.139
551212 24.7929 34 19.3448 23.0011 3.17965 -2.43926 101.139
551217 24.1194 34 15.6643 25.6158 4.98797 -2.54116 99.3995
551245 23.4941 34 13.9946 29.2049 6.38476 -2.12941 100.694
551246 23.4941 34 13.9946 29.2049 6.38476 -2.12941 100.694
551247 22.4646 34 14.0857 33.0545 7.36069 -1.35 103.605
551280 20.8772 34 14.531 34 7.87942 -0.920562 103.408
551284 18.4912 34 14.278 34 8.74047 -0.627163 100.769
551293 18.4912 34 14.278 34 8.74047 -0.627163 100.769
551317 15.5213 34 13.7619 34 9.9495 -0.271282 97.2832
551321 15.5213 34 13.7619 34 9.9495 -0.271282 97.2832
551323 12.4383 34 13.3167 34 11.2647 0.140528 93.755
551354 10.4377 34 13.0333 34 12.1702 0.42564 91.4711
551356 10.4377 34 13.0333 34 12.1702 0.42564 91.4711
551358 9.67425 34 13.0839 34 12.4622 0.563532 90.7582
551360 9.38431 34 13.2458 34 12.5151 0.639113 90.6301
551390 9.38431 34 13.2458 34 12.5151 0.639113 90.6301
551392 8.93007 34 13.0333 34 12.7931 0.684155 89.9634
551392 8.36953 34 12.9321 34 13.0732 0.766382 89.3017
551400 8.36953 34 12.9321 34 13.0732 0.766382 89.3017
551426 7.89596 34 12.6589 34 13.3943 0.806782 88.5549
551428 7.89596 34 12.6589 34 13.3943 0.806782 88.5549
551436 7.43206 34 12.4363 34 13.6942 0.854273 87.8684
551463 7.14213 34 12.3149 34 13.8762 0.887194 87.457
551464 7.14213 34 12.3149 34 13.8762 0.887194 87.457
551466 6.9585 34 12.153 34 14.0304 0.894452 87.1115
551499 6.87152 34 12.0518 34 14.1149 0.893937 86.9233
551501 6.87152 34 12.0518 34 14.1149 0.893937 86.9233
551503 6.93917 34 11.819 34 14.1894 0.843703 86.7582
551511 6.93917 34 11.819 34 14.1894 0.843703 86.7582
551512 6.94883 34 11.4548 34 14.3502 0.782247 86.4036
551535 6.88118 34 11.1613 34 14.5154 0.746164 86.0425
551537 6.88118 34 11.1613 34 14.5154 0.746164 86.0425
551551 6.81353 34 10.8476 34 14.6913 0.706403 85.6611
551572 6.73621 34 10.7363 34 14.7789 0.701997 85.4725
551576 6.73621 34 10.7363 34 14.7789 0.701997 85.4725
551580 6.76521 34 10.5643 34 14.8455 0.667838 85.3295
551587 6.76521 34 10.5643 34 14.8455 0.667838 85.3295
551608 6.71688 34 10.453 34 14.9202 0.657996 85.1699
551610 6.7942 34 10.2911 34 14.9599 0.616477 85.0853
551614 6.7942 34 10.2911 34 14.9599 0.616477 85.0853
551643 6.76521 34 10.2405 34 14.9973 0.613242 85.0057
551645 6.82319 34 10.2 34 14.9891 0.595745 85.0232
551647 6.82319 34 10.2 34 14.9891 0.595745 85.0232
551679 6.92951 34 10.3315 34 14.8775 0.598522 85.261
551680 6.92951 34 10.3315 34 14.8775 0.598522 85.261
551682 6.96816 34 10.2101 34 14.9163 0.570914 85.1783
551689 6.97783 34 10.2607 34 14.8881 0.577712 85.2385
551717 7.11313 34 10.4327 34 14.7448 0.582075 85.5459
551719 7.35475 34 10.6958 34 14.5116 0.582404 86.0506
551727 7.35475 34 10.6958 34 14.5116 0.582404 86.0506
551752 7.38374 34 10.9488 34 14.3826 0.61942 86.3326
551754 7.38374 34 10.9488 34 14.3826 0.61942 86.3326
551758 7.48039 34 11.1006 34 14.2696 0.627195 86.581
551768 7.44173 34 11.131 34 14.2734 0.639213 86.5727
551789 7.44173 34 11.131 34 14.2734 0.639213 86.5727
