299273 30.4692 34 15.4821 22.9625 2.67487 -3.79315 102.914
299281 30.4692 34 15.4821 22.9625 2.67487 -3.79315 102.914
299289 31.9796 34 19.365 21.496 0.971389 -3.52654 106.841
299299 33.2111 34 23.4786 19.8558 -0.640877 -3.23984 110.546
299316 33.9711 34 26.6219 18.0323 -1.90025 -3.10546 112.625
299333 34 34 28.9768 16.332 -2.7899 -3.00389 113.309
299342 34 34 28.9768 16.332 -2.7899 -3.00389 113.309
299352 34 33.4643 30.8567 15.1896 -3.56857 -2.8303 113.511
299361 34 33.4643 30.8567 15.1896 -3.56857 -2.8303 113.511
299368 33.6921 31.5031 31.9281 14.4345 -4.41085 -2.53223 111.558
299378 33.0091 29.6185 32.676 13.9311 -5.06604 -2.19991 109.235
299394 33.0091 29.6185 32.676 13.9311 -5.06604 -2.19991 109.235
299403 32.1528 27.8582 33.5856 13.7084 -5.63156 -1.77768 107.305
299413 31.3543 26.0597 34 13.6891 -6.09059 -1.3879 105.103
299423 31.3543 26.0597 34 13.6891 -6.09059 -1.3879 105.103
299431 30.4884 24.1941 34 13.844 -6.44962 -1.00051 102.527
299441 29.5359 21.9842 34 14.0279 -6.91219 -0.526219 99.5481
299449 29.5359 21.9842 34 14.0279 -6.91219 -0.526219 99.5481
299469 28.5065 19.3247 34 14.299 -7.51138 0.0729883 96.1302
299475 28.5065 19.3247 34 14.299 -7.51138 0.0729883 96.1302
299484 27.6118 16.163 34 14.783 -8.28287 0.811645 92.5578
299493 27.1692 12.863 34 15.451 -9.17913 1.57886 89.4833
299501 27.1692 12.863 34 15.451 -9.17913 1.57886 89.4833
299511 26.8613 9.66893 34 15.9932 -10.1704 2.33397 86.5234
299528 26.6304 7.23486 34 16.3417 -11.0008 2.93498 84.207
299536 26.6304 7.23486 34 16.3417 -11.0008 2.93498 84.207
299546 26.6978 6.08998 34 16.8064 -11.305 3.23323 83.5941
299555 26.6978 6.08998 34 16.8064 -11.305 3.23323 83.5941
299565 26.871 5.76288 34 17.1254 -11.3369 3.31156 83.7593
299575 26.7267 5.59932 34 17.3377 -11.2921 3.4086 83.6637
299583 26.7267 5.59932 34 17.3377 -11.2921 3.4086 83.6637
299591 26.4573 5.58008 34 17.1447 -11.3403 3.44558 83.1821
299609 26.1302 5.60894 34 16.9129 -11.3755 3.47973 82.652
299626 25.678 5.68591 34 16.7192 -11.3522 3.53703 82.0831
299639 25.678 5.68591 34 16.7192 -11.3522 3.53703 82.0831
299644 25.1392 5.68591 34 16.6128 -11.3094 3.64467 81.4379
299653 24.6101 5.62818 34 16.6999 -11.2067 3.79209 80.9381
299670 24.6101 5.62818 34 16.6999 -11.2067 3.79209 80.9381
299681 23.8789 5.62818 34 16.9129 -10.9854 3.99263 80.4199
299689 23.2824 5.60894 34 17.164 -10.7767 4.17324 80.0554
299699 23.2824 5.60894 34 17.164 -10.7767 4.17324 80.0554
299708 23.0419 5.62818 34 17.3377 -10.6477 4.24977 80.0077
299716 23.0419 5.62818 34 17.3377 -10.6477 4.24977 80.0077
299725 23.2343 5.73401 34 17.4438 -10.5881 4.19256 80.4121
299735 23.5903 5.89757 34 17.5306 -10.5414 4.08107 81.0185
299748 23.5903 5.89757 34 17.5306 -10.5414 4.08107 81.0185
299756 24.1002 6.07074 34 17.4438 -10.5942 3.90975 81.6147
299765 24.5427 6.08036 34 17.4631 -10.6593 3.8082 82.0862
299774 24.5427 6.08036 34 17.4631 -10.6593 3.8082 82.0862
299791 24.966 6.22467 34 17.4535 -10.6746 3.67771 82.6442
299800 24.966 6.22467 34 17.4535 -10.6746 3.67771 82.6442
299810 25.2547 6.26316 34 17.3956 -10.7329 3.59612 82.9134
299820 25.8127 6.41709 34 17.2219 -10.8367 3.41374 83.4517
299830 25.8127 6.41709 34 17.2219 -10.8367 3.41374 83.4517
299839 26.438 6.5133 34 17.0096 -10.9917 3.2262 83.961
299848 27.15 6.67685 34 16.7773 -11.1389 3.00526 84.6042
299856 27.15 6.67685 34 16.7773 -11.1389 3.00526 84.6042
299865 27.8138 6.73458 34 16.332 -11.4123 2.78927 84.8804
299883 27.8138 6.73458 34 16.332 -11.4123 2.78927 84.8804
299894 28.4584 6.77306 34 15.8576 -11.7018 2.57839 85.0891
299900 29.382 6.84041 34 15.4897 -11.9738 2.32184 85.7122
299918 30.1228 6.86927 34 15.209 -12.1937 2.12589 86.2011
299928 30.7289 6.78268 34 14.8992 -12.4542 1.97677 86.4108
299938 30.7289 6.78268 34 14.8992 -12.4542 1.97677 86.4108
299948 31.489 6.76344 34 14.6281 -12.6891 1.79138 86.8805
299958 31.489 6.76344 34 14.6281 -12.6891 1.79138 86.8805
299975 32.0662 6.61913 34 14.4636 -12.9042 1.68302 87.1489
299984 32.6146 6.70572 34 14.4732 -12.9382 1.56383 87.7935
300001 33.0956 7.0232 34 14.6088 -12.8099 1.43528 88.7276
300010 33.6152 7.87946 34 14.7637 -12.4565 1.20804 90.2583
300022 33.6152 7.87946 34 14.7637 -12.4565 1.20804 90.2583
300036 34 9.30334 34 14.8024 -11.9141 0.895556 92.1057
300045 34 9.30334 34 14.8024 -11.9141 0.895556 92.1057
300054 34 10.5733 34 14.783 -11.4196 0.676399 93.3563
300065 34 11.9875 34 14.7637 -10.8834 0.439485 94.7512
300074 34 11.9875 34 14.7637 -10.8834 0.439485 94.7512
300085 34 13.4499 34 14.4345 -10.4594 0.154029 95.8844
300093 33.9711 15.3164 34 14.0957 -9.89881 -0.183577 97.3832
300105 33.9711 15.3164 34 14.0957 -9.89881 -0.183577 97.3832
300110 33.5478 17.8801 34 13.7859 -9.04153 -0.550641 99.2138
300137 33.3073 20.5301 34 13.8924 -8.08142 -0.876593 101.73
300147 33.0956 22.8739 32.7265 14.5023 -6.89108 -1.27048 103.198
300154 33.0956 22.8739 32.7265 14.5023 -6.89108 -1.27048 103.198
300163 33.0956 24.8734 30.0178 15.877 -5.38279 -1.74375 103.864
300171 32.9994 26.9207 27.0666 17.8683 -3.64242 -2.1437 104.855
300189 32.9994 26.9207 27.0666 17.8683 -3.64242 -2.1437 104.855
300198 32.9225 29.1784 23.8121 20.8496 -1.57045 -2.45017 106.763
300209 32.9225 29.1784 23.8121 20.8496 -1.57045 -2.45017 106.763
300216 32.2298 31.5892 20.5678 24.7667 0.815001 -2.54015 109.153
300226 30.8155 33.4547 17.9501 29.0891 3.09458 -2.32205 111.309
300235 30.8155 33.4547 17.9501 29.0891 3.09458 -2.32205 111.309
300245 28.5065 34 16.2917 33.0352 4.97102 -1.76776 111.833
300254 25.5144 34 15.7554 34 6.11565 -1.33968 109.27
300263 25.5144 34 15.7554 34 6.11565 -1.33968 109.27
300280 22.0221 34 15.3405 34 7.26953 -0.951229 105.363
300289 18.4816 34 15.0369 34 8.49143 -0.508977 101.519
300298 18.4816 34 15.0369 34 8.49143 -0.508977 101.519
300306 14.9801 34 14.9155 34 9.73088 -0.00990272 97.8956
300315 14.9801 34 14.9155 34 9.73088 -0.00990272 97.8956
300324 11.6941 33.6173 14.8345 34 10.9109 0.561317 94.146
300336 9.01706 33.0912 14.9661 34 11.8332 1.12949 91.0743
300357 9.01706 33.0912 14.9661 34 11.8332 1.12949 91.0743
300359 7.13246 32.8329 15.1988 34 12.4774 1.55334 89.1641
300364 6.30131 32.9477 15.3405 34 12.7853 1.7087 88.5894
300381 6.30131 32.9477 15.3405 34 12.7853 1.7087 88.5894
300390 6.21433 33.1103 15.472 34 12.7888 1.71415 88.7966
300399 6.21433 33.1103 15.472 34 12.7888 1.71415 88.7966
300408 6.45594 33.5217 15.3911 34 12.777 1.57999 89.3687
300419 6.42695 33.78 15.1786 34 12.9144 1.50556 89.3855
300443 6.4946 33.7991 14.8548 34 13.026 1.44047 89.1485
300451 6.53326 33.7226 14.4905 34 13.1551 1.39183 88.7463
300470 6.48493 33.5312 14.2375 34 13.2597 1.39733 88.2537
300482 6.48493 33.5312 14.2375 34 13.2597 1.39733 88.2537
300490 6.58158 33.3973 14.1262 34 13.2483 1.38709 88.1051
300503 6.6299 33.3208 13.9339 34 13.3007 1.36257 87.8846
300508 6.6299 33.3208 13.9339 34 13.3007 1.36257 87.8846
300525 6.6589 33.2442 13.772 34 13.3485 1.34626 87.6752
300534 6.59125 33.1486 13.7012 34 13.3965 1.36573 87.441
300545 6.59125 33.1486 13.7012 34 13.3965 1.36573 87.441
300552 6.64923 33.0625 13.6405 34 13.3863 1.36152 87.3522
300560 6.64923 33.0625 13.6405 34 13.3863 1.36152 87.3522
300569 6.60091 32.9477 13.5595 34 13.4279 1.37949 87.1081
300589 6.51393 32.8424 13.519 34 13.4703 1.40938 86.8754
300595 6.51393 32.8424 13.519 34 13.4703 1.40938 86.8754
300604 6.41728 32.6607 13.3673 34 13.5566 1.43836 86.4452
300614 6.31097 32.498 13.4381 34 13.5509 1.50076 86.2471
300634 6.27231 32.5459 13.4583 34 13.5655 1.50217 86.2765
300643 6.27231 32.5459 13.4583 34 13.5655 1.50217 86.2765
300652 6.32064 32.7276 13.4179 34 13.586 1.45194 86.4661
300660 6.30131 32.9381 13.4179 34 13.6223 1.41566 86.6573
300678 6.30131 32.9381 13.4179 34 13.6223 1.41566 86.6573
300686 6.3303 33.1677 13.519 34 13.5946 1.38267 87.017
300696 6.27231 33.3686 13.7315 34 13.5525 1.38899 87.3725
300705 6.27231 33.3686 13.7315 34 13.5525 1.38899 87.3725
300716 6.34963 33.6652 14.0857 34 13.4023 1.37415 88.1005
300723 6.34963 33.6652 14.0857 34 13.4023 1.37415 88.1005
300731 6.40762 33.9809 14.2071 34 13.3658 1.32376 88.5956
300741 6.51393 34 14.2679 34 13.2961 1.31005 88.7818
300751 6.51393 34 14.2679 34 13.2961 1.31005 88.7818
300770 6.4946 34 14.1869 34 13.3394 1.30111 88.6815
300781 6.50426 34 14.1363 34 13.3572 1.29151 88.6406
300788 6.50426 34 14.1363 34 13.3572 1.29151 88.6406
300796 7.13246 34 14.1768 34 13.07 1.18313 89.3092
300805 7.13246 34 13.9946 34 13.1478 1.1549 89.1271
300814 7.95395 34 13.9946 34 12.7994 1.00736 89.9486
300831 8.89142 34 14.106 34 12.3637 0.859564 90.9974
300840 8.89142 34 14.106 34 12.3637 0.859564 90.9974
300849 10.0802 34 14.3286 34 11.7931 0.689612 92.4087
300859 11.6845 34 14.7637 34 10.9986 0.489033 94.4482
300869 11.6845 34 14.7637 34 10.9986 0.489033 94.4482
300879 14.1393 34 15.1685 34 9.9407 0.158646 97.3077
300890 16.6134 34 15.4214 34 8.98815 -0.178737 100.035
300896 16.6134 34 15.4214 34 8.98815 -0.178737 100.035
300905 18.828 33.7704 15.7149 34 8.11908 -0.422742 102.313
300923 18.828 33.7704 15.7149 34 8.11908 -0.422742 102.313
300934 20.7329 32.785 16.322 34 7.15768 -0.461656 103.84
300940 22.7629 31.3883 17.7883 33.4694 5.7648 -0.411749 105.409
300949 22.7629 31.3883 17.7883 33.4694 5.7648 -0.411749 105.409
300958 25.2354 30.0107 20.4869 30.9705 3.57505 -0.532604 106.704
300966 27.6791 29.2071 23.9536 28.4813 1.38482 -0.610766 109.321
300985 27.6791 29.2071 23.9536 28.4813 1.38482 -0.610766 109.321
300987 29.6033 28.7192 26.8442 25.3649 -0.534554 -0.829624 110.532
300999 29.6033 28.7192 26.8442 25.3649 -0.534554 -0.829624 110.532
301006 31.1715 28.0687 29.3912 21.8723 -2.40303 -1.08276 110.504
301024 32.4414 27.2651 31.9382 18.5437 -4.21343 -1.25575 110.188
301041 33.6152 26.2893 34 16.1384 -5.72221 -1.33121 110.043
301050 33.6152 26.2893 34 16.1384 -5.72221 -1.33121 110.043
301061 34 24.969 34 14.6959 -6.57945 -1.43127 107.665
301068 34 23.3044 34 14.1828 -7.23138 -1.29707 105.487
301095 34 20.9893 34 13.9214 -8.03835 -1.0302 102.911
301106 34 17.8706 34 13.7278 -9.13711 -0.623922 99.5984
301115 34 17.8706 34 13.7278 -9.13711 -0.623922 99.5984
301128 34 14.3928 34 13.3696 -10.5046 -0.160267 95.7624
301133 34 11.1024 34 13.0017 -11.9147 0.309314 92.1041
301142 34 11.1024 34 13.0017 -11.9147 0.309314 92.1041
301150 34 8.37012 34 12.4112 -13.2964 0.682753 88.7813
301172 34 8.37012 34 12.4112 -13.2964 0.682753 88.7813
301174 34 6.14771 34 11.8109 -14.5539 0.988247 85.9586
301180 34 4.87776 34 11.3946 -15.3454 1.15997 84.2724
301194 34 4.87776 34 11.3946 -15.3454 1.15997 84.2724
301200 34 4.62762 34 11.3559 -15.4841 1.20172 83.9835
301210 34 4.54103 34 11.3946 -15.5072 1.2248 83.9357
301220 34 4.54103 34 11.3946 -15.5072 1.2248 83.9357
301230 34 4.55065 34 11.3656 -15.5166 1.21817 83.9163
301240 34 4.55065 34 11.3656 -15.5166 1.21817 83.9163
301250 34 4.59875 34 11.2591 -15.5448 1.19137 83.8579
301268 34 4.73345 34 11.1817 -15.5171 1.15263 83.9151
301278 34 4.73345 34 11.1817 -15.5171 1.15263 83.9151
301286 34 5.02207 34 10.9977 -15.4667 1.06683 84.0198
301295 34 5.20487 34 10.8525 -15.4486 1.00782 84.0574
301313 34 5.33956 34 10.6395 -15.4863 0.946659 83.9791
301341 34 5.38766 34 10.504 -15.5285 0.91481 83.8916
301343 34 5.29145 34 10.3878 -15.6313 0.913551 83.6793
301353 34 5.29145 34 10.3878 -15.6313 0.913551 83.6793
301363 34 5.23373 34 10.2329 -15.7348 0.898417 83.4667
301373 34 5.13752 34 10.0877 -15.853 0.89219 83.2252
301390 34 5.13752 34 10.0877 -15.853 0.89219 83.2252
301399 34 5.25297 34 10.1071 -15.7869 0.873456 83.36
301419 34 5.29145 34 10.3588 -15.6454 0.908661 83.6502
301425 34 5.3588 34 10.4459 -15.5705 0.910529 83.8047
301434 34 5.3588 34 10.4459 -15.5705 0.910529 83.8047
301451 34 5.3107 34 10.5718 -15.5329 0.94079 83.8825
301463 34 5.27221 34 10.7363 -15.4721 0.975636 84.0086
301480 34 5.30108 34 10.8719 -15.393 0.992741 84.1729
301490 34 5.30108 34 10.8719 -15.393 0.992741 84.1729
301499 34 5.29145 34 11.0171 -15.3281 1.01869 84.3085
301509 34 5.24335 34 11.2688 -15.2309 1.06945 84.5121
301516 34 5.24335 34 11.2688 -15.2309 1.06945 84.5121
301534 34 5.22411 34 11.4527 -15.1527 1.10336 84.6768
301543 34 5.18563 34 11.656 -15.0747 1.14397 84.8417
301554 34 5.18563 34 11.656 -15.0747 1.14397 84.8417
301560 34 5.08942 34 11.7819 -15.0607 1.18281 84.8713
301569 34 5.08942 34 11.7819 -15.0607 1.18281 84.8713
301578 34 5.06055 34 11.8981 -15.0195 1.20721 84.9586
301588 34 5.3107 34 12.082 -14.816 1.18944 85.3927
301599 34 5.3107 34 12.082 -14.816 1.18944 85.3927
301615 34 7.17714 34 12.0917 -13.9601 0.844726 87.2688
301621 34 7.27334 34 11.9271 -13.9906 0.800529 87.2005
301626 34 7.27334 34 11.9271 -13.9906 0.800529 87.2005
301644 34 8.41822 34 11.7625 -13.5572 0.568882 88.1808
301664 34 9.43803 34 12.0336 -13.0009 0.435149 89.4716
301670 34 11.2083 34 12.4208 -12.1061 0.198503 91.6291
301679 34 11.2083 34 12.4208 -12.1061 0.198503 91.6291
301688 34 13.1613 34 12.6532 -11.2417 -0.0812396 93.8145
301698 34 14.9219 34 12.8081 -10.5166 -0.331216 95.73
301715 34 14.9219 34 12.8081 -10.5166 -0.331216 95.73
301724 34 16.4901 34 12.8371 -9.9337 -0.562993 97.3272
301744 33.9711 17.9471 34 12.8759 -9.40041 -0.765591 98.7941
301753 33.7306 19.6021 34 13.0114 -8.74916 -0.944953 100.344
301774 33.4997 21.1137 34 13.2921 -8.11877 -1.07765 101.906
301788 33.365 22.4626 33.9495 13.9311 -7.45381 -1.14943 103.708
301797 33.365 22.4626 33.9495 13.9311 -7.45381 -1.14943 103.708
301805 33.1437 23.5819 31.9786 15.8286 -6.14924 -1.27976 104.533
301814 32.7878 24.5481 30.1795 19.3155 -4.47053 -1.10092 106.831
301823 32.7878 24.5481 30.1795 19.3155 -4.47053 -1.10092 106.831
301831 32.6723 25.4474 28.2592 23.4353 -2.74301 -0.877644 109.814
301850 32.6723 25.4474 28.2592 23.4353 -2.74301 -0.877644 109.814
301851 32.4607 25.9736 25.9952 26.7543 -1.28798 -0.766936 111.184
301866 31.97 26.5476 23.3977 29.5329 0.159878 -0.75195 111.448
301889 31.0272 27.1885 21.154 32.4274 1.66255 -0.621799 111.797
301897 29.6225 28.1069 19.7996 34 2.84337 -0.528535 111.529
301905 29.6225 28.1069 19.7996 34 2.84337 -0.528535 111.529
301914 27.4001 29.2358 18.7889 34 3.89462 -0.527343 109.425
301923 27.4001 29.2358 18.7889 34 3.89462 -0.527343 109.425
301940 24.3599 30.1829 17.566 34 5.2439 -0.420817 106.109
301949 20.7714 30.9004 16.4738 34 6.76858 -0.175918 102.146
301958 20.7714 30.9004 16.4738 34 6.76858 -0.175918 102.146
301966 16.8357 31.5222 15.3506 34 8.52943 0.152391 97.7085
301981 13.0279 31.9432 14.5006 34 10.2744 0.566413 93.4716
301986 13.0279 31.9432 14.5006 34 10.2744 0.566413 93.4716
301997 9.8772 32.1823 14.0857 34 11.7087 1.00275 90.1452
302005 9.8772 32.1823 14.0857 34 11.7087 1.00275 90.1452
302014 7.66401 32.7659 13.8429 34 12.8179 1.25967 88.2728
302031 6.24332 33.3303 13.7619 34 13.5469 1.40634 87.3356
302050 5.92439 33.9235 13.7113 34 13.7872 1.34711 87.5592
302059 6.00171 34 13.7518 34 13.7449 1.32475 87.7535
302073 6.00171 34 13.7518 34 13.7449 1.32475 87.7535
302076 6.01137 34 13.4786 34 13.8616 1.28024 87.4899
302085 6.01137 34 13.4786 34 13.8616 1.28024 87.4899
302097 6.06936 34 13.2964 34 13.9168 1.24083 87.3658
302114 6.08869 34 13.0435 34 14.0212 1.19728 87.1321
302123 6.08869 34 13.0435 34 14.0212 1.19728 87.1321
302131 6.20466 34 12.6083 34 14.1646 1.10646 86.813
302144 6.34963 34 12.2137 34 14.2776 1.01614 86.5633
302149 6.34963 34 12.2137 34 14.2776 1.01614 86.5633
302158 6.41728 34 11.9101 34 14.3849 0.954419 86.3274
302166 6.41728 34 11.9101 34 14.3849 0.954419 86.3274
302188 6.56225 34 11.6167 34 14.4528 0.879754 86.1789
302193 6.72655 34 11.475 34 14.4424 0.826281 86.2015
302201 6.72655 34 11.475 34 14.4424 0.826281 86.2015
302210 6.88118 34 11.475 34 14.3718 0.797941 86.3562
302219 6.97783 34 11.475 34 14.3278 0.780281 86.4528
302233 6.97783 34 11.475 34 14.3278 0.780281 86.4528
302248 7.02615 34 11.303 34 14.3842 0.743115 86.3291
302249 7.02615 34 11.303 34 14.3842 0.743115 86.3291
302259 7.16146 34 11.1714 34 14.3824 0.696716 86.3329
302269 7.41273 34 10.8982 34 14.3925 0.605743 86.311
302279 7.41273 34 10.8982 34 14.3925 0.605743 86.311
302289 7.5867 34 10.6351 34 14.4332 0.530334 86.2218
302302 7.73167 34 10.4732 34 14.4409 0.47704 86.2049
302309 7.73167 34 10.4732 34 14.4409 0.47704 86.2049
302324 7.81865 34 10.5137 34 14.3827 0.468256 86.3323
302336 7.81865 34 10.5137 34 14.3827 0.468256 86.3323
302346 7.89596 34 10.5643 34 14.3244 0.462928 86.4603
302355 7.95395 34 10.8375 34 14.1744 0.498358 86.7915
302385 7.99261 34 11.0804 34 14.0477 0.531923 87.073
302393 9.96418 34 11.819 34 12.869 0.30989 89.7832
302404 11.1916 34 12.0012 34 12.2837 0.133168 91.1928
302416 11.1916 34 12.0012 34 12.2837 0.133168 91.1928
302421 12.8152 34 12.406 34 11.4724 -0.0658572 93.2212
302431 13.83 34 12.8815 34 10.8985 -0.150214 94.7116
302441 13.83 34 12.8815 34 10.8985 -0.150214 94.7116
302451 15.3377 34 13.4988 34 10.1107 -0.284843 96.8365
302461 17.2309 34 13.8226 34 9.32488 -0.516127 99.0535
302488 19.1839 34 13.8631 33.1896 8.51549 -0.917521 100.237
302496 19.1839 34 13.8631 33.1896 8.51549 -0.917521 100.237
302508 21.0215 34 14.0351 30.0829 7.31954 -1.64972 99.1395
302517 22.6667 34 14.3387 26.7928 6.08076 -2.38273 97.7982
302531 22.6667 34 14.3387 26.7928 6.08076 -2.38273 97.7982
302534 24.4273 34 15.0976 24.1107 4.75897 -2.95266 97.6356
302543 26.1494 34 16.7268 21.7565 3.26472 -3.29497 98.6327
302560 26.1494 34 16.7268 21.7565 3.26472 -3.29497 98.6327
302569 27.7272 34 19.4863 19.6532 1.59609 -3.35903 100.867
302578 27.7272 34 19.4863 19.6532 1.59609 -3.35903 100.867
302586 28.8144 34 23.7818 18.0613 -0.127771 -3.0057 104.657
302601 29.8342 33.9235 29.1891 16.8645 -1.87488 -2.41835 109.811
302604 29.8342 33.9235 29.1891 16.8645 -1.87488 -2.41835 109.811
302624 30.4692 31.5222 34 16.09 -3.75998 -1.59278 112.081
302630 30.6904 28.8053 34 16.1287 -4.50549 -1.2817 109.624
302640 30.6904 28.8053 34 16.1287 -4.50549 -1.2817 109.624
302650 31.0272 26.892 34 16.3998 -5.01654 -1.04128 108.319
302659 31.0272 26.892 34 16.3998 -5.01654 -1.04128 108.319
302673 31.0175 24.6533 34 16.3417 -5.66501 -0.754043 106.013
302677 30.652 22.0034 34 15.8576 -6.53355 -0.409367 102.513
302685 30.652 22.0034 34 15.8576 -6.53355 -0.409367 102.513
302703 30.0555 19.1238 34 15.1993 -7.55559 0.00305772 98.3786
302711 29.2858 16.1534 34 14.8411 -8.56258 0.541252 94.2803
302723 29.2858 16.1534 34 14.8411 -8.56258 0.541252 94.2803
302729 28.7855 13.2671 34 14.6281 -9.61898 1.08769 90.6808
302738 28.7855 13.2671 34 14.6281 -9.61898 1.08769 90.6808
302748 28.3237 10.4963 34 14.783 -10.5717 1.70593 87.6031
302758 28.0832 7.98529 34 15.1412 -11.4296 2.30128 85.2097
302784 27.8042 6.08998 34 15.5672 -12.0256 2.81682 83.4614
302798 27.4194 5.00283 34 16.0416 -12.2402 3.20493 82.4638
302801 27.4194 5.00283 34 16.0416 -12.2402 3.20493 82.4638
302810 27.2077 4.57951 34 16.0513 -12.3954 3.34758 81.8385
302828 27.352 4.30051 34 15.9448 -12.5944 3.36266 81.5973
302848 27.4386 4.06961 34 15.4317 -12.9532 3.32162 80.9399
302856 27.4386 4.06961 34 15.4317 -12.9532 3.32162 80.9399
302858 27.5733 3.87719 34 14.8508 -13.3389 3.25032 80.3013
302875 28.0255 3.73288 34 14.1925 -13.7898 3.0833 79.9508
302885 28.0255 3.73288 34 14.1925 -13.7898 3.0833 79.9508
302899 28.4873 3.66553 34 13.3502 -14.2987 2.86733 79.503
302911 28.8913 3.58857 34 12.4886 -14.8205 2.66094 78.9685
302925 29.4686 3.64629 34 11.8013 -15.2127 2.41137 78.9161
302938 29.4686 3.64629 34 11.8013 -15.2127 2.41137 78.9161
302949 30.1805 3.59819 34 11.1526 -15.6559 2.16148 78.9313
302955 31.0849 3.71364 34 10.6879 -15.9409 1.86624 79.4865
302964 31.0849 3.71364 34 10.6879 -15.9409 1.86624 79.4865
302975 32.0181 3.73288 34 10.262 -16.2546 1.59555 80.013
302983 32.0181 3.73288 34 10.262 -16.2546 1.59555 80.013
302991 33.0283 3.89643 34 9.78759 -16.523 1.27543 80.7123
303002 34 4.11771 34 9.45843 -16.6789 0.982035 81.5761
303018 34 4.11771 34 9.45843 -16.6789 0.982035 81.5761
303028 34 4.17544 34 9.35194 -16.7038 0.95241 81.5274
303035 34 4.36786 34 9.3713 -16.5957 0.918185 81.7392
303044 34 4.36786 34 9.3713 -16.5957 0.918185 81.7392
303053 34 4.40634 34 9.42939 -16.5466 0.920695 81.8357
303061 34 4.49293 34 9.55524 -16.4391 0.925489 82.0482
303079 34 4.49293 34 9.55524 -16.4391 0.925489 82.0482
303088 34 4.54103 34 9.69077 -16.3465 0.93937 82.2318
303102 34 4.54103 34 9.69077 -16.3465 0.93937 82.2318
303105 34 4.62762 34 9.7295 -16.2836 0.929224 82.3571
303115 34 4.62762 34 9.68109 -16.3079 0.920949 82.3087
303126 34 4.62762 34 9.68109 -16.3079 0.920949 82.3087
303135 34 4.72383 34 9.59396 -16.3033 0.887439 82.3178
303151 34 4.72383 34 9.59396 -16.3033 0.887439 82.3178
303153 34 4.70458 34 9.7295 -16.2451 0.914353 82.4341
303176 34 4.74307 34 9.95216 -16.1148 0.944871 82.6952
303180 34 4.74307 34 9.95216 -16.1148 0.944871 82.6952
303188 34 5.3107 34 10.2136 -15.7067 0.880496 83.5243
303203 34 6.44595 34 10.4362 -15.0555 0.705142 84.8822
303214 34 6.73458 34 10.5427 -14.8699 0.669839 85.2773
303231 34 6.73458 34 10.5427 -14.8699 0.669839 85.2773
303241 34 7.31183 34 10.7847 -14.4905 0.60506 86.0966
303253 34 8.34126 34 11.1042 -13.8814 0.473946 87.4455
303260 34 8.34126 34 11.1042 -13.8814 0.473946 87.4455
303269 34 9.73628 34 11.3269 -13.1752 0.26789 89.0632
303279 34 11.3141 34 11.3462 -12.5026 0.0053215 90.6603
303295 34 13.0939 34 11.2978 -11.7998 -0.291603 92.3918
303313 34 13.0939 34 11.2978 -11.7998 -0.291603 92.3918
303329 34 14.3639 34 11.4431 -11.2446 -0.46705 93.8069
303331 34 15.4703 34 11.6173 -10.7565 -0.607804 95.0876
303339 34 15.4703 34 11.6173 -10.7565 -0.607804 95.0876
303354 34 16.4997 34 11.6851 -10.3486 -0.750841 96.1848
303356 34 17.4879 34 12.1207 -9.83298 -0.8248 97.6086
303385 34 18.5307 34 13.1663 -9.10335 -0.807104 99.697
303395 34 19.6691 34 14.9379 -8.13613 -0.691645 102.607
303405 34 19.6691 34 14.9379 -8.13613 -0.691645 102.607
303413 34 20.9032 34 16.8741 -7.14299 -0.57135 105.777
303421 34 20.9032 34 16.8741 -7.14299 -0.57135 105.777
303430 34 22.099 32.4435 18.7946 -5.95086 -0.679304 107.337
303439 33.9519 23.4001 29.2396 20.7435 -4.43655 -1.0298 107.335
303456 33.9519 23.4001 29.2396 20.7435 -4.43655 -1.0298 107.335
303465 32.8551 24.7203 26.2378 22.3547 -2.82993 -1.26916 106.168
303478 31.2677 25.7248 23.6908 24.265 -1.1836 -1.29158 104.948
303492 29.1703 26.605 22.003 26.8121 0.536323 -0.998206 104.59
303503 29.1703 26.605 22.003 26.8121 0.536323 -0.998206 104.59
303511 26.7267 27.4181 20.8205 29.9574 2.34183 -0.481339 104.923
303528 23.571 28.1165 20.0422 33.6141 4.29957 0.280336 105.344
303532 23.571 28.1165 20.0422 33.6141 4.29957 0.280336 105.344
303554 19.8478 28.6809 19.3246 34 5.7702 0.706299 101.853
303556 16.1109 29.2932 19.0416 34 7.14626 1.16372 98.4457
303565 16.1109 29.2932 19.0416 34 7.14626 1.16372 98.4457
303581 12.7572 29.7811 19.1528 34 8.32654 1.66386 95.6911
303588 12.7572 29.7811 19.1528 34 8.32654 1.66386 95.6911
303596 10.2348 30.5847 19.3853 34 9.2789 2.00082 94.2047
303608 8.91074 31.4457 19.7996 34 9.75383 2.14164 94.1561
303623 8.73678 32.1823 20.0725 34 9.83587 2.07704 94.9916
303641 8.84309 32.6798 19.9411 34 9.92404 1.95124 95.464
303644 8.84309 32.6798 19.9411 34 9.92404 1.95124 95.464
303661 8.87209 32.8807 19.4257 34 10.1344 1.83963 95.1785
303663 8.87209 32.8807 19.4257 34 10.1344 1.83963 95.1785
303687 8.93007 32.9094 18.7889 34 10.3538 1.73565 94.6284
303689 8.91074 32.9477 17.9804 34 10.6716 1.61798 93.8388
303713 8.93974 33.1868 17.1011 34 11.0337 1.44397 93.2276
303715 8.95907 33.3016 16.322 34 11.3468 1.30607 92.5827
303724 8.95907 33.3016 16.322 34 11.3468 1.30607 92.5827
303741 9.01706 33.4164 15.8262 34 11.5362 1.20194 92.2597
303750 9.1137 33.6078 15.4518 34 11.6743 1.09527 92.1732
303766 9.1137 33.6078 15.4518 34 11.6743 1.09527 92.1732
303769 9.14269 33.78 15.3405 34 11.7319 1.0434 92.2631
303779 9.14269 33.78 15.3405 34 11.7319 1.0434 92.2631
303792 9.20068 33.8565 15.3 34 11.7359 1.01391 92.3572
303798 9.28766 34 15.5732 34 11.6139 1.01532 92.8609
303818 9.36498 34 15.9577 34 11.4327 1.05967 93.3227
303829 9.40364 34 16.3119 34 11.28 1.10573 93.7155
303846 9.40364 34 16.3119 34 11.28 1.10573 93.7155
303848 9.4423 34 16.5345 34 11.1791 1.13202 93.9768
303872 9.4423 34 16.5345 34 11.1791 1.13202 93.9768
303874 9.36498 34 16.7673 34 11.1194 1.17956 94.1322
303883 9.40364 34 16.9292 34 11.0426 1.19665 94.3328
303899 9.40364 34 16.9292 34 11.0426 1.19665 94.3328
303903 9.42297 34 16.9798 34 11.0159 1.20073 94.4027
303911 9.37464 34 16.8179 34 11.0963 1.18532 94.1925
303926 9.37464 34 16.8179 34 11.0963 1.18532 94.1925
303929 9.37464 34 16.6863 34 11.1468 1.166 94.061
303938 9.37464 34 16.6863 34 11.1468 1.166 94.061
303955 9.34565 34 16.3827 34 11.275 1.12619 93.7284
303964 9.37464 34 16.1905 34 11.3383 1.09269 93.5651
303976 9.37464 34 16.1905 34 11.3383 1.09269 93.5651
303981 9.30699 34 16.2512 34 11.341 1.11335 93.5582
303990 9.67425 34 16.4738 34 11.1133 1.08333 94.1481
304002 9.67425 34 16.4738 34 11.1133 1.08333 94.1481
304016 11.4719 34 16.6863 34 10.3584 0.813417 96.1582
304029 11.4719 34 16.6863 34 10.3584 0.813417 96.1582
304036 13.685 34 17 34 9.45304 0.503869 98.685
304055 15.6856 34 17.2021 34 8.70082 0.225477 100.888
304057 15.6856 34 17.2021 34 8.70082 0.225477 100.888
304063 17.356 34 17.8086 34 7.95706 0.0658053 103.165
304071 19.5591 34 18.5565 34 7.04052 -0.141731 106.116
304082 19.5591 34 18.5565 34 7.04052 -0.141731 106.116
304098 22.1952 33.646 19.1629 33.7202 5.98028 -0.40812 108.724
304110 22.1952 33.646 19.1629 33.7202 5.98028 -0.40812 108.724
304115 24.4369 32.8616 19.4257 31.4336 4.72287 -0.893026 108.158
304124 26.3033 31.6944 19.456 28.6453 3.43556 -1.39914 106.099
304139 26.3033 31.6944 19.456 28.6453 3.43556 -1.39914 106.099
304143 27.8619 30.1638 19.3246 25.6544 2.09495 -1.89992 103.005
304153 29.4878 28.9201 19.5065 22.7696 0.669247 -2.40333 100.684
304171 31.0272 28.0017 20.4364 20.29 -0.794907 -2.7521 99.7552
304192 31.0272 28.0017 20.4364 20.29 -0.794907 -2.7521 99.7552
304198 32.3452 27.2172 22.6903 18.0709 -2.42896 -2.81109 100.324
304206 33.8749 26.2797 26.8746 16.3901 -4.37049 -2.44973 103.419
304227 34 25.0743 32.6356 15.0831 -6.19847 -1.59499 106.793
304235 34 23.3427 34 13.8149 -7.33241 -1.35907 105.158
304248 34 23.3427 34 13.8149 -7.33241 -1.35907 105.158
304254 34 21.2285 34 12.6532 -8.37205 -1.26254 101.882
304264 34 21.2285 34 12.6532 -8.37205 -1.26254 101.882
304276 34 18.9516 34 12.0433 -9.34521 -1.04677 98.9949
304292 34 16.4805 34 11.8497 -10.2953 -0.721085 96.3301
304304 34 16.4805 34 11.8497 -10.2953 -0.721085 96.3301
304309 34 14.1522 34 11.4431 -11.3266 -0.434186 93.5953
304318 34 11.8913 34 11.0171 -12.4003 -0.144254 90.9084
304330 34 11.8913 34 11.0171 -12.4003 -0.144254 90.9084
304337 34 9.8421 34 10.6008 -13.4429 0.128676 88.4429
304345 34 9.8421 34 10.6008 -13.4429 0.128676 88.4429
304363 34 7.80249 34 10.4265 -14.4299 0.456467 86.229
304371 34 6.13809 34 10.32 -15.2566 0.742727 84.4581
304386 34 6.13809 34 10.32 -15.2566 0.742727 84.4581
304389 34 5.00283 34 10.4169 -15.7578 0.973515 83.4197
304399 34 4.64686 34 10.9203 -15.6859 1.12606 83.5671
304418 34 4.72383 34 11.5592 -15.3403 1.21651 84.2831
304427 34 4.72383 34 11.5592 -15.3403 1.21651 84.2831
304444 34 4.85852 34 12.0917 -15.0234 1.27719 84.9502
304453 33.7787 4.93548 34 12.4886 -14.7749 1.36869 85.2028
304470 33.6921 4.99321 34 12.6048 -14.6835 1.39279 85.2901
304479 33.7883 4.99321 34 12.5757 -14.7086 1.36969 85.3573
304497 33.7883 4.99321 34 12.5757 -14.7086 1.36969 85.3573
304499 33.7595 5.01245 34 12.3337 -14.809 1.33278 85.1056
304524 33.7691 4.99321 34 12.0336 -14.9601 1.28626 84.7959
304529 33.7499 4.91624 34 11.7238 -15.141 1.25448 84.3899
304539 33.7499 4.91624 34 11.7238 -15.141 1.25448 84.3899
304552 33.7595 4.9451 34 11.4334 -15.2669 1.1996 84.138
304566 33.7883 4.91624 34 11.2785 -15.3583 1.17415 83.9831
304580 33.7883 4.91624 34 11.2785 -15.3583 1.17415 83.9831
304584 33.6344 4.80079 34 11.172 -15.4477 1.20865 83.6072
304593 33.4805 4.72383 34 10.988 -15.5569 1.22314 83.1923
304608 33.4805 4.72383 34 10.988 -15.5569 1.22314 83.1923
304611 33.3458 4.64686 34 10.9396 -15.6029 1.25651 82.9323
304637 33.3458 4.64686 34 10.9396 -15.6029 1.25651 82.9323
304639 33.4324 4.53141 34 10.8331 -15.7215 1.24449 82.7969
304646 33.7114 4.52179 34 10.746 -15.8002 1.17732 82.9792
304666 33.7114 4.52179 34 10.746 -15.8002 1.17732 82.9792
304666 34 4.59875 34 10.6202 -15.8561 1.08534 83.2189
304674 34 4.58913 34 10.5233 -15.9084 1.071 83.1125
304693 34 4.58913 34 10.5233 -15.9084 1.071 83.1125
304695 34 4.70458 34 10.4749 -15.8754 1.04059 83.1795
304720 34 4.82003 34 10.3297 -15.8901 0.993934 83.1498
304726 34 4.87776 34 10.0199 -16.0144 0.930455 82.8977
304735 34 4.87776 34 10.0199 -16.0144 0.930455 82.8977
304749 34 4.87776 34 9.87471 -16.0864 0.905764 82.7525
304754 34 5.02207 34 9.71982 -16.0916 0.851639 82.7419
304764 34 5.02207 34 9.71982 -16.0916 0.851639 82.7419
304777 34 5.07018 34 9.59396 -16.1303 0.820874 82.6641
304790 34 5.07018 34 9.59396 -16.1303 0.820874 82.6641
304804 34 5.14714 34 9.51651 -16.1305 0.792857 82.6637
304808 34 5.19525 34 9.3713 -16.1789 0.75867 82.5666
304816 34 5.19525 34 9.3713 -16.1789 0.75867 82.5666
304833 34 5.26259 34 9.2164 -16.2226 0.719057 82.479
304843 34 5.5897 34 9.24544 -16.0454 0.661992 82.8351
304860 34 5.5897 34 9.24544 -16.0454 0.661992 82.8351
304861 34 6.69609 34 9.20672 -15.5231 0.448846 83.9028
304869 34 6.69609 34 9.20672 -15.5231 0.448846 83.9028
304888 34 8.06225 34 9.24544 -14.8557 0.208045 85.3077
304889 34 9.59196 34 9.0131 -14.2587 -0.100259 86.6051
304896 34 9.59196 34 9.0131 -14.2587 -0.100259 86.6051
304914 34 11.2275 34 8.86788 -13.5945 -0.401773 88.0954
304916 34 13.0651 34 8.79043 -12.8385 -0.713587 89.8555
304926 34 13.0651 34 8.79043 -12.8385 -0.713587 89.8555
304943 34 14.9796 34 8.54841 -12.1471 -1.05398 91.528
304946 34 14.9796 34 8.54841 -12.1471 -1.05398 91.528
304956 34 16.7787 34 8.42255 -11.4802 -1.34486 93.2013
304974 34 18.3011 34 8.19989 -10.9785 -1.60335 94.501
304983 34 18.3011 34 8.19989 -10.9785 -1.60335 94.501
304998 34 19.7648 32.7771 8.1902 -10.2452 -2.02638 94.732
305000 34 21.3528 30.0279 8.61617 -9.05852 -2.66637 93.997
305009 34 21.3528 30.0279 8.61617 -9.05852 -2.66637 93.997
305028 34 23.3236 27.4203 9.67141 -7.52667 -3.21428 94.4153
305029 34 25.4474 25.0957 11.4527 -5.78036 -3.57811 95.9958
305039 34 25.4474 25.0957 11.4527 -5.78036 -3.57811 95.9958
305053 34 27.5903 23.0642 13.9408 -3.9386 -3.74034 98.5953
305059 34 27.5903 23.0642 13.9408 -3.9386 -3.74034 98.5953
305069 34 29.7046 21.4168 16.574 -2.24646 -3.79276 101.695
305083 34 31.704 20.0321 19.4313 -0.688612 -3.74268 105.167
305110 34 33.5025 18.8395 22.1232 0.642189 -3.67029 108.465
305114 33.1726 34 17.9602 24.5352 1.68746 -3.37527 109.668
305123 33.1726 34 17.9602 24.5352 1.68746 -3.37527 109.668
305139 30.777 34 17.192 26.5516 2.89866 -2.90728 108.521
305167 28.4103 34 16.2815 27.9217 4.04026 -2.56165 106.614
305169 26.0147 34 15.472 29.3593 5.21539 -2.17225 104.846
305171 26.0147 34 15.472 29.3593 5.21539 -2.17225 104.846
305195 23.1958 34 14.8345 30.9608 6.53709 -1.6604 102.991
305198 20.1653 34 14.2173 32.7072 7.99405 -1.07442 101.09
305206 20.1653 34 14.2173 32.7072 7.99405 -1.07442 101.09
305224 16.9807 34 13.6506 34 9.47183 -0.506442 98.6313
305225 16.9807 34 13.6506 34 9.47183 -0.506442 98.6313
305233 14.2069 34 13.3571 34 10.5782 -0.133385 95.5641
305253 12.2837 34 13.2762 34 11.3404 0.159125 93.5599
305261 12.2837 34 13.2762 34 11.3404 0.159125 93.5599
305263 11.1239 34 13.3774 34 11.7562 0.365419 92.5013
305282 10.7953 34 13.6 34 11.7984 0.455325 92.3953
305284 10.7953 34 13.6 34 11.7984 0.455325 92.3953
305293 10.9016 34 13.5798 34 11.7641 0.434375 92.4814
305319 11.008 34 13.3774 34 11.8024 0.384707 92.3853
305328 11.0563 34 13.0738 34 11.9043 0.328479 92.1301
305343 11.0563 34 13.0738 34 11.9043 0.328479 92.1301
305345 11.2399 34 12.9018 34 11.8997 0.270542 92.1417
305354 11.4525 34 12.4768 34 11.9849 0.167127 91.9293
305371 11.4525 34 12.4768 34 11.9849 0.167127 91.9293
305380 11.6941 34 11.981 34 12.0875 0.0469279 91.6751
305402 11.6941 34 11.981 34 12.0875 0.0469279 91.6751
305403 11.8584 34 11.5054 33.6237 12.161 -0.120241 90.9875
305408 12.0227 34 11.1411 32.6782 12.1086 -0.367889 89.842
305431 12.0807 34 10.969 32.0993 12.0723 -0.506852 89.1491
305436 12.0324 34 10.8982 31.8581 12.087 -0.55346 88.7887
305460 12.0324 34 10.8982 31.8581 12.087 -0.55346 88.7887
305462 12.0324 34 10.9488 31.8581 12.0659 -0.544603 88.8393
305470 12.0324 34 10.9488 31.8581 12.0659 -0.544603 88.8393
305490 11.8681 34 11.1006 32.0511 12.0991 -0.457725 89.0198
305492 11.8005 34 11.2726 32.3309 12.0962 -0.368602 89.4039
305496 11.8005 34 11.2726 32.3309 12.0962 -0.368602 89.4039
305520 11.7328 34 11.3536 32.5721 12.1254 -0.302339 89.6584
305523 11.6748 34 11.5661 33.0448 12.1293 -0.176756 90.2857
305533 11.6748 34 11.5661 33.0448 12.1293 -0.176756 90.2857
305549 11.6458 34 11.8292 33.5851 12.1102 -0.0381392 91.0601
305553 11.6458 34 11.8292 33.5851 12.1102 -0.0381392 91.0601
305561 11.6458 34 12.1125 34 12.0539 0.0762892 91.7583
305579 11.5782 34 12.406 34 11.9629 0.134988 91.9841
305580 11.5782 34 12.406 34 11.9629 0.134988 91.9841
305588 11.4815 34 12.6994 34 11.884 0.198179 92.1809
305609 11.3076 34 13.0536 34 11.812 0.283563 92.3611
305614 11.3076 34 13.0536 34 11.812 0.283563 92.3611
305623 11.1433 34 13.519 34 11.6924 0.384588 92.6623
305637 11.1433 34 14.278 34 11.3943 0.503318 93.4212
305640 10.9886 34 14.278 34 11.4546 0.529023 93.2666
305650 11.5395 34 15.3708 34 10.8233 0.605518 94.9103
305668 11.5395 34 15.3708 34 10.8233 0.605518 94.9103
305678 12.7283 34 16.4333 34 9.99325 0.571997 97.1616
305699 14.4002 34 17.4144 34 9.06315 0.452964 99.8146
305700 14.4002 34 17.4144 34 9.06315 0.452964 99.8146
305704 16.6134 34 18.607 34 7.93921 0.289711 103.22
305713 16.6134 34 18.607 34 7.93921 0.289711 103.22
305728 19.3763 32.3163 20.0523 34 6.35671 0.334727 105.745
305739 22.3973 30.4316 21.4168 32.5914 4.49492 0.165564 106.837
305758 22.3973 30.4316 21.4168 32.5914 4.49492 0.165564 106.837
305760 25.12 28.7479 22.8014 29.9188 2.52029 -0.1615 106.588
305765 27.4675 27.045 24.7015 27.2946 0.509483 -0.354391 106.509
305774 27.4675 27.045 24.7015 27.2946 0.509483 -0.354391 106.509
305788 29.4493 25.3039 27.8145 24.5545 -1.72828 -0.333858 107.122
305794 29.4493 25.3039 27.8145 24.5545 -1.72828 -0.333858 107.122
305803 31.3158 23.2949 33.0398 22.0267 -4.33865 0.0623435 109.677
305820 32.5184 21.0563 34 19.6822 -6.00893 0.0150347 107.257
305830 32.5184 21.0563 34 19.6822 -6.00893 0.0150347 107.257
305833 33.0283 18.6933 34 17.357 -7.5132 -0.0530604 103.079
305850 33.1726 16.24 34 14.6669 -9.24399 -0.114046 98.0794
305859 33.1726 16.24 34 14.6669 -9.24399 -0.114046 98.0794
305881 32.9802 13.8155 34 12.0917 -11.0545 -0.113688 92.8874
305883 33.1053 11.6412 34 9.89408 -12.8525 -0.144242 88.6405
305886 33.1053 11.6412 34 9.89408 -12.8525 -0.144242 88.6405
305896 33.644 9.794 34 8.8098 -14.2149 -0.109262 86.2478
305912 33.644 9.794 34 8.8098 -14.2149 -0.109262 86.2478
305915 34 8.18732 34 8.68394 -15.0607 0.0877726 84.8713
305924 34 6.7442 34 8.76139 -15.7158 0.362345 83.5056
305942 34 6.7442 34 8.76139 -15.7158 0.362345 83.5056
305950 34 5.32994 34 8.88724 -16.3539 0.649007 82.2172
305959 34 4.06961 34 9.05182 -16.9125 0.921251 81.1214
305975 34 4.06961 34 9.05182 -16.9125 0.921251 81.1214
305977 33.7499 2.95359 34 9.28417 -17.3502 1.23407 79.9876
305985 33.7499 2.95359 34 9.28417 -17.3502 1.23407 79.9876
306008 33.0283 2.26089 34 9.70046 -17.4285 1.59728 78.9896
306009 32.2875 2.13582 34 10.2039 -17.153 1.86588 78.6272
306023 32.2875 2.13582 34 10.2039 -17.153 1.86588 78.6272
306040 31.5178 2.19355 34 10.6105 -16.826 2.08737 78.3219
306043 30.7866 2.19355 34 10.7557 -16.671 2.27221 77.7359
306049 30.7866 2.19355 34 10.7557 -16.671 2.27221 77.7359
306058 30.1132 2.24165 34 10.7073 -16.5984 2.40438 77.0621
306073 30.1132 2.24165 34 10.7073 -16.5984 2.40438 77.0621
306084 29.584 2.1262 34 10.5524 -16.6875 2.52591 76.2626
306107 29.0934 2.17431 34 10.4459 -16.6658 2.6108 75.7136
306109 29.0934 2.17431 34 10.4459 -16.6658 2.6108 75.7136
306111 28.6893 2.19355 34 10.3588 -16.6587 2.68653 75.2416
306120 28.3526 2.22241 34 10.3781 -16.5944 2.76236 74.9531
306138 28.3526 2.22241 34 10.3781 -16.5944 2.76236 74.9531
306140 28.189 2.18393 34 10.2523 -16.6676 2.7898 74.6252
306173 28.189 2.18393 34 10.2523 -16.6676 2.7898 74.6252
306175 28.0447 2.16469 34 10.1651 -16.711 2.81462 74.3745
306177 27.8619 2.08772 34 10.049 -16.7994 2.85803 73.9986
306190 27.8042 2.03962 34 10.2232 -16.7218 2.91211 74.067
306206 27.6021 1.86644 34 10.32 -16.7423 3.01905 73.7886
306238 27.1307 1.72213 34 10.4072 -16.7217 3.18475 73.26
306240 27.1307 1.72213 34 10.4072 -16.7217 3.18475 73.26
306246 26.5727 1.50085 34 10.3685 -16.8077 3.37405 72.442
306270 26.0436 1.35654 34 10.3394 -16.8483 3.54184 71.7395
306272 26.0436 1.35654 34 10.3394 -16.8483 3.54184 71.7395
306274 25.6395 1.05829 34 10.3297 -16.9834 3.72361 71.0275
306281 25.2739 0.894737 34 10.3685 -17.0161 3.87026 70.5371
306302 25.2739 0.894737 34 10.3685 -17.0161 3.87026 70.5371
306308 25.0911 0.750424 34 10.3781 -17.0759 3.9597 70.2197
306316 25.0911 0.750424 34 10.3781 -17.0759 3.9597 70.2197
306335 24.8602 0.606112 34 10.3781 -17.1366 4.06156 69.8445
306337 24.6293 0.509904 34 10.1651 -17.2984 4.11791 69.3044
306343 24.6293 0.509904 34 10.1651 -17.2984 4.11791 69.3044
306353 24.3599 0.34635 34 9.92312 -17.5182 4.20013 68.6294
306371 24.2541 0.259762 34 9.7779 -17.6509 4.23127 68.2918
306373 24.2541 0.259762 34 9.7779 -17.6509 4.23127 68.2918
306402 24.2926 0.192417 34 9.68109 -17.7578 4.22411 68.1661
306404 24.2926 0.192417 34 9.68109 -17.7578 4.22411 68.1661
306408 24.3311 0.153933 34 9.49715 -17.9018 4.19496 67.9822
306416 24.6774 0.827391 34 9.5262 -17.5008 3.91593 69.031
306434 24.6774 0.827391 34 9.5262 -17.5008 3.91593 69.031
306435 24.8698 1.36616 34 9.43907 -17.246 3.70356 69.6751
306466 25.12 2.22241 34 9.46811 -16.7452 3.41596 70.8105
306467 25.12 2.22241 34 9.46811 -16.7452 3.41596 70.8105
306469 25.3605 3.37691 34 9.64237 -16.0063 3.08891 72.3798
306479 25.6876 4.77193 34 9.95216 -15.1063 2.71986 74.4117
306497 25.6876 4.77193 34 9.95216 -15.1063 2.71986 74.4117
306499 25.8127 6.11885 34 10.1555 -14.3055 2.40986 76.087
306506 25.8127 6.11885 34 10.1555 -14.3055 2.40986 76.087
306530 25.8319 7.54273 34 10.4362 -13.447 2.1324 77.8109
306533 25.6684 8.97623 34 10.7654 -12.5698 1.91175 79.41
306541 25.6684 8.97623 34 10.7654 -12.5698 1.91175 79.41
306562 25.4278 10.2558 34 11.0268 -11.8155 1.73642 80.7104
306564 24.9853 11.4007 34 11.4334 -11.0461 1.65867 81.8193
306568 24.9853 11.4007 34 11.4334 -11.0461 1.65867 81.8193
306576 24.2156 12.5167 34 11.8593 -10.243 1.65762 82.5917
306596 24.2156 12.5167 34 11.8593 -10.243 1.65762 82.5917
306597 23.1862 13.5846 34 12.7887 -9.21884 1.79834 83.5595
306606 22.4743 14.5948 34 14.115 -8.14836 1.94508 85.1841
306634 22.4454 15.5376 34 16.2062 -7.00245 2.07902 88.1892
306643 22.7821 16.4709 34 19.0647 -5.75365 2.24416 92.3177
306664 22.7821 16.4709 34 19.0647 -5.75365 2.24416 92.3177
306665 23.1285 17.4401 34 21.9881 -4.58288 2.39541 96.5566
306671 23.1285 17.4401 34 21.9881 -4.58288 2.39541 96.5566
306680 23.3209 18.4063 34 24.4098 -3.62125 2.49896 100.137
306697 23.2824 19.0568 34 26.5034 -2.84954 2.64932 102.843
306699 23.2824 19.0568 34 26.5034 -2.84954 2.64932 102.843
306730 23.1477 19.7743 33.1005 28.5488 -1.89465 2.68629 104.571
306732 22.8206 20.5014 28.9465 30.874 -0.0949338 2.39937 103.143
306733 22.8206 20.5014 28.9465 30.874 -0.0949338 2.39937 103.143
306739 22.2337 21.3528 25.8234 33.8649 1.73339 2.33868 103.275
306763 22.2337 21.3528 25.8234 33.8649 1.73339 2.33868 103.275
306763 21.1273 22.4339 24.2265 34 2.72135 2.16116 101.788
306778 19.3379 23.5053 23.4988 34 3.65467 2.19085 100.342
306796 19.3379 23.5053 23.4988 34 3.65467 2.19085 100.342
306796 17.2213 24.4907 23.1147 34 4.59256 2.33784 98.8267
306808 14.8738 25.2561 22.5791 34 5.63629 2.55135 96.7089
306829 14.8738 25.2561 22.5791 34 5.63629 2.55135 96.7089
306831 12.7186 26.031 22.003 34 6.67776 2.73134 94.7525
306844 10.5827 26.5858 21.4471 34 7.70821 2.96039 92.6156
306863 8.68846 26.9494 20.9114 34 8.65537 3.19278 90.5492
306865 8.68846 26.9494 20.9114 34 8.65537 3.19278 90.5492
306880 7.36441 27.1885 20.6284 34 9.30567 3.37663 89.1814
306897 6.71688 27.5138 20.4364 34 9.68807 3.41825 88.6671
306899 6.71688 27.5138 20.4364 34 9.68807 3.41825 88.6671
306910 6.6589 27.753 20.0624 34 9.89882 3.33157 88.4743
306913 6.6589 27.753 20.0624 34 9.89882 3.33157 88.4743
306932 6.69756 27.9539 19.5874 34 10.1058 3.21899 88.2388
306940 6.72655 28.0974 18.9405 34 10.3773 3.09635 87.7645
306966 6.88118 28.3939 18.4554 34 10.56 2.93746 87.7305
306969 7.05514 28.5948 18.0511 34 10.6865 2.80518 87.7011
306978 7.05514 28.5948 18.0511 34 10.6865 2.80518 87.7011
307000 7.16146 28.9392 17.7176 34 10.8349 2.66748 87.8183
307002 7.16146 28.9392 17.7176 34 10.8349 2.66748 87.8183
307005 7.33542 29.2741 17.6266 34 10.855 2.55289 88.2361
307014 7.49005 29.6089 17.4447 34 10.9195 2.43029 88.5436
307035 7.49005 29.6089 17.4447 34 10.9195 2.43029 88.5436
307041 7.5867 29.8576 17.2931 34 10.9812 2.34097 88.7374
307043 7.5867 29.8576 17.2931 34 10.9812 2.34097 88.7374
307068 7.69301 30.1064 17.3537 34 10.953 2.28052 89.1531
307070 7.78965 30.2594 17.3537 34 10.9381 2.23226 89.4028
307081 7.78965 30.2594 17.3537 34 10.9381 2.23226 89.4028
307102 7.8863 30.336 17.4043 34 10.8911 2.20616 89.6265
307103 7.85731 30.3934 17.4548 34 10.8915 2.20792 89.7055
307108 7.85731 30.3934 17.4548 34 10.8915 2.20792 89.7055
307116 8.00227 30.5369 17.4649 34 10.8522 2.1542 90.0041
307136 8.03127 30.5273 17.5054 34 10.8231 2.15627 90.0639
307144 8.03127 30.5273 17.5054 34 10.8231 2.15627 90.0639
307146 7.95395 30.4699 17.475 34 10.8569 2.17764 89.8989
307170 7.95395 30.4699 17.475 34 10.8569 2.17764 89.8989
307171 7.92496 30.2977 17.6064 34 10.7889 2.23487 89.8291
307184 7.81865 30.1064 17.6671 34 10.7768 2.30077 89.5921
307185 7.81865 30.1064 17.6671 34 10.7768 2.30077 89.5921
307208 7.86697 29.9916 17.7985 34 10.6869 2.33221 89.657
307215 7.80898 29.8481 17.7883 34 10.6911 2.36982 89.4454
307218 7.80898 29.8481 17.7883 34 10.6911 2.36982 89.4454
307242 7.77999 29.6854 17.7277 34 10.7009 2.39855 89.1931
307245 7.77999 29.6854 17.7277 34 10.7009 2.39855 89.1931
307247 7.78965 29.4941 17.6873 34 10.6825 2.42835 88.971
307256 7.80898 29.4941 17.8288 34 10.6181 2.44453 89.1319
307276 7.80898 29.4941 17.8288 34 10.6181 2.44453 89.1319
307277 8.5145 29.5037 18.132 34 10.2211 2.34839 90.1501
307286 7.07447 29.5037 18.5161 34 10.6385 2.68333 89.0942
