344902 11.0756 34 13.6101 34 11.6831 0.410178 92.6857
344909 12.6123 34 13.9744 34 10.9459 0.216011 94.5867
344926 12.6123 34 13.9744 34 10.9459 0.216011 94.5867
344935 14.8351 34 14.6827 34 9.86541 -0.0234398 97.5179
344944 17.5291 34 15.7857 34 8.55875 -0.258121 101.315
344952 17.5291 34 15.7857 34 8.55875 -0.258121 101.315
344964 20.0498 34 16.8179 33.3053 7.3046 -0.565398 104.173
344971 22.3588 34 17.6367 30.8451 5.92555 -1.127 104.841
344980 22.3588 34 17.6367 30.8451 5.92555 -1.127 104.841
344998 24.7832 33.4451 18.324 27.4103 4.26792 -1.80267 103.963
345006 24.7832 33.4451 18.324 27.4103 4.26792 -1.80267 103.963
345015 27.0538 31.6944 19.2943 23.5318 2.18514 -2.3513 101.574
345026 29.3628 29.762 20.8912 20.3479 -0.0358954 -2.67312 100.364
345033 29.3628 29.762 20.8912 20.3479 -0.0358954 -2.67312 100.364
345041 31.489 27.7434 23.4887 17.6464 -2.38819 -2.70464 100.367
345059 33.3939 26.3467 27.8549 15.4026 -4.73299 -2.40048 102.998
345070 33.3939 26.3467 27.8549 15.4026 -4.73299 -2.40048 102.998
345078 34 25.1891 34 13.844 -6.76589 -1.58995 107.033
345086 34 25.1891 34 13.844 -6.76589 -1.58995 107.033
345096 34 23.6488 34 13.1276 -7.45005 -1.50625 104.776
345105 34 21.5442 34 12.6629 -8.26581 -1.30343 102.207
345123 34 18.9325 34 12.3337 -9.25134 -0.99713 99.2662
345140 34 16.2784 34 12.1982 -10.2417 -0.634392 96.4766
345149 34 16.2784 34 12.1982 -10.2417 -0.634392 96.4766
345158 34 13.4403 34 11.7432 -11.4872 -0.273191 93.1835
345168 34 13.4403 34 11.7432 -11.4872 -0.273191 93.1835
345180 33.6344 10.6022 34 11.172 -12.8232 0.156936 89.4085
345190 32.326 8.02377 34 10.746 -13.9714 0.774938 85.0958
345200 32.326 8.02377 34 10.746 -13.9714 0.774938 85.0958
345210 31.0175 5.87832 34 10.5427 -14.9181 1.40845 81.4386
345219 29.7668 4.27165 34 10.4749 -15.6089 1.99389 78.5134
345229 29.7668 4.27165 34 10.4749 -15.6089 1.99389 78.5134
345241 28.6604 3.25184 34 10.6298 -15.932 2.49227 76.5421
345250 28.6604 3.25184 34 10.6298 -15.932 2.49227 76.5421
345259 27.7561 2.92473 34 10.7751 -15.922 2.80182 75.4559
345267 27.2269 2.75156 34 10.8138 -15.9313 2.9753 74.7923
345278 27.2269 2.75156 34 10.8138 -15.9313 2.9753 74.7923
345285 26.794 2.588 34 10.8815 -15.9313 3.13065 74.2635
345303 26.5342 2.53028 34 10.9106 -15.9153 3.21312 73.9751
345311 26.5342 2.53028 34 10.9106 -15.9153 3.21312 73.9751
345321 26.3707 2.5399 34 11.0268 -15.8256 3.26956 73.9373
345330 26.3707 2.5399 34 11.0268 -15.8256 3.26956 73.9373
345341 26.4861 2.57838 34 11.1526 -15.7494 3.25156 74.2171
345348 26.7844 2.59762 34 11.1139 -15.7971 3.16767 74.4959
345356 26.7844 2.59762 34 11.1139 -15.7971 3.16767 74.4959
345374 27.1211 2.67459 34 10.9687 -15.8758 3.04416 74.7644
345383 27.429 2.70345 34 10.8525 -15.9609 2.94461 74.9849
345391 27.429 2.70345 34 10.8525 -15.9609 2.94461 74.9849
345400 27.631 2.73231 34 10.6589 -16.0752 2.85826 75.0222
345409 27.631 2.73231 34 10.6589 -16.0752 2.85826 75.0222
345418 27.8042 2.72269 34 10.5427 -16.1646 2.80057 75.0696
345435 27.9966 2.7708 34 10.4556 -16.2086 2.72952 75.223
345446 27.9966 2.7708 34 10.4556 -16.2086 2.72952 75.223
345454 28.266 2.93435 34 10.2426 -16.2669 2.59314 75.4429
345466 28.7278 3.04018 34 10.2329 -16.2678 2.46016 76.0009
345473 28.7278 3.04018 34 10.2329 -16.2678 2.46016 76.0009
345481 28.9875 3.10753 34 10.3297 -16.2088 2.40131 76.4248
345490 28.9875 3.10753 34 10.3297 -16.2088 2.40131 76.4248
345510 29.1992 3.06904 34 10.3975 -16.2174 2.37314 76.6657
345511 29.2569 3.17487 34 10.4459 -16.1413 2.34413 76.8777
345520 29.2569 3.17487 34 10.4459 -16.1413 2.34413 76.8777
345538 29.2473 3.26146 34 10.6008 -16.0113 2.35224 77.1096
345546 29.2762 3.21336 34 10.8428 -15.9118 2.39614 77.3324
345555 29.2762 3.21336 34 10.8428 -15.9118 2.39614 77.3324
345564 29.0838 3.20374 34 10.9977 -15.8123 2.46688 77.2852
345572 28.8432 3.13639 34 11.1817 -15.722 2.56645 77.1613
345582 28.8432 3.13639 34 11.1817 -15.722 2.56645 77.1613
345592 28.5257 3.11715 34 11.2978 -15.6324 2.6621 76.9407
345601 28.5257 3.11715 34 11.2978 -15.6324 2.6621 76.9407
345620 28.1121 3.05942 34 11.3269 -15.597 2.77563 76.4984
345629 27.833 3.01132 34 11.5302 -15.4801 2.8843 76.3745
345638 27.833 3.01132 34 11.5302 -15.4801 2.8843 76.3745
345646 27.5252 2.97284 34 11.6948 -15.3747 2.99177 76.1928
345656 27.3328 3.37691 34 11.9852 -14.9849 2.98759 76.6949
345664 27.3328 3.37691 34 11.9852 -14.9849 2.98759 76.6949
345683 27.6503 5.13752 34 11.8787 -14.1846 2.49616 78.6665
345684 27.6503 5.13752 34 11.8787 -14.1846 2.49616 78.6665
345697 27.5829 6.14771 34 11.5592 -13.834 2.23773 79.2898
345704 27.7272 7.90832 34 11.3559 -13.1072 1.80026 80.9915
345714 27.7272 7.90832 34 11.3559 -13.1072 1.80026 80.9915
345731 27.8138 9.69779 34 11.1817 -12.3754 1.3913 82.6933
345740 27.9196 11.7182 34 11.2591 -11.4675 0.993201 84.8969
345749 27.9196 11.7182 34 11.2591 -11.4675 0.993201 84.8969
345760 28.0736 13.9983 34 11.4721 -10.4528 0.582604 87.544
345766 28.0736 13.9983 34 11.4721 -10.4528 0.582604 87.544
345775 28.2756 16.2111 34 11.6076 -9.56134 0.186626 90.0943
345793 28.5642 18.0906 34 11.6948 -8.87358 -0.15594 92.3496
345803 28.5642 18.0906 34 11.6948 -8.87358 -0.15594 92.3496
345811 28.6027 19.7552 34 11.8497 -8.22594 -0.399373 94.2076
345820 28.4776 21.3433 34 12.5177 -7.42608 -0.514322 96.3386
345830 28.4776 21.3433 34 12.5177 -7.42608 -0.514322 96.3386
345839 28.266 23.1609 34 15.1509 -5.95413 -0.339442 100.578
345848 28.266 23.1609 34 15.1509 -5.95413 -0.339442 100.578
345856 27.9293 24.8638 34 19.2287 -4.20591 0.0616354 106.022
345874 27.2366 26.2797 31.736 23.4353 -2.12941 0.228419 108.688
345891 25.9377 27.3799 27.8145 27.1595 0.181702 0.229433 108.292
345900 23.9462 28.5374 23.7414 31.2213 2.80864 0.346087 107.446
345909 23.9462 28.5374 23.7414 31.2213 2.80864 0.346087 107.446
345919 21.6565 29.9246 20.7598 34 5.05645 0.44838 106.341
345930 21.6565 29.9246 20.7598 34 5.05645 0.44838 106.341
345939 19.4148 31.1109 19.1225 34 6.40956 0.375808 103.648
345952 17.4618 32.0006 18.4453 34 7.38253 0.439065 101.908
345965 17.4618 32.0006 18.4453 34 7.38253 0.439065 101.908
345974 15.6373 32.7085 17.9602 34 8.25251 0.540503 100.306
345983 13.8204 32.9668 17.5963 34 9.03356 0.733228 98.3835
345994 13.8204 32.9668 17.5963 34 9.03356 0.733228 98.3835
346000 11.6072 32.9477 17.091 34 9.9977 1.02505 95.6458
346018 11.6072 32.9477 17.091 34 9.9977 1.02505 95.6458
346026 9.37464 32.7946 16.7065 34 10.9591 1.37883 92.8758
346039 7.53837 32.919 16.3423 34 11.8498 1.63298 90.7996
346053 6.34963 33.1677 16.2006 34 12.4327 1.78614 89.7179
346063 6.05969 33.6843 16.1095 34 12.6637 1.73041 89.8535
346073 6.05969 33.6843 16.1095 34 12.6637 1.73041 89.8535
346083 6.166 34 15.8262 34 12.7811 1.61017 89.9922
346099 6.31097 34 15.4619 34 12.8734 1.52901 89.7729
346108 6.31097 34 15.4619 34 12.8734 1.52901 89.7729
346116 6.38829 34 15.1786 34 12.9605 1.47213 89.5669
346126 6.38829 34 15.1786 34 12.9605 1.47213 89.5669
346134 6.4946 34 14.956 34 13.0098 1.41889 89.4505
346143 6.51393 34 14.8143 34 13.0619 1.3938 89.3282
346161 6.51393 34 14.8143 34 13.0619 1.3938 89.3282
346163 6.61057 34 14.8345 34 13.0121 1.37916 89.4451
346172 6.60091 34 14.8649 34 13.0034 1.38555 89.4658
346183 6.60091 34 14.8649 34 13.0034 1.38555 89.4658
346200 6.58158 34 14.7839 34 13.046 1.37676 89.3655
346209 6.58158 34 14.7839 34 13.046 1.37676 89.3655
346218 6.70722 33.9235 14.8952 34 12.9351 1.38472 89.5259
346227 6.69756 33.8374 15.0268 34 12.8719 1.42224 89.5617
346244 6.58158 33.5982 14.9256 34 12.9316 1.47227 89.1054
346261 6.62024 33.4069 14.9661 34 12.8719 1.50668 88.9932
346271 6.62024 33.4069 14.9661 34 12.8719 1.50668 88.9932
346281 6.56225 33.2442 14.956 34 12.8788 1.54617 88.7624
346289 6.56225 33.2442 14.956 34 12.8788 1.54617 88.7624
346302 6.55259 32.785 14.8244 34 12.8763 1.6141 88.162
346309 6.3303 32.4406 14.8042 34 12.9335 1.71851 87.5751
346326 6.17567 32.0006 14.7738 34 12.9532 1.82822 86.95
346344 6.05003 31.6753 14.794 34 12.9541 1.919 86.5194
346353 6.05003 31.6753 14.794 34 12.9541 1.919 86.5194
346361 5.93405 31.417 14.7232 34 13.0003 1.98181 86.0743
346372 5.93405 31.417 14.7232 34 13.0003 1.98181 86.0743
346380 5.85674 31.3692 14.8042 34 12.992 2.01876 86.0301
346393 5.83741 31.3692 15.0167 34 12.9069 2.05457 86.2232
346401 5.83741 31.3692 15.0167 34 12.9069 2.05457 86.2232
346414 5.82774 31.4457 15.2595 34 12.8155 2.07772 86.533
346419 5.76009 31.6849 15.3101 34 12.8565 2.05149 86.7551
346429 5.76009 31.6849 15.3101 34 12.8565 2.05149 86.7551
346439 5.84707 32.0197 15.3708 34 12.839 1.97806 87.2376
346448 5.84707 32.0197 15.3708 34 12.839 1.97806 87.2376
346465 5.87607 32.2302 15.5024 34 12.7989 1.9512 87.6086
346474 7.64468 32.7085 15.8565 34 11.9741 1.58021 90.2097
346482 7.64468 32.7085 15.8565 34 11.9741 1.58021 90.2097
346491 9.17169 32.9955 16.1196 34 11.2974 1.29257 92.2868
346504 11.6072 33.1964 16.2714 34 10.3386 0.862668 95.075
346510 11.6072 33.1964 16.2714 34 10.3386 0.862668 95.075
346527 13.7527 33.139 16.6256 34 9.42415 0.574343 97.5173
346531 13.7527 33.139 16.6256 34 9.42415 0.574343 97.5173
346540 15.9659 32.919 16.7167 34 8.59334 0.275872 99.6015
346549 18.3181 32.4119 16.8179 34 7.69982 0.0129801 101.548
346559 18.3181 32.4119 16.8179 34 7.69982 0.0129801 101.548
346570 20.6463 31.9623 16.8685 34 6.87291 -0.252249 103.477
346580 22.4935 31.3309 16.7673 34 6.23141 -0.438437 104.592
346591 22.4935 31.3309 16.7673 34 6.23141 -0.438437 104.592
346608 24.0521 30.5943 16.6458 33.2474 5.5347 -0.681996 104.54
346616 24.0521 30.5943 16.6458 33.2474 5.5347 -0.681996 104.54
346625 25.2835 29.6663 16.6458 30.382 4.44188 -1.16526 101.978
346635 26.7363 28.8436 16.8786 27.4103 3.16391 -1.69587 99.8687
346643 26.7363 28.8436 16.8786 27.4103 3.16391 -1.69587 99.8687
346651 28.2756 27.973 17.8389 24.5738 1.62989 -2.10355 98.6613
346669 29.94 27.1407 20.3252 22.2679 -0.214866 -2.18025 99.6738
346686 31.5467 26.3371 24.8026 20.5891 -2.28106 -1.81438 103.275
346701 31.5467 26.3371 24.8026 20.5891 -2.28106 -1.81438 103.275
346706 32.9128 25.2752 30.5737 19.277 -4.3814 -1.15755 108.039
346716 34 23.9741 34 17.6657 -6.01063 -0.863062 109.64
346726 34 23.9741 34 17.6657 -6.01063 -0.863062 109.64
346734 34 22.2425 34 15.7802 -7.0686 -0.914289 106.023
346743 34 20.2814 34 13.9601 -8.25459 -0.927398 102.242
346760 34 20.2814 34 13.9601 -8.25459 -0.927398 102.242
346772 34 18.1958 34 12.508 -9.44649 -0.864383 98.7038
346778 34 18.1958 34 12.508 -9.44649 -0.864383 98.7038
346786 34 16.9038 34 11.7722 -10.169 -0.796203 96.676
346795 34 15.8936 34 11.2785 -10.7248 -0.727386 95.1721
346821 34 14.7487 34 10.8138 -11.3393 -0.630853 93.5625
346831 34 13.2286 34 10.2523 -12.1662 -0.488031 91.4809
346841 34 13.2286 34 10.2523 -12.1662 -0.488031 91.4809
346851 34 11.4199 34 9.67141 -13.1631 -0.294389 89.0913
346861 34 11.4199 34 9.67141 -13.1631 -0.294389 89.0913
346869 34 9.53424 34 9.15831 -14.2191 -0.0650454 86.6926
346878 34 7.56197 34 8.75171 -15.3256 0.211664 84.3137
346886 34 7.56197 34 8.75171 -15.3256 0.211664 84.3137
346895 34 5.90719 34 8.2967 -16.3606 0.43602 82.2039
346913 34 4.60838 34 7.97722 -17.1912 0.62707 80.5856
346921 34 4.60838 34 7.97722 -17.1912 0.62707 80.5856
346930 34 4.10809 34 7.74487 -17.5783 0.683151 79.853
346940 34 3.94454 34 7.5803 -17.7539 0.685778 79.5248
346950 34 3.94454 34 7.5803 -17.7539 0.685778 79.5248
346960 34 3.9253 34 7.2705 -17.9316 0.633595 79.1958
346974 34 3.9253 34 7.2705 -17.9316 0.633595 79.1958
346977 34 3.9253 34 6.87358 -18.1478 0.561231 78.7989
346988 34 3.90606 34 6.60251 -18.3074 0.51519 78.5086
346998 34 3.90606 34 6.60251 -18.3074 0.51519 78.5086
347008 34 3.95416 34 6.37016 -18.4093 0.46269 78.3243
347018 34 4.03113 34 6.20558 -18.4579 0.416899 78.2367
347044 34 4.05999 34 5.97323 -18.5712 0.367776 78.0332
347052 34 4.05999 34 5.97323 -18.5712 0.367776 78.0332
347063 34 4.05999 34 5.76993 -18.685 0.329552 77.8299
347072 34 3.98302 34 5.62472 -18.8101 0.317305 77.6077
347085 34 3.98302 34 5.62472 -18.8101 0.317305 77.6077
347091 34 3.94454 34 5.56663 -18.8646 0.313908 77.5112
347100 34 3.99264 34 5.54727 -18.8484 0.30074 77.5399
347118 34 3.99264 34 5.54727 -18.8484 0.30074 77.5399
347132 34 4.02151 34 5.6828 -18.7556 0.320696 77.7043
347135 34 4.02151 34 5.6828 -18.7556 0.320696 77.7043
347144 34 4.12733 34 5.73121 -18.6689 0.308998 77.8585
347153 34 4.13696 34 6.00228 -18.5121 0.358077 78.1392
347161 34 4.13696 34 6.00228 -18.5121 0.358077 78.1392
347179 34 4.18506 34 6.22494 -18.3618 0.390235 78.41
347188 34 4.02151 34 6.37016 -18.372 0.449406 78.3917
347199 34 4.02151 34 6.37016 -18.372 0.449406 78.3917
347206 34 4.01188 34 6.42825 -18.3452 0.462077 78.4401
347216 34 4.01188 34 6.42825 -18.3452 0.462077 78.4401
347226 34 4.05037 34 6.36048 -18.3613 0.441923 78.4109
347235 34 3.99264 34 6.27335 -18.4416 0.437107 78.266
347245 34 3.99264 34 6.27335 -18.4416 0.437107 78.266
347252 34 4.07923 34 6.21526 -18.4258 0.40923 78.2945
347270 34 4.13696 34 6.32175 -18.3349 0.417697 78.4587
347280 34 4.13696 34 6.32175 -18.3349 0.417697 78.4587
347290 34 4.91624 34 6.5541 -17.7833 0.309144 79.4703
347300 34 4.91624 34 6.5541 -17.7833 0.309144 79.4703
347313 34 5.65705 34 6.80581 -17.2555 0.214155 80.4629
347319 34 6.68647 34 6.96071 -16.6426 0.050379 81.6472
347328 34 6.68647 34 6.96071 -16.6426 0.050379 81.6472
347338 34 7.98529 34 7.21241 -15.8665 -0.139345 83.1977
347346 34 9.45727 34 7.59966 -14.9732 -0.327594 85.0569
347359 34 9.45727 34 7.59966 -14.9732 -0.327594 85.0569
347364 34 11.1505 34 8.06435 -13.9842 -0.53079 87.2149
347393 34 13.1517 34 8.53872 -12.9082 -0.771479 89.6904
347403 34 15.0566 34 9.07118 -11.9053 -0.974529 92.1278
347430 34 16.8461 34 9.38098 -11.0831 -1.18837 94.2271
347438 34 18.4828 34 9.84567 -10.2959 -1.34495 96.3285
347441 34 18.4828 34 9.84567 -10.2959 -1.34495 96.3285
347450 34 20.3483 34 10.2523 -9.48254 -1.5359 98.6006
347460 34 22.1756 32.019 10.717 -8.37275 -2.03812 98.9116
347468 34 22.1756 32.019 10.717 -8.37275 -2.03812 98.9116
347483 34 24.0411 29.6237 11.0558 -7.22412 -2.63799 98.7206
347487 34 24.0411 29.6237 11.0558 -7.22412 -2.63799 98.7206
347507 34 25.6579 27.1778 11.4818 -6.11238 -3.20365 98.3174
347514 34 27.3416 24.651 11.9852 -4.93077 -3.78229 97.9778
347533 34 29.1306 22.1849 12.9146 -3.59864 -4.28043 98.23
347543 34 31.1204 19.9209 14.7927 -2.00527 -4.5686 99.8341
347561 34 33.2155 18.2027 18.3411 -0.155677 -4.43406 103.759
347570 34 33.2155 18.2027 18.3411 -0.155677 -4.43406 103.759
347579 34 34 17.1011 23.3002 1.42968 -3.81896 108.401
347600 32.4703 34 16.7268 28.9058 3.05717 -2.7882 112.103
347602 32.4703 34 16.7268 28.9058 3.05717 -2.7882 112.103
347609 29.6995 34 16.4232 33.8456 4.76512 -1.76768 113.968
347624 26.2552 34 15.9173 34 5.8607 -1.40752 110.172
347638 26.2552 34 15.9173 34 5.8607 -1.40752 110.172
347639 22.4261 34 15.3304 34 7.14932 -1.00643 105.757
347649 22.4261 34 15.3304 34 7.14932 -1.00643 105.757
347670 18.5297 34 14.5815 34 8.62632 -0.585716 101.111
347672 14.5549 34 13.6708 34 10.3336 -0.137805 96.2257
347695 10.892 34 13.0435 34 11.9825 0.35103 91.9354
347709 10.892 34 12.9827 34 12.0069 0.341349 91.8747
347713 7.81865 34 12.9827 34 13.2877 0.872299 88.8014
347721 5.92439 34 13.347 34 13.9589 1.27579 87.2714
347749 4.97726 34 13.9339 34 14.1204 1.54583 86.9112
347752 4.9386 34 14.3083 34 13.9699 1.6109 87.2469
347760 4.9386 34 14.3083 34 13.9699 1.6109 87.2469
347779 4.95793 34 14.278 34 13.9748 1.60256 87.2359
347781 4.95793 34 14.278 34 13.9748 1.60256 87.2359
347793 4.98692 34 14.197 34 13.998 1.5846 87.1839
347801 5.00625 33.933 14.2476 34 13.9583 1.60145 87.1869
347829 5.06424 33.7513 14.2577 34 13.9048 1.6266 87.0732
347838 5.16089 33.7608 14.0048 34 13.9759 1.56736 86.9265
347848 5.16089 33.7608 14.0048 34 13.9759 1.56736 86.9265
347862 5.29619 33.8852 13.8226 34 14.0127 1.4898 87.004
347865 5.27686 33.8852 13.6708 34 14.0896 1.46985 86.8329
347874 5.27686 33.8182 13.6708 34 14.0811 1.48256 86.7659
347886 5.33485 33.6747 13.7012 34 14.0233 1.50355 86.7108
347901 5.33485 33.6747 13.7012 34 14.0233 1.50355 86.7108
347903 5.35418 33.5025 13.7214 34 13.9836 1.53585 86.5781
347913 5.37351 33.359 13.8833 34 13.8838 1.58472 86.6159
347951 5.35418 33.3208 14.1667 34 13.7607 1.63949 86.8416
347959 5.35418 33.206 14.2577 34 13.7051 1.67551 86.8179
347962 5.35418 33.206 14.2577 34 13.7051 1.67551 86.8179
347965 5.2382 33.0338 14.278 34 13.7255 1.73414 86.5499
347974 5.2382 33.0338 14.278 34 13.7255 1.73414 86.5499
347993 5.14156 32.6989 14.4196 34 13.6615 1.83964 86.2601
347994 5.17055 32.4024 14.6929 34 13.4871 1.93355 86.2658
348033 5.04491 32.0962 14.7536 34 13.4751 2.02791 85.8947
348041 4.9386 31.7518 14.7333 34 13.4857 2.11468 85.4238
348050 4.85162 31.2735 14.5714 34 13.5337 2.20428 84.6965
348059 4.85162 31.2735 14.5714 34 13.5337 2.20428 84.6965
348067 4.78397 30.91 14.5714 34 13.5152 2.29231 84.2654
348082 4.67766 30.6421 14.7333 34 13.4531 2.39377 84.0531
348095 4.67766 30.6421 14.7333 34 13.4531 2.39377 84.0531
348096 4.639 30.4221 14.7738 34 13.422 2.45353 83.8349
348108 4.5037 30.3838 14.8649 34 13.437 2.50334 83.7524
348125 4.5037 30.3838 14.8649 34 13.437 2.50334 83.7524
348134 4.52302 30.4221 14.6018 34 13.5544 2.45192 83.5469
348144 4.52302 30.4221 14.6018 34 13.5544 2.45192 83.5469
348157 4.66799 30.5273 14.531 34 13.5347 2.38915 83.7262
348161 6.7942 30.7952 14.7637 34 12.5176 1.94104 86.3531
348170 6.7942 30.7952 14.7637 34 12.5176 1.94104 86.3531
348180 9.02672 30.8621 15.3708 34 11.3334 1.59344 89.2597
348189 11.6458 30.8908 16.3119 34 9.94444 1.25612 92.8486
348208 11.6458 30.8908 16.3119 34 9.94444 1.25612 92.8486
348210 14.3422 30.5943 17.3639 34 8.53792 1.00114 96.3004
348219 14.3422 30.5943 17.3639 34 8.53792 1.00114 96.3004
348229 18.2122 30.1829 18.5059 34 6.80487 0.611116 100.901
348239 23.1285 29.5037 19.8401 34 4.82171 0.170177 106.472
348258 23.1285 29.5037 19.8401 34 4.82171 0.170177 106.472
348266 27.8908 28.3365 20.9822 32.6493 2.75646 -0.354438 109.859
348279 31.768 26.7963 22.0535 28.6067 0.361985 -1.08548 109.224
348284 31.768 26.7963 22.0535 28.6067 0.361985 -1.08548 109.224
348293 34 24.9308 23.1754 24.5641 -1.80005 -1.57372 106.67
348303 34 24.9308 23.1754 24.5641 -1.80005 -1.57372 106.67
348310 34 23.3714 24.4084 20.3575 -3.59307 -1.85124 102.137
348329 34 21.9842 25.975 16.2933 -5.52085 -2.09398 98.2526
348338 34 21.9842 25.975 16.2933 -5.52085 -2.09398 98.2526
348346 34 20.664 28.8353 12.8952 -7.59277 -2.01259 96.3946
348355 34 19.6021 32.9388 10.6686 -9.43017 -1.54226 97.2095
348364 34 19.6021 32.9388 10.6686 -9.43017 -1.54226 97.2095
348373 34 18.8751 34 9.02278 -10.4544 -1.54106 95.8979
348391 34 18.8751 34 9.02278 -10.4544 -1.54106 95.8979
348393 34 18.2054 34 8.08371 -11.0593 -1.61021 94.2891
348406 34 17.1531 34 7.72551 -11.6069 -1.52256 92.8786
348421 34 17.1531 34 7.72551 -11.6069 -1.52256 92.8786
348423 34 15.7012 34 7.43508 -12.3068 -1.36051 91.1363
348433 34 13.9983 34 7.0672 -13.1742 -1.1673 89.0655
348458 34 13.9983 34 7.0672 -13.1742 -1.1673 89.0655
348459 34 12.1896 34 6.51538 -14.2134 -0.981641 86.705
348468 34 10.2654 34 5.98292 -15.3569 -0.76248 84.2483
348483 34 10.2654 34 5.98292 -15.3569 -0.76248 84.2483
348486 34 8.33164 34 5.58599 -16.5051 -0.502757 81.9176
348494 34 8.33164 34 5.58599 -16.5051 -0.502757 81.9176
348513 34 6.4652 34 5.11162 -17.726 -0.255145 79.5768
348521 34 4.91624 34 4.87927 -18.7043 -0.00712842 77.7955
348532 34 4.91624 34 4.87927 -18.7043 -0.00712842 77.7955
348539 34 3.68478 34 4.85991 -19.4185 0.230284 76.5447
348549 34 3.05942 34 4.80182 -19.8187 0.344526 75.8612
348559 34 3.05942 34 4.80182 -19.8187 0.344526 75.8612
348566 34 2.94397 34 4.93736 -19.8068 0.394049 75.8813
348584 34 2.94397 34 4.93736 -19.8068 0.394049 75.8813
348593 34 2.90549 34 4.88895 -19.8582 0.392536 75.7944
348601 34 2.85739 34 4.87927 -19.8924 0.400445 75.7367
348611 34 2.85739 34 4.87927 -19.8924 0.400445 75.7367
348619 34 2.84776 34 4.84055 -19.9211 0.394932 75.6883
348635 34 2.7708 34 4.66629 -20.0707 0.3769 75.4371
348646 34 2.7708 34 4.66629 -20.0707 0.3769 75.4371
348648 34 2.71307 34 4.56948 -20.1632 0.369887 75.2825
348661 34 2.71307 34 4.56948 -20.1632 0.369887 75.2825
348668 34 2.60724 34 4.44362 -20.3026 0.367028 75.0509
348686 34 2.60724 34 4.4049 -20.326 0.359473 75.0121
348711 34 2.5399 34 4.32745 -20.4137 0.358145 74.8673
348714 34 2.43407 34 4.27904 -20.5074 0.370413 74.7131
348722 34 2.43407 34 4.27904 -20.5074 0.370413 74.7131
348737 34 2.49179 34 4.26936 -20.4782 0.35665 74.7612
348740 34 2.49179 34 4.26936 -20.4782 0.35665 74.7612
348749 34 2.43407 34 4.23064 -20.5369 0.360927 74.6647
348763 34 2.45331 34 4.31777 -20.4721 0.374034 74.7711
348769 34 2.45331 34 4.31777 -20.4721 0.374034 74.7711
348790 34 2.49179 34 4.52107 -20.3256 0.405786 75.0129
348798 34 2.43407 34 4.68565 -20.2611 0.449599 75.1197
348806 34 2.43407 34 4.68565 -20.2611 0.449599 75.1197
348818 34 2.48217 34 4.85991 -20.1275 0.473387 75.3421
348825 34 2.48217 34 4.85991 -20.1275 0.473387 75.3421
348834 34 2.39559 34 4.97608 -20.1098 0.513555 75.3717
348846 34 2.32824 34 5.10194 -20.0748 0.551575 75.4302
348853 34 2.32824 34 5.10194 -20.0748 0.551575 75.4302
348862 34 2.3571 34 5.20843 -19.9941 0.565998 75.5655
348872 34 2.3571 34 5.3246 -19.925 0.588153 75.6817
348899 34 2.3571 34 5.3246 -19.925 0.588153 75.6817
348900 34 2.55914 34 5.5279 -19.6857 0.585269 76.0871
348901 34 2.55914 34 5.5279 -19.6857 0.585269 76.0871
348923 34 4.53141 34 5.85706 -18.3737 0.253669 78.3885
348929 34 5.176 34 5.98292 -17.9516 0.152904 79.1589
348938 34 5.176 34 5.98292 -17.9516 0.152904 79.1589
348949 34 6.47482 34 6.10877 -17.1922 -0.068137 80.5836
348955 34 7.95642 34 6.31207 -16.3281 -0.299814 82.2685
348964 34 7.95642 34 6.31207 -16.3281 -0.299814 82.2685
348975 34 10.0826 34 6.64123 -15.1304 -0.609283 84.7239
348984 34 10.0826 34 7.24146 -14.8481 -0.499477 85.3241
349002 34 12.6706 34 7.24146 -13.675 -0.926351 87.9121
349004 34 15.2201 34 8.01595 -12.266 -1.18443 91.2361
349014 34 15.2201 34 8.01595 -12.266 -1.18443 91.2361
349033 34 17.4783 34 8.67426 -11.1116 -1.40263 94.1526
349034 34 19.516 34 9.17768 -10.1626 -1.60378 96.6937
349052 34 19.516 34 9.17768 -10.1626 -1.60378 96.6937
349063 34 21.4581 34 9.50683 -9.35561 -1.81144 98.9649
349078 34 21.4581 34 10.0006 -9.18506 -1.72798 99.4586
349081 34 23.3905 34 10.0006 -8.53351 -1.98094 101.391
349089 34 25.323 32.6962 11.4721 -7.22309 -2.19652 103.491
349105 34 25.323 32.6962 11.4721 -7.22309 -2.19652 103.491
349107 34 27.2746 30.3918 14.3958 -5.35567 -2.3317 106.062
349115 34 29.2454 28.1076 17.9648 -3.40691 -2.35638 109.318
349144 34 30.7856 25.2574 21.2452 -1.62341 -2.46428 111.288
349159 33.3458 32.0771 21.8817 24.0914 0.211179 -2.61901 111.396
349171 31.3543 33.3686 18.9608 26.7446 2.21822 -2.58324 110.428
349187 31.3543 33.3686 18.9608 26.7446 2.21822 -2.58324 110.428
349189 28.9298 34 17.1415 29.0216 3.88436 -2.30539 109.093
349198 26.515 34 16.4131 30.9994 5.11254 -1.82101 107.928
349214 26.515 34 16.4131 30.9994 5.11254 -1.82101 107.928
349225 25.5625 34 16.15 32.1958 5.67224 -1.5592 107.908
349241 25.0815 34 15.7351 33.0641 6.08253 -1.42967 107.881
349243 25.0815 34 15.7351 33.0641 6.08253 -1.42967 107.881
349251 24.2252 34 15.5024 34 6.56108 -1.21457 107.728
349268 24.2252 34 15.5024 34 6.56108 -1.21457 107.728
349270 22.8495 34 15.2798 34 7.03641 -1.06988 106.129
349295 20.9157 34 14.9458 34 7.7359 -0.862184 103.862
349297 20.9157 34 14.9458 34 7.7359 -0.862184 103.862
349299 18.5874 34 14.5917 34 8.60378 -0.59238 101.179
349309 16.1882 34 14.197 34 9.55804 -0.303576 98.3852
349322 16.1882 34 14.197 34 9.55804 -0.303576 98.3852
349338 13.8977 34 14.0048 34 10.4527 0.0167513 95.9024
349349 13.8977 34 14.0048 34 10.4527 0.0167513 95.9024
349351 11.8005 34 13.9137 34 11.2805 0.338246 93.7141
349376 10.1381 34 14.025 34 11.8911 0.632604 92.1631
349378 10.1381 34 14.025 34 11.8911 0.632604 92.1631
349385 8.73678 34 14.197 34 12.3898 0.900695 90.9338
349402 7.92496 34 14.3589 34 12.659 1.06896 90.2839
349413 7.83798 34 14.4298 34 12.6657 1.09537 90.2677
349429 7.83798 34 14.4298 34 12.6657 1.09537 90.2677
349440 7.77999 34 14.3589 34 12.7196 1.0948 90.1389
349441 7.64468 34 14.2982 34 12.8018 1.10962 89.9429
349457 7.64468 34 14.2982 34 12.8018 1.10962 89.9429
349461 7.51904 34 14.0452 34 12.9616 1.09299 89.5643
349484 7.24844 34 13.8327 34 13.1674 1.1087 89.0812
349485 7.24844 34 13.8327 34 13.1674 1.1087 89.0812
349491 6.96816 34 13.6 34 13.3885 1.12318 88.5682
349511 6.96816 34 13.6 34 13.3885 1.12318 88.5682
349513 6.60091 34 13.4685 34 13.6059 1.16968 88.0694
349523 6.33997 34 13.519 34 13.6984 1.22567 87.859
349541 6.33997 34 13.519 34 13.6984 1.22567 87.859
349542 6.15634 34 13.6405 34 13.7258 1.27866 87.7968
349552 6.02103 34 13.7518 34 13.7364 1.32115 87.7728
349570 6.02103 34 13.7518 34 13.7364 1.32115 87.7728
349579 5.95338 34 13.7923 34 13.7484 1.34004 87.7457
349593 5.95338 34 13.7923 34 13.7484 1.34004 87.7457
349596 5.96305 34 13.8732 34 13.7084 1.35084 87.8363
349606 5.92439 34 14.0149 34 13.663 1.38001 87.9393
349622 5.92439 34 14.0149 34 13.663 1.38001 87.9393
349624 5.93405 34 14.1161 34 13.6144 1.39387 88.0501
349650 5.90506 34 14.2577 34 13.565 1.42112 88.1628
349653 5.90506 34 14.2577 34 13.565 1.42112 88.1628
349663 5.80841 34 14.531 34 13.4879 1.48108 88.3394
349679 5.80841 34 14.531 34 13.4879 1.48108 88.3394
349681 5.77942 34 14.8042 34 13.3818 1.52818 88.5836
349694 5.66344 33.8661 15.0268 34 13.318 1.60869 88.5563
349695 5.66344 33.8661 15.0268 34 13.318 1.60869 88.5563
349708 5.58613 33.2251 15.1988 34 13.1917 1.77041 88.01
349716 6.05003 32.7181 15.806 34 12.6623 1.86926 88.574
349735 6.05003 32.7181 15.806 34 12.6623 1.86926 88.574
349737 7.04548 32.1441 16.2208 34 11.989 1.85067 89.4104
349746 7.04548 32.1441 16.2208 34 11.989 1.85067 89.4104
349765 8.29221 31.5605 16.6256 34 11.23 1.78599 90.4783
349774 9.75156 31.1396 17.2224 34 10.3583 1.68236 92.1135
349788 9.75156 31.1396 17.2224 34 10.3583 1.68236 92.1135
349791 11.2592 30.623 17.7883 34 9.49481 1.58633 93.6705
349800 12.9989 29.8959 18.2735 34 8.56996 1.47823 95.1682
349816 12.9989 29.8959 18.2735 34 8.56996 1.47823 95.1682
349819 14.7868 28.8723 18.9102 34 7.55292 1.43697 96.5693
349829 16.6811 28.8723 21.0529 34 6.2467 1.41635 100.606
349844 16.6811 27.5329 21.0529 34 5.99367 1.63784 99.2669
349849 18.5393 26.3945 26.2378 34 3.71235 2.18272 105.172
349874 18.5393 26.3945 26.2378 34 3.71235 2.18272 105.172
349876 20.4731 25.7057 32.9185 34 1.39571 2.75069 113.097
349884 22.2241 25.2178 34 31.8774 0.192174 2.4403 113.319
349902 22.2241 25.2178 34 31.8774 0.192174 2.4403 113.319
349905 23.85 24.5864 34 27.5165 -1.30674 1.78441 109.953
349914 25.2643 23.5245 34 22.9722 -3.01804 1.16065 105.761
349933 26.4092 22.1851 34 19.2866 -4.64695 0.690849 101.881
349941 26.4092 22.1851 34 19.2866 -4.64695 0.690849 101.881
349958 27.4482 20.7501 34 16.4966 -6.13038 0.349292 98.6949
349969 28.343 19.0855 34 14.783 -7.3989 0.211181 96.2115
349971 28.343 19.0855 34 14.783 -7.3989 0.211181 96.2115
349986 29.1511 17.3731 34 13.9795 -8.41197 0.23099 94.5037
350000 29.9496 18.0332 34 13.7375 -8.40442 -0.0384495 95.7203
350003 29.9496 15.5761 34 13.7375 -9.28449 0.355724 93.2632
350016 30.4884 13.7193 34 13.7084 -10.08 0.571291 91.9161
350021 30.4884 13.7193 34 13.7084 -10.08 0.571291 91.9161
350031 30.9598 11.824 34 13.7278 -10.8848 0.819338 90.5116
350050 31.4409 10.0345 34 13.7181 -11.6848 1.04986 89.1935
350074 31.7102 8.25467 34 13.6503 -12.4993 1.31577 87.6153
350077 31.7102 8.25467 34 13.6503 -12.4993 1.31577 87.6153
350086 31.8353 6.78268 34 13.5535 -13.2002 1.55542 86.1715
350103 31.9027 5.64743 34 13.3502 -13.8118 1.73147 84.9003
350105 31.9027 5.64743 34 13.3502 -13.8118 1.73147 84.9003
350113 32.1239 5.22411 34 13.0888 -14.1558 1.73043 84.4369
350133 32.4126 5.09904 34 12.8081 -14.3814 1.65379 84.3197
350163 32.6146 5.13752 34 12.4208 -14.5701 1.54481 84.173
350170 32.73 5.04131 34 11.9755 -14.8403 1.46946 83.7469
350179 32.5184 4.95473 34 11.7916 -14.9439 1.49856 83.2647
350195 32.5184 4.95473 34 11.7916 -14.9439 1.49856 83.2647
350198 32.1047 4.81041 34 11.6076 -15.0524 1.58002 82.5227
350206 31.8546 4.72383 34 11.2882 -15.2207 1.59585 81.8665
350225 31.8546 4.72383 34 11.2882 -15.2207 1.59585 81.8665
350226 31.7583 4.6661 34 11.0752 -15.3427 1.59217 81.4996
350255 31.9027 4.6661 34 10.93 -15.4317 1.5389 81.4987
350256 31.9027 4.63724 34 10.93 -15.446 1.54475 81.4699
350257 32.0855 4.65648 34 10.6589 -15.5926 1.45888 81.4008
350285 32.0855 4.65648 34 10.6589 -15.5926 1.45888 81.4008
350287 32.4318 4.64686 34 10.4556 -15.7386 1.35715 81.5342
350288 32.8263 4.64686 34 10.262 -15.8798 1.24589 81.7351
350314 32.8263 4.64686 34 10.262 -15.8798 1.24589 81.7351
350316 33.1149 4.77193 34 9.98121 -15.9897 1.11663 81.868
350317 33.1149 4.77193 34 9.98121 -15.9897 1.11663 81.868
350344 33.2496 4.65648 34 10.0006 -16.0526 1.11612 81.9066
350346 33.2111 4.7142 34 10.1458 -15.9469 1.13691 82.0711
350353 33.2111 4.7142 34 10.1458 -15.9469 1.13691 82.0711
350361 32.9802 4.69496 34 10.5718 -15.719 1.25779 82.2469
350376 32.9802 4.74307 34 10.8525 -15.5568 1.29503 82.5758
350379 32.9802 4.74307 34 10.8525 -15.5568 1.29503 82.5758
350388 32.9225 4.68534 34 11.0655 -15.4741 1.3531 82.6733
350406 32.7493 4.6661 34 11.2978 -15.3498 1.42948 82.7132
350410 32.7493 4.6661 34 11.2978 -15.3498 1.42948 82.7132
350418 32.4607 4.618 34 11.414 -15.2828 1.51565 82.4927
350436 32.4607 4.618 34 11.414 -15.2828 1.51565 82.4927
350437 32.1336 4.53141 34 11.6367 -15.1775 1.63515 82.3016
350448 31.4409 4.4352 34 11.9755 -14.9753 1.85081 81.8516
350467 31.4409 4.4352 34 11.9755 -14.9753 1.85081 81.8516
350475 30.5942 4.51217 34 12.3337 -14.6575 2.0679 81.4401
350484 29.6995 5.93605 34 12.9339 -13.5733 2.05252 82.5695
350498 29.6995 5.93605 34 12.9339 -13.5733 2.05252 82.5695
350501 28.4295 5.89757 34 13.3405 -13.2217 2.39019 81.6677
350510 28.4295 5.89757 34 13.3405 -13.2217 2.39019 81.6677
350529 27.4194 6.44595 34 13.7859 -12.6108 2.55732 81.6512
350538 26.3995 6.88851 34 14.3474 -11.9935 2.76706 81.6354
350539 26.3995 6.88851 34 14.3474 -11.9935 2.76706 81.6354
350560 25.5337 7.87946 34 15.0251 -11.1081 2.84066 82.4382
350561 24.7351 9.1013 34 15.6446 -10.1787 2.84044 83.4811
350589 24.7351 9.1013 34 15.6446 -10.1787 2.84044 83.4811
350590 24.0521 10.6599 34 16.2062 -9.18121 2.73691 84.9181
350592 24.0521 10.6599 34 16.2062 -9.18121 2.73691 84.9181
350619 23.2535 11.9106 34 16.5256 -8.40746 2.68903 85.6898
350620 22.4935 12.9015 34 16.7967 -7.772 2.68036 86.1917
350622 22.4935 12.9015 34 16.7967 -7.772 2.68036 86.1917
350649 21.8104 13.8444 34 16.8645 -7.25318 2.63693 86.5192
350651 21.2524 14.9123 34 16.8354 -6.75422 2.52943 87.0001
350666 20.9157 16.0475 34 16.7483 -6.30472 2.35746 87.7115
350685 20.6848 17.2392 34 16.6031 -5.88593 2.14835 88.527
350694 20.6559 18.6359 34 16.3126 -5.49843 1.84491 89.6045
350713 20.6559 18.6359 34 16.3126 -5.49843 1.84491 89.6045
350721 20.7233 20.157 34 16.1674 -5.05197 1.53005 91.0477
350723 20.9445 21.9938 34 16.3223 -4.45751 1.18764 93.2607
350744 21.5218 24.0028 34 16.8064 -3.81824 0.822442 96.331
350774 21.5218 24.0028 34 16.8064 -3.81824 0.822442 96.331
350775 22.1856 26.1649 34 17.7911 -3.05307 0.515365 100.142
350776 22.6378 28.2983 33.1813 19.441 -1.95057 0.244246 103.558
350783 22.6378 28.2983 33.1813 19.441 -1.95057 0.244246 103.558
350805 23.0323 30.3838 30.2503 21.5443 -0.321853 -0.231178 105.211
350809 23.0323 30.3838 27.3698 21.5443 0.372818 -0.659921 102.33
350819 23.571 32.278 27.3698 24.3133 1.31367 -0.581121 107.532
350836 24.1483 34 24.0951 26.9376 2.90668 -0.977585 109.181
350838 24.1483 34 24.0951 26.9376 2.90668 -0.977585 109.181
350845 24.3311 34 20.9114 29.5426 4.20556 -1.08615 108.785
350867 24.1675 34 18.5868 32.794 5.48609 -0.92928 109.548
350883 23.3882 34 17.1617 34 6.32199 -0.860412 108.55
350897 21.8104 34 16.3625 34 7.02323 -0.769676 106.173
350902 21.8104 34 16.3625 34 7.02323 -0.769676 106.173
350909 19.5495 34 15.3607 34 8.0385 -0.610552 102.91
350929 19.5495 34 15.3607 34 8.0385 -0.610552 102.91
350931 16.6811 34 14.2476 34 9.36819 -0.36897 98.9287
350936 13.801 34 13.2661 34 10.7642 -0.0844064 95.0671
350959 13.801 34 13.2661 34 10.7642 -0.0844064 95.0671
350960 11.1529 34 12.5173 34 12.0895 0.223246 91.6702
350966 9.10404 34 11.9304 34 13.1875 0.476164 89.0344
350995 7.56737 34 11.4952 34 14.0524 0.676732 87.0626
350996 7.56737 34 11.4952 34 14.0524 0.676732 87.0626
351021 6.68789 34 11.303 34 14.5391 0.805044 85.9909
351023 6.39795 34 11.2625 34 14.6916 0.85183 85.6605
351035 6.39795 34 11.2625 34 14.6916 0.85183 85.6605
351053 6.37862 34 11.1815 34 14.7381 0.842026 85.5602
351054 6.195 34 11.1815 34 14.8236 0.876099 85.3765
351063 6.195 34 11.1815 34 14.8236 0.876099 85.3765
351083 6.05969 34 11.1006 34 14.9247 0.887897 85.1603
351085 6.05969 34 11.1006 34 14.9247 0.887897 85.1603
351092 5.82774 34 11.0601 34 15.0528 0.924581 84.8879
351100 5.78908 34 11.1006 34 15.052 0.938542 84.8897
351119 5.61512 34 11.0095 34 15.1774 0.956174 84.6246
351129 5.60546 34 10.9185 34 15.2253 0.942868 84.5239
351148 5.60546 34 10.9185 34 15.2253 0.942868 84.5239
351149 5.59579 34 10.8274 34 15.2733 0.92953 84.4232
351179 5.59579 34 10.8274 34 15.2733 0.92953 84.4232
351181 5.67311 34 10.6756 34 15.3089 0.889606 84.3487
351184 5.76976 34 10.6756 34 15.2627 0.871423 84.4454
351192 5.76976 34 10.6756 34 15.2627 0.871423 84.4454
351212 5.88573 34 10.7363 34 15.1787 0.859807 84.622
351213 6.0307 34 10.9589 34 15.0049 0.869794 84.9896
351223 6.0307 34 10.9589 34 15.0049 0.869794 84.9896
351244 6.06936 34 11.2119 34 14.8681 0.904516 85.2813
351249 6.06936 34 11.2119 34 14.8681 0.904516 85.2813
351258 6.13701 34 11.2827 34 14.8034 0.903608 85.4197
351275 6.10802 34 11.3131 34 14.8028 0.914015 85.4211
351276 6.10802 34 11.3131 34 14.8028 0.914015 85.4211
351284 6.05003 34 11.4345 34 14.7733 0.944819 85.4846
351307 6.05969 34 11.4649 34 14.7547 0.948007 85.5246
351309 6.05969 34 11.4649 34 14.7547 0.948007 85.5246
351321 6.02103 34 11.6167 34 14.7021 0.980111 85.6377
351323 6.02103 34 11.6167 34 14.7021 0.980111 85.6377
351339 5.87607 34 11.647 34 14.7553 1.01218 85.5231
351344 5.75043 34 11.556 34 14.8563 1.02083 85.3064
351354 5.75043 34 11.556 34 14.8563 1.02083 85.3064
351371 5.69244 34 11.475 34 14.9214 1.01844 85.1674
351374 5.62479 34 11.6065 34 14.8914 1.05274 85.2313
351401 5.62479 34 11.6065 34 14.8914 1.05274 85.2313
351406 5.61512 34 12.0214 34 14.7027 1.12212 85.6366
351409 5.61512 34 12.0214 34 14.7027 1.12212 85.6366
351417 7.82831 34 12.6589 34 13.4236 0.818866 88.4872
351433 9.42297 34 13.3571 34 12.4531 0.650062 90.7801
351445 11.7231 32.8903 13.9643 34 11.1266 0.542931 92.5777
351465 14.1973 31.9719 14.6018 34 9.80596 0.385031 94.7709
351496 17.2886 31.5127 15.0268 34 8.48357 0.0345755 97.8281
351497 17.2886 31.5127 15.0268 34 8.48357 0.0345755 97.8281
351502 20.9157 31.2257 15.1786 34 7.18798 -0.438624 101.32
351511 24.5427 30.9004 15.2494 34 5.99571 -0.887415 104.693
351529 24.5427 30.9004 15.2494 34 5.99571 -0.887415 104.693
351531 27.5637 30.3264 15.4619 30.9319 4.37093 -1.6536 104.284
351541 30.2383 29.4176 16.403 26.5516 2.27267 -2.44145 102.61
351562 30.2383 29.4176 16.403 26.5516 2.27267 -2.44145 102.61
351564 33.1534 28.0974 18.9507 22.5573 -0.352606 -2.88191 102.759
351573 34 27.3512 22.9227 19.0165 -2.55471 -2.81904 103.29
351595 34 27.3512 22.9227 19.0165 -2.55471 -2.81904 103.29
351598 34 27.5521 27.6225 16.0513 -4.28107 -2.54857 105.226
351602 34 27.5521 27.6225 16.0513 -4.28107 -2.54857 105.226
351611 34 28.0974 31.7259 14.0279 -5.47065 -2.27307 107.851
351630 34 28.4896 34 13.2534 -5.98147 -2.08253 109.743
351632 34 28.4896 34 13.2534 -5.98147 -2.08253 109.743
351641 34 27.9921 34 13.3212 -6.10326 -2.01315 109.313
351663 34 27.9921 34 13.3212 -6.10326 -2.01315 109.313
351665 34 26.6145 34 13.2534 -6.52003 -1.85798 107.868
351670 34 24.462 34 12.8855 -7.27413 -1.64833 105.348
351680 34 24.462 34 12.8855 -7.27413 -1.64833 105.348
351697 34 21.9747 34 12.3337 -8.23286 -1.41351 102.308
351700 34 19.2386 34 11.7916 -9.33297 -1.12799 99.0302
351710 34 19.2386 34 11.7916 -9.33297 -1.12799 99.0302
351732 34 16.5478 34 11.3269 -10.463 -0.816838 95.8747
351733 34 13.8636 34 11.201 -11.5337 -0.429151 93.0646
351740 34 13.8636 34 11.201 -11.5337 -0.429151 93.0646
351765 34 11.4392 34 11.2591 -12.4869 -0.0297779 90.6983
351767 34 11.4392 34 11.2591 -12.4869 -0.0297779 90.6983
351779 34 9.31296 34 11.2978 -13.37 0.336 88.6108
351798 34 8.00453 34 11.5011 -13.8546 0.599379 87.5057
351808 34 7.35993 34 11.8303 -13.9952 0.76907 87.1902
351832 34 7.30221 34 11.9174 -13.982 0.793723 87.2196
351833 34 7.30221 34 11.9174 -13.982 0.793723 87.2196
351838 34 7.33107 34 11.9755 -13.9432 0.797955 87.3066
351848 34 7.33107 34 11.9755 -13.9432 0.797955 87.3066
351866 34 7.38879 34 11.9562 -13.9261 0.784366 87.3449
351868 34 7.52349 34 11.8593 -13.9092 0.744288 87.3828
351874 34 7.52349 34 11.8593 -13.9092 0.744288 87.3828
351884 34 7.49462 34 11.5205 -14.0737 0.693995 87.0151
351901 34 7.47538 34 11.1913 -14.2307 0.643147 86.6667
351920 34 7.47538 34 10.8815 -14.3715 0.591645 86.3569
351938 34 7.47538 34 10.8815 -14.3715 0.591645 86.3569
351939 34 7.4369 34 10.5137 -14.5576 0.536955 85.9506
351946 34 7.59083 34 10.1264 -14.6653 0.443712 85.7173
351971 34 7.59083 34 10.1264 -14.6653 0.443712 85.7173
351974 34 7.81211 34 9.69077 -14.7647 0.329579 85.5029
351975 34 8.11036 34 9.2164 -14.8468 0.194437 85.3268
351985 34 8.11036 34 9.2164 -14.8468 0.194437 85.3268
352004 34 8.34126 34 8.92597 -14.8746 0.102861 85.2672
352014 34 8.34126 34 8.92597 -14.8746 0.102861 85.2672
352016 34 8.52405 34 8.68394 -14.9024 0.0281471 85.208
352037 34 8.8223 34 8.55809 -14.8218 -0.0464183 85.3804
352046 34 9.01471 34 8.38383 -14.8133 -0.110813 85.3985
352071 34 8.99547 34 8.30638 -14.8585 -0.121175 85.3018
352074 34 8.99547 34 8.30638 -14.8585 -0.121175 85.3018
352078 34 9.00509 34 8.00626 -14.9947 -0.176241 85.0114
352105 34 9.01471 34 7.86105 -15.0585 -0.203885 84.8758
352107 34 9.01471 34 7.86105 -15.0585 -0.203885 84.8758
352109 34 8.94737 34 7.79328 -15.1224 -0.204286 84.7407
352139 34 8.94737 34 7.79328 -15.1224 -0.204286 84.7407
352141 34 8.76457 34 7.61902 -15.2922 -0.203633 84.3836
352143 34 8.71647 34 7.50285 -15.3708 -0.216154 84.2193
352172 34 8.71647 34 7.50285 -15.3708 -0.216154 84.2193
352174 34 8.80306 34 7.54157 -15.3108 -0.224344 84.3446
352184 34 9.9768 34 7.65774 -14.7036 -0.406213 85.6345
352206 34 11.5931 34 7.92882 -13.8474 -0.628005 87.5219
352207 34 11.5931 34 7.92882 -13.8474 -0.628005 87.5219
352210 34 13.2671 34 8.35478 -12.9372 -0.822177 89.6219
352220 34 14.9604 33.7473 9.14863 -11.8768 -0.990312 91.8563
352239 34 14.9604 33.7473 9.14863 -11.8768 -0.990312 91.8563
352241 34 17.0191 33.1611 9.97153 -10.6664 -1.25645 94.1518
352250 34 17.0191 32.5446 10.7944 -10.2617 -1.2209 94.3581
352274 34 19.6021 32.5446 10.7944 -9.32216 -1.58805 96.9411
352276 34 21.8694 31.2105 11.3366 -8.12986 -2.03052 98.4165
352280 34 21.8694 31.2105 11.3366 -8.12986 -2.03052 98.4165
352290 34 23.5819 29.6641 11.84 -7.12569 -2.43392 99.086
352310 34 25.1508 27.7337 12.3337 -6.11005 -2.88507 99.2182
352319 34 25.1508 27.7337 12.3337 -6.11005 -2.88507 99.2182
352322 34 26.7198 25.7628 12.5661 -5.16842 -3.3909 99.0486
352344 34 28.327 23.7515 13.0888 -4.11822 -3.8551 99.1673
352346 34 28.327 23.7515 13.0888 -4.11822 -3.8551 99.1673
352351 34 30.2212 21.7301 14.0182 -2.87355 -4.27223 99.9695
352381 34 30.2212 21.7301 14.0182 -2.87355 -4.27223 99.9695
352382 34 32.2684 19.7996 15.6156 -1.45441 -4.55135 101.684
352383 33.6055 34 18.3847 18.3218 0.0794709 -4.44327 104.312
352404 33.6055 34 18.3847 18.3218 0.0794709 -4.44327 104.312
352434 30.8347 34 17.1112 25.3842 2.66428 -3.12205 107.33
352436 30.8347 34 17.1112 25.3842 2.66428 -3.12205 107.33
352438 29.2858 34 16.3524 28.9444 3.98457 -2.48507 108.583
352457 29.2858 34 16.3524 28.9444 3.98457 -2.48507 108.583
352459 27.2462 34 15.7655 33.0255 5.45586 -1.69786 110.037
352471 24.7255 34 15.1482 34 6.51833 -1.33174 107.874
352493 24.7255 34 15.1482 34 6.51833 -1.33174 107.874
352494 21.9643 34 14.6423 34 7.50273 -1.04995 104.607
352497 19.0685 34 13.9845 34 8.64571 -0.754647 101.053
352507 19.0685 34 13.9845 34 8.64571 -0.754647 101.053
352529 16.2945 34 13.519 34 9.76001 -0.425623 97.8135
352534 16.2945 34 13.519 34 9.76001 -0.425623 97.8135
352536 13.714 34 13.1548 34 10.839 -0.0884297 94.8688
352545 11.2013 34 12.8815 34 11.9233 0.273714 92.0828
352566 11.2013 34 12.8815 34 11.9233 0.273714 92.0828
352568 8.79477 34 12.7399 34 12.9741 0.660936 89.5347
352575 6.82319 34 12.6083 34 13.8876 0.992514 87.4315
352604 5.42183 34 12.578 34 14.535 1.24817 85.9998
352606 5.42183 34 12.578 34 14.535 1.24817 85.9998
352615 4.56168 34 12.7095 34 14.8728 1.43328 85.2712
352636 4.27175 34 12.9726 34 14.8853 1.53105 85.2444
352643 4.27175 34 12.9726 34 14.8853 1.53105 85.2444
352651 4.15577 34 13.0536 34 14.9017 1.56634 85.2093
352673 4.15577 34 13.0536 34 14.9017 1.56634 85.2093
352674 4.09778 34 13.0637 34 14.9242 1.57922 85.1615
352680 3.99147 34 13.0738 34 14.9693 1.60153 85.0653
352709 3.89483 34 13.0131 34 15.0434 1.61085 84.9079
352711 3.77885 34 12.8107 34 15.1941 1.60159 84.5896
352716 3.77885 34 12.8107 34 15.1941 1.60159 84.5896
352745 3.72086 33.8661 12.5071 34 15.3513 1.59111 84.0941
352747 3.69187 33.8661 12.2137 34 15.5066 1.54988 83.7716
352754 3.69187 33.5982 12.2137 34 15.4761 1.60297 83.5038
352781 3.61455 33.4069 11.9 34 15.645 1.60608 82.9214
352783 3.61455 33.4069 11.9 34 15.645 1.60608 82.9214
352784 3.53724 33.139 11.5054 34 15.848 1.61151 82.1816
352792 3.40193 32.9477 11.0804 34 16.1075 1.60827 81.4299
352819 3.40193 32.9477 11.0804 34 16.1075 1.60827 81.4299
352820 3.39227 33.0816 10.8881 34 16.2242 1.55126 81.362
352822 3.34395 33.3303 10.9589 34 16.2396 1.52229 81.6332
352829 3.34395 33.3303 10.9589 34 16.2396 1.52229 81.6332
352854 3.36327 33.6078 11.1917 34 16.1426 1.5008 82.1627
352855 3.36327 33.6078 11.1917 34 16.1426 1.5008 82.1627
352859 3.37294 33.7895 11.4446 34 16.0313 1.50389 82.6071
352891 3.33428 33.9617 11.6369 34 15.9739 1.50861 82.9329
352891 3.33428 33.9617 11.6369 34 15.9739 1.50861 82.9329
352895 3.36327 34 11.7988 34 15.884 1.52152 83.1621
