569644 7.66401 6.91737 9.15774 7.69647 -1.7559 1.08451 31.4356
569655 8.09892 5.99377 9.10714 6.17654 -4.28554 0.608135 29.3764
569665 8.63047 5.03169 9.44107 4.918 -7.24616 0.373058 28.0212
569691 9.278 4.34861 10.3619 4.08542 -9.97889 0.438509 28.0739
569696 9.278 4.34861 10.3619 4.08542 -9.97889 0.438509 28.0739
569706 10.0028 3.87719 11.6774 3.64009 -12.1268 0.738473 29.1975
569727 10.689 3.4635 13.2155 3.59169 -13.6059 1.28617 30.9597
569732 10.689 3.4635 13.2155 3.59169 -13.6059 1.28617 30.9597
569742 11.3559 3.12677 14.3994 3.54328 -14.7148 1.60061 32.4253
569751 11.7811 2.76118 15.0268 3.33998 -15.7303 1.7432 32.9091
569758 11.7811 2.76118 15.0268 3.33998 -15.7303 1.7432 32.9091
569767 12.1774 2.32824 15.381 3.31093 -16.5066 1.89153 33.1975
569776 12.1774 2.32824 15.381 3.31093 -16.5066 1.89153 33.1975
569786 12.2837 2.02037 15.4417 3.09795 -17.2081 1.93442 32.8437
569796 12.245 1.77985 15.0369 2.90433 -17.6732 1.83774 31.9661
569808 12.245 1.77985 15.0369 2.90433 -17.6732 1.83774 31.9661
569817 12.1967 1.68364 14.9155 2.90433 -17.7635 1.86409 31.7001
569828 12.0711 1.70289 14.8244 2.87528 -17.727 1.87097 31.4736
569838 12.0711 1.70289 14.8244 2.87528 -17.727 1.87097 31.4736
569847 11.9068 1.6644 14.8244 2.91401 -17.6885 1.99647 31.3096
569860 11.9068 1.6644 14.8244 2.91401 -17.6885 1.99647 31.3096
569867 11.6652 1.57782 14.6423 2.92369 -17.6945 2.10474 30.8089
569880 11.2689 1.46237 14.5613 2.92369 -17.7422 2.35985 30.2163
569892 11.2689 1.46237 14.5613 2.92369 -17.7422 2.35985 30.2163
569901 10.7374 1.35654 14.3589 2.89465 -17.7572 2.63721 29.3475
569917 10.3121 1.23147 14.3488 2.84624 -17.9055 2.94976 28.7386
569925 10.3121 1.23147 14.3488 2.84624 -17.9055 2.94976 28.7386
569928 9.81922 1.09677 14.5512 2.95273 -17.8756 3.4771 28.4199
569947 9.81922 1.09677 14.5512 2.95273 -17.8756 3.4771 28.4199
569956 9.47129 0.981324 14.8446 3.04954 -17.8901 3.93779 28.3468
569965 9.25867 0.885116 15.1887 3.1754 -17.8783 4.32528 28.5079
569971 9.25867 0.885116 15.1887 3.1754 -17.8783 4.32528 28.5079
569980 9.04605 0.923599 15.4821 3.19476 -17.8118 4.55932 28.6466
569990 8.96873 0.846633 15.806 3.30125 -17.8293 4.81899 28.9226
570000 8.96873 0.846633 15.806 3.30125 -17.8293 4.81899 28.9226
570010 8.87209 0.856254 16.0994 3.41743 -17.6934 5.02057 29.2452
570020 8.87209 0.856254 16.0994 3.41743 -17.6934 5.02057 29.2452
570031 8.76578 0.760045 16.3929 3.52392 -17.7249 5.29384 29.4426
570041 8.82376 0.769666 16.5952 3.55296 -17.733 5.32323 29.7416
570053 8.82376 0.769666 16.5952 3.55296 -17.733 5.32323 29.7416
570062 8.77544 0.779287 16.7167 3.63041 -17.6264 5.4139 29.9018
570071 8.71745 0.798529 16.6762 3.59169 -17.6299 5.41496 29.7839
570081 8.71745 0.798529 16.6762 3.59169 -17.6299 5.41496 29.7839
570091 8.6498 0.721562 16.5446 3.47551 -17.8601 5.43462 29.3915
570101 8.6498 0.721562 16.5446 3.47551 -17.8601 5.43462 29.3915
570111 8.54349 0.721562 16.4637 3.49487 -17.7859 5.4888 29.2236
570121 8.4855 0.683079 16.3625 3.66913 -17.5476 5.58029 29.2002
570147 8.69812 1.76061 16.1702 4.08542 -15.4832 4.78453 30.7144
570157 8.69812 2.85739 16.2411 6.66059 -11.1887 4.93924 34.4572
570162 8.69812 2.85739 16.2411 6.66059 -11.1887 4.93924 34.4572
570172 8.60148 4.07923 16.3321 10.5911 -6.47869 5.39437 39.604
570185 8.60148 4.07923 16.3321 10.5911 -6.47869 5.39437 39.604
570192 7.722 4.05999 13.175 9.64237 -5.19854 4.78421 34.5994
570203 6.84252 4.4833 9.92679 8.00626 -3.65679 3.38729 29.2589
570213 6.84252 4.4833 9.92679 8.00626 -3.65679 3.38729 29.2589
570228 6.05003 4.90662 7.8625 7.97722 -0.959724 2.73343 26.7964
570233 5.39284 5.49349 6.77976 9.44875 2.55362 2.95531 27.1148
570245 5.39284 5.49349 6.77976 9.44875 2.55362 2.95531 27.1148
570256 4.67766 6.11885 6.08155 11.3075 5.91362 3.50848 28.1856
570265 4.67766 6.11885 6.08155 11.3075 5.91362 3.50848 28.1856
570275 3.95281 6.42671 5.93988 13.6987 8.52214 4.62675 30.0182
570293 3.13132 6.77306 6.20298 15.9448 10.4389 5.72974 32.0521
570296 3.13132 6.77306 6.20298 15.9448 10.4389 5.72974 32.0521
570308 2.46447 7.03282 6.45595 17.5596 11.691 6.49822 33.5128
570316 1.82661 7.08093 6.66845 18.6595 12.5932 7.19447 34.2355
570329 1.82661 7.08093 6.66845 18.6595 12.5932 7.19447 34.2355
570336 1.15975 6.89813 6.7494 19.3927 13.4369 7.93169 34.2
570346 0.512223 6.68647 6.83036 19.9523 14.1962 8.64473 33.9814
570365 0.512223 6.68647 6.83036 19.9523 14.1962 8.64473 33.9814
570375 0.115975 6.43633 6.90119 20.1935 14.5724 9.1579 33.647
570383 0.115975 6.43633 6.90119 20.1935 14.5724 9.1579 33.647
570395 0 6.19581 6.8506 19.9909 14.632 9.37381 33.0373
570400 0 5.96491 6.56726 19.4313 14.7269 9.40151 31.9635
570408 0 5.96491 6.56726 19.4313 14.7269 9.40151 31.9635
570417 0 5.69553 6.40536 18.727 14.6111 9.45743 30.8279
570432 0 5.43577 6.23333 18.1095 14.5339 9.52383 29.7786
570441 0 5.43577 6.23333 18.1095 14.5339 9.52383 29.7786
570448 0 5.29145 6.05119 17.7333 14.5941 9.54037 29.0759
570461 0 5.29145 6.05119 17.7333 14.5941 9.54037 29.0759
570472 0 5.19525 6.10179 17.4535 14.3884 9.57897 28.7505
570478 0 5.16638 6.20298 17.4631 14.2431 9.62441 28.8325
570489 0 5.16638 6.20298 17.4631 14.2431 9.62441 28.8325
570498 0 5.176 6.22321 17.4438 14.2119 9.61637 28.843
570513 0 5.23373 6.2131 17.5403 14.283 9.58339 28.9871
570520 0 5.23373 6.2131 17.5403 14.283 9.58339 28.9871
570530 0 5.176 6.4256 17.6464 14.0153 9.69092 29.248
570541 0 5.176 6.4256 17.6464 14.0153 9.69092 29.248
570550 0 5.16638 6.36488 17.8201 14.1574 9.71944 29.3514
570560 0 5.13752 6.52679 17.9745 13.9894 9.79987 29.6388
570570 0 5.13752 6.52679 17.9745 13.9894 9.79987 29.6388
570582 0.00966458 5.15676 6.56726 18.0323 13.9523 9.79296 29.766
570594 0 5.01245 6.5369 17.9455 13.9186 9.90171 29.4949
570601 0 5.01245 6.5369 17.9455 13.9186 9.90171 29.4949
570617 0 4.99321 6.50655 17.8587 13.9188 9.89768 29.3584
570621 0 4.99321 6.50655 17.8587 13.9188 9.89768 29.3584
570631 0 4.80079 6.48631 17.7043 13.8134 10.0322 28.9914
570661 0 4.78155 6.35476 17.5692 13.9311 10.0028 28.7056
570667 0 4.78155 6.35476 17.5692 13.9311 10.0028 28.7056
570690 0 4.8489 6.30417 17.5982 14.0367 9.9405 28.7512
570700 0 4.90662 6.38512 17.7911 14.0225 9.93865 29.0829
570710 0 4.90662 6.38512 17.7911 14.0225 9.93865 29.0829
570713 0 4.95473 6.4256 17.8876 14.0228 9.92135 29.268
570722 0 5.03169 6.4256 18.0034 14.0946 9.8762 29.4607
570741 0 5.03169 6.4256 18.0034 14.0946 9.8762 29.4607
570743 0 5.13752 6.41548 17.685 14.0289 9.72859 29.238
570753 0 5.32032 6.17262 17.3184 14.2879 9.46018 28.8113
570763 0 5.32032 6.17262 17.3184 14.2879 9.46018 28.8113
570773 0 5.43577 5.80833 16.574 14.5602 9.13789 27.8181
570786 0 5.43577 5.80833 16.574 14.5602 9.13789 27.8181
570795 0.270608 5.32032 7.10357 15.8673 12.0908 9.12755 28.5618
570805 3.73053 6.02264 15.4012 16.4482 2.00654 7.9669 41.6025
570815 3.73053 6.02264 15.4012 16.4482 2.00654 7.9669 41.6025
570825 4.70665 5.69553 14.2881 12.2756 -0.692256 6.55802 36.9659
570835 5.42183 5.21449 11.4446 7.88041 -3.14703 4.34997 29.9614
570846 5.42183 5.21449 11.4446 7.88041 -3.14703 4.34997 29.9614
570857 6.52359 5.01245 11.3637 5.58599 -6.39692 2.85071 28.4857
570871 6.52359 5.01245 11.3637 5.58599 -6.39692 2.85071 28.4857
570876 7.90563 5.03169 12.9726 4.918 -8.86255 2.41013 30.8279
570886 9.1137 5.08942 14.3185 4.88895 -10.067 2.24673 33.4105
570907 9.1137 5.08942 14.3185 4.88895 -10.067 2.24673 33.4105
570910 9.79022 4.77193 15.5125 4.98576 -11.0845 2.53966 35.0604
570918 10.1092 4.29089 16.6762 5.04385 -12.0782 3.03986 36.1201
570927 10.1092 4.29089 16.6762 5.04385 -12.0782 3.03986 36.1201
570945 9.76123 3.33843 16.7976 4.75342 -13.3237 3.65853 34.6507
570948 9.76123 3.33843 16.5446 4.75342 -13.2378 3.57512 34.3977
570960 9.14269 2.37634 16.5446 4.29841 -14.6874 4.32173 32.3621
570972 8.62081 1.41426 16.656 4.07574 -16.078 5.21502 30.7668
570983 8.62081 1.41426 16.656 4.07574 -16.078 5.21502 30.7668
570988 8.23422 1.00057 17.0303 4.20159 -16.4625 5.90667 30.4667
571004 7.91529 0.885116 17.3133 4.30809 -16.4647 6.32161 30.4218
571011 7.91529 0.885116 17.3133 4.30809 -16.4647 6.32161 30.4218
571026 7.49005 0.740804 17.4548 4.33713 -16.5432 6.7754 30.0228
571033 7.49005 0.740804 17.4548 4.33713 -16.5432 6.7754 30.0228
571042 7.03582 0.481041 17.5256 4.37585 -16.7451 7.3345 29.4183
571051 6.64923 0.384833 17.6064 4.33713 -16.8524 7.71776 28.9776
571060 6.64923 0.384833 17.6064 4.33713 -16.8524 7.71776 28.9776
571080 6.38829 0.327108 17.849 4.44362 -16.7769 8.05495 29.008
571081 6.20466 0.2309 18.1522 4.49203 -16.8794 8.36079 29.0798
571093 6.20466 0.2309 18.1522 4.49203 -16.8794 8.36079 29.0798
571100 6.0307 0.202037 18.2229 4.55979 -16.7943 8.55578 29.0155
571116 5.99204 0.221279 18.132 4.50171 -16.8137 8.53834 28.847
571123 5.99204 0.221279 18.132 4.50171 -16.8137 8.53834 28.847
571131 5.8954 0.240521 18.0612 4.48235 -16.7661 8.58156 28.6795
571141 5.8954 0.240521 18.0612 4.48235 -16.7661 8.58156 28.6795
571151 5.95338 0.250141 18.0107 4.43394 -16.8248 8.50375 28.6482
571163 6.05969 0.269383 17.9602 4.46298 -16.7704 8.39626 28.7522
571185 6.195 0.288625 17.9096 4.52107 -16.6829 8.27293 28.9143
571195 6.44628 0.34635 17.849 4.43394 -16.7795 7.99141 29.0756
571208 6.44628 0.34635 17.849 4.43394 -16.7795 7.99141 29.0756
571213 6.64923 0.413696 17.8086 4.39522 -16.7843 7.76011 29.2667
571240 6.88118 0.47142 17.7985 4.34681 -16.8329 7.52224 29.4979
571243 7.07447 0.481041 17.7479 4.35649 -16.845 7.35786 29.6599
571253 7.07447 0.481041 17.7479 4.35649 -16.845 7.35786 29.6599
571263 7.27743 0.58687 17.5256 4.29841 -16.7724 7.05312 29.6883
571275 7.37408 0.625354 17.4649 4.22096 -16.8372 6.91577 29.6853
571288 7.37408 0.625354 17.4649 4.22096 -16.8372 6.91577 29.6853
571298 7.51904 0.644595 17.2527 4.08542 -16.9835 6.69848 29.5017
571305 7.51904 0.644595 17.2527 4.08542 -16.9835 6.69848 29.5017
571315 7.53837 0.625354 17.0606 4.01765 -17.0611 6.62466 29.242
571325 7.5867 0.683079 17.1011 4.01765 -17.0024 6.55815 29.3885
571335 7.5867 0.683079 17.1011 4.01765 -17.0024 6.55815 29.3885
571345 7.57703 0.615733 17.0303 3.95957 -17.1609 6.57777 29.1827
571365 7.57703 0.57725 16.7571 3.94021 -17.1712 6.52115 28.8516
571368 7.57703 0.57725 16.7571 3.94021 -17.1712 6.52115 28.8516
571376 7.68334 0.654216 16.656 4.29841 -16.5461 6.46089 29.2919
571388 7.68334 0.654216 16.656 4.29841 -16.5461 6.46089 29.2919
571398 8.23422 2.36672 16.3119 5.38269 -13.0024 5.15256 32.2955
571411 9.1137 5.44539 17.5458 11.2785 -5.72548 4.93225 43.3833
571422 9.1137 5.44539 17.5458 11.2785 -5.72548 4.93225 43.3833
571433 8.44685 5.46463 14.0756 10.5911 -4.19064 4.18186 38.5782
571441 7.61569 6.31126 9.81548 8.25797 -2.23586 1.94364 32.0004
571450 7.61569 6.31126 9.81548 8.25797 -2.23586 1.94364 32.0004
571458 6.74588 6.90775 6.60774 7.4254 0.884482 0.205606 27.6868
571467 6.74588 6.90775 6.60774 7.4254 0.884482 0.205606 27.6868
571482 5.93405 7.74477 4.98869 8.8582 5.15902 0.0915903 27.5257
571487 5.18022 8.70685 4.59405 10.8525 8.33948 0.797458 29.3336
571498 5.18022 8.70685 4.59405 10.8525 8.33948 0.797458 29.3336
571509 4.7743 9.43803 4.89762 12.4596 9.68155 1.49425 31.5695
571521 4.27175 9.96718 5.23155 13.7375 10.6912 2.13658 33.2079
571539 3.59522 10.275 5.29226 14.4151 11.7658 2.6076 33.5777
571548 3.59522 10.275 5.29226 14.4151 11.7658 2.6076 33.5777
571565 2.77374 10.1596 5.19107 14.6765 12.8589 3.17107 32.8009
571570 2.03923 9.89021 5.14048 14.9863 13.8014 3.83578 32.0562
571582 2.03923 9.89021 5.14048 14.9863 13.8014 3.83578 32.0562
571590 1.51734 9.47651 5.37321 15.2768 14.1123 4.57726 31.6438
571608 1.2564 9.1013 5.50476 15.5188 14.2274 5.0982 31.3813
571610 1.2564 9.1013 5.50476 15.5188 14.2274 5.0982 31.3813
571620 1.15009 8.6395 5.53512 15.3155 14.0908 5.41496 30.6402
571633 0.956794 8.07187 5.43393 15.2477 14.2449 5.8833 29.7103
571648 0.956794 8.07187 5.43393 15.2477 14.2449 5.8833 29.7103
571658 0.792496 7.53311 5.45417 15.1606 14.2077 6.36956 28.9404
571670 0.792496 7.53311 5.45417 15.1606 14.2077 6.36956 28.9404
571672 0.686185 7.04244 5.40357 15.1122 14.2195 6.79097 28.2444
571683 0.579875 6.77306 5.56548 15.238 14.0871 7.16563 28.1565
571691 0.579875 6.77306 5.56548 15.238 14.0871 7.16563 28.1565
571709 0.560546 6.61913 5.56548 15.3155 14.0843 7.32411 28.0606
571712 0.57021 6.5614 5.63631 15.3445 13.9613 7.38955 28.1125
571740 0.579875 6.59027 5.56548 15.3736 14.0688 7.34755 28.1092
571744 0.579875 6.59027 5.56548 15.3736 14.0688 7.34755 28.1092
571752 0.599204 6.71534 5.5756 15.4607 14.11 7.25997 28.3508
571771 0.599204 6.98472 5.59583 15.5188 14.2067 7.07215 28.6986
571784 0.599204 6.98472 5.59583 15.5188 14.2067 7.07215 28.6986
571789 0.734508 7.24448 5.61607 15.5382 14.1008 6.78362 29.1332
571797 0.811825 7.56197 5.62619 15.5285 14.0986 6.49249 29.5285
571810 0.811825 7.56197 5.62619 15.5285 14.0986 6.49249 29.5285
571815 1.01478 7.8987 5.50476 15.5866 14.1358 6.08795 30.0048
571825 1.01478 7.8987 5.50476 15.5866 14.1358 6.08795 30.0048
571837 0.947129 8.13922 5.4744 15.451 14.3016 5.91722 30.0118
571846 1.07277 8.21619 5.38333 15.3833 14.2597 5.72821 30.0555
571859 1.07277 8.21619 5.38333 15.3833 14.2597 5.72821 30.0555
571870 1.01478 8.37974 5.3631 15.1896 14.3515 5.58893 29.9473
571876 1.01478 8.42784 5.23155 15.0347 14.4874 5.46485 29.7089
571887 1.01478 8.42784 5.23155 15.0347 14.4874 5.46485 29.7089
571896 1.08243 8.37974 5.18095 14.8702 14.3889 5.38178 29.5133
571909 1.08243 8.37974 5.18095 14.8702 14.3889 5.38178 29.5133
571916 1.10176 8.42784 5.11012 14.754 14.4333 5.27383 29.3937
571926 1.07277 8.44709 5.06964 14.6862 14.5094 5.24462 29.2757
571947 1.08243 8.50481 5.1506 14.7056 14.4152 5.23153 29.4434
571962 1.10176 8.60102 5.19107 14.9186 14.446 5.23617 29.8124
571967 1.10176 8.60102 5.19107 14.9186 14.446 5.23617 29.8124
571977 1.13076 8.57216 5.29226 15.1025 14.3297 5.32858 30.0977
571987 1.12109 8.57216 5.34286 15.1122 14.2797 5.35443 30.1483
571997 1.12109 8.54329 5.34286 15.1122 14.2695 5.37393 30.1194
572009 1.10176 8.50481 5.49464 15.209 14.1185 5.49175 30.3102
572017 1.10176 8.50481 5.49464 15.209 14.1185 5.49175 30.3102
572032 1.83627 8.78381 5.82857 15.0347 12.8272 4.8803 31.4834
572038 3.19898 9.09168 10.878 15.8576 6.96477 5.55201 39.0263
572065 4.9676 9.06282 12.4768 14.3571 3.6557 4.69974 40.8643
572068 4.9676 9.06282 12.4768 14.3571 3.6557 4.69974 40.8643
572080 4.87095 7.96604 9.88631 10.8719 3.03664 3.53675 33.5952
572088 4.86128 6.90775 7.96369 7.87073 1.76926 2.20917 27.6035
572104 4.86128 6.90775 7.96369 7.87073 1.76926 2.20917 27.6035
572108 5.2672 6.16695 7.94345 5.8861 -1.14551 1.42224 25.2637
572129 6.28198 5.73401 9.16786 4.86959 -4.65028 1.16383 26.0534
572155 7.43206 5.50311 10.9286 4.4533 -7.41975 1.29606 28.3171
572158 8.66913 5.3588 12.9524 4.54043 -9.29727 1.64886 31.5207
572165 8.66913 5.3588 12.9524 4.54043 -9.29727 1.64886 31.5207
572183 9.46163 4.88738 14.369 4.62756 -10.7328 2.09065 33.3456
572185 9.46163 4.88738 14.369 4.62756 -10.7328 2.09065 33.3456
572192 9.9062 4.01188 14.9155 4.46298 -12.2737 2.45989 33.2965
572208 10.0318 3.10753 15.1482 4.21128 -13.7399 2.87093 32.4989
572213 10.0318 3.10753 15.1482 4.21128 -13.7399 2.87093 32.4989
572223 9.98351 2.37634 15.3607 3.97893 -14.9758 3.30279 31.6995
572236 9.82888 1.80872 15.3708 3.91116 -15.7504 3.70852 30.9196
572242 9.82888 1.80872 15.3708 3.91116 -15.7504 3.70852 30.9196
572252 9.68391 1.54895 15.4417 3.83371 -16.1783 3.95427 30.5082
572263 9.68391 1.54895 15.4417 3.83371 -16.1783 3.95427 30.5082
572273 9.5776 1.40464 15.381 3.77563 -16.406 4.06834 30.1388
572289 9.47129 1.37578 15.3101 3.7369 -16.4487 4.1145 29.8941
572301 9.47129 1.37578 15.3101 3.7369 -16.4487 4.1145 29.8941
572303 9.4423 1.41426 15.3911 3.76595 -16.3702 4.14835 30.0136
572315 9.38431 1.40464 15.5327 3.87244 -16.2614 4.28041 30.1941
572323 9.38431 1.40464 15.5327 3.87244 -16.2614 4.28041 30.1941
572343 9.26833 1.40464 15.5429 3.90148 -16.1909 4.3686 30.1173
572345 9.26833 1.40464 15.5429 3.90148 -16.1909 4.3686 30.1173
572353 9.22968 1.40464 15.5327 3.90148 -16.1766 4.38992 30.0685
572368 9.12337 1.42388 15.472 3.92084 -16.0743 4.43165 29.9401
572375 9.12337 1.42388 15.472 3.92084 -16.0743 4.43165 29.9401
572393 9.10404 1.44312 15.4417 3.84339 -16.1396 4.39352 29.8322
572395 8.9494 1.34692 15.4518 3.97893 -16.0421 4.60914 29.727
572405 8.9494 1.34692 15.4518 3.97893 -16.0421 4.60914 29.727
572420 8.88175 1.36616 15.4923 3.96925 -16.0207 4.65186 29.7094
572425 8.88175 1.36616 15.4923 3.96925 -16.0207 4.65186 29.7094
572446 8.76578 1.34692 15.5429 3.94989 -16.0543 4.75253 29.6054
572448 8.71745 1.30843 15.5631 3.97893 -16.059 4.8276 29.5679
572456 8.71745 1.30843 15.5631 3.97893 -16.059 4.8276 29.5679
572472 8.62081 1.31805 15.5226 4.01765 -15.95 4.88553 29.4791
572476 8.47584 1.27957 15.5226 3.99829 -15.9861 5.00345 29.2763
572486 8.47584 1.27957 15.5226 3.99829 -15.9861 5.00345 29.2763
572505 8.39852 1.18336 15.5226 3.99829 -16.0977 5.12272 29.1028
572522 8.39852 1.18336 15.5226 3.99829 -16.0977 5.12272 29.1028
572524 8.26322 1.12564 15.6339 3.99829 -16.1721 5.29444 29.0211
572531 8.16657 1.09677 15.725 4.00797 -16.1976 5.41601 28.9963
572548 8.16657 1.09677 15.725 4.00797 -16.1976 5.41601 28.9963
572550 8.10858 1.05829 15.7452 4.08542 -16.1308 5.51622 28.9975
572560 8.07959 1.05829 15.9881 4.10478 -16.1684 5.62164 29.2308
572575 8.07959 1.05829 15.9881 4.10478 -16.1684 5.62164 29.2308
572578 8.0216 0.962083 16.1399 4.14351 -16.2776 5.79134 29.2671
572589 8.0216 0.962083 16.1399 4.14351 -16.2776 5.79134 29.2671
572600 7.96362 1.02943 16.3119 4.17255 -16.1764 5.84755 29.4775
572613 7.90563 0.942841 16.5042 4.25 -16.2291 6.03276 29.6026
572627 7.90563 0.942841 16.5042 4.25 -16.2291 6.03276 29.6026
572631 7.82831 0.952462 16.6054 4.35649 -16.0752 6.14324 29.7426
572640 8.00227 1.68364 16.7268 4.85023 -14.5501 5.70536 31.2629
572653 8.00227 1.68364 16.7268 4.85023 -14.5501 5.70536 31.2629
572662 8.00227 2.36672 16.4232 5.46014 -12.8662 5.35512 32.2523
572678 7.86697 1.28919 17.6671 10.4846 -9.22073 7.63735 37.3078
572681 7.86697 3.75212 17.6671 10.4846 -7.1015 6.23546 39.7708
572690 7.45139 4.63724 16.6863 12.8565 -3.98976 6.28882 41.6314
572704 7.45139 4.63724 16.6863 12.8565 -3.98976 6.28882 41.6314
572715 5.87607 4.39672 12.4363 10.746 -2.36858 5.78815 33.4551
572721 4.25242 4.46406 9.07679 9.7779 0.827646 5.51566 27.5712
572732 4.25242 4.46406 9.07679 9.7779 0.827646 5.51566 27.5712
572741 2.81239 4.82003 6.67857 10.9687 6.22807 5.94241 25.2797
572757 1.556 4.82003 5.27202 12.963 11.1281 7.22784 24.611
572761 1.556 5.61856 5.27202 12.963 11.5641 6.5293 25.4096
572773 1.03411 6.59027 5.43393 15.209 13.5591 6.90827 28.2673
572785 1.03411 6.59027 5.43393 15.209 13.5591 6.90827 28.2673
572793 0.9278 7.67742 6.13214 17.1737 13.9381 6.91011 31.911
572813 0.908471 8.51443 6.56726 18.399 14.1307 6.77976 34.3891
572813 0.908471 8.51443 6.56726 18.399 14.1307 6.77976 34.3891
572822 0.908471 8.89926 6.54702 18.7367 14.377 6.61527 35.0914
572840 0.898806 9.13016 6.45595 18.4569 14.4757 6.38942 34.9418
572847 0.898806 9.13016 6.45595 18.4569 14.4757 6.38942 34.9418
572856 0.840819 9.02433 6.18274 17.7622 14.6132 6.24656 33.8101
572875 0.860148 8.79344 5.86905 16.9613 14.6423 6.08458 32.4839
572883 0.734508 8.41822 5.48452 16.0609 14.8707 6.05544 30.6982
572903 0.734508 8.41822 5.48452 16.0609 14.8707 6.05544 30.6982
572922 0.599204 8.16808 5.21131 15.3542 15.0955 6.0333 29.3328
572925 0.599204 8.16808 5.21131 15.3542 15.0955 6.0333 29.3328
572933 0.483229 7.72552 4.8875 14.6475 15.3208 6.12367 27.7437
572949 0.483229 7.72552 4.8875 14.6475 15.3208 6.12367 27.7437
572955 0.560546 7.68704 4.95833 14.6959 15.1102 6.13221 27.9018
572965 0.541217 7.69666 5.1506 15.0154 14.9806 6.29919 28.4039
572979 0.541217 7.69666 5.1506 15.0154 14.9806 6.29919 28.4039
572985 0.58954 7.80249 5.28214 15.2284 14.8423 6.28931 28.9025
573007 0.666856 7.75439 5.50476 15.422 14.4855 6.39167 29.348
573009 0.666856 7.75439 5.50476 15.422 14.4855 6.39167 29.348
573016 0.637862 7.7159 5.58571 15.4704 14.4192 6.47861 29.4099
573034 0.637862 7.7159 5.58571 15.4704 14.4192 6.47861 29.4099
573036 0.705514 7.64856 5.59583 15.5285 14.3119 6.4981 29.4784
573046 0.666856 7.6678 5.62619 15.451 14.3019 6.49868 29.4119
573063 0.666856 7.6678 5.62619 15.451 14.3019 6.49868 29.4119
573071 0.705514 7.62932 5.56548 15.2961 14.2607 6.43577 29.1964
573076 0.657192 7.62932 5.43393 15.1993 14.4689 6.40397 28.9198
573091 0.657192 7.62932 5.43393 15.1993 14.4689 6.40397 28.9198
573097 0.69585 7.68704 5.49464 15.1025 14.3194 6.32207 28.98
573120 0.705514 7.65818 5.45417 14.9476 14.2933 6.27736 28.7655
573127 0.792496 7.81211 5.42381 15.0541 14.3126 6.12394 29.0825
573148 0.792496 7.81211 5.42381 15.0541 14.3126 6.12394 29.0825
573149 0.782831 7.84097 5.46429 14.996 14.2603 6.10462 29.0841
573162 0.753837 7.86984 5.45417 15.0735 14.3521 6.12526 29.1513
573180 0.821489 7.97567 5.45417 15.1219 14.3174 6.01512 29.3732
573188 0.821489 7.97567 5.45417 15.1219 14.3174 6.01512 29.3732
573201 0.724844 8.09111 5.49464 15.2284 14.4724 6.04644 29.539
573213 0.831154 8.26429 5.525 15.3639 14.4009 5.89981 29.9843
573230 0.831154 8.26429 5.525 15.3639 14.4009 5.89981 29.9843
573235 0.821489 8.34126 5.53512 15.3639 14.4274 5.85608 30.0618
573245 0.821489 8.34126 5.37321 15.3639 14.6409 5.80657 29.8999
573260 0.821489 8.45671 5.37321 15.1122 14.5935 5.64811 29.7636
573263 0.918135 8.47595 5.32262 14.57 14.3454 5.37713 29.2867
573273 0.918135 8.47595 5.32262 14.57 14.3454 5.37713 29.2867
573288 1.65264 8.77419 5.18095 13.4374 13.2363 4.23038 29.0451
573291 3.21831 9.01471 8.99583 12.8081 7.05752 4.21787 34.0369
573301 3.21831 9.01471 8.99583 12.8081 7.05752 4.21787 34.0369
573317 5.96305 9.50538 11.2726 10.7944 2.04082 2.63695 37.5355
573322 6.81353 9.01471 9.97738 7.21241 -0.426874 0.61855 33.018
573331 6.81353 9.01471 9.97738 7.21241 -0.426874 0.61855 33.018
573347 7.79932 8.62988 10.3214 5.39237 -3.18771 -0.333854 32.143
573351 7.79932 8.62988 10.3214 5.39237 -3.18771 -0.333854 32.143
573361 9.1137 7.91794 11.9607 5.05353 -5.95002 -0.00766575 34.0459
573375 9.81922 6.87889 12.7905 4.72437 -8.04259 0.358084 34.213
573387 9.81922 6.87889 12.7905 4.72437 -8.04259 0.358084 34.213
573404 10.0318 5.50311 13.4381 4.38554 -10.1783 1.02913 33.3586
573406 10.0318 4.07923 14.45 4.31777 -12.2304 2.12448 32.8788
573412 10.0318 4.07923 14.45 4.31777 -12.2304 2.12448 32.8788
573433 9.83854 2.75156 15.047 4.21128 -14.0688 3.1406 31.8484
573448 9.50028 1.76061 15.2292 4.0951 -15.4272 3.95455 30.5852
573464 9.18135 1.23147 15.2292 4.00797 -16.1645 4.46425 29.65
573467 9.18135 1.23147 15.2292 4.00797 -16.1645 4.46425 29.65
573477 9.08471 1.1545 15.4214 4.06606 -16.2191 4.66666 29.7267
573492 8.96873 1.1545 15.3911 4.06606 -16.1756 4.73316 29.5804
573493 8.96873 1.09677 15.3911 4.07574 -16.2426 4.77509 29.5323
573503 8.73678 1.08715 15.4518 4.0467 -16.2459 4.94905 29.3224
573521 8.73678 1.08715 15.4518 4.0467 -16.2459 4.94905 29.3224
573523 8.57248 0.990945 15.3202 3.97893 -16.3905 5.0597 28.8626
573533 8.27288 0.952462 15.2696 4.02733 -16.2704 5.29671 28.5223
573550 8.27288 0.952462 15.2696 4.02733 -16.2704 5.29671 28.5223
573558 8.42752 0.962083 15.2595 3.94989 -16.4123 5.15043 28.599
573581 8.55315 1.01981 15.1988 3.85308 -16.4884 4.96715 28.6248
573582 8.55315 1.01981 15.1988 3.85308 -16.4884 4.96715 28.6248
573586 8.83343 1.01019 15.1179 3.91116 -16.4775 4.77203 28.8726
573610 8.83343 1.01019 15.1179 3.91116 -16.4775 4.77203 28.8726
573612 9.04605 1.08715 15.047 3.91116 -16.4093 4.55031 29.0914
573616 9.22001 1.1545 15.0976 3.92084 -16.3664 4.41123 29.393
573641 9.22001 1.1545 15.0976 3.92084 -16.3664 4.41123 29.393
573643 9.24901 1.19298 15.1482 3.85308 -16.4309 4.36057 29.4433
573653 9.33599 1.14488 15.0065 3.83371 -16.5102 4.27647 29.3211
573657 9.33599 1.14488 15.0065 3.83371 -16.5102 4.27647 29.3211
573671 9.42297 1.25071 14.8244 3.79499 -16.3876 4.06873 29.2931
573677 9.42297 1.25071 14.8244 3.79499 -16.3876 4.06873 29.2931
573687 9.40364 1.21222 14.7738 3.79499 -16.4215 4.08756 29.1847
573702 9.50995 1.29881 14.7738 3.75626 -16.385 3.94766 29.3388
573708 9.50995 1.29881 14.7738 3.75626 -16.385 3.94766 29.3388
573718 9.51961 1.22184 14.875 3.77563 -16.4986 4.03638 29.3921
573733 9.40364 1.24109 14.9458 3.79499 -16.431 4.13269 29.3855
573764 9.31666 1.17374 15.0976 3.82403 -16.5039 4.2999 29.412
573765 9.31666 1.17374 15.1786 3.82403 -16.5272 4.32927 29.493
573774 9.21035 1.12564 15.1786 3.86276 -16.5098 4.44493 29.3773
573780 9.06538 1.13526 15.381 3.99829 -16.3226 4.65449 29.5799
573794 9.06538 1.13526 15.381 3.99829 -16.3226 4.65449 29.5799
573800 9.03638 1.16412 15.6643 4.05638 -16.2762 4.77262 29.9212
573810 9.08471 1.33729 15.9577 4.47267 -15.5843 4.86594 30.8524
573824 9.08471 1.33729 15.9577 4.47267 -15.5843 4.86594 30.8524
573830 9.32632 2.08772 15.9881 4.56948 -14.5889 4.28984 31.9716
573840 9.21035 2.89587 15.6845 4.86959 -13.1118 3.87989 32.6603
573855 9.21035 2.89587 15.6845 4.86959 -13.1118 3.87989 32.6603
573861 9.06538 3.60781 15.5125 5.90547 -11.0473 3.84767 34.0912
573881 9.06538 3.60781 15.5125 5.90547 -11.0473 3.84767 34.0912
573883 8.95907 4.59875 15.8464 8.61617 -7.62128 4.3022 38.0204
573893 8.44685 4.91624 14.0554 8.37415 -6.43416 3.79957 35.7926
573912 8.44685 4.91624 14.0554 8.37415 -6.43416 3.79957 35.7926
573914 7.34508 4.47368 11.9506 7.52221 -5.83207 3.66906 31.2916
573922 6.39795 4.4833 10.2607 7.35763 -4.22614 3.54588 28.4996
573943 6.39795 4.4833 10.2607 7.35763 -4.22614 3.54588 28.4996
573945 5.46049 4.85852 9.06667 7.69647 -1.82054 3.56921 27.0821
573976 5.46049 4.85852 9.06667 7.69647 -1.82054 3.56921 27.0821
573977 4.38772 5.42615 7.57917 8.49032 1.88304 3.62528 25.8834
573980 3.27629 6.32088 6.2131 9.8844 6.53433 3.79475 25.6947
573989 3.27629 6.32088 6.2131 9.8844 6.53433 3.79475 25.6947
574011 2.47413 7.52349 5.54524 11.9658 10.4239 4.09695 27.5087
574013 2.30017 8.96661 5.99048 14.3474 11.8838 4.30526 31.6046
574016 2.30017 8.96661 5.99048 14.3474 11.8838 4.30526 31.6046
574025 2.32916 10.0922 6.30417 15.5769 12.4159 4.13657 34.3025
574041 2.32916 10.0922 6.30417 15.5769 12.4159 4.13657 34.3025
574050 2.37749 10.7272 6.44583 15.7899 12.5167 3.87559 35.3404
574055 2.40648 10.9774 6.27381 15.7608 12.7461 3.66368 35.4185
574081 2.3195 10.7176 6.12202 15.3833 12.7809 3.6773 34.5424
574085 2.23252 10.3713 5.91964 14.7249 12.7405 3.62762 33.2484
574102 2.23252 10.3713 5.91964 14.7249 12.7405 3.62762 33.2484
574106 2.10688 9.90945 5.49464 13.9795 12.9304 3.55241 31.4905
574116 2.10688 9.90945 5.49464 13.9795 12.9304 3.55241 31.4905
574134 1.94258 9.54386 5.07976 13.2147 13.21 3.42905 29.7809
574136 1.8556 9.3322 4.87738 12.6532 13.2776 3.31291 28.7184
574146 1.8556 9.3322 4.87738 12.6532 13.2776 3.31291 28.7184
574166 1.82661 9.14941 4.74583 12.4112 13.319 3.29559 28.133
574168 1.79761 9.22637 4.78631 12.4015 13.3312 3.27725 28.2118
574176 1.79761 9.22637 4.78631 12.4015 13.3312 3.27725 28.2118
574197 1.86526 9.26486 4.86726 12.508 13.1908 3.28629 28.5054
574230 1.91359 9.37068 4.89762 12.5467 13.1456 3.21633 28.7286
574233 2.0199 9.49576 4.90774 12.5661 13.0515 3.08292 28.9895
574236 2.0199 9.49576 4.90774 12.5661 13.0515 3.08292 28.9895
574238 2.04889 9.65931 4.90774 12.6435 13.1122 2.99547 29.2594
574261 2.04889 9.89021 4.92798 12.6629 13.1868 2.87086 29.5299
574263 2.04889 9.89021 4.92798 12.6629 13.1868 2.87086 29.5299
574267 2.10688 9.94793 4.95833 12.7597 13.1348 2.85321 29.7728
574277 2.10688 9.94793 4.95833 12.7597 13.1348 2.85321 29.7728
574294 2.12621 9.90945 4.9381 12.7694 13.1245 2.86039 29.7431
574297 2.05856 9.88059 5.03929 12.7306 13.0544 2.94394 29.7091
574308 2.05856 9.88059 5.03929 12.7306 13.0544 2.94394 29.7091
574326 2.03923 9.794 4.85714 12.6629 13.2528 2.90604 29.3532
574337 2.03923 9.794 4.85714 12.6629 13.2528 2.90604 29.3532
574338 1.95225 9.73628 4.74583 12.4789 13.417 2.87216 28.9133
574360 1.89426 9.69779 4.61429 12.3144 13.5898 2.80669 28.5207
574362 1.89426 9.69779 4.61429 12.3144 13.5898 2.80669 28.5207
574367 1.98124 9.75552 4.55357 12.2175 13.5386 2.64893 28.5079
574391 1.95225 9.90945 4.64464 12.3724 13.5783 2.67777 28.8788
574392 1.95225 9.90945 4.64464 12.3724 13.5783 2.67777 28.8788
574398 2.01023 9.99604 4.73571 12.6338 13.5179 2.73862 29.3758
574408 2.01023 9.99604 4.73571 12.6338 13.5179 2.73862 29.3758
574423 2.03923 10.1885 4.79643 12.7016 13.5021 2.65949 29.7257
574430 2.09721 10.4001 4.76607 12.6822 13.5404 2.47998 29.9456
574455 2.09721 10.4001 4.76607 12.6822 13.5404 2.47998 29.9456
574456 2.14554 10.6695 4.65476 12.5661 13.6797 2.20026 30.0359
574463 2.23252 10.9485 4.5131 12.2853 13.7496 1.80993 29.9794
574470 2.23252 10.9485 4.5131 12.2853 13.7496 1.80993 29.9794
574485 2.30017 11.1794 4.27024 11.8497 13.9011 1.33803 29.5995
574495 2.32916 11.3526 4.0881 11.4237 14.0091 0.940302 29.1935
574501 2.32916 11.3526 4.0881 11.4237 14.0091 0.940302 29.1935
574517 2.53212 11.4199 4.09821 11.0074 13.5911 0.595493 29.0577
574521 2.53212 11.4199 4.09821 11.0074 13.5911 0.595493 29.0577
574548 3.56623 11.5065 5.1506 10.6976 10.9047 0.376185 30.9209
574550 6.195 11.6508 11.0298 11.4431 3.6392 1.72141 40.3186
574552 6.195 11.6508 11.0298 11.4431 3.6392 1.72141 40.3186
574562 7.17112 10.7657 11.8494 9.87471 1.02109 1.43238 39.6609
574580 7.37408 9.38993 9.82559 7.29954 -0.376375 0.159847 33.8891
574583 7.37408 9.38993 9.82559 7.29954 -0.376375 0.159847 33.8891
574597 7.38374 8.1296 9.1375 5.49886 -2.39868 -0.436314 30.1497
574616 7.38374 8.1296 9.1375 5.49886 -2.39868 -0.436314 30.1497
574617 7.79932 7.12903 10.0685 4.47267 -5.31573 -0.197101 29.4695
574623 8.33087 6.41709 11.4851 3.95957 -7.81592 0.346139 30.1926
574648 8.33087 6.41709 11.4851 3.95957 -7.81592 0.346139 30.1926
574651 8.90108 5.76288 12.9423 3.92084 -9.64221 1.04632 31.5271
574653 9.26833 4.97397 14.278 4.01765 -11.1829 1.86858 32.5379
574679 9.26833 4.97397 14.278 4.01765 -11.1829 1.86858 32.5379
574681 9.50028 4.12733 14.8851 3.91116 -12.6041 2.39114 32.4239
574685 9.50028 4.12733 14.8851 3.91116 -12.6041 2.39114 32.4239
574697 9.35532 3.12677 15.0571 3.6885 -14.0878 3.00865 31.2277
574715 9.20068 2.15507 15.2292 3.60137 -15.4652 3.71433 30.1863
574717 9.20068 2.15507 15.2292 3.60137 -15.4652 3.71433 30.1863
574726 9.02672 1.47199 15.7048 3.63041 -16.4487 4.44283 29.8339
574749 8.92041 0.875495 16.2208 3.67882 -17.3317 5.10367 29.6956
574750 8.92041 0.875495 16.2208 3.67882 -17.3317 5.10367 29.6956
574762 8.87209 0.731183 16.6762 3.76595 -17.5161 5.41124 30.0454
574783 8.87209 0.731183 16.6762 3.76595 -17.5161 5.41124 30.0454
574784 8.93007 0.663837 17 3.81435 -17.6366 5.5349 30.4083
574790 8.8141 0.57725 17.2224 3.78531 -17.8245 5.73192 30.399
574798 8.8141 0.57725 17.2224 3.78531 -17.8245 5.73192 30.399
574816 8.74645 0.548387 17.3537 3.87244 -17.7577 5.86384 30.521
574821 8.70779 0.404075 17.2325 3.74658 -18.1031 5.91566 30.0909
574827 8.70779 0.404075 17.2325 3.74658 -18.1031 5.91566 30.0909
574848 8.70779 0.413696 16.9595 3.59169 -18.2507 5.7779 29.6727
574855 8.70779 0.413696 16.9595 3.59169 -18.2507 5.7779 29.6727
574863 8.7851 0.394454 16.5952 3.41743 -18.4711 5.56643 29.1922
574881 8.83343 0.365591 16.5244 3.42711 -18.4946 5.53291 29.1505
574882 8.83343 0.365591 16.5244 3.42711 -18.4946 5.53291 29.1505
574892 8.96873 0.404075 16.5042 3.38838 -18.5206 5.39191 29.2654
574916 9.01706 0.355971 16.5851 3.30125 -18.7503 5.38973 29.2594
574916 9.01706 0.355971 16.5851 3.30125 -18.7503 5.38973 29.2594
574918 9.26833 0.327108 16.5548 3.20444 -18.9847 5.19361 29.3546
574928 9.26833 0.327108 16.5548 3.20444 -18.9847 5.19361 29.3546
574948 9.23934 0.288625 16.4333 3.18508 -19.0409 5.19299 29.1464
574950 9.4133 0.34635 16.3625 3.18508 -18.9752 5.00965 29.3072
574958 9.4133 0.34635 16.3625 3.18508 -18.9752 5.00965 29.3072
574980 9.31666 0.307866 16.3726 3.10763 -19.1324 5.07944 29.1048
574981 9.278 0.307866 16.4232 3.13667 -19.0908 5.13318 29.1458
574988 9.278 0.307866 16.4232 3.13667 -19.0908 5.13318 29.1458
575012 9.31666 0.279004 16.6054 3.14636 -19.1641 5.19095 29.3474
575013 9.31666 0.279004 16.6054 3.14636 -19.1641 5.19095 29.3474
575020 9.20068 0.240521 16.8685 3.2238 -19.1349 5.40965 29.5335
575044 9.28766 0.250141 17.0101 3.26253 -19.1083 5.40155 29.8104
575045 9.28766 0.250141 17.0101 3.26253 -19.1083 5.40155 29.8104
575052 9.25867 0.327108 17.2021 3.32062 -18.9424 5.44878 30.1085
575061 9.24901 0.221279 17.4144 3.3787 -19.0522 5.61213 30.2634
575079 9.24901 0.221279 17.4144 3.3787 -19.0522 5.61213 30.2634
575089 9.15236 0.250141 17.4245 3.39806 -18.9649 5.66751 30.2251
575097 9.15236 0.250141 17.4245 3.39806 -18.9649 5.66751 30.2251
575116 8.96873 0.211658 17.3841 3.38838 -18.9905 5.80516 29.9528
575117 8.70779 0.105829 17.2628 3.36902 -19.0995 6.02039 29.4454
575122 8.70779 0.105829 17.2628 3.36902 -19.0995 6.02039 29.4454
575131 8.4855 0.11545 17.0202 3.38838 -18.9609 6.10539 29.0095
575150 8.50483 0.788908 17.091 3.71754 -17.5148 5.73782 30.1022
575153 8.50483 0.788908 17.091 3.71754 -17.5148 5.73782 30.1022
575162 8.44685 0.904358 16.828 3.94021 -16.9577 5.68586 30.1194
575184 8.44685 0.904358 16.828 3.94021 -16.9577 5.68586 30.1194
575185 8.66913 2.01075 17.0606 6.21526 -12.8872 5.5643 33.9558
575192 8.95907 3.85795 17.0202 9.62301 -7.9183 5.25575 39.4602
575218 8.95907 3.85795 17.0202 9.62301 -7.9183 5.25575 39.4602
575220 8.38886 4.27165 13.9036 9.11959 -6.23618 4.35605 35.6837
575227 7.68334 4.57951 10.8881 8.36446 -4.46405 3.3268 31.5154
575233 7.68334 4.57951 10.8881 8.36446 -4.46405 3.3268 31.5154
575252 6.81353 5.11828 8.94524 8.78075 -1.56766 2.93052 29.6578
575255 6.81353 5.11828 8.94524 8.78075 -1.56766 2.93052 29.6578
575264 6.00171 5.83022 7.4881 9.73918 1.7891 2.78501 29.0592
575286 5.03525 6.4652 6.3244 10.7267 5.10673 2.91611 28.5515
575300 3.83684 7.22524 5.93988 12.2756 8.3034 3.66497 29.2776
575321 2.9187 7.98529 6.18274 14.0085 10.3652 4.48008 31.0953
575322 2.9187 7.98529 6.18274 14.0085 10.3652 4.48008 31.0953
575326 2.28084 8.56254 6.35476 15.1703 11.6604 4.95004 32.3684
575334 2.28084 8.56254 6.35476 15.1703 11.6604 4.95004 32.3684
575358 1.87493 8.78381 6.4256 15.8092 12.3828 5.27888 32.8936
575359 1.66231 8.88002 6.54702 16.0513 12.6144 5.45672 33.1406
575366 1.66231 8.88002 6.54702 16.0513 12.6144 5.45672 33.1406
575393 1.58499 8.74533 6.60774 16.0803 12.5937 5.61402 33.0184
575394 1.43036 8.46633 6.49643 15.906 12.7291 5.80779 32.2991
575396 1.43036 8.46633 6.49643 15.906 12.7291 5.80779 32.2991
575406 1.32405 8.02377 6.38512 15.451 12.6392 6.00709 31.184
575426 1.15009 7.49462 6.17262 15.0444 12.739 6.31527 29.8617
575431 1.15009 7.49462 6.17262 15.0444 12.739 6.31527 29.8617
575439 0.976123 7.0232 6.02083 14.6959 12.817 6.64301 28.7161
575458 0.976123 7.0232 6.02083 14.6959 12.817 6.64301 28.7161
575460 0.908471 6.71534 6.03095 14.5507 12.6984 6.89113 28.2054
575467 0.821489 6.50368 6.01071 14.5894 12.767 7.13061 27.9253
575493 0.821489 6.50368 6.01071 14.5894 12.767 7.13061 27.9253
575494 0.811825 6.45557 6.03095 14.754 12.8036 7.22803 28.0523
575498 0.792496 6.4652 6.2131 14.9767 12.6868 7.34621 28.4474
575527 0.792496 6.4652 6.2131 14.9767 12.6868 7.34621 28.4474
575528 0.898806 6.57102 6.23333 15.18 12.6534 7.24132 28.8831
575531 0.898806 6.57102 6.23333 15.18 12.6534 7.24132 28.8831
575540 0.831154 6.66723 6.27381 15.2187 12.7462 7.24061 28.9909
575559 0.879477 6.73458 6.17262 15.2574 12.8597 7.13534 29.0441
575561 0.879477 6.73458 6.17262 15.2574 12.8597 7.13534 29.0441
575570 0.879477 6.82117 6.18274 15.2961 12.8987 7.08283 29.1795
575592 0.918135 7.10017 6.23333 15.3542 12.9222 6.87495 29.6059
575606 1.05344 7.26372 6.22321 15.4607 12.8727 6.68314 30.0011
575626 1.05344 7.26372 6.22321 15.4607 12.8727 6.68314 30.0011
575627 1.0631 7.37917 6.18274 15.4413 12.9503 6.57635 30.0664
575631 1.15009 7.56197 6.23333 15.3736 12.8238 6.3796 30.319
575642 1.15009 7.56197 6.23333 15.3736 12.8238 6.3796 30.319
575671 1.15975 7.60045 6.08155 15.3445 13.0056 6.29386 30.1863
575674 1.15975 7.60045 6.08155 15.3445 13.0056 6.29386 30.1863
575682 1.0921 7.51387 6.08155 15.238 13.0142 6.37263 29.9256
575695 1.0631 7.55235 6.04107 15.0638 13.0483 6.30347 29.7203
575704 1.0631 7.55235 6.04107 15.0638 13.0483 6.30347 29.7203
575731 1.0631 7.485 5.86905 14.9282 13.1887 6.26121 29.3454
575733 1.0631 7.485 5.86905 14.9282 13.1887 6.26121 29.3454
575738 1.0631 7.50424 5.79821 14.7249 13.2069 6.1648 29.0905
575743 1.08243 7.49462 5.86905 14.6669 13.0612 6.16161 29.113
575762 1.08243 7.49462 5.86905 14.6669 13.0612 6.16161 29.113
575763 1.07277 7.52349 5.77798 14.5991 13.1775 6.09913 28.9733
575799 1.10176 7.46576 5.90952 14.5313 12.9151 6.1396 29.0084
