961755 12.2891 9.67852 9.9011 5.55375 -4.64821 -2.61049 37.4224
961763 12.4667 8.84967 10.7978 5.65181 -5.80085 -1.93298 37.7659
961772 12.6697 7.96902 11.5264 5.66072 -6.98352 -1.36874 37.8258
961782 12.6697 7.96902 11.5264 5.66072 -6.98352 -1.36874 37.8258
961792 12.6612 6.95886 12.0121 5.52701 -8.19947 -0.84002 37.1591
961802 12.8134 6.07821 12.8901 5.59832 -9.38134 -0.161802 37.3801
961812 12.8134 6.07821 12.8901 5.59832 -9.38134 -0.161802 37.3801
961826 13.0672 5.34434 13.7962 5.74987 -10.386 0.448337 37.9575
961834 13.0672 5.34434 13.7962 5.74987 -10.386 0.448337 37.9575
961843 13.3801 4.97308 14.6835 6.00839 -10.9374 0.898472 39.0451
961853 13.71 4.76587 15.244 6.09754 -11.3584 1.07956 39.8173
961863 13.71 4.76587 15.244 6.09754 -11.3584 1.07956 39.8173
961873 13.8199 4.7227 15.4027 6.1956 -11.4001 1.14188 40.1409
961883 13.7692 4.7227 15.1879 6.07079 -11.4235 1.04408 39.7506
961899 13.7692 4.7227 15.1879 6.07079 -11.4235 1.04408 39.7506
961903 13.5493 4.7227 14.8236 5.96382 -11.3202 0.966026 39.0594
961918 13.5493 4.7227 14.8236 5.96382 -11.3202 0.966026 39.0594
961926 13.0756 4.57593 14.2912 5.78553 -11.2683 0.964206 37.7283
961934 12.5343 4.42052 13.7962 5.60724 -11.2098 1.01018 36.3582
961944 12.5343 4.42052 13.7962 5.60724 -11.2098 1.01018 36.3582
961954 12.0184 4.27374 13.3291 5.49135 -11.0946 1.08009 35.1126
961964 11.5448 4.20467 13.133 5.57158 -10.8126 1.28654 34.454
961974 11.5448 4.20467 13.133 5.57158 -10.8126 1.28654 34.454
961985 11.4856 4.84358 13.1516 5.58049 -10.1345 1.02805 35.0613
961999 11.4856 4.84358 13.1516 5.58049 -10.1345 1.02805 35.0613
962006 11.291 5.26663 13.2544 5.86576 -9.39873 1.07734 35.6778
962016 11.2065 5.8192 13.4786 6.18668 -8.63917 1.07912 36.6909
962028 11.2065 5.8192 13.4786 6.18668 -8.63917 1.07912 36.6909
962037 11.2657 6.51854 13.656 6.47195 -7.86768 0.927318 37.9122
962046 11.2657 6.51854 13.628 6.69481 -7.66285 0.999271 38.107
962064 11.2657 7.52006 13.628 6.69481 -6.8264 0.58955 39.1086
962067 11.1896 8.2712 13.4319 6.80178 -6.01372 0.292068 39.6944
962077 11.1896 8.2712 13.4319 6.80178 -6.01372 0.292068 39.6944
962087 10.9274 8.71153 13.0582 7.0603 -5.16493 0.180967 39.7574
962107 10.7582 9.14322 13.544 8.43314 -4.01507 0.74346 41.8785
962117 10.3269 9.38497 13.3291 9.27111 -2.95419 1.02396 42.3121
962127 10.3269 9.38497 13.3291 9.27111 -2.95419 1.02396 42.3121
962137 9.35423 8.72016 12.0401 8.54903 -2.66734 0.975628 38.6635
962147 8.33085 7.96039 10.8632 7.93393 -2.35101 1.07125 35.0883
962157 8.33085 7.96039 10.8632 7.93393 -2.35101 1.07125 35.0883
962169 7.60348 7.64957 10.0319 7.86261 -1.6013 1.19531 33.1475
962178 7.11294 7.45962 9.38736 7.95176 -0.853071 1.30041 31.9117
962197 7.11294 7.45962 9.38736 7.95176 -0.853071 1.30041 31.9117
962200 7.10448 7.51143 8.89231 8.12113 -0.287886 1.13701 31.6293
962208 7.10448 7.51143 8.89231 8.12113 -0.287886 1.13701 31.6293
962218 7.42587 7.61503 8.62143 8.45988 0.0214934 0.952805 32.1222
962228 7.84876 7.77044 8.35989 9.13739 0.52782 0.85067 33.1165
962241 7.84876 7.77044 8.35989 9.13739 0.52782 0.85067 33.1165
962249 8.05174 8.10716 8.1544 9.90404 1.31882 0.832706 34.2173
962259 8.28856 8.32301 8.02363 10.7955 1.98014 0.934594 35.4307
962269 8.28856 8.32301 8.02363 10.7955 1.98014 0.934594 35.4307
962279 8.1194 8.59066 7.9956 11.785 2.919 1.26219 36.4907
962295 7.50199 8.74606 8.02363 12.8458 4.08586 1.86761 37.1175
962301 7.50199 8.74606 8.02363 12.8458 4.08586 1.86761 37.1175
962311 6.59701 8.84104 8.16374 13.8532 5.29533 2.63471 37.455
962321 6.59701 8.84104 8.16374 13.8532 5.29533 2.63471 37.455
962331 5.64129 8.97918 8.47198 15.021 6.48517 3.49187 38.1134
962341 4.82935 9.11732 8.88297 16.3136 7.48443 4.31104 39.1432
962356 4.82935 9.11732 8.88297 16.3136 7.48443 4.31104 39.1432
962362 4.19502 9.23819 9.26593 17.4052 8.21759 4.95131 40.1044
962372 3.72985 9.43677 9.42473 18.1481 8.85524 5.30428 40.7395
962398 3.45075 9.59218 9.50879 18.5051 9.21756 5.46961 41.0568
962404 3.45075 9.59218 9.50879 18.5051 9.21756 5.46961 41.0568
962413 3.36617 9.67852 9.49011 18.4086 9.29995 5.44192 40.9434
962432 3.5607 9.68715 9.37802 18.0613 9.09975 5.23192 40.6872
962435 3.5607 9.68715 9.37802 18.0613 9.09975 5.23192 40.6872
962443 3.53532 9.53174 8.98571 17.3184 9.09872 5.04317 39.3712
962454 3.46766 9.22092 8.65879 16.5899 9.01777 4.96614 37.9373
962464 3.46766 9.22092 8.65879 16.5899 9.01777 4.96614 37.9373
962483 3.36617 9.00508 8.37857 16.0551 9.04459 4.91608 36.8049
962487 3.18856 8.66836 8.18242 15.5558 9.02737 5.00687 35.5952
962499 3.18856 8.66836 8.18242 15.5558 9.02737 5.00687 35.5952
962506 3.18856 8.52158 7.97692 15.1814 8.98916 4.92488 34.8685
962515 3.18856 8.52158 7.97692 15.1814 8.98916 4.92488 34.8685
962526 3.15473 8.36618 7.82747 14.9586 8.99421 4.92545 34.3069
962535 3.13781 8.36618 7.74341 14.7981 9.0196 4.86299 34.0455
962546 3.13781 8.36618 7.74341 14.7981 9.0196 4.86299 34.0455
962556 3.18856 8.54749 7.82747 14.7625 8.9538 4.74301 34.326
962571 3.94975 9.01371 7.79011 14.7179 8.45168 4.03615 35.4715
962577 3.94975 9.01371 7.79011 14.7179 8.45168 4.03615 35.4715
962587 4.61791 9.4195 7.79011 14.6198 7.97816 3.44573 36.4473
962597 4.61791 9.4195 7.79011 14.6198 7.97816 3.44573 36.4473
962607 5.53134 9.75622 7.88352 14.4683 7.17974 2.81523 37.6394
962617 6.35174 10.1188 7.9489 14.29 6.52824 2.23523 38.7095
962632 6.35174 10.1188 7.9489 14.29 6.52824 2.23523 38.7095
962638 7.29901 10.3433 7.88352 13.8353 5.71384 1.55351 39.3612
962648 7.74726 10.4038 7.86484 13.4074 5.1994 1.18759 39.4233
962674 7.75572 10.1793 8.19176 13.1222 4.68419 1.29135 39.2489
962678 7.75572 10.1793 8.19176 13.1222 4.68419 1.29135 39.2489
962689 7.51045 9.84256 8.36923 12.6586 4.31302 1.4362 38.3809
962698 7.07065 9.3159 8.10769 11.999 4.20387 1.52909 36.4932
962713 7.07065 9.3159 8.10769 11.999 4.20387 1.52909 36.4932
962720 6.58856 8.76333 7.75275 11.1253 4.05153 1.54522 34.23
962729 6.39403 8.42661 7.47253 10.3498 3.76025 1.37931 32.6429
962739 6.39403 8.42661 7.47253 10.3498 3.76025 1.37931 32.6429
962752 6.68159 8.41798 7.6967 9.64552 2.83985 1.03693 32.4418
962761 6.68159 8.41798 7.6967 9.64552 2.83985 1.03693 32.4418
962771 7.26517 8.81514 7.98626 9.01259 1.94706 0.41652 33.0792
962780 8.08557 9.26409 8.32253 8.38857 0.913486 -0.281219 34.0608
962799 8.08557 9.26409 8.32253 8.38857 0.913486 -0.281219 34.0608
962801 8.80448 9.53174 8.64011 7.64866 -0.190745 -0.886981 34.625
962810 9.5403 9.78212 9.08846 6.90876 -1.37167 -1.41219 35.3196
962828 9.5403 9.78212 9.08846 6.90876 -1.37167 -1.41219 35.3196
962837 10.3269 9.74759 9.89176 6.34714 -2.8391 -1.58436 36.3134
962845 11.1134 9.40224 10.9099 6.15102 -4.30459 -1.37909 37.5766
962857 11.1134 9.40224 10.9099 6.15102 -4.30459 -1.37909 37.5766
962865 11.8323 9.24683 11.9187 6.24017 -5.26532 -1.11639 39.238
962873 11.8323 9.24683 11.9187 6.24017 -5.26532 -1.11639 39.238
962891 12.2637 8.86694 12.9181 6.40063 -6.12756 -0.671899 40.4494
962894 12.4582 8.15033 13.5066 6.28474 -7.13476 -0.30342 40.3999
962903 12.4582 8.15033 13.5066 6.28474 -7.13476 -0.30342 40.3999
962913 12.509 7.17471 14.0203 6.08862 -8.33443 0.160314 39.7926
962923 12.4498 6.13002 14.4687 6.04405 -9.42916 0.741688 39.0925
962938 12.4498 6.13002 14.4687 6.04405 -9.42916 0.741688 39.0925
962944 12.4667 5.35297 14.9357 6.03513 -10.321 1.21855 38.7905
962954 12.4667 5.35297 14.9357 6.03513 -10.321 1.21855 38.7905
962966 12.5005 4.7486 15.2907 6.13319 -10.931 1.61925 38.673
962974 12.4582 4.39462 15.2626 6.08862 -11.28 1.76621 38.2041
962985 12.4582 4.39462 15.2626 6.08862 -11.28 1.76621 38.2041
962994 12.3313 4.33418 15.1038 6.07079 -11.2514 1.78743 37.8402
963009 12.103 4.25648 14.8143 5.98165 -11.2226 1.79105 37.1554
963027 11.9169 4.23921 14.4967 5.90142 -11.1293 1.7407 36.5542
963036 11.9169 4.23921 14.4967 5.90142 -11.1293 1.7407 36.5542
963045 11.604 4.17014 14.2538 5.8301 -11.0558 1.80287 35.8581
963056 11.2995 4.09243 14.1044 5.7677 -11.0196 1.90569 35.264
963068 11.2995 4.09243 14.1044 5.7677 -11.0196 1.90569 35.264
963077 11.0458 4.032 13.9923 5.7053 -10.9997 1.99272 34.7754
963087 10.8343 3.95429 13.9176 5.77661 -10.8902 2.13392 34.4828
963097 10.8343 3.95429 13.9176 5.77661 -10.8902 2.13392 34.4828
963107 10.8766 4.55866 14.0016 6.00839 -10.0939 1.93598 35.4453
963117 10.8766 4.55866 14.0016 6.00839 -10.0939 1.93598 35.4453
963127 10.9358 5.3098 13.8242 6.23125 -9.10369 1.57425 36.3011
963142 11.1557 6.30269 13.7214 6.42737 -8.07497 1.07309 37.6072
963148 11.1557 6.30269 13.7214 6.42737 -8.07497 1.07309 37.6072
963167 11.1896 7.14881 13.4786 6.54326 -7.15329 0.658289 38.3602
963177 11.3502 8.08126 12.9462 6.61458 -6.15543 0.0497103 38.9922
963184 11.3502 8.08126 12.9462 6.61458 -6.15543 0.0497103 38.9922
963194 11.4348 8.92737 12.3203 6.41846 -5.37667 -0.622776 39.101
963203 11.4348 8.92737 12.3203 6.41846 -5.37667 -0.622776 39.101
963213 11.3249 9.22092 11.5824 6.258 -4.83791 -1.05717 38.3862
963222 11.105 9.27273 10.7418 5.74987 -4.62724 -1.58102 36.8693
963229 11.105 9.27273 10.7418 5.74987 -4.62724 -1.58102 36.8693
963240 10.8512 9.09142 9.95714 5.58049 -4.32386 -1.86231 35.4803
963249 10.7413 8.91011 9.44341 5.79444 -3.92682 -1.89753 34.8893
963265 10.7413 8.91011 9.44341 5.79444 -3.92682 -1.89753 34.8893
963271 10.8428 8.97918 9.02308 6.08862 -3.4337 -2.02252 34.9337
963280 10.8428 8.97918 9.02308 6.08862 -3.4337 -2.02252 34.9337
963290 11.0542 9.10005 8.29451 6.17777 -2.93916 -2.46141 34.6265
963300 11.3587 9.35907 7.55659 6.258 -2.38779 -2.99857 34.5324
963310 11.3587 9.35907 7.55659 6.258 -2.38779 -2.99857 34.5324
963321 11.6716 9.57491 7.04286 6.45412 -1.93235 -3.34577 34.7435
963336 11.9592 9.99797 6.5478 6.61458 -1.34858 -3.75637 35.1196
963342 11.9592 9.99797 6.5478 6.61458 -1.34858 -3.75637 35.1196
963352 12.0945 10.3692 6.17418 6.83744 -0.748433 -3.99663 35.4754
963362 12.0269 10.7491 5.96868 7.30991 0.0440121 -3.95125 36.0546
963372 12.0269 10.7491 5.96868 7.30991 0.0440121 -3.95125 36.0546
963384 11.7055 11.2585 5.96868 8.06765 1.11621 -3.61929 37.0003
963393 11.7055 11.2585 5.96868 8.06765 1.11621 -3.61929 37.0003
963403 11.2065 11.8283 6.08077 8.8967 2.26098 -3.1795 38.0123
963414 10.5383 12.1651 6.2956 9.74358 3.27464 -2.58018 38.7425
963432 10.5383 12.1651 6.2956 9.74358 3.27464 -2.58018 38.7425
963436 9.61642 12.4586 6.60385 10.5191 4.30984 -1.89501 39.198
963443 8.59303 12.4672 6.83736 11.1788 5.25615 -1.16852 39.0765
963462 8.59303 12.4672 6.83736 11.1788 5.25615 -1.16852 39.0765
963472 7.29901 12.4154 6.94011 11.6335 6.40526 -0.44696 38.288
963481 7.29901 12.4154 6.94011 11.6335 6.40526 -0.44696 38.288
963488 6.35174 12.3809 6.98681 12.0792 7.35578 0.132287 37.7986
963495 5.41294 12.2946 7.03352 12.5071 8.2925 0.738198 37.2481
963504 5.41294 12.2946 7.03352 12.5071 8.2925 0.738198 37.2481
963514 4.86318 12.3118 7.1456 12.7656 8.80964 1.10669 37.0862
963533 4.64328 12.3118 7.29505 12.9617 8.95897 1.33089 37.2119
963542 4.64328 12.3118 7.29505 12.9617 8.95897 1.33089 37.2119
963550 4.99851 12.3809 7.3511 12.9706 8.62171 1.17065 37.7011
963559 4.99851 12.3809 7.3511 12.9706 8.62171 1.17065 37.7011
963568 4.88856 12.2687 7.3044 13.0152 8.73267 1.26573 37.4768
963578 4.88856 12.1046 7.36978 13.0152 8.60228 1.36115 37.3782
963587 4.88856 12.1046 7.36978 13.0152 8.60228 1.36115 37.3782
963597 4.82935 11.9751 7.26703 12.8458 8.61693 1.34425 36.9173
963607 4.77861 11.8715 7.26703 12.7745 8.58532 1.38646 36.6917
963617 4.77861 11.8715 7.26703 12.7745 8.58532 1.38646 36.6917
963627 4.76169 11.7593 7.22033 12.6675 8.54517 1.38713 36.4088
963642 4.76169 11.7593 7.22033 12.6675 8.54517 1.38713 36.4088
963648 4.65174 11.5521 7.16429 12.5606 8.55626 1.47002 35.9286
963658 4.62637 11.3448 7.0989 12.4714 8.50484 1.51897 35.5415
963669 4.62637 11.3448 7.0989 12.4714 8.50484 1.51897 35.5415
963678 4.61791 11.1808 7.36978 12.409 8.15271 1.67806 35.5775
963693 5.32836 11.2326 7.53791 12.3466 7.34861 1.36789 36.4455
963699 5.32836 11.2326 7.53791 12.3466 7.34861 1.36789 36.4455
963709 6.21642 11.2153 7.62198 12.097 6.37534 0.923494 37.1507
963719 6.73234 11.1204 7.65934 11.7939 5.71129 0.643551 37.306
963729 6.73234 11.1204 7.65934 11.7939 5.71129 0.643551 37.306
963745 7.51891 11.1549 7.71538 11.4997 4.89612 0.214305 37.8889
963750 7.51891 11.1549 7.71538 11.4997 4.89612 0.214305 37.8889
963761 8.29702 11.0599 7.80879 10.947 3.87085 -0.236581 38.1128
963771 8.83831 10.8441 7.6967 10.5102 3.17985 -0.584122 37.8893
963781 8.83831 10.8441 7.6967 10.5102 3.17985 -0.584122 37.8893
963790 9.02438 10.5678 8.01429 10.118 2.41695 -0.580487 37.7244
963803 9.15124 10.3433 9.54615 10.323 1.25048 0.142749 39.3637
963812 9.15124 10.3433 9.54615 10.323 1.25048 0.142749 39.3637
963822 9.1005 10.162 10.1813 10.0823 0.60879 0.379928 39.5262
963832 9.1005 10.162 10.1813 10.0823 0.60879 0.379928 39.5262
963842 8.6607 9.79076 9.59286 9.06607 0.406408 0.0838619 37.1104
963852 8.22935 9.27273 9.04176 8.02307 0.0178546 -0.18974 34.5669
963862 8.22935 9.27273 9.04176 8.02307 0.0178546 -0.18974 34.5669
963877 8.04328 8.97918 8.92967 7.33665 -0.493503 -0.340717 33.2888
963883 8.24627 9.04825 9.3033 6.80178 -1.27212 -0.534185 33.3996
963902 8.24627 9.04825 9.3033 6.80178 -1.27212 -0.534185 33.3996
963910 8.6607 9.29 9.89176 6.65024 -1.89331 -0.612606 34.4927
963919 8.6607 9.29 9.89176 6.65024 -1.89331 -0.612606 34.4927
963928 9.12587 9.53174 10.6764 6.59675 -2.55613 -0.577982 35.9307
963937 9.58259 9.66125 11.5918 6.7483 -3.16944 -0.360706 37.5839
963945 9.58259 9.66125 11.5918 6.7483 -3.16944 -0.360706 37.5839
963955 9.80249 9.46267 12.3203 6.88201 -3.7552 -0.0244948 38.4675
963964 9.82786 9.02235 12.9929 6.96224 -4.40412 0.42709 38.8053
963975 9.82786 9.02235 12.9929 6.96224 -4.40412 0.42709 38.8053
963989 9.72637 8.35754 13.572 7.02465 -5.11637 0.974409 38.6805
963995 9.72637 8.35754 14.0857 7.02465 -5.37699 1.15825 39.1943
964005 9.48955 7.50279 14.0857 7.01573 -5.94371 1.61802 38.0938
964016 9.11741 6.62214 14.7769 7.12271 -6.7413 2.45492 37.6392
964026 9.11741 6.62214 14.7769 7.12271 -6.7413 2.45492 37.6392
964041 8.91443 5.71559 15.356 7.12271 -7.7018 3.17259 37.1088
964048 8.61841 4.91265 15.9819 7.23859 -8.46838 3.9547 36.7515
964057 8.61841 4.91265 15.9819 7.23859 -8.46838 3.9547 36.7515
964067 8.37313 4.1356 16.5797 7.23859 -9.34471 4.66989 36.327
964077 8.25473 3.61757 17.1011 7.38123 -9.87289 5.20292 36.3546
964096 8.25473 3.61757 17.1011 7.38123 -9.87289 5.20292 36.3546
964104 8.33085 3.21178 17.657 7.57735 -10.3317 5.58434 36.7769
964113 8.33085 3.21178 17.657 7.57735 -10.3317 5.58434 36.7769
964123 8.39851 3.03911 18.3038 7.72889 -10.6313 5.84266 37.4703
964132 8.68607 3.02184 18.4655 7.74672 -10.801 5.73745 37.9201
964138 8.68607 3.02184 18.4655 7.74672 -10.801 5.73745 37.9201
964148 8.90597 3.19451 18.5059 7.83587 -10.6533 5.5569 38.4423
964163 8.97363 3.22905 18.1724 7.65758 -10.6878 5.37458 38.0327
964169 8.97363 3.22905 18.1724 7.65758 -10.6878 5.37458 38.0327
964179 9.06667 3.19451 17.7883 7.51495 -10.7452 5.20789 37.5645
964189 9.06667 3.19451 17.7883 7.51495 -10.7452 5.20789 37.5645
964199 9.05821 3.14271 17.566 7.34557 -10.8696 5.13734 37.1125
964214 9.03284 3.20315 17.2224 7.15836 -10.8514 4.97508 36.6167
964221 9.03284 3.20315 17.2224 7.15836 -10.8514 4.97508 36.6167
964231 9.04975 3.41899 16.9253 7.22077 -10.4707 4.78384 36.6148
964240 9.15124 4.00609 16.561 7.10488 -9.91308 4.28067 36.8232
964256 9.15124 4.00609 16.561 7.10488 -9.91308 4.28067 36.8232
964266 9.26119 4.7227 16.2434 7.15836 -9.11013 3.77867 37.3857
964276 9.27811 5.48248 15.8044 7.22968 -8.1826 3.28359 37.7947
964284 9.27811 5.48248 15.8044 7.22968 -8.1826 3.28359 37.7947
964293 9.22736 5.96597 15.3093 7.13162 -7.59886 2.8887 37.6343
964303 9.22736 5.96597 15.3093 7.13162 -7.59886 2.8887 37.6343
964321 9.19353 6.31133 14.7396 7.05139 -7.0855 2.5282 37.2958
964328 9.04129 6.39766 14.4593 7.41689 -6.48938 2.58766 37.3152
964334 9.04129 6.39766 14.4593 7.41689 -6.48938 2.58766 37.3152
964343 8.93134 6.39766 14.2165 7.88044 -5.92485 2.71253 37.4259
964358 8.72836 6.27679 13.6 7.95176 -5.53918 2.6862 36.5569
964364 8.72836 6.27679 13.6 7.95176 -5.53918 2.6862 36.5569
964374 8.52537 6.21635 12.6659 7.77347 -5.11744 2.42929 35.1811
964384 8.52537 6.21635 12.6659 7.77347 -5.11744 2.42929 35.1811
964394 8.54229 6.44083 11.6011 7.75564 -4.32946 1.91044 34.3399
964409 8.5592 7.06247 10.6016 7.9785 -3.01145 1.29751 34.2018
964416 8.5592 7.06247 10.6016 7.9785 -3.01145 1.29751 34.2018
964428 8.81293 7.6841 9.42473 8.03199 -1.85662 0.423962 33.9538
964437 8.99901 8.36618 8.28516 8.44206 -0.349005 -0.28069 34.0924
964445 8.99901 8.36618 8.28516 8.44206 -0.349005 -0.28069 34.0924
964455 9.43035 9.50584 7.41648 9.34242 1.40176 -0.91495 35.6951
964466 9.43035 9.50584 7.41648 9.34242 1.40176 -0.91495 35.6951
964481 9.85323 10.6455 7.11758 10.2339 2.5816 -1.24726 37.8502
964487 10.107 11.6557 6.94011 10.8311 3.43992 -1.51441 39.5339
964497 10.107 11.6557 6.94011 10.8311 3.43992 -1.51441 39.5339
964507 9.7602 12.1996 6.91209 11.3304 4.26448 -1.38699 40.2022
964517 8.93134 12.4845 6.67857 11.6959 5.38477 -1.14655 39.7903
964531 8.93134 12.4845 6.67857 11.6959 5.38477 -1.14655 39.7903
964539 7.76418 12.4931 6.44506 12.1059 6.69305 -0.659528 38.8083
964550 7.76418 12.4931 6.28626 12.1059 6.82326 -0.723865 38.6495
964558 6.66468 12.5708 6.28626 12.5249 7.9802 -0.167303 38.0467
964569 5.62438 12.4845 6.18352 12.9261 9.13705 0.403302 37.2185
964583 5.62438 12.4845 6.18352 12.9261 9.13705 0.403302 37.2185
964589 4.90547 12.4931 6.25824 13.3272 9.9074 0.886939 36.9841
964599 4.45721 12.4413 6.38901 13.764 10.3633 1.31755 37.0516
964609 4.45721 12.4413 6.38901 13.764 10.3633 1.31755 37.0516
964620 4.2796 12.5967 6.44506 14.0671 10.6578 1.45867 37.3885
964639 4.38109 12.6658 6.73462 14.3346 10.4186 1.5829 38.1161
964647 4.38109 12.6658 6.73462 14.3346 10.4186 1.5829 38.1161
964657 4.44876 12.6831 6.78132 14.2811 10.2987 1.54364 38.1942
964676 4.46567 12.5018 6.66923 14.0136 10.2127 1.48023 37.6503
964680 4.39801 12.3809 6.51044 13.6036 10.2161 1.35599 36.8929
964699 4.39801 12.3809 6.51044 13.6036 10.2161 1.35599 36.8929
964703 4.34726 12.2514 6.31429 13.2202 10.2469 1.21877 36.1332
964710 4.33881 12.0787 6.17418 12.8547 10.1706 1.10507 35.4464
964724 4.33881 12.0787 6.17418 12.8547 10.1706 1.10507 35.4464
964733 4.2796 11.8801 5.9967 12.4893 10.1694 1.00714 34.6457
964760 4.23731 11.7852 5.86593 12.204 10.1826 0.900832 34.0924
964762 4.34726 11.7506 5.95 11.99 9.87385 0.811803 34.0379
964772 4.34726 11.7506 5.95 11.99 9.87385 0.811803 34.0379
964782 5.64975 12.0787 5.85659 11.6959 8.69325 -0.0748372 35.2809
964793 6.48706 12.1651 6.15549 11.5265 7.60235 -0.400511 36.3341
964803 6.48706 12.1651 6.15549 11.5265 7.60235 -0.400511 36.3341
964814 7.13831 12.0874 6.2956 11.2858 6.7509 -0.670089 36.8071
964823 7.13831 12.0874 6.2956 11.2858 6.7509 -0.670089 36.8071
964839 8.45771 12.0874 6.32363 10.6974 5.32624 -1.40712 37.5661
964844 9.88706 12.0356 6.44506 10.1002 3.77172 -2.09684 38.4678
964854 9.88706 12.0356 6.44506 10.1002 3.77172 -2.09684 38.4678
964864 10.902 11.7334 6.5011 9.36917 2.40189 -2.63537 38.5056
964874 11.6209 11.3535 6.48242 8.72732 1.29471 -3.05021 38.1841
964890 11.6209 11.3535 6.48242 8.72732 1.29471 -3.05021 38.1841
964895 12.0607 11.0599 6.56648 8.12113 0.366244 -3.3457 37.8082
964906 12.0607 11.0599 6.72527 8.12113 0.260153 -3.26898 37.967
964915 12.2129 10.7923 6.72527 7.54169 -0.405289 -3.51667 37.2722
964926 12.2214 10.5246 6.8467 6.82853 -1.17716 -3.73578 36.4213
964942 12.2214 10.5246 6.8467 6.82853 -1.17716 -3.73578 36.4213
964945 12.0861 10.2656 6.8 6.06188 -1.81647 -4.0424 35.2136
964960 12.0269 9.96343 6.93077 5.42003 -2.60196 -4.21048 34.3411
964967 12.0269 9.96343 6.93077 5.42003 -2.60196 -4.21048 34.3411
964977 12.1537 9.65262 7.21099 4.85842 -3.58198 -4.31147 33.8758
964987 12.3736 9.3936 7.78077 4.38595 -4.69652 -4.24377 33.9339
965006 12.3736 9.3936 7.78077 4.38595 -4.69652 -4.24377 33.9339
965014 12.6612 8.87557 8.88297 4.18091 -6.1326 -3.67315 34.6006
965025 12.6612 8.87557 8.88297 4.18091 -6.1326 -3.67315 34.6006
965033 13.0333 8.21077 10.2093 4.18983 -7.60458 -2.8806 35.6433
965042 13.3886 7.62367 11.6852 4.37703 -8.81539 -2.00274 37.0744
965052 13.3886 7.62367 11.6852 4.37703 -8.81539 -2.00274 37.0744
965061 13.5323 6.88116 12.9835 4.60881 -9.88394 -1.11345 38.0058
965070 13.5239 6.08685 14.0764 4.82276 -10.8353 -0.277175 38.5099
965079 13.5239 6.08685 14.0764 4.82276 -10.8353 -0.277175 38.5099
965089 13.4224 5.2839 14.9918 4.96539 -11.7455 0.48529 38.6634
965099 13.4224 5.2839 14.9918 4.96539 -11.7455 0.48529 38.6634
965109 13.3463 4.52412 15.8137 5.1526 -12.5418 1.19575 38.8367
965119 13.1771 3.92839 16.589 5.29523 -13.1717 1.83846 38.9897
965135 13.1771 3.92839 16.589 5.29523 -13.1717 1.83846 38.9897
965140 12.991 3.5485 16.9907 5.37546 -13.5313 2.24643 38.9057
965150 12.7542 3.32402 17.1819 5.36654 -13.7506 2.5126 38.6267
965160 12.7542 3.32402 17.1819 5.36654 -13.7506 2.5126 38.6267
965171 12.6358 3.28949 17.1617 5.48243 -13.6284 2.61302 38.5695
965181 12.6358 3.28949 17.1617 5.48243 -13.6284 2.61302 38.5695
965191 12.4244 3.31539 17.1112 5.47352 -13.5336 2.67907 38.3245
965200 12.1622 3.34129 16.8505 5.48243 -13.3397 2.70751 37.8365
965227 11.7731 3.29812 16.7011 5.42003 -13.2797 2.84327 37.1924
965232 11.5363 3.18588 16.5984 5.35763 -13.3534 2.95834 36.6782
965242 11.5363 3.18588 16.5984 5.35763 -13.3534 2.95834 36.6782
965252 11.3418 3.12544 16.3835 5.36654 -13.2763 3.0163 36.2173
965262 11.3418 3.12544 16.3835 5.36654 -13.2763 3.0163 36.2173
965272 11.1303 3.05637 16.4115 5.35763 -13.2995 3.16323 35.9559
965282 11.0204 3.15135 16.4769 5.48243 -13.0522 3.23307 36.1311
965292 11.0204 3.15135 16.4769 5.48243 -13.0522 3.23307 36.1311
965307 11.1134 3.78162 16.6451 5.53592 -12.4346 2.9477 37.076
965314 11.0458 3.94566 16.6918 5.69638 -12.1025 2.96822 37.3796
965323 11.0458 3.94566 16.6918 5.69638 -12.1025 2.96822 37.3796
965333 11.0289 4.24784 16.7385 5.82119 -11.694 2.88728 37.8363
965343 11.0289 4.24784 16.7385 5.82119 -11.694 2.88728 37.8363
965353 11.1134 4.50686 16.7291 6.22234 -11.0919 2.85098 38.5718
965372 11.1642 4.97308 16.6637 6.86418 -10.0785 2.79489 39.6652
965380 11.1642 4.97308 16.6637 6.86418 -10.0785 2.79489 39.6652
965390 11.0881 5.2839 16.206 7.22968 -9.28245 2.66171 39.8077
965399 10.8259 5.3357 15.3841 7.07813 -8.9298 2.44692 38.6238
965409 10.8259 5.3357 15.3841 7.07813 -8.9298 2.44692 38.6238
965419 10.3861 5.17166 14.3099 6.7483 -8.72298 2.25331 36.6159
965428 10.3861 5.17166 14.3099 6.7483 -8.72298 2.25331 36.6159
965437 9.9801 5.05079 13.4038 6.51652 -8.45223 2.09841 34.9513
965445 9.86169 5.00762 12.5165 6.56109 -7.96057 1.85949 33.9469
965464 9.86169 5.00762 12.5165 6.56109 -7.96057 1.85949 33.9469
965468 9.80249 5.3357 11.7973 6.91767 -6.90214 1.58482 33.8531
965476 9.8194 5.96597 11.1901 7.41689 -5.54386 1.23063 34.3924
965490 9.8194 5.96597 11.1901 7.41689 -5.54386 1.23063 34.3924
965497 9.84478 6.50127 10.3681 8.13005 -4.00467 0.926467 34.8442
965507 9.80249 7.20061 9.59286 8.82538 -2.37805 0.599275 35.4213
965517 9.80249 7.20061 9.59286 8.82538 -2.37805 0.599275 35.4213
965527 9.89552 7.89132 8.71484 9.58311 -0.786985 0.212463 36.0848
965542 9.89552 7.89132 8.71484 9.58311 -0.786985 0.212463 36.0848
965548 9.89552 8.60792 7.86484 10.3319 0.803471 -0.125343 36.7002
965558 9.74328 9.3159 7.44451 11.268 2.24776 -0.137687 37.7716
965572 9.74328 9.3159 7.44451 11.268 2.24776 -0.137687 37.7716
965578 9.22736 9.92026 7.23901 12.204 3.66532 0.114809 38.5906
965593 8.36468 10.3433 7.1456 13.0954 5.08901 0.590402 38.949
965599 8.36468 10.3433 7.1456 13.0954 5.08901 0.590402 38.949
965610 7.29901 10.5505 7.00549 13.7462 6.47144 1.12774 38.6012
965620 7.29901 10.5505 7.00549 13.7462 6.47144 1.12774 38.6012
965629 6.01343 10.6369 6.74396 14.2365 8.04925 1.72604 37.6308
965640 4.83781 10.7146 6.64121 14.7892 9.48059 2.38409 36.9828
965654 4.83781 10.7146 6.64121 14.7892 9.48059 2.38409 36.9828
965661 4.03433 10.9045 6.51978 15.1725 10.5941 2.76545 36.6312
965671 3.63682 11.1549 6.53846 15.5291 11.1971 2.96093 36.8593
965681 3.63682 11.1549 6.53846 15.5291 11.1971 2.96093 36.8593
965690 3.47612 11.3535 6.5011 15.7163 11.5344 2.99126 37.047
965700 3.47612 11.3535 6.5011 15.7163 11.5344 2.99126 37.047
965710 3.50995 11.483 6.5478 15.645 11.4763 2.90428 37.1857
965725 3.65373 11.6125 6.61319 15.6272 11.3132 2.78916 37.5066
965735 3.65373 11.6125 6.61319 15.6272 11.3132 2.78916 37.5066
965746 3.70448 11.6988 6.51044 15.3241 11.2842 2.59059 37.2378
965754 3.75522 11.6729 6.37033 15.0655 11.2664 2.44455 36.864
965763 3.75522 11.6729 6.37033 15.0655 11.2664 2.44455 36.864
965772 3.73831 11.5003 6.27692 14.7268 11.1829 2.38609 36.2423
965791 3.73831 11.5003 6.27692 14.7268 11.1829 2.38609 36.2423
965797 3.70448 11.5434 6.13681 14.4237 11.2584 2.22543 35.8084
965805 3.70448 11.4657 6.00604 14.2187 11.2826 2.14205 35.3949
965813 3.70448 11.4657 6.00604 14.2187 11.2826 2.14205 35.3949
965823 3.66219 11.4053 5.93132 13.9601 11.2789 2.06986 34.9589
965833 4.42338 11.5693 5.9967 13.6749 10.3914 1.54729 35.6643
965848 4.42338 11.5693 5.9967 13.6749 10.3914 1.54729 35.6643
965853 5.23532 11.6902 5.95 13.247 9.51752 0.943233 36.1225
965868 5.23532 11.6902 5.95 13.247 9.51752 0.943233 36.1225
965875 6.00498 11.7593 6.00604 12.9528 8.6465 0.487951 36.7231
965884 6.65622 11.7938 6.02473 12.4536 7.83034 0.0114924 36.9283
965895 6.65622 11.7938 6.02473 12.4536 7.83034 0.0114924 36.9283
965904 7.51891 11.7938 5.91264 11.9098 6.91532 -0.601964 37.1352
965914 8.46617 11.742 5.73516 11.3393 5.95448 -1.2608 37.2826
965924 8.46617 11.742 5.73516 11.3393 5.95448 -1.2608 37.2826
965939 8.88905 11.5434 5.73516 10.8401 5.24166 -1.56342 37.0077
965945 8.88905 11.5434 5.73516 10.8401 5.24166 -1.56342 37.0077
965955 9.23582 11.1894 6.27692 10.4924 4.1465 -1.47438 37.1946
965966 9.75174 10.8873 7.57527 10.3498 2.53474 -1.05563 38.564
965983 9.75174 10.8873 7.57527 10.3498 2.53474 -1.05563 38.564
965992 10.1746 10.4469 8.31319 9.80598 1.13904 -0.9689 38.7407
966002 10.0816 9.78212 8.28516 8.70949 0.0846893 -1.1676 36.8584
966009 10.0816 9.78212 8.28516 8.70949 0.0846893 -1.1676 36.8584
966018 9.9209 9.17776 8.16374 7.44363 -1.05403 -1.50894 34.706
966038 9.94627 8.7547 8.17308 6.18668 -2.40313 -1.96965 33.0607
966040 9.94627 8.7547 8.17308 6.18668 -2.40313 -1.96965 33.0607
966048 10.1915 8.58202 8.72418 5.2774 -3.85681 -2.18397 32.7751
966058 10.1915 8.58202 8.72418 5.2774 -3.85681 -2.18397 32.7751
966068 10.7751 8.52158 9.95714 4.8495 -5.39623 -1.97491 34.1034
966078 11.5363 8.34027 11.4984 4.88516 -6.76311 -1.44501 36.2601
966105 12.2045 7.98629 12.8527 5.02779 -7.90828 -0.910224 38.0713
966113 12.602 7.32148 13.8335 5.18825 -8.93933 -0.347296 38.9452
966124 12.602 7.32148 13.8335 5.18825 -8.93933 -0.347296 38.9452
966132 12.8303 6.59624 14.5527 5.37546 -9.79004 0.19119 39.3548
966142 12.8303 6.59624 14.5527 5.37546 -9.79004 0.19119 39.3548
966149 12.9403 5.71559 15.2253 5.4022 -10.8492 0.752833 39.2834
966164 13.0333 5.11122 15.7297 5.51809 -11.5084 1.18165 39.3923
966171 13.0333 5.11122 15.7297 5.51809 -11.5084 1.18165 39.3923
966181 12.991 4.6191 15.8418 5.57158 -11.9429 1.46189 39.0235
966191 12.9403 4.17877 15.9632 5.53592 -12.4221 1.70129 38.6182
966201 12.9403 4.17877 15.9632 5.53592 -12.4221 1.70129 38.6182
966213 12.7965 3.90249 15.9912 5.57158 -12.6194 1.90678 38.2618
966222 12.7965 3.90249 15.9912 5.57158 -12.6194 1.90678 38.2618
966233 12.6781 3.76435 15.8698 5.57158 -12.6782 1.9793 37.8838
966242 12.4159 3.75571 15.6456 5.54483 -12.5535 2.01493 37.3621
966252 12.4159 3.75571 15.6456 5.54483 -12.5535 2.01493 37.3621
966275 12.0692 3.70391 15.2626 5.42895 -12.4771 2.02327 36.4646
966284 12.0692 3.70391 15.2626 5.42895 -12.4771 2.02327 36.4646
966295 11.9423 3.71254 15.1412 5.4022 -12.41 2.02575 36.1982
966304 11.8493 3.71254 15.1505 5.41112 -12.3716 2.07616 36.1235
966314 11.8493 3.71254 15.1505 5.41112 -12.3716 2.07616 36.1235
966324 11.8323 3.70391 15.0945 5.39329 -12.3734 2.06177 36.024
966335 11.8323 3.70391 15.0945 5.39329 -12.3734 2.06177 36.024
966344 11.7139 3.67801 15.0758 5.45569 -12.2873 2.14605 35.9235
966359 11.7393 3.64347 15.1225 5.52701 -12.2746 2.19251 36.0323
966366 11.7393 3.64347 15.1225 5.52701 -12.2746 2.19251 36.0323
966376 11.6632 3.87659 15.1319 5.66072 -11.8749 2.16865 36.3324
966386 11.7139 4.29964 15.0852 5.77661 -11.3374 1.97213 36.8754
966396 11.7139 4.29964 15.0852 5.77661 -11.3374 1.97213 36.8754
966406 11.6886 4.88674 14.8984 5.88359 -10.5847 1.68909 37.3572
966421 11.6886 4.88674 14.8984 5.88359 -10.5847 1.68909 37.3572
966427 11.7647 5.88827 14.6181 5.99948 -9.46881 1.16199 38.2706
966438 11.6886 6.57897 14.2912 6.28474 -8.44161 0.89143 38.8435
966447 11.6886 6.57897 14.2912 6.28474 -8.44161 0.89143 38.8435
966462 11.4856 7.06247 14.011 6.7483 -7.43233 0.84383 39.3073
966471 11.2826 7.41646 13.7868 7.38123 -6.44123 0.928962 39.8671
966479 11.2826 7.41646 13.7868 7.38123 -6.44123 0.928962 39.8671
966490 10.8343 7.51143 13.133 7.44363 -5.7886 0.859727 38.9224
966498 10.1831 7.28695 12.0962 7.18511 -5.31082 0.739251 36.7513
966517 10.1831 7.28695 12.0962 7.18511 -5.31082 0.739251 36.7513
966527 9.55721 7.03657 10.9005 6.78395 -4.84071 0.477294 34.2783
966531 9.55721 7.03657 10.9005 6.78395 -4.84071 0.477294 34.2783
966540 9.01592 6.95886 9.79835 6.53435 -4.11751 0.166177 32.3075
966550 8.92289 7.22651 8.63077 6.68589 -2.893 -0.396968 31.4661
966559 8.92289 7.22651 8.63077 6.68589 -2.893 -0.396968 31.4661
966569 9.05821 7.72727 7.6967 7.00682 -1.60439 -0.991757 31.489
966584 9.30348 8.50432 6.90275 7.62192 -0.0618532 -1.52314 32.3325
966602 9.53184 9.4454 6.2956 8.37965 1.484 -1.91753 33.6525
966611 9.53184 9.4454 6.2956 8.37965 1.484 -1.91753 33.6525
966621 9.77711 10.4383 6.03407 9.4494 2.85479 -1.98828 35.6989
966631 9.76866 11.2412 6.27692 10.742 3.90339 -1.57419 38.0288
966641 9.76866 11.2412 6.27692 10.742 3.90339 -1.57419 38.0288
966651 9.39652 12.0269 6.57582 11.9455 5.00694 -1.08981 39.9447
966668 8.80448 12.4327 7.0989 13.1578 5.8365 -0.35443 41.4939
966677 8.80448 12.4327 7.0989 13.1578 5.8365 -0.35443 41.4939
966686 7.69652 12.5967 7.22967 13.9334 6.9977 0.31472 41.4563
966692 7.69652 12.5967 7.22967 13.9334 6.9977 0.31472 41.4563
966702 6.45323 12.4154 7.26703 14.4772 8.10848 1.06206 40.6129
966717 5.3199 12.1564 7.3511 14.7714 9.00078 1.75995 39.5988
966723 5.3199 12.1564 7.3511 14.7714 9.00078 1.75995 39.5988
966733 4.53333 11.9147 7.38846 14.9675 9.63843 2.28376 38.804
966747 4.04279 11.6902 7.44451 15.1636 10.0196 2.68972 38.3411
966764 3.88209 11.4916 7.51923 15.2082 10.0381 2.89507 38.1011
966774 4.10199 11.4485 7.70604 15.1993 9.64725 2.86883 38.4557
966784 4.10199 11.4485 7.70604 15.1993 9.64725 2.86883 38.4557
966794 4.13582 11.2585 7.6033 14.9764 9.54323 2.83827 37.974
966804 4.13582 11.2585 7.6033 14.9764 9.54323 2.83827 37.974
966819 4.06816 10.9563 7.46319 14.6198 9.46224 2.85327 37.1075
966826 4.03433 10.7577 7.38846 14.3256 9.35499 2.84419 36.5062
966836 4.03433 10.7577 7.38846 14.3256 9.35499 2.84419 36.5062
966854 3.94129 10.4297 7.27637 14.0315 9.27964 2.91639 35.6788
966857 3.83134 10.1879 7.20165 13.8353 9.26387 3.00277 35.0562
966866 3.83134 10.1879 7.20165 13.8353 9.26387 3.00277 35.0562
966885 3.7806 9.9289 7.16429 13.5857 9.11922 3.0647 34.4595
966889 3.7806 9.9289 7.16429 13.5857 9.11922 3.0647 34.4595
966896 3.82289 9.84256 7.28571 13.5412 8.897 3.11436 34.4923
966911 4.85473 9.8771 7.28571 13.3718 7.84731 2.51164 35.3893
966917 4.85473 9.8771 7.28571 13.3718 7.84731 2.51164 35.3893
966927 6.11493 10.0584 7.36044 13.0598 6.58779 1.74083 36.5936
966937 6.94378 9.91163 7.52857 12.7745 5.52619 1.39174 37.1585
966947 6.94378 9.91163 7.52857 12.7745 5.52619 1.39174 37.1585
966957 7.95871 9.75622 7.65934 12.3288 4.28809 0.904384 37.7031
966967 7.95871 9.75622 7.65934 12.3288 4.28809 0.904384 37.7031
966982 8.99055 9.66988 7.63132 11.7315 3.1425 0.277095 38.0233
966988 9.46418 9.41087 7.41648 11.1521 2.45855 -0.122783 37.4436
966999 9.46418 9.41087 7.41648 11.1521 2.45855 -0.122783 37.4436
