258036 30.0651 21.6207 34 18.4376 -5.76403 0.1083 104.123
258043 29.7284 19.7552 34 17.2798 -6.62278 0.267395 100.763
258053 29.7284 19.7552 34 17.2798 -6.62278 0.267395 100.763
258061 29.4686 17.4688 34 16.2449 -7.65442 0.510512 97.1822
258070 29.4782 15.4992 34 15.18 -8.70859 0.669506 94.1573
258079 29.4782 15.4992 34 15.18 -8.70859 0.669506 94.1573
258088 29.6706 13.6423 34 14.3764 -9.72083 0.828361 91.6894
258100 29.6706 13.6423 34 14.3764 -9.72083 0.828361 91.6894
258114 29.8149 11.9106 34 13.8827 -10.6078 1.03068 89.6082
258123 29.8727 10.4386 34 13.6794 -11.2951 1.25606 87.9906
258132 29.8727 10.4386 34 13.6794 -11.2951 1.25606 87.9906
258143 29.8342 9.01471 34 13.6794 -11.8863 1.5308 86.5283
258149 29.6899 7.77363 34 13.7472 -12.372 1.81028 85.2107
258159 29.6899 7.77363 34 13.7472 -12.372 1.81028 85.2107
258169 29.4397 6.5614 34 13.7375 -12.8796 2.10232 83.7386
258188 29.0934 5.41653 34 13.8149 -13.3198 2.42424 82.3248
258205 28.468 4.4833 34 13.9214 -13.6212 2.7766 80.8727
258214 28.468 4.4833 34 13.9214 -13.6212 2.7766 80.8727
258225 27.8715 3.89643 34 14.0376 -13.7639 3.05799 79.8055
258231 27.1019 3.52122 34 14.3183 -13.7008 3.36235 78.9414
258240 27.1019 3.52122 34 14.3183 -13.7008 3.36235 78.9414
258249 26.2745 3.35767 34 14.4539 -13.5949 3.61558 78.086
258268 26.2745 3.35767 34 14.4539 -13.5949 3.61558 78.086
258275 25.4182 3.15563 34 14.4636 -13.5645 3.87274 77.0374
258284 24.6582 2.90549 34 14.2603 -13.6805 4.09434 75.8239
258293 24.6582 2.90549 34 14.2603 -13.6805 4.09434 75.8239
258303 24.283 2.84776 34 13.8924 -13.8433 4.15105 75.0231
258311 24.2733 2.71307 34 13.5438 -14.0937 4.1374 74.5303
258320 24.2733 2.71307 34 13.5438 -14.0937 4.1374 74.5303
258338 24.5331 2.76118 34 13.2437 -14.2639 4.01462 74.538
258347 24.5331 2.76118 34 13.2437 -14.2639 4.01462 74.538
258355 24.9083 2.80928 34 13.0598 -14.3891 3.87995 74.7774
258364 25.3797 2.84776 34 12.9146 -14.5116 3.73035 75.1421
258381 25.9666 2.91511 34 12.7403 -14.6489 3.54234 75.622
258399 26.7267 3.08829 34 12.5757 -14.7474 3.29113 76.3907
258408 26.7267 3.08829 34 12.5757 -14.7474 3.29113 76.3907
258417 27.4578 3.27108 34 12.5177 -14.7803 3.06591 77.2466
258425 27.4578 3.27108 34 12.5177 -14.7803 3.06591 77.2466
258435 28.3045 3.4635 34 12.537 -14.7832 2.82914 78.305
258445 29.1992 3.72326 34 12.75 -14.6619 2.60332 79.6725
258455 29.1992 3.72326 34 12.75 -14.6619 2.60332 79.6725
258464 29.9689 3.86757 34 12.7403 -14.6944 2.40216 80.5768
258482 30.7289 4.08885 34 12.7597 -14.6733 2.19581 81.5775
258490 30.7289 4.08885 34 12.7597 -14.6733 2.19581 81.5775
258499 31.2003 4.2043 34 12.7887 -14.6628 2.07756 82.1934
258508 31.2003 4.2043 34 12.7887 -14.6628 2.07756 82.1934
258517 31.3447 4.32937 34 12.7403 -14.644 2.01414 82.4143
258527 31.2003 4.31013 34 12.5854 -14.7099 2.02354 82.0959
258535 31.2003 4.31013 34 12.5854 -14.7099 2.02354 82.0959
258545 30.9406 4.29089 34 12.5273 -14.7147 2.07241 81.7588
258556 30.652 4.22354 34 12.6048 -14.6734 2.15929 81.4803
258583 30.6135 5.59932 34 12.9727 -13.837 1.94022 83.1854
258592 30.1998 5.73401 34 12.9049 -13.7499 1.98659 82.8387
258600 30.1998 5.73401 34 12.9049 -13.7499 1.98659 82.8387
258609 29.9208 6.9751 34 12.963 -13.1121 1.80072 83.8588
258619 29.9208 6.9751 34 12.963 -13.1121 1.80072 83.8588
258626 29.382 8.21619 34 13.2825 -12.336 1.71139 84.8807
258640 28.7855 9.71703 34 13.9214 -11.3241 1.63477 86.424
258647 28.7855 9.71703 34 13.9214 -11.3241 1.63477 86.424
258660 27.9677 11.189 34 14.5604 -10.3225 1.60805 87.7171
258668 27.1019 12.459 34 15.3639 -9.35595 1.6536 88.9247
258681 27.1019 12.459 34 15.3639 -9.35595 1.6536 88.9247
258688 26.0724 13.6327 34 16.5837 -8.2668 1.80729 90.2889
258705 26.0724 13.6327 34 16.5837 -8.2668 1.80729 90.2889
258714 24.9949 14.8738 34 18.1964 -7.03979 2.00852 92.0651
258723 23.7346 15.8263 34 20.7628 -5.60452 2.41752 94.3236
258734 23.7346 15.8263 34 20.7628 -5.60452 2.41752 94.3236
258744 22.5993 16.6825 34 23.6186 -4.20488 2.8385 96.9004
258752 22.5993 16.6825 34 23.6186 -4.20488 2.8385 96.9004
258760 21.8778 17.2774 34 26.0982 -3.14905 3.16508 99.2534
258769 21.2428 17.7271 34 27.6612 -2.44818 3.38236 100.631
258779 21.2428 17.7271 34 27.6612 -2.44818 3.38236 100.631
258789 20.8291 18.1767 34 28.269 -2.06946 3.44556 101.275
258799 20.4443 18.7603 34 28.6742 -1.72012 3.45553 101.879
258817 20.4443 18.7603 34 28.6742 -1.72012 3.45553 101.879
258825 20.0017 19.6882 34 29.3207 -1.21172 3.44101 103.011
258834 19.7227 20.8075 30.9073 30.2951 0.116166 3.04801 101.733
258852 19.3763 22.1182 28.0065 31.8292 1.61957 2.71506 101.33
258870 19.3763 22.1182 28.0065 31.8292 1.61957 2.71506 101.33
258878 18.8376 23.4862 25.217 34 3.30696 2.49553 101.541
258887 18.039 24.8925 23.0036 34 4.46537 2.11217 99.9351
258895 18.039 24.8925 23.0036 34 4.46537 2.11217 99.9351
258905 16.8067 26.2701 20.9518 34 5.74107 1.81707 98.0287
258915 15.1637 27.4755 19.2741 34 7.04743 1.66319 95.9133
258924 15.1637 27.4755 19.2741 34 7.04743 1.66319 95.9133
258935 13.1342 28.8627 17.7883 34 8.51418 1.56605 93.7852
258950 13.1342 28.8627 17.7883 34 8.51418 1.56605 93.7852
258959 11.008 30.0968 16.5548 34 9.96461 1.54649 91.6595
258968 8.9494 31.1396 15.472 34 11.366 1.57151 89.561
258985 7.03582 32.0006 14.7333 34 12.5987 1.65723 87.7697
258994 5.57646 32.5841 14.2375 34 13.5333 1.7495 86.3981
259012 5.57646 32.5841 14.2375 34 13.5333 1.7495 86.3981
259020 4.51336 32.9955 14.1262 34 14.1169 1.85975 85.635
259030 4.51336 32.9955 14.1262 34 14.1169 1.85975 85.635
259041 3.86583 33.2729 14.1161 34 14.454 1.93138 85.2548
259050 3.67254 33.4738 14.2173 34 14.5214 1.94537 85.3636
259061 3.67254 33.4738 14.2173 34 14.5214 1.94537 85.3636
259068 3.67254 33.4547 14.1768 34 14.5378 1.94297 85.304
259077 3.66288 33.5025 13.9036 34 14.6752 1.89343 85.069
259085 3.66288 33.5025 13.9036 34 14.6752 1.89343 85.069
259103 3.61455 33.426 13.6607 34 14.8022 1.88076 84.7013
259112 3.65321 33.2921 13.3268 34 14.9255 1.84786 84.2721
259129 3.61455 33.2634 12.9423 34 15.1236 1.80106 83.8202
259138 3.61455 33.2634 12.9423 34 15.1236 1.80106 83.8202
259147 3.5759 33.1103 12.6589 34 15.2605 1.79484 83.3451
259166 3.59522 33.1773 12.2845 34 15.4404 1.71786 83.057
259167 3.59522 33.1773 12.2845 34 15.4404 1.71786 83.057
259177 3.62422 33.426 12.0113 34 15.588 1.61828 83.0615
259194 3.69187 33.7321 11.7583 34 15.7131 1.5029 83.1823
259203 3.69187 33.7321 11.7583 34 15.7131 1.5029 83.1823
259212 3.75952 34 11.4548 34 15.8584 1.38713 83.2143
259220 3.75952 34 11.4548 34 15.8584 1.38713 83.2143
259230 3.81751 34 11.2018 34 15.9543 1.3342 83.0193
259247 3.88516 34 10.9792 34 16.0309 1.28415 82.8643
259255 3.88516 34 10.9792 34 16.0309 1.28415 82.8643
259264 3.96248 34 10.8071 34 16.0779 1.24043 82.7696
259273 3.8755 34 10.6452 34 16.2018 1.23055 82.5207
259283 3.8755 34 10.6452 34 16.2018 1.23055 82.5207
259293 3.92382 34 10.5845 34 16.208 1.21092 82.5083
259303 3.92382 34 10.5845 34 16.208 1.21092 82.5083
259312 4.0108 34 10.5946 34 16.1595 1.19553 82.6054
259320 4.0108 34 10.7869 34 16.0639 1.22759 82.7977
259339 4.0108 34 10.7869 34 16.0639 1.22759 82.7977
259347 4.04946 34 10.9994 34 15.9398 1.25528 83.0489
259355 4.13644 34 11.0804 34 15.8571 1.25165 83.2168
259364 4.13644 34 11.0804 34 15.8571 1.25165 83.2168
259373 4.52302 34 11.647 34 15.3944 1.26957 84.1701
259382 4.52302 34 11.647 34 15.3944 1.26957 84.1701
259399 6.01137 34 12.0821 34 14.4919 1.05771 86.0935
259409 7.77032 34 12.669 34 13.4444 0.830861 88.4394
259419 7.77032 34 12.669 34 13.4444 0.830861 88.4394
259429 9.98351 34 13.1143 34 12.3225 0.515508 91.0978
259438 12.1387 34 13.681 34 11.2397 0.246575 93.8197
259447 12.1387 34 13.681 34 11.2397 0.246575 93.8197
259455 14.2843 34 14.2679 34 10.2141 -0.0025472 96.5521
259473 16.1205 34 14.7738 34 9.38013 -0.204265 98.8943
259491 17.8947 34 15.4417 34 8.55162 -0.363109 101.336
259499 17.8947 34 15.4417 34 8.55162 -0.363109 101.336
259508 19.4341 34 16.7065 32.5914 7.41024 -0.603922 102.732
259516 20.7136 34 18.9608 30.2372 5.90955 -0.796203 103.912
259525 20.7136 34 18.9608 30.2372 5.90955 -0.796203 103.912
259535 21.7816 32.6415 22.4376 28.7514 4.06531 -0.459335 105.612
259545 21.7816 32.6415 22.4376 28.7514 4.06531 -0.459335 105.612
259557 22.4839 30.4508 26.2782 27.6515 2.18505 0.139682 106.864
259573 23.4556 29.2454 29.4215 26.1561 0.582832 0.398508 108.279
259582 23.4556 29.2454 29.4215 26.1561 0.582832 0.398508 108.279
259590 24.1964 28.6235 31.8068 24.1396 -0.744721 0.431176 108.766
259599 25.0141 27.8678 34 22.046 -2.08863 0.435711 108.928
259608 25.0141 27.8678 34 22.046 -2.08863 0.435711 108.928
259617 25.7357 26.892 34 20.0874 -2.98841 0.205184 106.715
259634 26.2552 25.5335 34 18.5726 -3.86856 0.112674 104.361
259643 26.2552 25.5335 34 18.5726 -3.86856 0.112674 104.361
259652 26.6016 23.8976 34 17.4824 -4.71203 0.144621 101.982
259660 26.6016 23.8976 34 17.4824 -4.71203 0.144621 101.982
259672 26.6593 21.946 34 16.7773 -5.51807 0.327832 99.3826
259682 26.4861 19.8796 34 16.6515 -6.1729 0.662631 97.0172
259702 26.1783 17.6027 34 16.5934 -6.88274 1.08278 94.3744
259710 25.8223 15.451 34 16.6805 -7.52843 1.53455 91.9539
259730 25.399 13.3441 34 16.7386 -8.19058 2.01084 89.4817
259745 25.399 13.3441 34 16.7386 -8.19058 2.01084 89.4817
259754 24.9468 11.468 34 16.7096 -8.8291 2.46109 87.1244
259763 24.4177 9.75552 34 16.8257 -9.36377 2.93872 84.9989
259775 24.4177 9.75552 34 16.8257 -9.36377 2.93872 84.9989
259780 24.1194 8.16808 34 16.8064 -9.97214 3.34301 83.0939
259789 23.648 6.73458 34 16.8935 -10.4643 3.78542 81.2761
259807 23.648 6.73458 34 16.8935 -10.4643 3.78542 81.2761
259818 23.3209 5.57046 34 16.9322 -10.9047 4.1418 79.8236
259819 23.3209 5.57046 34 16.9322 -10.9047 4.1418 79.8236
259838 22.9745 4.67572 34 16.9226 -11.2559 4.44282 78.5728
259841 22.5801 4.05999 34 16.9322 -11.4693 4.69733 77.5723
259849 22.5801 4.05999 34 16.9322 -11.4693 4.69733 77.5723
259860 22.3107 3.88681 34 16.9903 -11.4764 4.81801 77.1878
259869 22.3107 3.88681 34 16.9903 -11.4764 4.81801 77.1878
259887 22.0125 3.76174 34 16.9613 -11.4971 4.92349 76.7355
259895 21.7719 3.72326 34 16.8645 -11.5192 4.98351 76.3596
259913 21.5988 3.71364 34 16.7096 -11.5676 5.01115 76.022
259922 21.4737 3.68478 34 16.5063 -11.6576 5.02502 75.6647
259950 21.339 3.66553 34 16.361 -11.7137 5.0467 75.3656
259953 21.0407 3.49236 34 16.1384 -11.8553 5.14358 74.6715
259978 20.7906 3.42501 34 15.8964 -11.9647 5.19769 74.112
259991 20.7906 3.42501 34 15.8964 -11.9647 5.19769 74.112
259997 20.4827 3.30956 34 15.8189 -12.0071 5.30353 73.6112
260005 20.4731 3.26146 34 15.7511 -12.0637 5.31053 73.4857
260014 20.4731 3.26146 34 15.7511 -12.0637 5.31053 73.4857
260023 20.5308 3.17487 34 15.7318 -12.1274 5.31596 73.4375
260040 20.7425 3.16525 34 15.6737 -12.1986 5.25253 73.5814
260059 21.1466 3.22298 34 15.6834 -12.2346 5.12751 74.0529
260079 21.541 3.2807 34 15.8092 -12.2104 5.02221 74.631
260088 21.9162 3.33843 34 15.8092 -12.2458 4.90673 75.0639
260101 21.9162 3.33843 34 15.8092 -12.2458 4.90673 75.0639
260105 22.3011 3.38653 34 15.6253 -12.3781 4.76765 75.3129
260114 22.5897 3.33843 34 15.6059 -12.4597 4.70208 75.534
260132 22.5897 3.33843 34 15.6059 -12.4597 4.70208 75.534
260140 22.8976 3.33843 34 15.5866 -12.5202 4.61945 75.8226
260149 22.8976 3.33843 34 15.5866 -12.5202 4.61945 75.8226
260158 23.4363 3.99264 34 15.7415 -12.214 4.33699 77.1704
260169 24.129 5.43577 34 15.8189 -11.6127 3.82713 79.3837
260177 24.129 5.43577 34 15.8189 -11.6127 3.82713 79.3837
260191 24.6678 5.87832 34 15.8286 -11.4964 3.59861 80.3747
260195 25.0623 6.59027 34 15.7124 -11.2947 3.32942 81.3649
260222 25.6203 7.34069 34 15.6156 -11.1 3.02531 82.5766
260234 25.6203 7.34069 34 15.6156 -11.1 3.02531 82.5766
260239 26.1398 8.51443 34 15.6253 -10.6788 2.66454 84.2795
260248 26.6112 9.94793 34 15.4413 -10.2389 2.24688 86.0005
260277 26.9864 11.3141 34 15.2574 -9.82633 1.87708 87.5579
260283 27.1692 12.2666 34 15.1896 -9.50998 1.65086 88.6254
260292 27.1692 12.2666 34 15.1896 -9.50998 1.65086 88.6254
260302 27.4386 13.017 34 15.2284 -9.25284 1.46728 89.6839
260323 27.6695 13.6423 34 15.8189 -8.83573 1.40025 91.1307
260329 27.9196 14.0464 34 17.3377 -8.18176 1.50663 93.3037
260338 27.9196 14.0464 34 17.3377 -8.18176 1.50663 93.3037
260355 27.9389 14.5178 34 19.6146 -7.23588 1.74213 96.0714
260369 27.7946 14.8546 34 22.2003 -6.25691 2.05634 98.8495
260373 27.7946 14.8546 34 22.2003 -6.25691 2.05634 98.8495
260382 27.6406 15.2105 34 24.101 -5.52962 2.2659 100.952
260392 27.6406 15.2105 34 24.101 -5.52962 2.2659 100.952
260399 27.4578 15.6531 34 25.0948 -5.06576 2.34584 102.206
260416 27.3713 16.2496 34 25.5868 -4.73193 2.32047 103.208
260425 27.3713 16.2496 34 25.5868 -4.73193 2.32047 103.208
260437 27.15 16.9327 34 25.7798 -4.43797 2.26701 103.862
260444 27.1115 17.8419 32.3627 26.1947 -3.72851 1.97139 103.511
260454 27.1115 17.8419 32.3627 26.1947 -3.72851 1.97139 103.511
260463 27.0057 18.789 29.7348 27.063 -2.65335 1.60877 102.592
260471 27.0057 18.789 29.7348 27.063 -2.65335 1.60877 102.592
260483 26.8421 19.9657 27.6326 28.7128 -1.40475 1.38691 103.153
260498 26.4861 21.2189 25.9649 31.4336 0.0479162 1.38342 105.104
260507 26.4861 21.2189 25.9649 31.4336 0.0479162 1.38342 105.104
260515 25.7357 22.4147 24.5095 34 1.44607 1.45683 106.66
260529 24.5523 23.4097 23.2158 34 2.29172 1.31973 105.178
260533 24.5523 23.4097 23.2158 34 2.29172 1.31973 105.178
260541 22.9553 24.3376 21.9221 34 3.26024 1.25406 103.215
260559 22.9553 24.3376 21.9221 34 3.26024 1.25406 103.215
260573 21.0215 25.1508 20.6486 34 4.33459 1.26109 100.821
260579 18.9145 26.1744 19.365 34 5.55966 1.2609 98.454
260588 18.9145 26.1744 19.365 34 5.55966 1.2609 98.454
260597 16.4878 27.1024 17.9804 34 6.96717 1.31686 95.5706
260605 13.5401 27.7051 16.5649 34 8.60476 1.52266 91.8101
260619 13.5401 27.7051 16.5649 34 8.60476 1.52266 91.8101
260623 10.5827 28.1835 15.2089 34 10.3415 1.78052 87.9751
260642 7.75099 28.6809 14.1869 34 12.0372 2.08375 84.6188
260649 7.75099 28.6809 14.1869 34 12.0372 2.08375 84.6188
260658 5.5668 29.2741 13.4685 34 13.4368 2.30125 82.3093
260666 5.5668 29.2741 13.4685 34 13.4368 2.30125 82.3093
260675 3.93349 29.7237 12.9625 34 14.5212 2.47557 80.6197
260689 2.9477 30.2977 12.8815 34 15.1224 2.55273 80.1269
260694 2.9477 30.2977 12.8815 34 15.1224 2.55273 80.1269
260704 2.54179 30.8239 12.9321 34 15.3647 2.53429 80.2978
260723 2.54179 30.8239 12.9321 34 15.3647 2.53429 80.2978
260724 2.49346 31.2544 13.0131 34 15.3997 2.4638 80.7609
260739 2.54179 31.6179 13.0131 34 15.4187 2.3752 81.1728
260752 2.54179 31.6179 13.0131 34 15.4187 2.3752 81.1728
260764 2.57078 31.8666 12.9119 34 15.4838 2.30017 81.3493
260769 2.51279 32.1058 12.6994 34 15.6465 2.22844 81.318
260778 2.51279 32.1058 12.6994 34 15.6465 2.22844 81.318
260789 2.52246 32.2493 12.325 34 15.8458 2.13694 81.0968
260805 2.56111 32.4598 11.9708 34 16.0287 2.02798 80.9917
260812 2.56111 32.4598 11.9708 34 16.0287 2.02798 80.9917
260816 2.59011 32.632 11.7381 34 16.1511 1.94837 80.9602
260843 2.65776 32.7659 11.4446 34 16.2806 1.85876 80.8683
260851 2.59977 32.9859 11.2524 34 16.4322 1.79371 80.8381
260869 2.68675 33.0433 11.0905 34 16.4767 1.73726 80.8206
260878 2.71575 33.0816 11.0702 34 16.4762 1.72001 80.8676
260895 2.71575 33.0816 11.0702 34 16.4762 1.72001 80.8676
260909 2.68675 33.1007 11.0702 34 16.4931 1.72205 80.8577
260914 2.68675 33.1007 11.0702 34 16.4931 1.72205 80.8577
260923 2.73508 33.0529 11.1714 34 16.4114 1.73855 80.9594
260933 2.65776 32.8903 11.394 34 16.3198 1.82464 80.9421
260942 2.65776 32.8903 11.394 34 16.3198 1.82464 80.9421
260956 2.60944 32.8616 11.6875 34 16.192 1.88825 81.1585
260959 2.70608 32.6798 11.9911 34 15.9697 1.95483 81.377
260985 2.70608 32.6798 11.9911 34 15.9697 1.95483 81.377
260987 2.65776 32.5841 12.3048 34 15.8258 2.03495 81.5467
260995 2.65776 32.5841 12.3048 34 15.8258 2.03495 81.5467
261004 3.34395 32.4789 12.922 34 15.171 2.01206 82.7449
261013 4.74531 32.4598 13.4077 34 14.2729 1.80871 84.6128
261022 4.74531 32.4598 13.4077 34 14.2729 1.80871 84.6128
261032 6.68789 32.5076 13.6607 34 13.286 1.46194 86.8562
261040 8.73678 32.4311 14.0958 34 12.2106 1.16419 89.2637
261053 8.73678 32.4311 14.0958 34 12.2106 1.16419 89.2637
261069 10.7277 32.4406 14.8244 34 11.1119 0.922261 91.9927
261078 10.7277 32.4406 14.8244 34 11.1119 0.922261 91.9927
261087 12.6026 32.3928 16.0387 34 9.93103 0.796021 95.0341
261100 14.6708 32.3928 18.2937 34 8.41112 0.789583 99.3573
261104 14.6708 32.3928 18.2937 34 8.41112 0.789583 99.3573
261113 16.3621 32.0006 21.1843 34 6.86986 0.988188 103.547
261130 17.5388 31.2448 24.3175 34 5.45946 1.33527 107.101
261148 18.5105 30.0777 26.8948 34 4.26378 1.6861 109.483
261171 19.2128 28.5661 29.2295 30.0153 2.36844 1.60701 107.024
261174 19.9921 27.0642 31.4631 26.5131 0.505081 1.55951 105.032
261184 19.9921 27.0642 31.4631 26.5131 0.505081 1.55951 105.032
261197 20.8964 26.3275 33.9293 23.8888 -1.09704 1.51283 105.042
261204 21.7527 25.5239 34 22.0942 -1.96733 1.27951 103.371
261221 21.7527 25.5239 34 22.0942 -1.96733 1.27951 103.371
261230 22.6089 24.2994 34 21.2452 -2.70779 1.22417 102.154
261239 22.6089 24.2994 34 21.2452 -2.70779 1.22417 102.154
261248 23.2728 22.7113 34 20.9847 -3.36163 1.33713 100.969
261256 23.6095 20.7693 34 20.7724 -4.05134 1.57239 99.1512
261271 23.6095 20.7693 34 20.7724 -4.05134 1.57239 99.1512
261283 23.7923 18.6359 34 20.454 -4.82606 1.86193 96.8822
261297 23.8885 16.3843 34 20.0006 -5.70248 2.18425 94.2733
261303 23.8885 16.3843 34 20.0006 -5.70248 2.18425 94.2733
261313 23.8981 14.0656 34 19.5182 -6.64457 2.5504 91.4819
261323 23.8981 14.0656 34 19.5182 -6.64457 2.5504 91.4819
261330 23.8212 11.6893 34 19.0454 -7.64671 2.97015 88.5559
261348 23.6287 9.45727 34 18.5437 -8.64997 3.40846 85.6297
261350 23.6287 9.45727 34 18.5437 -8.64997 3.40846 85.6297
261359 23.5133 7.61969 34 18.2446 -9.48966 3.79807 83.3776
261373 23.5806 6.22467 34 17.9938 -10.1964 4.06883 81.7991
261377 23.5806 6.22467 34 17.9938 -10.1964 4.06883 81.7991
261397 23.8308 5.41653 34 17.8008 -10.6768 4.17409 81.0481
261404 23.8308 5.41653 34 17.8008 -10.6768 4.17409 81.0481
261414 24.408 5.23373 34 17.8297 -10.8457 4.0851 81.4715
261424 24.8217 5.18563 34 17.8587 -10.9256 4.00374 81.866
261447 24.9853 5.14714 34 17.7719 -11.0087 3.96306 81.9043
261450 24.9757 5.10866 34 17.6947 -11.058 3.9638 81.779
261459 24.9757 5.10866 34 17.6947 -11.058 3.9638 81.779
261473 24.9372 5.10866 34 17.2798 -11.2353 3.91647 81.3256
261485 24.9372 5.10866 34 17.2798 -11.2353 3.91647 81.3256
261499 25.0141 5.05093 34 16.971 -11.4123 3.86974 81.036
261503 24.9949 5.00283 34 16.6515 -11.575 3.8414 80.6492
261511 24.9949 5.00283 34 16.6515 -11.575 3.8414 80.6492
261524 24.9564 4.82965 34 16.3223 -11.7979 3.84534 80.1084
261529 25.0911 4.87776 34 16.2158 -11.8469 3.78756 80.1847
261548 25.0911 4.87776 34 16.2158 -11.8469 3.78756 80.1847
261556 24.8506 4.83928 34 16.1481 -11.8563 3.8437 79.8379
261574 24.5139 4.56027 34 16.3126 -11.8537 4.01298 79.3868
261578 24.5139 4.56027 34 16.3126 -11.8537 4.01298 79.3868
261584 24.4561 4.56027 34 16.3998 -11.8037 4.03885 79.4162
261598 24.4561 4.56027 34 16.3998 -11.8037 4.03885 79.4162
261602 24.687 4.44482 34 16.5159 -11.8416 4.02724 79.6478
261623 24.9276 4.52179 34 16.3804 -11.9083 3.93294 79.8298
261628 24.9276 4.52179 34 16.3804 -11.9083 3.93294 79.8298
261637 25.1296 4.54103 34 16.3126 -11.9637 3.87119 79.9833
261648 25.2739 4.618 34 16.2836 -11.9651 3.81507 80.1755
261654 25.2739 4.618 34 16.2836 -11.9651 3.81507 80.1755
261663 25.5818 4.618 34 16.2158 -12.0462 3.73362 80.4156
261673 25.5818 4.618 34 16.2158 -12.0462 3.73362 80.4156
261683 26.0532 4.76231 34 16.1868 -12.0688 3.58717 81.0023
261699 26.6401 4.93548 34 16.1287 -12.1095 3.40615 81.7043
261710 26.6401 4.93548 34 16.1287 -12.1095 3.40615 81.7043
261726 27.1404 5.47425 34 16.1384 -11.9415 3.1764 82.753
261728 27.8042 6.94624 34 16.0319 -11.4488 2.70365 84.7823
261751 28.1313 7.6678 34 15.9835 -11.2144 2.48029 85.7826
261754 28.1313 7.6678 34 15.9835 -11.2144 2.48029 85.7826
261777 28.3622 8.37012 34 16.0125 -10.9458 2.29643 86.7448
261780 28.5835 9.23599 34 16.2062 -10.5484 2.11075 88.0256
261789 28.5835 9.23599 34 16.2062 -10.5484 2.11075 88.0256
261802 28.7663 10.5733 34 16.1093 -10.085 1.80602 89.4489
261808 28.9587 12.0838 34 15.8479 -9.6344 1.45321 90.8904
261818 28.9587 12.0838 34 15.8479 -9.6344 1.45321 90.8904
261828 29.0838 13.4114 34 15.5478 -9.26863 1.14935 92.043
261837 29.0838 13.4114 34 15.5478 -9.26863 1.14935 92.043
261852 29.0934 14.4216 34 15.3349 -8.97603 0.940204 92.8499
261863 29.2377 15.4222 34 15.238 -8.67364 0.731353 93.8979
261878 29.2377 15.4222 34 15.238 -8.67364 0.731353 93.8979
261880 29.2858 16.5093 34 15.1703 -8.32045 0.53311 94.9654
261889 29.2377 17.6218 34 15.1509 -7.93272 0.357989 96.0104
261905 29.2377 17.6218 34 15.1509 -7.93272 0.357989 96.0104
261907 29.2281 18.7411 34 15.3445 -7.48671 0.211993 97.3137
261930 29.2281 18.7411 34 15.3445 -7.48671 0.211993 97.3137
261934 29.1222 20.0135 34 16.2449 -6.75782 0.167406 99.3806
261944 28.9202 21.6398 34 18.5244 -5.51877 0.285838 103.084
261956 28.9202 21.6398 34 18.5244 -5.51877 0.285838 103.084
261963 28.4392 23.2662 33.1611 22.3161 -3.73614 0.527869 107.183
261972 28.0062 24.9977 30.8163 26.3587 -1.69408 0.567847 110.179
261981 28.0062 24.9977 30.8163 26.3587 -1.69408 0.567847 110.179
261989 27.1307 26.2606 27.8347 29.0602 0.0805318 0.476525 110.286
262007 25.8608 27.1694 24.651 31.3371 1.83334 0.406991 109.018
262024 23.8981 27.9826 21.3561 33.8746 3.87514 0.46914 107.111
262035 23.8981 27.9826 21.3561 33.8746 3.87514 0.46914 107.111
262042 21.4929 28.4131 18.5868 34 5.44754 0.392343 102.493
262050 18.9338 28.8723 16.8583 34 6.86168 0.46404 98.6644
262069 18.9338 28.8723 16.8583 34 6.86168 0.46404 98.6644
262070 16.3428 29.3315 15.8262 34 8.15767 0.652131 95.5005
262087 13.772 29.7141 15.1685 34 9.3826 0.919917 92.6546
262090 13.772 29.7141 15.1685 34 9.3826 0.919917 92.6546
262112 11.2399 30.1542 14.6929 34 10.6068 1.21528 90.087
262117 11.2399 30.1542 14.6929 34 10.6068 1.21528 90.087
262125 8.70779 30.6038 14.4196 34 11.8192 1.55726 87.7313
262138 6.40762 31.0343 14.1565 34 12.988 1.87759 85.5985
262143 6.40762 31.0343 14.1565 34 12.988 1.87759 85.5985
262152 4.46504 31.2831 13.9845 34 13.9831 2.19205 83.7326
262169 3.26663 31.5414 13.772 34 14.6836 2.35481 82.58
262175 3.26663 31.5414 13.772 34 14.6836 2.35481 82.58
262181 2.71575 31.7136 13.6708 34 15.0204 2.41928 82.1001
262200 2.71575 31.7136 13.6708 34 15.0204 2.41928 82.1001
262209 2.59011 31.8188 13.5393 34 15.1588 2.40342 81.9482
262220 2.57078 31.7805 13.2863 34 15.2881 2.37666 81.6376
262227 2.57078 31.7805 13.2863 34 15.2881 2.37666 81.6376
262235 2.56111 31.5509 12.8208 34 15.4971 2.35543 80.9329
262249 2.49346 31.4361 12.4768 34 15.6909 2.34071 80.4064
262262 2.49346 31.4361 12.4768 34 15.6909 2.34071 80.4064
262276 2.4548 31.3883 12.0821 34 15.9059 2.29697 79.9252
262279 2.4548 31.3883 12.0821 34 15.9059 2.29697 79.9252
262288 2.46447 31.4553 11.7077 34 16.1009 2.22059 79.6275
262303 2.4838 31.4648 11.5964 34 16.1495 2.19645 79.5451
262307 2.4838 31.4648 11.5964 34 16.1495 2.19645 79.5451
262318 2.49346 31.4266 11.4649 34 16.2084 2.18143 79.3849
262336 2.50313 31.35 11.5054 34 16.1739 2.20245 79.3585
262345 2.52246 31.4361 11.5357 34 16.1578 2.18452 79.4943
262363 2.52246 31.4361 11.5357 34 16.1578 2.18452 79.4943
262371 2.55145 31.6849 11.6774 34 16.0974 2.14752 79.9137
262384 2.71575 31.9336 11.7786 34 15.9892 2.07563 80.4279
262389 2.71575 31.9336 11.7786 34 15.9892 2.07563 80.4279
262398 2.75441 32.1823 11.9304 34 15.9204 2.0392 80.8671
262411 2.74474 32.3545 12.0923 34 15.863 2.03094 81.1915
262437 2.75441 32.4885 12.2238 34 15.8072 2.02186 81.4667
262453 2.84139 32.5554 12.2542 34 15.7561 1.99459 81.651
262464 3.083 32.7085 12.6893 34 15.4388 1.98188 82.4808
262479 4.3104 33.0242 12.9119 34 14.7786 1.70523 84.2465
262490 5.83741 33.2729 13.3369 34 13.9098 1.42744 86.4472
262505 5.83741 33.2729 13.3369 34 13.9098 1.42744 86.4472
262518 8.08926 33.3686 13.7417 34 12.7629 1.0567 89.1995
262523 8.08926 33.3686 13.7417 34 12.7629 1.0567 89.1995
262532 10.9016 33.3112 14.2881 34 11.3841 0.660843 92.5009
262544 13.801 32.9955 14.9762 34 9.9763 0.341381 95.7727
262552 13.801 32.9955 14.9762 34 9.9763 0.341381 95.7727
262561 16.5264 32.3354 15.7048 34 8.65004 0.128279 98.5666
262573 19.3379 31.9145 16.8381 34 7.28239 -0.0608611 102.09
262588 19.3379 31.9145 16.8381 34 7.28239 -0.0608611 102.09
262600 21.8104 31.8475 19.4661 32.3888 5.44004 -0.256325 105.513
262605 24.0232 32.1345 24.0446 29.311 3.0539 -0.383803 109.513
262614 24.0232 32.1345 24.0446 29.311 3.0539 -0.383803 109.513
262628 25.5241 32.3545 28.4512 26.3297 1.04495 -0.412429 112.66
262632 25.5241 32.3545 28.4512 26.3297 1.04495 -0.412429 112.66
262655 26.2745 32.1441 31.3115 22.9047 -0.56317 -0.559644 112.635
262658 26.6593 31.3787 34 19.8751 -2.10106 -0.557963 111.913
262668 26.6593 31.3787 34 19.8751 -2.10106 -0.557963 111.913
262683 27.0441 29.8672 34 17.9455 -3.03872 -0.684267 108.857
262688 27.3616 27.8104 34 17.0289 -3.8894 -0.585169 106.201
262697 27.3616 27.8104 34 17.0289 -3.8894 -0.585169 106.201
262711 27.429 25.0934 34 16.6515 -4.76964 -0.272004 103.174
262714 27.429 25.0934 34 16.6515 -4.76964 -0.272004 103.174
262723 27.2077 22.0034 34 16.3223 -5.74732 0.167468 99.5334
262740 26.8229 18.6455 34 16.0125 -6.85081 0.71389 95.4809
262749 26.8229 18.6455 34 16.0125 -6.85081 0.71389 95.4809
262765 26.5246 15.2875 34 15.635 -8.0927 1.28318 91.4471
262767 26.0917 11.8144 34 15.2187 -9.486 1.94766 87.1247
262775 26.0917 11.8144 34 15.2187 -9.486 1.94766 87.1247
262793 25.9089 8.5914 34 14.8605 -10.9335 2.58398 83.3608
262795 25.9089 8.5914 34 14.8605 -10.9335 2.58398 83.3608
262822 25.8993 6.08998 34 14.6475 -12.1414 3.09876 80.6367
262822 26.1975 4.52179 34 14.6185 -12.9375 3.3841 79.3378
262824 26.1975 4.52179 34 14.6185 -12.9375 3.3841 79.3378
262834 26.4765 4.1562 34 14.8992 -13.0203 3.44513 79.5319
262850 26.592 3.94454 34 15.0638 -13.0601 3.49131 79.6003
262854 26.592 3.94454 34 15.0638 -13.0601 3.49131 79.6003
262864 26.6786 3.85795 34 15.1122 -13.0914 3.49831 79.6487
262881 26.6786 3.85795 34 15.1122 -13.0914 3.49831 79.6487
262884 26.7363 3.73288 34 14.9573 -13.2343 3.49156 79.4265
262894 26.794 3.71364 34 14.6669 -13.3924 3.44035 79.1745
262920 26.9768 3.79061 34 14.4055 -13.5086 3.34169 79.1729
262938 26.8806 3.77136 34 14.1054 -13.6508 3.32415 78.7573
262939 26.8806 3.77136 34 14.1054 -13.6508 3.32415 78.7573
262949 26.5727 3.79061 34 13.8633 -13.7162 3.35563 78.2267
262967 26.5727 3.79061 34 13.8633 -13.7162 3.35563 78.2267
262969 26.0628 3.77136 34 13.7472 -13.7096 3.46339 77.5813
262976 25.5337 3.67516 34 13.7568 -13.6755 3.61486 76.9657
262996 25.5337 3.67516 34 13.7568 -13.6755 3.61486 76.9657
263002 24.8602 3.5116 34 13.9698 -13.5505 3.85072 76.3416
263025 24.3792 3.41539 34 14.3183 -13.3504 4.04473 76.1129
263039 24.0328 3.41539 34 14.6088 -13.1509 4.1733 76.057
263052 23.8212 3.44426 34 14.8411 -12.987 4.2524 76.1065
263059 23.6865 3.38653 34 15.0347 -12.8979 4.32842 76.1077
263069 23.6865 3.38653 34 15.0347 -12.8979 4.32842 76.1077
263081 23.5229 3.40577 34 15.3445 -12.7085 4.40833 76.2732
263095 23.369 3.43463 34 15.8092 -12.4408 4.50426 76.6128
263109 23.369 3.43463 34 15.8092 -12.4408 4.50426 76.6128
263114 23.1285 3.36729 34 16.1771 -12.2547 4.63294 76.6729
263123 23.1285 3.36729 34 16.1771 -12.2547 4.63294 76.6729
263136 22.7244 3.32881 34 16.332 -12.1305 4.7677 76.3852
263140 22.3588 3.27108 34 16.4288 -12.0495 4.89075 76.0587
263149 22.3588 3.27108 34 16.4288 -12.0495 4.89075 76.0587
263166 22.0317 3.50198 34 16.5837 -11.8061 4.93646 76.1174
263169 21.7527 4.58913 34 17.0386 -11.0251 4.78741 77.3804
263197 21.7527 4.58913 34 17.0386 -11.0251 4.78741 77.3804
263199 21.2043 4.87776 34 17.3956 -10.626 4.90081 77.4776
263205 21.2043 4.87776 34 17.3956 -10.626 4.90081 77.4776
263214 20.6367 5.5416 34 17.7429 -10.0589 4.92125 77.9212
263227 20.0594 6.35937 34 18.2736 -9.34859 4.92833 78.6923
263231 20.0594 6.35937 34 18.2736 -9.34859 4.92833 78.6923
263242 19.3571 7.52349 34 18.5051 -8.60624 4.84178 79.3857
263256 18.6933 8.68761 34 18.8814 -7.82568 4.76572 80.2623
263262 18.6933 8.68761 34 18.8814 -7.82568 4.76572 80.2623
263272 18.1449 9.76514 34 19.2673 -7.11788 4.68554 81.1773
263285 18.1449 9.76514 34 19.2673 -7.11788 4.68554 81.1773
263314 17.5965 10.7465 34 19.6918 -6.44794 4.63502 82.0348
263316 16.913 11.6027 34 20.2321 -5.76395 4.6617 82.7479
263318 16.913 11.6027 34 20.2321 -5.76395 4.6617 82.7479
263323 16.3428 12.7284 34 20.811 -5.00805 4.60286 83.8822
263343 15.7146 13.6808 34 21.5732 -4.25468 4.62132 84.9686
263345 15.7146 13.6808 34 21.5732 -4.25468 4.62132 84.9686
263353 15.2314 14.5948 34 23.0783 -3.32499 4.70381 86.9045
263373 15.2314 14.5948 34 23.0783 -3.32499 4.70381 86.9045
263379 14.7771 15.3164 34 25.2395 -2.30074 4.89394 89.333
263388 14.4486 15.9994 34 27.6805 -1.29402 5.08515 92.1285
263402 14.4486 15.9994 34 27.6805 -1.29402 5.08515 92.1285
263406 14.1973 16.3843 34 29.6487 -0.574209 5.26378 94.2302
263417 13.8977 17.0574 34 31.038 0.0515014 5.32584 95.9931
263432 13.8977 17.0574 34 31.038 0.0515014 5.32584 95.9931
263435 13.5401 17.6984 34 32.1765 0.599188 5.37978 97.415
263460 13.1342 18.5594 34 33.6237 1.27091 5.42658 99.3173
263462 13.1342 18.5594 34 33.6237 1.27091 5.42658 99.3173
263470 13.0375 19.7074 31.6249 34 2.29872 5.01373 98.3698
263489 13.0375 19.7074 31.6249 34 2.29872 5.01373 98.3698
263491 13.0665 21.0084 26.4501 34 4.09729 4.18542 94.525
263497 12.9505 22.5965 22.0737 34 5.88629 3.36059 91.6208
263519 12.9505 22.5965 22.0737 34 5.88629 3.36059 91.6208
263523 12.6026 24.2802 19.1326 34 7.37236 2.70782 90.0154
263532 11.8778 25.7918 17.4952 34 8.52881 2.32587 89.1648
263550 11.8778 25.7918 17.4952 34 8.52881 2.32587 89.1648
263551 10.8147 27.1024 16.7774 34 9.44545 2.17493 88.6945
263560 10.8147 27.1024 16.7774 34 9.44545 2.17493 88.6945
263579 9.37464 28.1261 16.4333 34 10.3254 2.20608 87.934
263581 7.67368 28.7479 15.897 34 11.3467 2.3417 86.3186
263588 7.67368 28.7479 15.897 34 11.3467 2.3417 86.3186
263610 5.81808 29.188 15.1381 34 12.5475 2.51926 84.1441
263614 4.14611 29.5228 14.4804 34 13.663 2.70449 82.1493
263623 4.14611 29.5228 14.4804 34 13.663 2.70449 82.1493
263640 2.86072 29.6759 14.025 34 14.52 2.88384 80.5616
263641 2.86072 29.6759 14.025 34 14.52 2.88384 80.5616
263649 2.14554 29.8863 13.6202 34 15.1034 2.93559 79.6521
263669 1.82661 30.0681 13.2863 34 15.4567 2.91578 79.181
263675 1.82661 30.0681 13.2863 34 15.4567 2.91578 79.181
263684 1.82661 30.1159 13.0637 34 15.5765 2.87088 79.0062
263701 1.77828 29.8672 12.7702 34 15.7235 2.89319 78.4157
263704 1.77828 29.8672 12.7702 34 15.7235 2.89319 78.4157
263713 1.77828 29.5898 12.6387 34 15.7591 2.93641 78.0067
263731 1.77828 29.5898 12.6387 34 15.7591 2.93641 78.0067
263732 1.71063 29.121 12.6185 34 15.7495 3.05749 77.4501
263760 1.68164 28.5087 12.6185 34 15.6911 3.20825 76.8088
263762 1.68164 28.5087 12.6185 34 15.6911 3.20825 76.8088
263767 1.58499 27.906 12.7298 34 15.6097 3.39253 76.2208
263775 1.50767 27.332 12.8006 34 15.5419 3.56177 75.6403
263794 1.44002 26.892 12.8714 34 15.4848 3.69786 75.2034
263804 1.44002 26.892 12.8714 34 15.4848 3.69786 75.2034
263821 1.46902 26.4615 12.9321 34 15.3816 3.80731 74.8626
263822 1.41103 26.1936 13.0131 34 15.3347 3.90158 74.6177
263850 1.41103 26.1936 13.0131 34 15.3347 3.90158 74.6177
263851 1.42069 26.0405 13.094 34 15.2658 3.94999 74.5553
263856 1.43036 26.1649 13.0232 34 15.315 3.90546 74.6185
263865 1.43036 26.1649 13.0232 34 15.315 3.90546 74.6185
263879 1.44002 26.3467 12.9119 34 15.3934 3.84048 74.6986
263883 1.44002 26.3467 12.9119 34 15.3934 3.84048 74.6986
263909 1.44002 26.4423 12.8107 34 15.4605 3.80123 74.6931
263911 1.527 26.538 12.6286 34 15.5242 3.72795 74.6936
263919 1.527 26.538 12.6286 34 15.5242 3.72795 74.6936
263938 1.58499 26.7102 12.5982 34 15.5311 3.66582 74.8934
263940 2.27118 27.0259 13.256 34 14.8586 3.51891 76.553
263946 2.27118 27.0259 13.256 34 14.8586 3.51891 76.553
263968 3.5759 27.5808 13.519 34 14.1358 3.11959 78.6757
263970 3.5759 27.5808 13.519 34 14.1358 3.11959 78.6757
263974 5.80841 28.4513 14.1768 34 12.8784 2.53232 82.4365
263999 8.64014 29.0636 14.9357 34 11.3943 1.94461 86.6394
264001 8.64014 29.0636 14.9357 34 11.3943 1.94461 86.6394
264009 11.7038 29.5802 15.8363 34 9.88805 1.40786 91.1203
264031 14.8255 29.5993 16.6762 34 8.43779 0.986016 95.101
264032 14.8255 29.5993 16.6762 34 8.43779 0.986016 95.101
264035 17.8755 29.3219 17.5054 34 7.07707 0.654688 98.7027
264065 20.5886 28.5087 18.0309 34 5.90568 0.435135 101.128
264068 23.1092 27.9921 18.3847 34 4.95194 0.186013 103.486
264093 23.1092 27.9921 18.3847 34 4.95194 0.186013 103.486
264095 25.3701 27.6669 18.7788 32.5528 3.8495 -0.245097 104.369
264102 27.2269 27.3033 20.2848 28.1725 1.93328 -0.884517 102.988
264110 27.2269 27.3033 20.2848 28.1725 1.93328 -0.884517 102.988
264126 28.8529 26.6241 23.8424 24.7764 -0.310972 -0.98824 104.096
264128 28.8529 26.6241 23.8424 24.7764 -0.310972 -0.98824 104.096
264158 29.9496 25.6674 29.3609 22.3354 -2.63427 -0.548033 107.313
264159 30.4692 24.5768 34 20.6566 -4.3836 -0.0532356 109.703
264163 30.4692 24.5768 34 20.6566 -4.3836 -0.0532356 109.703
264173 30.5365 23.1992 34 19.1033 -5.20269 -0.088791 106.839
264188 30.4307 21.3815 34 17.8973 -6.06306 0.0123024 103.709
264192 30.4307 21.3815 34 17.8973 -6.06306 0.0123024 103.709
264200 30.2479 19.2099 34 17.1447 -6.93155 0.251527 100.603
264220 29.9015 19.2099 34 17.1447 -6.86913 0.304214 100.256
264227 29.9015 16.8076 34 16.7773 -7.77457 0.625969 97.4864
264235 29.3724 14.4986 34 16.4869 -8.58087 1.05173 94.3579
264251 29.3724 14.4986 34 16.4869 -8.58087 1.05173 94.3579
264254 28.5931 12.3916 34 16.2255 -9.31254 1.5197 91.2102
264262 28.2275 10.554 34 15.9932 -10.048 1.89439 88.7747
264284 28.2275 10.554 34 15.9932 -10.048 1.89439 88.7747
264288 27.7465 8.90889 34 15.7608 -10.7262 2.27483 86.4162
264298 27.4194 7.47538 34 15.7415 -11.2843 2.63127 84.6362
264315 27.4194 7.47538 34 15.7415 -11.2843 2.63127 84.6362
264318 27.2462 6.41709 34 15.7221 -11.7248 2.88879 83.3854
264326 27.2462 6.41709 34 15.7221 -11.7248 2.88879 83.3854
264348 27.2269 5.67629 34 15.7221 -12.051 3.05334 82.6253
264349 27.3809 5.52235 34 15.6253 -12.1877 3.03932 82.5285
264353 27.3809 5.52235 34 15.6253 -12.1877 3.03932 82.5285
264362 27.5348 5.5416 34 15.5285 -12.2465 2.98749 82.6049
264380 27.631 5.44539 34 15.3639 -12.3792 2.96351 82.4403
264388 27.631 5.44539 34 15.3639 -12.3792 2.96351 82.4403
264397 27.7657 5.5416 34 15.2477 -12.4088 2.89633 82.555
264414 27.7657 5.5416 34 15.2477 -12.4088 2.89633 82.555
264416 28.0543 5.59932 34 15.1993 -12.4485 2.81444 82.853
264424 28.3333 5.6378 34 14.9186 -12.6002 2.70494 82.8897
264445 28.3333 5.6378 34 14.9186 -12.6002 2.70494 82.8897
264447 28.5161 5.60894 34 14.6088 -12.7815 2.62596 82.7338
264476 28.5546 5.59932 34 14.3474 -12.9113 2.58059 82.5013
264478 28.5546 5.59932 34 14.3474 -12.9113 2.58059 82.5013
264480 28.5835 5.47425 34 14.1054 -13.0849 2.56459 82.1631
264488 28.5835 5.47425 34 14.1054 -13.0849 2.56459 82.1631
264508 28.901 5.50311 34 13.8633 -13.2296 2.45405 82.2674
264510 29.3147 5.55122 34 13.5438 -13.4146 2.30761 82.4097
264523 29.3147 5.55122 34 13.5438 -13.4146 2.30761 82.4097
264540 29.863 5.5897 34 13.2147 -13.6265 2.13421 82.6674
264543 30.498 5.60894 34 12.721 -13.935 1.92218 82.8279
264553 30.498 5.60894 34 12.721 -13.935 1.92218 82.8279
264571 31.1811 5.68591 34 12.324 -14.1756 1.70518 83.191
264572 31.1811 5.68591 34 12.324 -14.1756 1.70518 83.191
264579 31.7872 5.68591 34 11.9949 -14.4086 1.53144 83.468
264603 32.5184 5.81098 34 11.7916 -14.5374 1.33062 84.1209
264605 32.5184 5.81098 34 11.7916 -14.5374 1.33062 84.1209
264614 33.163 5.97453 34 11.6657 -14.5993 1.15471 84.8032
264636 33.8364 6.08998 34 11.6948 -14.6143 1.01056 85.6212
264642 34 6.14771 34 11.5399 -14.679 0.943921 85.6876
264652 34 6.35937 34 11.5205 -14.5902 0.901456 85.8799
264670 34 7.56197 34 11.6464 -13.9871 0.702522 87.2083
264679 34 7.56197 34 11.6464 -13.9871 0.702522 87.2083
264699 34 8.24505 34 11.5883 -13.7097 0.570948 87.8333
264705 34 8.42784 34 11.5979 -13.625 0.540202 88.0258
264714 34 8.42784 34 11.5979 -13.625 0.540202 88.0258
264733 34 8.8223 34 11.5689 -13.4654 0.4661 88.3912
264734 34 9.55348 34 11.4721 -13.1913 0.323269 89.0256
264740 34 9.55348 34 11.4721 -13.1913 0.323269 89.0256
264764 34 10.7465 34 11.4334 -12.7024 0.114257 90.1798
264765 34 10.7465 34 11.4334 -12.7024 0.114257 90.1798
264770 34 12.0645 34 11.3462 -12.1947 -0.117864 91.4108
264796 34 13.498 34 11.4334 -11.5861 -0.333253 92.9314
264798 34 13.498 34 11.4334 -11.5861 -0.333253 92.9314
264805 34 14.6525 34 11.5883 -11.0778 -0.487728 94.2408
264828 34 15.7012 34 11.8206 -10.594 -0.609376 95.5218
264829 34 15.7012 34 11.8206 -10.594 -0.609376 95.5218
264840 33.7691 16.5959 34 12.0046 -10.161 -0.67871 96.3696
264861 32.9128 17.5549 34 12.1304 -9.63465 -0.673507 96.5981
264862 32.9128 17.5549 34 12.1304 -9.63465 -0.673507 96.5981
264867 31.97 18.5402 34 12.3724 -9.04634 -0.640641 96.8827
264875 31.97 18.5402 34 12.3724 -9.04634 -0.640641 96.8827
264894 30.7578 19.5256 34 12.7113 -8.38214 -0.552418 96.9947
264896 29.2762 20.7119 34 14.0085 -7.28489 -0.302998 97.9966
264904 29.2762 20.7119 34 14.0085 -7.28489 -0.302998 97.9966
264927 27.5348 22.2808 34 18.0516 -5.20342 0.329257 101.867
264929 26.3226 22.2808 34 18.0516 -4.96501 0.513872 100.655
264934 26.3226 23.9741 34 23.5028 -2.97905 1.00272 107.8
264959 25.5144 25.5144 31.5137 27.912 -0.815205 1.14032 110.454
264963 25.5144 25.5144 31.5137 27.912 -0.815205 1.14032 110.454
264970 24.6293 26.7102 26.5713 30.7872 1.44821 0.830607 108.698
264992 23.6287 27.9252 22.2455 34 3.72239 0.652828 107.799
264994 23.6287 27.9252 22.2455 34 3.72239 0.652828 107.799
264997 22.1471 29.2741 19.3145 34 5.20654 0.271155 104.736
265007 19.9825 30.5082 17.5963 34 6.59472 0.162465 102.087
265027 17.5388 31.7518 16.5649 34 7.9235 0.191419 99.8555
265043 17.5388 31.7518 16.5649 34 7.9235 0.191419 99.8555
265062 14.8641 32.7468 15.7149 34 9.29039 0.32427 97.3258
265064 12.1291 33.2347 14.956 34 10.6419 0.571285 94.3197
265069 12.1291 33.2347 14.956 34 10.6419 0.571285 94.3197
265078 9.42297 33.3399 14.3083 34 11.971 0.913374 91.0712
265096 9.42297 33.3399 14.3083 34 11.971 0.913374 91.0712
265104 6.92951 33.4164 13.8631 34 13.214 1.2783 88.209
265113 5.09324 33.646 13.428 34 14.2528 1.51253 86.1672
265130 5.09324 33.646 13.428 34 14.2528 1.51253 86.1672
265132 4.05912 33.8661 13.1042 34 14.9074 1.61926 85.0294
265140 3.61455 34 13.0435 34 15.1616 1.67065 84.658
265164 3.61455 34 13.0435 34 15.1616 1.67065 84.658
265166 3.56623 34 12.8208 34 15.2905 1.64503 84.3871
265169 3.58556 34 12.578 34 15.3975 1.60267 84.1635
265178 3.58556 34 12.578 34 15.3975 1.60267 84.1635
265198 3.56623 34 12.3048 34 15.5384 1.56285 83.871
265204 3.56623 34 12.3048 34 15.5384 1.56285 83.871
265213 3.61455 34 12.0113 34 15.6573 1.50613 83.6259
265232 3.70153 34 11.819 34 15.7085 1.45788 83.5206
265239 3.70153 34 11.6571 34 15.7876 1.43158 83.3587
265249 3.81751 34 11.5964 34 15.7606 1.39885 83.4139
265268 3.81751 34 11.5964 34 15.7606 1.39885 83.4139
265270 3.93349 34 11.556 34 15.7237 1.36948 83.4894
265280 3.93349 34 11.556 34 15.7237 1.36948 83.4894
265303 4.04946 34 11.6875 34 15.6033 1.36822 83.737
265304 4.10745 34 11.7179 34 15.5605 1.36183 83.8253
265318 4.10745 34 11.7179 34 15.5605 1.36183 83.8253
265338 4.15577 34 11.6369 34 15.5763 1.33922 83.7927
265340 4.15577 34 11.6369 34 15.5763 1.33922 83.7927
265344 4.1751 34 11.4345 34 15.6652 1.30238 83.6096
265353 4.03013 34 11.2625 34 15.8199 1.30246 83.2926
265373 4.03013 34 11.2625 34 15.8199 1.30246 83.2926
265379 4.0108 34 10.9792 34 15.9688 1.25949 82.99
265388 3.96248 34 10.8071 34 16.0779 1.24043 82.7696
265407 3.96248 34 10.8071 34 16.0779 1.24043 82.7696
265409 3.88516 34 10.6048 34 16.2172 1.22189 82.4899
265417 3.86583 34 10.4226 34 16.3181 1.19521 82.2885
265441 3.86583 34 10.4226 34 16.3181 1.19521 82.2885
265443 3.74019 34 10.3012 34 16.4425 1.19958 82.0414
265454 3.59522 34 10.4024 34 16.4646 1.24525 81.9976
265475 4.00114 34 11.0905 34 15.9187 1.27979 83.0916
265480 4.00114 34 11.0905 34 15.9187 1.27979 83.0916
265489 5.1029 34 11.819 34 15.0368 1.18629 84.9219
265511 6.58158 34 12.5577 34 14.018 1.02873 87.1393
265513 6.58158 34 12.5577 34 14.018 1.02873 87.1393
265516 9.08471 34 13.4077 34 12.5722 0.716584 90.4924
