5644645 21.2813 14.5714 33.8282 16.1112 -7.11802 2.46294 85.7921
5644655 21.2813 14.5714 33.8282 16.1112 -7.11802 2.46294 85.7921
5644665 22.2049 13.5878 34 15.5448 -7.93092 2.41725 85.3375
5644675 23.0707 12.7174 34 15.0482 -8.63581 2.34453 84.8363
5644690 23.0707 12.7174 34 15.0482 -8.63581 2.34453 84.8363
5644700 23.9943 11.9339 34 14.5167 -9.33855 2.23608 84.4449
5644706 24.8891 11.1941 34 14.0723 -9.98829 2.13696 84.1554
5644717 24.8891 11.1941 34 14.0723 -9.98829 2.13696 84.1554
5644735 25.6203 10.341 34 13.7412 -10.6144 2.11103 83.7024
5644736 25.6203 10.341 34 13.7412 -10.6144 2.11103 83.7024
5644746 26.4958 9.7491 34 13.2445 -11.2296 1.97623 83.4893
5644765 27.4194 9.21813 34 12.7652 -11.8209 1.82148 83.4027
5644775 27.4194 9.21813 34 12.7652 -11.8209 1.82148 83.4027
5644783 28.1698 8.85253 34 12.1989 -12.3521 1.65401 83.2212
5644788 28.7374 8.55658 34 11.8068 -12.7478 1.53659 83.1008
5644798 28.7374 8.55658 34 11.8068 -12.7478 1.53659 83.1008
5644809 29.103 8.37378 34 11.3798 -13.0797 1.43073 82.8566
5644818 29.103 8.37378 34 11.3798 -13.0797 1.43073 82.8566
5644833 29.5071 8.2084 34 11.0574 -13.3622 1.3305 82.7729
5644839 29.6033 8.07783 34 10.8919 -13.5134 1.30988 82.573
5644851 29.6033 8.07783 34 10.8919 -13.5134 1.30988 82.573
5644859 29.5071 8.08653 34 11.0138 -13.4391 1.34738 82.6075
5644869 29.2858 8.0169 34 11.0138 -13.4405 1.40515 82.3165
5644879 29.2858 8.0169 34 11.0138 -13.4405 1.40515 82.3165
5644889 29.1896 7.91244 34 10.9441 -13.5086 1.43372 82.0462
5644904 29.1703 7.89503 34 10.8134 -13.5755 1.41942 81.8788
5644910 29.1703 7.89503 34 10.8134 -13.5755 1.41942 81.8788
5644920 29.3916 7.93856 34 10.8047 -13.5899 1.36505 82.1349
5644930 29.3916 7.93856 34 10.8047 -13.5899 1.36505 82.1349
5644941 29.3628 7.88633 34 10.8396 -13.5941 1.387 82.0887
5644950 29.1415 7.77317 34 11.0313 -13.5263 1.48573 81.9459
5644965 29.1415 7.77317 34 11.0313 -13.5263 1.48573 81.9459
5644971 29.0453 7.73835 34 11.0923 -13.5005 1.52218 81.8759
5644983 28.9779 7.70353 34 11.0574 -13.5239 1.53708 81.7389
5644991 28.9779 7.70353 34 11.0574 -13.5239 1.53708 81.7389
5645003 28.8529 7.6339 34 11.0835 -13.5268 1.58087 81.5703
5645011 28.8529 7.6339 34 11.0835 -13.5268 1.58087 81.5703
5645026 28.7085 7.52074 34 11.0748 -13.5642 1.63194 81.3041
5645036 28.5739 7.50333 34 10.979 -13.5991 1.64734 81.0562
5645045 28.5739 7.50333 34 10.979 -13.5991 1.64734 81.0562
5645055 28.545 7.39017 34 10.9528 -13.6615 1.67225 80.888
5645066 28.2564 7.35535 34 11.0313 -13.6 1.75208 80.643
5645073 28.2564 7.35535 34 11.0313 -13.6 1.75208 80.643
5645092 28.1121 7.46851 34 11.101 -13.4921 1.77 80.6815
5645101 28.1121 7.46851 34 11.101 -13.4921 1.77 80.6815
5645110 27.9293 7.62519 34 11.2491 -13.3209 1.79967 80.8036
5645118 28.1024 8.06042 34 11.4931 -13.0269 1.71394 81.6559
5645127 28.1024 8.06042 34 11.4931 -13.0269 1.71394 81.6559
5645135 28.3333 8.74808 34 11.7981 -12.6048 1.57759 82.8795
5645149 28.3814 9.66206 34 12.5474 -11.8724 1.50795 84.5909
5645156 28.3814 9.66206 34 12.5474 -11.8724 1.50795 84.5909
5645165 28.2467 11.0635 34 14.2204 -10.5571 1.52692 87.5306
5645178 28.2467 11.0635 34 14.2204 -10.5571 1.52692 87.5306
5645187 27.7946 12.7348 34 16.5818 -8.91166 1.65497 91.1111
5645198 26.7748 14.084 32.7771 19.1708 -7.08382 1.7923 92.8066
5645221 25.6684 15.3113 30.4727 20.7338 -5.44981 1.66405 92.1862
5645226 24.283 16.53 27.3395 21.2355 -3.87551 1.30254 89.3879
5645236 24.283 16.53 27.3395 21.2355 -3.87551 1.30254 89.3879
5645246 22.8495 17.861 24.2265 21.2355 -2.31497 0.827104 86.1725
5645256 21.4256 18.9038 21.6492 21.6022 -0.768383 0.524409 83.5807
5645266 21.4256 18.9038 21.6492 21.6022 -0.768383 0.524409 83.5807
5645279 20.1845 19.7361 19.7087 22.8661 0.820944 0.482605 82.4953
5645290 20.1845 19.7361 19.7087 22.8661 0.820944 0.482605 82.4953
5645298 18.8183 20.8075 18.2735 24.6703 2.53906 0.602739 82.5696
5645307 17.2309 21.9077 17.1718 26.8121 4.30603 0.874375 83.1226
5645317 17.2309 21.9077 17.1718 26.8121 4.30603 0.874375 83.1226
5645327 15.677 22.9313 16.3271 28.8961 5.91165 1.1836 83.8316
5645337 14.106 24.175 15.4486 30.7582 7.50954 1.40715 84.4879
5645364 12.6756 25.6292 14.6636 32.3502 8.97818 1.53114 85.3185
5645369 12.6756 25.6292 14.6636 32.3502 8.97818 1.53114 85.3185
5645381 11.3774 27.0929 13.8879 33.5851 10.3012 1.57127 85.9433
5645389 10.3191 28.1835 13.2523 34 11.2565 1.53049 85.7549
5645403 10.3191 28.1835 13.2523 34 11.2565 1.53049 85.7549
5645409 9.25243 28.9488 12.6636 34 12.0877 1.49573 84.8648
5645419 8.35944 29.3889 12.2897 34 12.7144 1.52457 84.038
5645434 8.35944 29.3889 12.2897 34 12.7144 1.52457 84.038
5645440 7.59874 29.9342 12.0841 34 13.2304 1.534 83.617
5645450 7.59874 29.9342 12.0841 34 13.2304 1.534 83.617
5645461 7.04475 30.6325 11.785 34 13.7196 1.45714 83.4623
5645475 6.64786 31.2065 11.7664 34 13.9894 1.41926 83.6207
5645484 6.64786 31.2065 11.7664 34 13.9894 1.41926 83.6207
5645494 6.11041 31.3213 11.6075 34 14.3316 1.47684 83.0392
5645501 5.82101 31.2352 11.4112 34 14.5521 1.51969 82.4675
5645520 5.82101 31.2352 11.4112 34 14.5521 1.51969 82.4675
5645521 5.66391 31.1778 11.271 34 14.688 1.53983 82.1128
5645536 5.66391 31.1778 11.271 34 14.688 1.53983 82.1128
5645541 5.65564 31.2352 11.0093 34 14.826 1.4869 81.9002
5645555 5.58949 31.2161 10.8785 34 14.9197 1.48246 81.6841
5645587 5.46547 31.0152 10.5607 34 15.1123 1.49555 81.0414
5645590 5.40759 30.8908 10.4112 34 15.2002 1.50778 80.7096
5645593 5.40759 30.8908 10.4112 34 15.2002 1.50778 80.7096
5645603 5.34971 30.8334 10.1589 34 15.3484 1.48909 80.342
5645613 5.34971 30.8334 10.1589 34 15.3484 1.48909 80.342
5645623 5.29183 30.9004 9.8785 34 15.5269 1.43991 80.0707
5645633 5.34144 31.0152 9.62617 34 15.6432 1.36333 79.9828
5645651 5.34144 31.0152 9.62617 34 15.6432 1.36333 79.9828
5645653 5.34971 31.3022 9.41121 34 15.7817 1.26637 80.0631
5645668 5.39105 31.7518 9.30841 34 15.8644 1.14955 80.4513
5645681 5.39105 31.7518 9.30841 34 15.8644 1.14955 80.4513
5645683 5.49027 32.1536 9.24299 34 15.8927 1.03832 80.8869
5645701 5.49027 32.1536 9.24299 34 15.8927 1.03832 80.8869
5645715 5.53161 32.4885 9.26168 34 15.9 0.967301 81.2818
5645718 5.64737 32.8998 9.29907 34 15.8692 0.870876 81.8463
5645724 5.64737 32.8998 9.29907 34 15.8692 0.870876 81.8463
5645738 5.65564 33.1007 9.17757 34 15.9481 0.809407 81.9339
5645744 5.73006 33.2538 9.35514 34 15.8396 0.796334 82.339
5645754 5.73006 33.2538 9.35514 34 15.8396 0.796334 82.339
5645769 6.01946 33.5599 9.64486 34 15.5891 0.732746 83.2242
5645775 6.01946 33.5599 9.64486 34 15.5891 0.732746 83.2242
5645786 6.51556 33.7704 9.90654 34 15.2473 0.645053 84.1925
5645798 7.4251 33.8278 10.3178 34 14.6326 0.537252 85.5706
5645808 7.4251 33.8278 10.3178 34 14.6326 0.537252 85.5706
5645816 8.59095 33.7417 10.7383 34 13.9003 0.414433 87.071
5645831 9.83949 33.5408 11.514 34 12.9894 0.360045 88.8943
5645846 9.83949 33.5408 11.514 34 12.9894 0.360045 88.8943
5645847 10.716 33.0433 12.785 34 12.0224 0.501262 90.5443
5645857 10.716 33.0433 12.785 34 12.0224 0.501262 90.5443
5645879 11.1955 32.2397 14.243 33.0834 10.9861 0.643085 90.7617
5645882 11.6999 31.2161 15.8037 31.8292 9.81283 0.781386 90.5489
5645904 12.3448 29.9533 16.7383 30.1311 8.69185 0.768991 89.1676
5645908 12.7169 28.3461 17.8086 28.1532 7.46162 0.844377 87.0248
5645918 12.7169 28.3461 17.8086 28.1532 7.46162 0.844377 87.0248
5645928 13.2213 26.318 19.1932 26.185 5.9141 1.03141 84.9175
5645938 13.2213 26.318 19.1932 26.185 5.9141 1.03141 84.9175
5645949 13.9655 24.5672 20.8508 24.4291 4.2297 1.20754 83.8125
5645958 14.7179 22.8548 22.7913 22.9432 2.48743 1.46959 83.3073
5645973 14.7179 22.8548 22.7913 22.9432 2.48743 1.46959 83.3073
5645983 15.3546 21.2093 25.1463 21.6118 0.696188 1.8352 83.322
5645989 15.9912 19.4586 28.2693 20.7242 -1.20724 2.4058 84.4434
5645999 15.9912 19.4586 28.2693 20.7242 -1.20724 2.4058 84.4434
5646009 16.6858 17.6984 31.261 19.8365 -3.04506 2.9328 85.4817
5646019 16.6858 17.6984 31.261 19.8365 -3.04506 2.9328 85.4817
5646029 17.3367 16.0512 33.5452 18.891 -4.64312 3.32918 85.8242
5646043 17.8466 14.4409 34 17.9455 -5.77572 3.50065 84.233
5646054 17.8466 14.4409 34 17.9455 -5.77572 3.50065 84.233
5646060 18.2026 12.8566 34 17.1833 -6.73698 3.67038 82.2426
5646070 18.3373 11.4117 34 16.6689 -7.54084 3.9021 80.4179
5646080 18.3373 11.4117 34 16.6689 -7.54084 3.9021 80.4179
5646091 18.4335 10.1408 34 16.3813 -8.2044 4.1429 78.9557
5646100 18.4335 10.1408 34 16.3813 -8.2044 4.1429 78.9557
5646115 18.3854 9.10497 34 16.0677 -8.77175 4.36653 77.558
5646121 18.7029 8.10394 34 15.815 -9.39157 4.50423 76.6218
5646147 19.1551 7.34665 34 15.8498 -9.80943 4.58696 76.3515
5646153 19.5399 6.76344 34 15.9718 -10.0966 4.65456 76.2751
5646164 19.5399 6.76344 34 15.9718 -10.0966 4.65456 76.2751
5646173 19.7708 6.29339 34 15.9457 -10.3709 4.71284 76.0099
5646187 19.7419 5.9191 34 15.7627 -10.6267 4.79325 75.4237
5646203 19.7419 5.9191 34 15.7627 -10.6267 4.79325 75.4237
5646211 19.6361 5.71889 34 15.4229 -10.8636 4.82787 74.7779
5646214 19.6361 5.71889 34 15.4229 -10.8636 4.82787 74.7779
5646235 19.6842 5.57962 34 15.1789 -11.0574 4.81882 74.4427
5646238 19.7612 5.60573 34 15.0046 -11.1437 4.76749 74.3715
5646244 19.7612 5.60573 34 15.0046 -11.1437 4.76749 74.3715
5646259 19.8285 5.86687 34 14.8565 -11.1014 4.66006 74.5519
5646264 20.069 6.09319 34 14.5777 -11.1715 4.49868 74.7399
5646274 20.069 6.09319 34 14.5777 -11.1715 4.49868 74.7399
5646284 20.1075 6.09319 34 14.4382 -11.2462 4.46902 74.639
5646294 20.1075 6.09319 34 14.4382 -11.2462 4.46902 74.639
5646304 20.146 6.09319 34 14.386 -11.2787 4.4516 74.6252
5646333 20.1749 6.17153 34 14.325 -11.2755 4.41506 74.6714
5646340 20.1749 6.17153 34 14.325 -11.2755 4.41506 74.6714
5646354 20.5789 6.23246 34 14.1158 -11.4213 4.26502 74.9272
5646357 20.5789 6.23246 34 14.1158 -11.4213 4.26502 74.9272
5646367 21.1851 6.31951 34 13.837 -11.6232 4.04805 75.3416
5646380 21.1851 6.31951 34 13.837 -11.6232 4.04805 75.3416
5646390 21.8008 6.41526 34 13.6802 -11.7612 3.84686 75.8962
5646396 22.1856 6.36303 34 13.4536 -11.9631 3.73113 76.0023
5646406 22.1856 6.36303 34 13.4536 -11.9631 3.73113 76.0023
5646417 22.2818 6.31951 34 13.3665 -12.0432 3.70521 75.9678
5646428 22.1183 6.18894 34 13.3491 -12.0877 3.77533 75.6563
5646439 22.1183 6.18894 34 13.3491 -12.0877 3.77533 75.6563
5646448 21.8778 6.16283 34 13.4536 -12.008 3.85719 75.4942
5646464 21.8778 6.16283 34 13.4536 -12.008 3.85719 75.4942
5646468 21.7431 6.13671 34 13.6453 -11.9037 3.92562 75.5251
5646478 21.5122 6.62417 34 14.0897 -11.4129 3.92649 76.226
5646504 21.0023 7.34665 34 14.5079 -10.7823 3.9344 76.8569
5646515 20.5308 8.80031 34 15.5013 -9.58655 3.83791 78.8324
5646519 20.5308 8.80031 34 15.5013 -9.58655 3.83791 78.8324
5646529 19.867 11.0548 34 17.1061 -7.83456 3.691 82.0279
5646540 19.867 11.0548 34 17.1061 -7.83456 3.691 82.0279
5646549 18.7799 12.8044 34 19.8655 -5.88356 3.91129 85.4498
5646568 17.2982 14.7542 34 24.2843 -3.39277 4.35568 90.3368
5646569 17.2982 14.7542 34 24.2843 -3.39277 4.35568 90.3368
5646579 15.9416 17.3827 31.9483 28.1146 -0.640506 4.2948 93.3872
5646607 14.4616 19.9083 27.8347 29.6583 1.97858 3.77572 91.8629
5646615 14.4616 19.9083 27.8347 29.6583 1.97858 3.77572 91.8629
5646618 12.6342 21.5824 22.5589 30.0829 4.74111 3.18191 86.8584
5646620 12.6342 21.5824 22.5589 30.0829 4.74111 3.18191 86.8584
5646639 10.7325 22.7878 18.132 31.3275 7.60753 2.88127 82.9798
5646642 9.25243 24.175 15.1776 33.1317 10.0557 2.73105 81.7367
5646662 8.24368 25.6005 13.2897 34 11.7297 2.48582 81.1339
5646670 7.5822 26.825 12.0561 34 12.7967 2.17159 80.4633
5646696 7.16051 27.7051 11.5514 34 13.3657 1.99319 80.417
5646702 7.16051 27.7051 11.5514 34 13.3657 1.99319 80.417
5646712 6.92899 28.5661 11.2617 34 13.7374 1.81407 80.7568
5646721 6.80496 29.2262 11.4019 34 13.821 1.72608 81.4331
5646736 6.80496 29.2262 11.4019 34 13.821 1.72608 81.4331
5646744 6.74708 29.7046 11.4299 34 13.9004 1.64474 81.8815
5646753 6.60652 29.9342 11.729 34 13.8565 1.67528 82.2697
5646763 6.60652 29.9342 11.729 34 13.8565 1.67528 82.2697
5646773 6.51556 29.9629 11.9159 34 13.8151 1.7181 82.3943
5646788 6.51556 29.9629 11.9159 34 13.8151 1.7181 82.3943
5646793 6.34193 30.4412 12.0187 34 13.9129 1.67307 82.8018
5646803 6.11868 30.8908 11.972 34 14.0996 1.62008 82.9815
5646813 6.11868 30.8908 11.972 34 14.0996 1.62008 82.9815
5646828 5.93677 31.2352 11.8037 34 14.3098 1.56041 82.9757
5646837 5.82101 31.5988 11.6355 34 14.491 1.48379 83.0553
5646848 5.82101 31.5988 11.6355 34 14.491 1.48379 83.0553
5646860 5.83755 31.9049 11.4673 34 14.6017 1.39254 83.2097
5646864 5.82101 31.9049 11.4393 34 14.6229 1.39121 83.1652
5646874 5.82101 32.0293 11.4393 34 14.6384 1.36674 83.2895
5646889 5.84582 32.0675 11.3832 34 14.658 1.34516 83.2965
5646895 5.84582 32.0675 11.3832 34 14.658 1.34516 83.2965
5646909 5.97811 32.0962 11.2523 34 14.6609 1.29214 83.3267
5646922 5.97811 31.9049 11.1589 34 14.6817 1.31425 83.0419
5646933 5.97811 31.9049 11.1589 34 14.6817 1.31425 83.0419
5646940 5.98638 31.7518 10.9439 34 14.7618 1.30724 82.6821
5646949 5.99465 31.6657 10.757 34 14.8373 1.29159 82.4174
5646958 5.99465 31.6657 10.757 34 14.8373 1.29159 82.4174
5646967 5.94504 31.4266 10.486 34 14.9637 1.30368 81.8576
5646979 5.94504 31.4266 10.486 34 14.9637 1.30368 81.8576
5646995 5.84582 31.3022 10.2056 34 15.1348 1.30128 81.3536
5647004 5.81274 31.2831 9.90654 34 15.297 1.26121 81.0023
5647007 5.81274 31.2831 9.90654 34 15.297 1.26121 81.0023
5647027 5.78794 31.484 9.62617 34 15.4731 1.1782 80.8981
5647034 5.76313 31.7901 9.57944 34 15.5448 1.11414 81.1327
5647043 5.76313 31.7901 9.57944 34 15.5448 1.11414 81.1327
5647052 5.85409 32.1058 9.50467 34 15.5733 1.02096 81.4646
5647060 5.85409 32.1058 9.50467 34 15.5733 1.02096 81.4646
5647069 5.85409 32.3928 9.63551 34 15.5416 0.987142 81.8824
5647079 5.91196 32.632 9.66355 34 15.5267 0.934153 82.2075
5647093 5.91196 32.632 9.66355 34 15.5267 0.934153 82.2075
5647103 5.94504 33.1007 9.79439 34 15.5001 0.859839 82.8402
5647109 6.04426 33.4356 9.85047 34 15.4628 0.786744 83.3303
5647119 6.04426 33.4356 9.85047 34 15.4628 0.786744 83.3303
5647129 6.2427 33.5504 10.1682 34 15.2271 0.781639 83.9613
5647139 6.2427 33.5504 10.1682 34 15.2271 0.781639 83.9613
5647154 6.60652 33.3399 10.5701 34 14.8383 0.820609 84.5165
5647164 7.40856 32.9477 11.0935 34 14.1737 0.831583 85.4497
5647174 7.40856 32.9477 11.0935 34 14.1737 0.831583 85.4497
5647180 8.59095 32.6702 11.9626 34 13.2179 0.808513 87.2238
5647190 9.90564 32.2206 13.271 34 12.0373 0.863246 89.3973
5647200 9.90564 32.2206 13.271 34 12.0373 0.863246 89.3973
5647210 11.0632 31.5031 15.1776 33.9518 10.6914 1.07361 91.6956
5647223 11.0632 31.5031 15.1776 33.9518 10.6914 1.07361 91.6956
5647235 12.0389 30.2977 17.3234 32.5045 9.0707 1.21924 92.1646
5647249 13.089 28.6235 19.2235 30.2855 7.28897 1.28201 91.2215
5647252 13.089 28.6235 19.2235 30.2855 7.28897 1.28201 91.2215
5647266 13.9241 26.5571 20.588 27.7866 5.57972 1.3325 88.8558
5647275 14.5939 24.2802 21.7705 25.307 3.84603 1.43164 85.9517
5647283 14.5939 24.2802 21.7705 25.307 3.84603 1.43164 85.9517
5647302 15.3463 22.5008 23.2461 22.9336 2.03566 1.48749 84.0269
5647303 16.446 20.9032 24.7723 20.6373 0.0973433 1.46095 82.7589
5647313 16.446 20.9032 24.7723 20.6373 0.0973433 1.46095 82.7589
5647332 17.7793 19.3821 26.3187 18.6498 -1.84647 1.42587 82.1299
5647332 17.7793 19.3821 26.3187 18.6498 -1.84647 1.42587 82.1299
5647344 19.1454 17.8036 28.2289 16.8867 -3.86403 1.49271 82.0647
5647354 20.6655 16.2079 30.7556 15.7975 -5.81821 1.74041 83.4266
5647368 20.6655 16.2079 30.7556 15.7975 -5.81821 1.74041 83.4266
5647380 22.1183 14.7716 32.8478 14.9349 -7.458 1.92969 84.6726
5647384 23.4075 13.4137 34 14.264 -8.7353 2.01729 85.0852
5647394 23.4075 13.4137 34 14.264 -8.7353 2.01729 85.0852
5647409 24.1675 12.0732 34 13.6976 -9.64896 2.04737 83.9383
5647415 24.1675 12.0732 34 13.6976 -9.64896 2.04737 83.9383
5647431 24.6486 10.7501 34 13.2532 -10.4793 2.15141 82.6519
5647435 25.0526 9.61854 34 12.8611 -11.2143 2.24266 81.5323
5647457 25.0526 9.61854 34 12.8611 -11.2143 2.24266 81.5323
5647459 25.2643 8.77419 34 12.6955 -11.7034 2.35162 80.734
5647466 25.7838 8.25192 34 12.8175 -11.9706 2.37129 80.8533
5647481 25.7838 8.25192 34 12.8175 -11.9706 2.37129 80.8533
5647486 26.1783 8.0256 34 12.7391 -12.1732 2.32298 80.943
5647496 26.1783 8.0256 34 12.7391 -12.1732 2.32298 80.943
5647507 26.7074 7.8254 34 12.7478 -12.3443 2.25423 81.2806
5647516 27.4097 7.90374 34 12.7914 -12.3971 2.09694 82.1049
5647533 27.4097 7.90374 34 12.7914 -12.3971 2.09694 82.1049
5647541 27.7946 7.92985 34 12.8175 -12.4322 2.0159 82.5419
5647548 27.7176 7.8254 34 13.0354 -12.3691 2.08754 82.5784
5647559 27.7176 7.8254 34 13.0354 -12.3691 2.08754 82.5784
5647568 27.4001 7.8254 34 13.2619 -12.2179 2.18877 82.4874
5647594 26.9576 7.86892 34 13.4362 -12.0506 2.29929 82.2627
5647608 26.8036 8.00819 34 13.5407 -11.9167 2.3185 82.3526
5647613 26.8036 8.00819 34 13.5407 -11.9167 2.3185 82.3526
5647621 26.6978 8.08653 34 13.4798 -11.892 2.31488 82.2641
5647633 26.4573 8.18228 34 13.3491 -11.8693 2.32523 81.9886
5647639 26.4573 8.18228 34 13.3491 -11.8693 2.32523 81.9886
5647649 26.1975 8.17358 34 13.2793 -11.8629 2.37138 81.6504
5647668 26.1975 8.17358 34 13.2793 -11.8629 2.37138 81.6504
5647669 25.7453 8.14747 34 13.3491 -11.77 2.48448 81.2418
5647682 25.4471 8.25192 34 13.4013 -11.6503 2.53433 81.1003
5647698 25.4471 8.25192 34 13.4013 -11.6503 2.53433 81.1003
5647700 25.0815 8.11265 34 13.593 -11.5661 2.67348 80.7872
5647710 24.8795 8.10394 34 13.593 -11.5364 2.71971 80.5764
5647721 24.8795 8.10394 34 13.593 -11.5364 2.71971 80.5764
5647732 24.6293 7.98208 34 13.4798 -11.6016 2.78465 80.0911
5647740 24.6293 7.98208 34 13.4798 -11.6016 2.78465 80.0911
5647756 24.2733 7.85151 34 13.4972 -11.5937 2.89599 79.622
5647760 24.2926 7.8341 34 13.5669 -11.573 2.90617 79.6936
5647770 24.2926 7.8341 34 13.5669 -11.573 2.90617 79.6936
5647785 24.6967 8.0169 34 13.776 -11.4623 2.80703 80.4896
5647791 24.8795 8.00819 34 13.9764 -11.4064 2.79891 80.8641
5647818 24.8698 8.22581 34 14.203 -11.2059 2.78738 81.2986
5647821 24.8698 8.22581 34 14.203 -11.2059 2.78738 81.2986
5647831 24.6774 8.54788 34 14.4557 -10.9187 2.79693 81.681
5647841 24.2349 9.12238 34 14.6386 -10.5108 2.79552 81.9959
5647855 24.2349 9.12238 34 14.6386 -10.5108 2.79552 81.9959
5647861 23.8885 10.2975 34 14.9349 -9.82187 2.66159 83.1209
5647871 23.5999 11.9601 34 15.5448 -8.84056 2.46488 85.1048
5647886 23.5999 11.9601 34 15.5448 -8.84056 2.46488 85.1048
5647892 23.2054 14.6062 33.7979 16.6689 -7.28608 2.15031 88.2784
5647907 23.2054 14.6062 33.7979 16.6689 -7.28608 2.15031 88.2784
5647914 22.4069 16.6518 32.0291 17.7429 -5.64031 1.80906 88.8308
5647923 21.3005 18.1193 29.371 18.7656 -3.93649 1.49334 87.5564
5647933 21.3005 18.1193 29.371 18.7656 -3.93649 1.49334 87.5564
5647942 20.2711 19.8317 26.6724 20.1067 -2.01568 1.15265 86.8819
5647958 19.2801 21.659 23.8424 21.689 0.0651628 0.79663 86.4705
5647964 19.2801 21.659 23.8424 21.689 0.0651628 0.79663 86.4705
5647974 18.2026 23.4862 21.0125 23.1362 2.15737 0.429862 85.8375
5647984 18.2026 23.4862 21.0125 23.1362 2.15737 0.429862 85.8375
5647994 16.8512 25.0073 18.4049 24.4194 4.18346 0.171075 84.6828
5648010 15.3959 26.4328 16.2617 26.185 6.21777 0.110005 84.2754
5648016 15.3959 26.4328 16.2617 26.185 6.21777 0.110005 84.2754
5648026 13.7339 27.6573 14.6262 27.9506 8.11255 0.211789 83.968
5648044 12.2208 29.0062 13.3738 29.7934 9.83626 0.344853 84.3943
5648046 12.2208 29.0062 13.3738 29.7934 9.83626 0.344853 84.3943
5648062 10.8813 30.5464 12.2336 31.3275 11.4012 0.376525 84.9889
5648074 10.8813 30.5464 12.2336 31.3275 11.4012 0.376525 84.9889
5648077 9.77335 32.1154 11.1495 32.5528 12.7774 0.317838 85.591
5648087 8.74805 33.8278 10.1308 33.7202 14.0781 0.221318 86.4269
5648095 8.74805 33.8278 10.1308 33.7202 14.0781 0.221318 86.4269
5648112 7.73103 34 9.18692 34 15.0387 0.25717 84.9179
5648115 6.99514 34 8.73832 34 15.605 0.312274 83.7335
5648125 6.99514 34 8.73832 34 15.605 0.312274 83.7335
5648139 6.52383 34 8.83178 34 15.7891 0.415319 83.3556
5648150 6.52383 34 8.83178 34 15.7891 0.415319 83.3556
5648166 6.14348 34 8.58879 34 16.0964 0.443351 82.7323
5648167 6.05253 34 8.30841 34 16.2817 0.410854 82.3609
5648176 6.05253 34 8.30841 34 16.2817 0.410854 82.3609
5648191 6.03599 34 8.20561 34 16.3416 0.395715 82.2416
5648196 6.11041 34 8.21495 34 16.2995 0.383456 82.3254
5648206 6.11041 34 8.21495 34 16.2995 0.383456 82.3254
5648225 6.07733 34 7.97196 34 16.4385 0.34637 82.0493
5648229 6.07733 34 7.97196 34 16.4385 0.34637 82.0493
5648243 6.0608 34 7.71028 33.7684 16.5556 0.260843 81.5395
5648256 5.98638 34 7.63551 33.2185 16.5748 0.160992 80.8404
5648259 5.98638 34 7.63551 33.2185 16.5748 0.160992 80.8404
5648270 5.97811 34 7.47664 32.794 16.6168 0.0546741 80.2487
5648278 5.92023 34 7.49533 32.6493 16.6221 0.0420338 80.0648
5648295 5.92023 34 7.49533 32.6493 16.6221 0.0420338 80.0648
5648303 5.9037 34 7.58879 32.5721 16.574 0.0481778 80.0646
5648309 5.9037 34 7.58879 32.5721 16.574 0.0481778 80.0646
5648320 5.84582 34 7.57009 32.6107 16.6178 0.0627834 80.0266
5648329 5.86235 34 7.59813 32.6975 16.6038 0.0810778 80.158
5648346 5.86235 34 7.59813 32.6975 16.6038 0.0810778 80.158
5648349 5.92023 34 7.57944 32.9194 16.6067 0.107925 80.4191
5648359 5.9037 34 7.81308 33.5079 16.5563 0.261742 81.2247
5648374 5.9037 34 7.81308 33.5079 16.5563 0.261742 81.2247
5648384 5.93677 34 8.02804 34 16.4812 0.382712 81.9648
5648390 5.93677 34 8.02804 34 16.4812 0.382712 81.9648
5648400 5.96158 34 8.1215 34 16.4215 0.394707 82.0831
5648427 6.03599 34 8.1028 34 16.3934 0.377437 82.1388
5648428 6.03599 34 8.1028 34 16.3934 0.377437 82.1388
5648432 6.05253 34 8.07477 34 16.3991 0.369349 82.1273
5648440 6.05253 34 8.02804 34 16.4227 0.361018 82.0806
5648455 6.05253 34 8.02804 34 16.4227 0.361018 82.0806
5648461 6.02772 34 7.71963 33.7491 16.5657 0.265235 81.4965
5648476 6.02772 34 7.71963 33.7491 16.5657 0.265235 81.4965
5648481 5.95331 34 7.71028 33.0545 16.5362 0.150794 80.7181
5648491 6.40807 34 7.90654 32.4177 16.1345 -0.0155747 80.7323
5648502 6.40807 34 7.90654 32.4177 16.1345 -0.0155747 80.7323
5648511 7.20185 34 8.07477 31.6941 15.5666 -0.265464 80.9707
5648526 8.53307 34 8.57944 31.1635 14.6005 -0.508687 82.276
5648537 8.53307 34 8.57944 31.1635 14.6005 -0.508687 82.276
5648548 10.4266 34 9.97196 30.8065 13.0297 -0.642238 85.205
5648553 10.4266 34 9.97196 30.8065 13.0297 -0.642238 85.205
5648562 12.4689 34 12.1869 30.5267 11.1768 -0.631617 89.1825
5648574 13.9489 34 14.7477 29.7066 9.47207 -0.567299 92.4032
5648582 13.9489 34 14.7477 29.7066 9.47207 -0.567299 92.4032
5648597 15.1396 34 16.8131 27.941 7.98465 -0.700611 93.8936
5648604 16.1235 33.1294 17.8591 25.5386 6.66088 -0.947962 92.6507
5648619 16.1235 33.1294 17.8591 25.5386 6.66088 -0.947962 92.6507
5648624 16.6279 30.9578 18.7081 22.8757 5.18605 -1.00964 89.1695
5648634 16.6279 30.9578 18.7081 22.8757 5.18605 -1.00964 89.1695
5648644 16.8594 28.4513 19.9816 20.5023 3.52953 -0.84392 85.7946
5648654 17.3367 25.9353 21.063 18.4955 1.82028 -0.672493 82.8305
5648680 17.9525 23.7349 22.1849 16.9216 0.160643 -0.479169 80.7939
5648685 18.5586 21.879 23.6706 16.0502 -1.34109 -0.134121 80.1584
5648695 18.5586 21.879 23.6706 16.0502 -1.34109 -0.134121 80.1584
5648705 19.1262 20.2144 25.7931 15.6058 -2.81741 0.382403 80.7396
5648718 19.1262 20.2144 28.1683 15.6058 -3.45131 0.800126 83.1147
5648725 19.9344 18.7124 28.1683 15.3967 -4.25531 0.897351 82.2118
5648746 21.0985 17.3827 30.22 15.1615 -5.59675 1.23421 83.8626
5648758 22.2145 16.3297 31.9382 15.0133 -6.6698 1.47503 85.4957
5648773 23.3401 15.6856 33.2723 14.7084 -7.53348 1.54384 87.0064
5648778 23.3401 15.6856 33.2723 14.7084 -7.53348 1.54384 87.0064
5648802 24.283 15.1372 33.9394 14.2291 -8.23622 1.49819 87.5887
5648804 25.1488 14.467 34 13.8631 -8.80747 1.41417 87.479
5648808 25.1488 14.467 34 13.8631 -8.80747 1.41417 87.479
5648833 26.2456 13.8315 34 13.5146 -9.39 1.27366 87.5918
5648839 27.2269 13.1091 34 12.9744 -10.0628 1.14048 87.3104
5648849 28.0543 12.4736 34 12.7217 -10.5614 1.06483 87.2496
5648864 28.0543 12.4736 34 12.7217 -10.5614 1.06483 87.2496
5648869 28.6316 11.6554 34 12.3906 -11.1291 1.05626 86.6776
5648897 28.8432 10.8546 34 12.2686 -11.551 1.14651 85.9664
5648897 28.8432 10.8546 34 12.2686 -11.551 1.14651 85.9664
5648904 28.8625 10.193 34 12.2686 -11.8375 1.26806 85.3241
5648909 28.8625 10.193 34 12.2686 -11.8375 1.26806 85.3241
5648925 28.6701 9.56631 34 12.2076 -12.1075 1.41595 84.444
5648929 28.7663 9.20072 34 12.1553 -12.3066 1.46007 84.1223
5648955 29.1415 8.9744 34 12.0856 -12.4943 1.41976 84.2015
5648960 29.5359 8.86124 34 11.9897 -12.6456 1.3496 84.3869
5648970 29.5359 8.86124 34 11.9897 -12.6456 1.3496 84.3869
5648985 29.5552 8.72197 34 11.9375 -12.7341 1.36443 84.2146
5648990 29.5552 8.72197 34 11.9375 -12.7341 1.36443 84.2146
5649000 29.3916 8.64363 34 12.0507 -12.6945 1.42987 84.086
5649014 29.1222 8.7829 34 12.1814 -12.5341 1.47639 84.0866
5649025 29.1222 8.7829 34 12.1814 -12.5341 1.47639 84.0866
5649045 28.6316 8.63492 34 12.0943 -12.5666 1.58848 83.3608
5649047 28.0447 8.3999 34 12.164 -12.5534 1.76484 82.6086
5649052 28.0447 8.3999 34 12.164 -12.5534 1.76484 82.6086
5649061 27.3039 8.05171 34 12.2163 -12.5766 1.99714 81.5719
5649076 27.3039 8.05171 34 12.2163 -12.5766 1.99714 81.5719
5649081 26.6786 7.6426 34 12.3296 -12.6181 2.23341 80.6507
5649091 26.2745 7.42499 34 12.3731 -12.6374 2.37416 80.0726
5649104 26.2745 7.42499 34 12.3731 -12.6374 2.37416 80.0726
5649117 26.159 7.24219 34 12.3644 -12.7099 2.43775 79.7656
5649134 26.0917 7.15515 34 12.4777 -12.6871 2.48936 79.7245
5649143 25.9666 7.05069 34 12.6258 -12.6471 2.56303 79.6431
5649171 25.5337 6.90271 34 12.7391 -12.596 2.70969 79.1755
5649173 25.2354 6.75474 34 12.8611 -12.5615 2.82892 78.8513
5649195 25.2354 6.75474 34 12.8611 -12.5615 2.82892 78.8513
5649196 24.8314 6.63287 34 12.9134 -12.5307 2.95668 78.3776
5649207 24.687 6.72862 34 13.0789 -12.3829 2.99319 78.4946
5649225 24.687 6.72862 34 13.0789 -12.3829 2.99319 78.4946
5649226 24.8506 7.11162 34 13.2009 -12.1705 2.88746 79.1631
5649234 24.8506 7.11162 34 13.2009 -12.1705 2.88746 79.1631
5649259 24.7255 7.61649 34 13.3926 -11.8256 2.83138 79.7346
5649260 24.6486 8.61751 34 13.4972 -11.3089 2.64312 80.7632
5649264 24.6486 8.61751 34 13.4972 -11.3089 2.64312 80.7632
5649276 24.5716 9.76651 34 13.9764 -10.5779 2.48528 82.3145
5649291 24.4273 10.9329 34 14.8129 -9.70661 2.39733 84.1731
5649295 24.4273 10.9329 34 14.8129 -9.70661 2.39733 84.1731
5649305 24.0713 12.0558 34 16.2506 -8.61473 2.45263 86.3778
5649322 24.0713 12.0558 34 16.2506 -8.61473 2.45263 86.3778
5649325 23.4748 13.466 33.6564 18.6305 -7.01427 2.57983 89.2277
5649335 22.8976 15.5115 31.2812 21.0426 -4.8562 2.30038 90.7329
5649355 22.8976 15.5115 31.2812 21.0426 -4.8562 2.30038 90.7329
5649361 21.8104 17.4783 28.1683 22.4801 -2.78533 1.8946 89.9371
5649367 20.4346 18.8368 24.8329 23.3871 -0.869718 1.53419 87.4914
5649387 20.4346 18.8368 24.8329 23.3871 -0.869718 1.53419 87.4914
5649389 18.9145 20.0039 21.8008 24.5545 1.12668 1.30817 85.2738
5649419 17.5676 21.1998 19.365 26.0885 3.07395 1.19083 84.221
5649420 16.5122 22.4339 17.3639 27.4875 4.78696 1.05707 83.7974
5649432 16.5122 22.4339 17.3639 27.4875 4.78696 1.05707 83.7974
5649452 15.6605 23.6488 15.9626 28.983 6.23367 1.00343 84.2549
5649454 14.8254 24.7968 14.9252 30.5749 7.5248 1.03579 85.1224
5649458 14.8254 24.7968 14.9252 30.5749 7.5248 1.03579 85.1224
5649483 13.9985 25.7535 14.1402 32.0511 8.62948 1.12386 85.9433
5649483 13.9985 25.7535 14.1402 32.0511 8.62948 1.12386 85.9433
5649487 13.0807 26.758 13.5047 33.3729 9.67104 1.21755 86.7163
5649499 12.1051 27.4564 13.0561 34 10.4757 1.29788 86.6175
5649512 12.1051 27.4564 13.0561 34 10.4757 1.29788 86.6175
5649520 10.9227 27.9347 12.8131 34 11.1471 1.39296 85.6705
5649529 9.78988 28.3939 12.3925 34 11.8862 1.45585 84.5763
5649545 9.78988 28.3939 12.3925 34 11.8862 1.45585 84.5763
5649558 8.77286 29.0636 11.9065 34 12.6531 1.44551 83.743
5649560 8.77286 29.0636 11.9065 34 12.6531 1.44551 83.743
5649576 7.63181 29.5324 11.4579 34 13.4475 1.50573 82.6221
5649588 6.70574 29.8576 11.0654 34 14.1146 1.56233 81.6288
5649608 6.70574 29.8576 11.0654 34 14.1146 1.56233 81.6288
5649609 6.00292 30.1733 11.2243 34 14.4182 1.66732 81.4005
5649610 5.6143 30.4221 11.0187 34 14.7397 1.66227 81.0551
5649641 5.29183 30.6517 10.8785 34 14.9963 1.65828 80.822
5649642 5.29183 30.6517 10.8785 34 14.9963 1.65828 80.822
5649650 5.06858 30.7378 10.757 34 15.1782 1.66652 80.5633
5649674 4.95282 30.91 10.6075 34 15.3316 1.63005 80.4703
5649675 4.95282 30.91 10.6075 34 15.3316 1.63005 80.4703
5649685 5.06031 31.1396 10.4953 34 15.3615 1.542 80.6952
5649702 5.09339 31.1204 10.4299 34 15.3754 1.52822 80.6437
5649704 5.09339 31.1204 10.4299 34 15.3754 1.52822 80.6437
5649711 4.99416 30.8334 10.4112 34 15.4003 1.60464 80.2388
5649727 4.99416 30.8334 10.4112 34 15.4003 1.60464 80.2388
5649732 4.92802 30.4699 10.4766 34 15.357 1.70494 79.8745
5649741 4.91975 30.1542 10.4766 34 15.3229 1.77297 79.5506
5649758 4.91975 30.1542 10.4766 34 15.3229 1.77297 79.5506
5649766 4.87014 29.8385 10.514 34 15.2906 1.85655 79.2226
5649772 4.72957 29.4176 10.6075 34 15.2628 1.99233 78.7546
5649799 4.68823 29.054 10.7477 34 15.167 2.10322 78.4899
5649804 4.68823 29.054 10.7477 34 15.167 2.10322 78.4899
5649818 4.77918 28.9679 10.8879 34 15.0381 2.12515 78.635
5649830 4.74611 29.0158 11.1121 34 14.9471 2.15856 78.874
5649834 4.74611 29.0158 11.1121 34 14.9471 2.15856 78.874
5649851 4.67169 28.7001 11.1589 34 14.9208 2.25144 78.5306
5649854 4.66342 28.4418 11.2243 34 14.8584 2.3208 78.3295
5649885 4.66342 28.4418 11.2243 34 14.8584 2.3208 78.3295
5649886 4.55593 28.0017 11.2897 34 14.8226 2.45328 77.8473
5649888 4.55593 28.0017 11.2897 34 14.8226 2.45328 77.8473
5649894 4.48152 27.6573 11.4206 34 14.7484 2.5687 77.5594
5649918 4.58074 27.6095 11.3832 34 14.7104 2.55106 77.5734
5649929 4.81226 27.7817 11.5047 34 14.5536 2.4797 78.0986
5649935 5.22568 27.9443 11.6636 34 14.288 2.37721 78.8335
5649951 5.22568 27.9443 11.6636 34 14.288 2.37721 78.8335
5649955 6.02772 28.26 12.3925 34 13.5844 2.25052 80.6802
5649965 6.02772 28.26 12.3925 34 13.5844 2.25052 80.6802
5649984 6.94553 28.7383 13.4579 34 12.7297 2.12422 83.1418
5649986 7.96255 29.121 14.5794 34 11.8426 2.01299 85.663
5649995 7.96255 29.121 14.5794 34 11.8426 2.01299 85.663
5650018 8.54134 29.0253 15.3738 34 11.2462 2.03711 86.9405
5650018 9.17802 28.7383 15.8598 34 10.7377 2.04101 87.7762
5650026 9.17802 28.7383 15.8598 34 10.7377 2.04101 87.7762
5650052 10.0049 28.0974 16.0467 34 10.223 2.03256 88.1489
5650053 10.0049 28.0974 16.0467 34 10.223 2.03256 88.1489
5650057 10.7821 27.2077 16.1589 32.7361 9.49614 1.88271 86.8847
5650066 11.3444 26.1075 16.5421 30.2372 8.44649 1.66105 84.2311
5650084 11.3444 26.1075 16.5421 30.2372 8.44649 1.66105 84.2311
5650086 12.1712 25.0169 17.5256 28.0664 7.06284 1.52281 82.7801
5650117 13.0642 23.8115 19.2741 26.3394 5.39846 1.5889 82.4892
5650119 13.0642 23.8115 19.2741 26.3394 5.39846 1.5889 82.4892
5650120 13.9737 22.6539 21.346 24.8053 3.66624 1.72575 82.779
5650128 13.9737 22.6539 21.346 24.8053 3.66624 1.72575 82.779
5650151 14.966 21.6781 23.6302 23.5704 1.98353 1.88859 83.8446
5650152 15.9499 20.8936 25.6718 22.403 0.493082 1.98389 84.9183
5650167 15.9499 20.8936 25.6718 22.403 0.493082 1.98389 84.9183
5650180 16.9587 20.3005 27.1576 21.0715 -0.802507 1.92481 85.4882
5650184 17.9525 19.6691 28.431 19.9041 -1.98074 1.86959 85.9567
5650189 17.9525 19.6691 28.431 19.9041 -1.98074 1.86959 85.9567
5650213 18.7221 19.0473 29.4417 18.8235 -2.99098 1.82993 86.0346
5650214 18.7221 19.0473 29.4417 18.8235 -2.99098 1.82993 86.0346
5650219 19.2705 18.2341 30.8971 18.2639 -3.94321 2.01748 86.6657
5650246 19.6746 17.5357 32.3526 17.8973 -4.74334 2.23636 87.4602
5650248 19.6746 17.5357 32.3526 17.8973 -4.74334 2.23636 87.4602
5650256 19.8285 16.5125 33.5957 17.4631 -5.5631 2.52593 87.3999
5650278 19.9728 15.5463 34 17.2798 -6.09071 2.72364 86.799
5650279 19.9728 15.5463 34 17.2798 -6.09071 2.72364 86.799
5650284 19.9344 14.1101 34 17.1061 -6.66999 3.00556 85.1506
5650293 19.6938 12.3605 34 17.1158 -7.27954 3.4378 83.1701
5650312 19.6938 12.3605 34 17.1158 -7.27954 3.4378 83.1701
5650314 19.3667 10.7762 34 17.2991 -7.76362 3.89653 81.4421
5650346 19.0973 9.47926 34 17.4342 -8.18137 4.28522 80.0108
5650348 18.953 8.24322 34 17.3184 -8.72176 4.60847 78.5146
5650351 18.953 8.24322 34 17.3184 -8.72176 4.60847 78.5146
5650361 18.6355 7.18126 34 17.193 -9.17459 4.94278 77.0098
5650381 18.5008 8.64363 34 17.0772 -8.55902 4.5894 78.2217
5650382 18.5008 6.41526 34 17.0772 -9.54308 5.16383 75.9933
5650393 18.3758 6.00614 34 16.939 -9.76841 5.28878 75.3209
5650419 18.2315 5.80594 34 16.939 -9.83193 5.38201 74.9764
5650424 18.1737 5.93651 34 16.9826 -9.7395 5.36782 75.0928
5650445 18.1737 5.93651 34 16.9826 -9.7395 5.36782 75.0928
5650446 18.0583 5.84076 34 16.8432 -9.82523 5.40741 74.7422
5650454 17.8947 5.62314 34 16.7037 -9.95931 5.49419 74.2216
5650480 17.8947 5.62314 34 16.7037 -9.95931 5.49419 74.2216
5650481 17.6446 5.50998 34 16.5643 -10.0281 5.57722 73.7189
5650484 17.6446 5.50998 34 16.5643 -10.0281 5.57722 73.7189
5650494 17.5869 5.44035 34 16.4946 -10.0827 5.60393 73.5218
5650515 17.6446 5.41423 34 16.451 -10.1277 5.5895 73.5099
5650519 17.6446 5.41423 34 16.451 -10.1277 5.5895 73.5099
5650525 17.8178 5.41423 34 16.4859 -10.146 5.54558 73.7179
5650549 18.0583 5.39683 34 16.3901 -10.2483 5.47123 73.8452
5650561 18.3084 5.38812 34 16.2419 -10.3729 5.3853 73.9385
5650565 18.3084 5.38812 34 16.2419 -10.3729 5.3853 73.9385
5650582 18.3854 5.36201 34 16.0764 -10.48 5.34969 73.8238
5650585 18.6355 5.30978 34 15.937 -10.6212 5.27697 73.8823
5650617 18.9242 5.32719 34 15.8237 -10.7233 5.17833 74.075
5650623 19.0589 5.3446 34 15.937 -10.6864 5.15201 74.3404
5650632 19.0589 5.3446 34 15.937 -10.6864 5.15201 74.3404
5650654 19.1262 5.47517 34 16.0328 -10.5911 5.11122 74.6342
5650657 19.1262 5.47517 34 16.0328 -10.5911 5.11122 74.6342
5650660 19.3282 5.7276 34 15.8585 -10.5928 4.96621 74.9144
5650668 19.5207 6.06708 34 15.6407 -10.5721 4.79599 75.2284
5650684 19.5207 6.06708 34 15.6407 -10.5721 4.79599 75.2284
5650687 19.6361 6.4849 34 15.449 -10.4877 4.63041 75.57
5650698 19.7419 7.15515 34 15.7627 -10.0522 4.47411 76.6598
5650724 19.9825 8.19969 34 16.6776 -9.22688 4.27888 78.8597
5650729 19.9825 8.19969 34 16.6776 -9.22688 4.27888 78.8597
5650745 20.3769 9.61854 34 17.9455 -8.18054 4.01815 81.941
5650758 20.5693 10.9939 34 18.9875 -7.27018 3.80085 84.5507
5650759 20.5693 10.9939 34 18.9875 -7.27018 3.80085 84.5507
5650779 20.348 12.0036 34 19.5664 -6.62785 3.70378 85.918
5650786 19.944 12.8044 34 19.9909 -6.09546 3.67352 86.7393
5650790 19.944 12.8044 34 19.9909 -6.09546 3.67352 86.7393
5650811 19.3571 13.6139 32.2919 20.3575 -5.1616 3.4475 85.6205
5650812 19.3571 13.6139 32.2919 20.3575 -5.1616 3.4475 85.6205
5650825 18.6067 14.4844 29.6742 21.0715 -3.79457 3.15875 83.8368
5650842 17.7985 15.3722 27.3496 22.1232 -2.31498 2.95885 82.6435
5650843 17.7985 15.3722 27.3496 22.1232 -2.31498 2.95885 82.6435
5650850 17.3079 16.3907 25.5101 23.5028 -0.883934 2.77732 82.7115
5650878 16.8842 17.3348 23.7515 25.0272 0.519997 2.63133 82.9978
5650879 16.8842 17.3348 23.7515 25.0272 0.519997 2.63133 82.9978
5650881 16.3054 18.3776 22.1243 26.7928 2.01577 2.55395 83.6002
5650891 15.5944 18.3776 20.6587 26.7928 2.73795 2.48324 81.4235
5650912 15.5944 19.3534 20.6587 28.954 3.56382 2.60139 84.5605
5650913 14.8915 20.5684 19.2741 31.3371 5.15268 2.64048 86.0711
5650947 14.0978 21.7355 17.9804 33.4115 6.61186 2.67559 87.2251
5650950 13.0973 22.6539 16.729 34 7.75544 2.5979 86.4802
5650953 13.0973 22.6539 16.729 34 7.75544 2.5979 86.4802
5650965 11.8322 23.2088 15.6355 34 8.78079 2.58535 84.6765
5650986 10.3852 23.5819 14.8411 34 9.76822 2.6943 82.8082
5650987 10.3852 23.5819 14.8411 34 9.76822 2.6943 82.8082
5651003 9.12014 24.3185 14.243 34 10.6987 2.71867 81.6816
5651022 9.12014 24.3185 14.243 34 10.6987 2.71867 81.6816
5651024 8.15272 25.1699 13.9159 34 11.4174 2.69451 81.2386
5651026 7.36722 25.7439 13.7664 34 11.9348 2.71803 80.8775
5651034 7.36722 25.7439 13.7664 34 11.9348 2.71803 80.8775
5651057 6.78842 26.1171 13.6262 34 12.3251 2.74191 80.5316
5651058 6.18482 26.2797 13.3271 34 12.7732 2.79401 79.7916
5651065 6.18482 26.2797 13.3271 34 12.7732 2.79401 79.7916
5651090 5.73833 26.184 13.1308 34 13.0655 2.88575 79.0532
5651091 5.73833 26.184 13.1308 34 13.0655 2.88575 79.0532
5651095 5.37451 26.0597 12.972 34 13.3004 2.97256 78.4061
5651105 5.08512 25.9162 12.8598 34 13.4763 3.05516 77.8611
5651123 5.08512 25.9162 12.8598 34 13.4763 3.05516 77.8611
5651130 5.00243 25.8683 12.757 34 13.5612 3.0697 77.6278
5651136 4.91148 25.8587 12.8411 34 13.5631 3.10603 77.6114
5651154 4.91148 25.8587 12.8411 34 13.5631 3.10603 77.6114
5651156 5.0107 25.8492 12.8318 34 13.5171 3.08371 77.6917
5651167 5.0107 25.8492 12.8318 34 13.5171 3.08371 77.6917
5651185 5.04377 25.7535 12.6822 34 13.5608 3.07532 77.4795
5651187 5.10165 25.8875 12.6449 34 13.5704 3.02492 77.634
5651197 5.10165 25.8875 12.6449 34 13.5704 3.02492 77.634
5651212 5.10992 25.9162 12.6916 34 13.5473 3.02354 77.7177
5651218 5.12646 26.0788 12.6355 34 13.5908 2.97343 77.8408
5651228 5.12646 26.0788 12.6355 34 13.5908 2.97343 77.8408
5651244 5.12646 26.0692 12.5607 34 13.6265 2.96408 77.7564
5651249 5.12646 26.0692 12.5607 34 13.6265 2.96408 77.7564
5651259 5.12646 26.0023 12.6262 34 13.5842 2.98967 77.7549
5651276 5.15953 26.184 12.7009 34 13.5575 2.95166 78.0445
5651281 5.15953 26.184 12.7009 34 13.5575 2.95166 78.0445
5651290 5.26702 26.2797 12.7664 34 13.4864 2.91516 78.3131
5651316 5.18434 26.3275 12.6355 34 13.5986 2.90291 78.1474
5651317 5.18434 26.3275 12.6355 34 13.5986 2.90291 78.1474
5651344 5.09339 26.0501 12.4579 34 13.6914 2.96022 77.6014
5651346 5.09339 26.0501 12.4579 34 13.6914 2.96022 77.6014
5651352 5.06031 25.897 12.3738 34 13.7276 2.99035 77.3312
5651361 5.06031 25.897 12.3738 34 13.7276 2.99035 77.3312
5651375 5.0107 25.6483 12.3271 34 13.7397 3.05278 76.9861
5651390 5.23395 25.6483 12.5421 34 13.5204 3.0339 77.4243
5651409 5.23395 25.6483 12.5421 34 13.5204 3.0339 77.4243
5651409 5.72179 25.6483 12.8972 34 13.1055 2.97579 78.2673
5651413 6.69747 25.6005 13.5421 34 12.3249 2.864 79.84
5651422 6.69747 25.6005 13.5421 34 12.3249 2.864 79.84
5651441 8.54134 25.4856 14.4953 34 11.0422 2.62989 82.5223
5651443 8.54134 25.4856 14.4953 34 11.0422 2.62989 82.5223
5651453 10.6663 25.2847 16.1869 34 9.41265 2.47901 86.138
5651469 12.4275 24.8255 18.5666 34 7.74647 2.55738 89.8197
5651475 12.4275 24.8255 18.5666 34 7.74647 2.55738 89.8197
5651485 14.2301 23.8976 21.2247 33.0931 5.82394 2.62698 92.4454
5651498 16.0739 22.6539 23.1451 30.0539 3.66836 2.3613 91.9268
5651530 17.7408 21.1902 24.0345 26.4745 1.64618 1.94174 89.44
5651531 17.7408 21.1902 24.0345 26.4745 1.64618 1.94174 89.44
5651539 18.8857 19.2864 24.8936 23.0687 -0.413351 1.70492 86.1344
5651545 20.0209 17.5453 25.9346 20.1935 -2.45438 1.53449 83.6944
5651564 20.0209 17.5453 25.9346 20.1935 -2.45438 1.53449 83.6944
5651565 21.2235 16.1034 27.0059 17.8008 -4.36035 1.36602 82.1337
5651575 22.2915 15.0241 28.1379 16.1896 -5.88405 1.2883 81.6431
5651597 22.2915 15.0241 28.1379 16.1896 -5.88405 1.2883 81.6431
5651598 23.2439 14.1797 29.2901 15.1092 -7.10227 1.2788 81.8229
