5915891 13.2709 19.7552 22.1445 30.0539 4.2223 3.37443 85.2245
5915905 14.321 18.9133 22.9025 27.1112 2.64302 3.02338 83.2481
5915912 14.321 18.9133 22.9025 27.1112 2.64302 3.02338 83.2481
5915928 15.3959 17.9854 23.8728 24.5738 1.0053 2.76164 81.8278
5915936 16.4212 17.1052 25.1665 22.4994 -0.610587 2.61222 81.1923
5915949 16.4212 17.1052 25.1665 22.4994 -0.610587 2.61222 81.1923
5915954 17.4714 16.3385 26.7735 20.8207 -2.17612 2.53997 81.404
5915963 17.4714 16.3385 26.7735 20.8207 -2.17612 2.53997 81.404
5915981 18.5778 15.4245 28.7949 19.412 -3.81228 2.5918 82.2092
5915991 19.8766 14.1623 30.9679 18.2736 -5.52611 2.73819 83.2804
5916008 21.1177 12.8479 33.6159 17.0868 -7.32236 2.96518 84.6684
5916014 22.2818 11.4291 34 16.0589 -8.59313 2.92731 83.7699
5916024 22.2818 11.4291 34 16.0589 -8.59313 2.92731 83.7699
5916036 23.5518 10.1321 34 15.022 -9.79302 2.78181 82.7059
5916049 24.7063 10.1321 34 14.0984 -10.3922 2.39822 82.9368
5916058 24.7063 8.90476 34 14.0984 -10.9238 2.65955 81.7095
5916065 25.7068 8.06912 34 13.4798 -11.7401 2.52975 81.2557
5916091 26.4669 7.50333 34 12.8698 -12.3991 2.39354 80.84
5916098 26.9095 7.13774 34 12.6345 -12.7467 2.34019 80.6817
5916106 26.9095 7.13774 34 12.6345 -12.7467 2.34019 80.6817
5916116 27.073 6.97235 34 12.6084 -12.8612 2.33648 80.6538
5916126 27.0538 6.73733 34 12.3209 -13.1053 2.34605 80.112
5916136 27.0538 6.73733 34 12.3209 -13.1053 2.34605 80.112
5916147 26.5823 6.59805 34 12.0943 -13.2104 2.44351 79.2747
5916161 26.5823 6.59805 34 12.0943 -13.2104 2.44351 79.2747
5916170 25.957 6.51101 34 11.9636 -13.2225 2.58103 78.4316
5916178 25.678 6.55453 34 11.7371 -13.27 2.59804 77.9696
5916188 25.678 6.55453 34 11.7371 -13.27 2.59804 77.9696
5916198 25.678 6.56324 34 11.4059 -13.429 2.54318 77.6472
5916208 25.7934 6.58935 34 11.0835 -13.5932 2.45928 77.4663
5916218 25.7934 6.58935 34 11.0835 -13.5932 2.45928 77.4663
5916233 25.8608 6.62417 34 10.8657 -13.6944 2.4009 77.3507
5916239 25.8608 6.62417 34 10.8657 -13.6944 2.4009 77.3507
5916249 25.9281 6.61546 34 10.674 -13.8047 2.35641 77.2176
5916260 25.9474 6.57194 34 10.6566 -13.8381 2.35902 77.1759
5916269 25.9474 6.57194 34 10.6566 -13.8381 2.35902 77.1759
5916282 26.0436 6.60676 34 10.6479 -13.8389 2.32817 77.2982
5916289 26.2071 6.54583 34 10.796 -13.8188 2.32944 77.549
5916318 26.5246 6.66769 34 10.8744 -13.7647 2.24464 78.0667
5916328 26.5246 6.66769 34 10.8744 -13.7647 2.24464 78.0667
5916336 26.8902 6.73733 34 10.9006 -13.7697 2.15331 78.5281
5916348 27.3135 6.85049 34 10.9964 -13.7274 2.05262 79.1604
5916354 27.3135 6.85049 34 10.9964 -13.7274 2.05262 79.1604
5916362 27.6021 7.21608 34 11.3972 -13.3979 1.97823 80.2155
5916370 27.429 7.68612 34 11.7283 -12.9926 1.96922 80.8434
5916380 27.429 7.68612 34 11.7283 -12.9926 1.96922 80.8434
5916399 27.1019 8.54788 34 12.3557 -12.2548 1.95828 82.0055
5916420 26.8325 9.85356 34 13.0789 -11.3114 1.86108 83.765
5916424 26.6593 11.6728 34 14.1333 -10.0772 1.7003 86.4654
5916437 26.6593 11.6728 34 14.1333 -10.0772 1.7003 86.4654
5916441 26.3514 13.0133 34 15.5013 -8.95642 1.71098 88.866
5916451 25.6876 14.3364 31.6249 17.2509 -7.23433 1.49354 88.8997
5916483 24.9179 15.9903 29.0779 19.2673 -5.24861 1.24986 89.2534
5916486 24.9179 15.9903 29.0779 19.2673 -5.24861 1.24986 89.2534
5916493 23.8212 17.861 26.2277 20.7338 -3.23036 0.893358 88.6437
5916506 22.4165 19.1621 23.2461 21.7662 -1.36689 0.594816 86.5909
5916513 22.4165 19.1621 23.2461 21.7662 -1.36689 0.594816 86.5909
5916523 20.425 20.0326 20.5375 22.8371 0.56878 0.52192 83.8322
5916533 18.1641 20.8075 18.3543 24.5641 2.70277 0.722947 81.8901
5916543 18.1641 20.8075 18.3543 24.5641 2.70277 0.722947 81.8901
5916558 16.1732 21.8216 16.7009 26.5227 4.76192 0.965706 81.2184
5916574 14.2797 22.7591 15.6075 28.8961 6.67387 1.37318 81.5424
5916584 12.5185 23.6393 14.9907 31.4625 8.35019 1.86938 82.611
5916610 10.8648 24.6438 14.4953 34 9.9054 2.31896 84.0039
5916621 9.4178 25.5909 14.2056 34 10.8057 2.37884 83.2143
5916625 9.4178 25.5909 14.2056 34 10.8057 2.37884 83.2143
5916635 8.16926 26.2606 14.4486 34 11.3548 2.53723 82.8784
5916646 7.21839 26.825 14.5234 34 11.8338 2.6306 82.5667
5916671 6.58171 27.4851 14.6729 34 12.1557 2.64796 82.7397
5916680 6.58171 27.4851 14.6729 34 12.1557 2.64796 82.7397
5916691 6.16002 28.2122 14.5421 34 12.516 2.56347 82.9142
5916698 6.04426 28.8531 14.2243 34 12.8079 2.40495 83.1217
5916707 6.04426 28.8531 14.2243 34 12.8079 2.40495 83.1217
5916725 5.9037 29.3315 13.5514 34 13.2498 2.23157 82.7866
5916729 5.80447 29.3889 12.7944 34 13.6575 2.12246 81.9877
5916738 5.80447 29.3889 12.7944 34 13.6575 2.12246 81.9877
5916748 5.81274 29.2836 12.028 34 14.0041 2.02128 81.1244
5916760 5.81274 29.2836 12.028 34 14.0041 2.02128 81.1244
5916769 5.70525 28.9966 11.3738 34 14.3357 1.9991 80.0757
5916782 5.68045 28.9297 10.9252 34 14.5608 1.94538 79.5353
5916789 5.68045 28.9297 10.9252 34 14.5608 1.94538 79.5353
5916799 5.58949 28.7479 10.5888 34 14.751 1.94829 78.9262
5916809 5.62257 28.7479 10.5514 34 14.7532 1.935 78.9219
5916819 5.62257 28.7479 10.5514 34 14.7532 1.935 78.9219
5916829 5.62257 29.0349 10.6355 34 14.7481 1.88757 79.293
5916844 5.62257 29.0349 10.6355 34 14.7481 1.88757 79.293
5916851 5.69698 29.2836 10.8037 34 14.6592 1.84682 79.7843
5916860 5.76313 29.4941 11.1402 34 14.4876 1.8439 80.3974
5916874 5.76313 29.4941 11.1402 34 14.4876 1.8439 80.3974
5916880 5.76313 29.628 11.4393 34 14.359 1.86466 80.8304
5916890 5.80447 29.6759 11.7103 34 14.2138 1.88999 81.1906
5916905 5.80447 29.6759 11.7103 34 14.2138 1.88999 81.1906
5916911 5.84582 29.7524 11.8037 34 14.159 1.88058 81.4019
5916922 6.11868 29.8098 12.0561 34 13.9157 1.85296 81.9845
5916932 6.11868 29.8098 12.0561 34 13.9157 1.85296 81.9845
5916943 6.74708 29.9342 12.5888 34 13.3897 1.78471 83.27
5916957 6.74708 29.9342 12.5888 34 13.3897 1.78471 83.27
5916968 7.8716 30.1733 13.1776 34 12.6505 1.60744 85.2225
5916973 9.2607 30.4603 14.2243 34 11.648 1.45032 87.9453
5916983 9.2607 30.4603 14.2243 34 11.648 1.45032 87.9453
5916993 10.6663 30.556 15.0841 34 10.7427 1.30585 90.3064
5917014 11.4601 30.0872 15.5514 33.8842 10.1557 1.30051 90.983
5917015 11.4601 30.0872 15.5514 33.8842 10.1557 1.30051 90.983
5917023 12.3035 29.3984 15.9813 31.5687 9.1545 0.982845 89.2519
5917042 12.3035 29.3984 15.9813 31.5687 9.1545 0.982845 89.2519
5917043 13.3288 28.6235 16.3364 29.0119 8.00973 0.583509 87.3007
5917053 14.2053 27.5616 16.7944 26.5034 6.77878 0.269959 85.0647
5917072 14.2053 27.5616 16.7944 26.5034 6.77878 0.269959 85.0647
5917084 14.8502 26.1649 17.8187 24.265 5.34336 0.192897 83.0988
5917089 14.8502 26.1649 17.8187 24.265 5.34336 0.192897 83.0988
5917098 15.6274 24.6629 19.5773 22.567 3.64688 0.337343 82.4346
5917108 16.5122 23.247 21.8413 21.1873 1.8363 0.59236 82.7878
5917115 16.5122 23.247 21.8413 21.1873 1.8363 0.59236 82.7878
5917125 17.6157 21.8216 24.4893 20.2128 -0.0209749 0.938582 84.1395
5917135 18.7125 19.9848 27.0767 19.2866 -1.91563 1.35186 85.0606
5917145 18.7125 19.9848 27.0767 19.2866 -1.91563 1.35186 85.0606
5917156 19.7708 17.7749 29.4417 18.2639 -3.8632 1.78765 85.2513
5917165 20.8002 15.7291 31.2509 17.2798 -5.59669 2.11638 85.0601
5917180 20.8002 15.7291 31.2509 17.2798 -5.59669 2.11638 85.0601
5917185 21.6757 13.9708 32.7366 16.4336 -7.0764 2.39169 84.8168
5917211 22.2626 12.491 34 15.7627 -8.28505 2.66381 84.5163
5917216 22.8495 11.1767 34 15.1615 -9.16944 2.72914 83.1876
5917227 22.8495 11.1767 34 15.1615 -9.16944 2.72914 83.1876
5917236 23.3786 10.1147 34 14.6996 -9.90482 2.77512 82.1929
5917251 23.7731 9.34869 34 14.4034 -10.4327 2.8117 81.5251
5917256 23.7731 9.34869 34 14.4034 -10.4327 2.8117 81.5251
5917275 24.2445 8.75678 34 14.264 -10.836 2.8172 81.2652
5917278 24.2445 8.75678 34 14.264 -10.836 2.8172 81.2652
5917288 24.6678 8.32156 34 14.203 -11.1289 2.81066 81.1923
5917298 25.1007 8.00819 34 14.2901 -11.3031 2.79755 81.399
5917308 25.1007 8.00819 34 14.2901 -11.3031 2.79755 81.399
5917319 25.5337 7.87762 34 14.4121 -11.3794 2.74997 81.8234
5917328 25.7646 7.69483 34 14.2988 -11.5496 2.72256 81.7582
5917342 25.7646 7.69483 34 14.2988 -11.5496 2.72256 81.7582
5917353 25.7261 7.59908 34 14.2117 -11.6252 2.73861 81.5368
5917359 25.7261 7.59908 34 14.2117 -11.6252 2.73861 81.5368
5917369 25.4471 7.53815 34 14.0723 -11.6697 2.79191 81.0575
5917380 25.3028 7.57296 34 13.7324 -11.7846 2.76462 80.6082
5917389 25.3028 7.57296 34 13.7324 -11.7846 2.76462 80.6082
5917399 25.4471 7.60778 34 13.2358 -12.0199 2.64929 80.2906
5917418 25.7261 7.71224 34 12.7565 -12.2381 2.4911 80.1949
5917432 25.7261 7.71224 34 12.7565 -12.2381 2.4911 80.1949
5917436 26.0532 7.74706 34 12.347 -12.4643 2.34819 80.1473
5917445 26.0532 7.74706 34 12.347 -12.4643 2.34819 80.1473
5917454 26.2649 7.80799 34 11.981 -12.6402 2.23128 80.0539
5917463 26.5246 7.79928 34 11.6761 -12.8279 2.12853 80
5917470 26.5246 7.79928 34 11.6761 -12.8279 2.12853 80
5917485 26.7459 7.91244 34 11.4321 -12.9233 2.0178 80.0904
5917491 26.9287 8.05171 34 11.3711 -12.9138 1.93973 80.3515
5917518 27.1115 8.06912 34 11.4059 -12.9167 1.9033 80.5866
5917533 27.0826 8.26062 34 11.8765 -12.6033 1.94532 81.2197
5917541 27.1404 8.86994 34 12.4429 -12.0758 1.89791 82.4531
5917555 27.1404 8.86994 34 12.4429 -12.0758 1.89791 82.4531
5917561 27.352 9.97542 34 12.8088 -11.4599 1.69036 84.1362
5917574 27.3905 11.3594 34 13.4798 -10.5971 1.51859 86.2297
5917581 27.3905 11.3594 34 13.4798 -10.5971 1.51859 86.2297
5917597 27.2654 13.2919 32.9185 14.8042 -9.08697 1.21751 88.28
5917603 27.2654 13.2919 32.9185 14.8042 -9.08697 1.21751 88.28
5917613 26.7459 15.3897 31.4732 16.756 -7.21339 1.01152 90.3648
5917623 25.8127 17.0287 29.6034 18.7946 -5.36854 0.913523 91.2394
5917633 25.8127 17.0287 29.6034 18.7946 -5.36854 0.913523 91.2394
5917643 24.6389 18.1289 27.4203 20.1067 -3.82738 0.790613 90.2948
5917658 23.3401 19.0855 24.843 20.7145 -2.38202 0.533949 87.9832
5917671 23.3401 19.0855 24.843 20.7145 -2.38202 0.533949 87.9832
5917674 21.9932 19.8413 22.3163 21.004 -1.01704 0.261714 85.1548
5917693 21.9932 19.8413 22.3163 21.004 -1.01704 0.261714 85.1548
5917695 20.4539 20.4536 19.9209 21.6022 0.509802 0.112029 82.4305
5917704 18.8376 20.9032 18.1219 22.731 2.07049 0.206979 80.5937
5917718 18.8376 20.9032 18.1219 22.731 2.07049 0.206979 80.5937
5917724 17.3271 21.592 16.8878 24.1975 3.61685 0.406145 80.0045
5917734 16.0161 22.386 15.9533 26.0982 5.13181 0.680398 80.4535
5917745 16.0161 22.386 15.9533 26.0982 5.13181 0.680398 80.4535
5917755 14.66 23.1609 15.3551 28.3269 6.58647 1.07869 81.503
5917779 13.3205 24.1559 14.9439 30.7872 8.01568 1.48809 83.2075
5917793 11.9314 25.4187 14.5514 33.2571 9.45088 1.84216 85.1586
5917797 11.9314 25.4187 14.5514 33.2571 9.45088 1.84216 85.1586
5917807 10.6746 26.8537 14.1308 34 10.5208 1.85664 85.6591
5917828 9.50049 28.1165 13.7664 34 11.3751 1.78303 85.3833
5917831 9.50049 28.1165 13.7664 34 11.3751 1.78303 85.3833
5917839 8.68191 29.2932 13.5794 34 11.99 1.6839 85.5545
5917848 8.68191 29.2932 13.5794 34 11.99 1.6839 85.5545
5917856 7.84679 30.0968 13.3084 34 12.5925 1.64773 85.252
5917869 7.30107 30.776 12.9252 34 13.1025 1.56139 85.0023
5917876 7.30107 30.776 12.9252 34 13.1025 1.56139 85.0023
5917890 6.79669 31.1587 12.5888 34 13.5353 1.53175 84.5442
5917899 6.58998 30.9482 12.3645 34 13.7045 1.57795 83.9027
5917908 6.58998 30.9482 12.3645 34 13.7045 1.57795 83.9027
5917918 6.27578 30.5464 12.2336 34 13.8572 1.69972 83.0558
5917928 6.27578 30.5464 12.2336 34 13.8572 1.69972 83.0558
5917939 6.19309 30.1064 11.9159 34 13.9869 1.7545 82.2153
5917948 6.2179 29.695 11.7664 34 13.9909 1.80954 81.6792
5917963 6.2179 29.695 11.7664 34 13.9909 1.80954 81.6792
5917968 6.19309 29.5228 11.514 34 14.1006 1.80933 81.2299
5917980 6.17656 29.3028 11.4486 34 14.1106 1.84781 80.9279
5917990 6.17656 29.3028 11.4486 34 14.1106 1.84781 80.9279
5917999 6.12695 29.1019 11.4112 34 14.1256 1.89405 80.64
5918011 6.12695 29.1019 11.4112 34 14.1256 1.89405 80.64
5918019 6.13521 28.9392 11.4673 34 14.0724 1.93555 80.5417
5918036 6.15175 29.0732 11.6449 34 13.9967 1.93273 80.8698
5918041 6.15175 29.0732 11.6449 34 13.9967 1.93273 80.8698
5918054 6.22617 29.3984 11.7664 34 13.9469 1.86908 81.3909
5918062 6.2427 29.8098 11.8598 34 13.9501 1.79594 81.9123
5918070 6.2427 29.8098 11.8598 34 13.9501 1.79594 81.9123
5918087 6.30885 30.0585 11.9065 34 13.93 1.73916 82.2739
5918091 6.30885 30.0585 11.9065 34 13.93 1.73916 82.2739
5918100 6.44115 30.0777 12.0467 34 13.8041 1.73097 82.5655
5918111 6.81323 29.8385 12.271 34 13.4928 1.74005 82.9227
5918135 6.81323 29.8385 12.271 34 13.4928 1.74005 82.9227
5918136 7.64008 29.7428 12.6168 34 12.9423 1.64892 83.9997
5918141 8.82247 29.6759 13.2336 34 12.1366 1.52836 85.732
5918160 8.82247 29.6759 13.2336 34 12.1366 1.52836 85.732
5918163 10.3439 29.9437 14.5607 34 10.9848 1.39673 88.8483
5918171 10.3439 29.9437 15.9626 34 10.4258 1.60803 90.2502
5918190 11.857 29.8959 15.9626 33.6334 9.77287 1.28788 91.3489
5918194 12.7831 29.3889 16.9065 31.752 8.65658 1.07122 90.8305
5918210 12.7831 29.3889 16.9065 31.752 8.65658 1.07122 90.8305
5918214 13.7753 28.6522 17.3942 29.4654 7.54537 0.744572 89.2871
5918223 14.5939 27.7147 17.5862 27.0726 6.49877 0.405375 86.9674
5918236 14.5939 27.7147 17.5862 27.0726 6.49877 0.405375 86.9674
5918246 15.3215 26.7676 17.8389 24.9308 5.46142 0.120299 84.8587
5918259 16.1483 25.9162 18.2836 23.0301 4.35194 -0.135079 83.3782
5918264 16.1483 25.9162 18.2836 23.0301 4.35194 -0.135079 83.3782
5918284 17.2309 25.1699 18.9001 21.1005 3.07622 -0.436936 82.4014
5918291 17.2309 25.1699 18.9001 21.1005 3.07622 -0.436936 82.4014
5918299 18.2411 24.2037 19.7188 19.4989 1.75806 -0.592773 81.6625
5918311 19.2032 23.1322 21.1034 18.1964 0.312975 -0.557773 81.6352
5918314 19.2032 23.1322 21.1034 18.1964 0.312975 -0.557773 81.6352
5918336 20.2518 22.0225 23.2663 17.357 -1.24813 -0.298744 82.8977
5918343 21.4352 20.7884 25.6314 16.695 -2.83358 0.0182408 84.55
5918350 21.4352 20.7884 25.6314 16.695 -2.83358 0.0182408 84.55
5918362 22.5224 19.4299 27.6124 16.1287 -4.25241 0.313103 85.6933
5918365 22.5224 19.4299 27.6124 16.1287 -4.25241 0.313103 85.6933
5918375 23.3497 17.574 29.4114 15.4577 -5.74915 0.689809 85.7929
5918392 24.0521 15.5812 31.2913 14.9175 -7.2356 1.14901 85.842
5918408 24.6293 13.7706 33.0702 14.2378 -8.66053 1.55903 85.7079
5918419 25.2258 12.108 34 13.6715 -9.83654 1.82417 85.0053
5918443 25.8512 10.576 34 13.1312 -10.814 1.92153 83.5584
5918450 25.8512 10.576 34 13.1312 -10.814 1.92153 83.5584
5918459 26.3995 9.3661 34 12.6868 -11.6269 1.98681 82.4525
5918470 26.5823 8.43472 34 12.3644 -12.2212 2.09152 81.3815
5918478 26.5823 8.43472 34 12.3644 -12.2212 2.09152 81.3815
5918494 26.5535 7.72094 34 12.4951 -12.4853 2.26955 80.7696
5918498 26.4188 7.29442 34 12.6868 -12.5739 2.42045 80.4
5918520 26.4188 7.29442 34 12.6868 -12.5739 2.42045 80.4
5918526 26.794 7.2509 34 12.7043 -12.6437 2.35161 80.7492
5918535 26.794 7.2509 34 12.7043 -12.6437 2.35161 80.7492
5918547 27.2269 7.15515 34 12.5823 -12.811 2.26029 80.9643
5918554 27.5925 7.18126 34 12.4167 -12.9309 2.15104 81.1905
5918572 27.5925 7.18126 34 12.4167 -12.9309 2.15104 81.1905
5918576 27.8234 7.2509 34 12.2076 -13.0303 2.05456 81.2819
5918579 27.7465 7.24219 34 12.0246 -13.1089 2.04336 81.0133
5918605 27.4001 7.15515 34 11.7196 -13.2437 2.08615 80.2749
5918610 27.4001 7.15515 34 11.7196 -13.2437 2.08615 80.2749
5918623 27.2943 7.14644 34 11.4495 -13.3616 2.06698 79.8902
5918630 27.5156 7.19867 34 11.223 -13.4774 1.97194 79.9372
5918656 27.7368 7.24219 34 11.0923 -13.5512 1.89454 80.0713
5918661 27.9004 7.28571 34 10.8047 -13.6922 1.80369 79.9908
5918688 27.9196 7.18126 34 10.7699 -13.7624 1.81586 79.8708
5918699 27.5348 7.0681 34 10.8309 -13.7334 1.93141 79.4338
5918701 27.5348 7.0681 34 10.8309 -13.7334 1.93141 79.4338
5918711 27.2366 7.0594 34 11.1533 -13.5382 2.04986 79.4492
5918726 27.2366 7.0594 34 11.1533 -13.5382 2.04986 79.4492
5918733 27.2269 7.0594 34 11.4234 -13.4062 2.0958 79.7097
5918751 27.4771 7.18996 34 11.8329 -13.1845 2.0806 80.5
5918754 27.4771 7.18996 34 11.8329 -13.1845 2.0806 80.5
5918764 27.5348 7.43369 34 12.3121 -12.8533 2.09342 81.2806
5918776 27.2943 7.8254 34 12.8611 -12.3833 2.14832 81.9808
5918784 27.2943 7.8254 34 12.8611 -12.3833 2.14832 81.9808
5918801 26.996 8.66974 34 13.3926 -11.7188 2.11782 83.0584
5918804 26.996 8.66974 34 13.3926 -11.7188 2.11782 83.0584
5918814 26.6593 9.78392 34 14.2988 -10.7906 2.09853 84.7421
5918829 26.2456 11.1767 34 15.449 -9.67522 2.07665 86.8713
5918835 26.2456 11.1767 34 15.449 -9.67522 2.07665 86.8713
5918852 25.4759 11.8817 34 16.3639 -8.90041 2.22401 87.7216
5918856 24.3118 12.4214 34 16.9739 -8.24237 2.43549 87.7071
5918865 24.3118 12.4214 34 16.9739 -8.24237 2.43549 87.7071
5918884 23.0034 12.9176 33.3835 17.521 -7.4714 2.58856 86.8254
5918893 23.0034 12.9176 33.3835 17.521 -7.4714 2.58856 86.8254
5918902 21.9162 13.5791 30.9881 17.9262 -6.33785 2.38462 84.4097
5918911 21.06 14.3799 28.4614 18.1481 -5.17776 2.04198 82.0494
5918929 21.06 14.3799 28.4614 18.1481 -5.17776 2.04198 82.0494
5918930 20.2326 15.2591 26.1671 18.5437 -3.92659 1.72421 80.2024
5918936 19.2705 15.9816 24.2265 19.5278 -2.52753 1.61422 79.0064
5918955 19.2705 15.9816 24.2265 19.5278 -2.52753 1.61422 79.0064
5918964 18.3084 16.7476 22.8115 21.3224 -0.962886 1.71952 79.1899
5918981 18.3084 16.7476 22.8115 21.3224 -0.962886 1.71952 79.1899
5918984 17.2982 17.7175 21.8008 23.8984 0.779542 1.98541 80.715
5918990 16.5618 19.1716 20.9721 27.0148 2.58378 2.19542 83.7202
5919008 15.9003 20.7023 19.5571 29.9381 4.40867 2.24616 86.0978
5919023 14.8089 22.0703 17.8894 32.7264 6.31422 2.35499 87.4951
5919040 13.2296 23.2279 16.5234 34 7.89685 2.42569 86.9809
5919049 11.6007 23.2279 15.514 34 8.92586 2.61174 84.3426
5919061 11.6007 24.175 15.514 34 9.10435 2.41617 85.2897
5919070 9.94698 24.7299 14.8598 34 10.1522 2.54672 83.5367
5919087 9.94698 24.7299 14.8598 34 10.1522 2.54672 83.5367
5919090 8.43385 25.1317 14.5047 34 11.0251 2.73043 82.0702
5919100 7.19358 25.3421 14.5514 34 11.5916 2.96268 81.0871
5919115 7.19358 25.3421 14.5514 34 11.5916 2.96268 81.0871
5919120 6.19309 25.5526 14.3551 34 12.1735 3.11035 80.1008
5919130 5.38278 25.5048 14.2056 34 12.6169 3.28436 79.0932
5919145 5.38278 25.5048 14.2056 34 12.6169 3.28436 79.0932
5919152 4.96109 25.2178 14.1121 34 12.819 3.43589 78.291
5919161 4.96109 25.2178 14.1121 34 12.819 3.43589 78.291
5919173 4.7213 24.7873 13.8411 34 13.001 3.55513 77.3497
5919183 4.71304 24.749 13.5981 34 13.1189 3.53024 77.0602
5919196 4.71304 24.749 13.5981 34 13.1189 3.53024 77.0602
5919203 4.74611 24.8255 13.3271 34 13.2487 3.46341 76.8988
5919213 4.72957 24.7586 13.0748 34 13.3727 3.44552 76.5629
5919223 4.72957 24.7586 13.0748 34 13.3727 3.44552 76.5629
5919233 4.68823 24.6055 12.7944 34 13.5116 3.45007 76.0881
5919251 4.68823 24.6055 12.7944 34 13.5116 3.45007 76.0881
5919261 4.6965 24.6342 12.8411 34 13.4881 3.44821 76.1718
5919275 4.66342 24.6438 12.9065 34 13.4732 3.46381 76.2137
5919279 4.66342 24.6438 12.9065 34 13.4732 3.46381 76.2137
5919288 4.70477 24.5864 12.8785 34 13.4578 3.46346 76.1697
5919300 4.67169 24.7968 12.8318 34 13.5299 3.41347 76.3003
5919305 4.67169 24.7968 12.8318 34 13.5299 3.41347 76.3003
5919315 4.70477 25.0073 12.7009 34 13.6108 3.33494 76.413
5919330 4.7213 24.9882 12.7477 34 13.576 3.34269 76.4572
5919335 4.7213 24.9882 12.7477 34 13.576 3.34269 76.4572
5919345 5.08512 25.0456 12.972 34 13.2902 3.2764 77.1027
5919359 5.08512 25.0456 12.972 34 13.2902 3.2764 77.1027
5919365 5.49854 25.103 13.3364 34 12.9167 3.22082 77.938
5919386 6.15175 25.2656 13.7103 34 12.4494 3.0886 79.1276
5919387 6.15175 25.2656 13.7103 34 12.4494 3.0886 79.1276
5919396 6.92072 25.4474 14.5234 34 11.7452 2.99573 80.8915
5919414 7.59047 25.6292 15.5607 34 11.0165 2.96105 82.7804
5919417 7.59047 25.6292 15.5607 34 11.0165 2.96105 82.7804
5919427 8.07831 25.6005 16.2243 34 10.5174 2.95797 83.9031
5919441 8.07831 25.6005 16.2243 34 10.5174 2.95797 83.9031
5919447 8.58268 25.4474 16.5327 34 10.1499 2.92729 84.5628
5919468 9.03745 24.9308 16.4673 34 9.89691 2.93106 84.4355
5919470 9.03745 24.9308 16.4673 34 9.89691 2.93106 84.4355
5919480 9.30204 24.1367 16.3271 34 9.70192 3.0242 83.7659
5919495 9.65759 23.1514 16.5421 34 9.28355 3.19128 83.351
5919498 9.65759 23.1514 16.5421 34 9.28355 3.19128 83.351
5919508 10.0958 22.1947 17.3639 32.2344 8.23355 3.17035 81.8888
5919524 10.0958 22.1947 17.3639 32.2344 8.23355 3.17035 81.8888
5919528 10.716 21.2093 18.7788 30.7679 6.89882 3.24432 81.472
5919538 11.4188 20.4344 20.6891 29.6198 5.46066 3.36937 82.162
5919556 11.4188 20.4344 20.6891 29.6198 5.46066 3.36937 82.162
5919566 12.1464 19.65 23.0137 28.7804 3.96883 3.58851 83.5904
5919580 12.9319 18.8177 25.6516 28.0568 2.42544 3.85431 85.4579
5919583 12.9319 18.8177 25.6516 28.0568 2.42544 3.85431 85.4579
5919589 13.643 17.5549 28.1278 27.0341 0.815806 4.16236 86.3597
5919607 13.643 17.5549 28.1278 27.0341 0.815806 4.16236 86.3597
5919610 14.3045 16.147 30.4019 25.7412 -0.813624 4.45034 86.5945
5919634 14.8833 14.7281 32.3829 24.0335 -2.47145 4.67378 86.0277
5919639 14.8833 14.7281 32.3829 24.0335 -2.47145 4.67378 86.0277
5919646 15.3959 13.1787 34 22.2872 -4.10374 4.89842 84.8618
5919661 15.8341 11.7076 34 20.5891 -5.33825 4.9398 82.1309
5919664 15.8341 11.7076 34 20.5891 -5.33825 4.9398 82.1309
5919672 16.3468 10.3932 34 18.9586 -6.58574 4.93457 79.6986
5919691 16.9173 9.46185 34 17.6947 -7.60844 4.86376 78.0738
5919701 17.7312 8.77419 34 16.9564 -8.39141 4.7348 77.4618
5919716 17.7312 8.77419 34 16.9564 -8.39141 4.7348 77.4618
5919721 18.6644 8.28674 34 16.5556 -8.97407 4.56821 77.5068
5919731 19.511 7.78187 34 16.3029 -9.48061 4.44805 77.5958
5919746 19.511 7.78187 34 16.3029 -9.48061 4.44805 77.5958
5919753 20.1845 7.27701 34 16.1896 -9.88969 4.39043 77.6511
5919763 20.1845 7.27701 34 16.1896 -9.88969 4.39043 77.6511
5919776 20.8002 6.89401 34 16.3813 -10.0943 4.35868 78.0756
5919783 21.1947 6.6938 34 16.3726 -10.2632 4.30945 78.2611
5919809 21.3582 6.42396 34 16.0241 -10.5744 4.28793 77.8063
5919815 21.2235 6.22376 34 15.4141 -10.9241 4.28697 76.8615
5919831 21.2235 6.22376 34 15.4141 -10.9241 4.28697 76.8615
5919834 21.0504 6.01485 34 14.8042 -11.2797 4.29798 75.8694
5919848 21.0504 6.01485 34 14.8042 -11.2797 4.29798 75.8694
5919860 21.0792 5.9191 34 14.2901 -11.5788 4.24204 75.2884
5919864 21.06 5.9191 34 13.8893 -11.7712 4.18939 74.8684
5919874 21.06 5.9191 34 13.8893 -11.7712 4.18939 74.8684
5919887 21.1177 6.04096 34 13.5843 -11.8715 4.09918 74.743
5919894 21.339 6.08449 34 13.3926 -11.9833 4.00365 74.8161
5919915 21.339 6.08449 34 13.3926 -11.9833 4.00365 74.8161
5919917 21.6469 6.18024 34 13.3316 -12.0196 3.89267 75.1587
5919925 22.0028 6.18024 34 13.41 -12.0423 3.81522 75.5931
5919944 22.0028 6.34562 34 13.41 -11.9614 3.77415 75.7585
5919945 22.3877 6.43267 34 13.5756 -11.9049 3.68251 76.3959
5919961 22.3877 6.43267 34 13.5756 -11.9049 3.68251 76.3959
5919972 22.6955 6.42396 34 13.6802 -11.9113 3.62515 76.7997
5919985 22.9072 6.4936 34 13.7063 -11.9014 3.56106 77.1071
5919987 22.9072 6.4936 34 13.7063 -11.9014 3.56106 77.1071
5920000 23.2728 6.51971 34 13.6976 -11.9549 3.46595 77.4901
5920006 23.2343 6.55453 34 13.471 -12.0401 3.433 77.2599
5920028 23.2343 6.55453 34 13.471 -12.0401 3.433 77.2599
5920034 23.1285 6.52842 34 13.0964 -12.2157 3.40822 76.7532
5920055 23.0226 6.6938 34 13.1486 -12.0927 3.40184 76.8651
5920058 22.7244 7.27701 34 13.3403 -11.6713 3.36279 77.3417
5920084 22.4839 8.36508 34 13.7237 -10.9437 3.2215 78.5727
5920089 22.2241 9.92319 34 14.5951 -9.81697 3.0556 80.7424
5920115 21.9162 11.5509 34 16.6253 -8.24686 3.06058 84.0925
5920119 21.9162 11.5509 34 16.6253 -8.24686 3.06058 84.0925
5920139 21.2909 13.0655 34 20.5409 -6.09819 3.4058 88.8973
5920140 20.502 14.6672 33.7979 25.0755 -3.86984 3.78087 94.0425
5920154 20.502 14.6672 33.7979 25.0755 -3.86984 3.78087 94.0425
5920169 19.1935 16.147 30.6445 27.3524 -1.69777 3.64105 93.3374
5920171 17.3656 17.4018 26.44 28.2304 0.5106 3.33802 89.4378
5920180 17.3656 17.4018 26.44 28.2304 0.5106 3.33802 89.4378
5920197 15.4125 18.1863 22.5791 29.639 2.86476 3.2545 85.8168
5920227 13.3453 18.7316 19.7289 31.6941 5.19505 3.47535 83.4999
5920229 11.3526 19.3725 17.5256 34 7.44502 3.79335 82.2507
5920241 11.3526 19.3725 17.5256 34 7.44502 3.79335 82.2507
5920242 9.68239 20.1857 16.4019 34 8.75217 3.83713 80.27
5920255 8.31809 20.9797 16.0935 34 9.6258 3.92908 79.3913
5920265 8.31809 20.9797 16.0935 34 9.6258 3.92908 79.3913
5920272 7.15224 21.812 15.7477 34 10.4533 3.96065 78.7119
5920285 7.15224 21.812 15.7477 34 10.4533 3.96065 78.7119
5920296 6.375 22.8261 15.4579 34 11.1218 3.86291 78.6591
5920313 5.80447 23.6393 15.486 34 11.513 3.80887 78.9297
5920314 5.80447 23.6393 15.486 34 11.513 3.80887 78.9297
5920323 5.41586 24.2515 15.4112 34 11.8314 3.7451 79.0786
5920341 5.15126 24.3376 15.2897 34 12.0263 3.77021 78.7786
5920351 5.15126 24.3376 15.2897 34 12.0263 3.77021 78.7786
5920370 4.92802 24.3376 15.1869 34 12.1802 3.80891 78.4526
5920370 4.92802 24.3376 15.1869 34 12.1802 3.80891 78.4526
5920378 4.90321 24.2228 15.1121 34 12.2087 3.83178 78.2382
5920386 4.91975 24.0793 14.7103 34 12.3696 3.80479 77.7094
5920405 4.8784 23.9263 14.2523 34 12.5866 3.7857 77.057
5920415 4.83706 24.0124 13.6449 34 12.9194 3.68565 76.4943
5920429 4.83706 24.0124 13.6449 34 12.9194 3.68565 76.4943
5920438 4.8536 24.175 13.2523 34 13.1321 3.58354 76.281
5920453 4.82879 24.4907 12.9533 34 13.3431 3.4679 76.2728
5920457 4.82879 24.4907 12.9533 34 13.3431 3.4679 76.2728
5920466 4.8536 24.6725 12.785 34 13.4429 3.39249 76.3111
5920480 4.8536 24.6725 12.785 34 13.4429 3.39249 76.3111
5920486 4.81226 24.7107 12.7196 34 13.5026 3.38327 76.2426
5920508 4.88667 25.036 12.7664 34 13.4905 3.29454 76.689
5920519 4.89494 25.39 12.7477 34 13.5486 3.20567 77.0326
5920539 4.96936 25.7631 12.7944 34 13.5435 3.10769 77.5268
5920541 4.96936 25.7631 12.7944 34 13.5435 3.10769 77.5268
5920548 5.10992 26.2797 12.972 34 13.4625 2.98278 78.3616
5920568 5.10992 26.2797 12.972 34 13.4625 2.98278 78.3616
5920569 5.34971 26.605 13.1495 34 13.307 2.8813 79.1042
5920578 5.85409 26.7963 13.3364 34 13.0039 2.75409 79.9868
5920598 5.85409 26.7963 13.3364 34 13.0039 2.75409 79.9868
5920599 6.62305 27.0929 13.243 34 12.7308 2.50629 80.9589
5920609 7.49951 27.3703 13.3458 34 12.3228 2.27621 82.2156
5920626 7.49951 27.3703 13.3458 34 12.3228 2.27621 82.2156
5920629 8.32636 27.5999 13.7383 34 11.8136 2.11776 83.6646
5920640 8.32636 27.5999 13.7383 34 11.8136 2.11776 83.6646
5920660 9.02091 27.5138 14.7103 34 11.0806 2.14246 85.245
5920662 9.58317 27.3225 15.7103 34 10.3991 2.21749 86.6159
5920688 10.2943 27.1311 16.5514 34 9.74275 2.23798 87.9768
5920692 11.0715 26.6911 16.7103 33.7684 9.25806 2.1616 88.2413
5920701 11.0715 26.6911 16.7103 33.7684 9.25806 2.1616 88.2413
5920720 11.5841 25.9257 16.6262 31.7423 8.57542 1.89663 85.8784
5920721 12.0141 24.9786 16.5794 29.668 7.82467 1.66771 83.2402
5920731 12.0141 24.9786 16.5794 29.668 7.82467 1.66771 83.2402
5920746 12.5185 23.9837 17.0606 27.7287 6.80676 1.52916 81.2915
5920775 13.3371 23.0174 18.324 25.9342 5.36222 1.47068 80.6127
5920778 14.3458 22.0225 20.2545 24.6799 3.72132 1.5804 81.3027
5920783 14.3458 22.0225 20.2545 24.6799 3.72132 1.5804 81.3027
5920804 15.3794 20.6736 22.67 23.7344 1.92784 1.88305 82.4574
5920805 16.6114 19.1429 25.1968 22.7213 0.0167638 2.18061 83.6724
5920813 16.6114 19.1429 25.1968 22.7213 0.0167638 2.18061 83.6724
5920833 18.2699 17.3922 27.9459 21.4671 -2.16177 2.42447 85.0752
5920841 18.2699 17.3922 27.9459 21.4671 -2.16177 2.42447 85.0752
5920862 19.9344 15.7378 30.5333 20.0585 -4.25188 2.59429 86.2639
5920863 21.4352 14.3277 32.9084 18.7174 -6.09306 2.72282 87.3887
5920891 22.7821 12.9437 34 17.4728 -7.55909 2.70881 87.1985
5920893 24.0232 11.786 34 16.3029 -8.69051 2.52469 86.1121
5920901 24.0232 11.786 34 16.3029 -8.69051 2.52469 86.1121
5920905 25.1296 10.7066 34 15.4577 -9.66226 2.39551 85.2939
5920919 25.1296 10.7066 34 15.4577 -9.66226 2.39551 85.2939
5920925 25.9281 9.84485 34 14.7084 -10.4683 2.29673 84.4813
5920935 26.4765 9.14849 34 14.3075 -11.0269 2.26656 83.9325
5920949 26.4765 9.14849 34 14.3075 -11.0269 2.26656 83.9325
5920955 26.9287 8.73067 34 14.0897 -11.3757 2.22635 83.7491
5920965 27.0345 8.45212 34 14.3685 -11.3928 2.30431 83.8552
5920991 27.0826 8.32156 34 14.4034 -11.4422 2.32662 83.8076
5921010 27.0826 8.32156 34 14.4034 -11.4422 2.32662 83.8076
5921011 27.0441 8.23451 34 14.2988 -11.5195 2.33678 83.5775
5921016 26.8613 8.2171 34 14.0287 -11.6162 2.33739 83.1071
5921026 26.8613 8.2171 34 14.0287 -11.6162 2.33739 83.1071
5921043 26.6978 8.28674 34 13.7237 -11.6939 2.31039 82.7083
5921046 26.4958 8.19969 34 13.5059 -11.7973 2.33763 82.2013
5921074 26.1879 8.05171 34 13.3316 -11.8928 2.40747 81.5712
5921083 26.1879 8.05171 34 13.3316 -11.8928 2.40747 81.5712
5921091 25.7934 8.0256 34 13.1661 -11.9163 2.47213 80.9851
5921107 25.5818 7.90374 34 13.0092 -12.0097 2.52011 80.4947
5921109 25.5818 7.90374 34 13.0092 -12.0097 2.52011 80.4947
5921138 25.5241 7.98208 34 12.9918 -11.9724 2.51292 80.4979
5921140 25.3894 7.94726 34 13.1138 -11.9105 2.56876 80.4504
5921142 25.3894 7.94726 34 13.1138 -11.9105 2.56876 80.4504
5921149 25.3316 7.90374 34 13.2183 -11.8731 2.60702 80.4537
5921170 25.3316 7.90374 34 13.2183 -11.8731 2.60702 80.4537
5921172 24.9757 7.72094 34 13.4362 -11.7987 2.75909 80.1328
5921179 24.6293 7.70353 34 13.8719 -11.5498 2.90613 80.2047
5921202 24.6293 7.70353 34 13.8719 -11.5498 2.90613 80.2047
5921202 24.3792 8.06912 34 14.5079 -11.056 2.97562 80.9562
5921211 24.2252 8.89606 34 15.1179 -10.3999 2.91769 82.2392
5921234 24.2252 8.89606 34 15.1179 -10.3999 2.91769 82.2392
5921235 24.0424 10.0712 34 15.7453 -9.60721 2.79606 83.8589
5921240 24.0424 10.0712 34 15.7453 -9.60721 2.79606 83.8589
5921264 23.5614 11.5858 34 16.8344 -8.47309 2.73674 85.9816
5921266 22.7052 12.7783 34 18.4472 -7.24424 2.89383 87.9307
5921298 21.4737 13.5008 32.7265 20.3479 -5.77848 3.08351 88.0489
5921299 19.9825 14.6672 30.7354 22.3354 -3.90881 3.14998 87.7205
5921306 19.9825 14.6672 30.7354 22.3354 -3.90881 3.14998 87.7205
5921313 18.4431 15.8858 28.4816 23.5125 -2.17972 3.0696 86.323
5921329 16.7685 16.5996 25.9043 24.3133 -0.526373 3.02375 83.5856
5921332 16.7685 16.5996 25.9043 24.3133 -0.526373 3.02375 83.5856
5921362 15.1644 16.9913 23.6807 25.2299 1.04113 3.10022 81.0663
5921364 13.7339 17.5262 21.8008 26.7446 2.73665 3.2489 79.8056
5921374 12.4689 18.2819 20.4667 28.6935 4.39235 3.45561 79.911
5921396 12.4689 18.2819 20.4667 28.6935 4.39235 3.45561 79.911
5921398 11.4684 19.4586 19.0113 30.5846 6.0739 3.47768 80.5229
5921404 10.3852 20.4823 17.8086 32.9001 7.71936 3.64834 81.5762
5921414 10.3852 20.4823 17.8086 32.9001 7.71936 3.64834 81.5762
5921430 9.15321 21.4963 16.8037 34 9.06636 3.71149 81.4533
5921435 9.15321 21.4963 16.8037 34 9.06636 3.71149 81.4533
5921463 7.92947 22.453 16.0654 34 10.0867 3.67 80.4479
5921464 6.81323 23.5627 15.6449 34 10.9673 3.61198 80.0208
5921466 6.81323 23.5627 15.6449 34 10.9673 3.61198 80.0208
5921475 6.16829 24.6246 15.4766 34 11.5174 3.49143 80.2696
5921494 5.75486 25.4761 15.243 34 11.9536 3.35737 80.4739
5921497 5.75486 25.4761 15.243 34 11.9536 3.35737 80.4739
5921505 5.44893 26.1936 15 34 12.3212 3.2286 80.6425
5921525 5.44893 26.1936 15 34 12.3212 3.2286 80.6425
5921526 5.34144 26.7772 14.7196 34 12.5918 3.08042 80.8382
5921536 5.27529 27.1503 14.3271 34 12.8627 2.95375 80.7526
5921559 5.27529 27.1503 14.3271 34 12.8627 2.95375 80.7526
5921561 5.28356 27.3129 13.9065 34 13.0811 2.85271 80.503
5921586 5.25875 27.2842 13.4579 34 13.3022 2.79653 80.0009
5921588 5.27529 27.0068 12.8598 34 13.5427 2.76297 79.1419
5921617 5.13473 26.5284 12.5514 34 13.6938 2.85527 78.2146
5921619 5.09339 26.3658 12.5421 34 13.6954 2.90051 78.0012
5921628 5.09339 26.3658 12.5421 34 13.6954 2.90051 78.0012
5921651 5.13473 26.4136 12.5794 34 13.6633 2.88587 78.1278
5921653 5.1678 26.3754 12.514 34 13.6738 2.8769 78.0572
5921670 5.18434 26.2893 12.6449 34 13.5884 2.91313 78.1185
5921688 5.20088 26.2893 12.757 34 13.5249 2.92667 78.2471
5921691 5.20088 26.3467 12.757 34 13.5333 2.91353 78.3045
5921700 5.19261 26.3562 12.9065 34 13.4653 2.93626 78.4554
5921721 5.19261 26.3562 12.9065 34 13.4653 2.93626 78.4554
5921724 5.19261 26.2701 13.1215 34 13.3475 2.98891 78.5842
5921730 5.3001 26.0692 13.4486 34 13.1063 3.06008 78.8179
5921755 5.3001 26.0692 13.4486 34 13.1063 3.06008 78.8179
5921757 5.36625 25.9257 13.7009 34 12.9311 3.11591 78.9929
5921760 5.63084 25.8683 14.0467 34 12.6313 3.12038 79.5459
5921789 5.63084 25.8683 14.0467 34 12.6313 3.12038 79.5459
5921791 6.40807 26.0118 14.5794 34 12.0446 2.99253 80.9993
5921793 6.40807 26.0118 14.5794 34 12.0446 2.99253 80.9993
5921801 7.34241 26.1458 15.1869 34 11.3748 2.84827 82.6751
5921821 8.30156 26.1458 15.9065 34 10.6509 2.749 84.3539
5921824 8.30156 26.1458 15.9065 34 10.6509 2.749 84.3539
5921831 9.00438 25.7439 16.6355 34 9.98551 2.79102 85.3838
5921853 9.42607 25.0169 17.566 34 9.30857 2.98627 86.0089
5921860 9.42607 25.0169 17.566 34 9.30857 2.98627 86.0089
5921869 10.1124 24.2324 18.7889 34 8.41555 3.17515 87.1337
5921888 10.1124 24.2324 18.7889 34 8.41555 3.17515 87.1337
5921890 11.0219 23.2757 20.1635 33.315 7.23584 3.2778 87.7761
5921893 11.9976 22.2808 21.154 30.7679 5.77062 3.0702 86.2002
5921920 12.841 20.9893 22.4174 28.2883 4.14596 2.99436 84.5359
