2838739 14.2766 2.23616 30.2099 6.53435 -16.7659 5.69825 53.257
2838752 14.2766 2.23616 30.2099 6.53435 -16.7659 5.69825 53.257
2838759 14.3443 2.24479 30.0987 6.57892 -16.7174 5.65697 53.2667
2838768 14.3443 2.24479 30.0987 6.57892 -16.7174 5.65697 53.2667
2838778 14.2935 2.21889 29.937 6.54326 -16.7327 5.65205 52.9927
2838793 14.1159 2.24479 29.8864 6.57892 -16.6483 5.70873 52.8261
2838800 14.1159 2.24479 29.8864 6.57892 -16.6483 5.70873 52.8261
2838810 13.9637 2.20163 30.0077 6.63241 -16.6353 5.81611 52.8054
2838820 13.7607 2.18436 30.129 6.65024 -16.6219 5.9273 52.7243
2838832 13.7607 2.18436 30.129 6.65024 -16.6219 5.9273 52.7243
2838841 13.6 2.15846 30.2301 6.92659 -16.4155 6.06581 52.9151
2838851 13.4816 2.61605 30.1795 7.14945 -15.8608 5.96089 53.4266
2838861 13.4816 2.61605 30.1795 7.14945 -15.8608 5.96089 53.4266
2838881 13.2363 2.94413 29.9572 7.60409 -15.1862 5.96766 53.7417
2838884 13.2363 2.94413 29.9572 7.60409 -15.1862 5.96766 53.7417
2838891 12.8811 3.51397 29.9269 10.011 -12.9955 6.26884 56.3329
2838910 12.4498 4.63636 30.3817 15.0031 -9.28109 6.79485 62.471
2838921 12.4498 4.63636 30.3817 15.0031 -9.28109 6.79485 62.471
2838927 11.79 5.52565 28.7646 17.2026 -7.04233 6.79129 63.2829
2838933 10.8682 5.97461 25.0755 16.5275 -5.74957 6.35468 58.4458
2838942 10.8682 5.97461 25.0755 16.5275 -5.74957 6.35468 58.4458
2838952 9.76866 6.27679 21.5077 16.1085 -4.14217 6.02967 53.6617
2838967 9.76866 6.27679 21.5077 16.1085 -4.14217 6.02967 53.6617
2838973 8.76219 6.63941 18.6879 17.3377 -1.68829 6.01549 51.4272
2838985 7.72189 7.03657 16.3835 19.7208 1.30347 6.29513 50.8627
2838994 7.72189 7.03657 16.3835 19.7208 1.30347 6.29513 50.8627
2839005 6.77463 7.5805 14.6835 22.4608 4.16664 6.63771 51.4995
2839018 5.85274 8.15033 13.3945 25.2491 6.72038 7.02055 52.6467
2839036 5.04925 8.65109 12.2643 28.0085 8.96097 7.38491 53.9731
2839047 5.04925 8.65109 12.2643 28.0085 8.96097 7.38491 53.9731
2839055 4.24577 9.09142 11.3769 30.4977 10.852 7.75308 55.2118
2839065 3.64527 9.54038 10.8445 32.3598 12.1522 7.98511 56.39
2839075 3.64527 9.54038 10.8445 32.3598 12.1522 7.98511 56.39
2839085 3.00249 9.74759 10.5456 33.6044 13.0948 8.27765 56.9001
2839100 2.44428 9.89436 10.4242 34 13.6647 8.47884 56.7628
2839106 2.44428 9.89436 10.4242 34 13.6647 8.47884 56.7628
2839116 1.99602 9.91163 10.1159 34 14.1903 8.62359 56.0236
2839126 1.99602 9.91163 10.1159 34 14.1903 8.62359 56.0236
2839136 1.59005 9.9548 9.79835 34 14.7111 8.74186 55.3432
2839146 1.31095 9.96343 9.61154 34 15.0498 8.83756 54.8859
2839172 1.30249 9.9289 9.43407 33.9325 15.1676 8.82867 54.5979
2839179 1.40398 9.93753 9.41538 33.643 15.0557 8.74548 54.3999
2839203 1.37861 9.89436 9.34066 33.3825 15.074 8.73679 53.9962
2839207 1.37861 9.89436 9.34066 33.3825 15.074 8.73679 53.9962
2839222 1.33632 9.83393 9.32198 33.122 15.0602 8.74966 53.6142
2839227 1.33632 9.71305 9.23791 33.0255 15.0828 8.78234 53.3128
2839246 1.33632 9.71305 9.23791 33.0255 15.0828 8.78234 53.3128
2839255 1.36169 9.66125 9.19121 32.9291 15.0713 8.77741 53.1432
2839265 1.30249 9.63535 9.16319 32.8905 15.1251 8.80778 52.9915
2839272 1.30249 9.63535 9.16319 32.8905 15.1251 8.80778 52.9915
2839281 1.30249 9.63535 9.15385 32.8133 15.1178 8.79765 52.905
2839290 1.33632 9.73895 9.13517 32.7843 15.1203 8.73036 52.9948
2839308 1.33632 9.73895 9.13517 32.7843 15.1203 8.73036 52.9948
2839310 1.34478 9.73895 9.17253 32.8326 15.0946 8.73669 53.0888
2839335 1.33632 9.71305 9.16319 32.8808 15.1122 8.75664 53.0934
2839340 1.31095 9.78212 9.23791 32.9966 15.1094 8.75947 53.3276
2839355 1.31095 9.78212 9.23791 32.9966 15.1094 8.75947 53.3276
2839361 1.33632 9.78212 9.23791 33.0641 15.1028 8.75608 53.4205
2839371 1.30249 9.88573 9.29396 33.1896 15.1285 8.74631 53.6717
2839381 1.30249 9.88573 9.29396 33.1896 15.1285 8.74631 53.6717
2839391 1.38706 9.92026 9.35934 33.3632 15.0551 8.72163 54.0299
2839401 1.38706 9.92026 9.35934 33.3632 15.0551 8.72163 54.0299
2839416 1.41244 10.0584 9.33132 33.3246 15.0754 8.64224 54.1268
2839423 1.44627 10.0498 9.27527 33.0352 15.0369 8.59034 53.8065
2839433 1.44627 10.0498 9.27527 33.0352 15.0369 8.59034 53.8065
2839443 1.65771 10.1447 9.51813 32.7843 14.6721 8.4558 54.1049
2839453 1.76766 10.0584 9.48077 32.2633 14.5012 8.37725 53.5702
2839465 1.76766 10.0584 9.48077 32.2633 14.5012 8.37725 53.5702
2839473 2.11443 9.88573 9.72363 31.7037 13.9214 8.26181 53.4275
2839485 2.11443 9.88573 9.72363 31.7037 13.9214 8.26181 53.4275
2839493 2.63881 9.79076 10.6203 31.231 12.7865 8.13042 54.2809
2839507 3.54378 9.71305 13.1797 30.8547 10.4049 8.05818 57.2912
2839518 3.54378 9.71305 13.1797 30.8547 10.4049 8.05818 57.2912
2839525 4.41493 9.4454 16.7478 30.0443 7.55409 8.14438 60.6524
2839535 4.95622 8.93601 18.7182 27.7094 5.37594 8.09072 60.3198
2839545 4.95622 8.93601 18.7182 27.7094 5.37594 8.09072 60.3198
2839555 5.37065 8.15896 18.8294 24.265 3.63096 7.83187 56.624
2839567 5.52289 7.32148 19.4156 20.9171 1.55149 7.75381 53.1771
2839576 5.52289 7.32148 19.4156 20.9171 1.55149 7.75381 53.1771
2839586 5.75124 6.70848 20.3555 18.3604 -0.507031 7.6959 51.1756
2839598 5.75124 6.70848 20.3555 18.3604 -0.507031 7.6959 51.1756
2839613 6.10647 6.29406 21.6189 16.474 -2.45441 7.6324 50.4935
2839622 6.50398 6.15592 23.4887 15.1814 -4.21553 7.60088 51.33
2839631 6.50398 6.15592 23.4887 15.1814 -4.21553 7.60088 51.33
2839642 7.0199 6.09548 25.5707 14.1384 -5.84801 7.55154 52.8246
2839648 7.41741 6.10411 27.7539 13.1757 -7.29623 7.55027 54.4511
2839657 7.41741 6.10411 27.7539 13.1757 -7.29623 7.55027 54.4511
2839675 7.92488 5.88827 29.8157 12.2129 -8.79244 7.57913 55.8417
2839679 7.92488 5.88827 29.8157 12.2129 -8.79244 7.57913 55.8417
2839693 8.26318 5.49111 31.7967 11.6156 -10.0378 7.78199 57.1666
2839699 8.56766 5.09396 33.3936 11.1877 -11.0226 7.96312 58.2429
2839710 8.56766 5.09396 33.3936 11.1877 -11.0226 7.96312 58.2429
2839719 8.78756 4.73134 34 10.8668 -11.6422 8.05366 58.3857
2839733 8.99055 4.1615 34 10.4389 -12.324 8.1489 57.591
2839743 8.99055 4.1615 34 10.4389 -12.324 8.1489 57.591
2839750 8.97363 3.63484 33.8181 10.1002 -12.8509 8.3084 56.5267
2839760 8.97363 3.63484 33.8181 10.1002 -12.8509 8.3084 56.5267
2839778 8.97363 3.0132 33.3936 9.60986 -13.5225 8.46057 54.9903
2839782 8.86368 2.3743 33.242 9.19979 -14.2193 8.71943 53.6797
2839790 8.86368 2.3743 33.242 9.19979 -14.2193 8.71943 53.6797
2839800 8.87214 1.8131 33.1611 9.03933 -14.7397 8.93868 52.8857
2839815 9.00746 1.60589 33.3228 8.8967 -15.0606 8.97344 52.8329
2839825 9.00746 1.60589 33.3228 8.8967 -15.0606 8.97344 52.8329
2839831 9.38806 1.60589 33.4744 8.8967 -15.1597 8.81958 53.3651
2839841 9.73483 1.60589 33.6564 8.8967 -15.2562 8.68718 53.8938
2839851 9.73483 1.70086 33.6564 8.9591 -15.139 8.65285 54.0511
2839861 9.97164 1.77857 33.6159 8.93235 -15.137 8.50799 54.2985
2839873 9.97164 1.77857 33.6159 8.93235 -15.137 8.50799 54.2985
2839890 10.1408 1.85627 33.4744 8.86995 -15.1307 8.37684 54.3415
2839897 10.2169 1.83037 33.434 8.85212 -15.1695 8.34813 54.3334
2839903 10.2169 1.83037 33.434 8.85212 -15.1695 8.34813 54.3334
2839913 10.2761 1.80447 33.3228 8.73623 -15.2653 8.30587 54.1397
2839922 10.3522 1.80447 33.0499 8.70949 -15.2497 8.23577 53.9161
2839933 10.3522 1.84764 33.0499 8.70949 -15.2175 8.21718 53.9593
2839942 10.4368 1.86491 32.7063 8.55794 -15.271 8.11033 53.566
2839957 10.4368 1.86491 32.7063 8.55794 -15.271 8.11033 53.566
2839965 10.4791 1.94261 32.5042 8.54012 -15.1968 8.03012 53.466
2839981 10.4876 1.90808 32.5547 8.5936 -15.1934 8.05488 53.5439
2839991 10.4876 1.90808 32.5547 8.5936 -15.1934 8.05488 53.5439
2840000 10.4114 1.91671 32.6052 8.63818 -15.1488 8.09625 53.5716
2840013 10.2761 1.86491 32.7568 8.63818 -15.1906 8.19653 53.536
2840017 10.2761 1.86491 32.7568 8.63818 -15.1906 8.19653 53.536
2840026 10.2423 1.7872 32.6153 8.64709 -15.2102 8.22815 53.2919
2840036 10.2423 1.7872 32.6153 8.64709 -15.2102 8.22815 53.2919
2840045 10.2423 1.85627 32.3222 8.57577 -15.1578 8.15132 52.9966
2840059 10.3099 2.08939 31.9281 8.71841 -14.8128 7.98757 53.0458
2840065 10.3099 2.08939 31.9281 8.71841 -14.8128 7.98757 53.0458
2840075 10.4706 2.4261 31.4227 8.88778 -14.3681 7.72839 53.2072
2840085 10.4199 2.99594 30.7455 9.73466 -13.1897 7.53238 53.896
2840096 10.4199 2.99594 30.7455 9.73466 -13.1897 7.53238 53.896
2840106 10.1915 3.74708 30.5333 12.7834 -10.5642 7.6966 57.2553
2840116 10.1915 3.74708 30.5333 12.7834 -10.5642 7.6966 57.2553
2840126 9.88706 4.6968 29.9471 17.2605 -7.23274 7.91948 61.7915
2840136 9.27811 5.51701 27.0565 19.3638 -4.67766 7.74931 61.2154
2840149 9.27811 5.51701 27.0565 19.3638 -4.67766 7.74931 61.2154
2840156 8.46617 6.25089 22.7509 19.4892 -2.40398 7.24835 56.9572
2840171 7.41741 6.82072 19.1528 20.6759 0.428382 7.09971 54.0669
2840177 7.41741 6.82072 19.1528 20.6759 0.428382 7.09971 54.0669
2840187 6.37711 7.42509 16.3555 22.6345 3.46973 7.15668 52.7922
2840197 6.37711 7.42509 16.3555 22.6345 3.46973 7.15668 52.7922
2840207 5.39602 7.93448 14.3753 24.7185 6.143 7.37157 52.4243
2840218 4.62637 8.51295 12.8341 26.6578 8.41246 7.51053 52.6312
2840232 4.62637 8.51295 12.8341 26.6578 8.41246 7.51053 52.6312
2840242 4.0005 9.05688 11.5824 28.4041 10.3113 7.61514 53.0439
2840248 3.51841 9.60081 10.9566 30.1311 11.6484 7.73936 54.2069
2840258 3.51841 9.60081 10.9566 30.1311 11.6484 7.73936 54.2069
2840269 3.07861 10.1275 10.639 31.6748 12.6462 7.86413 55.5199
2840278 3.07861 10.1275 10.639 31.6748 12.6462 7.86413 55.5199
2840290 2.66418 10.4469 10.4335 32.9387 13.4057 8.03629 56.4833
2840299 2.3005 10.6628 10.3027 33.5272 13.9043 8.15239 56.7933
2840313 2.3005 10.6628 10.3027 33.5272 13.9043 8.15239 56.7933
2840319 1.9199 10.7232 10.0225 33.7299 14.4119 8.2744 56.3955
2840336 1.61542 10.6887 9.87308 33.7491 14.7289 8.39984 55.9263
2840343 1.61542 10.6887 9.87308 33.7491 14.7289 8.39984 55.9263
2840352 1.43781 10.6541 9.61154 33.3536 14.9655 8.41123 55.0571
2840361 1.43781 10.6541 9.61154 33.3536 14.9655 8.41123 55.0571
2840370 1.4209 10.6455 9.42473 32.9194 15.0335 8.34702 54.4105
2840389 1.40398 10.5419 9.3967 32.4756 14.9656 8.34098 53.8182
2840399 1.40398 10.5419 9.3967 32.4756 14.9656 8.34098 53.8182
2840407 1.43781 10.4728 9.37802 32.3019 14.9088 8.33243 53.5906
2840411 1.47164 10.4124 9.34066 32.2923 14.8982 8.33817 53.517
2840421 1.47164 10.4124 9.34066 32.2923 14.8982 8.33817 53.517
2840431 1.42935 10.3865 9.40604 32.3598 14.8889 8.3844 53.5817
2840441 1.42935 10.3865 9.40604 32.3598 14.8889 8.3844 53.5817
2840456 1.41244 10.257 9.34066 32.437 14.9404 8.44992 53.4471
2840462 1.43781 10.2138 9.41538 32.3019 14.8319 8.45034 53.3689
2840475 1.43781 10.2138 9.41538 32.3019 14.8319 8.45034 53.3689
2840482 1.41244 10.1188 9.36868 32.3309 14.8732 8.50117 53.2308
2840497 1.4209 10.067 9.48077 32.3888 14.7843 8.54096 53.3575
2840502 1.4209 10.067 9.48077 32.3888 14.7843 8.54096 53.3575
2840512 1.33632 9.97207 9.45275 32.3405 14.8411 8.61128 53.1017
2840527 1.33632 9.97207 9.45275 32.3405 14.8411 8.61128 53.1017
2840533 1.28557 9.92026 9.49011 32.3598 14.8449 8.66374 53.0558
2840544 1.30249 9.8771 9.57418 32.4756 14.7832 8.6992 53.2294
2840554 1.30249 9.8771 9.57418 32.4756 14.7832 8.6992 53.2294
2840572 1.37861 9.78212 9.58352 32.6107 14.7272 8.72463 53.3549
2840575 1.3194 9.73032 9.65824 32.63 14.7093 8.78507 53.3379
2840591 1.3194 9.73032 9.65824 32.63 14.7093 8.78507 53.3379
2840595 1.3194 9.53174 9.73297 32.6782 14.6246 8.88809 53.2623
2840605 1.23483 9.41087 9.72363 32.6203 14.6598 8.97296 52.9896
2840614 1.23483 9.41087 9.72363 32.6203 14.6598 8.97296 52.9896
2840625 1.28557 9.26409 9.87308 32.3309 14.4238 9.0006 52.7536
2840640 1.28557 9.26409 9.87308 32.3309 14.4238 9.0006 52.7536
2840646 1.87761 9.26409 9.99451 31.7906 13.7844 8.68465 52.9268
2840660 2.32587 9.07415 10.2654 30.9705 13.0393 8.50252 52.6359
2840666 2.32587 9.07415 10.2654 30.9705 13.0393 8.50252 52.6359
2840676 3.14627 8.96191 10.7604 29.9381 11.8325 8.12123 52.8068
2840686 4.05124 8.81514 13.2824 28.9444 9.26878 7.99384 55.0932
2840696 4.05124 8.81514 13.2824 28.9444 9.26878 7.99384 55.0932
2840715 5.30299 8.58202 19.5975 28.4427 4.8947 8.27333 61.9252
2840723 5.30299 8.58202 19.5975 28.4427 4.8947 8.27333 61.9252
2840733 6.38557 8.13306 22.852 26.0982 1.967 8.13743 63.4688
2840741 6.85075 7.35602 22.3365 21.1487 -0.295767 7.61244 57.692
2840755 6.85075 7.35602 22.3365 21.1487 -0.295767 7.61244 57.692
2840759 7.35821 6.41493 22.6498 16.9019 -3.13698 7.25138 53.3249
2840767 7.82338 5.75876 24.1558 14.0047 -5.90213 7.12517 51.7426
2840780 7.82338 5.75876 24.1558 14.0047 -5.90213 7.12517 51.7426
2840788 8.40697 5.2062 26.1266 11.9455 -8.40759 7.09843 51.6853
2840816 8.89751 4.7227 28.3199 10.4924 -10.4908 7.207 52.4325
2840818 9.53184 4.42052 30.3514 9.53854 -12.0371 7.22598 53.8423
2840829 9.53184 4.42052 30.3514 9.53854 -12.0371 7.22598 53.8423
2840843 10.1408 4.27374 31.7765 9.00367 -12.9722 7.16526 55.1947
2840854 10.5637 4.1356 32.9084 8.73623 -13.5774 7.17345 56.344
2840860 10.5637 4.1356 32.9084 8.73623 -13.5774 7.17345 56.344
2840870 10.8259 3.92839 33.7372 8.54903 -14.0627 7.24011 57.0405
2840880 10.8259 3.92839 33.7372 8.54903 -14.0627 7.24011 57.0405
2840890 10.9781 3.64347 34 8.45988 -14.3982 7.31541 57.0815
2840902 11.198 3.4449 33.7979 8.21919 -14.7069 7.24695 56.66
2840915 11.198 3.4449 33.7979 8.21919 -14.7069 7.24695 56.66
2840925 11.4687 3.26359 33.3228 7.92501 -15.0066 7.10492 55.9801
2840932 11.7308 3.06501 32.6659 7.65758 -15.2733 6.947 55.1193
2840941 11.7308 3.06501 32.6659 7.65758 -15.2733 6.947 55.1193
2840952 11.8239 2.72829 32.0392 7.22077 -15.7558 6.88724 53.8122
2840961 11.8239 2.72829 32.0392 7.22077 -15.7558 6.88724 53.8122
2840977 11.7731 2.35703 31.9786 6.9979 -16.1923 7.01786 53.1067
2840986 11.8323 1.97715 32.1302 6.89093 -16.6071 7.15825 52.8306
2840992 11.8323 1.97715 32.1302 6.89093 -16.6071 7.15825 52.8306
2841004 12.103 1.8131 32.3121 6.81961 -16.8633 7.13007 53.0478
2841013 12.4667 1.85627 32.6153 6.89093 -16.875 7.01757 53.8292
2841028 12.4667 1.85627 32.6153 6.89093 -16.875 7.01757 53.8292
2841032 12.7035 1.92534 32.8175 6.92659 -16.86 6.92861 54.3729
2841042 12.7035 1.92534 32.8175 6.92659 -16.86 6.92861 54.3729
2841057 12.8219 2.00305 32.7973 6.89984 -16.8355 6.84278 54.522
2841063 12.8642 1.95988 32.7973 6.95333 -16.8339 6.85113 54.5747
2841082 12.8642 1.95988 32.7973 6.95333 -16.8339 6.85113 54.5747
2841087 12.8134 1.95124 32.8074 6.92659 -16.855 6.87245 54.4986
2841093 12.7289 1.96851 32.5648 6.89984 -16.8131 6.85922 54.162
2841112 12.7289 1.96851 32.5648 6.89984 -16.8131 6.85922 54.162
2841121 12.7373 1.95124 32.4435 6.86418 -16.837 6.83913 53.9963
2841130 12.6866 1.98578 32.3829 6.90876 -16.7588 6.84326 53.964
2841136 12.6866 1.98578 32.3829 6.90876 -16.7588 6.84326 53.964
2841145 12.7965 2.04622 32.3728 6.89093 -16.7411 6.77026 54.1064
2841155 12.7965 2.04622 32.3728 6.89093 -16.7411 6.77026 54.1064
2841165 12.6866 2.00305 32.2515 6.90876 -16.7253 6.81635 53.8499
2841184 12.6527 1.98578 32.2212 6.8731 -16.7565 6.82705 53.7328
2841192 12.6527 1.98578 32.2212 6.8731 -16.7565 6.82705 53.7328
2841204 12.5005 1.99441 32.0595 6.90876 -16.6735 6.86641 53.4631
2841207 12.2975 1.98578 31.7562 6.89984 -16.6077 6.90586 52.9394
2841216 12.2975 1.98578 31.7562 6.89984 -16.6077 6.90586 52.9394
2841229 12.2129 1.93398 31.4025 6.80178 -16.6566 6.89307 52.3512
2841242 12.2129 1.93398 31.4025 6.80178 -16.6566 6.89307 52.3512
2841246 12.1199 1.93398 30.9982 6.73938 -16.6267 6.85935 51.7915
2841256 12.0945 1.93398 30.7556 6.75721 -16.5687 6.83462 51.5414
2841266 12.0945 1.93398 30.7556 6.75721 -16.5687 6.83462 51.5414
2841281 12.01 2.18436 30.3716 7.05139 -16.0536 6.75026 51.6173
2841287 11.8577 2.8837 30.1492 8.03199 -14.6871 6.64361 52.9226
2841314 11.7393 3.98019 30.129 11.0362 -11.801 6.70981 56.8847
2841317 11.7393 3.98019 30.129 11.0362 -11.801 6.70981 56.8847
2841329 11.4771 5.21483 29.9774 16.0818 -8.03088 7.01994 62.7512
2841337 10.8682 6.25952 27.3092 18.7946 -5.18858 6.87381 63.2314
2841353 10.8682 6.25952 27.3092 18.7946 -5.18858 6.87381 63.2314
2841358 9.97164 7.10564 22.6801 18.7077 -2.92415 6.2372 58.4651
2841369 8.77065 7.83088 18.3038 19.2287 -0.00686049 5.79977 54.134
2841379 8.77065 7.83088 18.3038 19.2287 -0.00686049 5.79977 54.134
2841388 7.50199 8.52158 15.1879 20.8785 3.2205 5.77161 52.09
2841403 7.50199 8.52158 15.1879 20.8785 3.2205 5.77161 52.09
2841410 6.47861 9.16049 13.0956 22.6924 5.96897 5.87693 51.4271
2841429 5.62438 9.77349 11.5731 24.7667 8.38015 6.07158 51.7377
2841431 5.62438 9.77349 11.5731 24.7667 8.38015 6.07158 51.7377
2841440 4.93085 10.4469 10.6577 26.706 10.2217 6.25293 52.7415
2841454 4.29652 10.9822 10.1346 28.6356 11.65 6.51951 54.049
2841467 4.29652 10.9822 10.1346 28.6356 11.65 6.51951 54.049
2841481 3.68756 11.4312 9.77033 30.2662 12.8 6.77662 55.1553
2841485 3.68756 11.4312 9.77033 30.2662 12.8 6.77662 55.1553
2841493 3.12935 11.7679 9.56484 31.3371 13.6251 6.99061 55.7992
2841509 2.63881 12.0442 9.3033 31.7809 14.2929 7.10128 55.7672
2841511 2.63881 12.0442 9.3033 31.7809 14.2929 7.10128 55.7672
2841535 2.33433 12.26 9.07912 32.0028 14.7502 7.13614 55.6763
2841536 2.08905 12.4327 8.98571 32.2151 15.0626 7.18175 55.7226
2841562 1.91144 12.4413 8.85495 32.2537 15.2938 7.23634 55.4614
2841564 1.91144 12.4413 8.85495 32.2537 15.2938 7.23634 55.4614
2841572 1.81841 12.4845 8.77088 32.0607 15.3969 7.21744 55.1345
2841588 1.85224 12.4413 8.72418 31.8195 15.3565 7.18037 54.8373
2841592 1.85224 12.4413 8.72418 31.8195 15.3565 7.18037 54.8373
2841602 1.87761 12.5277 8.58407 31.4915 15.3988 7.0677 54.4808
2841617 1.86915 12.4931 8.49066 31.2792 15.431 7.04043 54.1322
2841624 1.86915 12.4931 8.49066 31.2792 15.431 7.04043 54.1322
2841640 1.89453 12.4068 8.44396 31.0863 15.3974 7.02995 53.8316
2841645 1.89453 12.4068 8.44396 31.0863 15.3974 7.02995 53.8316
2841654 1.85224 12.3291 8.37857 30.9801 15.4457 7.05379 53.54
2841667 1.86915 12.3723 8.31319 30.8065 15.459 6.99336 53.3611
2841676 1.86915 12.3723 8.31319 30.8065 15.459 6.99336 53.3611
2841692 1.80149 12.2687 8.28516 30.6907 15.4925 7.04267 53.046
2841695 1.82687 12.2428 8.32253 30.7196 15.4453 7.05282 53.1118
2841721 1.83532 12.1996 8.30385 30.6907 15.4401 7.06012 53.0295
2841726 1.84378 12.1564 8.35055 30.8933 15.4268 7.11168 53.2441
2841745 1.84378 12.1564 8.35055 30.8933 15.4268 7.11168 53.2441
2841747 1.80149 12.1046 8.36923 30.9994 15.4545 7.16921 53.2748
2841772 1.75075 12.0528 8.44396 31.1635 15.4564 7.24678 53.411
2841777 1.69154 11.8974 8.44396 31.1924 15.4787 7.3407 53.2253
2841787 1.69154 11.8974 8.44396 31.1924 15.4787 7.3407 53.2253
2841799 1.70846 11.8197 8.51868 31.2696 15.409 7.38799 53.3164
2841807 1.66617 11.7334 8.5467 31.2889 15.4078 7.44886 53.2351
2841824 1.66617 11.7334 8.5467 31.2889 15.4078 7.44886 53.2351
2841829 1.67463 11.6557 8.57473 31.3757 15.3817 7.49431 53.2807
2841848 1.67463 11.6557 8.57473 31.3757 15.3817 7.49431 53.2807
2841855 1.59851 11.5434 8.63077 31.2696 15.3574 7.5671 53.0423
2841864 1.85224 11.3535 9.06044 31.231 14.8007 7.59453 53.4971
2841876 1.85224 11.3535 9.06044 31.231 14.8007 7.59453 53.4971
2841882 2.17363 11.2758 9.34066 30.8644 14.27 7.47998 53.6544
2841892 2.85025 11.293 9.87308 30.3627 13.3013 7.19738 54.379
2841904 2.85025 11.293 9.87308 30.3627 13.3013 7.19738 54.379
2841910 3.56915 11.1894 10.9753 29.7548 11.8942 7.02076 55.4887
2841920 3.56915 11.1894 10.9753 29.7548 11.8942 7.02076 55.4887
2841932 4.27114 10.9909 13.5066 28.9733 9.60587 7.07058 57.7419
2841940 4.97313 10.6628 16.5703 27.4489 6.94334 7.13685 59.6552
2841966 5.50597 10.0325 17.8894 24.3712 4.76145 6.93492 57.7991
2841971 6.03035 9.21229 18.3746 20.7145 2.54083 6.58357 54.3317
2841985 6.03035 9.21229 18.3746 20.7145 2.54083 6.58357 54.3317
2841991 6.45323 8.36618 19.3853 17.6464 0.0839472 6.42579 51.8511
2842012 6.90995 7.86541 20.78 15.44 -2.14951 6.30782 50.9953
2842014 6.90995 7.86541 20.78 15.44 -2.14951 6.30782 50.9953
2842021 7.44279 7.50279 22.67 13.9958 -4.17264 6.31263 51.6114
2842047 7.99254 7.22651 24.8127 12.8013 -6.04617 6.35822 52.833
2842052 8.49154 6.76892 26.7836 11.8117 -7.74961 6.49927 53.8558
2842078 8.90597 6.3804 28.6332 11.0273 -9.15953 6.65391 54.9468
2842091 9.31194 5.87963 30.4221 10.6618 -10.3032 6.90149 56.2755
2842096 9.31194 5.87963 30.4221 10.6618 -10.3032 6.90149 56.2755
2842105 9.48955 5.53428 31.7765 10.4657 -11.0301 7.12944 57.2659
2842120 9.48955 5.53428 31.7765 10.4657 -11.0301 7.12944 57.2659
2842124 9.5403 5.14576 32.585 10.216 -11.6389 7.33599 57.4871
2842134 9.66716 4.73134 32.8276 10.0199 -12.1159 7.45441 57.246
2842146 9.66716 4.73134 32.8276 10.0199 -12.1159 7.45441 57.246
2842158 9.77711 4.34281 32.7568 9.78815 -12.5311 7.52451 56.6649
2842170 9.81095 3.88522 32.4334 9.39591 -13.0405 7.60006 55.5255
2842198 9.80249 3.41036 32.1605 9.00367 -13.5852 7.71043 54.377
2842202 9.80249 3.41036 32.1605 9.00367 -13.5852 7.71043 54.377
2842211 9.77711 2.72829 32.1908 8.63818 -14.3442 7.96585 53.3344
2842226 9.84478 2.2707 32.5446 8.45097 -14.9064 8.15652 53.111
2842229 9.84478 2.2707 32.5446 8.45097 -14.9064 8.15652 53.111
2842237 10.1154 1.94261 32.8074 8.33508 -15.3406 8.20042 53.2005
2842255 10.4876 1.82174 33.1611 8.29942 -15.5884 8.13223 53.7698
2842257 10.4876 1.82174 33.1611 8.29942 -15.5884 8.13223 53.7698
2842271 10.7667 1.89944 33.343 8.39748 -15.5371 8.01587 54.4066
2842286 10.9189 1.89944 33.2622 8.39748 -15.5495 7.94118 54.478
2842290 10.9189 2.00305 33.2622 8.41531 -15.4593 7.89995 54.5994
2842301 11.0119 2.08075 33.0702 8.36182 -15.424 7.79628 54.5247
2842318 11.0796 2.04622 32.7467 8.27268 -15.4711 7.72744 54.1452
2842329 11.2657 2.12392 32.2717 8.15679 -15.4486 7.53619 53.8181
2842355 11.4771 2.18436 31.6855 7.95176 -15.4912 7.31043 53.2987
2842372 11.6801 2.27933 31.2408 7.84478 -15.4571 7.10514 53.045
2842374 11.6801 2.27933 31.2408 7.84478 -15.4571 7.10514 53.045
2842379 11.8577 2.33113 31.0892 7.82695 -15.4358 6.98446 53.105
2842388 11.8577 2.33113 31.0892 7.82695 -15.4358 6.98446 53.105
2842405 12.0269 2.33113 30.9376 7.78238 -15.473 6.88477 53.078
2842410 12.0438 2.30523 30.9578 7.76455 -15.513 6.88884 53.0714
2842429 12.0438 2.30523 30.9578 7.76455 -15.513 6.88884 53.0714
2842430 12.1114 2.31386 30.8567 7.71998 -15.5345 6.83504 53.002
2842456 12.2637 2.38294 30.695 7.68432 -15.5072 6.71352 53.0259
2842459 12.2637 2.38294 30.695 7.68432 -15.5072 6.71352 53.0259
2842467 12.2721 2.36567 30.3918 7.56843 -15.5566 6.65113 52.598
2842486 12.2721 2.36567 30.3918 7.56843 -15.5566 6.65113 52.598
2842487 12.2721 2.45201 30.1492 7.80021 -15.2682 6.61393 52.6736
2842498 12.2468 3.04774 29.9572 8.08547 -14.5634 6.39746 53.3372
2842513 12.2468 3.04774 29.9572 8.08547 -14.5634 6.39746 53.3372
2842517 12.2045 3.76435 29.3002 8.55794 -13.5538 6.09992 53.827
2842523 12.0184 4.71407 28.1177 9.25328 -12.092 5.72196 54.1035
2842539 12.0184 4.71407 28.1177 9.25328 -12.092 5.72196 54.1035
2842542 11.6294 5.53428 26.7836 11.4641 -9.66165 5.70751 55.4113
2842552 11.6294 5.53428 26.7836 11.4641 -9.66165 5.70751 55.4113
2842572 11.1642 6.61351 26.0054 15.5024 -6.34796 6.00401 59.2854
2842573 10.5891 7.54596 24.0446 18.206 -3.67706 5.9904 60.3856
2842583 10.5891 7.54596 24.0446 18.206 -3.67706 5.9904 60.3856
2842602 9.68408 8.26257 20.2545 18.7077 -1.30395 5.53926 56.9088
2842604 8.7199 9.01371 16.5797 19.441 1.46738 5.10295 53.7543
2842614 8.7199 9.01371 16.5797 19.441 1.46738 5.10295 53.7543
2842626 7.86567 9.71305 14.0484 20.9171 4.14706 4.96347 52.5442
2842633 7.86567 9.71305 14.0484 20.9171 4.14706 4.96347 52.5442
2842643 7.28209 10.352 12.311 22.9047 6.46339 4.99008 52.8497
2842657 6.76617 10.9304 11.106 25.0755 8.41422 5.14632 53.8781
2842686 6.17413 11.5521 10.3121 26.735 9.95048 5.29114 54.7732
2842688 5.54826 11.9837 10.0225 28.0568 11.0003 5.54221 55.6113
2842695 5.54826 11.9837 10.0225 28.0568 11.0003 5.54221 55.6113
2842715 4.83781 12.2859 9.72363 29.0119 11.966 5.80346 55.8593
2842716 4.83781 12.2859 9.72363 29.0119 11.966 5.80346 55.8593
2842725 4.0005 12.4241 9.3967 29.7548 12.947 6.13401 55.5761
2842745 3.27313 12.5018 9.11648 30.1793 13.7512 6.40655 55.0707
2842746 3.27313 12.5018 9.11648 30.1793 13.7512 6.40655 55.0707
2842755 2.67264 12.5795 8.85495 30.3627 14.4184 6.59967 54.4697
2842774 2.26667 12.6054 8.64945 30.6617 14.9267 6.76569 54.1832
2842777 2.26667 12.6054 8.64945 30.6617 14.9267 6.76569 54.1832
2842786 1.93682 12.5708 8.5 30.8644 15.3133 6.92104 53.872
2842805 1.93682 12.5708 8.5 30.8644 15.3133 6.92104 53.872
2842807 1.80995 12.5536 8.4533 30.9705 15.4594 6.98871 53.7873
2842816 1.81841 12.4759 8.51868 30.9608 15.3884 7.02533 53.7738
2842837 1.81841 12.4759 8.51868 30.9608 15.3884 7.02533 53.7738
2842838 1.80995 12.3377 8.58407 30.9415 15.3173 7.09233 53.6733
2842846 1.82687 12.1996 8.5 30.8451 15.3255 7.11576 53.3715
2842867 1.82687 12.1996 8.5 30.8451 15.3255 7.11576 53.3715
2842868 1.77612 12.0701 8.4533 30.6714 15.3443 7.15822 52.9709
2842881 1.77612 12.0701 8.4533 30.6714 15.3443 7.15822 52.9709
2842897 1.7592 12.0701 8.46264 30.4591 15.3112 7.13516 52.7511
2842899 1.78458 12.096 8.36923 30.4398 15.3645 7.0968 52.6896
2842907 1.78458 12.096 8.36923 30.4398 15.3645 7.0968 52.6896
2842927 1.82687 12.1996 8.38791 30.4784 15.3439 7.0444 52.8928
2842936 1.83532 12.1823 8.43462 30.5942 15.3199 7.07243 53.0465
2842938 1.83532 12.1823 8.43462 30.5942 15.3199 7.07243 53.0465
2842956 1.83532 12.2773 8.51868 30.8644 15.3226 7.08574 53.4957
2842966 1.83532 12.2773 8.51868 30.8644 15.3226 7.08574 53.4957
2842968 1.83532 12.2341 8.55604 30.9994 15.3111 7.12897 53.6249
2842986 1.82687 12.2428 8.56538 31.0187 15.3154 7.1331 53.6537
2842992 1.82687 12.2428 8.56538 31.0187 15.3154 7.1331 53.6537
2842998 1.81841 12.26 8.58407 31.1635 15.3369 7.15335 53.826
2843016 1.81841 12.3291 8.61209 31.231 15.3405 7.1389 53.9906
2843047 1.88607 12.3205 8.59341 31.1056 15.2798 7.09365 53.9055
2843048 1.88607 12.3205 8.59341 31.1056 15.2798 7.09365 53.9055
2843056 1.86915 12.2946 8.60275 30.9705 15.2563 7.09275 53.737
2843077 1.93682 12.191 8.88297 30.9608 14.9764 7.1471 53.9716
2843080 2.40199 12.0528 9.11648 30.5267 14.3541 6.98409 54.098
2843090 2.93483 11.9492 9.35 29.7452 13.6208 6.7279 53.9792
2843109 2.93483 11.9492 9.35 29.7452 13.6208 6.7279 53.9792
2843111 3.55224 11.837 9.74231 28.5681 12.6214 6.40261 53.6996
2843145 3.55224 11.837 9.74231 28.5681 12.6214 6.40261 53.6996
2843146 4.16119 11.5607 10.7885 27.4007 11.1349 6.2512 53.911
2843148 4.94776 11.4053 13.2264 26.2622 8.72707 6.21459 55.8416
2843161 5.81891 11.0254 16.2154 25.0079 6.02705 6.29758 58.0676
2843178 6.38557 10.5592 17.758 22.6442 3.94952 6.13567 57.3469
2843181 6.38557 10.5592 17.758 22.6442 3.94952 6.13567 57.3469
2843191 6.93532 9.9548 18.3038 19.5857 1.96303 5.75014 54.7796
2843213 6.93532 9.9548 18.3038 19.5857 1.96303 5.75014 54.7796
2843215 7.37512 9.25546 19.5268 16.8574 -0.372092 5.58907 53.0147
2843222 7.97562 8.49568 21.4774 14.7357 -2.95231 5.62077 52.6844
2843248 7.97562 8.49568 21.4774 14.7357 -2.95231 5.62077 52.6844
2843249 8.44925 7.6582 23.9132 12.8993 -5.57678 5.86878 52.92
2843252 9.04975 6.79482 26.1468 11.3036 -8.02052 6.08102 53.295
2843283 9.04975 6.79482 26.1468 11.3036 -8.02052 6.08102 53.295
2843284 9.83632 5.99187 28.1581 10.0734 -10.1412 6.21628 54.0597
2843285 9.83632 5.99187 28.1581 10.0734 -10.1412 6.21628 54.0597
2843294 10.5721 5.39614 29.846 9.28894 -11.6749 6.30635 55.1032
2843316 11.198 4.78314 31.453 8.74515 -12.9597 6.466 56.1793
2843318 11.198 4.78314 31.453 8.74515 -12.9597 6.466 56.1793
2843324 11.6209 4.1615 32.4839 8.37074 -13.9364 6.64025 56.6371
2843354 11.8831 3.5226 33.0297 8.08547 -14.7312 6.82301 56.5209
2843355 11.8831 3.5226 33.0297 8.08547 -14.7312 6.82301 56.5209
2843356 11.9677 2.97004 33.1409 7.60409 -15.505 6.95206 55.6827
2843391 12.0607 2.3225 33.06 7.26534 -16.2374 7.11283 54.7086
2843393 12.0776 1.92534 32.9691 6.90876 -16.8022 7.20337 53.8808
2843395 12.0776 1.92534 32.9691 6.90876 -16.8022 7.20337 53.8808
2843405 12.103 1.65769 32.8377 6.75721 -17.1143 7.26284 53.3556
2843426 12.1622 1.64043 32.7669 6.86418 -17.0419 7.25062 53.4337
2843426 12.1622 1.64043 32.7669 6.86418 -17.0419 7.25062 53.4337
2843436 12.3144 1.72676 32.6659 6.77504 -17.0517 7.1238 53.4821
2843463 12.3144 1.72676 32.6659 6.77504 -17.0517 7.1238 53.4821
2843464 12.3313 1.67496 32.7164 6.79287 -17.0884 7.14828 53.5156
2843466 12.3821 1.71813 32.9084 6.82853 -17.0625 7.14285 53.8372
2843481 12.3821 1.71813 32.9084 6.82853 -17.0625 7.14285 53.8372
2843499 12.5597 1.75267 33.1308 6.83744 -17.0873 7.08979 54.2806
2843501 12.5851 1.7613 33.2622 6.88201 -17.069 7.10155 54.4906
2843507 12.5851 1.7613 33.2622 6.88201 -17.069 7.10155 54.4906
2843517 12.5512 1.7354 33.1914 6.8731 -17.0807 7.11426 54.3512
2843534 12.3736 1.64906 33.2723 6.86418 -17.1405 7.23251 54.1592
2843538 12.3736 1.64906 33.2723 6.86418 -17.1405 7.23251 54.1592
2843548 12.2637 1.67496 33.3531 6.91767 -17.0746 7.28623 54.2095
2843570 12.1791 1.59726 33.2622 6.92659 -17.1025 7.34152 53.9651
2843578 12.1199 1.64906 33.1409 6.83744 -17.1052 7.31461 53.7473
2843606 12.1199 1.64906 33.1409 6.83744 -17.1052 7.31461 53.7473
2843606 12.1284 1.72676 32.8882 6.85527 -16.9942 7.24507 53.5986
2843609 12.1284 1.60589 32.9185 6.94442 -17.0236 7.31252 53.5972
2843618 12.1284 1.60589 32.9185 6.94442 -17.0236 7.31252 53.5972
2843644 12.0522 1.64906 32.8983 6.91767 -16.9963 7.31951 53.5173
2843645 12.0522 1.64906 32.8983 6.91767 -16.9963 7.31951 53.5173
2843652 11.9254 1.65769 32.9489 7.03356 -16.8873 7.39264 53.5655
2843678 11.8408 1.98578 33.0803 7.39014 -16.3661 7.36058 54.297
2843679 11.8408 1.98578 33.0803 7.39014 -16.3661 7.36058 54.297
2843681 11.7139 2.18436 32.676 7.54169 -16.0137 7.29527 54.116
2843713 11.6547 2.71102 32.2414 8.00524 -15.1888 7.10852 54.6124
2843714 11.6547 2.71102 32.2414 8.00524 -15.1888 7.10852 54.6124
2843714 11.494 3.29812 31.8775 9.78815 -13.4106 7.13989 56.4578
2843751 11.2234 3.96293 31.3621 12.8904 -10.823 7.33515 59.4388
2843753 10.6736 4.54139 29.6237 15.5915 -8.34202 7.44664 60.4302
2843785 9.87861 5.06805 26.3288 16.3938 -6.39228 7.22463 57.6693
2843786 8.82985 5.43068 22.5791 17.0193 -4.15853 7.05673 53.8589
2843788 8.82985 5.43068 22.5791 17.0193 -4.15853 7.05673 53.8589
2843797 7.80647 5.91417 19.5369 18.7463 -1.28974 7.08483 52.0038
2843820 6.79154 6.31133 17.3335 21.0619 1.57681 7.367 51.4983
2843823 5.91194 6.84662 15.5055 23.3581 4.25559 7.58542 51.6222
2843833 5.91194 6.84662 15.5055 23.3581 4.25559 7.58542 51.6222
2843851 5.20995 7.46826 14.1698 25.7701 6.58455 7.77158 52.6181
2843853 4.62637 8.07263 12.9555 28.2208 8.68281 7.92867 53.8753
2843883 4.03433 8.79787 12.0121 30.3241 10.4569 8.02198 55.1683
2843886 4.03433 8.79787 12.0121 30.3241 10.4569 8.02198 55.1683
2843895 3.46766 9.29863 11.4516 32.2054 11.7791 8.21224 56.4234
2843917 2.91791 9.63535 11.0874 33.4694 12.7383 8.40575 57.11
2843918 2.91791 9.63535 11.0874 33.4694 12.7383 8.40575 57.11
2843925 2.46965 9.88573 10.7885 34 13.3993 8.51354 57.1438
2843953 2.00448 9.9548 10.5456 34 13.8947 8.65049 56.5049
2843954 2.00448 9.9548 10.5456 34 13.8947 8.65049 56.5049
2843960 1.6408 10.0239 10.228 33.9518 14.3733 8.73367 55.8444
2843966 1.6408 10.0239 10.228 33.9518 14.3733 8.73367 55.8444
2843985 1.39552 10.0152 9.9478 33.6044 14.6809 8.77176 54.963
2843986 1.30249 10.0757 9.80769 33.2764 14.8001 8.73245 54.4622
2843996 1.30249 10.0757 9.80769 33.2764 14.8001 8.73245 54.4622
2844017 1.41244 10.0843 9.80769 33.122 14.6924 8.66297 54.4265
2844025 1.40398 10.0152 9.73297 32.9869 14.7145 8.67229 54.1391
2844033 1.40398 10.0152 9.73297 32.9869 14.7145 8.67229 54.1391
2844053 1.35323 9.97207 9.6956 32.7843 14.7326 8.68539 53.8052
2844053 1.35323 9.97207 9.6956 32.7843 14.7326 8.68539 53.8052
2844059 1.34478 9.83393 9.6022 32.5431 14.7354 8.71089 53.324
2844068 1.40398 9.94617 9.56484 32.4563 14.724 8.62008 53.3713
2844087 1.40398 9.94617 9.56484 32.4563 14.724 8.62008 53.3713
2844088 1.37015 9.98934 9.51813 32.3791 14.7776 8.6011 53.2567
2844102 1.39552 9.98934 9.53681 32.3984 14.7484 8.59443 53.3201
2844121 1.39552 9.98934 9.53681 32.3984 14.7484 8.59443 53.3201
2844123 1.40398 9.94617 9.63956 32.5335 14.6834 8.63819 53.5232
2844128 1.38706 9.8771 9.67692 32.7361 14.694 8.7045 53.6772
2844155 1.38706 9.8771 9.67692 32.7361 14.694 8.7045 53.6772
2844156 1.32786 9.79076 9.75165 32.7554 14.6696 8.77987 53.6257
2844196 1.34478 9.82529 9.68626 32.765 14.714 8.75059 53.6214
2844197 1.33632 9.88573 9.78901 32.8615 14.6744 8.75078 53.8726
2844198 1.33632 9.88573 9.78901 32.8615 14.6744 8.75078 53.8726
2844200 1.45473 9.99797 9.77967 32.8712 14.6177 8.64957 54.1035
2844210 1.39552 9.99797 9.75165 32.7072 14.6502 8.65292 53.8523
2844235 1.39552 9.97207 9.75165 32.7072 14.6453 8.6643 53.8264
2844237 1.42935 9.96343 9.77967 32.5624 14.5701 8.63945 53.7349
2844245 1.42935 9.96343 9.77967 32.5624 14.5701 8.63945 53.7349
2844251 1.41244 9.85983 9.78901 32.3116 14.5064 8.66404 53.3729
2844274 1.66617 9.79939 10.0505 31.9739 14.0478 8.56951 53.49
2844287 1.95373 9.65262 10.144 31.4915 13.6389 8.4602 53.2418
2844314 2.57114 9.62671 10.4896 30.8354 12.7989 8.163 53.5228
2844315 2.57114 9.62671 10.4896 30.8354 12.7989 8.163 53.5228
2844317 3.36617 9.63535 10.9659 29.832 11.6801 7.75001 53.7995
2844326 3.36617 9.63535 10.9659 29.832 11.6801 7.75001 53.7995
2844332 4.2796 9.55764 12.3203 28.4813 9.80941 7.40252 54.6388
2844356 5.34527 9.3159 15.2813 26.7543 6.80972 7.24232 56.6967
2844357 5.34527 9.3159 15.2813 26.7543 6.80972 7.24232 56.6967
2844362 6.36866 8.8065 19.0618 24.5352 3.3652 7.25391 58.7722
2844372 7.19751 8.18486 21.2146 21.2548 0.444043 7.02322 57.8518
2844395 7.19751 8.18486 21.2146 21.2548 0.444043 7.02322 57.8518
2844400 7.81493 7.31285 22.5184 17.4438 -2.53072 6.76197 55.09
2844409 7.81493 7.31285 22.5184 17.4438 -2.53072 6.76197 55.09
2844424 8.46617 6.42357 24.4185 14.2811 -5.68214 6.66454 53.5894
2844427 9.17662 5.61199 26.7128 11.892 -8.6085 6.69078 53.3934
2844436 9.17662 5.61199 26.7128 11.892 -8.6085 6.69078 53.3934
2844457 9.87015 4.86948 28.6534 9.97535 -11.0921 6.7144 53.3684
2844458 10.5214 4.12697 30.4625 8.62035 -13.1379 6.82132 53.7313
2844473 10.5214 4.12697 30.4625 8.62035 -13.1379 6.82132 53.7313
2844494 11.2065 3.67801 31.8169 7.78238 -14.4827 6.80427 54.4837
2844495 11.2065 3.67801 31.8169 7.78238 -14.4827 6.80427 54.4837
2844497 11.7647 3.16861 32.9388 7.27425 -15.5317 6.87618 55.1463
2844506 12.2383 2.69375 33.8383 6.88201 -16.3968 6.95071 55.6524
2844525 12.2383 2.69375 33.8383 6.88201 -16.3968 6.95071 55.6524
2844526 12.5512 2.39157 34 6.73938 -16.8008 6.94923 55.6822
2844539 12.8303 1.95988 34 6.67698 -17.2144 7.00056 55.4672
2844560 12.8303 1.95988 34 6.67698 -17.2144 7.00056 55.4672
2844561 12.8557 1.65769 34 6.41846 -17.6489 7.07377 54.9319
2844566 12.8557 1.65769 34 6.41846 -17.6489 7.07377 54.9319
2844576 12.8473 1.42458 34 6.18668 -18.0119 7.13796 54.4585
2844595 12.9572 1.33824 34 6.14211 -18.1294 7.12192 54.4376
2844598 12.9572 1.33824 34 6.14211 -18.1294 7.12192 54.4376
2844607 13.0333 1.45048 33.808 6.00839 -18.1318 6.99792 54.3002
2844630 13.0587 1.39005 33.2925 5.86576 -18.2324 6.91407 53.607
2844631 13.0587 1.39005 33.2925 5.86576 -18.2324 6.91407 53.607
2844637 13.0418 1.42458 32.9084 5.82119 -18.1896 6.84166 53.196
2844647 13.0418 1.42458 32.9084 5.82119 -18.1896 6.84166 53.196
2844663 13.1095 1.44185 32.7366 5.73204 -18.2347 6.76651 53.02
2844668 13.3294 1.42458 32.5244 5.61615 -18.3445 6.63205 52.8945
2844679 13.3294 1.42458 32.5244 5.61615 -18.3445 6.63205 52.8945
2844695 13.5408 1.47638 32.3627 5.56266 -18.3522 6.49048 52.9425
2844701 13.8453 1.47638 32.5648 5.57158 -18.4079 6.40167 53.458
2844710 13.8453 1.47638 32.5648 5.57158 -18.4079 6.40167 53.458
2844730 14.0483 1.53682 32.7164 5.60724 -18.3739 6.32696 53.9087
