2517295 15.8413 2.08075 28.7949 5.47352 -17.7628 4.69809 52.1905
2517302 15.8751 2.10665 28.6837 5.43786 -17.76 4.64647 52.1033
2517311 15.8244 2.09802 28.613 5.47352 -17.7209 4.66192 52.0089
2517330 15.8244 2.09802 28.613 5.47352 -17.7209 4.66192 52.0089
2517332 15.909 2.12392 28.7241 5.45569 -17.7416 4.6388 52.2127
2517360 16.0104 2.14982 28.8656 5.50918 -17.7106 4.62963 52.5351
2517361 16.1627 2.14119 29.0071 5.52701 -17.7437 4.60755 52.838
2517371 16.1627 2.14119 29.0071 5.52701 -17.7437 4.60755 52.838
2517390 16.1796 2.15846 29.0779 5.51809 -17.7489 4.60703 52.934
2517399 16.2473 2.43474 29.1992 5.81227 -17.3203 4.56185 53.6934
2517410 16.2473 2.43474 29.1992 5.81227 -17.3203 4.56185 53.6934
2517418 16.2896 2.71965 29.1891 5.91033 -17.0253 4.46053 54.1086
2517426 16.2896 2.71965 29.1891 5.91033 -17.0253 4.46053 54.1086
2517436 16.2134 3.17725 28.7848 6.24017 -16.3468 4.30968 54.4156
2517446 16.1881 3.71254 28.522 7.301 -15.1177 4.28608 55.7236
2517455 16.1881 3.71254 28.522 7.301 -15.1177 4.28608 55.7236
2517464 16.0443 4.42052 28.5826 9.68117 -12.9942 4.54608 58.7286
2517475 15.6468 5.11986 27.9964 11.6424 -11.1252 4.68638 60.4054
2517486 15.6468 5.11986 27.9964 11.6424 -11.1252 4.68638 60.4054
2517495 14.9786 5.60335 25.6415 11.9276 -9.92635 4.38182 58.1511
2517505 14.9786 5.60335 25.6415 11.9276 -9.92635 4.38182 58.1511
2517517 13.8622 5.77603 22.6195 11.7493 -8.77493 4.09131 54.0071
2517525 12.8219 5.99187 20.2039 12.4803 -7.06513 4.0401 51.498
2517537 12.8219 5.99187 20.2039 12.4803 -7.06513 4.0401 51.498
2517545 11.8577 6.38903 18.4857 14.2365 -4.76658 4.26009 50.969
2517558 10.8428 6.88979 17.091 16.4027 -2.26506 4.61515 51.2263
2517570 10.8428 6.88979 17.091 16.4027 -2.26506 4.61515 51.2263
2517579 9.89552 7.59777 16.0286 18.6305 0.145826 4.93721 52.1524
2517586 8.97363 8.31437 14.889 20.8785 2.51165 5.22459 53.0556
2517596 8.97363 8.31437 14.889 20.8785 2.51165 5.22459 53.0556
2517606 7.8995 9.03961 13.9736 23.088 4.74737 5.58951 54.0007
2517632 7.02836 9.79076 13.2451 24.9597 6.57762 5.82992 55.0239
2517638 6.21642 10.3951 12.8808 26.5999 7.97697 6.11559 56.0922
2517648 6.21642 10.3951 12.8808 26.5999 7.97697 6.11559 56.0922
2517658 5.59055 10.8354 12.722 27.6419 8.87694 6.32275 56.7899
2517673 4.8209 11.1722 12.4791 28.2015 9.73716 6.53413 56.6737
2517681 4.8209 11.1722 12.4791 28.2015 9.73716 6.53413 56.6737
2517690 4.19502 11.293 12.2082 28.2111 10.33 6.68908 55.9074
2517699 4.19502 11.293 12.2082 28.2111 10.33 6.68908 55.9074
2517710 3.54378 11.3707 11.8253 28.0182 10.9664 6.82885 54.758
2517719 3.14627 11.388 11.6478 27.8831 11.3183 6.93513 54.0652
2517731 3.14627 11.388 11.6478 27.8831 11.3183 6.93513 54.0652
2517743 2.94328 11.3103 11.489 27.6226 11.4778 6.98714 53.3652
2517760 3.06169 11.3448 11.5357 27.5165 11.347 6.91533 53.4587
2517770 3.11244 11.2499 11.4797 27.4103 11.2991 6.90891 53.2523
2517780 3.11244 11.2499 11.4797 27.4103 11.2991 6.90891 53.2523
2517790 3.10398 11.1981 11.489 27.3428 11.2677 6.92489 53.1339
2517800 3.09552 11.129 11.3956 27.1788 11.2771 6.91772 52.7989
2517810 3.09552 11.129 11.3956 27.1788 11.2771 6.91772 52.7989
2517821 3.03632 11.1722 11.3956 27.1305 11.3165 6.91699 52.7346
2517835 3.05323 11.1549 11.3489 27.1402 11.335 6.91145 52.6972
2517842 3.05323 11.1549 11.3489 27.1402 11.335 6.91145 52.6972
2517850 3.13781 11.2844 11.2929 27.0726 11.3314 6.80365 52.7877
2517866 3.13781 11.2844 11.2929 27.0726 11.3314 6.80365 52.7877
2517871 3.14627 11.3189 11.1901 26.9183 11.3654 6.74573 52.5736
2517881 3.10398 11.3276 11.0593 26.7928 11.4553 6.71929 52.2837
2517891 3.10398 11.3276 11.0593 26.7928 11.4553 6.71929 52.2837
2517902 3.1209 11.3362 11.0313 26.4455 11.3748 6.64875 51.9339
2517911 3.09552 11.3535 10.9099 26.214 11.4217 6.595 51.5729
2517926 3.09552 11.3535 10.9099 26.214 11.4217 6.595 51.5729
2517934 3.15473 11.3017 10.9099 26.1947 11.3612 6.58875 51.561
2517942 3.15473 11.3017 10.9099 26.1947 11.3612 6.58875 51.561
2517955 3.1209 11.2585 10.9753 26.2526 11.3428 6.64105 51.6072
2517967 3.17164 11.4398 10.994 26.2429 11.3394 6.54565 51.8483
2517977 3.17164 11.4398 10.994 26.2429 11.3394 6.54565 51.8483
2517982 3.83134 11.6211 11.2648 26.1657 10.7268 6.23397 52.883
2517998 4.27114 11.7938 11.3676 25.693 10.2813 5.92811 53.1255
2518004 4.27114 11.7938 11.3676 25.693 10.2813 5.92811 53.1255
2518014 5.19303 11.8629 11.6198 24.9115 9.31264 5.4515 53.5872
2518023 5.19303 11.8629 11.6198 24.9115 9.31264 5.4515 53.5872
2518040 6.19104 11.7852 12.6659 24.1107 7.7799 5.15053 54.7528
2518049 7.44279 11.5952 15.7577 23.5125 5.1053 5.2048 58.3082
2518057 7.44279 11.5952 15.7577 23.5125 5.1053 5.2048 58.3082
2518068 8.76219 11.3362 18.3644 22.3451 2.69482 5.08432 60.8079
2518076 9.35423 10.68 18.2128 19.7015 1.2142 4.62825 57.9486
2518090 9.35423 10.68 18.2128 19.7015 1.2142 4.62825 57.9486
2518095 9.55721 9.88573 17.4043 16.6969 -0.17689 4.1064 53.5441
2518111 9.55721 9.88573 17.4043 16.6969 -0.17689 4.1064 53.5441
2518117 9.81095 9.26409 17.4952 14.4059 -1.78329 3.77414 50.9762
2518125 10.3945 8.8583 18.324 12.6408 -3.59408 3.49837 50.2176
2518135 10.3945 8.8583 18.324 12.6408 -3.59408 3.49837 50.2176
2518145 11.0289 8.39208 19.8401 11.2947 -5.52962 3.47552 50.5557
2518155 11.9169 8.15033 21.5583 10.216 -7.28605 3.38736 51.8416
2518170 11.9169 8.15033 21.5583 10.216 -7.28605 3.38736 51.8416
2518179 12.7373 7.77044 23.1147 9.27111 -8.89073 3.36849 52.8936
2518187 12.7373 7.77044 23.1147 9.27111 -8.89073 3.36849 52.8936
2518202 13.5662 7.28695 24.7015 8.52229 -10.3826 3.43142 54.077
2518208 14.2935 6.86389 26.3086 8.00524 -11.5974 3.55762 55.4712
2518234 14.9109 6.4063 27.7842 7.63975 -12.6227 3.72922 56.7412
2518238 15.3592 5.97461 28.7646 7.33665 -13.4119 3.85673 57.435
2518247 15.3592 5.97461 28.7646 7.33665 -13.4119 3.85673 57.435
2518258 15.4776 5.38751 29.2093 7.14945 -14.0457 4.06132 57.2238
2518284 15.4438 4.86084 29.2194 6.9979 -14.5096 4.22296 56.5219
2518290 15.3846 4.38598 28.8252 6.61458 -15.0376 4.25714 55.2103
2518303 15.3846 4.38598 28.8252 6.61458 -15.0376 4.25714 55.2103
2518313 15.2154 3.81615 28.5119 6.34714 -15.5704 4.40544 53.8906
2518317 15.1224 3.19451 28.4614 6.06188 -16.2411 4.60057 52.8401
2518336 15.1224 3.19451 28.4614 6.06188 -16.2411 4.60057 52.8401
2518339 14.9955 2.65922 28.6837 5.99056 -16.7352 4.87861 52.329
2518349 14.9955 2.65922 28.6837 5.99056 -16.7352 4.87861 52.329
2518359 14.9532 2.3225 28.9263 5.91924 -17.0937 5.05642 52.1213
2518369 15.1393 2.18436 29.1688 5.94599 -17.2477 5.08915 52.4385
2518380 15.1393 2.18436 29.1688 5.94599 -17.2477 5.08915 52.4385
2518394 15.4184 2.26206 29.2396 6.00839 -17.1871 4.97866 52.9285
2518403 15.6129 2.27933 29.1688 5.96382 -17.2271 4.87706 53.0249
2518409 15.6129 2.27933 29.1688 5.96382 -17.2271 4.87706 53.0249
2518427 15.8498 2.33977 29.1688 5.91033 -17.2561 4.75598 53.2687
2518436 15.8498 2.33977 29.1688 5.91033 -17.2561 4.75598 53.2687
2518449 16.0274 2.33977 29.1385 5.8925 -17.2916 4.68103 53.3982
2518454 16.1204 2.33113 28.9869 5.86576 -17.3112 4.61534 53.3042
2518462 16.1204 2.33113 28.9869 5.86576 -17.3112 4.61534 53.3042
2518471 16.1035 2.39157 28.7545 5.84793 -17.2412 4.55031 53.0974
2518481 16.1627 2.39157 28.6534 5.77661 -17.2919 4.49447 52.9843
2518492 16.1627 2.39157 28.6534 5.77661 -17.2919 4.49447 52.9843
2518501 16.2896 2.3743 28.5624 5.77661 -17.3109 4.43613 53.0029
2518515 16.2896 2.3743 28.5624 5.77661 -17.3109 4.43613 53.0029
2518521 16.2896 2.41747 28.4614 5.74095 -17.2902 4.39297 52.9093
2518537 16.3995 2.40884 28.3906 5.7053 -17.3313 4.3345 52.9042
2518543 16.3995 2.40884 28.3906 5.7053 -17.3313 4.3345 52.9042
2518551 16.3065 2.41747 28.2188 5.63398 -17.3431 4.31622 52.5767
2518566 16.2303 2.36567 27.9358 5.61615 -17.347 4.30197 52.148
2518573 16.2303 2.36567 27.9358 5.61615 -17.347 4.30197 52.148
2518584 16.2473 2.58151 27.7235 5.90142 -16.9139 4.23121 52.4537
2518591 16.2473 2.58151 27.7235 5.90142 -16.9139 4.23121 52.4537
2518610 16.3995 3.22905 27.3799 6.00839 -16.2882 3.89303 53.0168
2518620 16.7632 3.98019 26.9251 6.29365 -15.4805 3.46781 53.9621
2518632 16.7632 3.98019 26.9251 6.29365 -15.4805 3.46781 53.9621
2518637 16.8816 4.79177 26.2075 6.80178 -14.3992 3.10955 54.6826
2518644 16.6279 5.67242 25.3181 8.62926 -12.2869 3.10601 56.2476
2518654 16.6279 5.67242 25.3181 8.62926 -12.2869 3.10601 56.2476
2518664 16.2303 6.86389 24.368 11.6869 -9.31861 3.28679 59.1492
2518677 16.2303 6.86389 24.368 11.6869 -9.31861 3.28679 59.1492
2518684 15.4184 7.98629 21.7705 13.7105 -6.57718 3.07622 58.8857
2518694 14.1582 8.93601 18.324 14.495 -4.04698 2.6089 55.9133
2518704 14.1582 8.93601 18.324 14.495 -4.04698 2.6089 55.9133
2518714 12.6358 9.69578 15.3467 15.431 -1.34425 2.3855 53.1094
2518724 11.2572 10.4297 13.3198 16.8574 1.30632 2.45554 51.864
2518739 11.2572 10.4297 13.3198 16.8574 1.30632 2.45554 51.864
2518748 9.95473 11.1808 11.8159 18.5244 3.85353 2.68227 51.4759
2518755 9.95473 11.1808 11.8159 18.5244 3.85353 2.68227 51.4759
2518765 8.82985 11.9319 10.7324 20.3575 6.13635 2.9878 51.8518
2518784 7.93333 12.7953 10.0132 22.0749 8.01058 3.22609 52.8168
2518794 7.93333 12.7953 10.0132 22.0749 8.01058 3.22609 52.8168
2518801 7.07065 13.4688 9.76099 23.7923 9.44185 3.60877 54.0927
2518810 6.3602 14.1508 9.68626 25.2974 10.5423 3.91189 55.4947
2518819 6.3602 14.1508 9.68626 25.2974 10.5423 3.91189 55.4947
2518827 5.64129 14.6257 9.62088 26.378 11.4374 4.19398 56.2659
2518841 5.64129 14.6257 9.62088 26.378 11.4374 4.19398 56.2659
2518846 4.95622 14.8329 9.58352 26.9762 12.0985 4.46431 56.3488
2518856 4.45721 14.9365 9.42473 27.0437 12.5748 4.58486 55.8622
2518871 4.45721 14.9365 9.42473 27.0437 12.5748 4.58486 55.8622
2518878 4.03433 14.7897 9.22857 26.8507 12.9216 4.71426 54.9034
2518890 3.71294 14.5653 9.0511 26.5902 13.1638 4.83029 53.9195
2518898 3.71294 14.5653 9.0511 26.5902 13.1638 4.83029 53.9195
2518912 3.45075 14.3667 8.92967 26.4938 13.3732 4.96029 53.2409
2518919 3.45075 14.3667 8.92033 26.4938 13.3799 4.95852 53.2315
2518927 3.31542 14.1681 8.92033 26.349 13.4028 5.05731 52.7529
2518943 3.30697 14.0818 8.88297 26.2429 13.3938 5.06634 52.5146
2518949 3.30697 14.0818 8.88297 26.2429 13.3938 5.06634 52.5146
2518960 3.32388 14.0645 8.8456 26.1175 13.3771 5.03559 52.3515
2518969 3.34925 14.0731 8.88297 26.1368 13.3374 5.03337 52.4421
2518983 3.34925 14.0731 8.88297 26.1368 13.3374 5.03337 52.4421
2518989 3.39154 14.1336 8.88297 26.1368 13.32 4.9942 52.5449
2519005 3.40846 14.1336 8.90165 26.1368 13.294 4.99132 52.5805
2519010 3.40846 14.0559 8.90165 26.1464 13.2789 5.02274 52.5124
2519019 3.33234 13.9005 8.98571 26.1271 13.2339 5.12365 52.3456
2519051 3.31542 13.7537 8.97637 26.1175 13.2179 5.1832 52.163
2519052 3.27313 13.6328 9.06044 26.2043 13.1796 5.27848 52.1707
2519060 3.27313 13.6328 9.06044 26.2043 13.1796 5.27848 52.1707
2519075 3.2393 13.5637 8.90165 25.9824 13.2553 5.24725 51.6871
2519085 3.22239 13.486 8.85495 25.8087 13.2452 5.24271 51.3721
2519091 3.22239 13.486 8.85495 25.8087 13.2452 5.24271 51.3721
2519101 3.27313 13.4083 8.88297 25.7219 13.1488 5.24216 51.2863
2519110 3.27313 13.4083 8.88297 25.7219 13.1488 5.24216 51.2863
2519125 3.22239 13.3134 8.87363 25.4807 13.1155 5.25208 50.8901
2519131 3.5607 13.2529 9.24725 25.4228 12.5612 5.20255 51.4837
2519145 3.5607 13.2529 9.24725 25.4228 12.5612 5.20255 51.4837
2519150 4.0005 13.1148 9.37802 25.2009 12.0599 5.06739 51.6942
2519172 4.0005 13.1148 9.37802 25.2009 12.0599 5.06739 51.6942
2519174 4.98159 13.0112 9.62088 24.4098 10.9655 4.62423 52.0234
2519181 6.01343 12.7522 9.80769 23.059 9.67905 4.0966 51.6323
2519200 6.01343 12.7522 9.80769 23.059 9.67905 4.0966 51.6323
2519201 7.27363 12.355 11.5077 21.5732 7.18413 3.82822 52.7095
2519219 9.21891 11.8542 17.6064 20.6856 2.4065 4.35075 59.3652
2519222 9.21891 11.8542 17.6064 20.6856 2.4065 4.35075 59.3652
2519233 11.3333 11.293 22.0636 18.7849 -1.30721 4.30615 63.4749
2519242 11.3333 11.293 22.0636 18.7849 -1.30721 4.30615 63.4749
2519257 12.01 10.0584 21.6694 14.7625 -3.78568 3.68294 58.5003
2519268 12.4751 8.79787 22.0737 11.3304 -6.59354 3.32802 54.6771
2519275 12.4751 8.79787 22.0737 11.3304 -6.59354 3.32802 54.6771
2519284 13.1517 7.80498 23.2259 8.78081 -9.34223 3.12952 52.9634
2519301 13.8284 7.08837 24.843 7.30991 -11.4346 3.17589 53.0697
2519310 13.8284 7.08837 24.843 7.30991 -11.4346 3.17589 53.0697
2519319 14.3866 6.42357 26.1772 6.49869 -12.92 3.32771 53.486
2519324 14.3866 6.42357 26.1772 6.49869 -12.92 3.32771 53.486
2519334 14.9532 5.9487 27.1272 6.07971 -13.885 3.41118 54.1089
2519345 15.41 5.52565 27.8246 6.03513 -14.4509 3.53793 54.7953
2519371 15.8244 5.37024 28.3199 5.99056 -14.766 3.54449 55.505
2519375 16.0274 5.19756 28.5927 5.9549 -15.0018 3.58314 55.7726
2519385 16.0274 5.19756 28.5927 5.9549 -15.0018 3.58314 55.7726
2519395 16.1965 4.90401 28.6938 5.83901 -15.3448 3.62165 55.6334
2519410 16.2134 4.56729 28.6736 5.69638 -15.6949 3.69603 55.1507
2519420 16.2134 4.56729 28.6736 5.69638 -15.6949 3.69603 55.1507
2519425 16.3741 4.10107 28.613 5.51809 -16.1923 3.75118 54.6062
2519445 16.3741 4.10107 28.613 5.51809 -16.1923 3.75118 54.6062
2519448 16.4333 3.53123 28.33 5.215 -16.8274 3.80691 53.5095
2519456 16.5264 2.8837 28.1177 5.00105 -17.4948 3.91462 52.5288
2519470 16.5264 2.8837 28.1177 5.00105 -17.4948 3.91462 52.5288
2519476 16.704 2.39157 28.1379 4.90299 -18.0044 4.01217 52.1365
2519486 16.8393 2.39157 28.5422 4.85842 -18.1125 4.03838 52.6315
2519501 16.8393 2.09802 28.5422 4.85842 -18.3543 4.14517 52.338
2519507 17.1154 2.11529 28.896 5.02779 -18.2808 4.14631 53.1545
2519519 17.1154 2.11529 28.896 5.02779 -18.2808 4.14631 53.1545
2519536 17.3175 2.24479 29.088 5.08128 -18.1827 4.07777 53.7316
2519545 17.5003 2.3225 29.0476 5.04562 -18.167 3.97018 53.916
2519549 17.5003 2.3225 29.0476 5.04562 -18.167 3.97018 53.916
2519559 17.6831 2.28796 28.7039 4.95648 -18.2461 3.82873 53.6314
2519577 17.7312 2.35703 28.4816 4.96539 -18.1611 3.74298 53.5352
2519579 17.7312 2.35703 28.4816 4.96539 -18.1611 3.74298 53.5352
2519589 17.7504 2.39157 28.1986 4.88516 -18.1643 3.64722 53.2257
2519604 17.7504 2.39157 28.1986 4.88516 -18.1643 3.64722 53.2257
2519610 17.7408 2.40884 28.0268 4.99213 -18.0401 3.6307 53.1685
2519622 17.7408 2.43474 28.148 4.97431 -18.0494 3.64371 53.2979
2519634 17.7408 2.43474 28.148 4.97431 -18.0494 3.64371 53.2979
2519648 17.7119 2.43474 28.1076 5.02779 -17.9971 3.65659 53.2821
2519650 17.7312 2.45201 27.9661 4.99213 -17.9959 3.60596 53.1414
2519660 17.7312 2.45201 27.9661 4.99213 -17.9959 3.60596 53.1414
2519672 17.5869 2.45201 27.8448 5.02779 -17.9318 3.63827 52.9115
2519680 17.5869 2.45201 27.8448 5.02779 -17.9318 3.63827 52.9115
2519697 17.481 2.40884 27.7741 4.93865 -18.016 3.65653 52.6026
2519701 17.202 2.4002 27.5315 4.90299 -17.9827 3.699 52.0367
2519710 17.202 2.4002 27.5315 4.90299 -17.9827 3.699 52.0367
2519725 17.0481 2.38294 27.2788 4.90299 -17.9418 3.7057 51.6129
2519731 16.907 2.33113 27.1879 4.87625 -17.9756 3.75014 51.3022
2519745 16.907 2.33113 27.1879 4.87625 -17.9756 3.75014 51.3022
2519751 16.8647 2.39157 27.0868 4.8495 -17.9276 3.7154 51.1926
2519761 16.8647 2.39157 27.0868 4.8495 -17.9276 3.7154 51.1926
2519772 16.7716 2.49518 27.0969 5.14368 -17.5847 3.77823 51.5074
2519784 16.8816 3.18588 27.2687 5.59832 -16.7028 3.627 52.9345
2519796 16.8816 3.18588 27.2687 5.59832 -16.7028 3.627 52.9345
2519801 16.9662 4.17877 27.1778 6.84636 -15.0079 3.50174 55.1691
2519822 16.8139 5.50838 26.9958 10.2695 -11.7608 3.76162 59.5877
2519824 16.8139 5.50838 26.9958 10.2695 -11.7608 3.76162 59.5877
2519832 16.298 6.88979 25.6617 13.8353 -8.46879 3.90268 62.6849
2519859 15.1816 7.89995 21.9929 14.7803 -6.05392 3.43121 59.8547
2519864 13.6085 8.72016 17.5559 14.8516 -3.46781 2.76203 54.7361
2519874 13.6085 8.72016 17.5559 14.8516 -3.46781 2.76203 54.7361
2519884 11.9423 9.4713 14.4126 15.7074 -0.570612 2.5342 51.5336
2519899 10.5045 10.2829 12.2549 17.1833 2.34282 2.58361 50.2256
2519912 10.5045 10.2829 12.2549 17.1833 2.34282 2.58361 50.2256
2519916 9.3796 11.0772 10.8912 19.1419 4.92587 2.84501 50.4899
2519926 9.3796 11.0772 10.8912 19.1419 4.92587 2.84501 50.4899
2519935 8.39005 11.9751 10.1346 21.3031 7.12003 3.20615 51.8028
2519951 7.6796 12.9421 9.95714 23.3774 8.65644 3.53421 53.9563
2519976 6.95224 13.7019 10.0038 25.1044 9.79613 3.88815 55.7624
2519979 6.14876 14.2631 10.0599 26.3587 10.7395 4.22487 56.8304
2519986 6.14876 14.2631 10.0599 26.3587 10.7395 4.22487 56.8304
2520003 5.36219 14.7466 9.98516 27.0726 11.5766 4.44728 57.1666
2520014 5.36219 14.7466 9.98516 27.0726 11.5766 4.44728 57.1666
2520029 4.62637 14.9451 9.73297 27.2174 12.2975 4.61206 56.5219
2520031 4.02587 15.0488 9.46209 27.0148 12.8599 4.69895 55.5515
2520036 4.02587 15.0488 9.46209 27.0148 12.8599 4.69895 55.5515
2520046 3.59453 15.0056 9.20055 26.5323 13.2253 4.72994 54.333
2520061 3.50149 14.9538 9.07912 26.185 13.2904 4.69352 53.7194
2520067 3.50149 14.9538 9.07912 26.185 13.2904 4.69352 53.7194
2520081 3.58607 14.8588 8.92033 25.7026 13.2166 4.57284 53.0678
2520091 3.58607 14.8588 8.92033 25.7026 13.2166 4.57284 53.0678
2520097 3.5607 14.7293 8.78022 25.4035 13.2409 4.54334 52.4737
2520109 3.57761 14.712 8.71484 25.1623 13.2181 4.48202 52.1668
2520117 3.57761 14.712 8.71484 25.1623 13.2181 4.48202 52.1668
2520136 3.52687 14.712 8.64945 25.0755 13.2839 4.47023 51.9638
2520138 3.5607 14.7725 8.61209 25.0369 13.2914 4.41954 51.9821
2520147 3.5607 14.7725 8.61209 25.0369 13.2914 4.41954 51.9821
2520162 3.55224 14.7552 8.67747 25.1334 13.2674 4.46199 52.1183
2520169 3.55224 14.7552 8.67747 25.1334 13.2674 4.46199 52.1183
2520178 3.59453 14.8329 8.7522 25.3939 13.2577 4.48476 52.5735
2520192 3.56915 14.8674 8.82692 25.5675 13.2682 4.53082 52.8311
2520201 3.56915 14.8674 8.82692 25.5675 13.2682 4.53082 52.8311
2520214 3.5607 14.7984 8.83626 25.7701 13.2971 4.6013 52.9655
2520219 3.56915 14.7552 8.88297 25.7991 13.2541 4.62898 53.0064
2520229 3.56915 14.7552 8.88297 25.7991 13.2541 4.62898 53.0064
2520244 3.59453 14.7638 8.87363 25.9535 13.2786 4.64471 53.1855
2520254 3.59453 14.7638 8.87363 25.9535 13.2786 4.64471 53.1855
2520268 3.53532 14.7293 8.98571 26.0114 13.2457 4.71233 53.2617
2520271 3.48458 14.5653 9.06044 26.1271 13.2179 4.82867 53.2374
2520295 3.35771 14.358 9.06978 26.2236 13.278 4.97394 53.0092
2520309 3.32388 14.1767 9.16319 26.2333 13.1968 5.07471 52.8971
2520321 3.27313 13.9868 9.20989 26.2429 13.1594 5.17699 52.7127
2520331 3.26468 13.8746 9.08846 26.1368 13.2047 5.1808 52.3645
2520348 3.26468 13.8746 9.08846 26.1368 13.2047 5.1808 52.3645
2520356 3.35771 13.8314 9.24725 26.0982 13.0032 5.18411 52.5345
2520362 3.35771 13.8314 9.24725 26.0982 13.0032 5.18411 52.5345
2520376 3.6791 13.7969 9.44341 26.1078 12.6266 5.11302 53.0272
2520386 3.8398 13.6501 9.49011 25.8184 12.3766 5.06226 52.7984
2520392 3.8398 13.6501 9.49011 25.8184 12.3766 5.06226 52.7984
2520404 4.37264 13.486 9.53681 25.336 11.8111 4.83984 52.7315
2520415 4.37264 13.486 9.53681 25.336 11.8111 4.83984 52.7315
2520430 4.99851 13.2529 9.73297 24.6124 10.9958 4.5898 52.5968
2520432 5.87811 12.9939 10.639 23.5704 9.44171 4.33411 53.0814
2520442 5.87811 12.9939 10.639 23.5704 9.44171 4.33411 53.0814
2520457 6.99453 12.5622 13.5533 22.8178 6.63006 4.50966 55.9279
2520462 8.51692 12.0269 16.5143 21.7469 3.71677 4.51934 58.805
2520485 8.51692 12.0269 16.5143 21.7469 3.71677 4.51934 58.805
2520486 9.49801 11.3535 17.1819 18.92 1.5774 4.01655 56.9534
2520494 9.49801 11.3535 17.1415 18.92 1.59627 4.00875 56.913
2520512 10.0393 10.4987 17.1415 15.5202 -0.546001 3.41834 53.1997
2520516 10.809 9.79939 17.9096 12.6051 -3.08767 2.90664 51.1231
2520525 10.809 9.79939 17.9096 12.6051 -3.08767 2.90664 51.1231
2520540 11.8323 9.22956 19.365 10.3052 -5.74716 2.54523 50.7321
2520549 12.991 8.76333 21.3258 8.86104 -8.03431 2.4352 51.9412
2520555 12.991 8.76333 21.3258 8.86104 -8.03431 2.4352 51.9412
2520568 14.0736 8.13306 23.5595 8.22811 -9.84916 2.66163 53.9943
2520582 14.0736 8.13306 23.5595 8.22811 -9.84916 2.66163 53.9943
2520596 14.9955 7.52006 25.5606 7.93393 -11.2043 2.94027 56.0102
2520599 15.706 6.81209 26.824 7.75564 -12.2432 3.16867 57.0977
2520605 15.706 6.81209 26.824 7.75564 -12.2432 3.16867 57.0977
2520626 16.2642 6.17318 27.5214 7.68432 -12.9799 3.32261 57.6431
2520632 16.5687 5.64652 27.8145 7.51495 -13.5641 3.41846 57.5446
2520641 16.5687 5.64652 27.8145 7.51495 -13.5641 3.41846 57.5446
2520656 16.6701 5.14576 27.5315 7.21185 -14.0755 3.42847 56.5593
2520660 16.5348 4.56729 27.1474 6.89093 -14.61 3.51908 55.1405
2520669 16.5348 4.56729 27.1474 6.89093 -14.61 3.51908 55.1405
2520684 16.2811 3.89385 26.5916 6.57001 -15.1907 3.65227 53.3365
2520687 16.2811 3.89385 26.5916 6.57001 -15.1907 3.65227 53.3365
2520697 16.0866 3.37583 26.3288 6.34714 -15.6758 3.80148 52.1383
2520712 16.095 3.09954 26.1468 6.34714 -15.8619 3.85949 51.6886
2520741 16.2811 3.31539 26.0357 6.35606 -15.6984 3.69177 51.9882
2520742 16.5602 3.34129 25.9952 6.36497 -15.7138 3.57587 52.2617
2520749 16.5602 3.34129 25.9952 6.36497 -15.7138 3.57587 52.2617
2520769 16.7716 3.36719 25.874 6.3204 -15.7443 3.45541 52.3332
2520769 16.7716 3.36719 25.874 6.3204 -15.7443 3.45541 52.3332
2520784 16.9154 3.47943 25.9851 6.32931 -15.6954 3.39208 52.7093
2520799 17.1154 3.43626 25.9649 6.3828 -15.7191 3.34484 52.8994
2520800 17.1154 3.43626 25.9649 6.3828 -15.7191 3.34484 52.8994
2520814 17.0673 3.46216 25.874 6.39171 -15.6678 3.33444 52.7952
2520827 17.1732 3.50533 25.8335 6.26691 -15.7423 3.24616 52.7789
2520830 17.1732 3.50533 25.8335 6.26691 -15.7423 3.24616 52.7789
2520840 17.3367 3.48807 25.783 6.28474 -15.7616 3.18843 52.8925
2520855 17.3367 3.48807 25.783 6.28474 -15.7616 3.18843 52.8925
2520861 17.4329 3.5226 25.6819 6.16885 -15.8236 3.09487 52.8063
2520871 17.5869 3.50533 25.7527 6.31148 -15.7661 3.09614 53.1564
2520884 17.5869 3.50533 25.7527 6.31148 -15.7661 3.09614 53.1564
2520891 17.5195 3.5226 25.7527 6.24017 -15.7959 3.09722 53.035
2520901 17.4329 3.47943 25.6516 6.27583 -15.769 3.12692 52.8398
2520917 17.4329 3.47943 25.6516 6.27583 -15.769 3.12692 52.8398
2520923 17.279 3.43626 25.5505 6.23125 -15.7923 3.16204 52.4971
2520932 17.279 3.43626 25.5505 6.23125 -15.7923 3.16204 52.4971
2520948 17.1154 3.45353 25.2473 6.17777 -15.7381 3.13193 51.9941
2520956 16.9746 3.43626 25.1766 6.12428 -15.7559 3.15885 51.7117
2520962 16.9746 3.43626 25.1766 6.12428 -15.7559 3.15885 51.7117
2520976 16.9831 3.51397 25.0654 6.12428 -15.6763 3.10311 51.6867
2520991 16.9915 3.45353 25.1159 6.24017 -15.6434 3.15949 51.8012
2520993 16.9915 3.45353 25.1159 6.24017 -15.6434 3.15949 51.8012
2521007 17 3.98019 25.308 6.67698 -14.9394 3.1166 52.9651
2521014 17 3.98019 25.308 6.67698 -14.9394 3.1166 52.9651
2521036 16.9154 4.53276 25.217 7.30991 -14.0295 3.07885 53.9751
2521043 16.7209 5.70696 24.7925 8.90561 -11.9823 3.01205 56.126
2521049 16.7209 5.70696 24.7925 8.90561 -11.9823 3.01205 56.126
2521065 16.3488 6.9934 24.2164 11.473 -9.35888 3.13745 59.0316
2521066 15.4861 7.90858 22.5386 13.3272 -7.08268 3.15671 59.2605
2521079 15.4861 7.90858 22.5386 13.3272 -7.08268 3.15671 59.2605
2521096 14.3697 8.58202 19.931 13.9334 -5.1857 2.88108 56.8161
2521097 13.0756 9.00508 17.1718 14.3346 -3.2227 2.63842 53.5871
2521105 13.0756 9.00508 17.1718 14.3346 -3.2227 2.63842 53.5871
2521125 11.8323 9.59218 15.2066 15.3508 -1.00802 2.6354 51.9819
2521130 11.8323 9.59218 15.2066 15.3508 -1.00802 2.6354 51.9819
2521136 10.902 10.2224 13.5626 16.581 1.14049 2.63884 51.2681
2521156 10.107 10.9132 12.311 18.1095 3.20988 2.74114 51.4406
2521158 10.107 10.9132 12.311 18.1095 3.20988 2.74114 51.4406
2521166 9.30348 11.7938 11.1527 19.9234 5.39593 2.86894 52.1734
2521187 8.50846 12.7435 10.4429 21.66 7.24032 3.05059 53.3549
2521198 7.62886 13.5465 9.95714 23.3388 8.85755 3.33771 54.4713
2521217 7.62886 13.5465 9.95714 23.3388 8.85755 3.33771 54.4713
2521219 6.79154 14.2199 9.65824 24.5448 10.1038 3.58374 55.2145
2521227 6.08955 14.7207 9.57418 25.4421 10.9711 3.81702 55.8265
2521247 6.08955 14.7207 9.57418 25.4421 10.9711 3.81702 55.8265
2521249 5.40448 15.1006 9.37802 25.8956 11.749 3.97156 55.7786
2521257 4.7194 15.1869 9.28462 26.2719 12.3753 4.23261 55.4628
2521274 4.7194 15.1869 9.28462 26.2719 12.3753 4.23261 55.4628
2521277 4.18657 15.2473 9.21923 26.4262 12.8305 4.41496 55.0794
2521303 4.18657 15.2473 9.21923 26.4262 12.8305 4.41496 55.0794
2521304 3.72139 15.2301 9.07912 26.3973 13.2408 4.55417 54.4279
2521308 3.46766 15.2473 8.88297 26.185 13.5181 4.56083 53.783
2521332 3.46766 15.2473 8.88297 26.185 13.5181 4.56083 53.783
2521333 3.50995 15.2473 8.92033 25.9631 13.4134 4.50949 53.6407
2521338 3.56915 15.2473 8.73352 25.6833 13.4446 4.39584 53.2333
2521349 3.56915 15.2473 8.73352 25.6833 13.4446 4.39584 53.2333
2521361 3.60299 15.2387 8.62143 25.2781 13.4109 4.28256 52.7412
2521393 3.58607 15.256 8.34121 24.8632 13.5417 4.1393 52.0465
2521398 3.53532 15.2646 8.35055 24.7281 13.5445 4.12851 51.8786
2521407 3.53532 15.2646 8.35055 24.7281 13.5445 4.12851 51.8786
2521424 3.61144 15.3337 8.27582 24.7281 13.5587 4.05941 51.9491
2521426 3.57761 15.4545 8.32253 24.7764 13.5863 4.04752 52.1311
2521454 3.6199 15.5236 8.31319 24.815 13.5855 4.01307 52.2717
2521456 3.6199 15.5236 8.31319 24.815 13.5855 4.01307 52.2717
2521465 3.58607 15.5495 8.35055 25.0369 13.6368 4.07017 52.523
2521484 3.55224 15.5409 8.44396 25.1237 13.6099 4.12296 52.6608
2521486 3.55224 15.5409 8.44396 25.1237 13.6099 4.12296 52.6608
2521491 3.57761 15.5063 8.4533 25.143 13.5812 4.1322 52.6803
2521514 3.5607 15.4545 8.5467 25.4035 13.5705 4.22964 52.9655
2521518 3.5607 15.4545 8.5467 25.4035 13.5705 4.22964 52.9655
2521526 3.55224 15.4027 8.60275 25.5868 13.5642 4.29995 53.1446
2521544 3.55224 15.4027 8.60275 25.5868 13.5642 4.29995 53.1446
2521546 3.52687 15.2732 8.76154 25.7123 13.4668 4.41315 53.2739
2521556 3.49303 15.2473 8.64945 25.8184 13.5896 4.43375 53.2082
2521575 3.49303 15.2473 8.64945 25.8184 13.5896 4.43375 53.2082
2521576 3.53532 15.1265 8.92033 25.828 13.3396 4.51785 53.4101
2521583 3.8398 15.0142 9.03242 25.8184 13.0158 4.46798 53.7048
2521604 3.8398 15.0142 9.03242 25.8184 13.0158 4.46798 53.7048
2521604 4.06816 14.9624 9.08846 25.5289 12.738 4.35809 53.648
2521634 4.36418 14.6948 9.22857 25.2299 12.3006 4.31621 53.5174
2521635 4.85473 14.4617 9.84505 25.0658 11.4461 4.31365 54.2273
2521645 4.85473 14.4617 9.84505 25.0658 11.4461 4.31365 54.2273
2521664 5.49751 14.2026 10.9379 24.7378 10.1601 4.3274 55.3759
2521666 6.23333 13.8659 12.8341 24.2264 8.32096 4.45101 57.1598
2521680 6.23333 13.8659 12.8341 24.2264 8.32096 4.45101 57.1598
2521694 6.92687 13.3652 14.3659 22.9625 6.52325 4.435 57.6205
2521696 7.43433 12.6486 15.1038 20.8882 4.90352 4.25569 56.0749
2521706 7.43433 12.6486 15.1038 20.8882 4.90352 4.25569 56.0749
2521725 7.86567 11.5866 15.7764 18.6016 3.04018 4.1591 53.8302
2521727 7.86567 11.5866 15.7764 18.6016 3.04018 4.1591 53.8302
2521736 8.28856 10.6887 16.8692 16.3314 0.892285 4.08892 52.1779
2521756 9.03284 9.66988 18.6171 14.4683 -1.69527 4.16582 51.7881
2521765 9.03284 9.66988 18.6171 14.4683 -1.69527 4.16582 51.7881
2521786 9.89552 8.91874 20.6486 12.8458 -4.19604 4.20968 52.3087
2521787 10.7667 8.03809 22.761 11.4106 -6.64399 4.35105 52.9763
2521790 10.7667 8.03809 22.761 11.4106 -6.64399 4.35105 52.9763
2521798 11.6124 7.17471 24.6712 10.1715 -8.82787 4.49066 53.6298
2521819 11.6124 7.17471 24.6712 10.1715 -8.82787 4.49066 53.6298
2521823 12.4075 6.29406 26.4905 9.21762 -10.7455 4.68849 54.4096
2521829 13.0587 5.46521 28.047 8.66492 -12.2093 4.93918 55.2358
2521856 13.0587 5.46521 28.047 8.66492 -12.2093 4.93918 55.2358
2521857 13.6085 4.82631 29.2194 8.344 -13.2404 5.12391 55.9981
2521866 14.0736 4.33418 29.9269 8.04982 -14.0183 5.20592 56.3845
2521891 14.3189 3.81615 30.1189 7.92501 -14.5502 5.31574 56.179
2521891 14.3189 3.81615 30.1189 7.92501 -14.5502 5.31574 56.179
2521901 14.3612 3.25495 30.0279 7.66649 -15.1272 5.44515 55.3106
2521924 14.3274 2.9096 29.7652 7.51495 -15.4392 5.51473 54.5171
2521936 14.395 2.72829 29.3002 7.23859 -15.7133 5.42716 53.6621
2521940 14.4965 2.71965 28.896 7.14053 -15.7421 5.30123 53.2527
2521960 14.4965 2.71965 28.896 7.14053 -15.7421 5.30123 53.2527
2521965 14.505 2.83189 28.5321 7.17619 -15.5664 5.19503 53.0452
2521971 14.505 2.83189 28.5321 7.17619 -15.5664 5.19503 53.0452
2521994 14.3866 2.82326 28.0672 7.03356 -15.5786 5.1302 52.3106
2521995 14.4711 2.9096 27.8246 6.9355 -15.5591 4.99974 52.1409
2522009 14.4711 2.9096 27.8246 6.9355 -15.5591 4.99974 52.1409
2522030 14.4965 2.81463 27.6225 6.8107 -15.6991 4.96345 51.7443
2522031 14.5811 2.8578 27.4102 6.75721 -15.6843 4.86235 51.6063
2522032 14.5811 2.8578 27.4102 6.75721 -15.6843 4.86235 51.6063
2522043 14.6403 2.89233 27.3193 6.73047 -15.6724 4.80312 51.5824
2522065 14.7672 2.89233 27.2687 6.75721 -15.6651 4.74982 51.6854
2522066 14.7672 2.8578 27.2687 6.75721 -15.6923 4.76303 51.6509
2522072 14.8602 2.90096 27.3698 6.75721 -15.6933 4.73109 51.8882
2522101 14.8602 2.90096 27.3698 6.75721 -15.6933 4.73109 51.8882
2522102 14.9109 2.87506 27.4203 6.77504 -15.7177 4.73516 51.9814
2522109 14.9109 2.81463 27.6023 6.77504 -15.7974 4.7939 52.1029
2522136 14.9109 2.81463 27.6023 6.77504 -15.7974 4.7939 52.1029
2522137 14.8179 2.84053 27.7741 6.89093 -15.7007 4.87542 52.3234
2522138 14.7672 2.83189 28.0874 6.96224 -15.6986 4.9718 52.6487
2522147 14.7672 2.83189 28.0874 6.96224 -15.6986 4.9718 52.6487
2522169 14.7418 2.83189 28.3603 7.04248 -15.6804 5.04821 52.9764
2522170 14.7418 2.83189 28.3603 7.04248 -15.6804 5.04821 52.9764
2522179 14.6572 2.78873 28.5422 7.04248 -15.7306 5.13064 53.0306
2522185 14.6572 2.92687 28.5624 7.25642 -15.4656 5.12184 53.4029
2522202 14.6572 2.92687 28.5624 7.25642 -15.4656 5.12184 53.4029
2522209 14.6403 3.28949 28.2996 7.32774 -15.0879 4.95665 53.5572
2522215 14.6403 3.28949 28.2996 7.32774 -15.0879 4.95665 53.5572
2522233 14.5219 3.56577 27.9156 7.41689 -14.7205 4.84222 53.4201
2522235 14.4204 3.94566 27.39 7.98741 -13.8981 4.74794 53.7435
2522245 14.4204 3.94566 27.39 7.98741 -13.8981 4.74794 53.7435
2522265 14.2343 4.73134 27.1373 9.80598 -11.9991 4.82328 55.909
2522266 13.9214 5.71559 26.8038 12.6765 -9.44443 5.0349 59.1172
2522301 13.2617 6.51854 25.1361 14.3435 -7.39785 4.98636 59.2598
2522311 12.4328 7.0452 22.4275 14.5574 -5.87008 4.65089 56.4629
2522316 11.3418 7.52869 19.4055 14.9675 -3.87422 4.36743 53.2434
2522336 11.3418 7.52869 19.4055 14.9675 -3.87422 4.36743 53.2434
2522337 10.293 8.28847 17.1415 16.3047 -1.36533 4.2856 52.0277
2522346 9.47264 9.15185 15.328 18.5726 1.39163 4.36253 52.5252
2522374 9.47264 9.15185 15.328 18.5726 1.39163 4.36253 52.5252
2522375 8.5592 10.3002 13.8989 20.9557 4.09473 4.46679 53.714
2522377 8.5592 10.3002 13.8989 20.9557 4.09473 4.46679 53.714
2522388 7.84876 11.3966 12.5071 23.0494 6.42775 4.46456 54.8019
2522413 7.02836 12.4154 11.2555 24.9983 8.5865 4.52713 55.6976
2522414 7.02836 12.4154 11.2555 24.9983 8.5865 4.52713 55.6976
2522418 6.1403 13.3047 10.2 26.4841 10.444 4.60699 56.1291
2522428 5.31144 14.0818 9.38736 27.5358 11.9498 4.66914 56.3163
2522454 5.31144 14.0818 9.38736 27.5358 11.9498 4.66914 56.3163
2522456 4.57562 14.643 8.80824 28.2015 13.0986 4.74613 56.2283
2522465 4.57562 14.643 8.80824 28.2015 13.0986 4.74613 56.2283
2522494 3.87363 15.0315 8.49066 28.5585 13.9514 4.86397 55.9542
2522497 3.3408 15.3682 8.10769 28.5102 14.6538 4.85539 55.3269
2522499 3.3408 15.3682 8.10769 28.5102 14.6538 4.85539 55.3269
2522502 2.93483 15.5582 7.85549 28.1822 15.1062 4.8261 54.5307
2522511 2.64726 15.679 7.65 27.748 15.4166 4.76648 53.7243
2522533 2.64726 15.679 7.65 27.748 15.4166 4.76648 53.7243
2522534 2.68109 15.6704 7.48187 27.2946 15.4354 4.63737 53.1279
2522549 2.79104 15.6704 7.36044 27.2946 15.4441 4.57304 53.1164
2522550 2.79104 15.7999 7.36044 26.8411 15.3855 4.43546 52.7925
2522566 2.7995 15.7567 7.29505 26.5323 15.3648 4.37288 52.3836
2522571 2.7995 15.7567 7.29505 26.5323 15.3648 4.37288 52.3836
2522581 2.7995 15.7826 7.23901 26.378 15.3844 4.32043 52.1991
2522600 2.84179 15.8431 7.25769 26.3104 15.336 4.27247 52.253
2522601 2.84179 15.8431 7.25769 26.3104 15.336 4.27247 52.253
2522617 2.77413 15.8949 7.12692 26.0114 15.4443 4.18936 51.8073
2522640 2.7995 15.8776 7.0522 25.6447 15.4118 4.09345 51.374
2522641 2.7995 15.8776 7.0522 25.6447 15.4118 4.09345 51.374
2522648 2.78259 15.8603 6.94945 25.5579 15.4868 4.06579 51.1503
2522676 2.82488 15.9639 6.96813 25.6544 15.4758 4.03618 51.4113
2522677 2.79104 16.033 6.99615 25.8473 15.5287 4.07009 51.6675
2522716 2.86716 16.2057 7.06154 26.0403 15.4851 4.03327 52.1747
2522719 2.91791 16.5424 7.0989 26.3297 15.5303 3.9616 52.889
2522721 2.91791 16.5424 7.0989 26.3297 15.5303 3.9616 52.889
2522724 2.99403 16.8273 7.11758 26.3876 15.5192 3.84908 53.3266
2522740 2.99403 16.8273 7.11758 26.3876 15.5192 3.84908 53.3266
2522769 3.06169 17.3157 7.01484 26.2622 15.6098 3.60631 53.6544
2522770 3.06169 17.3157 7.01484 26.2622 15.6098 3.60631 53.6544
2522774 3.08706 17.5357 6.92143 25.8377 15.6256 3.41023 53.3819
2522798 3.57761 17.7462 6.98681 25.2974 15.1466 3.06681 53.608
2522799 3.57761 17.7462 6.98681 25.2974 15.1466 3.06681 53.608
2522805 3.94975 17.7366 6.95879 24.5159 14.7401 2.76188 53.1611
2522832 3.94975 17.7366 6.95879 24.5159 14.7401 2.76188 53.1611
2522833 4.62637 17.6888 7.10824 23.6186 13.9384 2.37878 53.042
2522842 5.46368 17.5357 7.77143 22.6827 12.62 2.09194 53.4536
2522870 5.46368 17.5357 7.77143 22.6827 12.62 2.09194 53.4536
2522871 6.59701 17.287 9.6022 22.1714 10.4474 2.12628 55.6576
2522872 7.84876 16.9655 11.8346 21.3802 8.04008 2.17149 58.0291
2522879 7.84876 16.9655 11.8346 21.3802 8.04008 2.17149 58.0291
2522904 8.9398 16.4043 12.8901 19.4217 6.06878 1.81275 57.6559
2522907 8.9398 16.4043 12.8901 19.4217 6.06878 1.81275 57.6559
2522909 9.74328 15.4891 13.1236 16.5899 4.19144 1.22335 54.9459
2522918 10.4368 14.4703 13.6187 14.1741 2.1769 0.82135 52.6999
2522939 10.4368 14.4703 13.6187 14.1741 2.1769 0.82135 52.6999
2522940 11.3756 13.4256 14.7115 12.1416 -0.251663 0.595856 51.6543
2522947 12.3144 12.4154 16.0473 10.4746 -2.66902 0.524456 51.2517
2522975 12.3144 12.4154 16.0473 10.4746 -2.66902 0.524456 51.2517
2522976 13.397 11.3707 17.374 9.21762 -4.95655 0.532663 51.3593
2522978 13.397 11.3707 17.374 9.21762 -4.95655 0.532663 51.3593
2522989 14.3781 10.3606 19.0214 8.47771 -6.96871 0.792648 52.2378
2523009 15.3507 9.3936 20.5678 7.96959 -8.70624 1.06782 53.2817
2523014 15.3507 9.3936 20.5678 7.96959 -8.70624 1.06782 53.2817
2523020 16.1204 8.34891 22.0232 7.57735 -10.2725 1.4235 54.0698
2523043 16.8055 7.57186 23.0844 7.37231 -11.3733 1.66303 54.8341
2523055 17.3367 6.92433 23.7616 7.22968 -12.1915 1.82713 55.2523
2523080 17.6542 6.26816 24.1558 6.98007 -12.9689 1.96523 55.0582
2523081 17.7312 5.61199 24.3074 6.80178 -13.6013 2.1393 54.4523
2523091 17.7312 5.61199 24.3074 6.80178 -13.6013 2.1393 54.4523
2523116 17.6638 4.88674 24.3882 6.53435 -14.3207 2.34847 53.4732
2523117 17.6254 4.19604 24.5196 6.37389 -14.9744 2.58147 52.7149
2523121 17.6254 4.19604 24.5196 6.37389 -14.9744 2.58147 52.7149
2523131 17.8178 3.67801 24.7218 6.21342 -15.5672 2.70052 52.431
2523150 18.0102 3.39309 24.9643 6.21342 -15.865 2.7884 52.581
2523151 18.0102 3.39309 24.9643 6.21342 -15.865 2.7884 52.581
2523163 18.3565 3.59167 25.1564 6.32931 -15.7166 2.67736 53.4339
2523183 18.3565 3.59167 25.1564 6.32931 -15.7166 2.67736 53.4339
2523184 18.5971 3.72118 25.0654 6.33823 -15.6375 2.53679 53.7219
2523192 18.7029 3.69528 24.7521 6.23125 -15.7023 2.4124 53.3815
2523221 18.6259 3.71254 24.3276 6.15102 -15.6625 2.31179 52.8171
2523231 18.6644 3.67801 24.085 6.0173 -15.7566 2.21945 52.4447
2523256 18.6644 3.67801 24.085 6.0173 -15.7566 2.21945 52.4447
2523257 18.7221 3.78162 23.7717 5.92816 -15.7001 2.06771 52.2036
2523259 18.7221 3.78162 23.7717 5.92816 -15.7001 2.06771 52.2036
2523264 18.8664 3.75571 23.4382 5.8301 -15.7634 1.92119 51.8904
2523297 18.8472 3.73845 23.3977 5.78553 -15.8015 1.91166 51.7689
2523298 18.8472 3.73845 23.3977 5.78553 -15.8015 1.91166 51.7689
2523300 18.9049 3.74708 23.3068 5.79444 -15.7817 1.86922 51.7532
2523309 18.9626 3.79888 23.4382 5.85684 -15.7257 1.88261 52.0565
2523332 18.9626 3.79888 23.4382 5.85684 -15.7257 1.88261 52.0565
2523334 18.9723 3.75571 23.61 5.88359 -15.7708 1.94333 52.2216
2523339 18.9723 3.75571 23.61 5.88359 -15.7708 1.94333 52.2216
2523345 18.9915 3.79888 23.9031 5.91033 -15.7714 2.00262 52.6038
2523368 19.1454 3.79888 23.9941 5.99948 -15.7454 1.9974 52.9379
2523370 19.1454 3.79888 23.9941 5.99948 -15.7454 1.9974 52.9379
2523375 19.1935 3.85069 23.9637 6.00839 -15.7019 1.96012 53.0164
2523401 19.1262 3.84205 23.9233 6.16885 -15.5665 2.0139 53.0604
2523402 19.1262 3.84205 23.9233 6.16885 -15.5665 2.0139 53.0604
2523405 19.1839 4.54139 23.8222 6.4452 -14.8259 1.8175 53.9928
2523434 18.9819 5.18893 23.3977 6.73938 -14.0179 1.64791 54.3079
2523436 18.674 5.94007 22.9227 7.8537 -12.5486 1.66878 55.3905
2523446 18.674 5.94007 22.9227 7.8537 -12.5486 1.66878 55.3905
2523470 18.1641 7.07974 22.5892 10.3943 -9.99497 1.99382 58.2274
2523471 17.4137 8.17623 21.4673 12.4268 -7.68185 2.09406 59.4841
2523477 17.4137 8.17623 21.4673 12.4268 -7.68185 2.09406 59.4841
2523506 16.3318 8.99644 18.7081 12.6408 -5.91185 1.59339 56.6772
2523508 16.3318 8.99644 18.7081 12.6408 -5.91185 1.59339 56.6772
2523510 15.0463 9.46267 15.8044 12.6319 -4.13451 1.11266 52.9452
