378330 6.83286 11.3237 13.428 20.29 5.47132 4.49972 51.8746
378340 6.83286 11.3237 13.428 20.29 5.47132 4.49972 51.8746
378350 7.35475 11.0832 14.1667 18.8621 4.0919 4.2525 51.4667
378359 7.90563 11.064 14.9762 17.3859 2.7118 3.91353 51.3317
378368 7.90563 11.064 14.9762 17.3859 2.7118 3.91353 51.3317
378379 8.71745 11.2564 15.9173 15.7511 1.14867 3.39681 51.6422
378384 8.71745 11.2564 15.9173 15.7511 1.14867 3.39681 51.6422
378394 9.4133 11.6508 16.9089 14.1828 -0.234206 2.88393 52.1559
378404 10.2638 12.0645 18.0006 12.5177 -1.74194 2.32464 52.8465
378414 10.2638 12.0645 18.0006 12.5177 -1.74194 2.32464 52.8465
378424 11.0466 12.2473 19.2539 11.1913 -3.19219 1.99611 53.7391
378434 12.0131 12.4205 20.7598 10.32 -4.51799 1.79586 55.5134
378444 12.0131 12.4205 20.7598 10.32 -4.51799 1.79586 55.5134
378456 12.7862 12.3339 22.4073 10.0006 -5.58816 1.90021 57.528
378465 12.7862 12.3339 22.4073 10.0006 -5.58816 1.90021 57.528
378475 13.4241 11.8625 24.1153 10.2232 -6.47954 2.27722 59.6252
378494 13.8977 11.1602 25.6112 10.3878 -7.35416 2.68795 61.0568
378497 13.8977 11.1602 25.6112 10.3878 -7.35416 2.68795 61.0568
378506 14.2553 10.1692 26.5107 10.3007 -8.28602 3.03423 61.2359
378515 14.2553 9.03396 26.9756 10.1264 -9.13646 3.43084 60.3913
378528 14.2553 9.03396 26.9756 10.1264 -9.13646 3.43084 60.3913
378535 14.2166 7.74477 27.1576 9.78759 -10.1185 3.81548 58.9065
378547 14.2166 7.74477 27.1576 9.78759 -10.1185 3.81548 58.9065
378555 13.946 6.48444 27.4304 9.48747 -11.0747 4.31246 57.3483
378567 13.8204 5.29145 27.673 9.26481 -12.0148 4.77059 56.0496
378580 13.8204 5.29145 27.673 9.26481 -12.0148 4.77059 56.0496
378588 13.7237 4.29089 27.8347 9.15831 -12.7751 5.17522 55.0076
378600 13.6174 3.5116 28.0571 9.03246 -13.4319 5.52225 54.2185
378605 13.6174 3.5116 28.0571 9.03246 -13.4319 5.52225 54.2185
378620 13.7237 2.90549 28.3401 8.97437 -13.9886 5.75191 53.9436
378627 13.7237 2.90549 28.3401 8.97437 -13.9886 5.75191 53.9436
378636 13.772 2.46293 28.5927 9.04214 -14.3214 5.95879 53.8699
378646 13.9557 2.28976 28.7848 8.95501 -14.5853 5.9723 53.9852
378656 13.9557 2.28976 28.7848 8.95501 -14.5853 5.9723 53.9852
378669 14.2359 2.28014 28.7545 8.91629 -14.6687 5.85604 54.1868
378678 14.3519 2.26089 28.805 8.87756 -14.7427 5.82087 54.2954
378688 14.3519 2.26089 28.805 8.87756 -14.7427 5.82087 54.2954
378706 14.4582 2.28976 28.7646 8.79043 -14.7978 5.74749 54.303
378710 14.4582 2.28976 28.7646 8.79043 -14.7978 5.74749 54.303
378718 14.4969 2.22241 28.7342 8.82916 -14.8204 5.75988 54.2827
378737 14.4679 2.26089 28.7545 8.71298 -14.8758 5.73989 54.1962
378740 14.4679 2.26089 28.7545 8.71298 -14.8758 5.73989 54.1962
378749 14.4969 2.15507 28.6231 8.7033 -14.9419 5.74521 53.9783
378759 14.4002 2.21279 28.5826 8.63554 -14.9238 5.7416 53.8312
378769 14.4002 2.21279 28.5826 8.63554 -14.9238 5.7416 53.8312
378779 14.3519 2.17431 28.4816 8.61617 -14.9388 5.75438 53.624
378805 14.3132 2.16469 28.522 8.55809 -14.9896 5.77005 53.558
378809 14.1973 2.13582 28.613 8.6549 -14.9342 5.85851 53.601
378822 14.1973 2.13582 28.613 8.6549 -14.9342 5.85851 53.601
378829 14.1489 2.08772 28.805 8.79043 -14.8962 5.95149 53.8321
378842 13.9943 2.08772 29.0577 8.84852 -14.8716 6.06359 53.9882
378854 13.9943 2.08772 29.0577 8.84852 -14.8716 6.06359 53.9882
378860 13.9267 2.02037 29.3103 8.91629 -14.9059 6.16894 54.1737
378870 13.9267 2.02037 29.3103 8.91629 -14.9059 6.16894 54.1737
378880 13.8687 2.01075 29.5529 9.02278 -14.8692 6.25183 54.4551
378890 13.7624 2.01075 29.7247 9.2164 -14.7402 6.35155 54.7142
378900 13.7624 2.01075 29.7247 9.2164 -14.7402 6.35155 54.7142
378912 13.7044 2.24165 29.8056 9.39066 -14.4525 6.32461 55.1423
378925 13.714 2.57838 29.8157 9.5262 -14.1213 6.21455 55.6343
378933 13.714 2.57838 29.8157 9.5262 -14.1213 6.21455 55.6343
378940 13.7624 3.09791 29.6944 9.64237 -13.6646 5.99938 56.1971
378955 13.7624 3.09791 29.6944 9.64237 -13.6646 5.99938 56.1971
378961 13.7527 3.59819 29.4721 9.75854 -13.1969 5.80041 56.5815
378971 13.7237 4.14658 29.0172 9.79727 -12.7005 5.54229 56.6848
378981 13.7237 4.14658 29.0172 9.79727 -12.7005 5.54229 56.6848
378991 13.6561 4.76231 28.5523 9.7295 -12.2207 5.25487 56.7002
379001 13.5014 5.27221 27.7741 9.64237 -11.7285 4.97672 56.1901
379011 13.5014 5.27221 27.7741 9.64237 -11.7285 4.97672 56.1901
379026 13.2695 5.79174 27.107 9.64237 -11.1728 4.75398 55.8106
379033 13.2695 5.79174 27.107 9.64237 -11.1728 4.75398 55.8106
379043 12.9795 6.24392 26.3995 9.73918 -10.565 4.58307 55.3622
379066 12.7283 6.72496 25.7628 10.3007 -9.66619 4.48791 55.5167
379068 12.7283 6.72496 25.7628 10.3007 -9.66619 4.48791 55.5167
379073 12.3997 7.22524 25.2473 11.3753 -8.46547 4.53292 56.2475
379091 12.0711 7.73514 24.5297 12.4499 -7.22705 4.53636 56.7858
379103 11.7908 8.16808 23.4786 12.9339 -6.28305 4.37819 56.3714
379121 11.7908 8.16808 23.4786 12.9339 -6.28305 4.37819 56.3714
379131 11.4139 8.56254 22.1546 13.0985 -5.38996 4.14906 55.2295
379140 11.0659 8.89926 20.871 13.0888 -4.61234 3.8928 53.925
379152 11.0659 8.89926 20.871 13.0888 -4.61234 3.8928 53.925
379159 10.9016 9.35144 19.648 13.2244 -3.75237 3.56307 53.1255
379169 10.689 9.80362 18.4857 13.6503 -2.71752 3.31856 52.6287
379178 10.689 9.80362 18.4857 13.6503 -2.71752 3.31856 52.6287
379186 10.5731 10.4194 17.3133 14.2409 -1.53489 3.01498 52.5466
379197 10.5731 10.4194 17.3133 14.2409 -1.53489 3.01498 52.5466
379205 10.6214 11.1409 16.2411 15.0251 -0.328349 2.68832 53.0284
379218 10.7084 12.0357 15.0774 15.9932 1.04204 2.3209 53.8146
379225 10.7084 12.0357 15.0774 15.9932 1.04204 2.3209 53.8146
379240 10.66 12.9881 13.9643 17 2.45539 2.00947 54.6124
379245 10.4764 13.8925 12.7601 17.9069 3.88967 1.71656 55.0359
379255 10.4764 13.8925 12.7601 17.9069 3.88967 1.71656 55.0359
379270 10.1188 14.7006 11.647 18.9779 5.37145 1.57062 55.4443
379276 10.1188 14.7006 11.647 18.9779 5.37145 1.57062 55.4443
379286 9.76123 15.5184 10.625 19.9137 6.73878 1.41328 55.8184
379296 9.22968 16.2207 10.0179 20.8593 7.91462 1.44513 56.3275
379306 9.22968 16.2207 10.0179 20.8593 7.91462 1.44513 56.3275
379322 8.72712 16.7595 9.53214 21.7083 8.90603 1.52145 56.727
379327 8.07959 17.0861 9.33988 22.4512 9.70816 1.74484 56.9568
379338 8.07959 17.0861 9.33988 22.4512 9.70816 1.74484 56.9568
379348 7.23877 17.4018 9.06667 22.9336 10.6063 1.94904 56.6408
379358 7.23877 17.4018 9.06667 22.9336 10.6063 1.94904 56.6408
379368 6.38829 17.4879 8.75298 23.252 11.4523 2.18198 55.8812
379378 5.51848 17.6027 8.52024 23.445 12.2575 2.40822 55.0864
379388 5.51848 17.6027 8.52024 23.445 12.2575 2.40822 55.0864
379398 4.639 17.6697 8.23691 23.7151 13.1351 2.66583 54.2607
379410 3.99147 17.7271 8.01429 23.9756 13.8232 2.86864 53.7084
379420 3.99147 17.7271 8.01429 23.9756 13.8232 2.86864 53.7084
379429 3.64355 17.9375 7.94345 24.1396 14.2042 2.93548 53.6641
379439 3.64355 17.9375 7.94345 24.1396 14.2042 2.93548 53.6641
379458 3.49858 18.0906 7.92321 24.3133 14.39 2.96717 53.8257
379469 3.52757 18.3393 8.04464 24.5641 14.3786 2.9578 54.4757
379475 3.52757 18.3393 8.04464 24.5641 14.3786 2.9578 54.4757
379483 3.58556 18.4254 8.05476 24.6703 14.3669 2.9361 54.736
379491 3.53724 18.4924 8.08512 24.6799 14.3946 2.93881 54.7947
379500 3.53724 18.4924 8.08512 24.6799 14.3946 2.93881 54.7947
379511 3.60489 18.4254 7.98393 24.5931 14.389 2.89705 54.6073
379520 3.60489 18.4254 7.98393 24.5931 14.389 2.89705 54.6073
379533 3.60489 18.4254 8.01429 24.4966 14.3483 2.88238 54.5412
379540 3.61455 18.4733 7.95357 24.3326 14.3624 2.81339 54.374
379554 3.61455 18.4733 7.95357 24.3326 14.3624 2.81339 54.374
379565 3.5759 18.3967 7.84226 24.1396 14.4187 2.78269 53.9545
379571 3.53724 18.2341 7.82202 24.0624 14.4147 2.82722 53.6558
379581 3.53724 18.2341 7.82202 24.0624 14.4147 2.82722 53.6558
379591 3.48891 18.1671 7.77143 24.0045 14.4629 2.84097 53.432
379601 3.48891 18.1671 7.77143 24.0045 14.4629 2.84097 53.432
379611 3.42126 17.9758 7.78155 23.9949 14.4658 2.92797 53.1735
379624 3.39227 17.8514 7.8119 24.0528 14.4516 2.9998 53.1084
379633 3.39227 17.8514 7.8119 24.0528 14.4516 2.9998 53.1084
379642 3.31495 17.7558 7.8625 24.2072 14.4831 3.10468 53.1404
379653 3.21831 17.507 7.93333 24.4194 14.4951 3.28593 53.0781
379662 3.21831 17.507 7.93333 24.4194 14.4951 3.28593 53.0781
379678 3.16998 17.4305 8.04464 24.8632 14.5207 3.45013 53.5084
379685 3.16998 17.4305 8.04464 24.8632 14.5207 3.45013 53.5084
379694 3.112 17.22 8.16607 25.1623 14.4913 3.63295 53.6604
379706 3.00569 17.1052 8.20655 25.3746 14.5588 3.76319 53.692
379714 3.00569 17.1052 8.20655 25.3746 14.5588 3.76319 53.692
379728 2.98636 17.0191 8.34821 25.5193 14.4803 3.85964 53.873
379734 3.03468 16.9423 8.35833 25.7123 14.4602 3.91145 54.0475
379744 3.03468 16.9423 8.35833 25.7123 14.4602 3.91145 54.0475
379763 2.99602 16.8749 8.64167 25.8666 14.2995 4.03757 54.3792
379772 2.99602 16.8749 8.64167 25.8666 14.2995 4.03757 54.3792
379781 3.39227 16.798 8.89464 25.9149 13.83 3.9871 54.9997
379792 4.07845 16.8653 9.1375 25.6254 13.1379 3.72105 55.7067
379800 4.07845 16.8653 9.1375 25.6254 13.1379 3.72105 55.7067
379813 4.81296 16.8846 9.35 25.0658 12.38 3.39981 56.1133
379817 5.48948 16.6825 9.74464 24.4001 11.4746 3.18895 56.3167
379838 5.96305 16.2111 10.2405 23.6283 10.5436 3.13009 56.0429
379846 6.56225 15.7589 10.7565 22.8564 9.51857 3.02815 55.9341
379858 6.56225 15.7589 10.7565 22.8564 9.51857 3.02815 55.9341
379868 7.00682 15.2586 11.1815 21.9688 8.58918 2.94633 55.4158
379879 7.00682 15.2586 11.1815 21.9688 8.58918 2.94633 55.4158
379888 7.47072 14.8161 11.4345 20.7049 7.63222 2.71541 54.4262
379902 7.97328 14.5274 11.6875 19.3734 6.64659 2.3973 53.5617
379908 7.97328 14.5274 11.6875 19.3734 6.64659 2.3973 53.5617
379918 8.47584 14.3831 11.981 18.0516 5.66158 2.03443 52.8916
379928 9.07504 14.3062 12.497 16.9129 4.56846 1.71298 52.7911
379947 9.07504 14.3062 12.497 16.9129 4.56846 1.71298 52.7911
379950 9.76123 14.3735 13.2964 15.9157 3.38894 1.42766 53.3469
379959 9.76123 14.3735 13.2964 15.9157 3.38894 1.42766 53.3469
379969 10.4957 14.412 14.1262 14.9767 2.20639 1.16508 54.0106
379979 11.3172 14.6237 15.0673 13.7472 0.906909 0.787194 54.7553
380005 12.1194 14.6814 15.8363 12.4789 -0.360776 0.412168 55.116
380013 12.9409 14.7968 16.5851 11.0752 -1.64897 -0.0209615 55.398
380020 12.9409 14.7968 16.5851 11.0752 -1.64897 -0.0209615 55.398
380030 13.7624 14.8065 17.5458 9.76822 -3.01232 -0.336816 55.8828
380057 14.4775 14.614 18.5363 8.84852 -4.22799 -0.453321 56.4764
380061 15.0961 14.2388 19.7491 8.5 -5.25596 -0.282837 57.584
380071 15.0961 14.2388 19.7491 8.5 -5.25596 -0.282837 57.584
380081 15.7146 13.6327 21.154 8.45159 -6.26954 0.0657123 58.9529
380091 16.0045 12.6802 22.4376 8.61617 -7.17531 0.59483 59.7385
380102 16.0045 12.6802 22.4376 8.61617 -7.17531 0.59483 59.7385
380111 16.0432 11.4584 23.3371 8.56777 -8.14479 1.11181 59.4065
380126 16.0432 11.4584 23.3371 8.56777 -8.14479 1.11181 59.4065
380131 15.9659 10.073 24.0951 8.52904 -9.14501 1.68384 58.6631
380141 15.647 8.69723 24.6409 8.39351 -10.107 2.27181 57.3786
380159 15.647 8.69723 24.6409 8.39351 -10.107 2.27181 57.3786
380170 15.3667 7.22524 25.1766 8.3451 -11.1261 2.92168 56.1136
380176 15.0188 5.87832 25.8942 8.2967 -12.1342 3.61979 55.088
380185 15.0188 5.87832 25.8942 8.2967 -12.1342 3.61979 55.088
380195 14.6998 4.59875 26.632 8.40319 -13.0351 4.34442 54.3338
380204 14.6998 4.59875 26.632 8.40319 -13.0351 4.34442 54.3338
380214 14.4679 3.48274 27.299 8.5 -13.8532 4.98099 53.7497
380224 14.4002 2.69383 27.9358 8.66458 -14.4231 5.44925 53.6944
380236 14.4002 2.69383 27.9358 8.66458 -14.4231 5.44925 53.6944
380244 14.2843 2.20317 28.4917 8.83884 -14.7413 5.80934 53.8179
380257 14.4002 1.99151 28.805 8.89692 -14.9356 5.90925 54.0937
380280 14.4969 2.06848 28.8454 8.94533 -14.8688 5.85732 54.3561
380285 14.4969 2.06848 28.8454 8.94533 -14.8688 5.85732 54.3561
380295 14.5549 2.04924 28.7646 8.89692 -14.9143 5.82065 54.2656
380305 14.4582 2.03962 28.6635 8.84852 -14.9202 5.83621 54.0098
380315 14.4582 2.03962 28.6635 8.84852 -14.9202 5.83621 54.0098
380325 14.4196 1.99151 28.4715 8.81948 -14.9343 5.83215 53.702
380335 14.5162 2.04924 28.3097 8.64522 -15.009 5.71451 53.5204
380350 14.5162 2.04924 28.3097 8.64522 -15.009 5.71451 53.5204
380357 14.6032 2.0781 28.1278 8.52904 -15.0567 5.61763 53.3382
380368 14.6032 2.0781 28.1278 8.52904 -15.0567 5.61763 53.3382
380376 14.6708 2.08772 27.9863 8.52904 -15.0357 5.5628 53.2739
380391 14.7771 1.99151 27.9358 8.47096 -15.1623 5.53961 53.1754
380397 14.7771 1.99151 27.9358 8.47096 -15.1623 5.53961 53.1754
380415 14.9511 2.05886 27.8751 8.43223 -15.1617 5.42903 53.3173
380416 15.1154 2.19355 27.8549 8.41287 -15.1017 5.30795 53.5768
380438 15.1154 2.19355 27.8549 8.41287 -15.1017 5.30795 53.5768
380445 15.2797 2.14544 27.7539 8.27734 -15.2511 5.22091 53.4563
380460 15.2797 2.14544 27.7539 8.27734 -15.2511 5.22091 53.4563
380464 15.4537 2.23203 27.6932 8.22893 -15.2431 5.10274 53.6078
380470 15.6083 2.34748 27.6023 8.38383 -15.0529 5.01382 53.9419
380490 15.9756 3.07866 27.5719 8.47096 -14.5189 4.62511 55.0971
380499 16.3138 3.90606 27.3395 8.6549 -13.8276 4.20921 56.2142
380530 16.5651 4.75269 26.9251 8.74203 -13.1594 3.77714 56.9849
380534 16.7777 5.6378 26.3187 8.74203 -12.4906 3.30011 57.4762
380542 16.7777 5.6378 26.3187 8.74203 -12.4906 3.30011 57.4762
380553 16.913 6.70572 25.3686 8.61617 -11.7006 2.69933 57.6035
380560 16.913 6.70572 25.3686 8.61617 -11.7006 2.69933 57.6035
380570 17 7.7159 24.1254 8.56777 -10.8179 2.08433 57.4091
380580 16.826 8.62988 22.7711 8.23861 -10.063 1.47536 56.4656
380593 16.826 8.62988 22.7711 8.23861 -10.063 1.47536 56.4656
380601 16.6231 9.37068 21.346 7.91913 -9.35563 0.888015 55.2589
380611 16.3041 10.0922 20.0422 7.68679 -8.57607 0.369312 54.1254
380623 16.3041 10.0922 20.0422 7.68679 -8.57607 0.369312 54.1254
380631 15.8692 10.8427 18.7283 7.55125 -7.64445 -0.122387 52.9915
380646 15.8692 10.8427 18.7283 7.55125 -7.64445 -0.122387 52.9915
380651 15.4923 11.5065 17.657 7.65774 -6.68327 -0.482896 52.3135
380664 15.2121 12.2666 16.8381 8.10308 -5.57066 -0.726092 52.4198
380672 15.2121 12.2666 16.8381 8.10308 -5.57066 -0.726092 52.4198
380683 15.0091 13.0555 16.3018 8.78075 -4.45682 -0.841632 53.1471
380694 14.9704 13.8732 15.897 9.71982 -3.33931 -0.888762 54.4605
380703 14.9704 13.8732 15.897 9.71982 -3.33931 -0.888762 54.4605
380719 14.9898 14.6237 15.4619 10.6686 -2.31391 -0.937219 55.7439
380725 14.9898 14.6237 15.4619 10.6686 -2.31391 -0.937219 55.7439
380732 14.8738 15.0951 14.7232 11.2978 -1.43065 -1.05764 55.9899
380748 14.7675 15.6916 13.7518 11.84 -0.440548 -1.30256 56.0508
380754 14.7675 15.6916 13.7518 11.84 -0.440548 -1.30256 56.0508
380767 14.6032 16.2496 12.6893 12.2079 0.522405 -1.60241 55.7499
380774 14.2166 16.7402 11.5762 12.4886 1.56123 -1.87891 55.0216
380789 14.2166 16.7402 11.5762 12.4886 1.56123 -1.87891 55.0216
380794 13.6464 17.22 10.3923 13.0017 2.8488 -2.06572 54.2604
380821 13.0279 17.7462 9.44107 13.5051 4.0871 -2.18573 53.7203
380825 12.3417 18.2341 8.64167 14.3087 5.39897 -2.13693 53.5261
380852 11.6168 18.7411 8.16607 15.4317 6.66746 -1.87938 53.9557
380862 10.892 19.3343 7.83214 16.7773 7.92707 -1.53644 54.8357
380865 10.892 19.3343 7.83214 16.7773 7.92707 -1.53644 54.8357
380875 10.1865 19.87 7.82202 18.1867 8.93969 -1.08295 56.0652
380894 10.1865 19.87 7.82202 18.1867 8.93969 -1.08295 56.0652
380908 9.32632 20.2431 7.83214 19.4603 9.91215 -0.600668 56.8618
380911 8.37919 20.5492 7.89286 20.5602 10.8212 -0.124277 57.3814
380920 8.37919 20.5492 7.89286 20.5602 10.8212 -0.124277 57.3814
380931 7.33542 20.5971 7.80179 21.361 11.7439 0.32321 57.0952
380939 6.41728 20.4153 7.73095 22.0363 12.5015 0.777746 56.5999
380953 6.41728 20.4153 7.73095 22.0363 12.5015 0.777746 56.5999
380958 5.51848 20.2527 7.58929 22.538 13.2754 1.16895 55.8985
380968 5.51848 20.2527 7.58929 22.538 13.2754 1.16895 55.8985
380978 4.74531 19.9752 7.52857 22.924 13.8769 1.55836 55.1731
380990 4.27175 19.8126 7.49821 23.252 14.2678 1.82344 54.8346
381002 4.27175 19.8126 7.49821 23.252 14.2678 1.82344 54.8346
381009 3.85617 19.6021 7.52857 23.6379 14.5791 2.11667 54.6248
381019 3.76919 19.4778 7.56905 23.8984 14.6387 2.25366 54.7144
381029 3.76919 19.4778 7.56905 23.8984 14.6387 2.25366 54.7144
381049 3.69187 19.3534 7.60952 24.0335 14.6674 2.3582 54.6883
381055 3.69187 19.3534 7.60952 24.0335 14.6674 2.3582 54.6883
381064 3.58556 19.2864 7.73095 24.1686 14.6693 2.47232 54.7715
381074 3.63388 19.1334 7.7006 24.0624 14.6072 2.47453 54.5303
381084 3.63388 19.1334 7.7006 24.0624 14.6072 2.47453 54.5303
381091 3.61455 19.0568 7.58929 23.8695 14.651 2.43506 54.1301
381100 3.56623 19.0281 7.5994 23.8695 14.6735 2.46226 54.0632
381110 3.56623 19.0281 7.5994 23.8695 14.6735 2.46226 54.0632
381121 3.58556 18.9994 7.54881 23.7344 14.6652 2.42208 53.8682
381130 3.58556 18.8177 7.52857 23.7247 14.6433 2.47409 53.6565
381145 3.58556 18.8177 7.52857 23.7247 14.6433 2.47409 53.6565
381151 3.56623 18.8655 7.4881 23.5607 14.6651 2.41688 53.4806
381168 3.56623 18.8655 7.4881 23.5607 14.6651 2.41688 53.4806
381172 3.61455 18.9229 7.4375 23.4932 14.6648 2.35464 53.4681
381182 3.60489 18.9994 7.53869 23.5414 14.6212 2.36823 53.6844
381192 3.60489 18.9994 7.53869 23.5414 14.6212 2.36823 53.6844
381202 3.59522 18.9899 7.53869 23.609 14.6395 2.39032 53.7327
381217 3.56623 18.8942 7.61964 23.6765 14.5958 2.46548 53.7566
381222 3.56623 18.8942 7.61964 23.6765 14.5958 2.46548 53.7566
381233 3.55657 18.8559 7.62976 23.8309 14.6179 2.51929 53.8731
381243 3.55657 18.8559 7.62976 23.8309 14.6179 2.51929 53.8731
381252 3.49858 18.7029 7.71071 23.9177 14.5882 2.62688 53.8299
381264 3.51791 18.6263 7.69048 23.9563 14.5815 2.64985 53.791
381281 3.51791 18.6263 7.69048 23.9563 14.5815 2.64985 53.791
381290 3.45992 18.4924 7.73095 23.937 14.5647 2.7179 53.6203
381299 3.4116 18.2915 7.74107 24.0335 14.5726 2.82495 53.4777
381313 3.4116 18.2915 7.74107 24.0335 14.5726 2.82495 53.4777
381318 3.31495 18.1193 7.88274 24.0817 14.515 2.958 53.3987
381326 3.31495 18.1193 7.88274 24.0817 14.515 2.958 53.3987
381335 3.68221 17.9375 8.18631 24.1203 13.9956 2.97263 53.9264
381345 4.12678 17.8514 8.70238 24.0914 13.2886 2.96197 54.772
381359 4.12678 17.8514 8.70238 24.0914 13.2886 2.96197 54.772
381365 4.94827 17.6984 9.43095 24.0142 12.1824 2.88773 56.0918
381375 5.90506 17.5262 10.4732 23.7151 10.7876 2.80037 57.6195
381391 5.90506 17.5262 10.4732 23.7151 10.7876 2.80037 57.6195
381396 6.72655 17.1244 11.222 22.8371 9.50306 2.64416 57.9101
381406 6.72655 17.1244 11.222 22.8371 9.50306 2.64416 57.9101
381416 7.45139 16.519 11.6167 21.496 8.29797 2.40238 57.083
381429 8.11825 15.6916 11.8696 19.8076 6.98869 2.12683 55.4871
381437 8.11825 15.6916 11.8696 19.8076 6.98869 2.12683 55.4871
381454 8.69812 14.8257 12.0923 18.2157 5.68948 1.89036 53.8317
381458 9.30699 13.9117 12.6589 16.9129 4.1952 1.80518 52.7905
381484 9.88687 13.142 13.347 15.8092 2.73899 1.76123 52.1852
381488 10.6117 12.8534 14.278 14.8024 1.31606 1.60296 52.5455
381503 10.6117 12.8534 14.278 14.8024 1.31606 1.60296 52.5455
381511 11.4139 12.8053 15.3 13.6987 -0.0985593 1.34716 53.2179
381528 11.4139 12.8053 15.3 13.6987 -0.0985593 1.34716 53.2179
381532 12.216 12.9785 16.2512 12.6435 -1.31506 1.02613 54.0892
381539 12.9989 13.1228 17.1112 11.5399 -2.48635 0.692691 54.7727
381555 12.9989 13.1228 17.1112 11.5399 -2.48635 0.692691 54.7727
381559 13.5401 13.1709 18.1219 10.5911 -3.56341 0.541824 55.424
381569 14.1103 12.8246 19.1629 9.81663 -4.7537 0.548521 55.9144
381580 14.1103 12.8246 19.1629 9.81663 -4.7537 0.548521 55.9144
381589 14.5355 12.4205 20.4162 9.33257 -5.81902 0.738754 56.7048
381604 14.5355 12.4205 20.4162 9.33257 -5.81902 0.738754 56.7048
381613 14.8835 11.824 21.7705 9.2164 -6.76564 1.11262 57.6944
381619 15.2121 10.987 23.2967 9.27449 -7.76212 1.62637 58.7702
381639 15.2121 10.987 23.2967 9.27449 -7.76212 1.62637 58.7702
381640 15.2604 9.94793 24.459 9.45843 -8.5889 2.20947 59.1257
381655 15.2604 9.94793 24.459 9.45843 -8.5889 2.20947 59.1257
381669 15.0671 8.79344 25.2776 9.45843 -9.42583 2.78401 58.5966
381670 14.8351 7.57159 25.9952 9.40034 -10.319 3.37068 57.8023
381683 14.8351 7.57159 25.9952 9.40034 -10.319 3.37068 57.8023
381690 14.5549 6.30164 26.5815 9.26481 -11.2736 3.96535 56.7028
381709 14.062 5.0798 27.0969 9.26481 -12.0777 4.65375 55.5035
381719 14.062 5.0798 27.0969 9.26481 -12.0777 4.65375 55.5035
381734 13.6174 3.90606 27.7842 9.31321 -12.8991 5.3754 54.6208
381738 13.6174 3.90606 27.7842 9.31321 -12.8991 5.3754 54.6208
381746 13.2405 2.91511 28.4816 9.47779 -13.5495 6.04374 54.1149
381759 12.9699 2.25127 29.3306 9.75854 -13.9433 6.59212 54.3102
381762 12.9699 2.25127 29.3306 9.75854 -13.9433 6.59212 54.3102
381771 12.7766 1.8953 29.9471 9.99089 -14.1172 6.93998 54.6099
381785 12.6316 1.70289 30.1998 10.1458 -14.1654 7.13543 54.68
381796 12.6316 1.70289 30.1998 10.1458 -14.1654 7.13543 54.68
381810 12.5736 1.70289 30.2907 10.2039 -14.1304 7.18027 54.7711
381813 12.5736 1.70289 30.2907 10.2039 -14.1304 7.18027 54.7711
381823 12.3417 1.63554 30.2402 10.2232 -14.1085 7.29773 54.4406
381837 12.1774 1.60668 30.1795 10.2329 -14.0772 7.36996 54.1965
381843 12.1774 1.60668 30.1795 10.2329 -14.0772 7.36996 54.1965
381853 12.0711 1.58744 29.9976 10.1555 -14.0889 7.38538 53.8116
381868 12.0904 1.58744 29.846 10.078 -14.1184 7.34476 53.6019
381874 12.0904 1.58744 29.846 10.078 -14.1184 7.34476 53.6019
381889 12.1677 1.62592 29.7854 10.049 -14.1149 7.28372 53.628
381894 12.245 1.60668 29.6944 9.99089 -14.1686 7.23806 53.537
381904 12.245 1.60668 29.6944 9.99089 -14.1686 7.23806 53.537
381915 12.4093 1.6644 29.7045 10.0199 -14.1406 7.15193 53.7982
381925 12.4093 1.6644 29.7045 10.0199 -14.1406 7.15193 53.7982
381941 12.5833 1.74137 29.7247 9.95216 -14.173 7.04209 54.0015
381945 12.6509 1.79909 29.8258 9.99089 -14.137 7.01166 54.2667
381955 12.6509 1.79909 29.8258 9.99089 -14.137 7.01166 54.2667
381966 12.8056 1.79909 29.9168 9.97153 -14.1999 6.9597 54.493
381975 12.8152 1.77023 29.9067 10.049 -14.1649 6.97735 54.5411
381990 12.8152 1.77023 29.9067 10.049 -14.1649 6.97735 54.5411
381998 12.8442 1.74137 29.9976 10.0587 -14.2024 6.99208 54.6419
382015 12.8442 1.74137 29.9976 10.0587 -14.2024 6.99208 54.6419
382018 12.8732 1.8472 30.0684 10.1264 -14.0981 6.95828 54.9152
382039 12.9892 2.17431 30.1088 10.2136 -13.8369 6.80142 55.4859
382044 12.9892 2.17431 30.1088 10.2136 -13.8369 6.80142 55.4859
382053 13.0955 2.64573 30.0684 10.3878 -13.4038 6.59682 56.1974
382064 13.1632 3.2326 29.7247 10.4943 -12.8769 6.31194 56.6148
382068 13.1632 3.2326 29.7247 10.4943 -12.8769 6.31194 56.6148
382078 13.2115 3.91568 29.3306 10.4362 -12.3871 5.9689 56.8939
382090 13.2115 3.91568 29.3306 10.4362 -12.3871 5.9689 56.8939
382098 13.1632 4.50255 28.8555 10.4653 -11.8672 5.70006 56.9865
382115 13.0182 5.09904 28.1986 10.4362 -11.313 5.42295 56.752
382119 13.0182 5.09904 28.1986 10.4362 -11.313 5.42295 56.752
382140 12.8926 5.75325 27.4304 10.3007 -10.762 5.07796 56.3769
382142 12.6896 6.32088 26.6017 10.2329 -10.1788 4.78756 55.8451
382149 12.6896 6.32088 26.6017 10.2329 -10.1788 4.78756 55.8451
382165 12.535 6.95586 25.8335 10.291 -9.49451 4.48628 55.6153
382190 12.216 7.35031 25.0553 10.5137 -8.79987 4.35364 55.1353
382192 11.9164 7.70628 24.459 10.9784 -8.03249 4.30838 55.06
382200 11.9164 7.70628 24.459 10.9784 -8.03249 4.30838 55.06
382216 11.4912 8.05263 23.802 11.5592 -7.14021 4.3213 54.9051
382220 11.2689 8.49519 23.2057 12.1014 -6.30005 4.23352 55.0712
382246 11.0176 8.92813 22.4376 12.5273 -5.4633 4.1028 54.9107
382251 11.0176 8.92813 22.4376 12.5273 -5.4633 4.1028 54.9107
382267 10.7084 9.31296 21.3258 12.779 -4.59212 3.90297 54.1262
382271 10.4281 9.68817 20.3555 12.9823 -3.79442 3.71018 53.4541
382281 10.4281 9.68817 20.3555 12.9823 -3.79442 3.71018 53.4541
382292 10.2831 10.1692 19.2438 13.3309 -2.84138 3.4291 53.0269
382306 10.2638 10.8331 18.1118 13.7762 -1.77707 3.05497 52.9848
382320 10.2638 10.8331 18.1118 13.7762 -1.77707 3.05497 52.9848
382325 10.2638 11.6797 16.8179 14.2699 -0.533661 2.58649 53.0313
382335 10.2831 12.5359 15.2899 14.8411 0.851771 2.07137 52.9501
382347 10.2831 12.5359 15.2899 14.8411 0.851771 2.07137 52.9501
382354 10.5054 13.6231 13.6911 15.5672 2.33851 1.44131 53.3868
382374 10.5054 13.6231 13.6911 15.5672 2.33851 1.44131 53.3868
382376 10.631 14.6333 12.1631 16.3707 3.81513 0.911604 53.7981
382384 10.5634 15.6531 10.7464 17.328 5.37443 0.513344 54.2909
382403 10.5634 15.6531 10.7464 17.328 5.37443 0.513344 54.2909
382405 10.2155 16.4805 9.59286 18.4858 6.91834 0.37866 54.7746
382414 9.70324 16.4805 8.90476 20.0102 8.11394 0.743555 55.0987
382427 9.70324 17.2392 8.90476 20.0102 8.34329 0.529717 55.8574
382434 9.17169 17.861 8.72262 21.496 9.37215 0.83473 57.2513
382444 9.17169 17.861 8.72262 21.496 9.37215 0.83473 57.2513
382456 8.4855 18.3202 8.6619 22.895 10.3096 1.22113 58.3626
382469 7.56737 18.655 8.68214 23.9563 11.1967 1.63505 58.8608
382482 7.56737 18.655 8.68214 23.9563 11.1967 1.63505 58.8608
382486 6.58158 18.5594 8.5 24.5448 12.0401 2.03758 58.1858
382495 5.48948 18.2054 8.31786 24.8632 12.8619 2.50181 56.876
382511 5.48948 18.2054 8.31786 24.8632 12.8619 2.50181 56.876
382520 4.54235 17.928 8.19643 25.1141 13.5814 2.91503 55.7808
382526 4.54235 17.928 8.19643 25.1141 13.5814 2.91503 55.7808
382537 3.81751 17.5931 8.01429 25.3456 14.1988 3.27254 54.7706
382546 3.19898 17.4401 7.94345 25.5386 14.706 3.55952 54.1211
382565 3.19898 17.4401 7.94345 25.5386 14.706 3.55952 54.1211
382568 2.96703 17.2296 7.89286 25.664 14.8984 3.7282 53.7535
382581 2.88971 17.0478 8.00417 25.7894 14.8626 3.86817 53.7312
382593 2.88971 17.0478 8.00417 25.7894 14.8626 3.86817 53.7312
382601 2.76407 16.9423 7.97381 25.8377 14.9679 3.9534 53.5178
382608 2.76407 16.9423 7.97381 25.8377 14.9679 3.9534 53.5178
382619 2.71575 16.7018 8.00417 25.8087 14.9306 4.05654 53.2304
382628 2.6191 16.4997 8.03452 25.7894 14.9385 4.16633 52.9428
382637 2.6191 16.4997 8.03452 25.7894 14.9385 4.16633 52.9428
382653 2.66742 16.3939 8.06488 25.9342 14.8867 4.22285 53.0604
382659 2.52246 16.2111 8.16607 26.1561 14.9271 4.40723 53.0557
382674 2.52246 16.2111 8.16607 26.1561 14.9271 4.40723 53.0557
382679 2.57078 16.1149 8.23691 26.3973 14.8652 4.48666 53.3198
382689 2.57078 16.1149 8.23691 26.3973 14.8652 4.48666 53.3198
382701 2.49346 16.0379 8.31786 26.6385 14.8936 4.60619 53.4877
382714 2.43547 15.9225 8.43929 27.0051 14.8938 4.76367 53.8023
382729 2.43547 15.9225 8.43929 27.0051 14.8938 4.76367 53.8023
382731 2.47413 15.807 8.59107 27.1788 14.7641 4.85339 54.051
382740 2.32916 15.6819 8.60119 27.4007 14.8817 4.99623 54.013
382759 2.32916 15.6819 8.60119 27.4007 14.8817 4.99623 54.013
382768 2.28084 15.5569 8.69226 27.6322 14.8701 5.11984 54.1622
382783 2.28084 15.5569 8.69226 27.6322 14.8701 5.11984 54.1622
382788 2.22285 15.451 8.80357 27.7384 14.831 5.22026 54.2158
382792 2.33883 15.3164 8.76309 27.8927 14.7793 5.24773 54.311
382812 2.33883 15.3164 8.76309 27.8927 14.7793 5.24773 54.311
382813 2.30984 15.2683 8.83393 28.0278 14.7651 5.31329 54.4398
382821 2.26151 15.2201 8.925 28.1725 14.752 5.39103 54.5792
382839 2.26151 15.2201 8.925 28.1725 14.752 5.39103 54.5792
382846 2.40648 15.1913 9.15774 28.1146 14.4622 5.3785 54.8701
382852 2.40648 15.1913 9.15774 28.1146 14.4622 5.3785 54.8701
382865 2.69642 15.0758 9.57262 27.9989 13.9156 5.36625 55.3437
382875 3.20864 15.047 10.0077 27.748 13.2021 5.22219 56.0114
382892 3.20864 15.047 10.0077 27.748 13.2021 5.22219 56.0114
382893 3.81751 14.9796 10.5643 27.3235 12.3143 5.05178 56.6849
382907 4.48437 14.7872 11.0905 26.6674 11.3449 4.86231 57.0295
382919 4.48437 14.7872 11.0905 26.6674 11.3449 4.86231 57.0295
382924 5.04491 14.3639 11.4952 25.7026 10.3903 4.71386 56.6067
382934 5.04491 14.3639 11.9405 25.7026 10.1141 4.79413 57.0519
382945 5.45082 13.7866 11.9405 24.4966 9.38128 4.63397 55.6745
382972 5.8954 13.2286 12.4565 23.3195 8.28606 4.54973 54.9001
382973 5.8954 13.2286 12.4565 23.3195 8.28606 4.54973 54.9001
382976 6.27231 12.6514 13.094 22.2968 7.17204 4.54772 54.3146
382998 6.62024 11.9587 13.853 21.3513 5.96691 4.63677 53.7832
382998 6.62024 11.9587 13.853 21.3513 5.96691 4.63677 53.7832
383005 7.03582 11.4873 14.6423 20.4637 4.78886 4.63822 53.629
383025 7.39341 11.1217 15.4821 19.7111 3.70392 4.65799 53.7083
383027 7.39341 11.1217 15.4821 19.7111 3.70392 4.65799 53.7083
383036 7.89596 11.0255 16.1298 18.6884 2.64617 4.43716 53.7396
383054 7.89596 11.0255 16.1298 18.6884 2.64617 4.43716 53.7396
383056 8.28255 11.0062 16.6863 17.5306 1.66712 4.18502 53.5057
383068 8.88175 11.064 17.2628 16.332 0.584334 3.82395 53.5405
383083 8.88175 11.064 17.2628 16.332 0.584334 3.82395 53.5405
383089 9.40364 11.1409 17.7985 14.8605 -0.5642 3.41548 53.2035
383097 9.98351 11.2275 18.4655 13.4954 -1.7519 3.03259 53.172
383117 9.98351 11.2275 18.4655 13.4954 -1.7519 3.03259 53.172
383119 10.7374 11.4873 19.1124 12.1014 -2.92911 2.52322 53.4384
383146 11.4139 11.6701 20.1635 10.8525 -4.18429 2.19928 54.0999
383149 12.1677 11.7663 21.3157 9.9328 -5.3388 1.98827 55.1825
383158 12.1677 11.7663 21.3157 9.9328 -5.3388 1.98827 55.1825
383170 12.8926 11.622 22.7206 9.48747 -6.39239 2.03452 56.7226
383182 13.3565 11.2756 24.085 9.46811 -7.1744 2.29983 58.1852
383198 13.3565 11.2756 24.085 9.46811 -7.1744 2.29983 58.1852
383202 13.8204 10.6118 25.1867 9.5746 -7.9488 2.61748 59.1934
383209 13.8204 10.6118 25.1867 9.5746 -7.9488 2.61748 59.1934
383227 13.9847 9.7459 26.1671 9.58428 -8.75121 3.03138 59.4819
383229 14.004 8.57216 26.6522 9.40034 -9.6726 3.4479 58.6287
383239 14.004 8.57216 26.6522 9.40034 -9.6726 3.4479 58.6287
383256 13.7914 7.23486 27.0565 9.11959 -10.7047 3.9727 57.2023
383264 13.5884 5.90719 27.6427 9.07118 -11.6763 4.59485 56.2095
383285 13.4048 4.67572 28.2491 8.99374 -12.6458 5.19555 55.3233
383290 13.4048 4.67572 28.2491 8.99374 -12.6458 5.19555 55.3233
383316 13.2405 3.63667 28.7747 9.0131 -13.4297 5.73785 54.6649
383317 13.2115 2.78042 29.1992 8.94533 -14.1702 6.13799 54.1364
383321 13.2115 2.78042 29.1992 8.94533 -14.1702 6.13799 54.1364
383331 13.2405 2.26089 29.5226 8.97437 -14.5967 6.38786 53.9983
383346 13.4241 2.23203 29.846 9.09055 -14.63 6.39658 54.5927
383351 13.4241 2.23203 29.846 9.09055 -14.63 6.39658 54.5927
383375 13.6657 2.20317 29.9471 9.10023 -14.7085 6.33103 54.9162
383377 13.6657 2.20317 29.9471 9.10023 -14.7085 6.33103 54.9162
383382 13.801 2.20317 29.8864 9.04214 -14.7645 6.25976 54.9328
383404 13.8493 2.24165 29.7348 8.99374 -14.7524 6.1942 54.8196
383419 13.8493 2.25127 29.5024 8.90661 -14.7652 6.13884 54.5096
383433 13.83 2.23203 29.2901 8.8098 -14.8067 6.10333 54.162
383435 13.83 2.23203 29.2901 8.8098 -14.8067 6.10333 54.162
383444 13.8397 2.16469 29.0172 8.69362 -14.8927 6.06155 53.7152
383464 13.8397 2.16469 29.0172 8.69362 -14.8927 6.06155 53.7152
383465 13.7817 2.16469 28.7747 8.51936 -14.9662 6.01451 53.2404
383495 13.8977 2.21279 28.5725 8.46128 -14.9575 5.90563 53.1443
383496 13.8977 2.21279 28.5725 8.46128 -14.9575 5.90563 53.1443
383497 14.0716 2.20317 28.5422 8.43223 -15.0136 5.83097 53.2492
383504 14.1296 2.22241 28.6231 8.47096 -14.9961 5.82138 53.4461
383525 14.1296 2.22241 28.6231 8.47096 -14.9961 5.82138 53.4461
383529 14.2456 2.23203 28.6938 8.37415 -15.0961 5.76808 53.5456
383535 14.2456 2.23203 28.6938 8.37415 -15.0961 5.76808 53.5456
383555 14.3809 2.28014 28.7848 8.48064 -15.0227 5.73125 53.9264
383561 14.4969 2.26089 28.9364 8.46128 -15.1006 5.71685 54.1554
383587 14.6612 2.24165 28.997 8.43223 -15.1772 5.66694 54.3321
383590 14.7868 2.28014 29.1082 8.44191 -15.1843 5.62549 54.6171
383600 14.7868 2.28014 29.1082 8.44191 -15.1843 5.62549 54.6171
383617 14.8931 2.49179 29.088 8.54841 -14.9673 5.52099 55.0213
383619 14.8931 2.49179 29.088 8.54841 -14.9673 5.52099 55.0213
383628 15.1637 3.03056 28.9566 8.62585 -14.5508 5.21404 55.7767
383647 15.3184 3.57895 28.6332 8.7033 -14.0793 4.91853 56.2338
383649 15.3184 3.57895 28.6332 8.7033 -14.0793 4.91853 56.2338
383656 15.3474 4.11771 28.1581 8.67426 -13.6389 4.62738 56.2975
383679 15.4827 4.65648 27.6932 8.72266 -13.1716 4.31705 56.555
383681 15.4827 4.65648 27.6932 8.72266 -13.1716 4.31705 56.555
383688 15.4343 5.33956 26.9655 8.66458 -12.5859 3.95084 56.404
383714 15.3667 6.08998 26.1367 8.61617 -11.9185 3.54822 56.2096
383721 15.2894 6.81154 25.2675 8.55809 -11.2591 3.14467 55.9265
383740 15.2894 6.81154 25.2675 8.55809 -11.2591 3.14467 55.9265
383741 15.0284 7.46576 24.4489 8.73235 -10.4531 2.87929 55.6754
383749 14.7578 8.05263 23.7414 9.19704 -9.52913 2.72507 55.7489
383770 14.7578 8.05263 23.7414 9.19704 -9.52913 2.72507 55.7489
383772 14.4679 8.62988 22.9429 9.98121 -8.38945 2.63104 56.0219
383779 14.4679 8.62988 22.1849 9.98121 -8.16161 2.46138 55.2639
383802 14.0426 9.13016 22.1849 10.7363 -7.29179 2.60681 56.094
383804 13.5401 9.49576 21.3056 11.2397 -6.34665 2.56638 55.5812
383814 13.5401 9.49576 21.3056 11.2397 -6.34665 2.56638 55.5812
383834 13.0279 9.81324 20.1433 11.5399 -5.4187 2.43251 54.5242
383838 12.5156 9.99604 19.2033 11.84 -4.61346 2.38959 53.555
383849 12.5156 9.99604 19.2033 11.84 -4.61346 2.38959 53.555
383851 12.1194 10.4867 18.2533 12.4208 -3.50276 2.2714 53.2802
383867 12.1194 10.4867 18.2533 12.4208 -3.50276 2.2714 53.2802
383870 11.8778 10.8715 17.1819 13.1372 -2.37944 2.13965 53.0685
383898 11.5975 11.4776 16.0387 14.2215 -0.907943 2.02072 53.3354
383899 11.5975 11.4776 16.0387 14.2215 -0.907943 2.02072 53.3354
383902 11.0949 12.0549 14.8345 15.6931 0.846949 2.06169 53.6774
383911 10.3411 12.7091 13.3976 17.521 3.00701 2.18693 53.9688
383927 10.3411 12.7091 13.3976 17.521 3.00701 2.18693 53.9688
383931 9.47129 13.575 12.0012 19.3445 5.26135 2.28878 54.392
383941 9.47129 13.575 12.0012 19.3445 5.26135 2.28878 54.392
383959 8.5145 14.3062 10.6149 20.9847 7.42438 2.41975 54.4202
383962 7.74133 14.97 9.5625 22.538 9.21525 2.56948 54.8119
383992 7.74133 14.97 9.5625 22.538 9.21525 2.56948 54.8119
383993 6.96816 15.6627 8.8744 24.0721 10.7473 2.78412 55.5774
383994 6.34963 16.1822 8.53036 25.4325 11.8306 3.03505 56.4947
384003 6.34963 16.1822 8.53036 25.4325 11.8306 3.03505 56.4947
384024 5.64412 16.6633 8.40893 26.349 12.6869 3.27272 57.0654
384025 4.71632 16.9038 8.40893 27.063 13.5052 3.63934 57.092
384032 4.71632 16.9038 8.40893 27.063 13.5052 3.63934 57.092
384055 3.98181 17.0765 8.30774 27.4682 14.1883 3.88435 56.8343
384057 3.98181 17.0765 8.30774 27.4682 14.1883 3.88435 56.8343
384064 3.42126 17.2774 8.03452 27.5358 14.8205 3.96442 56.269
384078 2.93803 17.3348 7.85238 27.4972 15.3003 4.06581 55.6224
384084 2.93803 17.3348 7.85238 27.4972 15.3003 4.06581 55.6224
384094 2.62877 17.4783 7.75119 27.4489 15.6161 4.09341 55.3072
384104 2.60944 17.5931 7.7006 27.3621 15.6722 4.03331 55.2653
384114 2.60944 17.5931 7.7006 27.3621 15.6722 4.03331 55.2653
384133 2.59011 17.6505 7.67024 27.1498 15.6827 3.97182 55.0607
384135 2.59011 17.6505 7.67024 27.1498 15.6827 3.97182 55.0607
384153 2.58044 17.6888 7.55893 26.8604 15.7299 3.88109 54.6886
384155 2.6191 17.8227 7.4375 26.6385 15.7768 3.75129 54.5178
384165 2.6191 17.8227 7.4375 26.6385 15.7768 3.75129 54.5178
384176 2.68675 17.9375 7.36667 26.4552 15.7676 3.63595 54.4461
384185 2.68675 17.9375 7.36667 26.4552 15.7676 3.63595 54.4461
384206 2.63843 18.0428 7.28571 26.2429 15.8465 3.55491 54.2098
384208 2.73508 18.1863 7.225 25.9631 15.7964 3.40054 54.1095
384215 2.73508 18.1863 7.225 25.9631 15.7964 3.40054 54.1095
384237 2.75441 18.3298 7.14405 25.7991 15.8394 3.29249 54.0273
384237 2.80273 18.368 7.13393 25.7701 15.8121 3.25474 54.0748
384245 2.80273 18.368 7.13393 25.7701 15.8121 3.25474 54.0748
384269 2.86072 18.502 7.09345 25.7509 15.8184 3.17716 54.207
384270 2.86072 18.502 7.09345 25.7509 15.8184 3.17716 54.207
384276 2.79306 18.4541 7.12381 25.693 15.8286 3.20997 54.064
384300 2.76407 18.4733 7.09345 25.8087 15.8962 3.23188 54.1395
384302 2.76407 18.4733 7.09345 25.8087 15.8962 3.23188 54.1395
384315 2.82206 18.4063 7.16429 25.9535 15.8123 3.28157 54.3461
384316 2.82206 18.3298 7.18452 26.0692 15.8037 3.33659 54.4056
384333 2.82206 18.3298 7.18452 26.0692 15.8037 3.33659 54.4056
384340 2.72541 18.215 7.26548 26.2236 15.8222 3.45825 54.4295
384349 2.72541 18.215 7.26548 26.2236 15.8222 3.45825 54.4295
384366 2.6481 18.0428 7.34643 26.378 15.8164 3.5928 54.4153
384368 2.63843 17.8897 7.31607 26.4262 15.8288 3.65231 54.2704
384377 2.63843 17.8897 7.31607 26.4262 15.8288 3.65231 54.2704
384395 2.56111 17.6888 7.29583 26.4262 15.8685 3.7442 53.972
384397 2.46447 17.5357 7.36667 26.4069 15.8588 3.84203 53.7738
384408 2.46447 17.5357 7.36667 26.4069 15.8588 3.84203 53.7738
384427 2.4548 17.2583 7.4375 26.3973 15.7631 3.95581 53.5479
384429 2.4548 17.2583 7.4375 26.3973 15.7631 3.95581 53.5479
384439 2.55145 17.0957 7.7006 26.3973 15.4623 4.03314 53.745
384459 2.97669 16.8749 8.22679 26.3104 14.7006 4.05017 54.3888
384461 2.97669 16.8749 8.22679 26.3104 14.7006 4.05017 54.3888
384469 3.5469 16.7787 8.78333 25.9728 13.8073 3.92974 55.0817
384491 4.12678 16.5286 9.21845 25.5675 12.9646 3.82313 55.4413
384493 4.12678 16.5286 9.21845 25.5675 12.9646 3.82313 55.4413
384500 4.62933 16.1437 9.74464 24.8053 12.0091 3.73539 55.3231
384524 5.08357 16.1437 10.2506 24.8053 11.3777 3.68545 56.2832
384526 5.08357 15.7301 10.2506 23.937 11.0602 3.64737 55.0012
384535 5.63445 15.249 10.8173 22.924 9.94113 3.53075 54.6247
384541 5.63445 15.249 10.8173 22.924 9.94113 3.53075 54.6247
384557 6.13701 14.7391 11.3131 21.8241 8.84647 3.40501 54.0133
384570 6.69756 14.2677 11.9708 20.8882 7.65802 3.31462 53.8243
384572 6.69756 14.2677 11.9708 20.8882 7.65802 3.31462 53.8243
384589 7.23877 13.7963 12.669 19.9234 6.43879 3.23269 53.6275
384600 7.722 13.3152 13.4685 19.248 5.2893 3.2591 53.7537
384621 7.722 13.3152 13.4685 19.248 5.2893 3.2591 53.7537
384622 8.20523 12.9015 14.3792 18.6016 4.12236 3.293 54.0875
384624 8.20523 12.9015 14.3792 18.6016 4.12236 3.293 54.0875
384633 8.57248 12.4205 15.0167 17.6657 3.02609 3.2667 53.6754
384654 8.89142 11.9972 15.4012 16.545 2.01078 3.1393 52.8348
384656 8.89142 11.9972 15.4012 16.545 2.01078 3.1393 52.8348
384664 9.16202 11.8721 15.7048 15.0735 1.00303 2.82098 51.8123
384685 9.64525 12.3147 15.9476 13.4567 0.0868827 2.17401 51.3643
384687 9.64525 12.3147 15.9476 13.4567 0.0868827 2.17401 51.3643
384694 10.3121 12.8246 16.2613 11.869 -0.91669 1.46107 51.267
384717 10.3121 12.8246 16.2613 11.869 -0.91669 1.46107 51.267
384719 11.0466 13.5269 16.919 10.6395 -1.82194 0.858897 52.1321
384729 11.8101 14.0175 17.9804 9.92312 -2.72181 0.579507 53.7312
384735 11.8101 14.0175 17.9804 9.92312 -2.72181 0.579507 53.7312
384751 12.6316 14.2869 19.3347 9.62301 -3.60457 0.547421 55.8763
384755 13.2985 14.2196 21.0125 9.8844 -4.36831 0.86763 58.4149
384765 13.2985 14.2196 21.0125 9.8844 -4.36831 0.86763 58.4149
384785 13.946 13.7097 22.7307 10.1942 -5.271 1.30468 60.5805
384786 13.946 13.7097 22.7307 10.1942 -5.271 1.30468 60.5805
384800 14.2843 12.6129 24.176 10.2813 -6.34266 1.84831 61.3545
384822 14.4002 11.2756 25.2069 10.1651 -7.43939 2.38245 61.0479
384823 14.4002 11.2756 25.2069 10.1651 -7.43939 2.38245 61.0479
384827 14.3906 9.67855 26.1367 10.078 -8.61372 3.02211 60.2839
384836 14.4002 7.95642 26.915 9.92312 -9.8977 3.66961 59.1948
384856 14.4002 7.95642 26.915 9.92312 -9.8977 3.66961 59.1948
384857 14.2649 6.3305 27.6629 9.71014 -11.1643 4.3414 57.9685
384869 14.2649 6.3305 27.6629 9.71014 -11.1643 4.3414 57.9685
384890 14.12 4.82965 28.0874 9.59396 -12.2653 4.96153 56.631
384896 14.1779 3.67516 28.3906 9.45843 -13.2109 5.3847 55.7021
384898 14.1779 3.67516 28.3906 9.45843 -13.2109 5.3847 55.7021
384908 14.1296 2.94397 28.5725 9.19704 -13.9312 5.6605 54.8432
384922 14.2166 2.61686 28.4816 9.168 -14.1848 5.73099 54.483
384927 14.2166 2.61686 28.4816 9.168 -14.1848 5.73099 54.483
384937 14.3326 2.51104 28.1581 9.0131 -14.3324 5.64501 54.0149
384968 14.4582 2.48217 27.7539 8.84852 -14.419 5.50831 53.5428
384969 14.5452 2.43407 27.3496 8.61617 -14.5644 5.37911 52.945
384987 14.5452 2.43407 27.3496 8.61617 -14.5644 5.37911 52.945
384989 14.8061 2.61686 27.1677 8.51936 -14.5159 5.15835 53.11
385000 15.0961 2.588 26.9453 8.3451 -14.6808 4.98532 52.9745
385021 15.0961 2.588 26.9453 8.3451 -14.6808 4.98532 52.9745
385022 15.299 2.63611 26.7937 8.16116 -14.7927 4.82692 52.89
385030 15.299 2.63611 26.7937 8.16116 -14.7927 4.82692 52.89
385055 15.5986 2.73231 26.5713 8.12244 -14.7644 4.62883 53.0247
385057 15.8499 2.79966 26.5511 8.09339 -14.7802 4.50189 53.2941
385065 15.8499 2.79966 26.5511 8.09339 -14.7802 4.50189 53.2941
385087 16.0915 2.82852 26.4197 8.00626 -14.8448 4.36001 53.3461
385090 16.2462 2.93435 26.4501 7.97722 -14.8228 4.2662 53.6078
385091 16.2462 2.93435 26.4501 7.97722 -14.8228 4.2662 53.6078
385101 16.4588 2.88625 26.4501 7.9869 -14.8915 4.2092 53.782
385123 16.4588 2.88625 26.5107 7.9869 -14.9028 4.22135 53.8426
385124 16.4684 2.91511 26.5107 8.07403 -14.8189 4.22503 53.9683
385136 16.5554 2.94397 26.632 7.99658 -14.8938 4.19261 54.128
385159 16.5554 2.94397 26.632 7.99658 -14.8938 4.19261 54.128
385159 16.6134 2.87663 26.6017 7.9869 -14.9558 4.18794 54.0786
385162 16.7197 3.0498 26.5309 8.01595 -14.8136 4.0809 54.3164
385173 16.7197 3.0498 26.5309 8.01595 -14.8136 4.0809 54.3164
385191 16.8357 3.55971 26.5612 8.13212 -14.3882 3.89316 55.0888
385193 16.8357 3.55971 26.5612 8.13212 -14.3882 3.89316 55.0888
385203 17.0481 4.05037 26.5006 8.23861 -13.9958 3.66439 55.8377
385227 17.1443 4.63724 26.4096 8.33542 -13.5252 3.44002 56.5266
385228 17.1443 4.63724 26.4096 8.33542 -13.5252 3.44002 56.5266
385234 17.2886 5.25297 26.1772 8.46128 -13.0078 3.17336 57.18
385244 17.2501 6.04188 25.7931 8.5 -12.3736 2.86561 57.5851
385261 17.2501 6.04188 25.7931 8.5 -12.3736 2.86561 57.5851
385264 17.1539 6.68647 25.2069 8.53872 -11.7805 2.58011 57.586
385274 17.1539 6.68647 24.5803 8.53872 -11.635 2.44347 56.9594
385294 16.9227 7.32145 24.5803 8.87756 -10.9632 2.39516 57.702
385296 16.6424 7.7159 23.9839 9.63269 -10.0379 2.39543 57.9749
385331 16.6424 7.7159 23.9839 9.63269 -10.0379 2.39543 57.9749
385333 16.1592 7.99491 23.1451 10.0877 -9.24499 2.37302 57.3869
385336 15.502 8.1777 22.0838 10.3394 -8.4972 2.33772 56.1029
385344 15.502 8.1777 22.0838 10.3394 -8.4972 2.33772 56.1029
385346 14.9994 8.44709 20.9013 10.2813 -7.8586 2.12417 54.6291
385363 14.9994 8.44709 20.9013 10.2813 -7.8586 2.12417 54.6291
385365 14.4292 8.69723 19.8603 10.2813 -7.18581 1.97543 53.2681
385375 13.9073 8.97623 18.9911 10.504 -6.40442 1.89338 52.3786
385397 13.9073 8.97623 18.9911 10.504 -6.40442 1.89338 52.3786
385399 13.5111 9.41879 18.4453 11.0945 -5.45222 1.88965 52.4697
385406 13.1728 9.99604 17.9703 12.0433 -4.27951 1.93053 53.1824
385431 13.1728 9.99604 17.9703 12.0433 -4.27951 1.93053 53.1824
385433 12.8732 10.6214 17.3639 13.0695 -3.0347 1.93 53.9279
385436 12.5156 10.6214 16.5851 13.0695 -2.56191 1.85188 52.7916
385465 12.5156 11.343 16.5851 14.1634 -1.64556 1.8926 54.6072
385466 12.0131 12.1607 15.5226 15.209 -0.0755727 1.79158 54.9054
385467 12.0131 12.1607 15.5226 15.209 -0.0755727 1.79158 54.9054
385501 10.863 13.9406 12.9524 17.1833 3.32573 1.45582 54.9393
385502 10.863 13.9406 12.9524 17.1833 3.32573 1.45582 54.9393
385509 10.1671 14.97 11.3232 18.235 5.35449 1.21245 54.6953
385538 9.4133 13.498 9.91667 19.1998 6.42341 1.78898 52.0278
385540 9.4133 15.961 9.91667 19.1998 7.26306 1.03014 54.4907
385544 8.69812 16.8942 8.68214 20.3575 9.09332 0.946534 54.632
385572 8.69812 16.8942 8.68214 20.3575 9.09332 0.946534 54.632
385574 7.97328 17.8036 7.88274 21.6407 10.6637 1.01625 55.3004
385576 7.26777 18.502 7.37679 22.7889 11.9094 1.17884 55.9354
385581 7.26777 18.502 7.37679 22.7889 11.9094 1.17884 55.9354
385612 6.43661 19.1716 7.21488 23.7151 12.9272 1.41189 56.5382
385615 5.48948 19.4682 7.02262 24.4098 13.9058 1.7223 56.3901
385618 5.48948 19.4682 7.02262 24.4098 13.9058 1.7223 56.3901
385620 4.69699 19.8126 7.00238 24.9886 14.6467 1.9862 56.5006
385649 4.69699 19.8126 7.00238 24.9886 14.6467 1.9862 56.5006
385649 3.92382 19.9083 6.8506 25.2588 15.3699 2.21945 55.9415
385651 3.43093 20.0518 6.64821 25.336 15.9143 2.29907 55.4669
385661 3.43093 20.0518 6.64821 25.336 15.9143 2.29907 55.4669
385682 2.99602 20.0709 6.61786 25.4228 16.2772 2.44261 55.1076
385690 2.85105 20.0231 6.5875 25.5289 16.418 2.52106 54.9906
385692 2.85105 20.0231 6.5875 25.5289 16.418 2.52106 54.9906
385719 2.81239 20.0422 6.50655 25.4614 16.5008 2.49351 54.8226
385721 2.81239 20.0422 6.50655 25.4614 16.5008 2.49351 54.8226
385723 2.79306 19.9944 6.45595 25.2684 16.5165 2.45918 54.5118
385733 2.75441 19.8222 6.38512 24.9211 16.5191 2.43018 53.8828
385755 2.75441 19.8222 6.38512 24.9211 16.5191 2.43018 53.8828
385757 2.70608 19.6787 6.24345 24.622 16.5967 2.38892 53.2502
385763 2.56111 19.4873 6.1625 24.4194 16.7124 2.43209 52.6304
385773 2.56111 19.4873 6.1625 24.4194 16.7124 2.43209 52.6304
385792 2.50313 19.3725 6.17262 24.2457 16.7048 2.45038 52.294
385794 2.50313 19.3725 6.17262 24.2457 16.7048 2.45038 52.294
385809 2.52246 19.3056 6.18274 24.4387 16.7014 2.51483 52.4495
385829 2.46447 19.2577 6.18274 24.6124 16.7673 2.5914 52.5173
385830 2.46447 19.2577 6.18274 24.6124 16.7673 2.5914 52.5173
385834 2.52246 19.2099 6.26369 24.7667 16.6739 2.64336 52.7628
385866 2.39682 19.1621 6.23333 24.7957 16.7945 2.70123 52.5879
385868 2.39682 19.1621 6.23333 24.7957 16.7945 2.70123 52.5879
385868 2.40648 19.1142 6.27381 24.815 16.7503 2.72804 52.6095
385875 2.40648 19.1142 6.27381 24.815 16.7503 2.72804 52.6095
385903 2.57078 19.1908 6.31429 25.0176 16.6326 2.70382 53.0934
385905 2.98636 19.296 6.70893 25.0079 16.0228 2.62073 53.9992
385907 2.98636 19.296 6.70893 25.0079 16.0228 2.62073 53.9992
385916 3.68221 19.4491 7.20476 24.9694 15.1574 2.45261 55.3054
385938 4.40705 19.5256 8.0244 24.7667 14.0421 2.34253 56.7238
385939 4.40705 19.5256 8.0244 24.7667 14.0421 2.34253 56.7238
385946 5.12223 19.363 9.10714 24.1782 12.6846 2.28494 57.7705
385975 5.12223 19.363 9.10714 24.1782 12.6846 2.28494 57.7705
385976 5.69244 18.9038 10.0179 23.0976 11.389 2.21427 57.7117
385978 6.21433 18.3967 10.4327 21.5153 10.2835 1.94584 56.5591
386012 6.60091 17.5836 10.5744 19.8173 9.26481 1.70602 54.5761
