230321 6.15634 10.5637 15.8869 24.6027 5.73468 6.23224 57.2096
230329 6.15634 10.5637 15.8869 24.6027 5.73468 6.23224 57.2096
230343 6.77487 10.2558 15.7857 22.9336 4.76629 5.83551 55.75
230354 7.21944 9.81324 15.806 21.2741 3.72462 5.55711 54.1128
230362 7.21944 9.81324 15.806 21.2741 3.72462 5.55711 54.1128
230369 7.66401 9.40917 16.1399 19.8558 2.57266 5.34848 53.0689
230381 8.11825 9.04358 16.7065 18.7463 1.40887 5.21462 52.6147
230390 8.11825 9.04358 16.7065 18.7463 1.40887 5.21462 52.6147
230401 8.55315 8.72609 17.6064 17.9648 0.251335 5.19162 52.8505
230426 8.91074 8.54329 18.6373 17.2894 -0.803354 5.19084 53.3808
230430 9.278 8.34126 19.7693 16.6708 -1.8661 5.22228 54.0594
230445 9.278 8.34126 19.7693 16.6708 -1.8661 5.22228 54.0594
230459 9.7129 8.20656 20.6385 16.1771 -2.72575 5.17844 54.7351
230464 9.93519 8.06225 21.3662 15.5672 -3.49165 5.17086 54.9309
230472 9.93519 8.06225 21.3662 15.5672 -3.49165 5.17086 54.9309
230491 10.2155 7.9468 21.9322 14.8024 -4.28007 5.0747 54.8969
230493 10.3218 7.9468 22.3769 13.9795 -4.93016 4.96691 54.625
230502 10.3218 7.84097 22.3769 13.9795 -4.98826 5.00567 54.5192
230519 10.4281 7.70628 22.8419 13.1953 -5.70794 4.95726 54.1716
230524 10.4281 7.70628 22.8419 13.1953 -5.70794 4.95726 54.1716
230532 10.5247 7.49462 23.2259 12.3144 -6.50755 4.90694 53.5596
230547 10.5924 7.39842 23.802 11.6948 -7.15176 4.90936 53.4876
230565 10.6794 7.28297 24.4893 11.1817 -7.78623 4.9527 53.6333
230574 10.776 7.10017 25.3888 10.8138 -8.43717 5.08326 54.0788
230586 10.776 7.10017 25.3888 10.8138 -8.43717 5.08326 54.0788
230596 10.8437 6.83079 26.4905 10.6008 -9.08532 5.31815 54.7657
230607 10.8437 6.83079 26.4905 10.6008 -9.08532 5.31815 54.7657
230615 10.9886 6.5133 27.9863 10.6105 -9.73782 5.64047 56.0987
230628 11.1433 6.08036 29.6136 10.746 -10.3895 6.02674 57.5832
230635 11.1433 6.08036 29.6136 10.746 -10.3895 6.02674 57.5832
230650 11.2013 5.5416 30.7556 10.8041 -10.982 6.38485 58.3026
230655 11.1433 5.02207 31.7461 10.9493 -11.4329 6.7609 58.8608
230682 10.9983 4.45444 32.4839 10.9687 -11.9086 7.13005 58.9054
230697 10.776 3.81947 32.9691 10.959 -12.3739 7.51816 58.5236
230709 10.4377 3.10753 33.1611 10.8138 -12.8988 7.93538 57.5202
230716 10.4377 3.10753 33.1611 10.8138 -12.8988 7.93538 57.5202
230730 10.0318 2.3571 33.4138 10.746 -13.4143 8.42747 56.5487
230741 9.67425 1.81834 33.6564 10.6202 -13.8482 8.81777 55.7691
230747 9.67425 1.81834 33.6564 10.6202 -13.8482 8.81777 55.7691
230758 9.28766 1.22184 33.7878 10.6008 -14.2322 9.2569 54.8981
230767 9.28766 1.22184 33.7878 10.6008 -14.2322 9.2569 54.8981
230777 8.90108 0.913979 34 10.5524 -14.4547 9.58404 54.3675
230787 8.69812 0.721562 34 10.6686 -14.4708 9.77538 54.0882
230797 8.69812 0.721562 34 10.6686 -14.4708 9.77538 54.0882
230816 8.42752 0.538766 34 10.6976 -14.5308 9.98753 53.6639
230822 8.3502 0.432937 34 10.717 -14.5795 10.0749 53.5001
230831 8.3502 0.432937 34 10.717 -14.5795 10.0749 53.5001
230840 8.16657 0.423316 34 10.746 -14.5293 10.1684 53.3359
230850 8.16657 0.423316 34 10.746 -14.5293 10.1684 53.3359
230859 8.06993 0.404075 34 10.7847 -14.4958 10.2267 53.2587
230878 7.96362 0.375212 34 10.8428 -14.4531 10.296 53.1817
230880 7.96362 0.375212 34 10.8428 -14.4531 10.296 53.1817
230889 7.94429 0.375212 34 10.9203 -14.3919 10.3121 53.2398
230907 7.97328 0.384833 34 10.988 -14.3405 10.2997 53.3462
230926 8.08926 0.442558 34 11.1236 -14.2218 10.2297 53.6554
230939 8.08926 0.442558 34 11.1236 -14.2218 10.2297 53.6554
230945 8.16657 0.423316 34 11.0752 -14.2868 10.1981 53.6651
230955 8.15691 0.432937 34 11.1236 -14.2424 10.2024 53.7134
230970 8.25355 0.423316 34 11.0945 -14.29 10.159 53.7714
230980 8.29221 0.442558 34 11.0655 -14.3048 10.1293 53.8003
230990 8.29221 0.442558 34 11.0655 -14.3048 10.1293 53.8003
231007 8.38886 0.452179 34 10.8912 -14.4445 10.0638 53.7323
231011 8.38886 0.452179 34 10.8912 -14.4445 10.0638 53.7323
231021 8.30188 0.423316 34 10.8525 -14.4771 10.1145 53.5777
231031 8.25355 0.500283 34 10.7557 -14.4823 10.0922 53.5095
231041 8.25355 0.500283 34 10.7557 -14.4823 10.0922 53.5095
231056 8.33087 0.432937 34 10.7267 -14.5686 10.0848 53.4905
231063 8.29221 0.529145 34 10.5814 -14.5974 10.0444 53.4028
231072 8.29221 0.529145 34 10.5814 -14.5974 10.0444 53.4028
231084 8.34053 0.47142 34 10.6686 -14.585 10.0569 53.4805
231098 8.34053 0.47142 34 10.6686 -14.585 10.0569 53.4805
231108 8.47584 0.894737 34 10.8235 -14.1887 9.81277 54.194
231114 8.69812 1.48161 34 10.988 -13.6984 9.4643 55.1678
231124 8.69812 1.48161 34 10.988 -13.6984 9.4643 55.1678
231134 8.90108 2.32824 33.5755 11.1042 -12.9872 8.97451 55.909
231151 9.04605 3.31919 32.959 11.172 -12.1751 8.43395 56.4962
231155 9.04605 3.31919 32.959 11.172 -12.1751 8.43395 56.4962
231165 9.15236 4.22354 32.0898 11.3462 -11.2971 7.93675 56.8119
231175 9.19102 4.8489 31.0285 11.6948 -10.4275 7.57975 56.7632
231194 9.19102 4.8489 31.0285 11.6948 -10.4275 7.57975 56.7632
231202 9.15236 5.57046 29.9471 12.2659 -9.3364 7.24242 56.9358
231221 9.00739 6.16695 28.714 12.779 -8.28317 6.96663 56.6674
231230 8.8141 6.55178 27.3799 13.0792 -7.41741 6.74246 55.8249
231239 8.8141 6.55178 27.3799 13.0792 -7.41741 6.74246 55.8249
231247 8.64014 6.88851 25.8942 13.2244 -6.59751 6.47514 54.6472
231258 8.38886 7.27334 24.4388 13.3212 -5.72473 6.20466 53.4221
231284 8.32121 7.51387 23.2461 13.5729 -4.97615 5.97787 52.6541
231287 8.32121 7.51387 23.2461 13.5729 -4.97615 5.97787 52.6541
231299 8.30188 8.00453 22.2152 14.0473 -4.02581 5.69427 52.5689
231307 8.42752 8.39898 21.3966 14.7153 -3.1687 5.46447 52.9383
231323 8.42752 8.39898 21.3966 14.7153 -3.1687 5.46447 52.9383
231330 8.62081 8.85116 20.4869 15.2768 -2.33856 5.15399 53.2356
231339 8.91074 9.42841 19.5369 15.7899 -1.50437 4.74815 53.6659
231349 8.91074 9.42841 19.5369 15.7899 -1.50437 4.74815 53.6659
231359 9.23934 9.95755 18.2533 16.2933 -0.577641 4.28414 53.7434
231369 9.23934 9.95755 18.2533 16.2933 -0.577641 4.28414 53.7434
231379 9.62592 10.5156 16.9393 16.7677 0.333348 3.77879 53.8484
231394 9.97385 11.0543 15.6946 17.3473 1.26371 3.33284 54.0702
231401 9.97385 11.0543 15.6946 17.3473 1.26371 3.33284 54.0702
231410 10.2058 11.5931 14.5006 17.9359 2.22298 2.94206 54.2354
231420 10.3121 12.0453 13.5393 18.7077 3.15982 2.71671 54.6044
231430 10.3121 12.0453 13.5393 18.7077 3.15982 2.71671 54.6044
231442 10.2831 12.5263 12.7702 19.5664 4.09792 2.59145 55.1461
231455 10.2831 12.5263 12.0923 19.5664 4.46011 2.43699 54.4681
231463 10.0222 12.9111 12.0923 20.3865 5.04547 2.58394 55.4121
231471 9.5776 13.2864 11.728 21.3417 5.95458 2.73691 55.9336
231485 9.5776 13.2864 11.728 21.3417 5.95458 2.73691 55.9336
231496 9.10404 13.6038 11.5458 22.1425 6.69213 2.92052 56.3962
231501 8.47584 13.7674 11.3536 23.0108 7.4852 3.21188 56.6076
231516 8.47584 13.7674 11.3536 23.0108 7.4852 3.21188 56.6076
231523 7.77999 13.8732 11.3333 23.7247 8.14858 3.54555 56.7113
231533 6.93917 13.9598 11.2726 24.5159 8.93668 3.9399 56.6875
231553 6.01137 13.8636 11.2321 25.0562 9.64877 4.38365 56.1633
231575 6.01137 13.8636 11.2321 25.0562 9.64877 4.38365 56.1633
231579 5.08357 13.8444 11.1208 25.7701 10.4848 4.82714 55.8189
231587 4.27175 13.7674 11.1815 26.4166 11.1125 5.27317 55.6373
231597 4.27175 13.7674 11.1815 26.4166 11.1125 5.27317 55.6373
231605 3.56623 13.6616 11.1815 26.9569 11.6816 5.66517 55.3662
231624 2.9187 13.6231 11.0905 27.42 12.2765 5.98577 55.0522
231627 2.9187 13.6231 11.0905 27.42 12.2765 5.98577 55.0522
231638 2.46447 13.7193 11.0804 27.6998 12.6784 6.16669 54.9639
231645 2.46447 13.7193 11.0804 27.6998 12.6784 6.16669 54.9639
231659 2.27118 13.652 11.05 27.8541 12.8517 6.2873 54.8273
231670 2.24218 13.6808 11.0399 27.8734 12.8894 6.2888 54.8363
231681 2.24218 13.6808 11.0399 27.8734 12.8894 6.2888 54.8363
231686 2.22285 13.777 11.0399 27.8734 12.9239 6.259 54.9132
231696 2.20352 13.7289 11.0601 27.8541 12.9084 6.28529 54.8467
231711 2.20352 13.7289 11.0601 27.8541 12.9084 6.28529 54.8467
231717 2.23252 13.8251 10.9893 27.7673 12.9394 6.2116 54.8142
231727 2.30017 13.8636 10.9792 27.6612 12.8847 6.15188 54.8041
231737 2.30017 13.8636 10.9792 27.6612 12.8847 6.15188 54.8041
231750 2.29051 13.8925 10.8679 27.584 12.9579 6.11392 54.6348
231770 2.29051 13.9117 10.8881 27.4393 12.9161 6.08619 54.5296
231778 2.3195 13.931 10.7768 27.3428 12.9563 6.03341 54.37
231792 2.3195 13.931 10.7768 27.3428 12.9563 6.03341 54.37
231802 2.29051 13.9021 10.6857 27.1691 12.9955 6.01201 54.0474
231813 2.26151 13.9021 10.6554 27.0823 13.018 6.00377 53.9013
231819 2.26151 13.9021 10.6554 27.0823 13.018 6.00377 53.9013
231829 2.27118 13.7674 10.5845 26.9472 13.0011 6.01821 53.5703
231839 2.27118 13.7674 10.5845 26.9472 13.0011 6.01821 53.5703
231858 2.16487 13.6231 10.6149 26.8218 12.9945 6.10114 53.2246
231860 2.17453 13.4211 10.6351 26.7928 12.9208 6.17623 53.0236
231870 2.17453 13.4211 10.6351 26.7928 12.9208 6.17623 53.0236
231880 2.13587 13.2864 10.7464 26.9665 12.8778 6.29264 53.1352
231890 1.98124 13.1036 10.7869 27.1305 12.9551 6.46179 53.0022
231905 1.98124 13.1036 10.7869 27.1305 12.9551 6.46179 53.0022
231911 2.00057 12.94 10.8679 27.2656 12.8769 6.55486 53.074
231930 2.00057 12.94 10.8679 27.2656 12.8769 6.55486 53.074
231933 2.25185 12.9304 11.2321 27.3042 12.4494 6.52124 53.7186
231944 3.07334 13.0074 11.556 27.1402 11.6465 6.19298 54.7768
231965 3.07334 13.0074 11.556 27.1402 11.6465 6.19298 54.7768
231970 4.16543 13.1517 11.8899 26.5999 10.6153 5.69088 55.8069
231980 5.28653 13.1613 12.6994 25.9438 9.24802 5.30611 57.091
231988 5.28653 13.1613 12.6994 25.9438 9.24802 5.30611 57.091
231994 6.27231 12.9689 14.0857 25.1334 7.58815 5.12602 58.4603
232002 6.27231 12.9689 14.0857 25.1334 7.58815 5.12602 58.4603
232012 7.22911 12.6706 15.5024 24.0431 5.88031 4.95728 59.4453
232022 7.89596 12.1222 16.2208 22.3065 4.40338 4.74223 58.5455
232037 7.89596 12.1222 16.2208 22.3065 4.40338 4.74223 58.5455
232044 8.38886 11.5931 16.1298 20.3479 3.28659 4.38252 56.4596
232054 8.82376 11.1121 16.0792 18.5244 2.16978 4.03408 54.5394
232064 8.82376 11.1121 16.0792 18.5244 2.16978 4.03408 54.5394
232074 9.23934 10.6887 16.1702 16.9903 1.06872 3.73879 53.0886
232089 9.59693 10.6887 16.5143 15.7802 0.170076 3.42586 52.5801
232098 9.59693 10.3039 16.5143 15.7802 -0.0129938 3.56171 52.1953
232105 10.0125 10.0249 17.0707 14.9089 -1.03306 3.44374 52.017
232115 10.0125 10.0249 17.0707 14.9089 -1.03306 3.44374 52.017
232130 10.4667 9.80362 17.8086 14.3958 -1.94184 3.41135 52.4747
232136 10.805 9.69779 18.6171 13.7762 -2.81124 3.37185 52.8961
232167 11.2013 9.76514 19.2842 13.0985 -3.57165 3.20989 53.3491
232171 11.5298 9.794 19.8805 12.4112 -4.29222 3.06846 53.6155
232176 11.5298 9.794 19.8805 12.4112 -4.29222 3.06846 53.6155
232194 11.9261 9.88059 20.4667 11.6851 -5.01642 2.87585 53.9585
232202 11.9261 9.88059 20.4667 11.6851 -5.01642 2.87585 53.9585
232214 12.216 9.96718 21.0125 11.0364 -5.63545 2.72875 54.2321
232221 12.506 9.80362 21.7907 10.3781 -6.4773 2.71463 54.4785
232236 12.506 9.80362 21.7907 10.3781 -6.4773 2.71463 54.4785
232240 12.7572 9.53424 22.7509 9.89408 -7.31747 2.82694 54.9365
232249 13.0279 9.13016 23.8121 9.67141 -8.10474 3.05316 55.6416
232262 13.0279 9.13016 23.8121 9.67141 -8.10474 3.05316 55.6416
232272 13.1825 8.69723 24.7319 9.55524 -8.75156 3.31354 56.1668
232285 13.1825 8.69723 24.7319 9.55524 -8.75156 3.31354 56.1668
232293 13.1148 8.03339 25.7122 9.63269 -9.36441 3.76949 56.4932
232301 13.0762 7.40804 26.7432 9.82631 -9.89638 4.22898 57.0537
232310 13.0762 7.40804 26.7432 9.82631 -9.89638 4.22898 57.0537
232331 12.9795 6.69609 27.4102 9.83599 -10.4783 4.63019 56.9218
232333 12.7476 6.08036 27.9156 9.84567 -10.9284 5.01862 56.5892
232340 12.7476 6.08036 27.9156 9.84567 -10.9284 5.01862 56.5892
232354 12.593 5.45501 28.3906 9.83599 -11.4139 5.37862 56.2746
232361 12.4383 5.45501 28.997 9.83599 -11.5221 5.53703 56.7263
232375 12.4383 4.73345 28.997 9.87471 -11.9671 5.80798 56.0435
232381 12.3707 4.2043 29.5428 9.92312 -12.3954 6.12703 56.0409
232391 12.3707 4.2043 29.5428 9.92312 -12.3954 6.12703 56.0409
232401 12.187 3.58857 29.8359 9.90376 -12.8481 6.47499 55.5153
232411 12.1677 3.07866 30.1391 9.9328 -13.2395 6.73165 55.3183
232426 12.1677 3.07866 30.1391 9.9328 -13.2395 6.73165 55.3183
232432 12.2064 2.71307 30.321 9.91344 -13.5534 6.88484 55.1539
232443 12.1967 2.38596 30.5939 9.94248 -13.8165 7.063 55.1191
232453 12.1967 2.38596 30.5939 9.94248 -13.8165 7.063 55.1191
232467 12.245 2.27051 30.7253 10.0006 -13.8932 7.11704 55.2414
232474 12.245 2.27051 30.7253 10.0006 -13.8932 7.11704 55.2414
232488 12.3417 2.22241 30.8264 9.99089 -13.9735 7.11066 55.3814
232494 12.4093 2.23203 30.7455 9.98121 -13.9709 7.0669 55.3681
232504 12.4093 2.23203 30.7455 9.98121 -13.9709 7.0669 55.3681
232514 12.4576 2.21279 30.7354 9.92312 -14.033 7.04553 55.329
232524 12.4866 2.25127 30.5939 9.96185 -13.9561 7.00384 55.2937
232534 12.4866 2.25127 30.5939 9.96185 -13.9561 7.00384 55.2937
232544 12.4866 2.25127 30.4221 9.89408 -13.9696 6.96904 55.0541
232570 12.4576 2.19355 30.412 9.86503 -14.0233 6.998 54.9282
232580 12.39 2.22241 30.3109 9.82631 -13.9965 6.99315 54.7497
232585 12.39 2.22241 30.3109 9.82631 -13.9965 6.99315 54.7497
232595 12.3127 2.19355 30.3109 9.79727 -14.0223 7.03165 54.6144
232605 12.2644 2.21279 30.2907 9.84567 -13.9602 7.0475 54.6135
232615 12.2644 2.21279 30.2907 9.84567 -13.9602 7.0475 54.6135
232628 12.1677 2.15507 30.3514 9.78759 -14.0357 7.11036 54.4617
232637 12.1677 2.15507 30.3514 9.78759 -14.0357 7.11036 54.4617
232650 12.0131 2.1262 30.4828 9.87471 -13.9893 7.21645 54.4967
232665 11.9454 2.02037 30.5434 9.99089 -13.9805 7.31242 54.5001
232674 11.9454 2.02037 30.5434 9.99089 -13.9805 7.31242 54.5001
232676 11.8005 2.02999 30.7152 10.0006 -13.9721 7.39336 54.5462
232696 11.5878 1.90492 30.7961 10.0877 -13.9726 7.55593 54.3765
232699 11.5878 1.90492 30.7961 10.0877 -13.9726 7.55593 54.3765
232706 11.5492 2.28014 30.8971 10.1942 -13.6433 7.44584 54.9206
232721 11.5492 2.28014 30.8971 10.1942 -13.6433 7.44584 54.9206
232728 11.5975 2.84776 30.7354 10.4169 -13.0709 7.20545 55.5975
232742 11.5685 3.54046 30.4221 10.5233 -12.4552 6.91377 56.0544
232765 11.5782 4.42558 29.9471 10.5427 -11.7522 6.50146 56.4935
232767 11.5009 5.32032 29.3407 10.5233 -11.0249 6.09758 56.6852
232777 11.5009 5.32032 29.3407 10.5233 -11.0249 6.09758 56.6852
232792 11.3269 5.98415 28.4411 10.6395 -10.2605 5.79064 56.3917
232804 11.3269 5.98415 28.4411 10.6395 -10.2605 5.79064 56.3917
232812 11.0563 6.63837 27.6225 10.7363 -9.50167 5.52976 56.0535
232819 10.7663 7.26372 26.8543 11.201 -8.53873 5.35575 56.0854
232836 10.7663 7.26372 26.8543 11.201 -8.53873 5.35575 56.0854
232845 10.5344 7.70628 26.0761 11.8013 -7.61919 5.24876 56.118
232857 10.2445 7.92756 25.308 12.3918 -6.81608 5.24265 55.8718
232860 10.2445 7.92756 25.308 12.3918 -6.81608 5.24265 55.8718
232870 9.83854 8.10074 24.2872 12.7016 -6.06401 5.20212 54.928
232882 9.83854 8.10074 24.2872 12.7016 -6.06401 5.20212 54.928
232891 9.5776 8.22581 23.1855 12.9243 -5.38506 5.09329 53.9132
232905 9.42297 8.50481 22.2152 13.1082 -4.70655 4.90007 53.2512
232915 9.42297 8.50481 22.2152 13.1082 -4.70655 4.90007 53.2512
232921 9.42297 8.8223 21.2146 13.3696 -3.99668 4.63916 52.8295
232931 9.50028 9.15903 20.2848 13.6019 -3.34188 4.34688 52.546
232941 9.50028 9.15903 20.2848 13.6019 -3.34188 4.34688 52.546
232952 9.73223 9.53424 19.4762 14.0279 -2.67493 4.04704 52.7706
232966 9.8772 9.93831 18.8092 14.5797 -1.95864 3.82676 53.2044
232975 9.8772 9.93831 18.8092 14.5797 -1.95864 3.82676 53.2044
232982 10.1381 10.3328 18.1522 14.996 -1.38083 3.54649 53.6191
232998 10.1381 10.3328 18.1522 14.996 -1.38083 3.54649 53.6191
233008 10.3894 10.7657 17.3841 15.5188 -0.688611 3.25976 54.058
233014 10.5537 11.2179 16.6256 15.9157 -0.0210449 2.97435 54.3129
233033 10.5537 11.2179 16.6256 15.9157 -0.0210449 2.97435 54.3129
233036 10.5924 11.5258 15.6643 16.2546 0.704908 2.72056 54.037
233046 10.5344 11.9202 14.703 16.7483 1.59126 2.50344 53.9059
233062 10.5344 11.9202 14.703 16.7483 1.59126 2.50344 53.9059
233071 10.3894 12.2184 13.9036 17.3473 2.4475 2.40714 53.8588
233081 10.3894 12.2184 13.9036 17.3473 2.4475 2.40714 53.8588
233093 10.2541 12.459 13.1548 17.9069 3.23433 2.32877 53.7748
233096 10.1961 12.8149 12.6589 18.6884 3.97744 2.30036 54.3584
233105 10.1961 12.8149 12.6589 18.6884 3.97744 2.30036 54.3584
233115 10.1575 13.1709 12.2036 19.5471 4.70096 2.29369 55.0791
233125 9.95452 13.5076 12.0214 20.4637 5.36012 2.41914 55.9473
233138 9.95452 13.5076 12.0214 20.4637 5.36012 2.41914 55.9473
233150 9.68391 13.777 11.8899 21.2934 5.95676 2.57458 56.6442
233161 9.68391 13.777 11.8899 21.2934 5.95676 2.57458 56.6442
233166 9.22001 13.9117 11.9304 21.9688 6.45709 2.832 57.0309
233176 8.86242 14.0464 11.9911 22.6827 6.89255 3.06472 57.5826
233191 8.86242 14.0464 11.9911 22.6827 6.89255 3.06472 57.5826
233197 8.39852 14.0849 12.0417 23.2327 7.30525 3.32188 57.7578
233207 7.81865 14.0175 11.9911 23.416 7.6969 3.55611 57.2433
233217 7.81865 14.0175 11.9911 23.416 7.6969 3.55611 57.2433
233230 7.05514 13.8636 11.9101 23.6572 8.21244 3.88996 56.4861
233241 7.05514 13.8636 11.9101 23.6572 8.21244 3.88996 56.4861
233253 6.195 13.5557 11.647 23.8502 8.85277 4.27521 55.2479
233259 5.39284 13.3729 11.6268 24.1782 9.40592 4.68361 54.5708
233269 5.39284 13.3729 11.6268 24.1782 9.40592 4.68361 54.5708
233279 4.5037 13.219 11.5964 24.5062 10.0441 5.12211 53.8254
233300 3.82717 13.0939 11.6167 24.9018 10.5502 5.5008 53.4396
233311 3.29562 12.9496 11.6571 25.3649 10.9644 5.85072 53.2673
233327 2.99602 12.9881 11.8696 25.9052 11.1738 6.08012 53.759
233330 2.99602 12.9881 11.8696 25.9052 11.1738 6.08012 53.759
233353 2.84139 12.9208 12.1024 26.4262 11.2373 6.29014 54.2908
233356 2.84139 12.9208 12.1024 26.4262 11.2373 6.29014 54.2908
233361 2.77374 12.7765 12.325 26.9569 11.2318 6.4921 54.8321
233377 2.6481 12.6899 12.5375 27.4296 11.2711 6.67999 55.3051
233382 2.6481 12.6899 12.5375 27.4296 11.2711 6.67999 55.3051
233401 2.65776 12.4493 12.6792 27.7673 11.1963 6.84187 55.5536
233403 2.54179 12.305 12.7804 27.9699 11.2204 6.98871 55.5971
233411 2.54179 12.305 12.7804 27.9699 11.2204 6.98871 55.5971
233430 2.50313 12.1126 12.8613 28.0664 11.169 7.10578 55.5435
233439 2.50313 12.1126 12.8613 28.0664 11.169 7.10578 55.5435
233442 2.44514 11.9298 12.8613 28.0471 11.1564 7.1993 55.2834
233452 2.35816 11.7566 12.9423 28.0568 11.1193 7.31691 55.1138
233483 2.32916 11.6604 12.9119 28.0375 11.1291 7.36083 54.939
233484 2.25185 11.468 12.8512 27.9699 11.1544 7.45345 54.541
233499 2.25185 11.468 12.8512 27.9699 11.1544 7.45345 54.541
233504 2.24218 11.3622 12.8714 27.8445 11.0884 7.48658 54.3203
233524 2.24218 11.3622 12.8714 27.8445 11.0884 7.48658 54.3203
233526 2.11654 11.1505 12.7601 27.6998 11.1553 7.59194 53.727
233535 2.09721 11.0158 12.6488 27.5647 11.1738 7.62297 53.3266
233561 2.03923 10.9677 12.669 27.4296 11.1519 7.65221 53.1056
233565 2.06822 10.9581 12.6893 27.2753 11.0754 7.62533 52.9909
233575 2.06822 10.9581 12.6893 27.2753 11.0754 7.62533 52.9909
233585 2.74474 11.0158 13.1446 27.1402 10.3 7.36165 54.0454
233600 3.80785 11.1602 13.7012 26.8604 9.2345 6.9135 55.5296
233607 3.80785 11.1602 13.7012 26.8604 9.2345 6.9135 55.5296
233623 4.87095 11.2949 14.9964 26.6964 7.83109 6.61794 57.8586
233626 4.87095 11.2949 14.9964 26.6964 7.83109 6.61794 57.8586
233641 5.65378 11.2275 16.575 26.2526 6.38568 6.5182 59.7088
233650 6.20466 10.8427 17.5559 25.3842 5.1954 6.47455 59.9874
233657 6.20466 10.8427 17.5559 25.3842 5.1954 6.47455 59.9874
233674 6.63957 10.5059 17.5155 23.8598 4.36201 6.21056 58.5208
233678 6.74588 9.94793 17.1819 22.1617 3.65018 6.06287 56.0375
233687 6.74588 9.94793 17.1819 22.1617 3.65018 6.06287 56.0375
233698 6.77487 9.3322 17.1213 20.5312 2.77498 6.01161 53.7596
233707 6.77487 9.3322 17.1213 20.5312 2.77498 6.01161 53.7596
233723 6.70722 8.68761 17.475 19.1998 1.77893 6.13025 52.0696
233729 6.86185 8.21619 18.1724 18.2446 0.692555 6.21584 51.4951
233739 6.86185 8.21619 18.1724 18.2446 0.692555 6.21584 51.4951
233749 7.01649 7.77363 19.3145 17.6368 -0.444803 6.42459 51.7414
233772 7.20011 7.44652 20.6082 17.2509 -1.48124 6.6314 52.5057
233772 7.20011 7.44652 20.6082 17.2509 -1.48124 6.6314 52.5057
233779 7.38374 7.2541 21.7705 16.8064 -2.39303 6.74786 53.2147
233797 7.38374 7.2541 21.7705 16.8064 -2.39303 6.74786 53.2147
233807 7.63502 7.04244 22.761 16.3998 -3.22902 6.82135 53.8382
233823 7.90563 7.04244 23.701 15.7415 -4.05525 6.75513 54.3905
233824 7.90563 7.04244 23.701 15.7415 -4.05525 6.75513 54.3905
233830 8.15691 6.91737 24.2771 15.0928 -4.78645 6.69372 54.4442
233840 8.43718 6.80192 24.8532 14.2893 -5.60811 6.59323 54.3815
233850 8.43718 6.80192 24.8532 14.2893 -5.60811 6.59323 54.3815
233873 8.63047 6.7442 25.3282 13.418 -6.37299 6.47759 54.1208
233875 8.63047 6.7442 25.3282 13.418 -6.37299 6.47759 54.1208
233880 8.82376 6.64799 25.6415 12.6145 -7.07401 6.36102 53.7277
233898 9.04605 6.69609 26.1974 11.8981 -7.73125 6.22798 53.8376
233901 9.04605 6.69609 26.1974 11.8981 -7.73125 6.22798 53.8376
233911 9.32632 6.76344 26.824 11.2591 -8.36571 6.08977 54.1729
233923 9.55827 6.69609 27.6124 10.8235 -8.98291 6.08376 54.6902
233948 9.79022 6.5614 28.6635 10.6395 -9.54673 6.18584 55.6546
233962 10.0415 6.2824 29.8056 10.5814 -10.1318 6.36468 56.7109
233975 10.3121 6.08036 30.7658 10.5814 -10.5716 6.48291 57.7397
233982 10.3121 6.08036 30.7658 10.5814 -10.5716 6.48291 57.7397
233992 10.5537 5.76288 31.6855 10.7847 -10.9257 6.67334 58.7868
234003 10.6987 5.29145 32.393 10.8622 -11.3672 6.90308 59.2453
234012 10.6987 5.29145 32.393 10.8622 -11.3672 6.90308 59.2453
234026 10.6407 4.74307 32.5749 10.7751 -11.7894 7.14228 58.7337
234032 10.6407 4.74307 32.5749 10.7751 -11.7894 7.14228 58.7337
234051 10.4184 4.06961 32.6254 10.6008 -12.2905 7.46909 57.7143
234054 10.1961 3.44426 32.5345 10.3781 -12.7793 7.7641 56.553
234064 10.1961 3.44426 32.5345 10.3781 -12.7793 7.7641 56.553
234075 10.0705 2.86701 32.393 10.1748 -13.2517 8.00743 55.5053
234084 10.0222 2.36672 32.2919 10.0587 -13.6504 8.21026 54.7395
234101 10.0222 2.36672 32.2919 10.0587 -13.6504 8.21026 54.7395
234105 9.92553 2.00113 32.3222 9.98121 -13.9523 8.40219 54.2301
234126 9.92553 2.00113 32.3222 9.98121 -13.9523 8.40219 54.2301
234128 9.88687 1.6644 32.5143 9.94248 -14.2545 8.58358 54.008
234135 10.0028 1.36616 32.6254 9.84567 -14.5878 8.66513 53.8401
234164 10.1671 1.30843 32.7164 9.89408 -14.6438 8.63483 54.0861
234175 10.3314 1.29881 32.8882 9.89408 -14.7148 8.58774 54.4126
234182 10.3314 1.29881 32.8882 9.89408 -14.7148 8.58774 54.4126
234191 10.5731 1.36616 32.9185 9.84567 -14.7522 8.4524 54.7034
234203 10.5731 1.36616 32.9185 9.84567 -14.7522 8.4524 54.7034
234206 10.8823 1.46237 32.7568 9.83599 -14.7171 8.25888 54.9375
234216 11.1916 1.45274 32.6861 9.71982 -14.8524 8.10939 55.0502
234234 11.1916 1.45274 32.6861 9.71982 -14.8524 8.10939 55.0502
234239 11.4139 1.58744 32.5446 9.64237 -14.8259 7.93257 55.1883
234252 11.5878 1.65478 32.3121 9.60364 -14.7945 7.7975 55.1584
234258 11.5878 1.65478 32.3121 9.60364 -14.7945 7.7975 55.1584
234267 11.7811 1.69327 32.0493 9.43907 -14.8728 7.64536 54.9628
234278 11.7811 1.69327 32.0493 9.43907 -14.8728 7.64536 54.9628
234292 11.9261 1.77985 31.7765 9.40034 -14.8145 7.50806 54.8827
234304 12.0324 1.77023 31.635 9.23576 -14.9348 7.42631 54.6734
234309 12.0324 1.77023 31.635 9.23576 -14.9348 7.42631 54.6734
234319 12.1677 1.82796 31.352 9.2164 -14.8795 7.305 54.564
234330 12.2257 1.8472 31.1397 9.10023 -14.9219 7.22676 54.3128
234344 12.2257 1.8472 31.1397 9.10023 -14.9219 7.22676 54.3128
234354 12.2547 1.82796 31.1397 9.13895 -14.9129 7.22831 54.3613
234360 12.216 1.77023 31.0285 9.0615 -14.9848 7.24082 54.0763
234370 12.216 1.77023 31.0285 9.0615 -14.9848 7.24082 54.0763
234385 12.1001 1.79909 31.0184 8.98405 -14.9974 7.26416 53.9016
234405 11.9648 1.63554 30.8971 9.03246 -15.0355 7.37793 53.5299
234411 11.8101 1.70289 31.0184 9.17768 -14.8708 7.45211 53.7091
234421 11.8101 1.70289 31.0184 9.17768 -14.8708 7.45211 53.7091
234432 11.7425 2.08772 31.0386 9.41002 -14.4086 7.35604 54.2789
234446 11.8391 2.7708 30.978 9.61333 -13.7827 7.06001 55.2012
234457 11.8391 2.7708 30.978 9.61333 -13.7827 7.06001 55.2012
234462 11.8584 3.50198 30.604 9.71982 -13.1279 6.72455 55.6843
234472 11.8584 3.50198 30.604 9.71982 -13.1279 6.72455 55.6843
234483 11.8294 4.3871 30.038 9.83599 -12.3213 6.32659 56.0906
234492 11.7908 5.07018 29.4822 10.1071 -11.557 6.03937 56.4502
234510 11.7908 5.07018 29.4822 10.1071 -11.557 6.03937 56.4502
234520 11.5782 5.49349 28.8656 10.6879 -10.7118 5.95545 56.6252
234533 11.3655 5.99377 28.2895 11.6367 -9.61178 5.90905 57.2855
234538 11.3655 5.99377 28.2895 11.6367 -9.61178 5.90905 57.2855
234546 11.0563 6.43633 27.6629 12.7984 -8.40515 5.9449 57.9539
234557 10.66 6.66723 26.5815 13.5632 -7.39972 5.95527 57.4719
234565 10.66 6.66723 26.5815 13.5632 -7.39972 5.95527 57.4719
234582 10.1768 6.7923 25.0755 13.6794 -6.63117 5.86438 55.724
234585 10.1768 6.7923 25.0755 13.6794 -6.63117 5.86438 55.724
234595 9.78056 6.92699 23.5999 13.8343 -5.82691 5.74232 54.1417
234606 9.50028 7.07131 22.2354 14.1731 -4.95058 5.61634 52.9801
234615 9.50028 7.07131 22.2354 14.1731 -4.95058 5.61634 52.9801
234633 9.22968 7.34069 21.0125 14.7637 -3.88651 5.50346 52.3465
234640 9.05571 7.63894 20.0826 15.4413 -2.90034 5.4088 52.2186
234659 9.01706 8.06225 19.173 16.3901 -1.77505 5.2668 52.6424
234666 9.01706 8.06225 19.173 16.3901 -1.77505 5.2668 52.6424
234676 8.9784 8.55291 18.2027 17.3087 -0.621891 5.08462 53.0428
234686 8.91074 9.1013 17.3234 18.3507 0.567123 4.93482 53.6862
234701 8.91074 9.1013 17.3234 18.3507 0.567123 4.93482 53.6862
234712 8.80443 9.65931 16.2006 19.412 1.87989 4.75685 54.0764
234721 8.54349 10.2654 15.0976 20.4444 3.25142 4.61807 54.3509
234736 8.54349 10.2654 15.0976 20.4444 3.25142 4.61807 54.3509
234739 8.12791 10.7753 14.0351 21.3802 4.59904 4.5598 54.3186
234747 8.12791 10.7753 14.0351 21.3802 4.59904 4.5598 54.3186
234766 7.75099 11.1698 13.1042 22.3547 5.82448 4.56185 54.3797
234775 7.36441 11.6797 12.3958 23.3195 6.95723 4.56668 54.7594
234786 7.36441 11.6797 12.3958 23.3195 6.95723 4.56668 54.7594
234794 7.03582 11.9875 12.0619 24.265 7.74832 4.68929 55.3503
234802 6.64923 12.3628 12.0012 25.2106 8.4141 4.85554 56.2237
234814 6.64923 12.3628 12.0012 25.2106 8.4141 4.85554 56.2237
234822 6.25298 12.6321 12.0417 25.9438 8.91555 5.03784 56.8706
234840 5.90506 12.8438 12.1024 26.5999 9.32803 5.20966 57.4511
234850 5.29619 12.9304 12.0012 27.0341 9.89624 5.45092 57.2618
234863 5.29619 12.9304 12.0012 27.0341 9.89624 5.45092 57.2618
234870 4.61001 12.9785 11.8494 27.3235 10.5012 5.70398 56.7614
234888 3.79818 13.0939 11.6976 27.5743 11.2049 5.97709 56.1641
234891 3.79818 13.0939 11.6976 27.5743 11.2049 5.97709 56.1641
234913 3.20864 13.1709 11.5256 27.7287 11.7579 6.16749 55.6339
234915 3.20864 13.1709 11.5256 27.7287 11.7579 6.16749 55.6339
234921 2.6481 13.3152 11.3333 27.7963 12.311 6.30742 55.0929
234939 2.30017 13.4307 11.3131 27.9506 12.6231 6.41869 54.9946
234946 2.30017 13.4307 11.3131 27.9506 12.6231 6.41869 54.9946
234952 2.19386 13.6135 11.1714 27.9217 12.8277 6.36219 54.9004
234964 2.24218 13.8444 11.1107 27.9024 12.883 6.24139 55.0996
234972 2.24218 13.8444 11.1107 27.9024 12.883 6.24139 55.0996
234992 2.30984 13.9887 10.9994 27.7384 12.9087 6.11576 55.0363
234994 2.28084 14.0464 10.9185 27.6322 12.974 6.07442 54.8779
235004 2.28084 14.0464 10.9185 27.6322 12.974 6.07442 54.8779
235019 2.30984 14.0945 10.797 27.4875 13.0169 6.00127 54.6889
235024 2.30984 14.0945 10.797 27.4875 13.0169 6.00127 54.6889
235036 2.29051 14.1907 10.7464 27.3428 13.0549 5.93948 54.5704
235048 2.29051 14.1041 10.7464 27.2753 13.0211 5.96155 54.4163
235055 2.29051 14.1041 10.7464 27.2753 13.0211 5.96155 54.4163
235074 2.23252 14.1041 10.7262 27.2849 13.078 5.98215 54.3477
235076 2.27118 13.9887 10.6756 27.2174 13.0461 5.99224 54.1528
235085 2.27118 13.9887 10.6756 27.2174 13.0461 5.99224 54.1528
235100 2.21319 13.8829 10.6655 27.2463 13.077 6.05905 54.0078
235106 2.21319 13.8829 10.6655 27.2463 13.077 6.05905 54.0078
235116 2.19386 13.7963 10.7565 27.3524 13.0308 6.13287 54.0991
235127 2.22285 13.7674 10.8679 27.4393 12.9454 6.16518 54.2974
235153 2.22285 13.7674 10.8679 27.4393 12.9454 6.16518 54.2974
235154 2.16487 13.7289 10.8071 27.4586 13.0243 6.19612 54.1595
235158 2.20352 13.6616 10.8577 27.5358 12.9639 6.22806 54.2586
235168 2.20352 13.6616 10.8577 27.5358 12.9639 6.22806 54.2586
235179 2.13587 13.6231 10.8881 27.5936 12.9943 6.28387 54.2407
235187 2.11654 13.6231 10.8982 27.5936 13.0007 6.29309 54.2315
235205 2.11654 13.5365 10.8982 27.6419 12.9922 6.33486 54.1931
235209 2.09721 13.5461 10.9387 27.7287 12.9988 6.35898 54.3107
235219 2.09721 13.5461 10.9387 27.7287 12.9988 6.35898 54.3107
235238 2.09721 13.5557 10.9893 27.7287 12.9655 6.36324 54.371
235240 2.07789 13.4788 11.0298 27.7094 12.9294 6.4045 54.2958
235266 2.08755 13.4307 10.8982 27.6226 12.9848 6.38499 54.039
235284 2.05856 13.4788 10.9286 27.6419 12.9988 6.38535 54.1078
235285 2.05856 13.4788 10.9286 27.6419 12.9988 6.38535 54.1078
235296 2.11654 13.5557 10.9893 27.7384 12.9542 6.35718 54.3999
235315 2.46447 13.652 11.2524 27.7287 12.5522 6.22478 55.0975
235321 3.28596 13.8059 11.5458 27.4682 11.7823 5.86094 56.1059
235331 3.28596 13.8059 11.5458 27.4682 11.7823 5.86094 56.1059
235343 4.14611 13.9021 11.5863 26.8411 11.0715 5.41274 56.4756
235351 5.15122 13.8925 11.7583 26.1368 10.1511 4.96623 56.9388
235369 5.15122 13.8925 11.7583 26.1368 10.1511 4.96623 56.9388
235371 5.91472 13.6904 12.0315 25.2202 9.21804 4.65553 56.8569
235395 5.91472 13.6904 12.0315 25.2202 9.21804 4.65553 56.8569
235400 6.42695 13.3826 12.3756 24.2457 8.34019 4.46878 56.4309
235409 6.98749 12.9881 13.0738 23.223 7.17485 4.35059 56.2725
235423 6.98749 12.9881 13.0738 23.223 7.17485 4.35059 56.2725
235424 7.52871 12.4782 13.6911 22.2968 6.05201 4.28101 55.9948
235432 7.84764 12.0453 14.278 21.2355 5.03334 4.22891 55.4064
235450 7.84764 12.0453 14.278 21.2355 5.03334 4.22891 55.4064
235453 8.22456 11.5546 14.6726 20.0585 3.99736 4.11443 54.5102
235479 8.43718 11.0062 15.1887 18.9972 2.97297 4.12343 53.6293
235484 8.7851 10.5829 15.6946 18.0902 1.97233 4.06851 53.1529
235503 8.7851 10.5829 15.6946 18.0902 1.97233 4.06851 53.1529
235505 9.05571 10.3905 16.1905 17.3087 1.15829 3.98137 52.9454
235514 9.49062 10.2462 16.6155 16.5837 0.341827 3.81472 52.936
235530 9.49062 10.2462 16.6155 16.5837 0.341827 3.81472 52.936
235535 9.86754 10.1307 17.0809 15.9157 -0.425488 3.67912 52.9948
235545 9.86754 10.1307 17.0809 15.9157 -0.425488 3.67912 52.9948
235557 10.3314 10.2558 17.4346 15.1606 -1.10452 3.38682 53.1824
235566 10.863 10.4097 17.5963 14.2893 -1.76843 2.9947 53.1583
235583 10.863 10.4097 17.5963 14.2893 -1.76843 2.9947 53.1583
235586 11.2979 10.5829 17.8389 13.418 -2.41631 2.64673 53.1377
235612 11.7908 10.9389 17.9298 12.4208 -2.99589 2.15363 53.0804
235613 11.7908 10.9389 17.9298 12.4208 -2.99589 2.15363 53.0804
235616 12.3127 11.2275 18.1724 11.414 -3.69098 1.70712 53.1266
235641 12.7862 11.2275 18.5161 13.0695 -3.14991 2.04277 55.5993
235644 12.7862 11.6701 18.5161 10.5911 -4.21982 1.30243 53.5635
235653 13.2501 11.9298 19.082 9.82631 -4.88832 1.03397 54.0883
235658 13.2501 11.9298 19.082 9.82631 -4.88832 1.03397 54.0883
235670 13.83 12.0838 20.0725 9.35194 -5.63212 0.95161 55.3382
235682 14.2553 12.0838 21.2146 9.11959 -6.29333 1.05743 56.6732
235700 14.6418 11.8625 22.4881 9.14863 -6.93092 1.32413 58.1411
235709 14.8931 11.3718 23.5291 9.25513 -7.5341 1.65607 59.0492
235730 14.8931 11.3718 23.5291 9.25513 -7.5341 1.65607 59.0492
235734 15.0574 10.8138 24.2467 9.20672 -8.12631 1.91713 59.3247
235740 15.0574 10.8138 24.2467 9.20672 -8.12631 1.91713 59.3247
235757 14.9511 9.98642 24.8532 9.19704 -8.73945 2.31726 58.9877
235760 14.8255 9.13978 25.1361 9.10023 -9.33033 2.64712 58.2016
235772 14.8255 9.13978 25.1361 9.10023 -9.33033 2.64712 58.2016
235786 14.5355 8.33164 25.1867 8.90661 -9.86824 2.95629 56.9605
235791 14.1779 7.32145 25.4495 8.8098 -10.5348 3.43262 55.7587
235801 14.1779 7.32145 25.4495 8.8098 -10.5348 3.43262 55.7587
235814 13.917 6.5133 25.9447 8.78075 -11.1356 3.88767 55.1558
235821 13.6174 6.5133 26.4602 8.86788 -11.1328 4.11045 55.4587
235842 13.6174 5.66667 26.4602 8.86788 -11.6929 4.40671 54.6121
235844 13.3854 4.8489 26.9352 8.90661 -12.2814 4.88407 54.0761
235852 13.3854 4.8489 26.9352 8.90661 -12.2814 4.88407 54.0761
235870 13.1438 4.08885 27.4608 8.98405 -12.8227 5.36877 53.6775
235872 12.9312 3.47312 28.0166 9.05182 -13.2885 5.79663 53.4728
235899 12.7862 2.93435 28.5018 9.168 -13.6662 6.16661 53.3904
235902 12.6026 2.93435 28.997 9.168 -13.7319 6.32045 53.702
235927 12.6026 2.66497 28.997 9.35194 -13.7937 6.45735 53.6165
235929 12.7283 2.55914 29.4316 9.41002 -13.9439 6.52725 54.129
235934 12.7283 2.55914 29.4316 9.41002 -13.9439 6.52725 54.129
235944 12.7283 2.43407 29.8056 9.56492 -13.9984 6.65879 54.5328
235959 12.7572 2.48217 30.2301 9.71982 -13.9453 6.7161 55.1893
235986 12.7766 2.40521 30.4423 9.82631 -13.9708 6.78629 55.4504
235989 12.6219 2.37634 30.5131 9.75854 -14.0222 6.85907 55.2699
235997 12.6219 2.37634 30.5131 9.75854 -14.0222 6.85907 55.2699
236015 12.4673 2.24165 30.5434 9.78759 -14.0723 6.98275 55.04
236017 12.4673 2.24165 30.5434 9.78759 -14.0723 6.98275 55.04
236025 12.419 2.22241 30.503 9.7295 -14.1097 6.99543 54.8739
236045 12.2644 2.14544 30.3615 9.71014 -14.1196 7.06529 54.4814
236075 12.2257 2.1262 30.2907 9.5262 -14.2444 7.05157 54.1688
236077 12.2064 2.1262 30.0987 9.48747 -14.2304 7.02546 53.9187
236092 12.1967 2.11658 30.0482 9.48747 -14.2254 7.02586 53.8489
236110 12.2644 2.08772 29.9976 9.43907 -14.2851 6.99531 53.7888
236117 12.4963 2.14544 29.9168 9.40034 -14.3013 6.85949 53.9589
236133 12.4963 2.14544 29.9168 9.40034 -14.3013 6.85949 53.9589
236142 12.5833 2.21279 29.8359 9.39066 -14.2606 6.7834 54.0226
236149 12.6896 2.29938 29.8157 9.29385 -14.2851 6.68796 54.0985
236164 12.6896 2.29938 29.8157 9.29385 -14.2851 6.68796 54.0985
236169 12.8056 2.44369 29.7449 9.45843 -14.0711 6.59861 54.4526
236192 13.0279 2.87663 29.6439 9.5746 -13.706 6.34418 55.123
236202 13.3565 3.57895 29.1385 9.71014 -13.0888 5.89234 55.7841
236222 13.3565 3.57895 29.1385 9.71014 -13.0888 5.89234 55.7841
236223 13.5691 4.56989 28.4007 9.67141 -12.3323 5.31919 56.2111
236230 13.8397 5.5897 27.6225 9.76822 -11.4855 4.74163 56.8201
236251 13.8397 5.5897 27.6225 9.76822 -11.4855 4.74163 56.8201
236255 13.9557 6.42671 26.5208 9.76822 -10.7115 4.21023 56.6714
236261 14.0136 6.42671 25.2979 9.58428 -10.5294 3.91571 55.3225
236279 14.0136 7.18676 25.2979 9.58428 -10.0479 3.65936 56.0825
236281 13.9653 8.02377 24.0244 9.48747 -9.22437 3.11421 55.5009
236294 13.9653 8.02377 24.0244 9.48747 -9.22437 3.11421 55.5009
236309 13.888 8.72609 22.7913 9.31321 -8.51631 2.60161 54.7186
236311 13.7624 9.38993 21.8514 9.22608 -7.83598 2.19211 54.2297
236321 13.7624 9.38993 21.8514 9.22608 -7.83598 2.19211 54.2297
236339 13.7044 9.81324 21.0024 9.18736 -7.31099 1.86346 53.7074
236347 13.5884 10.275 20.3656 9.24544 -6.74786 1.61225 53.4745
236368 13.5884 10.275 20.3656 9.24544 -6.74786 1.61225 53.4745
236369 13.3951 10.6599 19.83 9.51651 -6.10877 1.48633 53.4015
236384 13.1245 11.1024 19.5571 9.90376 -5.43671 1.46232 53.6878
236400 12.9602 11.4776 19.3246 10.717 -4.63028 1.54289 54.4794
236404 12.9602 11.4776 19.3246 10.717 -4.63028 1.54289 54.4794
236414 12.8829 11.7566 19.1629 11.7432 -3.84637 1.69227 55.5456
236428 12.7186 12.0357 18.9709 12.7306 -3.06575 1.84585 56.4557
236439 12.7186 12.0357 18.9709 12.7306 -3.06575 1.84585 56.4557
236456 12.6026 12.1415 18.4554 13.5245 -2.37644 1.91342 56.724
236458 12.6026 12.1415 18.4554 13.5245 -2.37644 1.91342 56.724
236465 12.3513 12.1992 17.6772 13.8052 -1.7954 1.85566 56.033
236486 12.1967 12.2473 16.747 13.9117 -1.26341 1.69177 55.1028
236488 12.1967 12.2473 16.747 13.9117 -1.26341 1.69177 55.1028
236496 12.1774 12.382 15.6036 13.844 -0.719805 1.35765 54.0069
236516 12.1774 12.5648 14.5512 13.9892 -0.0819147 1.06926 53.2825
236518 12.1774 12.5648 14.5512 13.9892 -0.0819147 1.06926 53.2825
236526 12.2354 13.0458 13.519 14.2022 0.704497 0.690538 53.0024
236545 12.2354 13.0458 13.519 14.2022 0.704497 0.690538 53.0024
236548 12.2644 13.5365 12.4161 14.7733 1.71231 0.393062 52.9903
236557 12.1677 14.1234 11.5054 15.4704 2.77879 0.192801 53.2668
236575 12.1677 14.1234 11.5054 15.4704 2.77879 0.192801 53.2668
236581 11.9358 14.7199 10.6857 16.3417 3.93052 0.10388 53.683
236587 11.6168 15.3645 9.99762 17.3184 5.0962 0.0924683 54.2973
236604 11.6168 15.3645 9.99762 17.3184 5.0962 0.0924683 54.2973
236608 11.1433 15.9417 9.52202 18.3797 6.20883 0.2228 54.9867
236634 10.6407 16.4324 9.38036 19.5471 7.12422 0.496706 56.0005
236635 10.6407 16.4324 9.38036 19.5471 7.12422 0.496706 56.0005
236639 10.0222 16.9615 9.31964 20.7628 8.05315 0.81451 57.0661
236649 10.0222 16.9615 9.31964 20.7628 8.05315 0.81451 57.0661
236667 9.38431 17.3348 9.50179 21.8241 8.73151 1.19047 58.045
236677 8.68846 17.641 9.39048 22.6345 9.50937 1.46404 58.3544
236695 8.68846 17.641 9.39048 22.6345 9.50937 1.46404 58.3544
236696 7.87663 17.8036 9.30952 23.088 10.2042 1.7349 58.0777
236704 6.94883 17.7462 9.07679 23.4257 10.991 2.04749 57.1975
236724 6.94883 17.7462 9.07679 23.4257 10.991 2.04749 57.1975
236725 5.88573 17.6218 8.81369 23.5511 11.8455 2.37789 55.8723
236753 4.89028 17.4688 8.53036 23.6572 12.698 2.70279 54.5466
236758 4.03013 17.3253 8.40893 23.9563 13.4225 3.07419 53.7206
236762 4.03013 17.3253 8.40893 23.9563 13.4225 3.07419 53.7206
236784 3.33428 17.2679 8.45952 24.2843 13.9459 3.41404 53.346
236786 3.14099 17.2392 8.62143 24.6027 14.0285 3.59411 53.6043
236792 3.14099 17.2392 8.62143 24.6027 14.0285 3.59411 53.6043
236815 3.16998 17.2009 8.70238 25.0079 14.0236 3.69984 54.0812
236817 3.16998 17.2009 8.70238 25.0079 14.0236 3.69984 54.0812
236822 3.16032 17.1722 8.93512 25.307 13.9185 3.8231 54.5747
236846 3.09267 17.1722 9.00595 25.5386 13.963 3.908 54.8094
236850 3.09267 17.1722 9.00595 25.5386 13.963 3.908 54.8094
236852 3.09267 17.0765 9.09702 25.7123 13.9141 3.99431 54.9785
236862 3.06367 16.923 9.14762 25.7316 13.8717 4.07151 54.8659
236877 3.06367 16.923 9.14762 25.7316 13.8717 4.07151 54.8659
236884 3.06367 16.9423 9.11726 25.6158 13.8736 4.03563 54.739
236910 3.05401 16.9519 9.04643 25.4228 13.8936 3.98255 54.4752
236914 3.06367 17.0096 8.95536 25.2106 13.9203 3.89737 54.2392
236940 3.18931 17.067 8.96548 25.0755 13.8072 3.80812 54.2972
236944 3.112 17.0861 8.95536 25.0369 13.8658 3.81825 54.1903
236967 3.112 17.0861 8.95536 25.0369 13.8658 3.81825 54.1903
236969 3.15065 17.0861 9.01607 25.1237 13.8125 3.83521 54.3765
236975 3.15065 17.0861 9.01607 25.1237 13.8125 3.83521 54.3765
236999 3.05401 17.0478 8.96548 25.0948 13.9042 3.86573 54.1621
237001 3.18931 16.9423 9.00595 25.2106 13.7804 3.88742 54.3481
237006 3.18931 16.9423 9.00595 25.2106 13.7804 3.88742 54.3481
237029 3.04434 16.8653 9.02619 25.2877 13.8697 3.98469 54.2236
237030 3.05401 16.5863 9.1881 25.4421 13.7212 4.1431 54.2705
237036 3.05401 16.5863 9.1881 25.4421 13.7212 4.1431 54.2705
237057 3.00569 16.4228 9.24881 25.5482 13.7004 4.25131 54.2255
237059 2.9477 16.1341 9.44107 25.5579 13.5461 4.41482 54.0808
237087 2.9477 16.1341 9.44107 25.5579 13.5461 4.41482 54.0808
237089 3.55657 15.9994 9.92679 25.7316 12.79 4.3745 55.2143
237119 4.57135 15.9225 10.3315 25.4325 11.7548 4.07149 56.2578
237120 5.8954 15.961 10.4125 24.7089 10.6892 3.49216 56.9777
237121 5.8954 15.961 10.4125 24.7089 10.6892 3.49216 56.9777
237129 7.1228 15.7878 10.372 23.6669 9.64005 2.9311 56.9495
237150 7.90563 15.2875 10.3012 22.5091 8.7449 2.57587 56.0034
237151 7.90563 15.2875 10.3012 22.5091 8.7449 2.57587 56.0034
237160 8.63047 14.7102 10.2202 21.168 7.77812 2.20565 54.7289
237180 8.63047 14.7102 10.2202 21.168 7.77812 2.20565 54.7289
237182 9.29733 14.1811 10.372 19.9909 6.73398 1.918 53.8414
237190 10.0705 13.777 10.8274 18.8428 5.47573 1.63198 53.5177
237212 10.0705 13.777 10.8274 18.8428 5.47573 1.63198 53.5177
237215 10.7084 13.5846 11.728 17.9938 4.23127 1.50758 54.0147
237221 11.3172 13.4499 12.6893 17.3473 3.09775 1.44228 54.8038
237243 11.3172 13.4499 12.6893 17.3473 3.09775 1.44228 54.8038
237244 11.7425 13.2094 13.3774 16.6902 2.17185 1.3947 55.0194
237251 11.7425 13.2094 13.3774 16.6902 2.17185 1.3947 55.0194
237274 11.9937 12.9785 13.9339 16.0416 1.40697 1.36582 54.9477
237275 12.1967 12.6802 14.3994 15.3639 0.662529 1.34141 54.6403
237290 12.1967 12.6802 14.3994 15.3639 0.662529 1.34141 54.6403
237306 12.4383 12.4397 14.5917 14.6959 0.0487596 1.22112 54.1656
237308 12.7862 12.2762 14.794 14.0666 -0.573726 1.05658 53.9231
237316 12.7862 12.2762 14.794 14.0666 -0.573726 1.05658 53.9231
237340 13.1342 12.2569 15.0167 13.3986 -1.15937 0.843079 53.8064
237340 13.4434 12.1126 15.2393 12.9049 -1.70632 0.722939 53.7002
237345 13.4434 12.1126 15.2393 12.9049 -1.70632 0.722939 53.7002
237354 13.6464 11.9587 15.6643 12.4402 -2.28627 0.698036 53.7096
237371 13.6464 11.9587 15.6643 12.4402 -2.28627 0.698036 53.7096
237374 13.8397 11.8721 16.0589 12.0046 -2.79959 0.655981 53.7753
237405 14.062 11.7855 16.4637 11.5883 -3.31723 0.613498 53.8994
237406 14.062 11.7855 16.4637 11.5883 -3.31723 0.613498 53.8994
237409 14.4292 11.9298 16.8482 11.0558 -3.82019 0.427081 54.2631
237415 14.7482 12.0357 17.3032 10.5524 -4.32989 0.294237 54.6394
237443 15.0767 12.103 17.8288 10.1361 -4.83565 0.213566 55.1446
237451 15.0767 12.103 17.8288 10.1361 -4.83565 0.213566 55.1446
237467 15.386 12.1703 18.5565 9.81663 -5.34402 0.219049 55.9295
237470 15.647 12.026 19.173 9.48747 -5.90522 0.262941 56.3335
237479 15.647 12.026 19.173 9.48747 -5.90522 0.262941 56.3335
237498 15.8209 11.6989 19.8199 9.4197 -6.39636 0.454473 56.7594
237500 16.0625 11.2756 20.4162 9.31321 -6.961 0.628529 57.0675
237532 16.1785 10.6503 20.8609 9.23576 -7.53327 0.861095 56.9254
237534 16.1785 10.6503 20.8609 9.23576 -7.53327 0.861095 56.9254
237537 16.1978 9.98642 21.2449 9.07118 -8.13498 1.09695 56.5004
237546 16.2172 9.26486 21.72 8.88724 -8.81856 1.37063 56.0892
237567 16.2172 9.26486 21.72 8.88724 -8.81856 1.37063 56.0892
237567 16.3041 8.41822 22.0535 8.73235 -9.55133 1.63853 55.5082
237577 16.2848 7.61007 22.7105 8.59681 -10.3204 2.01415 55.2022
237601 16.2848 7.61007 22.7105 8.59681 -10.3204 2.01415 55.2022
237602 16.2462 6.65761 23.3371 8.55809 -11.1168 2.4612 54.799
237634 16.3525 5.67629 24.176 8.63554 -11.9514 2.94932 54.8403
237635 16.4395 4.93548 24.8329 8.6549 -12.6142 3.31178 54.8628
237639 16.4395 4.93548 24.8329 8.6549 -12.6142 3.31178 54.8628
237649 16.4684 4.33899 25.5606 8.73235 -13.1386 3.67117 55.1004
237667 16.5941 3.94454 26.0761 8.83884 -13.4738 3.88875 55.4536
237670 16.5941 3.94454 26.0761 8.83884 -13.4738 3.88875 55.4536
237680 16.7487 3.76174 26.3692 8.94533 -13.6188 3.97781 55.825
237697 16.7487 3.76174 26.3692 8.94533 -13.6188 3.97781 55.825
237700 16.9227 3.88681 26.3692 8.94533 -13.568 3.87669 56.124
237710 17.0096 3.87719 26.2075 8.8098 -13.6529 3.79144 55.9041
237729 17.0096 3.87719 26.2075 8.8098 -13.6529 3.79144 55.9041
237735 17.1058 3.85795 25.874 8.66458 -13.7189 3.6687 55.5023
237741 17.1058 3.95416 25.6011 8.57745 -13.6568 3.56233 55.2385
237769 17.1443 3.91568 25.1968 8.30638 -13.8001 3.42076 54.5632
237773 17.1443 3.91568 25.1968 8.30638 -13.8001 3.42076 54.5632
237790 17.1828 3.9253 24.7723 8.19989 -13.7896 3.29069 54.0803
237796 17.3175 3.96378 24.4792 7.9869 -13.8825 3.1215 53.7474
237806 17.3175 3.96378 24.4792 7.9869 -13.8825 3.1215 53.7474
237823 17.3848 3.99264 24.0951 7.88041 -13.8731 2.97961 53.353
237825 17.481 4.06961 23.802 7.75456 -13.8676 2.82615 53.1072
237834 17.481 4.06961 23.802 7.75456 -13.8676 2.82615 53.1072
237854 17.5195 4.07923 23.5493 7.61902 -13.9152 2.72033 52.7671
237855 17.5484 4.10809 23.2663 7.51253 -13.9191 2.60961 52.4354
237867 17.5484 4.10809 23.2663 7.51253 -13.9191 2.60961 52.4354
237884 17.7312 4.23316 22.9732 7.38667 -13.8963 2.40679 52.3243
237889 17.7312 4.23316 22.9732 7.38667 -13.8963 2.40679 52.3243
237895 17.9909 4.27165 23.0743 7.46412 -13.8868 2.35105 52.801
237917 18.3565 4.67572 23.0743 7.55125 -13.6065 2.1227 53.6578
237931 18.9819 5.87832 23.0137 7.74487 -12.7531 1.59074 55.6188
237950 19.4629 6.71534 22.953 8.00626 -12.1174 1.25514 57.1376
237954 19.4629 6.71534 22.953 8.00626 -12.1174 1.25514 57.1376
237962 19.7323 7.29259 22.6195 8.17084 -11.6269 0.976934 57.8152
237982 19.8478 7.88908 21.9322 8.10308 -11.1593 0.596774 57.7721
237989 19.9344 8.77419 21.0226 7.89977 -10.5338 0.0556523 57.6309
237998 19.9344 8.77419 21.0226 7.89977 -10.5338 0.0556523 57.6309
238011 19.8189 9.46689 19.8805 7.61902 -9.95569 -0.471848 56.7853
238017 19.5207 9.89021 18.7384 7.30923 -9.49342 -0.909663 55.4585
238044 19.1647 10.4001 17.6671 7.01879 -8.9459 -1.349 54.2507
238049 18.8087 10.9485 16.7976 6.93166 -8.28535 -1.6905 53.4865
238073 18.8087 10.9485 16.7976 6.93166 -8.28535 -1.6905 53.4865
238074 18.3181 11.5642 16.1399 6.90262 -7.55368 -1.93854 52.9248
238105 17.7793 12.0645 15.6339 7.05752 -6.80076 -2.04216 52.5352
238107 17.2886 12.7091 15.2595 7.23178 -6.00471 -2.14514 52.489
238111 17.2886 12.7091 15.2595 7.23178 -6.00471 -2.14514 52.489
238120 16.7584 13.4307 15.1077 7.67711 -5.07719 -2.09656 52.9739
238135 16.4201 14.3158 14.9661 8.28702 -4.06721 -2.07899 53.989
238150 16.0529 15.2201 14.956 8.80011 -3.17494 -2.049 55.0291
238168 16.0529 15.2201 14.956 8.80011 -3.17494 -2.049 55.0291
238179 15.7823 16.0187 14.8952 9.53588 -2.27759 -1.96591 56.2321
238201 15.415 16.4805 14.8244 10.2813 -1.52524 -1.78674 57.0012
238203 15.415 16.4805 14.8244 10.2813 -1.52524 -1.78674 57.0012
238206 15.1251 16.7691 14.7536 11.0655 -0.885434 -1.57896 57.7132
238215 14.6998 16.7595 14.5208 11.6754 -0.340723 -1.36927 57.6555
238236 14.2359 16.519 13.9643 11.9077 0.0999928 -1.29343 56.6269
238243 14.2359 16.519 13.9643 11.9077 0.0999928 -1.29343 56.6269
238252 13.6947 16.2977 13.4786 11.9658 0.491652 -1.23059 55.4368
238271 13.2018 16.0379 12.9423 12.082 0.910291 -1.16527 54.264
238273 13.2018 16.0379 12.9423 12.082 0.910291 -1.16527 54.264
238282 12.7572 15.7782 12.5375 12.3144 1.31012 -1.03495 53.3873
238305 12.5543 15.5761 12.153 12.6532 1.66333 -0.941952 52.9366
238306 12.5543 15.5761 12.153 12.6532 1.66333 -0.941952 52.9366
238312 12.564 15.5184 11.7583 13.1469 2.04908 -0.899388 52.9876
238337 12.564 15.5184 11.7583 13.1469 2.04908 -0.899388 52.9876
238339 12.8442 15.5761 11.303 13.7665 2.42823 -0.93967 53.4898
238344 13.0569 15.6819 10.797 14.5313 2.94051 -0.946171 54.0671
238354 13.0569 15.6819 10.797 14.5313 2.94051 -0.946171 54.0671
238371 13.1535 15.9898 10.1798 15.3639 3.66653 -0.987343 54.687
238374 13.0375 16.3362 9.73452 16.3417 4.4661 -0.892014 55.4499
238384 13.0375 16.3362 9.73452 16.3417 4.4661 -0.892014 55.4499
238406 12.593 16.5286 9.54226 17.4149 5.26414 -0.578936 56.0787
238408 12.593 16.5286 9.54226 17.4149 5.26414 -0.578936 56.0787
238415 11.8198 16.644 9.54226 18.563 6.11861 -0.0950754 56.5691
238439 10.834 16.6344 9.64345 19.7304 6.98749 0.50283 56.8423
238441 10.834 16.6344 9.64345 19.7304 6.98749 0.50283 56.8423
238445 9.62592 16.4805 9.71429 20.7917 7.91875 1.16572 56.6124
238455 8.39852 16.1919 9.74464 21.7276 8.81883 1.8413 56.0626
238474 8.39852 16.1919 9.74464 21.7276 8.81883 1.8413 56.0626
238476 7.1228 15.9128 9.73452 22.6538 9.79239 2.53122 55.424
238490 7.1228 15.9128 9.73452 22.6538 9.79239 2.53122 55.424
238509 5.83741 15.5184 9.88631 23.6186 10.6694 3.32181 54.8607
238511 4.59068 15.1528 10.0077 24.5834 11.5662 4.09896 54.3346
238516 4.59068 15.1528 10.0077 24.5834 11.5662 4.09896 54.3346
238526 3.63388 14.7006 10.2101 25.4711 12.1852 4.81712 54.0157
238545 2.72541 14.2773 10.4732 26.4262 12.7569 5.5369 53.9022
238546 2.72541 14.2773 10.4732 26.4262 12.7569 5.5369 53.9022
238558 2.22285 13.9406 10.9083 27.2753 12.9191 6.07765 54.347
238578 2.22285 13.9406 10.9083 27.2753 12.9191 6.07765 54.347
238579 1.98124 13.7193 11.1512 27.9217 13.012 6.40064 54.7734
238587 1.97157 13.4884 11.3435 28.2787 12.9135 6.57985 55.0821
238615 1.92325 13.2864 11.4446 28.433 12.8666 6.71699 55.0873
238624 1.90392 13.1517 11.4143 28.3944 12.8626 6.76755 54.8643
238646 1.90392 13.1517 11.4143 28.3944 12.8626 6.76755 54.8643
238647 1.88459 13.1228 11.2827 28.1532 12.9073 6.73045 54.4434
238651 1.88459 13.1228 11.2827 28.1532 12.9073 6.73045 54.4434
238661 1.95225 13.1228 11.0905 27.8734 12.9321 6.63101 54.039
238681 1.88459 13.1902 10.9893 27.5358 12.9907 6.56261 53.5998
238682 1.88459 13.1902 10.9893 27.5358 12.9907 6.56261 53.5998
238690 1.93292 13.2864 10.8274 27.2174 13.0217 6.42802 53.264
238715 1.9909 13.3922 10.8679 27.1498 12.9601 6.35794 53.4008
238717 1.9909 13.3922 10.8679 27.1498 12.9601 6.35794 53.4008
238720 2.04889 13.5654 10.7667 27.063 13.0103 6.23516 53.4439
238730 2.04889 13.5654 10.7667 27.063 13.0103 6.23516 53.4439
238746 2.09721 13.6616 10.7565 27.0533 13.0025 6.17463 53.5687
238750 2.08755 13.8059 10.6857 26.899 13.0575 6.08415 53.4781
238760 2.08755 13.8059 10.6857 26.899 13.0575 6.08415 53.4781
238779 2.13587 13.8059 10.6958 26.899 13.0159 6.0668 53.5366
238781 2.08755 13.7963 10.7565 26.8893 13.0028 6.09813 53.5297
238791 2.08755 13.7963 10.7565 26.8893 13.0028 6.09813 53.5297
238812 2.1842 13.7963 10.9387 26.9183 12.8125 6.09516 53.8374
238816 2.70608 13.7866 11.3131 26.9665 12.2023 5.96657 54.7723
238822 2.70608 13.7866 11.3131 26.9665 12.2023 5.96657 54.7723
238847 3.70153 13.9021 11.5357 26.6771 11.3506 5.53847 55.8164
