287495 10.9016 13.4114 15.128 12.721 0.0492543 1.01679 52.162
287501 10.9016 13.4114 15.128 12.721 0.0492543 1.01679 52.162
287509 11.5395 13.2671 16.1399 11.4624 -1.40713 0.800149 52.4089
287519 12.2354 13.0747 17.091 10.1845 -2.8844 0.560634 52.5855
287529 12.2354 13.0747 17.091 10.1845 -2.8844 0.560634 52.5855
287539 12.9312 12.9689 18.4554 8.97437 -4.42687 0.430255 53.3299
287556 13.8204 12.7572 20.2241 8.37415 -5.8509 0.549349 55.1758
287565 13.8204 12.7572 20.2241 8.37415 -5.8509 0.549349 55.1758
287574 14.5452 12.382 21.9524 8.33542 -6.89513 0.881061 57.2151
287583 14.5452 12.382 21.9524 8.33542 -6.89513 0.881061 57.2151
287593 15.1831 11.8144 23.3775 8.45159 -7.77481 1.23202 58.8266
287601 15.5793 10.8715 24.4792 8.43223 -8.74071 1.6325 59.3623
287612 15.5793 10.8715 24.4792 8.43223 -8.74071 1.6325 59.3623
287629 15.7436 9.87097 25.217 8.24829 -9.66545 1.99325 59.0799
287638 15.8886 8.60102 25.7628 8.04499 -10.7232 2.39758 58.2974
287645 15.8886 8.60102 25.7628 8.04499 -10.7232 2.39758 58.2974
287655 15.9852 7.31183 26.1671 7.71583 -11.8593 2.77698 57.1799
287661 15.9852 7.31183 26.1671 7.71583 -11.8593 2.77698 57.1799
287675 16.0722 6.02264 26.5713 7.4738 -12.9797 3.19299 56.14
287681 16.1882 4.75269 27.0059 7.2221 -14.1472 3.61268 55.1689
287696 16.1882 4.75269 27.0059 7.2221 -14.1472 3.61268 55.1689
287703 16.2945 3.43463 27.3294 6.98007 -15.3636 4.0472 54.0386
287713 16.4878 2.31862 27.7842 6.95103 -16.3435 4.46255 53.5416
287723 16.4878 2.31862 27.7842 6.95103 -16.3435 4.46255 53.5416
287733 16.8357 1.79909 28.2188 7.0672 -16.7784 4.63213 53.9208
287743 17.2213 1.79909 28.4209 7.0672 -16.8671 4.5317 54.5085
287758 17.2213 1.78947 28.4209 7.20273 -16.7706 4.56111 54.6344
287764 17.5195 1.82796 28.431 7.14465 -16.8317 4.43206 54.9232
287790 17.7408 1.8953 28.1581 7.09624 -16.8096 4.26803 54.8905
287795 17.7023 1.95303 27.956 7.01879 -16.7886 4.20632 54.6301
287806 17.7023 1.95303 27.956 7.01879 -16.7886 4.20632 54.6301
287819 17.7697 1.92417 27.6124 6.85421 -16.8959 4.09139 54.1604
287827 17.7408 1.95303 27.3092 6.80581 -16.8611 4.02011 53.8088
287834 17.7408 1.95303 27.3092 6.80581 -16.8611 4.02011 53.8088
287849 17.7408 1.95303 26.9655 6.69932 -16.8923 3.92748 53.3587
287869 17.6735 1.97227 26.9352 6.67995 -16.8775 3.93424 53.2609
287875 17.5484 1.86644 27.0059 6.72836 -16.9144 4.04131 53.1491
287890 17.5484 1.86644 27.0059 6.72836 -16.9144 4.04131 53.1491
287896 17.4426 1.8953 27.198 6.82517 -16.8288 4.1281 53.361
287907 17.202 1.77985 27.5214 6.90262 -16.8712 4.3372 53.4059
287925 17.202 1.77985 27.5214 6.90262 -16.8712 4.3372 53.4059
287935 17.0385 1.71251 27.8448 7.09624 -16.797 4.52304 53.6921
287944 17.0385 1.71251 27.8448 7.09624 -16.797 4.52304 53.6921
287956 16.8164 1.6644 28.0874 7.16401 -16.7848 4.68173 53.7322
287962 16.6134 1.6644 28.3502 7.33827 -16.659 4.83931 53.9663
287970 16.6134 1.6644 28.3502 7.33827 -16.659 4.83931 53.9663
287979 16.4298 1.65478 28.5321 7.46412 -16.5692 4.96803 54.0808
287993 16.6424 2.62649 28.6837 7.80296 -15.6472 4.63212 55.7556
288000 16.6424 2.62649 28.6837 7.80296 -15.6472 4.63212 55.7556
288014 16.7487 3.67516 28.6938 8.1418 -14.6812 4.29931 57.2595
288021 16.6521 3.67516 28.5321 8.1418 -14.6345 4.30167 57.0011
288029 16.6521 4.46406 28.5321 8.44191 -13.8914 4.09481 58.0902
288044 16.4878 5.33956 28.0672 8.78075 -12.9674 3.83993 58.6753
288050 16.4878 5.33956 28.0672 8.78075 -12.9674 3.83993 58.6753
288062 16.2752 6.58065 27.0969 9.05182 -11.7532 3.3793 59.0045
288070 16.0722 7.88908 26.3086 10.049 -10.1306 3.08268 60.3188
288085 16.0722 7.88908 26.3086 10.049 -10.1306 3.08268 60.3188
288091 15.6663 8.65874 25.6516 11.7625 -8.46166 3.1801 61.7392
288104 14.8738 8.61064 24.1356 12.2272 -7.59078 3.22781 59.8472
288112 14.8738 8.61064 24.1356 12.2272 -7.59078 3.22781 59.8472
288126 13.9847 8.76457 22.104 11.7722 -6.86613 2.94753 56.6255
288131 13.9847 8.76457 22.104 11.7722 -6.86613 2.94753 56.6255
288142 13.1052 8.84154 20.2747 11.2785 -6.1962 2.6934 53.4999
288157 12.448 8.83192 19.0012 11.1139 -5.59556 2.57861 51.395
288163 12.448 8.83192 19.0012 11.1139 -5.59556 2.57861 51.395
288173 11.7715 8.99547 17.9804 11.4624 -4.62757 2.59189 50.2097
288183 11.5009 9.19751 17.3335 12.2466 -3.67468 2.64977 50.2785
288198 11.5009 9.19751 17.3335 12.2466 -3.67468 2.64977 50.2785
288203 11.2882 9.50538 16.8179 13.3696 -2.56523 2.76392 50.9811
288218 11.2882 9.50538 16.8179 13.3696 -2.56523 2.76392 50.9811
288224 11.3366 9.96718 16.15 14.6959 -1.35355 2.74465 52.1496
288233 11.4429 10.4578 15.3607 15.9835 -0.170091 2.66039 53.2449
288254 11.4429 10.4578 15.3607 15.9835 -0.170091 2.66039 53.2449
288260 11.3945 11.0351 14.278 16.971 1.0868 2.46447 53.6786
288270 11.0853 11.6123 12.831 18.1771 2.73397 2.3211 53.7056
288279 11.0853 11.6123 12.831 18.1771 2.73397 2.3211 53.7056
288288 10.4667 12.3628 11.4649 19.4024 4.57826 2.24532 53.6968
288297 10.4667 12.3628 11.4649 19.4024 4.57826 2.24532 53.6968
288305 9.70324 12.9208 10.2202 20.5119 6.32974 2.27944 53.3562
288317 8.77544 13.5846 9.26905 22.1232 8.21513 2.5205 53.7523
288344 7.97328 14.3543 8.70238 23.7923 9.79114 2.78184 54.8222
288345 7.21944 15.0181 8.47976 25.3746 11.0058 3.10654 56.0919
288356 7.21944 15.0181 8.47976 25.3746 11.0058 3.10654 56.0919
288370 6.52359 15.5665 8.5 26.6964 11.8873 3.43177 57.2865
288376 6.52359 15.5665 8.5 26.6964 11.8873 3.43177 57.2865
288387 5.77942 15.9898 8.5 27.7384 12.6918 3.74153 58.0076
288397 5.03525 16.2207 8.54048 28.4041 13.3371 4.04342 58.2005
288414 5.03525 16.2207 8.54048 28.4041 13.3371 4.04342 58.2005
288418 4.34906 16.2688 8.38869 28.9733 14.0154 4.33188 57.9799
288432 3.53724 16.2881 8.22679 29.2724 14.7391 4.6247 57.3245
288450 2.79306 16.1822 8.05476 29.2049 15.3549 4.87713 56.2349
288458 2.79306 16.1822 8.05476 29.2049 15.3549 4.87713 56.2349
288472 2.05856 16.0283 7.8119 29.0698 16.0217 5.1288 54.9686
288478 1.51734 15.9994 7.69048 28.7707 16.4708 5.26449 53.978
288488 1.51734 15.9994 7.69048 28.7707 16.4708 5.26449 53.978
288503 1.26606 16.0379 7.45774 28.462 16.8046 5.24646 53.2237
288509 1.23707 16.2111 7.37679 28.2787 16.8896 5.14295 53.1036
288519 1.23707 16.2111 7.37679 28.2787 16.8896 5.14295 53.1036
288529 1.20807 16.3458 7.37679 28.1822 16.9183 5.08496 53.1128
288539 1.20807 16.3458 7.37679 28.1822 16.9183 5.08496 53.1128
288549 1.33371 16.6055 7.39702 28.1532 16.8388 4.93863 53.4895
288561 1.46902 16.8268 7.39702 28.1532 16.7672 4.80659 53.8461
288574 1.46902 16.8268 7.39702 28.1532 16.7672 4.80659 53.8461
288585 1.59466 17.0861 7.30595 27.9699 16.7521 4.61346 53.9566
288589 1.62365 17.287 7.23512 27.912 16.8062 4.50532 54.0578
288607 1.62365 17.287 7.23512 27.912 16.8062 4.50532 54.0578
288611 1.63331 17.5262 7.28571 27.8059 16.7799 4.40511 54.2511
288619 1.63331 17.5262 7.28571 27.8059 16.7799 4.40511 54.2511
288629 1.527 17.6888 7.15417 27.7191 16.9751 4.34213 54.089
288650 1.65264 17.8132 7.12381 27.6805 16.9141 4.23948 54.2701
288656 1.65264 17.8132 7.12381 27.6805 16.9141 4.23948 54.2701
288665 1.6913 17.9471 7.07321 27.6515 16.9389 4.16266 54.3631
288675 1.70097 18.0619 7.10357 27.7094 16.9337 4.13648 54.5759
288683 1.70097 18.0619 7.10357 27.7094 16.9337 4.13648 54.5759
288692 1.72996 18.1193 7.14405 27.748 16.8946 4.12197 54.7413
288707 1.72996 18.1193 7.14405 27.748 16.8946 4.12197 54.7413
288712 1.73962 18.1289 7.18452 27.8156 16.8677 4.13668 54.8686
288722 1.73962 18.1671 7.13393 27.7673 16.9049 4.10373 54.808
288732 1.73962 18.1671 7.13393 27.7673 16.9049 4.10373 54.808
288741 1.7203 18.1576 7.11369 27.6901 16.9224 4.09441 54.6817
288752 1.6913 18.1289 7.09345 27.6419 16.9488 4.10091 54.5555
288767 1.6913 18.1289 7.09345 27.6419 16.9488 4.10091 54.5555
288773 1.7203 18.1671 7.07321 27.5165 16.9292 4.04819 54.4771
288784 1.7203 18.1671 7.07321 27.5165 16.9292 4.04819 54.4771
288796 1.8556 18.2245 7.12381 27.2077 16.7486 3.92877 54.4117
288806 2.38715 18.3298 7.34643 26.7639 16.1234 3.66426 54.8273
288813 2.38715 18.3298 7.34643 26.7639 16.1234 3.66426 54.8273
288827 3.25696 18.5689 7.61964 26.021 15.1953 3.1951 55.4665
288835 4.4747 18.8942 8.32798 25.2009 13.7494 2.67848 56.8978
288844 4.4747 18.8942 8.32798 25.2009 13.7494 2.67848 56.8978
288854 5.52814 19.009 9.25893 24.2168 12.2554 2.31119 58.0129
288864 5.52814 19.009 9.25893 24.2168 12.2554 2.31119 58.0129
288883 6.6299 19.0186 9.89643 22.7792 10.8323 1.80727 58.3241
288885 7.50938 18.7794 9.94702 20.7531 9.68439 1.16111 56.9889
288894 7.50938 18.7794 9.94702 20.7531 9.68439 1.16111 56.9889
288906 8.1859 18.5402 9.87619 18.5919 8.63771 0.473417 55.1943
288915 8.76578 18.2341 9.81548 16.4675 7.56359 -0.201809 53.2829
288925 8.76578 18.2341 9.81548 16.4675 7.56359 -0.201809 53.2829
288936 9.14269 17.8993 10.2101 14.5216 6.3102 -0.669318 51.7737
288947 9.14269 17.8993 10.2101 14.5216 6.3102 -0.669318 51.7737
288959 9.61626 17.6601 10.8881 12.963 4.9478 -1.00493 51.1274
288970 10.0512 17.5836 11.9101 11.6754 3.56191 -1.18583 51.2203
288977 10.0512 17.5836 11.9101 11.6754 3.56191 -1.18583 51.2203
288987 10.5731 17.4592 13.1143 10.6782 2.14671 -1.22713 51.8248
288997 11.0949 17.22 14.5006 10.1458 0.835651 -1.03904 52.9614
289006 11.0949 17.22 14.5006 10.1458 0.835651 -1.03904 52.9614
289017 11.5105 16.8268 15.806 9.78759 -0.325444 -0.763146 53.9309
289049 11.8971 16.0668 17.3032 9.69077 -1.56609 -0.264719 54.9579
289053 12.1484 15.1913 18.7687 9.83599 -2.632 0.339192 55.9444
289061 12.1484 15.1913 18.7687 9.83599 -2.632 0.339192 55.9444
289073 12.3513 14.1907 20.2545 10.0199 -3.69398 0.985367 56.8164
289079 12.5833 12.9593 21.7705 10.2329 -4.84901 1.6841 57.546
289088 12.5833 12.9593 21.7705 10.2329 -4.84901 1.6841 57.546
289103 12.6606 11.622 22.9732 10.3007 -5.95554 2.34327 57.5565
289109 12.5543 11.622 24.0648 10.3007 -6.27606 2.61076 58.5417
289118 12.5543 10.1788 24.0648 10.3491 -7.03937 3.06598 57.147
289133 12.4866 8.75495 25.1564 10.4072 -8.13345 3.78186 56.8051
289141 12.4866 8.75495 25.1564 10.4072 -8.13345 3.78186 56.8051
289149 12.3513 7.42728 26.1367 10.4749 -9.1265 4.47765 56.3903
289163 12.2064 6.26316 26.9352 10.4943 -10.011 5.08774 55.899
289169 12.2064 6.26316 26.9352 10.4943 -10.011 5.08774 55.899
289185 12.187 5.23373 27.8954 10.6492 -10.81 5.66166 55.9653
289190 12.187 5.23373 27.8954 10.6492 -10.81 5.66166 55.9653
289199 12.1291 4.30051 28.7747 10.8525 -11.4842 6.20736 56.0567
289214 12.1194 3.50198 29.4316 11.0364 -12.04 6.64476 56.0894
289220 12.1194 3.50198 29.4316 11.0364 -12.04 6.64476 56.0894
289230 11.9937 2.79966 29.9673 11.1236 -12.5428 7.05855 55.8843
289240 11.9068 2.20317 30.22 11.1913 -12.9375 7.37593 55.5213
289253 11.9068 2.20317 30.22 11.1913 -12.9375 7.37593 55.5213
289261 11.8488 1.76061 30.4423 11.172 -13.2907 7.60677 55.2237
289273 11.6941 1.44312 30.4929 11.1526 -13.5039 7.8058 54.7828
289281 11.6941 1.44312 30.4929 11.1526 -13.5039 7.8058 54.7828
289294 11.6072 1.32767 30.4423 11.1623 -13.5496 7.88506 54.5395
289306 11.6072 1.32767 30.4423 11.1623 -13.5496 7.88506 54.5395
289317 11.5298 1.34692 30.3716 11.1526 -13.5117 7.89897 54.401
289323 11.4622 1.31805 30.3716 11.1042 -13.5522 7.93337 54.256
289333 11.4622 1.31805 30.3716 11.1042 -13.5522 7.93337 54.256
289343 11.4429 1.33729 30.4727 11.1333 -13.5352 7.95031 54.3861
289353 11.2786 1.28919 30.5838 11.3559 -13.4006 8.08292 54.5075
289363 11.2786 1.28919 30.5838 11.3559 -13.4006 8.08292 54.5075
289378 11.2689 1.24109 30.8163 11.4431 -13.4204 8.14763 54.7693
289386 11.2689 1.24109 30.8163 11.4431 -13.4204 8.14763 54.7693
289395 11.0563 1.21222 30.9578 11.4915 -13.3916 8.27357 54.7178
289408 10.863 1.24109 31.0285 11.5399 -13.3113 8.35822 54.6725
289423 10.863 1.24109 31.0285 11.5399 -13.3113 8.35822 54.6725
289425 10.7374 1.18336 31.0589 11.6464 -13.2568 8.45327 54.6259
289435 10.5634 1.04867 31.0488 11.6948 -13.2777 8.59106 54.3556
289444 10.5634 1.04867 31.0488 11.6948 -13.2777 8.59106 54.3556
289459 10.4088 1.07753 31.17 11.6657 -13.2706 8.65656 54.322
289466 10.4088 1.07753 31.17 11.6657 -13.2706 8.65656 54.322
289475 10.4088 1.06791 31.1599 11.6657 -13.2752 8.65957 54.3023
289486 10.4184 1.02943 31.2307 11.7044 -13.2924 8.68487 54.383
289501 10.4184 1.02943 31.2307 11.7044 -13.2924 8.68487 54.383
289507 10.3894 1.08715 31.2105 11.7238 -13.2276 8.67227 54.4108
289519 10.5247 1.62592 31.1498 11.9658 -12.7034 8.40431 55.2663
289535 10.5247 1.62592 31.1498 11.9658 -12.7034 8.40431 55.2663
289542 10.805 2.59762 30.978 12.1885 -11.9309 7.89226 56.5691
289546 10.805 2.59762 30.978 12.1885 -11.9309 7.89226 56.5691
289557 10.921 3.73288 30.6142 12.2756 -11.0901 7.36031 57.5436
289567 11.1336 5.01245 29.937 12.3434 -10.1473 6.70955 58.4264
289589 11.1336 5.01245 29.937 12.3434 -10.1473 6.70955 58.4264
289591 11.1529 6.18619 29.0071 12.6145 -9.05663 6.17762 58.9607
289598 10.9403 7.04244 28.0065 12.9049 -8.0651 5.8398 58.8942
289610 10.9403 7.04244 28.0065 12.9049 -8.0651 5.8398 58.8942
289618 10.805 7.99491 26.5815 13.1566 -6.93351 5.36527 58.538
289633 10.805 7.99491 26.5815 13.1566 -6.93351 5.36527 58.538
289639 10.3894 8.51443 24.9845 12.9243 -6.13212 5.01779 56.8127
289648 9.81922 8.91851 23.2663 12.537 -5.33086 4.69343 54.5411
289663 9.81922 8.91851 23.2663 12.537 -5.33086 4.69343 54.5411
289670 9.4133 9.04358 21.8413 12.2853 -4.71901 4.46995 52.5835
289681 8.87209 9.13978 20.7194 12.3918 -3.94141 4.43028 51.1231
289690 8.87209 9.13978 20.7194 12.3918 -3.94141 4.43028 51.1231
289704 8.55315 9.17827 19.9209 12.6919 -3.27937 4.4339 50.3443
289710 8.40819 9.3322 19.3751 13.2437 -2.58512 4.4317 50.3593
289726 8.40819 9.3322 19.3751 13.2437 -2.58512 4.4317 50.3593
289730 8.56282 9.76514 18.8294 13.8827 -1.83403 4.2273 51.04
289740 8.56282 9.76514 18.8294 13.8827 -1.83403 4.2273 51.04
289750 8.75611 10.1885 18.0815 14.541 -1.02202 3.97867 51.567
289771 9.19102 10.8715 17.1314 15.3252 -0.0598356 3.53986 52.5191
289778 9.19102 10.8715 17.1314 15.3252 -0.0598356 3.53986 52.5191
289788 9.59693 11.747 15.8363 15.906 1.04539 2.93816 53.0863
289798 10.0802 12.7476 14.2577 16.2352 2.17781 2.15634 53.3207
289807 10.0802 12.7476 14.2577 16.2352 2.17781 2.15634 53.3207
289818 10.6214 13.7866 12.5679 16.4482 3.29701 1.2938 53.4241
289821 10.6214 13.7866 12.5679 16.4482 3.29701 1.2938 53.4241
289831 11.0853 14.9508 10.8375 16.7386 4.55428 0.430892 53.6122
289846 11.4139 16.0572 9.54226 17.2123 5.67688 -0.198204 54.2256
289853 11.4139 16.0572 9.54226 17.2123 5.67688 -0.198204 54.2256
289864 11.4815 17.1148 8.79345 18.0323 6.70859 -0.479191 55.4221
289873 11.1529 17.9758 8.57083 19.2577 7.68546 -0.342423 56.9572
289887 11.1529 17.9758 8.57083 19.2577 7.68546 -0.342423 56.9572
289898 10.5924 18.5211 8.48988 20.3768 8.54416 -0.0638384 57.9802
289904 10.5924 18.5211 8.48988 20.3768 8.54416 -0.0638384 57.9802
289914 9.7419 19.0186 8.31786 21.1005 9.47909 0.169609 58.1788
289928 8.83343 19.4586 8.04464 21.5057 10.4103 0.326298 57.8424
289943 7.94429 19.7169 7.67024 21.9784 11.3771 0.520184 57.3099
289960 7.94429 19.7169 7.67024 21.9784 11.3771 0.520184 57.3099
289964 6.85219 19.9083 7.46786 22.3354 12.3417 0.806916 56.5637
289974 5.88573 19.9274 7.29583 22.6827 13.1868 1.11991 55.7917
289986 5.88573 19.9274 7.29583 22.6827 13.1868 1.11991 55.7917
289994 4.85162 19.9944 7.15417 23.0687 14.0993 1.46458 55.0688
290009 4.20409 19.8987 7.05298 23.3871 14.6805 1.74282 54.5428
290019 4.20409 19.8987 7.05298 23.3871 14.6805 1.74282 54.5428
290025 3.73053 19.7265 7.07321 23.5607 15.0134 1.99023 54.091
290036 3.32462 19.6213 7.0631 23.7633 15.341 2.19831 53.7723
290045 3.32462 19.6213 7.0631 23.7633 15.341 2.19831 53.7723
290055 3.04434 19.4586 7.08333 23.8791 15.5288 2.37335 53.4654
290065 3.04434 19.4586 7.08333 23.8791 15.5288 2.37335 53.4654
290079 2.7834 19.3247 7.10357 24.0238 15.7139 2.54134 53.2355
290085 2.70608 19.1812 7.18452 24.1396 15.7063 2.6602 53.2114
290111 2.67709 19.2577 7.18452 24.1879 15.7502 2.65561 53.3072
290128 2.67709 19.1621 7.23512 24.3326 15.7201 2.73238 53.4069
290130 2.67709 19.1621 7.23512 24.3326 15.7201 2.73238 53.4069
290138 2.65776 19.2099 7.23512 24.4098 15.7565 2.74063 53.5125
290156 2.65776 19.2099 7.23512 24.4098 15.7565 2.74063 53.5125
290159 2.68675 19.2769 7.24524 24.3712 15.7316 2.70235 53.58
290168 2.71575 19.2864 7.19464 24.4773 15.768 2.70235 53.6741
290185 2.71575 19.2864 7.19464 24.4773 15.768 2.70235 53.6741
290198 2.72541 19.3438 7.24524 24.3712 15.7139 2.66752 53.6857
290204 2.74474 19.363 7.23512 24.4194 15.7185 2.66362 53.7622
290214 2.74474 19.363 7.23512 24.4194 15.7185 2.66362 53.7622
290224 2.90904 19.3821 7.37679 24.3519 15.4796 2.62057 54.0198
290239 3.47925 19.4108 7.58929 24.1203 14.8639 2.42297 54.5997
290248 4.16543 19.3821 7.67024 23.58 14.2006 2.1085 54.7978
290263 4.16543 19.3821 7.67024 23.58 14.2006 2.1085 54.7978
290273 4.9386 19.2769 7.8119 23.059 13.4268 1.81228 55.0864
290278 4.9386 19.2769 7.8119 23.059 13.4268 1.81228 55.0864
290298 5.7311 19.1334 7.89286 22.3933 12.6484 1.47461 55.1506
290301 6.6589 18.8272 8.51012 21.7276 11.3891 1.27905 55.7238
290312 6.6589 18.8272 8.51012 21.7276 11.3891 1.27905 55.7238
290323 7.65435 18.5115 10.1089 21.3031 9.57456 1.3667 57.5779
290329 8.53383 18.0428 12.2238 21.0136 7.64818 1.67039 59.814
290339 8.53383 18.0428 12.2238 21.0136 7.64818 1.67039 59.814
290349 8.96873 17.4209 12.7804 19.6436 6.51016 1.539 58.8136
290364 8.96873 17.4209 12.7804 19.6436 6.51016 1.539 58.8136
290373 9.19102 16.8749 12.2946 17.8876 5.90103 1.09772 56.2482
290379 9.35532 16.3265 11.6268 16.1287 5.36757 0.582073 53.4373
290397 9.35532 16.3265 11.6268 16.1287 5.36757 0.582073 53.4373
290400 9.67425 15.884 11.2929 14.6378 4.6392 0.108501 51.4889
290409 10.1188 15.6338 11.1815 13.5632 3.90945 -0.299391 50.4974
290425 10.1188 15.6338 11.1815 13.5632 3.90945 -0.299391 50.4974
290444 10.747 15.4126 11.475 12.6629 2.9094 -0.602925 50.2974
290450 11.5298 15.3164 12.0619 11.9174 1.79144 -0.846092 50.8255
290460 12.4673 15.2971 12.8815 11.2301 0.567853 -1.05621 51.876
290486 13.5304 15.3933 13.7012 10.4556 -0.651228 -1.34709 53.0805
290496 14.4486 15.5376 14.5613 9.47779 -1.84841 -1.65119 54.0253
290504 14.4486 15.5376 14.5613 9.47779 -1.84841 -1.65119 54.0253
290519 15.3764 15.7204 15.3506 8.48064 -2.97019 -1.98411 54.928
290523 15.3764 15.7204 15.3506 8.48064 -2.97019 -1.98411 54.928
290532 16.2655 15.884 16.0792 7.43508 -4.05362 -2.32698 55.6637
290548 17.0289 15.7974 16.9595 6.77677 -5.04496 -2.4106 56.5625
290553 17.0289 15.7974 16.9595 6.77677 -5.04496 -2.4106 56.5625
290570 17.558 15.451 17.94 6.51538 -5.88692 -2.23279 57.4644
290573 18.0102 14.7006 19.2741 6.69932 -6.76687 -1.72212 58.6842
290583 18.0102 14.7006 19.2741 6.69932 -6.76687 -1.72212 58.6842
290598 18.193 13.6231 20.3252 6.709 -7.72558 -1.21882 58.8503
290620 18.2603 12.2281 21.2449 6.65091 -8.83213 -0.666072 58.3843
290624 18.2411 10.6214 22.0838 6.53474 -10.0767 -0.0636497 57.481
290634 18.2411 10.6214 22.0838 6.53474 -10.0767 -0.0636497 57.481
290644 18.0294 8.80306 22.8823 6.48633 -11.3976 0.676889 56.2011
290659 17.837 7.04244 23.7515 6.46697 -12.7405 1.4535 55.0979
290670 17.837 7.04244 23.7515 6.46697 -12.7405 1.4535 55.0979
290675 17.6542 5.42615 25.0553 6.65091 -13.9781 2.36167 54.7866
290685 17.558 4.13696 26.2277 6.74772 -15.0452 3.09504 54.6704
290695 17.558 4.13696 26.2277 6.74772 -15.0452 3.09504 54.6704
290705 17.5195 3.11715 27.5315 7.10592 -15.7524 3.79945 55.2741
290720 17.5195 3.11715 27.5315 7.10592 -15.7524 3.79945 55.2741
290727 17.3945 2.54952 28.4411 7.40604 -16.0778 4.27573 55.7911
290742 17.2694 2.24165 28.9768 7.59966 -16.2268 4.56397 56.0875
290768 17.0866 2.17431 28.9263 7.5803 -16.2542 4.63864 55.7675
290770 16.797 2.1262 28.7342 7.56093 -16.2283 4.71906 55.2184
290776 16.797 2.1262 28.7342 7.56093 -16.2283 4.71906 55.2184
290794 16.6134 2.08772 28.5422 7.60934 -16.1608 4.77198 54.8527
290798 16.6134 2.08772 28.5422 7.60934 -16.1608 4.77198 54.8527
290818 16.4105 2.04924 28.2592 7.46412 -16.2211 4.77926 54.183
290824 16.0432 2.02037 28.2188 7.56093 -16.1026 4.93547 53.8433
290834 16.0432 2.02037 28.2188 7.56093 -16.1026 4.93547 53.8433
290844 15.5406 1.96265 28.2491 7.61902 -16.0236 5.16142 53.3714
290854 14.8931 1.80872 28.5523 7.87073 -15.8899 5.56835 53.1249
290868 14.8931 1.80872 28.5523 7.87073 -15.8899 5.56835 53.1249
290873 14.2069 1.64516 28.9465 7.99658 -15.8687 5.9923 52.7952
290881 14.2069 1.64516 28.9465 7.99658 -15.8687 5.9923 52.7952
290892 13.5884 1.48161 29.4215 8.28702 -15.7457 6.43401 52.7785
290901 13.1052 1.40464 29.8359 8.42255 -15.6884 6.75083 52.7683
290918 13.1052 1.40464 29.8359 8.42255 -15.6884 6.75083 52.7683
290920 12.6896 1.31805 30.2099 8.57745 -15.6284 7.04035 52.795
290942 12.4093 1.26995 30.4524 8.82916 -15.4655 7.25129 52.9609
290945 12.4093 1.26995 30.4524 8.82916 -15.4655 7.25129 52.9609
290951 12.3127 1.65478 30.9073 9.12927 -15.0155 7.24087 54.004
290968 12.3127 1.65478 30.9073 9.12927 -15.0155 7.24087 54.004
290971 12.3513 2.49179 31.17 9.51651 -14.1875 6.98097 55.5297
290980 12.448 3.31919 31.3621 9.97153 -13.3621 6.71614 57.1008
290993 12.448 3.31919 31.3621 9.97153 -13.3621 6.71614 57.1008
291000 12.4093 4.02151 31.2913 10.3394 -12.633 6.51031 58.0616
291017 12.3997 4.88738 30.978 10.7267 -11.7659 6.20874 58.9917
291020 12.3997 4.88738 30.978 10.7267 -11.7659 6.20874 58.9917
291042 12.3513 6.0034 30.1694 10.9106 -10.771 5.73536 59.4348
291045 12.3513 6.0034 30.1694 10.9106 -10.771 5.73536 59.4348
291054 12.158 6.90775 29.0981 10.93 -9.90731 5.32092 59.0938
291068 11.9358 7.50424 28.1986 11.5495 -8.90404 5.14667 59.1881
291073 11.9358 7.50424 28.1986 11.5495 -8.90404 5.14667 59.1881
291083 11.5975 7.70628 28.0874 14.5313 -7.044 5.64777 61.9225
291093 10.776 7.34069 27.1879 16.4191 -5.75308 6.19461 61.7237
291119 9.8772 6.7923 25.4394 16.7289 -5.0118 6.50061 58.8378
291124 9.8772 6.7923 25.4394 16.7289 -5.0118 6.50061 58.8378
291134 9.00739 6.29202 23.61 15.9932 -4.70479 6.64006 54.9026
291145 8.24389 5.8687 22.1748 15.7318 -4.23796 6.86112 52.0192
291154 8.24389 5.8687 22.1748 15.7318 -4.23796 6.86112 52.0192
291170 7.67368 5.56084 21.3157 16.0609 -3.63932 7.15518 50.6111
291179 7.20978 5.32994 20.962 16.9613 -2.91328 7.54519 50.4629
291185 7.20978 5.32994 20.962 16.9613 -2.91328 7.54519 50.4629
291195 6.9585 5.25297 21.0024 18.3121 -2.13279 7.89011 51.526
291205 6.73621 5.27221 21.0428 19.8944 -1.23351 8.1958 52.9457
291220 6.73621 5.27221 21.0428 19.8944 -1.23351 8.1958 52.9457
291226 6.45594 5.32032 21.0428 21.5057 -0.3096 8.49674 54.3247
291254 6.06936 5.4069 20.5273 22.8178 0.742421 8.71983 54.8214
291268 5.62479 5.55122 19.5166 23.8405 1.9485 8.85181 54.5332
291272 5.62479 5.55122 19.5166 23.8405 1.9485 8.85181 54.5332
291279 5.17055 5.7725 18.1926 24.9694 3.40942 8.93233 54.105
291294 4.58101 3.59819 16.7065 26.214 4.17057 10.1981 51.0997
291298 4.58101 6.06112 16.7065 26.214 5.12835 9.03943 53.5626
291321 4.00114 6.42671 15.0976 27.6515 7.04228 9.11709 53.177
291322 4.00114 6.42671 15.0976 27.6515 7.04228 9.11709 53.177
291327 3.36327 6.71534 13.6 29.2628 8.97919 9.28881 52.9414
291347 2.80273 7.14827 12.4768 30.9994 10.7006 9.4124 53.4272
291348 2.80273 7.14827 12.4768 30.9994 10.7006 9.4124 53.4272
291358 2.42581 7.56197 11.9506 32.7747 11.862 9.52355 54.7131
291372 2.10688 7.90832 11.9101 34 12.4681 9.62755 55.9253
291378 2.10688 7.90832 11.9101 34 12.4681 9.62755 55.9253
291388 1.71063 8.14884 11.981 34 12.7404 9.70305 55.8404
291398 1.71063 8.14884 11.981 34 12.7404 9.70305 55.8404
291413 1.2274 8.23543 12.0214 34 13.0607 9.88351 55.4843
291424 0.744173 8.16808 11.981 34 13.4092 10.1293 54.8932
291429 0.744173 8.16808 11.981 34 13.4092 10.1293 54.8932
291451 0.222285 8.22581 11.7988 34 13.92 10.328 54.2469
291456 0 8.22581 11.6774 34 14.1682 10.4219 53.9032
291464 0 8.22581 11.6774 34 14.1682 10.4219 53.9032
291476 0 8.24505 11.4649 34 14.327 10.3947 53.7099
291480 0 8.24505 11.4649 34 14.327 10.3947 53.7099
291490 0 8.26429 11.3536 34 14.4125 10.376 53.6179
291504 0 8.26429 11.1208 34 14.5843 10.3558 53.3851
291511 0 8.26429 11.1208 34 14.5843 10.3558 53.3851
291530 0 8.37012 10.9994 34 14.6951 10.295 53.3695
291535 0 8.3605 10.9286 34 14.746 10.2933 53.2891
291542 0 8.3605 10.9286 34 14.746 10.2933 53.2891
291557 0 8.4086 10.9589 34 14.7326 10.2732 53.3675
291567 0 8.4086 10.9589 34 14.7326 10.2732 53.3675
291573 0 8.43746 10.9387 34 14.7532 10.2577 53.3762
291591 0 8.48557 11.0095 34 14.7098 10.2413 53.4951
291610 0 8.47595 10.9994 34 14.7154 10.2449 53.4754
291619 0 8.45671 11.0601 34 14.6667 10.2594 53.5168
291637 0 8.45671 11.0601 34 14.6667 10.2594 53.5168
291638 0 8.44709 11.0702 34 14.6573 10.2648 53.5173
291662 0 8.48557 11.0905 34 14.6498 10.2485 53.576
291665 0 8.53367 11.2726 34 14.5248 10.242 53.8063
291674 0 8.53367 11.2726 34 14.5248 10.242 53.8063
291688 0 8.62988 11.1613 34 14.6253 10.187 53.7912
291694 0 8.57216 11.2119 34 14.5769 10.2186 53.7841
291714 0 8.57216 11.2119 34 14.5769 10.2186 53.7841
291716 0 8.62026 11.1512 34 14.6309 10.1906 53.7715
291725 0 8.62026 11.1512 34 14.6309 10.1906 53.7715
291740 0 8.57216 11.0702 34 14.6814 10.2059 53.6424
291745 0 8.53367 11.1411 34 14.6217 10.2303 53.6747
291755 0 8.53367 11.1411 34 14.6217 10.2303 53.6747
291770 0.260944 8.55291 11.3232 33.7299 14.2474 10.0913 53.8669
291777 0.995452 8.70685 12.1024 33.286 13.1125 9.71655 55.0907
291793 0.995452 8.70685 12.1024 33.286 13.1125 9.71655 55.0907
291797 2.1842 8.71647 14.8851 33.2474 10.5426 9.46041 59.0332
291806 3.14099 8.71647 17.7681 33.2474 8.37195 9.34219 62.873
291820 3.14099 8.51443 17.7681 32.7168 8.17589 9.37302 62.1404
291827 3.61455 8.08149 18.4049 30.517 6.83753 9.21159 60.6179
291853 4.28141 7.56197 17.8793 27.8445 5.7523 8.82806 57.5672
291858 4.61967 7.05207 17.3032 25.2781 4.79571 8.54595 54.253
291873 4.61967 7.05207 17.3032 25.2781 4.79571 8.54595 54.253
291878 4.82263 6.53254 17.2325 23.1555 3.68791 8.41642 51.7431
291900 4.95793 6.16695 17.5559 21.4864 2.5612 8.34731 50.1671
291901 4.95793 6.16695 17.5559 21.4864 2.5612 8.34731 50.1671
291913 5.20921 5.93605 18.2836 20.1356 1.30078 8.25409 49.5645
291919 5.20921 5.93605 18.2836 20.1356 1.30078 8.25409 49.5645
291934 5.67311 5.85908 19.4762 18.7849 -0.253719 8.05196 49.7933
291939 6.31097 5.84946 20.9721 17.3087 -2.04437 7.76756 50.4412
291949 6.31097 5.84946 20.9721 17.3087 -2.04437 7.76756 50.4412
291969 7.07447 6.07074 22.3971 15.5672 -3.83181 7.2841 51.1096
291971 7.77999 6.41709 23.9435 13.9892 -5.42743 6.82977 52.1298
291985 7.77999 6.41709 23.9435 13.9892 -5.42743 6.82977 52.1298
291999 8.66913 6.76344 25.5202 12.508 -6.97611 6.33987 53.4608
292011 8.66913 6.76344 25.5202 12.508 -6.97611 6.33987 53.4608
292013 9.50995 7.14827 27.2889 11.5883 -8.131 6.0013 55.5354
292021 10.3121 7.28297 29.1992 11.4721 -8.90575 5.9407 58.2663
292034 10.3121 7.28297 29.1992 11.4721 -8.90575 5.9407 58.2663
292045 10.892 7.22524 30.8466 11.7722 -9.36065 6.05117 60.736
292052 11.1433 6.75382 31.8472 11.8497 -9.89829 6.28303 61.5939
292078 11.1626 6.01302 32.201 11.6173 -10.5475 6.55213 60.9939
292088 11.1626 6.01302 32.201 11.6173 -10.5475 6.55213 60.9939
292097 10.9113 5.09904 32.1504 11.3172 -11.1997 6.92456 59.478
292105 10.6407 4.1562 32.0493 10.8912 -11.9691 7.31163 57.7375
292123 10.2831 3.35767 32.0595 10.6298 -12.5843 7.73526 56.3301
292133 10.0608 2.54952 32.3829 10.6492 -13.1397 8.20105 55.6424
292148 10.0608 2.54952 32.3829 10.6492 -13.1397 8.20105 55.6424
292154 9.76123 1.78947 32.9489 10.6105 -13.7498 8.7122 55.1101
292170 9.76123 1.78947 30.9376 10.6105 -13.3237 8.47403 53.0988
292174 9.43263 1.1064 33.525 10.6976 -14.2224 9.22641 54.7616
292196 9.03638 0.519525 33.9495 10.7751 -14.5961 9.71859 54.2804
292197 9.03638 0.519525 33.9495 10.7751 -14.5961 9.71859 54.2804
292204 8.83343 0.182796 34 10.8331 -14.7715 9.97698 53.8494
292221 8.65947 0.173175 34 10.9493 -14.6596 10.0731 53.782
292225 8.65947 0.173175 34 10.9493 -14.6596 10.0731 53.782
292235 8.4855 0.173175 34 10.9784 -14.6046 10.1571 53.637
292249 8.4855 0.173175 34 10.9784 -14.6046 10.1571 53.637
292255 8.28255 0.0769666 34 11.0849 -14.5575 10.3075 53.4444
292265 8.08926 0.0962083 34 11.1526 -14.4552 10.3961 53.3381
292276 8.08926 0.0962083 34 11.1526 -14.4552 10.3961 53.3381
292290 8.01194 0.0769666 34 11.1236 -14.4756 10.4397 53.2125
292305 7.98294 0.0481041 34 11.1623 -14.4626 10.4706 53.1933
292308 7.98294 0.0481041 34 11.1623 -14.4626 10.4706 53.1933
292334 7.8863 0.0384833 34 11.0655 -14.5226 10.5135 52.9903
292336 7.81865 0.0769666 34 11.0752 -14.4733 10.5283 52.9708
292338 7.81865 0.0769666 34 11.0752 -14.4733 10.5283 52.9708
292348 7.92496 0.0769666 34 11.0364 -14.5232 10.4739 53.0384
292367 7.92496 0.0769666 34 11.0364 -14.5232 10.4739 53.0384
292372 7.99261 0.057725 34 11.0461 -14.5437 10.4515 53.0965
292387 8.12791 0.0865874 34 11.0752 -14.5273 10.3756 53.2897
292389 8.12791 0.0865874 34 11.0752 -14.5273 10.3756 53.2897
292398 8.25355 0.125071 34 11.0461 -14.5449 10.2951 53.4248
292415 8.36953 0.134692 34 11.1042 -14.5176 10.2409 53.6084
292423 8.36953 0.134692 34 11.1042 -14.5176 10.2409 53.6084
292429 8.55315 0.211658 34 11.201 -14.426 10.1276 53.9658
292440 8.55315 0.211658 34 11.201 -14.426 10.1276 53.9658
292449 8.93007 0.990945 34 11.4527 -13.7639 9.62506 55.3738
292467 9.21035 1.64516 34 11.6464 -13.238 9.2362 56.5019
292470 9.21035 1.64516 34 11.6464 -13.238 9.2362 56.5019
292494 9.40364 2.25127 34 11.7238 -12.8221 8.90632 57.3787
292496 9.47129 2.62649 33.7473 11.869 -12.442 8.71153 57.7141
292500 9.47129 2.62649 33.7473 11.869 -12.442 8.71153 57.7141
292510 9.6066 3.21336 33.0904 11.9368 -11.905 8.35147 57.8471
292523 9.6066 3.21336 33.0904 11.9368 -11.905 8.35147 57.8471
292530 9.56794 3.75212 32.4839 12.6629 -10.9621 8.16533 58.4669
292552 9.58727 4.17544 32.2616 14.5604 -9.5375 8.18505 60.5847
292560 9.22001 4.29089 31.2711 15.3542 -8.66617 8.25985 60.1362
292580 8.72712 4.19468 29.6944 15.2187 -8.21657 8.29723 57.8349
292582 8.72712 4.19468 29.6944 15.2187 -8.21657 8.29723 57.8349
292590 8.32121 4.28127 28.0773 14.5507 -7.95148 8.15461 55.2304
292609 8.32121 4.28127 28.0773 14.5507 -7.95148 8.15461 55.2304
292612 7.91529 4.31013 26.6522 14.1538 -7.59154 8.08404 53.0314
292622 7.60603 4.3871 25.6516 14.2603 -7.03703 8.06822 51.905
292640 7.60603 4.3871 25.6516 14.2603 -7.03703 8.06822 51.905
292644 7.35475 4.55065 24.9542 14.7927 -6.27542 8.08527 51.6523
292656 7.22911 4.74307 24.5398 15.8189 -5.35389 8.13665 52.3309
292669 7.22911 4.74307 24.5398 15.8189 -5.35389 8.13665 52.3309
292672 7.29676 4.98359 24.2872 17.0772 -4.43807 8.1324 53.6447
292696 7.29676 4.98359 24.2872 17.0772 -4.43807 8.1324 53.6447
292699 7.20011 5.21449 23.9132 18.3121 -3.47121 8.18378 54.6399
292709 7.10347 5.44539 23.3472 19.2673 -2.60045 8.17544 55.1634
292725 7.10347 5.44539 23.3472 19.2673 -2.60045 8.17544 55.1634
292727 7.05514 5.6378 22.3567 20.0392 -1.69494 8.08774 55.0888
292737 6.94883 5.83022 20.962 20.4444 -0.754899 7.92482 54.1854
292758 6.94883 5.83022 20.962 20.4444 -0.754899 7.92482 54.1854
292759 6.75554 6.18619 19.1225 20.8014 0.524697 7.65586 52.8656
292764 6.75554 6.18619 19.1225 20.8014 0.524697 7.65586 52.8656
292787 6.82319 6.55178 17.1516 21.332 1.88445 7.26263 51.8586
292789 6.86185 7.03282 15.1786 22.4608 3.61568 6.91137 51.5341
292794 6.86185 7.03282 15.1786 22.4608 3.61568 6.91137 51.5341
292813 6.90051 7.81211 13.428 23.9274 5.47889 6.52303 52.068
292815 6.68789 8.49519 12.0113 25.7798 7.35065 6.40162 52.9742
292824 6.68789 8.49519 12.0113 25.7798 7.35065 6.40162 52.9742
292842 6.34963 9.24561 11.1512 27.9892 9.01332 6.45242 54.7356
292847 6.34963 9.24561 11.1512 27.9892 9.01332 6.45242 54.7356
292855 5.96305 10.0345 10.8274 29.9574 10.2151 6.54796 56.7824
292870 5.5668 10.6984 10.8476 31.6459 11.0323 6.69561 58.7586
292875 5.5668 10.6984 10.8476 31.6459 11.0323 6.69561 58.7586
292885 5.00625 11.1986 10.7869 32.794 11.7919 6.86852 59.7858
292903 4.48437 11.6027 10.5542 33.3825 12.4728 6.95964 60.0238
292906 4.48437 11.6027 10.5542 33.3825 12.4728 6.95964 60.0238
292917 3.77885 11.8913 10.3619 33.5369 13.1308 7.10821 59.569
292932 3.77885 11.8913 10.3619 33.5369 13.1308 7.10821 59.569
292936 2.88971 11.9106 10.028 33.5755 13.941 7.3976 58.4038
292961 1.83627 11.9106 9.58274 33.4597 14.9462 7.73797 56.7893
292962 1.83627 11.9106 9.58274 33.4597 14.9462 7.73797 56.7893
292966 0.918135 11.9875 9.21845 33.0834 15.8196 7.987 55.2076
292991 0.35759 12.0549 8.95536 32.6589 16.3812 8.10759 54.0268
292992 0.35759 12.0549 8.95536 32.6589 16.3812 8.10759 54.0268
292997 0.144969 12.0645 8.6619 32.1862 16.7006 8.09647 53.0575
293020 0.144969 12.0645 8.6619 32.1862 16.7006 8.09647 53.0575
293021 0.241615 12.2377 8.48988 31.8099 16.7283 7.90667 52.7791
293028 0.212621 12.305 8.37857 31.4818 16.7989 7.8304 52.3781
293049 0.212621 12.305 8.37857 31.4818 16.7989 7.8304 52.3781
293051 0.241615 12.4397 8.35833 31.2696 16.7797 7.72709 52.3093
293058 0.299602 12.5648 8.29762 31.1442 16.7818 7.62167 52.3062
293079 0.299602 12.5648 8.29762 31.1442 16.7818 7.62167 52.3062
293086 0.318931 12.7668 8.2875 31.0187 16.7865 7.507 52.392
293095 0.318931 12.7668 8.2875 31.0187 16.7865 7.507 52.392
293108 0.454235 12.8919 8.21667 30.9801 16.7487 7.37987 52.5429
293113 0.396248 12.9977 8.22679 30.903 16.7913 7.34975 52.5237
293121 0.396248 12.9977 8.22679 30.903 16.7913 7.34975 52.5237
293137 0.434906 13.1324 8.18631 31.038 16.8347 7.29007 52.7917
293139 0.434906 13.1324 8.18631 31.038 16.8347 7.29007 52.7917
293149 0.4639 13.296 8.30774 31.1924 16.7653 7.24941 53.26
293166 0.492894 13.4788 8.24702 31.2696 16.8301 7.1637 53.4883
293170 0.492894 13.4788 8.24702 31.2696 16.8301 7.1637 53.4883
293181 0.550881 13.6616 8.31786 31.3371 16.768 7.08476 53.8674
293195 0.492894 13.7578 8.26726 31.2792 16.8582 7.05311 53.7972
293201 0.492894 13.7578 8.26726 31.2792 16.8582 7.05311 53.7972
293224 0.550881 13.8155 8.18631 31.2117 16.8746 6.9837 53.7644
293226 0.734508 13.777 8.51012 31.1442 16.4664 6.96272 54.1658
293231 0.734508 13.777 8.51012 31.1442 16.4664 6.96272 54.1658
293241 1.35304 13.8155 8.90476 30.9126 15.6723 6.72413 54.9859
293256 1.35304 13.8155 8.90476 30.9126 15.6723 6.72413 54.9859
293261 2.30017 13.8636 9.58274 30.3241 14.4036 6.35173 56.0706
293285 3.36327 13.7674 11.7685 29.8513 12.122 6.25248 58.7504
293291 4.61967 13.4884 15.128 29.2917 9.2089 6.31199 62.5278
293316 5.38317 12.9111 15.9881 27.1884 7.61674 6.07171 61.4708
293318 5.38317 12.9111 15.9881 27.1884 7.61674 6.07171 61.4708
293323 5.94372 12.0453 15.3304 24.2843 6.5341 5.63133 57.6037
293333 5.94372 12.0453 15.3304 24.2843 6.5341 5.63133 57.6037
293348 6.27231 11.1024 14.9155 21.6986 5.37763 5.34537 53.9889
293361 6.53326 10.2943 15.2089 19.5471 3.92528 5.21343 51.5836
293380 6.53326 10.2943 15.2089 19.5471 3.92528 5.21343 51.5836
293381 6.86185 9.72666 15.7958 17.5789 2.32564 5.03957 49.9632
293389 7.26777 9.44765 16.7875 15.8383 0.623545 4.83684 49.3412
293411 7.26777 9.44765 16.7875 15.8383 0.623545 4.83684 49.3412
293412 7.90563 9.31296 17.8995 14.3667 -1.07379 4.5613 49.4849
293418 7.90563 9.31296 17.8995 14.3667 -1.07379 4.5613 49.4849
293426 8.63047 9.54386 19.2741 13.1566 -2.57093 4.22577 50.605
293441 9.36498 9.85173 21.0327 11.9368 -4.12425 3.95299 52.1862
293445 9.36498 9.85173 21.0327 11.9368 -4.12425 3.95299 52.1862
293456 10.1381 10.1307 22.761 11.2494 -5.30542 3.79746 54.2793
293473 10.7953 10.1404 24.5904 10.988 -6.30697 3.88648 56.5141
293483 10.7953 10.1404 24.5904 10.988 -6.30697 3.88648 56.5141
293500 11.3172 9.86135 26.5916 11.0945 -7.19995 4.20647 58.8647
293502 11.3172 9.86135 26.5916 11.0945 -7.19995 4.20647 58.8647
293507 11.7135 9.23599 28.3097 11.3946 -7.99314 4.63819 60.6539
293516 11.9068 8.42784 29.7348 11.4237 -8.85874 5.07957 61.4931
293530 11.9068 8.42784 29.7348 11.4237 -8.85874 5.07957 61.4931
293536 11.9937 7.55235 30.4524 11.2882 -9.6292 5.43213 61.2867
293562 11.8874 6.36899 30.7152 10.9106 -10.572 5.85384 59.8822
293564 11.8874 6.36899 30.7152 10.9106 -10.572 5.85384 59.8822
293568 11.7521 5.3107 30.6647 10.4265 -11.4694 6.19778 58.154
293578 11.7521 5.3107 30.6647 10.4265 -11.4694 6.19778 58.154
293594 11.5298 4.13696 30.6849 10.0587 -12.4175 6.66813 56.4104
293598 11.3849 3.21336 30.887 9.7295 -13.2795 7.0683 55.2148
293624 11.3849 3.21336 30.887 9.7295 -13.2795 7.0683 55.2148
293626 11.2786 2.46293 31.0791 9.58428 -13.9282 7.42265 54.4049
293629 11.2109 1.82796 31.5642 9.5262 -14.512 7.77348 54.1293
293657 11.1046 1.28919 32.0392 9.66173 -14.878 8.12662 54.0948
293659 11.1046 1.28919 32.0392 9.66173 -14.878 8.12662 54.0948
293669 11.0466 0.81777 32.5244 9.73918 -15.2482 8.42425 54.1279
293690 10.9886 0.4618 32.8175 9.83599 -15.4833 8.65087 54.1039
293693 10.9886 0.4618 32.8175 9.83599 -15.4833 8.65087 54.1039
293701 10.9596 0.34635 32.8579 9.92312 -15.5065 8.729 54.087
293722 10.8823 0.327108 32.7872 9.82631 -15.5678 8.75205 53.8229
293722 10.8823 0.327108 32.7872 9.82631 -15.5678 8.75205 53.8229
293731 10.9113 0.307866 32.7366 9.8844 -15.5347 8.74862 53.8402
293752 10.9113 0.307866 32.7366 9.8844 -15.5347 8.74862 53.8402
293753 10.8533 0.298246 32.5648 9.79727 -15.5673 8.74837 53.5136
293766 10.892 0.307866 32.4334 9.73918 -15.5878 8.7047 53.3724
293783 10.8437 0.288625 32.393 9.70046 -15.6163 8.72543 53.2257
293793 10.9596 0.307866 32.4536 9.70046 -15.6327 8.6725 53.4216
293813 10.9596 0.307866 32.4536 9.70046 -15.6327 8.6725 53.4216
293820 11.008 0.365591 32.6659 9.75854 -15.5906 8.65763 53.798
293823 11.008 0.365591 32.6659 9.75854 -15.5906 8.65763 53.798
293846 11.1239 0.355971 32.6153 9.71982 -15.6385 8.60036 53.8151
293850 11.2013 0.317487 32.5951 9.66173 -15.7214 8.574 53.7756
293854 11.2013 0.317487 32.5951 9.66173 -15.7214 8.574 53.7756
293863 11.2592 0.394454 32.5547 9.53588 -15.7615 8.49492 53.7443
293878 11.4139 0.394454 32.5244 9.49715 -15.8122 8.41908 53.8299
293883 11.4139 0.394454 32.5244 9.49715 -15.8122 8.41908 53.8299
293893 11.4719 0.355971 32.3627 9.32289 -15.9566 8.36923 53.5134
293909 11.5685 0.307866 32.1908 9.24544 -16.0403 8.31695 53.3127
293914 11.5685 0.307866 32.1908 9.24544 -16.0403 8.31695 53.3127
293924 11.5878 0.365591 32.0696 9.10991 -16.0832 8.25083 53.1329
293942 11.5878 0.365591 32.0696 9.10991 -16.0832 8.25083 53.1329
293944 11.7328 0.442558 31.9483 9.22608 -15.9384 8.15346 53.3497
293971 12.0034 1.05829 31.9281 9.36162 -15.4143 7.79041 54.3514
293976 12.3997 1.88568 31.5642 9.42939 -14.7655 7.24731 55.2789
293985 12.6799 2.79004 31.2206 9.49715 -14.0659 6.7402 56.1877
294003 12.6799 2.79004 31.2206 9.49715 -14.0659 6.7402 56.1877
294014 13.0569 3.62705 30.8264 9.53588 -13.4629 6.22611 57.0462
294035 13.0569 3.62705 30.8264 9.53588 -13.4629 6.22611 57.0462
294037 13.3661 4.49293 30.1391 9.54556 -12.8019 5.68932 57.5437
294039 13.7624 5.44539 29.0678 9.45843 -12.0927 5.01917 57.734
294047 13.7624 5.44539 29.0678 9.45843 -12.0927 5.01917 57.734
294068 14.2649 6.34975 28.0672 9.71982 -11.2422 4.41058 58.4017
294071 14.5452 7.08093 26.9251 10.0974 -10.3549 3.93778 58.6486
294078 14.5452 7.08093 26.9251 10.0974 -10.3549 3.93778 58.6486
294099 14.6515 7.53311 25.2979 10.2426 -9.60313 3.47055 57.7251
294100 14.6515 7.53311 25.2979 10.2426 -9.60313 3.47055 57.7251
294108 14.7771 7.95642 23.418 9.89408 -9.07502 2.83121 56.0456
294130 14.7675 8.28353 21.2652 9.41002 -8.53359 2.12862 53.7262
294133 14.7675 8.28353 21.2652 9.41002 -8.53359 2.12862 53.7262
294139 14.8545 8.81268 19.2741 9.00342 -7.85088 1.33133 51.9446
294163 14.8738 9.45727 17.4043 8.91629 -6.86281 0.589174 50.6516
294168 14.8738 9.45727 17.4043 8.91629 -6.86281 0.589174 50.6516
294169 15.0574 10.2077 15.9375 9.26481 -5.70785 -0.0186682 50.4674
294179 15.0574 10.2077 15.9375 9.26481 -5.70785 -0.0186682 50.4674
294198 15.2797 11.1121 14.8042 10.0393 -4.35859 -0.453292 51.2352
294206 15.415 12.2281 13.8631 11.2688 -2.73863 -0.713743 52.775
294228 15.415 12.2281 13.8631 11.2688 -2.73863 -0.713743 52.775
294230 15.502 13.4018 12.75 12.5564 -1.05783 -0.99541 54.2102
294233 15.299 14.5659 11.7179 13.6697 0.551441 -1.21553 55.2525
294242 15.299 14.5659 11.7179 13.6697 0.551441 -1.21553 55.2525
294266 14.7482 15.5857 10.8071 14.9863 2.23455 -1.21342 56.1274
294268 14.091 16.5478 10.1899 16.3707 3.77526 -1.06946 57.1994
294271 14.091 16.5478 10.1899 16.3707 3.77526 -1.06946 57.1994
294282 13.1052 17.4018 9.82559 17.7429 5.25779 -0.758963 58.0755
294300 13.1052 17.4018 9.82559 17.7429 5.25779 -0.758963 58.0755
294302 12.0324 17.928 9.55238 18.756 6.47824 -0.42528 58.2687
294316 10.892 18.3585 9.19821 19.6822 7.71985 -0.0954893 58.1308
294334 10.892 18.3585 9.19821 19.6822 7.71985 -0.0954893 58.1308
294336 9.75156 18.722 8.90476 20.5119 8.88647 0.244371 57.8903
294343 8.42752 18.942 8.59107 21.2162 10.1176 0.63953 57.1769
294367 8.42752 18.942 8.59107 21.2162 10.1176 0.63953 57.1769
294370 7.10347 18.9899 8.15595 21.7469 11.3746 1.02047 55.9962
294373 7.10347 18.9899 8.15595 21.7469 11.3746 1.02047 55.9962
294396 5.75043 19.0281 7.80179 22.3161 12.6566 1.45893 54.8965
294398 4.65833 19.0377 7.5994 22.9432 13.7002 1.89347 54.2387
294404 4.65833 19.0377 7.5994 22.9432 13.7002 1.89347 54.2387
294430 3.7112 19.0473 7.4881 23.445 14.5707 2.28376 53.6915
294432 3.22797 19.1238 7.56905 23.8791 14.9656 2.53617 53.7999
294434 3.22797 19.1238 7.56905 23.8791 14.9656 2.53617 53.7999
294444 3.112 19.2099 7.68036 24.0528 15.0173 2.61157 54.055
294467 3.112 19.2099 7.68036 24.0528 15.0173 2.61157 54.055
294468 3.16998 19.2195 7.63988 24.0431 15.0043 2.57808 54.0725
294475 3.16032 19.2195 7.67024 24.0528 14.9908 2.59041 54.1028
294503 3.16032 19.2195 7.67024 24.0528 14.9908 2.59041 54.1028
294504 3.12166 19.0855 7.5994 23.8212 15.0042 2.57705 53.6278
294507 3.06367 18.942 7.53869 23.609 15.0266 2.57988 53.1534
294520 3.06367 18.942 7.53869 23.609 15.0266 2.57988 53.1534
294538 3.10233 18.8368 7.46786 23.3678 14.9856 2.52862 52.7748
294540 3.10233 18.8368 7.46786 23.3678 14.9856 2.52862 52.7748
294548 3.04434 18.8559 7.45774 23.4353 15.0536 2.55508 52.7933
294571 3.05401 18.7698 7.52857 23.5028 14.9891 2.61305 52.8553
294577 3.06367 18.8177 7.5994 23.6669 14.9684 2.64873 53.1476
294607 3.112 18.8751 7.71071 23.8695 14.898 2.68628 53.5672
294612 3.09267 18.7507 7.7006 23.9659 14.9147 2.75365 53.5099
294618 3.09267 18.7507 7.7006 23.9659 14.9147 2.75365 53.5099
294641 3.00569 18.5976 7.84226 24.1107 14.8724 2.89871 53.5563
294647 2.98636 18.4254 7.90298 24.2457 14.8346 3.00695 53.5605
294656 2.98636 18.4254 7.90298 24.2457 14.8346 3.00695 53.5605
294676 2.96703 18.368 7.96369 24.3326 14.8094 3.06571 53.6313
294677 3.112 18.2245 8.4494 24.5352 14.3583 3.21645 54.3211
294685 3.112 18.2245 8.4494 24.5352 14.3583 3.21645 54.3211
294711 4.07845 18.1576 8.91488 24.4098 13.3071 2.99365 55.5607
