327998 12.7669 9.94793 22.3365 10.9977 -6.3149 2.84198 56.0491
328005 12.7669 9.94793 22.3365 10.9977 -6.3149 2.84198 56.0491
328009 13.1632 9.50538 23.6706 10.3878 -7.46585 3.01177 56.727
328019 13.4144 8.85116 24.9946 10.2039 -8.42006 3.37591 57.4641
328048 13.5304 8.19694 26.2378 10.3297 -9.10953 3.81856 58.2949
328061 13.4724 7.54273 27.299 10.6492 -9.57354 4.30769 58.9634
328071 13.3178 6.92699 27.8853 10.7847 -9.96834 4.69115 58.9148
328083 13.3178 6.92699 27.8853 10.7847 -9.96834 4.69115 58.9148
328091 12.8152 6.04188 28.2895 10.7557 -10.4949 5.22987 57.9023
328100 12.2064 4.98359 28.6736 10.6782 -11.1502 5.87934 56.5418
328110 12.2064 4.98359 28.6736 10.6782 -11.1502 5.87934 56.5418
328120 11.6265 3.84833 29.1891 10.7751 -11.8113 6.62602 55.4389
328150 10.9983 2.84776 29.9168 10.8815 -12.4376 7.39845 54.6444
328151 10.5344 1.97227 30.786 11.1139 -12.9737 8.10377 54.4065
328170 10.5344 1.97227 30.786 11.1139 -12.9737 8.10377 54.4065
328173 10.2735 1.3854 31.3317 11.4043 -13.2436 8.56989 54.3949
328181 10.0802 1.1545 32.0493 11.5883 -13.3887 8.85774 54.8723
328192 10.0802 1.1545 32.0493 11.5883 -13.3887 8.85774 54.8723
328201 9.99318 1.1545 32.3627 11.8303 -13.2683 8.95688 55.3406
328212 9.99318 1.1545 32.3627 11.8303 -13.2683 8.95688 55.3406
328221 9.89653 1.16412 32.4941 11.9077 -13.2156 9.01722 55.4625
328236 9.73223 1.1064 32.585 11.9465 -13.2131 9.12754 55.3701
328243 9.73223 1.1064 32.585 11.9465 -13.2131 9.12754 55.3701
328253 9.55827 1.06791 32.4334 11.8884 -13.2104 9.19841 54.948
328263 9.35532 1.03905 32.2515 11.8206 -13.1949 9.27481 54.4665
328274 9.35532 1.03905 32.2515 11.8206 -13.1949 9.27481 54.4665
328283 9.18135 0.990945 32.0898 11.7819 -13.1829 9.35332 54.044
328299 9.18135 0.990945 32.0898 11.7819 -13.1829 9.35332 54.044
328303 8.93974 0.942841 31.8169 11.6948 -13.1658 9.44739 53.3942
328318 8.84309 0.856254 31.6855 11.7625 -13.1285 9.52503 53.1474
328324 8.84309 0.856254 31.6855 11.7625 -13.1285 9.52503 53.1474
328343 8.68846 0.923599 31.6552 11.6948 -13.0873 9.55531 52.962
328346 8.62081 0.846633 31.8169 11.7238 -13.1429 9.64189 53.0081
328371 8.60148 0.93322 31.827 11.7141 -13.0856 9.61071 53.0758
328382 8.60148 0.93322 31.827 11.7141 -13.0856 9.61071 53.0758
328390 8.60148 0.875495 32.0291 11.7819 -13.1236 9.66467 53.288
328395 8.54349 0.837012 32.201 11.8981 -13.0935 9.73789 53.4795
328408 8.54349 0.837012 32.201 11.8981 -13.0935 9.73789 53.4795
328416 8.61114 0.856254 32.4738 12.0142 -13.073 9.736 53.9555
328425 8.63047 0.971703 32.8276 12.3144 -12.8653 9.73797 54.7441
328436 8.63047 0.971703 32.8276 12.3144 -12.8653 9.73797 54.7441
328446 8.82376 1.25071 33.1409 12.5661 -12.6153 9.58181 55.7814
328455 8.82376 1.25071 33.1409 12.5661 -12.6153 9.58181 55.7814
328466 8.95907 1.8953 33.1914 12.779 -12.0881 9.26957 56.8249
328480 9.08471 2.48217 33.151 12.9436 -11.6238 8.98201 57.6615
328498 9.1137 3.05942 32.8377 13.2147 -11.0249 8.72794 58.2255
328508 8.98806 3.45388 32.868 15.0251 -9.68639 8.81358 60.335
328516 8.98806 3.45388 32.868 15.0251 -9.68639 8.81358 60.335
328531 8.72712 3.79061 32.9994 17.9262 -7.88487 9.08084 63.4433
328536 8.72712 3.79061 32.9994 17.9262 -7.88487 9.08084 63.4433
328546 8.0506 3.59819 31.5137 18.5244 -7.06864 9.33488 61.6869
328566 7.32575 3.4635 29.5125 17.4921 -6.87041 9.39944 57.7938
328570 7.32575 3.4635 29.5125 17.4921 -6.87041 9.39944 57.7938
328578 6.69756 3.44426 27.5315 16.4288 -6.63375 9.3763 54.1021
328588 6.15634 3.42501 26.1772 16.1481 -6.14586 9.46235 51.9066
328598 6.15634 3.42501 26.1772 16.1481 -6.14586 9.46235 51.9066
328608 5.87607 3.55971 25.0553 16.3901 -5.39569 9.43658 50.8812
328623 5.87607 3.55971 25.0553 16.3901 -5.39569 9.43658 50.8812
328629 5.60546 3.88681 24.3579 17.1447 -4.37879 9.41575 50.9949
328641 5.50881 4.18506 23.7414 18.235 -3.30469 9.37169 51.6702
328649 5.50881 4.18506 23.7414 18.235 -3.30469 9.37169 51.6702
328662 5.4025 4.51217 23.135 19.5278 -2.13851 9.34282 52.5774
328669 5.32518 5.00283 22.5285 21.0426 -0.838755 9.25148 53.8991
328679 5.32518 5.00283 22.5285 21.0426 -0.838755 9.25148 53.8991
328689 5.24787 5.74363 21.4774 22.2196 0.565931 8.97049 54.6885
328708 5.24787 5.74363 21.4774 22.2196 0.565931 8.97049 54.6885
328716 5.22854 6.42671 20.0927 23.0397 1.89146 8.61796 54.7877
328725 5.13189 7.26372 18.1017 23.6765 3.55646 8.13564 54.1738
328734 5.13189 7.26372 18.1017 23.6765 3.55646 8.13564 54.1738
328743 5.00625 8.09111 15.8768 24.3808 5.43009 7.63572 53.355
328751 5.04491 9.0532 13.6607 25.2588 7.35905 7.02259 53.0176
328766 5.04491 9.0532 13.6607 25.2588 7.35905 7.02259 53.0176
328773 4.9386 10.0153 11.7988 26.5999 9.31434 6.59148 53.3526
328785 4.9386 10.0153 11.7988 26.5999 9.31434 6.59148 53.3526
328794 4.90961 11.0062 10.6149 28.1436 10.8028 6.26692 54.6743
328801 4.82263 11.9106 10.0786 29.5233 11.7745 6.08909 56.3351
328811 4.82263 11.9106 10.0786 29.5233 11.7745 6.08909 56.3351
328821 4.4747 12.5937 9.75476 30.5942 12.6087 6.08195 57.4173
328831 4.09778 12.9881 9.69405 31.2406 13.1147 6.1656 58.0206
328841 4.09778 12.9881 9.69405 31.2406 13.1147 6.1656 58.0206
328851 3.49858 13.219 9.48155 31.3275 13.7182 6.28181 57.5266
328861 3.49858 13.219 9.48155 31.3275 13.7182 6.28181 57.5266
328871 2.84139 13.3729 9.24881 31.2985 14.35 6.4303 56.7617
328886 2.25185 13.4884 8.95536 31.1056 14.9579 6.53768 55.8012
328893 2.25185 13.4884 8.95536 31.1056 14.9579 6.53768 55.8012
328904 1.80728 13.6038 8.67202 30.9801 15.4843 6.60359 55.0633
328913 1.48835 13.7482 8.51012 30.8451 15.8425 6.62702 54.5917
328925 1.48835 13.7482 8.51012 30.8451 15.8425 6.62702 54.5917
328935 1.36271 13.9791 8.40893 30.6617 16.0208 6.5414 54.4124
328947 1.36271 13.9791 8.40893 30.6617 16.0208 6.5414 54.4124
328954 1.34338 13.9694 8.29762 30.4205 16.0783 6.49776 54.031
328964 1.29505 14.0175 8.19643 30.16 16.1574 6.44055 53.6691
328974 1.29505 14.0175 8.19643 30.16 16.1574 6.44055 53.6691
328984 1.37237 14.0272 8.11548 29.9864 16.1331 6.36497 53.5014
328999 1.28539 14.0272 8.1256 30.0057 16.1954 6.4045 53.4438
329005 1.28539 14.0272 8.1256 30.0057 16.1954 6.4045 53.4438
329015 1.37237 14.0272 8.1256 29.9381 16.1173 6.35881 53.4633
329025 1.37237 14.0272 8.1256 29.9381 16.1173 6.35881 53.4633
329035 1.32405 14.1041 8.14583 30.1504 16.1866 6.38482 53.7244
329045 1.35304 14.056 8.27738 30.189 16.0623 6.41961 53.8754
329056 1.35304 14.056 8.27738 30.189 16.0623 6.41961 53.8754
329065 1.33371 13.9983 8.22679 30.1697 16.103 6.43917 53.7285
329079 1.3917 13.9983 8.22679 30.1215 16.0506 6.40835 53.7382
329085 1.3917 13.9983 8.22679 30.1215 16.0506 6.40835 53.7382
329104 1.36271 13.9791 8.18631 30.0057 16.0813 6.40257 53.5338
329114 1.36271 13.9791 8.18631 30.0057 16.0813 6.40257 53.5338
329123 1.36271 14.0272 8.13571 29.9671 16.1218 6.36898 53.4927
329131 1.27572 13.9791 8.17619 29.8513 16.1303 6.41096 53.2823
329136 1.27572 13.9791 8.17619 29.8513 16.1303 6.41096 53.2823
329147 1.47868 13.9791 8.2875 29.6969 15.8629 6.32273 53.4422
329156 1.97157 14.0079 8.54048 29.5812 15.2848 6.1391 54.1011
329171 1.97157 14.0079 8.54048 29.5812 15.2848 6.1391 54.1011
329178 2.62877 13.9887 9.01607 29.147 14.3714 5.89962 54.7805
329192 2.62877 13.9887 9.01607 29.147 14.3714 5.89962 54.7805
329198 3.3826 13.8636 10.2607 28.6742 12.8577 5.79075 56.1812
329216 4.22342 13.6135 12.7298 28.4234 10.6305 5.92886 58.99
329220 4.22342 13.6135 12.7298 28.4234 10.6305 5.92886 58.99
329228 4.99659 13.1228 14.6119 27.4682 8.71375 5.97033 60.1995
329238 5.52814 12.459 15.047 25.4325 7.40434 5.77057 58.4666
329258 5.52814 12.459 15.047 25.4325 7.40434 5.77057 58.4666
329260 5.88573 11.7085 14.8952 23.1555 6.3272 5.51437 55.645
329269 5.88573 11.7085 14.8952 23.1555 6.3272 5.51437 55.645
329279 6.04036 10.8427 15.0976 21.1969 5.1251 5.47548 53.1776
329289 6.13701 10.1404 15.7857 19.6532 3.80483 5.5577 51.7163
329303 6.13701 10.1404 15.7857 19.6532 3.80483 5.5577 51.7163
329309 6.46561 9.48613 16.6661 18.1095 2.19999 5.56619 50.7273
329325 6.88118 9.03396 17.9905 16.6321 0.392976 5.55252 50.5377
329330 6.88118 9.03396 17.9905 16.6321 0.392976 5.55252 50.5377
329340 7.46106 9.00509 19.1831 15.0541 -1.27456 5.25736 50.7034
329350 7.46106 9.00509 19.1831 15.0541 -1.27456 5.25736 50.7034
329360 8.2149 9.09168 20.6486 13.6213 -2.98128 4.93345 51.5765
329370 9.04605 9.24561 22.3163 12.3628 -4.60347 4.6405 52.9707
329396 9.82888 9.30334 24.0345 11.2882 -6.09306 4.45977 54.4549
329401 10.6407 9.07244 25.7426 10.8138 -7.32948 4.48997 56.2695
329412 10.6407 9.07244 25.7426 10.8138 -7.32948 4.48997 56.2695
329421 11.1819 8.61064 27.5113 10.8331 -8.27762 4.78659 58.137
329434 11.5105 7.99491 29.0981 11.0655 -9.02823 5.19319 59.669
329455 11.5105 7.99491 29.0981 11.0655 -9.02823 5.19319 59.669
329459 11.7425 7.34069 30.3716 11.3462 -9.6327 5.58412 60.801
329469 11.7425 7.34069 30.3716 11.3462 -9.6327 5.58412 60.801
329479 11.7521 6.5614 31.1296 11.3366 -10.2764 5.9607 60.7797
329488 11.5009 5.67629 31.4328 11.201 -10.8911 6.38429 59.811
329500 11.5009 5.67629 31.4328 11.201 -10.8911 6.38429 59.811
329506 11.1046 4.74307 31.5743 11.0074 -11.5218 6.86317 58.4294
329515 10.6697 3.70402 31.7866 10.7944 -12.272 7.42887 56.9547
329524 10.6697 3.70402 31.7866 10.7944 -12.272 7.42887 56.9547
329534 10.3701 2.90549 32.0595 10.7073 -12.8549 7.89345 56.0423
329544 10.3701 2.90549 32.0595 10.7073 -12.8549 7.89345 56.0423
329554 9.85787 2.11658 32.393 10.6298 -13.4118 8.46816 54.9973
329564 9.49062 1.39502 32.8377 10.7363 -13.8621 9.00347 54.4597
329575 9.49062 1.39502 32.8377 10.7363 -13.8621 9.00347 54.4597
329587 9.24901 0.846633 33.3026 10.7847 -14.2666 9.41026 54.183
329595 9.02672 0.519525 33.6159 10.93 -14.4167 9.70556 54.0921
329609 9.02672 0.519525 33.6159 10.93 -14.4167 9.70556 54.0921
329615 8.93974 0.34635 33.808 10.988 -14.5211 9.84889 54.0821
329625 8.93974 0.34635 33.808 10.988 -14.5211 9.84889 54.0821
329635 8.93974 0.307866 33.8787 11.0655 -14.5064 9.88063 54.1918
329645 8.98806 0.375212 33.8282 11.1139 -14.4218 9.82743 54.3053
329660 8.98806 0.375212 33.8282 11.1139 -14.4218 9.82743 54.3053
329666 8.99773 0.365591 33.7776 11.0461 -14.4701 9.81612 54.1871
329678 9.00739 0.34635 33.626 11.0074 -14.4848 9.80224 53.9872
329686 9.00739 0.34635 33.626 11.0074 -14.4848 9.80224 53.9872
329700 8.98806 0.404075 33.5351 10.8815 -14.5132 9.7636 53.8088
329706 8.98806 0.404075 33.5351 10.8815 -14.5132 9.7636 53.8088
329716 9.06538 0.423316 33.3329 10.7751 -14.5531 9.68884 53.5967
329726 9.13303 0.404075 33.2218 10.8815 -14.4803 9.66609 53.6404
329745 9.13303 0.404075 33.2218 10.8815 -14.4803 9.66609 53.6404
329748 9.278 0.490662 33.151 10.8235 -14.4739 9.54703 53.7431
329758 9.32632 0.423316 33.2117 10.7944 -14.566 9.55892 53.7557
329768 9.32632 0.423316 33.2117 10.7944 -14.566 9.55892 53.7557
329778 9.49062 0.423316 33.1611 10.7654 -14.6094 9.47593 53.8404
329789 9.49062 0.423316 33.1611 10.7654 -14.6094 9.47593 53.8404
329798 9.47129 0.4618 33.1308 10.7363 -14.5929 9.46112 53.8002
329818 9.5776 0.423316 33.1308 10.7363 -14.6417 9.43032 53.868
329836 9.61626 0.452179 32.9893 10.6492 -14.6649 9.3759 53.7069
329845 9.69358 0.538766 33.0196 10.6976 -14.5862 9.31005 53.9496
329856 9.69358 0.538766 33.0196 10.6976 -14.5862 9.31005 53.9496
329864 9.85787 0.798529 33.0095 10.9493 -14.2449 9.14647 54.6152
329879 9.85787 0.798529 33.0095 10.9493 -14.2449 9.14647 54.6152
329883 10.2348 1.52009 32.8478 11.1333 -13.6488 8.67291 55.7359
329891 10.5441 2.44369 32.4435 11.2882 -12.8949 8.13053 56.7194
329902 10.5441 2.44369 32.4435 11.2882 -12.8949 8.13053 56.7194
329910 10.805 3.38653 31.9382 11.3172 -12.2023 7.58888 57.4469
329923 10.9113 4.22354 31.2206 11.385 -11.4839 7.13643 57.7404
329930 10.9113 4.22354 31.2206 11.385 -11.4839 7.13643 57.7404
329940 10.9306 4.8489 30.2099 11.2978 -10.9072 6.73662 57.2872
329950 10.9306 4.8489 30.2099 11.2978 -10.9072 6.73662 57.2872
329960 10.7084 5.4069 29.3407 11.7335 -10.0144 6.54637 57.1894
329970 10.6794 5.87832 28.7241 13.3405 -8.6079 6.5266 58.6224
329985 10.6794 5.87832 28.7241 13.3405 -8.6079 6.5266 58.6224
329992 10.2638 6.16695 27.7033 14.9379 -7.13631 6.65557 59.072
330001 9.76123 6.26316 26.2277 15.2477 -6.29483 6.63942 57.4998
330013 9.76123 6.26316 26.2277 15.2477 -6.29483 6.63942 57.4998
330021 9.26833 6.42671 24.4388 14.8411 -5.65679 6.43516 54.9749
330036 9.26833 6.42671 24.4388 14.8411 -5.65679 6.43516 54.9749
330042 8.75611 6.60951 22.7206 14.5604 -4.89434 6.24409 52.6466
330051 8.5145 6.95586 21.4067 14.8024 -3.94882 6.01943 51.6794
330061 8.5145 6.95586 21.4067 14.8024 -3.94882 6.01943 51.6794
330081 8.26322 7.34069 20.4263 15.5575 -2.80653 5.9258 51.5877
330084 7.98294 7.74477 19.4964 16.7192 -1.45127 5.91643 51.9434
330093 7.98294 7.74477 19.4964 16.7192 -1.45127 5.91643 51.9434
330105 7.83798 8.24505 18.5161 18.1192 0.0048399 5.84775 52.7183
330118 7.83798 8.24505 18.5161 18.1192 0.0048399 5.84775 52.7183
330128 7.66401 8.85116 17.1617 19.7208 1.75392 5.72141 53.3977
330134 7.43206 9.72666 15.6036 21.332 3.70789 5.484 54.0943
330144 7.43206 9.72666 15.6036 21.332 3.70789 5.484 54.0943
330154 7.14213 10.5637 13.944 22.9047 5.67421 5.26343 54.5545
330164 6.81353 11.3237 12.3351 24.4387 7.56394 5.09094 54.9111
330183 6.81353 11.3237 12.3351 24.4387 7.56394 5.09094 54.9111
330184 6.20466 12.0357 10.9994 26.0017 9.42829 5.09422 55.2414
330197 6.20466 12.0357 10.9994 26.0017 9.42829 5.09422 55.2414
330213 5.71177 12.6802 10.0685 27.4972 10.8998 5.13967 55.9576
330223 5.03525 13.1902 9.64345 28.983 12.0904 5.38268 56.8518
330224 5.03525 13.1902 9.64345 28.983 12.0904 5.38268 56.8518
330238 4.41671 13.6135 9.47143 30.1986 12.9653 5.62559 57.7003
330246 3.50824 13.8347 9.25893 30.9801 13.9139 5.96438 57.5821
330255 3.50824 13.8347 9.25893 30.9801 13.9139 5.96438 57.5821
330269 2.79306 13.9791 9.06667 31.3371 14.6287 6.19972 57.1759
330276 2.79306 13.9791 9.06667 31.3371 14.6287 6.19972 57.1759
330292 2.04889 14.0368 8.88452 31.4432 15.3096 6.44583 56.4134
330300 1.47868 14.056 8.65179 31.5976 15.9199 6.64563 55.7841
330306 1.47868 14.056 8.65179 31.5976 15.9199 6.64563 55.7841
330316 1.12109 14.0753 8.54048 31.5397 16.2607 6.75255 55.2766
330326 0.995452 14.133 8.4494 31.4432 16.4171 6.75128 55.0211
330340 0.995452 14.133 8.4494 31.4432 16.4171 6.75128 55.0211
330346 1.01478 14.0656 8.34821 31.1827 16.4276 6.71578 54.6114
330373 1.05344 13.9983 8.24702 30.9415 16.4266 6.67497 54.2403
330378 0.985787 13.9021 8.17619 30.5846 16.4611 6.67478 53.6486
330388 0.985787 13.9021 8.17619 30.5846 16.4611 6.67478 53.6486
330398 0.956794 13.777 8.08512 30.382 16.5021 6.69159 53.2009
330412 0.947129 13.7001 8.00417 30.16 16.5252 6.67953 52.8114
330418 0.947129 13.7001 8.00417 30.16 16.5252 6.67953 52.8114
330442 0.985787 13.854 7.95357 30.1697 16.5608 6.59426 52.963
330454 0.985787 13.854 7.95357 30.1697 16.5608 6.59426 52.963
330466 1.02445 14.0175 7.96369 30.2372 16.5593 6.52451 53.2429
330470 1.02445 14.0175 7.96369 30.2372 16.5593 6.52451 53.2429
330480 1.03411 14.1619 7.97381 30.1793 16.5576 6.4548 53.3491
330490 1.0631 14.3543 7.93333 30.1986 16.5999 6.36271 53.5493
330513 1.0631 14.3543 7.93333 30.1986 16.5999 6.36271 53.5493
330515 1.14042 14.5371 7.92321 30.1986 16.5764 6.2578 53.7993
330521 1.11143 14.6718 7.95357 30.3627 16.6219 6.24767 54.0994
330537 1.11143 14.6718 7.95357 30.3627 16.6219 6.24767 54.0994
330550 1.19841 14.7583 7.96369 30.4591 16.5758 6.19701 54.3796
330551 1.19841 14.7583 7.96369 30.4591 16.5758 6.19701 54.3796
330561 1.15009 14.6718 7.98393 30.4977 16.5898 6.25921 54.3035
330585 1.0921 14.614 8.0244 30.4012 16.5793 6.29561 54.1318
330589 1.0921 14.614 8.0244 30.4012 16.5793 6.29561 54.1318
330598 1.04377 14.4793 7.97381 30.2951 16.6181 6.34271 53.792
330609 1.07277 14.3062 8.0244 30.1311 16.5034 6.38184 53.5344
330614 1.07277 14.3062 8.0244 30.1311 16.5034 6.38184 53.5344
330623 1.58499 14.2773 8.5506 30.025 15.6907 6.25849 54.4379
330635 1.58499 14.2773 8.5506 30.025 15.6907 6.25849 54.4379
330644 2.50313 14.3254 9.67381 29.8031 14.1867 6.03361 56.3054
330658 3.53724 14.2196 11.9405 29.5619 11.9407 6.01059 59.2592
330664 3.53724 14.2196 11.9405 29.5619 11.9407 6.01059 59.2592
330674 4.61001 13.9598 13.9036 28.4716 9.81125 5.85906 60.945
330689 5.36384 13.4403 14.2577 26.185 8.44084 5.47842 59.2469
330695 5.36384 13.4403 14.2577 26.185 8.44084 5.47842 59.2469
330705 6.00171 12.7861 13.7518 23.5028 7.3763 4.94273 56.0424
330715 6.00171 12.7861 13.7518 23.5028 7.3763 4.94273 56.0424
330730 6.30131 12.2184 13.3673 21.1198 6.44712 4.51846 53.0068
330736 6.72655 11.7951 13.5595 19.0454 5.16094 4.13187 51.1266
330761 7.21944 11.4103 13.9542 17.2509 3.75619 3.78509 49.8348
330767 7.81865 11.1409 14.8345 15.5575 2.0492 3.4748 49.3516
330793 8.56282 11.1698 16.0083 13.9795 0.290689 3.09387 49.7204
330803 8.56282 11.1698 16.0083 13.9795 0.290689 3.09387 49.7204
330806 9.6066 11.4776 17.7681 12.4499 -1.67985 2.67058 51.3023
330816 10.7277 11.8913 19.7289 11.3366 -3.36628 2.36002 53.6845
330826 10.7277 11.8913 19.7289 11.3366 -3.36628 2.36002 53.6845
330838 11.6362 12.1607 21.5684 10.5718 -4.68029 2.23731 55.937
330850 12.2257 12.0164 23.4483 10.4556 -5.67622 2.49246 58.146
330858 12.2257 12.0164 23.4483 10.4556 -5.67622 2.49246 58.146
330874 12.6799 11.6604 25.3383 10.6298 -6.51978 2.89207 60.3085
330878 12.9215 11.6604 26.9049 10.8138 -6.96309 3.16289 62.3006
330900 12.9215 10.7561 26.9049 10.8138 -7.4339 3.43043 61.3963
330902 12.7959 9.57272 28.148 10.7847 -8.3956 4.05312 61.3014
330924 12.7959 9.57272 28.148 10.7847 -8.3956 4.05312 61.3014
330928 12.6509 8.13922 29.1082 10.5137 -9.56194 4.67582 60.412
330931 12.2837 6.52292 29.5933 10.291 -10.6759 5.38697 58.6909
330939 12.2837 6.52292 29.5933 10.291 -10.6759 5.38697 58.6909
330958 11.8584 4.97397 30.0886 9.98121 -11.8589 6.12561 56.9022
330959 11.3945 3.55008 30.5333 9.74886 -12.9597 6.88186 55.2268
330974 11.3945 3.55008 30.5333 9.74886 -12.9597 6.88186 55.2268
330980 11.037 2.47255 30.9679 9.63269 -13.8142 7.50999 54.1101
330990 11.037 2.47255 30.9679 9.63269 -13.8142 7.50999 54.1101
331000 10.834 1.63554 31.5036 9.62301 -14.4969 8.02027 53.5961
331010 10.689 1.06791 31.9584 9.69077 -14.9275 8.39573 53.4061
331023 10.689 1.06791 31.9584 9.69077 -14.9275 8.39573 53.4061
331030 10.6794 0.885116 32.4031 9.91344 -14.9793 8.5611 53.881
331047 10.6794 0.885116 32.4031 9.91344 -14.9793 8.5611 53.881
331050 10.747 0.827391 32.5951 9.95216 -15.0414 8.58423 54.1217
331060 10.66 0.856254 32.6457 10.0683 -14.9276 8.62923 54.2303
331071 10.66 0.856254 32.6457 10.0683 -14.9276 8.62923 54.2303
331080 10.5344 0.865874 32.6659 10.0296 -14.9294 8.67773 54.0958
331096 10.4861 0.81777 32.6052 10.0393 -14.9375 8.71408 53.9484
331102 10.4861 0.81777 32.6052 10.0393 -14.9375 8.71408 53.9484
331120 10.3798 0.798529 32.5345 9.96185 -14.9763 8.75219 53.6746
331123 10.3798 0.798529 32.5345 9.96185 -14.9763 8.75219 53.6746
331131 10.2251 0.827391 32.4132 9.94248 -14.9174 8.79167 53.4082
331145 10.1575 0.731183 32.3424 9.96185 -14.9488 8.85896 53.193
331153 10.1575 0.731183 32.3424 9.96185 -14.9488 8.85896 53.193
331169 10.0608 0.70232 32.4435 9.97153 -14.9641 8.92807 53.1782
331173 10.0802 0.70232 32.5345 9.99089 -14.9703 8.93196 53.3079
331193 10.0802 0.70232 32.5345 9.99089 -14.9703 8.93196 53.3079
331196 10.1575 0.731183 32.6254 9.97153 -14.9948 8.89257 53.4856
331204 10.1768 0.673458 32.6861 9.96185 -15.0601 8.91554 53.4982
331218 10.1768 0.673458 32.6861 9.96185 -15.0601 8.91554 53.4982
331224 10.2058 0.711941 32.7568 9.97153 -15.0426 8.89458 53.6461
331234 10.2058 0.711941 32.7568 9.97153 -15.0426 8.89458 53.6461
331249 10.2348 0.692699 32.7973 10.049 -15.0122 8.90363 53.7737
331258 10.4474 1.33729 32.9388 10.3297 -14.4039 8.57819 55.0532
331267 10.4474 1.33729 32.9388 10.3297 -14.4039 8.57819 55.0532
331275 10.7084 1.92417 32.8478 10.5427 -13.8734 8.23536 56.023
331294 10.9306 2.8189 32.5446 10.6879 -13.1482 7.76112 56.9821
331297 10.9306 2.8189 32.5446 10.6879 -13.1482 7.76112 56.9821
331305 11.1626 3.7425 32.0493 10.8719 -12.3636 7.26731 57.8263
331315 11.1626 3.7425 32.0493 10.8719 -12.3636 7.26731 57.8263
331341 11.2786 4.64686 31.2206 10.8428 -11.6442 6.76112 57.9888
331342 11.2399 5.45501 30.2907 11.0558 -10.7767 6.37086 58.0415
331346 11.2399 5.45501 30.2907 11.0558 -10.7767 6.37086 58.0415
331356 11.1723 6.18619 29.6034 12.4692 -9.305 6.2377 59.4311
331368 10.9596 6.54216 28.9162 14.4539 -7.7539 6.37444 60.8718
331394 10.3218 6.60951 27.3698 14.8895 -6.83915 6.4186 59.1906
331398 10.3218 6.60951 27.3698 14.8895 -6.83915 6.4186 59.1906
331408 9.75156 6.58065 25.2776 14.299 -6.32708 6.23634 55.9088
331418 9.25867 6.66723 23.3775 13.7181 -5.77636 5.989 53.0215
331428 9.25867 6.66723 23.3775 13.7181 -5.77636 5.989 53.0215
331442 8.7851 6.85003 21.7402 13.6213 -4.92874 5.80225 50.9966
331448 8.57248 7.19638 20.4263 14.0376 -3.86441 5.58252 50.2327
331467 8.57248 7.19638 20.4263 14.0376 -3.86441 5.58252 50.2327
331470 8.4855 7.6678 19.1932 14.8992 -2.54336 5.35542 50.2457
331479 8.4855 7.6678 19.1932 14.8992 -2.54336 5.35542 50.2457
331492 8.46617 8.21619 17.8692 16.1674 -0.962049 5.13248 50.719
331499 8.64014 9.03396 16.3018 17.685 0.859958 4.73648 51.6609
331518 8.64014 9.03396 16.3018 17.685 0.859958 4.73648 51.6609
331521 8.7851 9.85173 14.4399 19.3252 2.83956 4.33045 52.4019
331530 8.84309 10.8234 12.5173 21.004 4.91986 3.9073 53.1878
331556 8.64014 11.8336 10.7565 22.8371 7.0625 3.63988 54.0674
331567 8.27288 12.8246 9.80536 24.8729 8.79379 3.65234 55.7757
331571 8.27288 12.8246 9.80536 24.8729 8.79379 3.65234 55.7757
331581 7.77999 13.854 9.50179 26.8893 10.1084 3.81485 58.0251
331592 7.77999 13.854 9.50179 26.8893 10.1084 3.81485 58.0251
331601 7.18078 14.5563 9.42083 28.3365 11.0478 4.0391 59.4945
331619 6.41728 15.0374 9.37024 29.311 11.8735 4.29692 60.1359
331622 6.41728 15.0374 9.37024 29.311 11.8735 4.29692 60.1359
331643 5.46049 15.172 8.99583 29.639 12.8042 4.55622 59.2674
331647 4.36839 15.1336 8.62143 29.7162 13.7708 4.88481 57.8396
331655 4.36839 15.1336 8.62143 29.7162 13.7708 4.88481 57.8396
331669 3.18931 14.9411 8.36845 29.8417 14.7429 5.34597 56.3406
331674 3.18931 14.9411 8.36845 29.8417 14.7429 5.34597 56.3406
331683 2.19386 14.691 8.1256 29.9767 15.6165 5.78793 54.9872
331703 1.60432 14.5274 8.075 30.1311 16.0934 6.09363 54.3379
331708 1.60432 14.5274 8.075 30.1311 16.0934 6.09363 54.3379
331722 1.35304 14.2869 8.01429 30.16 16.2966 6.28115 53.8143
331725 1.28539 14.1522 8.10536 30.3434 16.2865 6.40545 53.8863
331734 1.28539 14.1522 8.10536 30.3434 16.2865 6.40545 53.8863
331748 1.21774 13.9887 8.075 30.3434 16.3354 6.49288 53.6248
331763 1.21774 13.9887 8.075 30.3434 16.3354 6.49288 53.6248
331764 1.23707 13.8155 8.1256 30.2855 16.2439 6.55356 53.4636
331775 1.24673 13.6616 8.11548 30.2083 16.2062 6.59812 53.2321
331784 1.24673 13.6616 8.11548 30.2083 16.2062 6.59812 53.2321
331801 1.15009 13.5076 8.05476 29.9574 16.2618 6.65118 52.6699
331811 1.07277 13.4595 8.09524 29.8802 16.2699 6.69706 52.5078
331827 1.07277 13.4595 8.09524 29.8802 16.2699 6.69706 52.5078
331828 1.05344 13.3248 8.00417 29.8224 16.3249 6.73738 52.2048
331836 1.05344 13.3248 8.00417 29.8224 16.3249 6.73738 52.2048
331853 1.01478 13.2479 8.04464 29.9285 16.3283 6.80869 52.2358
331860 0.976123 13.1613 8.05476 30.0346 16.3542 6.87922 52.2268
331866 0.976123 13.1613 8.05476 30.0346 16.3542 6.87922 52.2268
331878 1.01478 13.0266 8.01429 30.0732 16.3397 6.91923 52.1289
331886 1.08243 12.9304 8.34821 30.0636 16.0055 6.98116 52.4246
331903 1.08243 12.9304 8.34821 30.0636 16.0055 6.98116 52.4246
331908 1.66231 12.8919 8.54048 29.8417 15.3632 6.75186 52.9363
331918 1.66231 12.8919 8.54048 29.8417 15.3632 6.75186 52.9363
331930 2.40648 12.863 9.0869 29.2435 14.2785 6.45361 53.5999
331938 3.4116 12.6514 13.3268 29.832 10.868 6.86297 59.2218
331958 3.4116 12.6514 13.3268 29.832 10.868 6.86297 59.2218
331960 4.76464 12.4493 19.0012 30.4398 7.17251 7.25235 66.655
331968 5.11256 11.824 18.5363 27.1788 6.12672 6.89012 62.6516
331983 5.11256 11.824 18.5363 27.1788 6.12672 6.89012 62.6516
331989 5.97271 11.2083 16.7369 23.3967 5.18863 6.00702 57.3146
331999 5.97271 11.2083 16.7369 23.3967 5.18863 6.00702 57.3146
332018 6.23366 10.5444 15.9173 20.5795 4.2107 5.55196 53.2748
332019 6.50426 10.0153 15.9375 18.0999 2.80545 5.19746 50.5569
332036 6.50426 10.0153 15.9375 18.0999 2.80545 5.19746 50.5569
332039 7.1228 9.75552 16.3018 16.0416 1.20501 4.71288 49.2217
332049 7.722 9.63045 17.1314 14.4732 -0.382842 4.36674 48.9571
332068 7.722 9.63045 17.1314 14.4732 -0.382842 4.36674 48.9571
332072 8.57248 9.7459 18.4453 13.2437 -2.01378 4.0106 50.0074
332089 8.57248 9.7459 18.4453 13.2437 -2.01378 4.0106 50.0074
332092 9.48096 9.96718 20.2241 12.1595 -3.65532 3.74349 51.8317
332103 10.4088 10.1692 22.0939 11.3269 -5.09576 3.56754 53.9988
332120 11.2786 10.3809 23.5696 10.6589 -6.17682 3.37345 55.8879
332130 11.8681 10.2943 24.9441 10.2232 -7.1057 3.40267 57.3297
332148 11.8681 10.2943 24.9441 10.2232 -7.1057 3.40267 57.3297
332151 12.3223 10.0153 26.1671 10.2039 -7.78006 3.5855 58.7086
332173 12.3223 10.0153 26.1671 10.2039 -7.78006 3.5855 58.7086
332176 12.477 9.5631 27.1879 10.2039 -8.37004 3.87461 59.4318
332181 12.6413 8.81268 28.1278 10.2426 -9.07399 4.24153 59.8244
332200 12.6413 8.81268 28.1278 10.2426 -9.07399 4.24153 59.8244
332204 12.593 7.8987 28.522 10.0877 -9.78343 4.59838 59.1013
332213 12.4576 6.89813 28.9364 9.83599 -10.6058 5.01046 58.1282
332229 12.4576 6.89813 28.9364 9.83599 -10.6058 5.01046 58.1282
332232 12.3803 5.71477 29.28 9.48747 -11.6325 5.45325 56.8626
332258 12.3803 5.71477 29.28 9.48747 -11.6325 5.45325 56.8626
332262 12.1677 4.62762 29.4215 9.18736 -12.5326 5.90575 55.4042
332264 12.1001 3.61743 29.9067 9.07118 -13.4006 6.37907 54.6953
332273 12.1001 3.61743 29.9067 9.07118 -13.4006 6.37907 54.6953
332287 12.1677 2.75156 30.5838 9.11959 -14.1335 6.80601 54.6227
332293 12.216 2.04924 31.261 9.15831 -14.7525 7.17406 54.6846
332303 12.216 2.04924 31.261 9.15831 -14.7525 7.17406 54.6846
332315 12.2644 1.44312 31.9382 9.26481 -15.2496 7.511 54.9105
332324 12.2644 1.44312 31.9382 9.26481 -15.2496 7.511 54.9105
332342 12.2644 0.952462 32.2616 9.3713 -15.589 7.77107 54.8497
332346 12.3513 0.913979 32.4031 9.39066 -15.6422 7.77214 55.0591
332354 12.3513 0.913979 32.4031 9.39066 -15.6422 7.77214 55.0591
332373 12.39 0.904358 32.2919 9.34226 -15.6728 7.7391 54.9285
332375 12.4383 0.885116 32.0898 9.24544 -15.7329 7.68729 54.6587
332385 12.4383 0.885116 32.0898 9.24544 -15.7329 7.68729 54.6587
332402 12.4093 0.942841 31.8674 9.14863 -15.7193 7.63237 54.3682
332406 12.4093 0.942841 31.8674 9.14863 -15.7193 7.63237 54.3682
332430 12.4383 0.93322 31.6046 9.0615 -15.7521 7.57655 54.0377
332432 12.3513 0.865874 31.453 9.02278 -15.7915 7.61513 53.693
332435 12.3513 0.865874 31.453 9.02278 -15.7915 7.61513 53.693
332445 12.2837 0.846633 31.2711 8.97437 -15.8001 7.62007 53.3758
332464 12.1967 0.827391 31.2004 8.93565 -15.8173 7.65007 53.1601
332473 12.1967 0.827391 31.2004 8.93565 -15.8173 7.65007 53.1601
332485 12.1194 0.827391 31.1801 9.00342 -15.7484 7.68961 53.1303
332486 12.1194 0.827391 31.1801 9.00342 -15.7484 7.68961 53.1303
332496 12.0904 0.846633 31.2509 9.02278 -15.7261 7.70615 53.2107
332512 12.0614 0.808149 31.3722 9.07118 -15.7346 7.7581 53.3129
332519 12.0614 0.808149 31.3722 9.07118 -15.7346 7.7581 53.3129
332528 12.0517 0.779287 31.5137 9.08087 -15.7721 7.79501 53.4256
332539 12.0324 0.779287 31.6046 9.0615 -15.7992 7.8129 53.4778
332548 12.0324 0.779287 31.6046 9.0615 -15.7992 7.8129 53.4778
332568 12.3127 1.58744 31.544 9.29385 -15.0606 7.38182 54.738
332569 12.3127 1.58744 31.544 9.29385 -15.0606 7.38182 54.738
332578 12.6123 2.60724 31.2711 9.49715 -14.1901 6.8449 55.9878
332595 12.9215 3.76174 30.9376 9.64237 -13.2961 6.25969 57.2632
332598 12.9215 3.76174 30.9376 9.64237 -13.2961 6.25969 57.2632
332608 12.9892 4.63724 30.1998 9.71014 -12.5319 5.80941 57.5363
332622 13.0569 5.64743 29.3205 9.71982 -11.6938 5.28257 57.7445
332629 13.0569 5.64743 29.3205 9.71982 -11.6938 5.28257 57.7445
332649 13.0665 6.7442 28.0773 9.61333 -10.7764 4.66422 57.5013
332651 13.0665 6.7442 28.0773 9.61333 -10.7764 4.66422 57.5013
332659 12.9699 7.60045 26.7836 9.40034 -10.0224 4.12664 56.7543
332678 12.7379 8.20656 25.4899 9.17768 -9.37008 3.70147 55.6121
332695 12.361 8.5914 24.2568 9.25513 -8.61633 3.45902 54.4644
332710 12.1677 8.83192 23.4685 10.0393 -7.68931 3.44214 54.5074
332712 12.1677 8.83192 23.4685 10.0393 -7.68931 3.44214 54.5074
332720 11.8778 9.11092 22.953 11.6657 -6.31847 3.67668 55.6074
332738 11.8778 9.11092 22.953 11.6657 -6.31847 3.67668 55.6074
332749 11.5395 9.32258 22.2759 13.0308 -5.10161 3.85745 56.1687
332769 11.3559 9.53424 21.3966 13.5632 -4.32185 3.77878 55.8499
332770 11.3559 9.53424 21.3966 13.5632 -4.32185 3.77878 55.8499
332775 11.1723 9.75552 20.1029 13.6407 -3.60287 3.51622 54.6713
332784 11.037 9.88059 18.7788 13.6794 -2.93008 3.24324 53.3758
332797 11.037 9.88059 18.7788 13.6794 -2.93008 3.24324 53.3758
332803 11.0176 10.1788 17.3841 13.9892 -2.01336 2.9038 52.5697
332813 11.0563 10.1788 15.9274 13.9892 -1.37613 2.5458 51.1517
332823 11.0563 10.6503 15.9274 14.4926 -0.882857 2.50739 52.1265
332835 11.0466 11.266 14.4905 15.3349 0.510064 2.1614 52.1379
332854 11.0466 11.266 14.4905 15.3349 0.510064 2.1614 52.1379
332854 10.979 12.0645 12.8714 16.5159 2.25538 1.81493 52.4309
332863 10.7857 13.0651 11.5155 17.9745 4.09556 1.5858 53.3407
332883 10.7857 13.0651 11.5155 17.9745 4.09556 1.5858 53.3407
332885 10.602 13.9598 10.2202 19.4217 5.79259 1.40582 54.2038
332893 10.602 13.9598 10.2202 19.4217 5.79259 1.40582 54.2038
332918 10.1575 14.8065 9.29941 20.9557 7.3821 1.43733 55.2191
332919 9.70324 15.4992 8.86429 22.5863 8.61292 1.65432 56.6529
332948 9.01706 16.2977 8.82381 24.3133 9.73883 2.00738 58.4518
332948 8.22456 16.8172 8.70238 25.664 10.7537 2.35438 59.4082
332954 8.22456 16.8172 8.70238 25.664 10.7537 2.35438 59.4082
332964 6.89085 17.0478 8.42917 26.5613 12.0013 2.81316 58.9291
332979 6.89085 17.0478 8.42917 26.5613 12.0013 2.81316 58.9291
332989 5.2382 17.1052 7.94345 26.9858 13.4922 3.29629 57.2727
332995 3.72086 17.1148 7.4375 27.227 14.9475 3.73752 55.5002
333009 3.72086 17.1148 7.4375 27.227 14.9475 3.73752 55.5002
333016 2.60944 17.067 7.12381 27.4103 16.0227 4.11112 54.2105
333025 2.05856 17.1339 7.05298 27.777 16.5669 4.34193 54.0224
333045 2.05856 17.1339 7.05298 27.777 16.5669 4.34193 54.0224
333047 1.93292 17.2105 7.13393 28.0085 16.649 4.42078 54.2858
333056 1.93292 17.2105 7.13393 28.0085 16.649 4.42078 54.2858
333070 1.86526 17.2009 7.1744 28.1243 16.6861 4.47877 54.3649
333076 1.84594 17.0287 7.19464 28.2208 16.6738 4.57011 54.2901
333100 1.84594 17.0287 7.19464 28.2208 16.6738 4.57011 54.2901
333103 1.79761 16.8461 7.14405 28.0953 16.7027 4.61993 53.8831
333106 1.7203 16.5767 7.14405 28.105 16.7227 4.74883 53.546
333116 1.7203 16.5767 7.14405 28.105 16.7227 4.74883 53.546
333135 1.62365 16.3746 7.13393 27.9699 16.754 4.83188 53.1021
333144 1.62365 16.3746 7.13393 27.9699 16.754 4.83188 53.1021
333160 1.58499 16.0956 7.15417 27.8927 16.7129 4.94038 52.7275
333163 1.53667 15.7782 7.05298 27.7866 16.7652 5.04025 52.1544
333171 1.53667 15.7782 7.05298 27.7866 16.7652 5.04025 52.1544
333190 1.44969 15.7012 7.09345 27.7673 16.7873 5.10748 52.0116
333191 1.41103 15.528 7.1744 27.9603 16.7565 5.24131 52.0737
333198 1.41103 15.528 7.1744 27.9603 16.7565 5.24131 52.0737
333220 1.3917 15.3356 7.2756 28.3076 16.7155 5.40692 52.3105
333221 1.3917 15.3356 7.2756 28.3076 16.7155 5.40692 52.3105
333228 1.35304 15.2201 7.3869 28.6453 16.6929 5.54858 52.6054
333249 1.54633 15.1624 7.9131 28.9251 16.1672 5.63882 53.5469
333251 1.54633 15.1624 7.9131 28.9251 16.1672 5.63882 53.5469
333263 2.66742 15.2201 8.3381 28.8961 15.0171 5.2647 55.1218
333280 4.05912 15.1817 9.59286 28.7611 13.1482 4.97784 57.5947
333282 4.05912 15.1817 9.59286 28.7611 13.1482 4.97784 57.5947
333289 5.57646 15.1047 12.5881 28.6935 10.3424 4.98698 61.9628
333315 6.72655 14.6333 15.0369 27.748 8.03567 5.01017 64.1447
333319 7.23877 13.7578 14.5917 24.8536 6.94094 4.57846 60.4418
333343 7.23877 13.7578 14.5917 24.8536 6.94094 4.57846 60.4418
333345 7.52871 12.8246 13.6202 21.8916 6.07142 4.07013 55.8651
333349 7.70267 11.7182 13.4482 19.5278 4.81665 3.88053 52.3969
333374 7.70267 11.7182 13.4482 19.5278 4.81665 3.88053 52.3969
333375 7.99261 10.8427 13.7923 17.7429 3.37535 3.78194 50.3705
333380 7.99261 10.8427 13.7923 17.7429 3.37535 3.78194 50.3705
333390 8.46617 10.2269 14.4905 16.1868 1.75058 3.6411 49.3704
333407 9.07504 10.2077 15.3405 14.7249 0.261974 3.27753 49.3482
333410 9.07504 10.2077 15.3405 14.7249 0.261974 3.27753 49.3482
333420 9.7419 10.4001 16.4232 13.389 -1.18911 2.90371 49.9542
333439 10.5537 10.9004 17.8389 12.2563 -2.53929 2.5144 51.5493
333442 10.5537 10.9004 17.8389 12.2563 -2.53929 2.5144 51.5493
333451 11.2013 11.3237 19.1528 11.172 -3.71731 2.21377 52.8497
333471 11.2013 11.3237 19.1528 11.172 -3.71731 2.21377 52.8497
333473 11.8005 11.6893 20.497 10.291 -4.75202 2.01692 54.2778
333503 12.3997 12.0645 21.7907 9.70046 -5.55148 1.88374 55.9554
333505 12.3997 12.0645 21.7907 9.70046 -5.55148 1.88374 55.9554
333508 12.8346 12.1126 23.0844 9.55524 -6.1868 2.00371 57.5868
333516 13.0858 11.7085 24.7521 9.80695 -6.8751 2.46775 59.3534
333535 13.0858 11.7085 24.7521 9.80695 -6.8751 2.46775 59.3534
333537 13.3468 10.9966 26.0256 9.96185 -7.63039 2.89504 60.3308
333544 13.3468 10.9966 26.0256 9.96185 -7.63039 2.89504 60.3308
333564 13.2405 9.94793 27.1171 9.86503 -8.536 3.43866 60.1706
333568 13.0858 8.52405 28.1683 9.78759 -9.62905 4.11628 59.5657
333574 13.0858 8.52405 28.1683 9.78759 -9.62905 4.11628 59.5657
333595 12.8732 6.95586 28.8454 9.59396 -10.7986 4.79083 58.2685
333596 12.4673 5.33956 29.3508 9.32289 -12.0199 5.54177 56.4805
333604 12.4673 5.33956 29.3508 9.32289 -12.0199 5.54177 56.4805
333627 12.1774 3.95416 29.9168 9.19704 -13.0975 6.24006 55.2453
333627 12.1774 3.95416 29.9168 9.19704 -13.0975 6.24006 55.2453
333634 12.0517 2.60724 30.6243 9.12927 -14.2152 6.91786 54.4125
333660 11.8971 1.78947 31.2105 9.18736 -14.8521 7.40821 54.0844
333661 11.8971 1.78947 31.2105 9.18736 -14.8521 7.40821 54.0844
333665 12.0421 1.28919 31.7562 9.30353 -15.2624 7.64699 54.391
333675 12.0614 1.12564 32.3121 9.46811 -15.3636 7.80279 54.9673
333694 12.0614 1.12564 32.3121 9.46811 -15.3636 7.80279 54.9673
333696 12.1001 1.16412 32.4132 9.53588 -15.3103 7.79294 55.2133
333706 12.1001 1.16412 32.4132 9.53588 -15.3103 7.79294 55.2133
333726 12.0034 1.11602 32.3526 9.43907 -15.3889 7.83235 54.911
333727 11.8488 1.07753 32.0595 9.3713 -15.3887 7.86589 54.3571
333736 11.8488 1.07753 32.0595 9.3713 -15.3887 7.86589 54.3571
333758 11.7135 1.05829 31.9685 9.32289 -15.399 7.91286 54.0631
333759 11.5685 1.01019 31.8169 9.26481 -15.4259 7.96761 53.6604
333768 11.5685 1.01019 31.8169 9.26481 -15.4259 7.96761 53.6604
333791 11.3849 0.904358 31.7967 9.22608 -15.4989 8.08454 53.312
333792 11.2786 0.904358 31.7259 9.22608 -15.4673 8.12152 53.1349
333798 11.2786 0.913979 31.7259 9.23576 -15.4526 8.11858 53.1542
333823 11.1916 0.856254 31.7663 9.27449 -15.4587 8.19186 53.0887
333824 11.1916 0.856254 31.7663 9.27449 -15.4587 8.19186 53.0887
333828 11.0949 0.846633 31.8674 9.3713 -15.3931 8.26353 53.1803
333838 11.0853 0.865874 32.0595 9.3713 -15.4114 8.2836 53.3819
333858 11.0853 0.865874 32.0595 9.3713 -15.4114 8.2836 53.3819
333859 11.0756 0.808149 32.1908 9.45843 -15.411 8.34032 53.533
333869 11.0756 0.808149 32.1908 9.45843 -15.411 8.34032 53.533
333886 11.008 0.865874 32.4435 9.46811 -15.3933 8.37711 53.7855
333898 11.0176 0.788908 32.5244 9.5746 -15.3873 8.42932 53.9055
333919 11.0176 0.788908 32.4536 9.5262 -15.411 8.41476 53.7864
333922 10.95 0.750424 32.4435 9.5262 -15.4261 8.45983 53.6701
333951 11.1916 1.53933 32.6153 9.83599 -14.693 8.0788 55.1823
333953 11.1916 1.53933 32.5345 9.83599 -14.6778 8.06864 55.1014
333960 11.5298 2.39559 32.5345 10.1361 -13.9288 7.61851 56.596
333983 11.7038 3.24222 32.3728 10.3781 -13.1966 7.22869 57.6969
333985 11.7038 3.24222 32.3728 10.3781 -13.1966 7.22869 57.6969
333990 11.8101 3.96378 31.827 10.5427 -12.5253 6.86124 58.1436
334000 11.8294 4.63724 30.8971 10.5137 -11.9112 6.46472 57.8775
334017 11.8294 4.63724 30.8971 10.5137 -11.9112 6.46472 57.8775
334022 11.7811 5.42615 29.7854 10.6589 -11.0498 6.04589 57.6515
334031 11.5975 5.94567 29.3306 12.1595 -9.6653 6.08476 59.0332
334058 11.2979 6.3305 28.8454 14.3764 -7.98534 6.30896 60.8502
334063 11.2979 6.3305 28.8454 14.3764 -7.98534 6.30896 60.8502
334080 10.6794 6.15733 27.4304 14.7637 -7.27959 6.44344 59.0308
334083 9.96418 5.92643 25.5101 14.0085 -7.01116 6.39641 55.4093
334093 9.96418 5.92643 25.5101 14.0085 -7.01116 6.39641 55.4093
334114 9.49062 5.98415 23.7515 13.2147 -6.6948 6.14732 52.4409
334115 9.13303 6.16695 22.4982 13.2534 -5.97967 6.00911 51.0516
334128 9.13303 6.16695 22.4982 13.2534 -5.97967 6.00911 51.0516
334146 8.88175 6.47482 21.4673 13.8827 -4.92616 5.91445 50.7066
334159 8.84309 6.92699 20.4162 14.9573 -3.60504 5.74952 51.1436
334179 8.83343 7.52349 19.2438 16.4869 -1.9519 5.57919 52.0876
334182 8.83343 7.52349 19.2438 16.4869 -1.9519 5.57919 52.0876
334184 8.87209 8.21619 17.8692 18.2446 -0.131807 5.36414 53.2021
334194 8.8141 8.96661 16.3524 19.9234 1.72205 5.13215 54.0565
334212 8.8141 8.96661 16.3524 19.9234 1.72205 5.13215 54.0565
334219 8.63047 9.69779 14.4702 21.3995 3.68862 4.85484 54.1981
334228 8.63047 9.69779 14.4702 21.3995 3.68862 4.85484 54.1981
334245 8.32121 10.4578 12.6994 23.0494 5.72488 4.66819 54.5278
334247 7.89596 11.2756 11.222 24.6992 7.64929 4.56039 55.0928
334278 7.89596 11.2756 11.222 24.6992 7.64929 4.56039 55.0928
334279 7.24844 11.9298 10.4024 26.4359 9.24499 4.72896 56.0165
334281 6.6299 12.5167 10.1494 28.2497 10.4209 5.01841 57.5457
334287 6.6299 12.5167 10.1494 28.2497 10.4209 5.01841 57.5457
334313 5.98238 12.9881 10.1595 29.5136 11.2373 5.29537 58.6436
334315 5.98238 12.9881 10.1595 29.5136 11.2373 5.29537 58.6436
334317 5.21887 13.2575 10.0786 30.2083 11.9838 5.56738 58.7632
334348 4.14611 13.2383 9.78512 30.382 12.8967 5.938 57.5514
334349 4.14611 13.2383 9.78512 30.382 12.8967 5.938 57.5514
334351 3.01535 13.1709 9.36012 30.517 13.963 6.3386 56.0634
334357 2.1842 13.142 9.07679 30.5942 14.7622 6.63981 54.9972
334383 2.1842 13.142 9.07679 30.5942 14.7622 6.63981 54.9972
334385 1.46902 13.1132 8.85417 30.6425 15.4554 6.91059 54.0788
334387 1.46902 13.1132 8.85417 30.6425 15.4554 6.91059 54.0788
334396 1.08243 13.0939 8.73274 30.8933 15.8785 7.09531 53.8024
334414 0.9278 13.1132 8.85417 31.1345 15.9476 7.20373 54.0297
334421 0.9278 13.1132 8.85417 31.1345 15.9476 7.20373 54.0297
334428 0.947129 13.1036 8.90476 31.3082 15.9222 7.23198 54.2636
334447 0.889142 12.9496 8.94524 31.2889 15.9064 7.32216 54.0729
334464 0.850483 12.8149 8.8744 31.2792 15.9652 7.38257 53.8191
334483 0.850483 12.8149 8.8744 31.2792 15.9652 7.38257 53.8191
334487 0.840819 12.6995 8.89464 31.1827 15.9214 7.42397 53.6177
334489 0.80216 12.6129 8.84405 30.9898 15.9423 7.44206 53.2489
334499 0.80216 12.6129 8.84405 30.9898 15.9423 7.44206 53.2489
334518 0.753837 12.5552 8.72262 30.7293 16.0194 7.43246 52.7609
334520 0.666856 12.4301 8.70238 30.6328 16.0654 7.50634 52.4321
334530 0.666856 12.4301 8.70238 30.6328 16.0654 7.50634 52.4321
334547 0.657192 12.2762 8.67202 30.3723 16.0257 7.53524 51.9777
334550 0.657192 12.2762 8.67202 30.3723 16.0257 7.53524 51.9777
334560 0.715179 12.1607 8.7125 30.2276 15.9027 7.54521 51.816
334583 1.26606 12.2858 9.03631 30.2083 15.2433 7.29956 52.7965
334585 1.26606 12.2858 9.03631 30.2083 15.2433 7.29956 52.7965
334590 1.94258 12.3435 9.68393 29.9767 14.2241 7.05544 53.9468
334618 3.07334 12.4301 12.0214 30.0732 11.8965 6.92502 57.5981
334620 3.07334 12.4301 12.0214 30.0732 11.8965 6.92502 57.5981
334622 4.32007 12.4397 15.6643 30.3434 9.08064 6.98958 62.7674
334631 4.32007 12.4397 15.6643 30.3434 9.08064 6.98958 62.7674
334652 5.07391 12.0549 16.4131 28.5488 7.69709 6.72398 62.0907
334654 5.54747 11.5354 15.5226 25.7123 6.93509 6.21219 58.3177
334661 5.54747 11.5354 15.5226 25.7123 6.93509 6.21219 58.3177
334686 5.8954 11.064 14.8143 23.1459 6.14542 5.73589 54.9195
334687 6.11768 10.6887 14.7435 20.7338 5.05006 5.3566 52.2837
