1178860 10.8174 2.78873 18.6373 5.22391 -14.3072 4.10561 37.4674
1178875 10.7751 2.61605 18.2027 5.02779 -14.5638 4.03013 36.6217
1178885 10.8851 2.46064 17.8288 4.92973 -14.7652 3.91068 36.1042
1178893 10.8851 2.46064 17.8288 4.92973 -14.7652 3.91068 36.1042
1178902 10.9781 2.46064 17.5054 4.8495 -14.7885 3.73646 35.7936
1178911 11.1557 2.57288 17.1516 4.76036 -14.7122 3.44412 35.6406
1178930 11.1557 2.57288 17.1516 4.76036 -14.7122 3.44412 35.6406
1178938 11.1811 2.63332 16.8038 4.68013 -14.6405 3.25917 35.2984
1178946 11.1811 2.63332 16.8038 4.68013 -14.6405 3.25917 35.2984
1178952 11.1642 2.63332 16.4489 4.55532 -14.672 3.10619 34.8017
1178962 11.1896 2.66785 16.2901 4.53749 -14.6132 3.01436 34.685
1178972 11.1896 2.66785 16.2901 4.53749 -14.6132 3.01436 34.685
1178987 11.2488 2.65058 16.2621 4.55532 -14.6219 2.98908 34.7168
1178996 11.3164 2.65058 16.206 4.51966 -14.6661 2.92224 34.6927
1179005 11.3164 2.65058 16.206 4.51966 -14.6661 2.92224 34.6927
1179013 11.4095 2.71102 16.3275 4.50184 -14.6811 2.87935 34.9498
1179023 11.4095 2.71102 16.3275 4.50184 -14.6811 2.87935 34.9498
1179033 11.494 2.83189 16.4115 4.74253 -14.3258 2.88676 35.48
1179043 11.7647 3.5226 16.4396 4.82276 -13.5835 2.45216 36.5496
1179053 11.7647 3.5226 16.4396 4.82276 -13.5835 2.45216 36.5496
1179069 11.993 4.39462 16.4209 5.05454 -12.5219 2.01559 37.8631
1179075 11.9677 5.04215 16.2247 5.32197 -11.5598 1.76502 38.5565
1179085 11.9677 5.04215 16.2247 5.32197 -11.5598 1.76502 38.5565
1179097 11.9846 6.09548 15.739 5.50026 -10.2544 1.20521 39.3193
1179106 11.9846 6.09548 15.739 5.50026 -10.2544 1.20521 39.3193
1179115 11.8662 6.88979 15.244 5.60724 -9.22377 0.793507 39.6072
1179130 11.5955 7.39055 14.5154 5.62507 -8.36727 0.442554 39.1265
1179140 11.5955 7.39055 14.5154 5.62507 -8.36727 0.442554 39.1265
1179150 11.1642 7.6841 13.7962 5.75878 -7.49771 0.276014 38.4032
1179158 10.6144 7.83088 13.0022 6.258 -6.31721 0.324179 37.7055
1179166 10.6144 7.83088 13.0022 6.258 -6.31721 0.324179 37.7055
1179176 10.1323 8.02946 12.3484 7.13162 -4.86137 0.525284 37.6418
1179186 10.1323 8.02946 12.3484 7.13162 -4.86137 0.525284 37.6418
1179200 9.59104 8.23667 11.3022 8.06765 -3.08416 0.621867 37.1976
1179208 9.07512 8.36618 9.98516 8.75406 -1.34053 0.538105 36.1805
1179217 9.07512 8.36618 9.98516 8.75406 -1.34053 0.538105 36.1805
1179227 8.60995 8.60792 8.62143 9.48505 0.609776 0.377337 35.3244
1179238 8.34776 8.91011 7.45385 10.3052 2.43717 0.214682 35.0169
1179256 8.34776 8.91011 7.45385 10.3052 2.43717 0.214682 35.0169
1179260 8.2801 9.30726 6.86538 11.3125 3.82655 0.247679 35.7653
1179269 8.2801 9.30726 6.86538 11.3125 3.82655 0.247679 35.7653
1179278 8.5 9.70442 6.94945 12.4358 4.44985 0.471191 37.5896
1179297 8.62687 9.93753 7.07088 13.2381 4.80912 0.673168 38.8733
1179302 8.62687 9.93753 7.07088 13.2381 4.80912 0.673168 38.8733
1179308 8.2801 9.89436 7.29505 13.7551 5.14621 1.09971 39.2246
1179318 7.26517 9.62671 7.07088 14.0404 6.13833 1.6654 38.0031
1179333 7.26517 9.62671 7.07088 14.0404 6.13833 1.6654 38.0031
1179340 6.20796 9.38497 6.86538 14.6109 7.36631 2.38069 37.0692
1179348 6.20796 9.38497 6.86538 14.6109 7.36631 2.38069 37.0692
1179364 5.1 9.48857 6.7533 15.3419 8.84395 3.06946 36.6838
1179370 4.12736 9.69578 6.74396 16.0996 10.1755 3.69017 36.6667
1179380 4.12736 9.69578 6.74396 16.0996 10.1755 3.69017 36.6667
1179390 3.34925 9.93753 6.76264 16.6256 11.2142 4.13147 36.675
1179400 3.03632 10.1965 6.78132 17.1158 11.7794 4.30821 37.13
1179412 3.03632 10.1965 6.78132 17.1158 11.7794 4.30821 37.13
1179421 2.85025 10.4728 6.73462 17.2701 12.1612 4.29238 37.3278
1179431 2.85025 10.4728 6.73462 17.2701 12.1612 4.29238 37.3278
1179441 2.85871 10.5592 6.78132 17.3763 12.1724 4.28726 37.5755
1179452 2.89254 10.5851 6.78132 17.357 12.1413 4.25114 37.6159
1179461 2.89254 10.5851 6.78132 17.357 12.1413 4.25114 37.6159
1179471 2.85025 10.4469 6.73462 17.1737 12.119 4.27804 37.2055
1179481 2.77413 10.1965 6.60385 16.8217 12.1168 4.30877 36.3962
1179491 2.77413 10.1965 6.60385 16.8217 12.1168 4.30877 36.3962
1179506 2.66418 9.98934 6.43571 16.3849 12.1739 4.29909 35.4741
1179516 2.54577 9.65262 6.35165 16.0818 12.1543 4.43309 34.6318
1179523 2.54577 9.65262 6.35165 16.0818 12.1543 4.43309 34.6318
1179532 2.5204 9.53174 6.22088 15.8322 12.1848 4.39857 34.1052
1179542 2.5204 9.53174 6.22088 15.8322 12.1848 4.39857 34.1052
1179557 2.43582 9.42814 6.18352 15.6807 12.2223 4.44742 33.7281
1179565 2.43582 9.3418 6.08077 15.6182 12.2798 4.44552 33.4766
1179573 2.43582 9.3418 6.08077 15.6182 12.2798 4.44552 33.4766
1179583 3.1209 9.61808 6.26758 15.7698 11.5016 4.01066 34.7764
1179593 3.51841 9.85983 6.42637 15.8679 11.061 3.74911 35.6725
1179603 3.51841 9.85983 6.42637 15.8679 11.061 3.74911 35.6725
1179621 4.2204 10.1275 6.87473 16.0461 10.1147 3.45048 37.2687
1179629 4.2204 10.1275 6.87473 16.0461 10.1147 3.45048 37.2687
1179639 5.20995 10.3692 7.37912 16.0105 8.84724 3.00642 38.9688
1179647 6.43632 10.4556 7.57527 15.5737 7.50337 2.34401 40.0408
1179656 6.43632 10.4556 7.57527 15.5737 7.50337 2.34401 40.0408
1179665 7.22289 10.3865 7.71538 15.0834 6.51577 1.92636 40.4081
1179681 7.42587 10.3433 9.41538 15.0834 5.07799 2.38818 42.268
1179686 7.42587 10.3433 9.41538 15.0834 5.07799 2.38818 42.268
1179696 7.39204 10.1102 10.5456 14.6377 3.9886 2.69916 42.6855
1179706 7.39204 10.1102 10.5456 14.6377 3.9886 2.69916 42.6855
1179721 6.7408 9.42814 9.9011 13.1489 3.78335 2.6318 39.219
1179727 6.1995 8.7547 8.86429 11.8385 3.8768 2.41828 35.657
1179737 6.1995 8.7547 8.86429 11.8385 3.8768 2.41828 35.657
1179747 5.95423 8.32301 8.51868 10.849 3.49167 2.26948 33.6449
1179762 6.25871 8.02946 8.7989 10.1536 2.35066 2.10482 33.2407
1179767 6.25871 8.02946 8.7989 10.1536 2.35066 2.10482 33.2407
1179777 6.8592 7.83951 9.51813 9.35134 0.605866 1.86371 33.5682
1179796 6.8592 7.83951 9.51813 9.35134 0.605866 1.86371 33.5682
1179799 7.68806 7.82224 10.5176 8.48663 -1.37389 1.51845 34.5145
1179807 8.77065 7.90858 11.7132 7.54169 -3.50194 1.07515 35.9341
1179822 8.77065 7.90858 11.7132 7.54169 -3.50194 1.07515 35.9341
1179831 9.73483 7.84815 12.9181 6.73047 -5.42171 0.832205 37.2316
1179840 10.6652 7.75317 13.9082 6.15102 -6.9321 0.639689 38.4776
1179850 10.6652 7.75317 13.9082 6.15102 -6.9321 0.639689 38.4776
1179858 11.4179 7.39919 14.917 5.67855 -8.40922 0.676872 39.4127
1179868 11.4179 7.39919 14.917 5.67855 -8.40922 0.676872 39.4127
1179879 11.8577 6.76028 15.9165 5.56266 -9.63363 1.07033 40.0971
1179889 12.1876 5.871 16.8319 5.4022 -11.0108 1.55444 40.2926
1179904 12.1876 5.871 16.8319 5.4022 -11.0108 1.55444 40.2926
1179909 12.4244 4.7745 17.5155 5.1526 -12.5497 2.05778 39.8669
1179918 12.509 3.77298 17.8692 4.8495 -13.9457 2.47564 39.0006
1179933 12.509 3.77298 17.8692 4.8495 -13.9457 2.47564 39.0006
1179941 12.6189 3.17725 17.7681 4.53749 -14.8761 2.56266 38.1018
1179950 12.6189 3.17725 17.7681 4.53749 -14.8761 2.56266 38.1018
1179959 12.6189 2.79736 17.3133 4.35029 -15.3618 2.52725 37.0799
1179970 12.5597 2.59015 16.944 4.14525 -15.707 2.45841 36.2391
1179979 12.5597 2.59015 16.944 4.14525 -15.707 2.45841 36.2391
1179997 12.509 2.59878 16.5797 4.1096 -15.63 2.33883 35.797
1180007 12.3736 2.59015 16.3275 4.03828 -15.6191 2.29354 35.3295
1180016 12.3736 2.59015 16.3275 4.03828 -15.6191 2.29354 35.3295
1180025 12.3229 2.55561 16.2341 4.10068 -15.5486 2.32423 35.2132
1180034 12.3229 2.55561 16.2341 4.10068 -15.5486 2.32423 35.2132
1180042 12.1537 2.61605 16.15 4.00262 -15.5237 2.31206 34.9224
1180051 12.0607 2.53834 16.1313 4.00262 -15.5839 2.39034 34.733
1180066 12.0607 2.53834 16.1313 4.00262 -15.5839 2.39034 34.733
1180072 11.9677 2.54698 16.178 4.02937 -15.53 2.45928 34.722
1180082 11.7562 2.50381 16.3648 4.10068 -15.4904 2.68052 34.7255
1180092 11.7562 2.50381 16.3648 4.10068 -15.4904 2.68052 34.7255
1180107 11.604 2.47791 16.4956 4.14525 -15.4628 2.83343 34.7227
1180122 11.5786 2.4002 16.7291 4.2344 -15.5064 2.99839 34.9423
1180132 11.5617 2.78873 16.9626 4.44835 -14.8814 2.96153 35.7614
1180147 11.5617 2.78873 16.9626 4.44835 -14.8814 2.96153 35.7614
1180153 11.697 3.27222 16.9253 4.48401 -14.3396 2.65543 36.3785
1180164 11.7308 3.87659 16.9533 4.6623 -13.5301 2.42115 37.223
1180173 11.7308 3.87659 16.9533 4.6623 -13.5301 2.42115 37.223
1180183 11.6463 4.44642 16.9159 4.92082 -12.6518 2.27161 37.9294
1180194 11.6463 4.44642 16.9159 4.92082 -12.6518 2.27161 37.9294
1180208 11.5617 5.21483 16.617 5.07236 -11.6282 1.9158 38.4659
1180215 11.4433 6.09548 16.1313 5.17042 -10.4972 1.45324 38.8405
1180225 11.4433 6.09548 16.1313 5.17042 -10.4972 1.45324 38.8405
1180235 11.3164 6.82936 15.7857 5.68747 -9.20349 1.25978 39.619
1180250 11.2149 7.49416 15.7203 7.19402 -7.35588 1.51547 41.6234
1180256 11.2149 7.49416 15.7203 7.19402 -7.35588 1.51547 41.6234
1180266 10.8597 7.93448 14.8236 8.00524 -5.85228 1.45401 41.6231
1180276 10.2254 7.84815 13.2824 7.86261 -4.97024 1.17477 39.2185
1180286 10.2254 7.84815 13.2824 7.86261 -4.97024 1.17477 39.2185
1180301 9.59104 7.71864 11.5357 7.301 -4.22388 0.633684 36.1464
1180307 9.59104 7.71864 11.5357 7.301 -4.22388 0.633684 36.1464
1180316 9.09204 7.77908 9.98516 7.14053 -3.05734 0.112327 33.9968
1180331 8.79602 8.18486 8.64945 7.31883 -1.47332 -0.460988 32.9492
1180337 8.79602 8.18486 8.64945 7.31883 -1.47332 -0.460988 32.9492
1180347 8.54229 8.82377 7.3978 7.96067 0.645038 -0.92022 32.7245
1180357 8.16169 9.63535 6.43571 9.06607 3.0812 -1.03393 33.2988
1180367 8.16169 9.63535 6.43571 9.06607 3.0812 -1.03393 33.2988
1180378 7.67114 10.6628 5.87527 10.635 5.56145 -0.785044 34.8442
1180389 7.67114 10.6628 5.87527 10.635 5.56145 -0.785044 34.8442
1180407 7.1806 11.8456 5.79121 12.2753 7.51435 -0.388092 37.0927
1180410 6.58856 12.873 5.74451 13.5679 9.09622 -0.0577104 38.774
1180426 6.58856 12.873 5.74451 13.5679 9.09622 -0.0577104 38.774
1180435 5.9204 13.5983 5.88462 14.6377 10.2588 0.375963 40.0409
1180443 5.18458 14.0386 5.86593 15.3597 11.3401 0.742598 40.4488
1180449 5.18458 14.0386 5.86593 15.3597 11.3401 0.742598 40.4488
1180460 4.46567 14.2631 5.86593 15.7787 12.2049 1.08335 40.3734
1180469 4.46567 14.2631 5.86593 15.7787 12.2049 1.08335 40.3734
1180482 3.86517 14.2199 5.71648 15.9303 12.9421 1.34464 39.7318
1180490 3.37463 13.9954 5.58571 15.7431 13.423 1.53443 38.6988
1180505 3.37463 13.9954 5.58571 15.7431 13.423 1.53443 38.6988
1180511 3.22239 13.6155 5.52033 15.4578 13.4405 1.64224 37.816
1180520 3.31542 13.1925 5.41758 15.1101 13.21 1.62808 37.0356
1180535 3.31542 13.1925 5.41758 15.1101 13.21 1.62808 37.0356
1180541 3.16318 12.5967 5.31484 14.7803 13.1774 1.81363 35.855
1180552 3.16318 12.5967 5.31484 14.7803 13.1774 1.81363 35.855
1180561 2.99403 12.0442 5.24945 14.6377 13.1984 2.08254 34.9253
1180572 2.9602 11.7161 5.24945 14.5574 13.0962 2.23177 34.4832
1180582 2.9602 11.7161 5.24945 14.5574 13.0962 2.23177 34.4832
1180592 2.85871 11.5607 5.28681 14.7625 13.1842 2.44999 34.4687
1180602 2.901 11.6125 5.42692 15.0477 13.0989 2.55565 34.9881
1180612 2.901 11.6125 5.42692 15.0477 13.0989 2.55565 34.9881
1180622 2.91791 11.7334 5.55769 15.431 13.1094 2.66728 35.64
1180632 2.91791 11.7334 5.55769 15.431 13.1094 2.66728 35.64
1180642 2.96866 11.9319 5.6044 15.6093 13.1307 2.62214 36.1143
1180657 2.99403 11.9578 5.70714 15.8055 13.069 2.69881 36.4645
1180664 2.99403 11.9578 5.70714 15.8055 13.069 2.69881 36.4645
1180673 3.03632 12.1046 5.77253 15.9659 13.0572 2.68341 36.8794
1180683 3.06169 12.1737 5.79121 16.0551 13.063 2.67419 37.0816
1180710 2.99403 12.1046 5.77253 16.0461 13.1268 2.73043 36.9173
1180714 2.99403 12.1046 5.77253 16.0461 13.1268 2.73043 36.9173
1180732 2.9602 11.9751 5.74451 15.9659 13.1232 2.77322 36.6457
1180741 3.07861 11.8024 5.87527 15.8144 12.7581 2.79265 36.5707
1180749 3.07861 11.8024 5.87527 15.8144 12.7581 2.79265 36.5707
1180758 3.36617 11.6816 5.95934 15.6807 12.2907 2.69529 36.6877
1180767 4.0005 11.5348 6.04341 15.1993 11.3452 2.32777 36.778
1180777 4.0005 11.5348 6.04341 15.1993 11.3452 2.32777 36.778
1180786 4.94776 11.5089 6.03407 14.4683 10.1432 1.64197 36.959
1180811 6.02189 11.5693 6.81868 13.8443 8.21676 1.20447 38.2542
1180816 7.03682 11.5521 9.38736 13.3361 5.12196 1.50123 41.3124
1180826 7.03682 11.5521 9.38736 13.3361 5.12196 1.50123 41.3124
1180836 7.75572 11.4571 10.639 12.097 3.0748 1.25983 41.9488
1180846 7.91642 10.8268 10.4896 10.1358 1.62354 0.717124 39.3686
1180861 7.91642 10.8268 10.4896 10.1358 1.62354 0.717124 39.3686
1180867 7.91642 10.1879 10.5176 8.4688 0.150111 0.356712 37.0907
1180878 8.02637 9.45404 11.0967 7.13162 -1.77647 0.314174 35.7087
1180887 8.02637 9.45404 11.0967 7.13162 -1.77647 0.314174 35.7087
1180897 8.35622 8.86694 12.0214 6.17777 -3.76382 0.413316 35.4223
1180907 8.35622 8.86694 12.0214 6.17777 -3.76382 0.413316 35.4223
1180917 8.64378 8.13306 13.3758 5.58941 -5.80348 0.918406 35.7421
1180932 9.09204 7.37329 14.8984 5.29523 -7.7211 1.52552 36.6589
1180938 9.09204 7.37329 14.8984 5.29523 -7.7211 1.52552 36.6589
1180948 9.38806 6.52717 16.1407 5.25066 -9.2148 2.20179 37.3065
1180958 9.49801 5.43931 17.0404 5.06345 -10.8229 2.90213 37.0412
1180968 9.49801 5.43931 17.0404 5.06345 -10.8229 2.90213 37.0412
1180983 9.5995 4.23921 17.9703 4.90299 -12.5488 3.69139 36.712
1180990 9.5995 4.23921 17.9703 4.90299 -12.5488 3.69139 36.712
1180998 9.81095 3.17725 19.2134 4.82276 -14.1963 4.47597 37.0244
1181017 10.403 2.61605 20.6587 5.02779 -15.1257 4.90918 38.7056
1181027 10.403 2.61605 20.6587 5.02779 -15.1257 4.90918 38.7056
1181036 11.1642 2.3484 21.4471 4.96539 -15.8406 4.84654 39.9251
1181044 11.7393 2.3484 21.1944 4.87625 -16.0048 4.47589 40.1584
1181050 11.7393 2.24479 21.1944 4.87625 -16.1109 4.52626 40.0548
1181061 12.0522 2.35703 20.3353 4.69796 -16.0566 4.04031 39.4425
1181069 12.0522 2.35703 20.3353 4.69796 -16.0566 4.04031 39.4425
1181088 12.0353 2.46064 19.365 4.43052 -16.0017 3.64295 38.2915
1181100 11.9592 2.46064 18.4857 4.27006 -15.9474 3.36347 37.1756
1181109 11.9592 2.46064 18.4857 4.27006 -15.9474 3.36347 37.1756
1181111 11.7478 2.45201 17.8086 4.10068 -15.9265 3.20258 36.109
1181121 11.5194 2.40884 17.2122 3.99371 -15.8884 3.10711 35.1342
1181140 11.5194 2.40884 17.2122 3.99371 -15.8884 3.10711 35.1342
1181142 11.2826 2.35703 16.6357 3.88673 -15.8616 3.02213 34.1621
1181151 11.2826 2.35703 16.6357 3.88673 -15.8616 3.02213 34.1621
1181161 10.995 2.38294 16.3929 3.83325 -15.7508 3.05684 33.6041
1181176 10.8259 2.30523 16.3835 3.81542 -15.8181 3.18084 33.33
1181182 10.8259 2.30523 16.3835 3.81542 -15.8181 3.18084 33.33
1181192 10.7836 2.3484 16.4115 3.85107 -15.7178 3.2029 33.3946
1181202 10.8259 2.25343 16.5984 3.93131 -15.799 3.32517 33.609
1181212 10.8259 2.25343 16.5984 3.93131 -15.799 3.32517 33.609
1181227 10.8935 2.28796 16.8879 3.94913 -15.8328 3.37561 34.0185
1181233 10.8935 2.28796 16.8879 3.94913 -15.8328 3.37561 34.0185
1181243 11.1303 2.49518 17.2224 4.19874 -15.45 3.33652 35.0466
1181253 11.4602 3.20315 17.4346 4.35029 -14.6381 2.93082 36.4482
1181263 11.4602 3.20315 17.4346 4.35029 -14.6381 2.93082 36.4482
1181273 11.7647 3.77298 17.6064 4.62664 -13.8808 2.65896 37.7707
1181288 12.0015 4.44642 17.6873 4.92082 -13.0079 2.3659 39.056
1181295 12.0015 4.44642 17.6873 4.92082 -13.0079 2.3659 39.056
1181304 12.0945 5.258 17.3133 5.09019 -11.9854 1.90574 39.756
1181329 12.0692 6.11275 16.5703 5.09019 -10.9409 1.30964 39.8424
1181335 11.9169 6.57897 15.767 5.00996 -10.2456 0.871251 39.2729
1181345 11.9169 6.57897 15.767 5.00996 -10.2456 0.871251 39.2729
1181355 11.7224 6.74302 15.1319 5.42003 -9.41327 0.80214 39.0173
1181364 11.401 6.82936 14.3005 6.17777 -8.1987 0.87111 38.7087
1181380 11.401 6.82936 14.3005 6.17777 -8.1987 0.87111 38.7087
1181386 11.0711 6.89843 13.217 6.68589 -7.06572 0.765737 37.8725
1181396 11.0711 6.89843 13.217 6.68589 -7.06572 0.765737 37.8725
1181406 10.7836 7.00203 11.6665 6.7483 -6.00804 0.260702 36.2004
1181418 10.5468 7.26968 10.0225 6.90876 -4.59804 -0.382107 34.7477
1181427 10.5468 7.26968 10.0225 6.90876 -4.59804 -0.382107 34.7477
1181437 10.3692 7.86541 8.46264 7.45254 -2.57237 -1.01877 34.1497
1181447 10.2846 8.60792 7.3044 8.45988 -0.375949 -1.35394 34.6568
1181482 10.1408 9.63535 6.51978 9.86838 1.96544 -1.40525 36.1643
1181490 9.61642 10.6714 6.35165 11.4463 4.03668 -0.980653 38.0857
1181498 8.88905 11.6039 6.37967 12.8904 5.80033 -0.4613 39.763
1181510 8.88905 11.6039 6.37967 12.8904 5.80033 -0.4613 39.763
1181519 7.85721 12.1996 6.39835 13.8888 7.33248 0.0856537 40.344
1181528 6.33483 12.4931 6.16483 14.6377 9.22973 0.747349 39.6305
1181538 6.33483 12.4931 6.16483 14.6377 9.22973 0.747349 39.6305
1181548 4.99851 12.7435 5.95934 15.4132 10.9926 1.39226 39.1146
1181559 4.99851 12.7435 5.95934 15.4132 10.9926 1.39226 39.1146
1181568 4.13582 12.9766 5.98736 16.0907 12.0847 1.90057 39.1905
1181579 3.66219 13.1925 6.04341 16.5008 12.6829 2.16612 39.3989
1181593 3.66219 13.1925 6.04341 16.5008 12.6829 2.16612 39.3989
1181600 3.50149 13.2184 6.12747 16.5364 12.7755 2.26389 39.3838
1181610 3.4 13.063 6.07143 16.3136 12.8096 2.28662 38.848
1181620 3.4 13.063 6.07143 16.3136 12.8096 2.28662 38.848
1181633 3.40846 12.7867 5.82857 15.8233 12.7969 2.16267 37.847
1181642 3.29005 12.4586 5.70714 15.2795 12.754 2.13881 36.7353
1181651 3.29005 12.4586 5.70714 15.2795 12.754 2.13881 36.7353
1181661 3.17164 12.0528 5.50165 14.7981 12.7924 2.14303 35.5242
1181671 3.17164 12.0528 5.50165 14.7981 12.7924 2.14303 35.5242
1181681 3.11244 11.7247 5.38956 14.397 12.7223 2.1442 34.6237
1181700 3.08706 11.483 5.25879 14.0315 12.676 2.09103 33.8603
1181710 3.08706 11.483 5.25879 14.0315 12.676 2.09103 33.8603
1181713 3.01095 11.3535 5.24011 13.7462 12.6299 2.07876 33.3507
1181722 3.01095 11.1894 5.09066 13.5857 12.6788 2.04218 32.8768
1181732 3.01095 11.1894 5.09066 13.5857 12.6788 2.04218 32.8768
1181742 3.03632 11.1808 5.12802 13.6036 12.6105 2.05523 32.9487
1181768 3.0194 11.3103 5.16538 13.6749 12.6624 2.03975 33.17
1181773 3.06169 11.4571 5.20275 13.9423 12.7251 2.06139 33.6638
1181787 3.06169 11.4571 5.20275 13.9423 12.7251 2.06139 33.6638
1181793 3.13781 11.6643 5.33352 14.2187 12.6706 2.07401 34.3543
1181804 3.18856 11.8111 5.58571 14.5663 12.5194 2.19865 35.1517
1181813 3.18856 11.8111 5.58571 14.5663 12.5194 2.19865 35.1517
1181824 3.21393 11.9578 5.63242 14.8873 12.6072 2.24756 35.6915
1181842 3.21393 11.9578 5.63242 14.8873 12.6072 2.24756 35.6915
1181851 3.53532 12.2169 5.98736 15.2706 12.135 2.23145 37.0101
1181860 4.93085 12.6054 6.31429 15.5648 10.7351 1.65272 39.4153
1181868 4.93085 12.6054 6.31429 15.5648 10.7351 1.65272 39.4153
1181878 5.64129 12.6572 6.77198 15.5291 9.71255 1.47881 40.5996
1181887 5.91194 12.355 7.1456 15.2617 8.94862 1.52689 40.6742
1181896 5.91194 12.355 7.1456 15.2617 8.94862 1.52689 40.6742
1181906 7.05373 12.0787 7.0989 14.5218 7.63613 0.915835 40.7531
1181916 7.05373 12.0787 7.0989 14.5218 7.63613 0.915835 40.7531
1181926 7.75572 11.6557 7.08956 13.8977 6.62653 0.585138 40.3987
1181936 7.73035 10.9822 7.03352 13.1668 6.02958 0.573472 38.9128
1181947 7.73035 10.9822 7.03352 13.1668 6.02958 0.573472 38.9128
1181957 7.58657 10.257 7.50989 12.5517 5.08651 0.877717 37.9051
1181967 7.36667 9.53174 8.71484 12.1862 3.72784 1.58835 37.7994
1181977 7.36667 9.53174 8.71484 12.1862 3.72784 1.58835 37.7994
1181987 7.25672 8.84104 9.77967 11.8028 2.39348 2.18341 37.6803
1181997 7.25672 8.84104 9.77967 11.8028 2.39348 2.18341 37.6803
1182007 7.11294 8.1158 10.6297 11.3304 1.1452 2.71505 37.1888
1182022 7.0199 7.39055 11.5264 10.8401 -0.214577 3.24496 36.7769
1182028 7.0199 7.39055 11.5264 10.8401 -0.214577 3.24496 36.7769
1182039 7.04527 6.76892 12.3951 10.3587 -1.58112 3.66696 36.5679
1182048 7.07065 6.19045 13.189 9.44048 -3.22419 3.9154 35.8906
1182058 7.07065 6.19045 13.189 9.44048 -3.22419 3.9154 35.8906
1182075 7.22289 5.75013 14.039 8.15679 -5.22834 3.93365 35.1688
1182080 7.61194 5.45658 14.8984 6.9355 -7.24751 3.76708 34.9024
1182089 7.61194 5.45658 14.8984 6.9355 -7.24751 3.76708 34.9024
1182099 8.17015 5.57745 15.8231 6.16885 -8.56679 3.46017 35.7395
1182110 8.17015 5.57745 15.8231 6.16885 -8.56679 3.46017 35.7395
1182125 8.74527 5.74149 16.8225 5.84793 -9.40489 3.30367 37.1572
1182131 9.16816 5.70696 17.8389 5.7677 -10.0908 3.40349 38.4817
1182141 9.16816 5.70696 17.8389 5.7677 -10.0908 3.40349 38.4817
1182151 9.5403 5.3357 18.7384 5.91033 -10.7734 3.70884 39.5247
1182161 9.66716 4.6191 19.4661 5.8925 -11.7428 4.18933 39.6449
1182171 9.66716 4.6191 19.4661 5.8925 -11.7428 4.18933 39.6449
1182189 9.74328 3.76435 20.113 5.7053 -12.96 4.69562 39.3259
1182199 9.74328 3.76435 20.113 5.7053 -12.96 4.69562 39.3259
1182207 9.90398 3.10818 20.4869 5.61615 -13.8479 5.02013 39.1152
1182216 9.87015 2.59015 20.6891 5.51809 -14.5154 5.33272 38.6674
1182225 9.87015 2.59015 20.6891 5.51809 -14.5154 5.33272 38.6674
1182233 9.94627 2.30523 20.4768 5.39329 -14.9027 5.35862 38.1216
1182242 9.99701 2.14119 20.0523 5.29523 -15.081 5.28575 37.4857
1182253 9.99701 2.14119 20.0523 5.29523 -15.081 5.28575 37.4857
1182264 9.84478 2.11529 19.5874 5.19717 -15.0496 5.23526 36.7446
1182273 9.84478 2.11529 19.5874 5.19717 -15.0496 5.23526 36.7446
1182283 9.78557 2.18436 19.0113 5.05454 -14.956 5.03496 36.0358
1182294 9.72637 2.20163 18.607 4.94756 -14.9258 4.91505 35.4826
1182312 9.72637 2.20163 18.607 4.94756 -14.9258 4.91505 35.4826
1182321 9.65871 2.19299 18.2331 4.92082 -14.839 4.84302 35.0056
1182325 9.60796 2.14982 18.0713 4.84059 -14.9186 4.82589 34.6697
1182335 9.60796 2.14982 18.0713 4.84059 -14.9186 4.82589 34.6697
1182353 9.50647 2.14982 17.94 4.77819 -14.9227 4.82707 34.3744
1182357 9.50647 2.14982 17.94 4.77819 -14.9227 4.82707 34.3744
1182365 9.57413 2.17572 17.9602 4.79601 -14.8978 4.78452 34.506
1182375 9.74328 2.24479 17.9602 4.96539 -14.6743 4.69909 34.9136
1182385 9.74328 2.24479 17.9602 4.96539 -14.6743 4.69909 34.9136
1182400 10.0647 2.76282 18.0511 5.07236 -14.103 4.29585 35.951
1182405 10.2507 3.31539 17.9703 5.23283 -13.3759 3.9314 36.7692
1182420 10.2507 3.31539 17.9703 5.23283 -13.3759 3.9314 36.7692
1182426 10.5299 4.23057 17.8894 5.43786 -12.3077 3.37387 38.0877
1182436 10.5299 4.23057 17.8894 5.43786 -12.3077 3.37387 38.0877
1182446 10.5806 4.94718 17.7075 5.74987 -11.2806 3.051 38.9851
1182456 10.5975 5.71559 17.3032 5.97273 -10.2379 2.63817 39.5891
1182466 10.5975 5.71559 17.3032 5.97273 -10.2379 2.63817 39.5891
1182478 10.4284 6.52717 16.7011 6.04405 -9.1675 2.18748 39.7007
1182487 10.1577 6.9934 16.0566 6.08862 -8.35465 1.90633 39.2963
1182497 10.1577 6.9934 16.0566 6.08862 -8.35465 1.90633 39.2963
1182507 9.82786 7.11427 15.4027 6.39171 -7.56689 1.87897 38.7366
1182517 9.82786 7.11427 15.4027 6.39171 -7.56689 1.87897 38.7366
1182527 9.57413 7.22651 15.0758 7.75564 -6.09847 2.28255 39.6321
1182537 9.43035 7.37329 14.478 9.0839 -4.61482 2.51141 40.3656
1182565 9.14279 6.88116 12.9181 9.15522 -3.95339 2.38182 38.0973
1182573 8.8806 6.484 11.0593 8.96801 -3.17016 1.97619 35.392
1182582 8.8806 6.484 11.0593 8.96801 -3.17016 1.97619 35.392
1182591 8.75373 6.37176 9.50879 8.83429 -2.28309 1.44207 33.4686
1182601 8.75373 6.37176 9.50879 8.83429 -2.28309 1.44207 33.4686
1182610 8.91443 6.55307 8.11703 9.05716 -1.08851 0.784283 32.6417
1182618 9.11741 7.01067 7.32308 9.78815 0.269505 0.443668 33.2393
1182631 9.11741 7.01067 7.32308 9.78815 0.269505 0.443668 33.2393
1182640 9.28657 7.61503 7.07088 10.9292 1.5664 0.472106 34.9017
1182651 9.26965 8.39208 7.21099 12.1772 2.7589 0.698989 37.05
1182660 9.26965 8.39208 7.21099 12.1772 2.7589 0.698989 37.05
1182670 9.01592 9.19502 7.36044 13.2826 3.92579 0.938954 38.854
1182680 9.01592 9.19502 7.36044 13.2826 3.92579 0.938954 38.854
1182690 8.29702 9.86846 7.52857 14.0671 5.0992 1.29406 39.7612
1182700 7.19751 10.2052 7.36978 14.5842 6.49322 1.73462 39.3566
1182710 7.19751 10.2052 7.36978 14.5842 6.49322 1.73462 39.3566
1182720 5.96269 10.4556 7.17363 15.1636 8.05232 2.2909 38.7555
1182735 4.71095 10.6973 7.12692 15.7787 9.55147 2.93525 38.3139
1182741 4.71095 10.6973 7.12692 15.7787 9.55147 2.93525 38.3139
1182751 3.83134 10.9218 7.12692 16.2779 10.6409 3.40101 38.158
1182761 3.83134 10.9218 7.12692 16.2779 10.6409 3.40101 38.158
1182771 3.32388 11.0945 7.16429 16.5186 11.2365 3.64734 38.1012
1182781 3.21393 11.1376 7.1456 16.474 11.3587 3.66123 37.9712
1182807 3.21393 11.1635 7.0522 16.2601 11.3807 3.55594 37.6898
1182812 3.19701 11.0081 6.94011 15.9748 11.3455 3.51958 37.1201
1182826 3.19701 11.0081 6.94011 15.9748 11.3455 3.51958 37.1201
1182832 3.20547 10.9045 6.69725 15.5648 11.3869 3.36194 36.372
1182842 3.20547 10.9045 6.60385 15.5648 11.4806 3.33197 36.2786
1182852 3.11244 10.8009 6.60385 15.1814 11.3912 3.30766 35.6986
1182867 3.11244 10.68 6.47308 14.8873 11.3659 3.22927 35.1528
1182873 3.11244 10.68 6.47308 14.8873 11.3659 3.22927 35.1528
1182883 3.1801 10.6282 6.35165 14.6644 11.3146 3.10459 34.8244
1182893 3.11244 10.5851 6.36099 14.4683 11.281 3.09836 34.5268
1182903 3.11244 10.5851 6.36099 14.4683 11.281 3.09836 34.5268
1182918 3.11244 10.5505 6.27692 14.4415 11.3453 3.07818 34.3814
1182927 3.12935 10.4383 6.2489 14.4237 11.3052 3.11255 34.2402
1182936 3.12935 10.4383 6.2489 14.4237 11.3052 3.11255 34.2402
1182945 3.20547 10.611 6.33297 14.4861 11.2303 3.03271 34.6355
1182963 3.20547 10.611 6.33297 14.4861 11.2303 3.03271 34.6355
1182967 4.00896 10.8354 6.55714 14.495 10.2826 2.59402 35.8966
1182975 4.88856 11.0599 6.70659 14.4415 9.37169 2.10247 37.0966
1182994 4.88856 11.0599 6.70659 14.4415 9.37169 2.10247 37.0966
1183004 5.33682 11.0513 6.99615 14.3078 8.63984 1.95632 37.6921
1183013 5.97114 10.9995 7.3511 14.1295 7.67645 1.75936 38.4513
1183022 5.97114 10.9995 7.3511 14.1295 7.67645 1.75936 38.4513
1183028 7.27363 11.1117 7.53791 13.666 6.29347 1.06791 39.5892
1183046 8.32239 11.0254 7.50055 12.9795 5.13586 0.426453 39.8279
1183056 8.74527 10.7923 7.48187 12.2486 4.33795 0.0736749 39.268
1183066 8.74527 10.7923 7.48187 12.2486 4.33795 0.0736749 39.268
1183081 9.05821 10.4642 7.25769 11.4552 3.66381 -0.317592 38.2353
1183087 9.14279 10.1275 7.26703 10.6618 2.94324 -0.540922 37.1991
1183097 9.14279 10.1275 7.26703 10.6618 2.94324 -0.540922 37.1991
1183109 9.15124 9.78212 7.75275 9.82381 1.85014 -0.557443 36.5099
1183118 9.15124 9.78212 7.75275 9.82381 1.85014 -0.557443 36.5099
1183127 9.41343 9.45404 8.35989 8.82538 0.35094 -0.699892 36.0527
1183137 9.66716 9.22956 8.7989 7.64866 -1.12312 -1.03941 35.3443
1183147 9.66716 9.22956 8.7989 7.64866 -1.12312 -1.03941 35.3443
1183162 9.87861 9.03961 9.12582 6.3828 -2.60118 -1.48558 34.4268
1183168 10.3269 9.00508 9.80769 5.50918 -4.05519 -1.73819 34.6488
1183195 10.8682 9.12595 10.8538 5.10802 -5.20639 -1.68216 35.956
1183199 10.8682 9.12595 10.8538 5.10802 -5.20639 -1.68216 35.956
1183214 11.5109 9.03961 12.0775 5.11694 -6.2471 -1.33375 37.745
1183219 11.9085 8.76333 13.4225 5.4646 -7.01678 -0.676708 39.5589
1183230 11.9085 8.76333 13.4225 5.4646 -7.01678 -0.676708 39.5589
1183240 12.1706 7.98629 14.45 5.52701 -8.16476 -0.0672475 40.1339
1183250 12.1453 6.88979 15.2346 5.38437 -9.52344 0.599154 39.6541
1183259 12.1453 6.88979 15.2346 5.38437 -9.52344 0.599154 39.6541
1183269 11.993 5.62062 15.7016 5.13477 -11.0138 1.25725 38.4501
1183285 11.993 5.62062 15.7016 5.13477 -11.0138 1.25725 38.4501
1183295 11.6886 4.45505 16.0566 5.02779 -12.2638 1.99075 37.228
1183304 11.5532 3.61757 16.4489 4.89407 -13.3446 2.53555 36.5138
1183312 11.5532 3.61757 16.4489 4.89407 -13.3446 2.53555 36.5138
1183322 11.5448 3.15998 16.944 4.94756 -13.923 2.94569 36.5963
1183331 11.604 2.97004 17.4548 5.09911 -14.1333 3.22395 37.1279
1183350 11.604 2.97004 17.4548 5.09911 -14.1333 3.22395 37.1279
1183357 11.7139 2.9096 17.5155 5.17934 -14.1622 3.24422 37.3183
1183362 11.7139 2.9096 17.5155 5.17934 -14.1622 3.24422 37.3183
1183372 11.7139 2.9614 17.3841 5.17042 -14.0789 3.17454 37.2298
1183382 11.6378 3.02184 17.0505 5.06345 -14.0067 3.04063 36.7736
1183392 11.6378 3.02184 17.0505 5.06345 -14.0067 3.04063 36.7736
1183407 11.4602 2.9355 16.6544 4.97431 -14.0216 3.01171 36.0244
1183413 11.2065 2.8837 16.2901 4.92973 -13.936 3.02875 35.31
1183423 11.2065 2.8837 16.2901 4.92973 -13.936 3.02875 35.31
1183433 10.9612 2.89233 16.1874 4.87625 -13.8757 3.09737 34.9171
1183443 10.8174 2.89233 16.094 4.8495 -13.8296 3.13119 34.6532
1183453 10.8174 2.82326 16.094 4.8495 -13.9071 3.1674 34.5841
1183464 10.7413 2.84053 16.1407 4.92082 -13.7982 3.23857 34.6433
1183473 10.7413 2.84053 16.1407 4.92082 -13.7982 3.23857 34.6433
1183484 10.7498 3.09091 16.2434 5.03671 -13.429 3.17737 35.1208
1183499 10.8259 3.34992 16.3742 5.18825 -13.0546 3.10031 35.7382
1183505 10.8259 3.34992 16.3742 5.18825 -13.0546 3.10031 35.7382
1183515 10.9697 3.83342 16.4302 5.42895 -12.368 2.88693 36.6622
1183525 11.0542 4.43779 16.4769 5.74987 -11.4953 2.67828 37.7188
1183535 11.0542 4.43779 16.4769 5.74987 -11.4953 2.67828 37.7188
1183550 11.1811 5.49975 16.4022 5.99056 -10.2966 2.19275 39.0736
1183556 11.1811 5.49975 16.4022 5.99056 -10.2966 2.19275 39.0736
1183566 11.2488 6.31996 16.0099 6.05296 -9.39007 1.70097 39.6316
1183576 11.1134 6.75165 15.5055 5.9549 -8.84438 1.37137 39.3255
1183586 11.1134 6.75165 15.5055 5.9549 -8.84438 1.37137 39.3255
1183601 10.9274 6.95886 15.0104 5.90142 -8.42666 1.16976 38.7981
1183606 10.5975 6.9675 14.8143 6.65024 -7.55458 1.49868 39.0295
1183616 10.5975 6.9675 14.8143 6.65024 -7.55458 1.49868 39.0295
1183634 10.2169 7.01067 14.3099 7.44363 -6.45987 1.74159 38.9811
1183643 10.2169 7.01067 14.3099 7.44363 -6.45987 1.74159 38.9811
1183651 9.76866 6.87252 13.3385 7.5506 -5.78466 1.69778 37.5302
1183661 9.42189 6.67395 12.1522 7.22968 -5.40513 1.38934 35.4777
1183670 9.42189 6.67395 12.1522 7.22968 -5.40513 1.38934 35.4777
1183680 9.02438 6.62214 10.7324 7.11379 -4.49415 0.985149 33.4927
1183688 8.83831 7.0193 9.35 7.69324 -2.6411 0.540547 32.9008
1183707 8.83831 7.0193 9.35 7.69324 -2.6411 0.540547 32.9008
1183710 8.96517 7.69274 7.9956 8.31725 -0.720932 -0.156982 32.9708
1183718 8.96517 7.69274 7.9956 8.31725 -0.720932 -0.156982 32.9708
1183728 9.34577 8.64246 7.06154 9.5118 1.26365 -0.614074 34.5616
1183743 9.68408 9.76486 6.83736 11.1521 2.93515 -0.584763 37.4384
1183750 9.68408 9.76486 6.83736 11.1521 2.93515 -0.584763 37.4384
1183759 9.81095 10.8441 6.8467 12.4625 4.15931 -0.505133 39.9642
1183769 9.42189 11.4398 6.85604 13.2648 5.14042 -0.271157 40.9826
1183785 9.42189 11.4398 6.85604 13.2648 5.14042 -0.271157 40.9826
1183791 8.61841 11.5952 6.76264 13.6481 6.0692 0.0727898 40.6244
1183802 8.61841 11.5952 6.76264 13.6481 6.0692 0.0727898 40.6244
1183811 7.38358 11.5521 6.4544 13.9156 7.39695 0.547378 39.3056
1183821 6.15721 11.5434 6.2022 14.3613 8.84987 1.12228 38.2641
1183833 6.15721 11.5434 6.2022 14.3613 8.84987 1.12228 38.2641
1183842 4.96468 11.5521 6.05275 14.8159 10.2651 1.74612 37.3854
1183851 4.02587 11.6125 6.03407 15.1547 11.3417 2.26072 36.8271
1183861 4.02587 11.6125 6.03407 15.1547 11.3417 2.26072 36.8271
1183876 3.46766 11.6039 6.01538 15.431 12.0159 2.61854 36.518
1183882 3.46766 11.6039 5.98736 15.431 12.0443 2.60903 36.4899
1183893 3.1209 11.6643 5.98736 15.5648 12.4671 2.79338 36.3373
1183902 3.01095 11.6298 5.98736 15.6539 12.5995 2.89423 36.282
1183917 3.01095 11.6298 5.98736 15.6539 12.5995 2.89423 36.282
1183924 3.03632 11.6211 6.14615 15.7341 12.4343 2.96522 36.5377
1183932 3.13781 11.6557 6.08077 15.6985 12.3969 2.86516 36.5727
1183943 3.13781 11.6557 6.08077 15.6985 12.3969 2.86516 36.5727
1183953 3.15473 11.6039 6.00604 15.5291 12.3797 2.80072 36.2937
1183964 3.15473 11.6039 6.00604 15.5291 12.3797 2.80072 36.2937
1183973 3.07015 11.4916 5.92198 15.2082 12.4031 2.76045 35.6919
1183983 3.07861 11.4312 5.78187 14.8873 12.4066 2.62629 35.1789
1183993 3.07861 11.4312 5.78187 14.8873 12.4066 2.62629 35.1789
1184003 3.04478 11.3707 5.54835 14.5931 12.5667 2.48542 34.557
1184019 3.04478 11.3621 5.58571 14.5218 12.4972 2.47748 34.5144
1184028 3.04478 11.3621 5.58571 14.5218 12.4972 2.47748 34.5144
1184037 3.01095 11.2153 5.61374 14.5307 12.4534 2.58278 34.3707
1184046 3.05323 11.1117 5.81923 14.7357 12.2228 2.76065 34.7199
1184056 3.05323 11.1117 5.81923 14.7357 12.2228 2.76065 34.7199
1184065 3.82289 11.4225 5.95 14.7892 11.4207 2.29004 35.9846
1184085 3.82289 11.4225 5.95 14.7892 11.4207 2.29004 35.9846
1184087 4.63483 11.6298 6.18352 14.8605 10.5016 1.92158 37.3086
1184096 4.93085 11.7075 6.52912 14.9229 9.95686 1.89565 38.0903
1184106 4.93085 11.7075 6.52912 14.9229 9.95686 1.89565 38.0903
1184116 5.57363 11.8197 6.74396 14.7357 9.15663 1.5768 38.873
1184127 6.67313 11.9406 6.79066 14.3256 8.05589 0.944849 39.73
1184152 7.23134 11.8629 6.77198 13.8799 7.38404 0.58786 39.7461
1184160 7.23134 11.8629 6.77198 13.8799 7.38404 0.58786 39.7461
1184168 7.62886 11.5693 6.73462 13.2648 6.67813 0.306618 39.1976
1184177 7.64577 11.2844 6.64121 12.6319 6.30136 0.13464 38.2033
1184187 7.64577 11.2844 6.64121 12.6319 6.30136 0.13464 38.2033
1184197 7.50199 10.8441 6.55714 12.0792 5.99213 0.117724 36.9824
1184212 7.29901 10.4556 7.00549 11.7137 5.39069 0.396702 36.4737
1184218 7.29901 10.4556 7.00549 11.7137 5.39069 0.396702 36.4737
1184228 7.17214 10.1534 7.70604 11.4017 4.58158 0.733756 36.4332
1184238 7.17214 10.1534 7.70604 11.4017 4.58158 0.733756 36.4332
1184257 7.06219 9.89436 8.57473 11.0005 3.59822 1.07524 36.5318
1184266 7.01144 9.64398 9.27527 10.3408 2.54891 1.22439 36.2715
1184275 7.01144 9.64398 9.27527 10.3408 2.54891 1.22439 36.2715
1184284 7.10448 9.40224 9.97582 9.53854 1.29124 1.25246 36.0211
1184291 7.4005 9.20366 10.7791 8.61143 -0.253183 1.16117 35.9947
1184300 7.4005 9.20366 10.7791 8.61143 -0.253183 1.16117 35.9947
1184315 7.87413 8.99644 11.6104 7.5506 -2.03816 0.953524 36.0316
1184321 8.25473 8.63382 12.6379 6.65024 -3.87582 0.994949 36.1767
1184331 8.25473 8.63382 12.6379 6.65024 -3.87582 0.994949 36.1767
