240743 13.4434 34 9.83571 27.8059 11.3201 -1.728 85.0851
240752 16.7584 34 9.60298 23.1073 9.20882 -3.2434 83.4686
240763 16.7584 34 9.60298 23.1073 9.20882 -3.2434 83.4686
240771 19.3667 34 9.775 18.5533 7.16433 -4.59729 81.6951
240785 21.6469 34 12.9119 16.4385 4.67066 -4.6407 84.9973
240791 21.6469 34 12.9119 16.4385 4.67066 -4.6407 84.9973
240806 23.9174 34 19.264 17.9745 2.31019 -3.25975 95.1558
240812 23.9174 34 19.264 17.9745 2.31019 -3.25975 95.1558
240822 25.1585 34 22.9328 18.7174 1.14725 -2.60518 100.809
240832 25.7646 32.8903 23.3371 17.3377 0.283471 -2.71521 99.3296
240853 25.8993 28.7479 23.3876 15.6059 -1.31703 -2.5075 93.6407
240863 26.0051 24.2611 23.8728 14.2506 -3.2148 -2.06068 88.3895
240891 25.9089 19.7456 25.025 13.7278 -5.17148 -1.22651 84.4073
240894 25.9089 19.7456 25.025 13.7278 -5.17148 -1.22651 84.4073
240903 25.957 15.961 26.9352 14.0763 -6.88987 -0.163953 82.9294
240913 26.2937 13.5942 29.1183 15.1122 -7.93691 0.774364 84.1184
240923 26.2937 13.5942 29.1183 15.1122 -7.93691 0.774364 84.1184
240938 26.6978 12.3628 30.9679 16.09 -8.48046 1.39296 86.1184
240945 26.9576 12.103 32.2919 16.9806 -8.53752 1.73412 88.3331
240955 26.9576 12.103 32.2919 16.9806 -8.53752 1.73412 88.3331
240965 27.1596 12.4109 32.7669 17.5306 -8.3414 1.79048 89.868
240976 27.1596 12.4109 32.7669 17.5306 -8.3414 1.79048 89.868
240985 27.0538 12.3435 32.3728 17.2991 -8.35978 1.73033 89.0692
240995 26.8902 12.2377 31.261 16.5934 -8.42704 1.50487 86.9823
241015 26.8902 12.2377 31.261 16.5934 -8.42704 1.50487 86.9823
241016 26.794 12.2473 29.8258 15.664 -8.49051 1.14428 84.5311
241026 26.6882 12.2569 28.4816 14.8508 -8.52664 0.799842 82.2775
241036 26.6882 12.2569 28.4816 14.8508 -8.52664 0.799842 82.2775
241055 26.7844 12.2666 27.3496 14.1247 -8.61304 0.451418 80.5252
241057 26.7844 12.2666 27.3496 14.1247 -8.61304 0.451418 80.5252
241067 26.9191 12.3243 26.8341 13.66 -8.70635 0.235296 79.7375
241077 27.1211 12.3243 26.6825 13.5729 -8.75351 0.15245 79.7008
241103 27.3039 12.4397 26.8948 13.6503 -8.75235 0.149737 80.2887
241108 27.554 12.4782 27.2485 13.9117 -8.74853 0.208392 81.1925
241118 27.554 12.4782 27.2485 13.9117 -8.74853 0.208392 81.1925
241129 27.7753 12.5744 27.7134 14.0763 -8.77715 0.262966 82.1395
241155 28.0062 12.6418 27.9459 14.086 -8.8366 0.251071 82.6799
241160 28.2564 12.6706 27.956 13.8924 -8.95477 0.166966 82.7754
241170 28.2564 12.6706 27.956 13.8924 -8.95477 0.166966 82.7754
241180 28.9491 14.4986 27.6528 14.3571 -8.11696 -0.252371 85.4575
241190 29.459 16.2688 26.6421 14.4248 -7.31825 -0.805497 86.7947
241200 29.459 16.2688 26.6421 14.4248 -7.31825 -0.805497 86.7947
241212 30.0458 19.65 24.4893 14.0376 -5.90766 -1.89899 88.2227
241220 30.5173 19.3821 21.0327 13.0017 -5.70871 -2.83526 83.9338
241233 30.5173 24.2802 21.0327 13.0017 -4.01545 -3.50602 88.8319
241245 30.7289 28.5948 17.1819 11.6173 -2.18408 -5.19578 88.123
241253 30.7289 28.5948 17.1819 11.6173 -2.18408 -5.19578 88.123
241261 30.4114 31.7805 13.428 10.5233 -0.445633 -6.65878 86.1433
241274 29.7957 34 10.8476 11.5883 1.43362 -7.19455 86.2316
241291 28.8913 34 11.7179 20.1356 3.56918 -4.91391 94.7448
241301 27.5252 34 12.9625 28.0085 5.24918 -3.00804 102.496
241318 27.5252 34 12.9625 28.0085 5.24918 -3.00804 102.496
241322 24.7832 34 11.1613 26.8893 6.44009 -3.21157 96.8339
241332 24.7832 34 11.1613 26.8893 6.44009 -3.21157 96.8339
241342 21.5122 34 8.88452 24.8053 7.96188 -3.66959 89.202
241352 17.8563 34 7.42738 24.294 9.87416 -3.61369 83.5776
241371 17.8563 34 7.42738 24.294 9.87416 -3.61369 83.5776
241383 14.4099 34 6.56726 24.6896 11.8344 -3.22966 79.6667
241390 11.6555 34 6.44583 26.2622 13.4504 -2.47834 78.3635
241398 11.6555 34 6.44583 26.2622 13.4504 -2.47834 78.3635
241407 9.33599 34 6.71905 28.4234 14.7711 -1.56608 78.4784
241417 9.33599 34 6.71905 28.4234 14.7711 -1.56608 78.4784
241429 7.67368 34 7.225 30.7968 15.6527 -0.687339 79.6955
241443 6.54292 34 7.61964 32.7747 16.2509 -0.0275382 80.9373
241455 5.96305 34 7.87262 33.9614 16.5427 0.343101 81.7971
241465 6.01137 34 8.08512 34 16.4147 0.3789 82.0965
241477 6.01137 34 8.08512 34 16.4147 0.3789 82.0965
241486 5.94372 34 8.1256 34 16.4284 0.398787 82.0693
241497 5.94372 34 8.1256 34 16.4284 0.398787 82.0693
241506 5.82774 34 7.98393 34 16.5589 0.395331 81.8117
241518 5.78908 34 7.88274 34 16.63 0.384523 81.6718
241526 5.78908 34 7.88274 34 16.63 0.384523 81.6718
241540 5.74076 34 7.63988 33.4211 16.7201 0.245086 80.8018
241551 5.68277 34 7.39702 32.7457 16.8073 0.0864369 79.8255
241557 5.68277 34 7.39702 32.7457 16.8073 0.0864369 79.8255
241567 5.51848 34 7.10357 32.0028 16.9732 -0.0786147 78.6249
241580 5.29619 34 6.93155 32.0028 17.1848 -0.0693718 78.2306
241589 5.29619 34 6.93155 31.7134 17.1558 -0.125334 77.9411
241598 5.17055 34 6.91131 31.6266 17.2262 -0.122126 77.7084
241608 5.17055 34 6.91131 31.6266 17.2262 -0.122126 77.7084
241618 5.03525 34 6.92143 31.8002 17.3115 -0.0604945 77.7569
241628 4.94827 34 7.04286 32.2826 17.3403 0.0722909 78.2738
241638 4.94827 34 7.04286 32.2826 17.3403 0.0722909 78.2738
241653 4.89028 34 7.12381 32.7843 17.3767 0.193761 78.7984
241660 4.7743 34 7.21488 33.1896 17.429 0.308822 79.1787
241671 4.7743 34 7.21488 33.1896 17.429 0.308822 79.1787
241682 4.74531 34 7.98393 33.5755 17.0744 0.525643 80.3047
241692 4.74531 34 7.98393 33.5755 17.0744 0.525643 80.3047
241701 6.60091 34 7.99405 33.0641 16.0635 0.0839978 81.6591
241714 8.8141 34 8.48988 31.6459 14.5696 -0.484334 82.9498
241721 8.8141 34 8.48988 31.6459 14.5696 -0.484334 82.9498
241731 11.4235 34 8.93512 28.9926 12.7874 -1.34895 83.3513
241750 14.2069 34 9.12738 25.3456 10.8888 -2.49164 82.6799
241752 14.2069 34 9.12738 25.3456 10.8888 -2.49164 82.6799
241761 17.0289 34 9.19821 20.8014 8.81613 -3.89295 81.0284
241781 17.0289 34 9.19821 20.8014 8.81613 -3.89295 81.0284
241790 19.79 34 9.99762 16.8161 6.52216 -5.02018 80.6037
241796 22.2434 34 14.6929 16.0803 3.77632 -4.39058 87.0165
241804 22.2434 34 14.6929 16.0803 3.77632 -4.39058 87.0165
241812 24.2445 34 21.1843 18.2157 1.73765 -2.89487 97.6445
241826 24.9949 34 24.5803 19.0165 0.83859 -2.25138 102.592
241832 24.9949 34 24.5803 19.0165 0.83859 -2.25138 102.592
241842 25.1104 32.6128 25.126 17.6368 0.00328422 -2.2332 100.486
241857 25.1104 32.6128 25.126 17.6368 0.00328422 -2.2332 100.486
241863 24.841 27.6573 25.4394 16.0513 -1.74802 -1.75675 93.9889
241873 24.5042 22.3478 26.1468 14.7733 -3.85371 -1.01373 87.7722
241886 24.5042 22.3478 26.1468 14.7733 -3.85371 -1.01373 87.7722
241895 24.1387 17.3157 27.5214 14.4926 -5.94589 0.100574 83.4684
241905 23.9462 13.3537 29.6944 15.0251 -7.69997 1.35691 82.0194
241915 23.9462 13.3537 29.6944 15.0251 -7.69997 1.35691 82.0194
241925 24.2252 11.2083 32.1201 16.119 -8.67012 2.29566 83.6726
241938 24.2252 11.2083 32.1201 16.119 -8.67012 2.29566 83.6726
241945 24.6389 10.2077 34 17.1061 -9.11114 2.83752 85.9528
241955 25.0045 10.2173 34 17.9262 -8.85303 2.87517 87.1481
241970 25.0045 10.2173 34 17.9262 -8.85303 2.87517 87.1481
241976 25.1873 10.2943 34 18.1481 -8.77126 2.85289 87.6297
241995 25.0526 10.2654 34 17.8973 -8.8545 2.85143 87.2153
241997 25.0526 10.2654 34 17.8973 -8.8545 2.85143 87.2153
242008 24.8602 10.0826 34 17.2605 -9.14033 2.83939 86.2033
242016 24.8602 10.0826 34 17.2605 -9.14033 2.83939 86.2033
242031 24.4465 9.94793 33.1611 16.5353 -9.2532 2.72954 84.0909
242036 24.004 9.75552 31.9584 15.8673 -9.29688 2.58617 81.5852
242046 24.004 9.75552 31.9584 15.8673 -9.29688 2.58617 81.5852
242061 23.7346 9.58234 31.0386 15.3639 -9.35373 2.46219 79.7195
242067 23.292 9.40917 30.6546 15.1509 -9.35797 2.50379 78.5067
242077 23.292 9.40917 30.6546 15.1509 -9.35797 2.50379 78.5067
242090 23.0515 9.35144 30.6344 15.1412 -9.33542 2.56579 78.1785
242100 22.9938 9.35144 30.9275 15.3736 -9.28087 2.66176 78.6463
242107 22.9938 9.24561 30.9275 15.3736 -9.32706 2.68556 78.5404
242125 23.2824 9.39955 31.3722 15.6834 -9.27157 2.70392 79.7375
242133 23.2824 9.39955 31.3722 15.6834 -9.27157 2.70392 79.7375
242144 23.5903 9.64007 31.8674 15.9448 -9.21518 2.69893 81.0425
242152 24.0521 9.82286 32.1302 16.0706 -9.22587 2.61817 82.0758
242161 24.0521 9.82286 32.1302 16.0706 -9.22587 2.61817 82.0758
242170 24.5331 10.4963 32.0595 16.6805 -8.77878 2.45505 83.7694
242180 25.8993 14.2003 31.2206 16.7967 -7.41141 1.34781 88.1169
242192 25.8993 14.2003 31.2206 16.7967 -7.41141 1.34781 88.1169
242201 26.8132 18.5881 29.1284 16.7096 -5.65656 0.0717902 91.2393
242210 26.8132 18.5881 29.1284 16.7096 -5.65656 0.0717902 91.2393
242220 27.1885 22.7113 25.3181 15.3736 -3.97986 -1.52467 90.5914
242231 27.1692 26.1744 20.4465 13.5729 -2.25163 -3.31793 87.363
242240 27.1692 26.1744 20.4465 13.5729 -2.25163 -3.31793 87.363
242255 26.9576 29.8098 15.9679 11.8787 -0.365458 -5.12696 84.6139
242259 26.7363 33.3877 12.325 11.2882 1.67626 -6.54026 83.7372
242278 26.7363 33.3877 12.325 11.2882 1.67626 -6.54026 83.7372
242281 26.4092 34 11.2321 15.7899 3.47375 -5.72802 87.4312
242291 26.4092 34 11.2321 15.7899 3.47375 -5.72802 87.4312
242301 26.1013 34 14.0655 28.298 5.39971 -2.59668 102.465
242311 24.5523 34 13.8125 31.1249 6.46441 -1.97338 103.49
242323 24.5523 34 13.8125 31.1249 6.46441 -1.97338 103.49
242331 21.7142 34 11.7381 29.4943 7.74705 -2.24069 96.9466
242345 18.0487 34 9.9369 29.1952 9.6538 -2.12488 91.1808
242356 18.0487 34 9.9369 29.1952 9.6538 -2.12488 91.1808
242362 14.2069 34 8.65179 29.3882 11.7481 -1.76823 86.2469
242372 14.2069 34 8.65179 29.3882 11.7481 -1.76823 86.2469
242382 10.7953 34 7.98393 30.5267 13.7287 -1.13162 83.3059
242392 8.0506 34 7.93333 32.3695 15.2955 -0.318347 82.3534
242403 8.0506 34 7.93333 32.3695 15.2955 -0.318347 82.3534
242414 5.96305 33.8948 8.29762 34 16.3209 0.445461 82.1554
242422 4.75497 33.4451 8.69226 34 16.6882 0.832989 80.8924
242437 4.75497 33.4451 8.69226 34 16.6882 0.832989 80.8924
242443 4.03013 33.0816 9.05655 34 16.838 1.11232 80.1683
242459 4.03013 33.0816 9.05655 34 16.838 1.11232 80.1683
242463 4.02047 32.919 9.33988 34 16.6788 1.19591 80.2793
242473 3.88516 32.565 9.49167 34 16.6334 1.32124 79.9418
242492 3.88516 32.565 9.49167 34 16.6334 1.32124 79.9418
242494 3.92382 32.4024 9.49167 34 16.5962 1.3466 79.8178
242509 3.8755 32.1536 9.45119 34 16.6164 1.40074 79.4803
242513 3.8755 32.1536 9.45119 34 16.6164 1.40074 79.4803
242523 4.02047 32.2302 9.46131 34 16.5434 1.35689 79.7119
242535 4.02047 32.2302 9.46131 34 16.5434 1.35689 79.7119
242545 4.06879 32.3641 9.46131 34 16.5325 1.31958 79.8942
242557 4.14611 32.4024 9.29941 34 16.5805 1.26821 79.8479
242565 4.14611 32.4024 9.29941 34 16.5805 1.26821 79.8479
242575 4.11711 32.4406 9.32976 34 16.5839 1.27154 79.8875
242585 4.06879 32.2971 9.21845 34 16.6521 1.29156 79.5844
242595 4.06879 32.2971 9.21845 34 16.6521 1.29156 79.5844
242608 4.05912 32.2206 9.21845 34 16.6491 1.30923 79.4982
242617 4.05912 32.2206 9.21845 34 16.6491 1.30923 79.4982
242630 4.05912 32.2493 9.19821 34 16.6627 1.29985 79.5066
242643 4.0398 32.3067 9.32976 34 16.6101 1.31468 79.6763
242653 4.0398 32.3067 9.32976 34 16.6101 1.31468 79.6763
242661 4.07845 32.5267 9.16786 34 16.6975 1.234 79.773
242667 5.41217 33.3686 9.73452 34 15.8219 0.900516 82.5153
242678 5.41217 33.3686 9.73452 34 15.8219 0.900516 82.5153
242687 7.13246 34 10.2607 34 14.8158 0.549504 85.3932
242701 7.13246 34 10.2607 34 14.8158 0.549504 85.3932
242710 10.4474 34 10.9893 31.9642 12.7366 -0.256384 87.4009
242725 14.9028 34 11.2929 26.9086 9.96305 -1.84284 87.1043
242728 14.9028 34 11.2929 26.9086 9.96305 -1.84284 87.1043
242738 18.8568 34 11.5762 21.1873 7.22792 -3.5202 85.6203
242751 21.897 34 13.9238 16.9226 4.35242 -4.33186 86.7434
242758 21.897 34 13.9238 16.9226 4.35242 -4.33186 86.7434
242775 25.1104 34 21.2854 17.2605 1.24538 -3.1587 97.6562
242800 26.7267 34 26.3793 18.2639 -0.199787 -2.28957 105.37
242802 27.4578 31.924 26.9958 17.3184 -1.25638 -2.17959 103.696
242810 27.4578 31.924 26.9958 17.3184 -1.25638 -2.17959 103.696
242825 27.3424 27.8869 26.632 15.4607 -2.7298 -2.02471 97.322
242830 27.0826 23.0844 26.5916 13.9214 -4.59538 -1.59694 90.68
242840 27.0826 23.0844 26.5916 13.9214 -4.59538 -1.59694 90.68
242858 26.7074 18.1767 27.3092 13.1276 -6.65497 -0.781884 85.3208
242877 26.4765 14.2581 29.0981 13.5632 -8.31975 0.346552 83.3959
242887 26.4188 11.8336 31.5642 14.7249 -9.2926 1.42594 84.5416
242902 26.4188 11.8336 31.5642 14.7249 -9.2926 1.42594 84.5416
242903 26.4765 10.5829 33.626 15.7415 -9.77073 2.13615 86.4269
242911 26.5823 10.2173 34 16.6418 -9.64166 2.37453 87.4415
242926 26.5823 10.2173 34 16.6418 -9.64166 2.37453 87.4415
242931 26.6401 10.2077 34 16.9903 -9.5181 2.41511 87.8381
242941 26.6401 10.2077 34 16.9903 -9.5181 2.41511 87.8381
242956 26.4669 10.2558 34 16.9419 -9.48763 2.433 87.6646
242962 26.1783 10.2077 34 16.574 -9.60112 2.44734 86.96
242976 26.1783 10.2077 34 16.574 -9.60112 2.44734 86.96
242982 25.8127 10.0826 33.4542 16.0222 -9.71108 2.38623 85.3717
242992 25.3605 9.88059 32.6659 15.6156 -9.73694 2.34195 83.5226
243018 24.9564 9.68817 31.7967 15.2671 -9.72906 2.27991 81.7084
243028 24.9564 9.68817 31.7967 15.2671 -9.72906 2.27991 81.7084
243034 24.6486 9.57272 31.3014 14.9089 -9.7811 2.23588 80.4316
243043 24.3888 9.48613 31.1801 14.7733 -9.80523 2.2696 79.8284
243054 24.3888 9.48613 31.1801 14.7733 -9.80523 2.2696 79.8284
243063 24.3503 9.39955 31.17 14.7249 -9.85496 2.28737 79.6448
243078 24.3696 9.41879 31.352 14.8314 -9.83825 2.32489 79.9717
243088 24.3696 9.41879 31.352 14.8314 -9.83825 2.32489 79.9717
243095 24.485 9.40917 31.5036 14.8411 -9.88869 2.32752 80.2389
243107 24.485 9.40917 31.5036 14.8411 -9.88869 2.32752 80.2389
243115 24.764 9.49576 31.5036 14.754 -9.94129 2.23513 80.5173
243130 25.0815 9.66893 31.5137 14.8605 -9.88164 2.14924 81.1246
243136 25.0815 9.66893 31.5137 14.8605 -9.88164 2.14924 81.1246
243145 26.0628 12.18 31.4732 15.4704 -8.77068 1.53208 85.1864
243156 26.9095 14.8834 30.5737 15.9835 -7.53148 0.808886 88.3501
243165 26.9095 14.8834 30.5737 15.9835 -7.53148 0.808886 88.3501
243180 27.7561 18.6168 28.8656 16.0706 -6.00552 -0.236003 91.3091
243190 27.7561 18.6168 28.8656 16.0706 -6.00552 -0.236003 91.3091
243196 28.3141 21.8312 25.9952 15.4897 -4.63504 -1.4177 91.6303
243213 28.5931 25.2656 21.8817 14.3377 -3.01723 -2.93734 90.0781
243223 28.5931 25.2656 21.8817 14.3377 -3.01723 -2.93734 90.0781
243233 28.6027 28.7575 17.8086 12.9823 -1.32485 -4.52109 88.1511
243241 28.3622 31.6275 14.1262 12.4789 0.467122 -5.78289 86.5948
243259 28.3622 31.6275 14.1262 12.4789 0.467122 -5.78289 86.5948
243261 27.8908 34 12.5476 15.877 2.61267 -5.55822 90.3154
243267 27.8908 34 12.5476 15.877 2.61267 -5.55822 90.3154
243285 27.1981 34 14.278 25.3842 4.43886 -3.20283 100.86
243293 25.4471 34 14.369 29.5522 5.74065 -2.25299 103.368
243309 25.4471 34 14.369 29.5522 5.74065 -2.25299 103.368
243312 22.3492 34 12.5881 29.2242 7.20418 -2.22138 98.1615
243321 18.4335 34 10.8476 29.5329 9.22592 -1.94792 92.814
243335 18.4335 34 10.8476 29.5329 9.22592 -1.94792 92.814
243340 14.3036 34 9.44107 30.2565 11.5089 -1.46691 88.0012
243348 14.3036 34 9.44107 30.2565 11.5089 -1.46691 88.0012
243362 10.3604 33.5791 8.52024 31.5397 13.7614 -0.692778 83.9995
243368 7.44173 33.2155 8.37857 33.2764 15.3901 0.181814 82.3122
243378 7.44173 33.2155 8.37857 33.2764 15.3901 0.181814 82.3122
243389 5.61512 33.6173 8.52024 34 16.3548 0.603243 81.7527
243403 4.69699 34 8.65179 34 16.7953 0.729232 81.3488
243418 4.69699 34 8.65179 34 16.7953 0.729232 81.3488
243420 4.75497 34 8.85417 34 16.662 0.753443 81.6091
243430 4.75497 34 8.85417 34 16.662 0.753443 81.6091
243446 4.92894 34 8.83393 34 16.5837 0.7164 81.7629
243451 5.05458 34 8.60119 34 16.6382 0.651505 81.6558
243461 5.05458 34 8.60119 34 16.6382 0.651505 81.6558
243474 5.06424 34 8.35833 34 16.7575 0.606852 81.4226
243481 5.19955 34 8.04464 34 16.8491 0.525287 81.2442
243491 5.19955 34 8.04464 34 16.8491 0.525287 81.2442
243501 5.2382 34 7.78155 33.479 16.9131 0.376841 80.4988
243516 5.21887 34 7.54881 32.7747 16.9743 0.208308 79.5424
243528 5.21887 34 7.54881 32.7747 16.9743 0.208308 79.5424
243532 5.05458 34 7.35655 32.2923 17.1153 0.113259 78.7034
243545 5.05458 34 7.35655 32.2923 17.1153 0.113259 78.7034
243556 5.07391 34 7.29583 32.0993 17.1181 0.0614101 78.4691
243563 5.04491 34 7.15417 32.109 17.2108 0.0418013 78.308
243582 5.04491 34 7.15417 32.109 17.2108 0.0418013 78.308
243583 4.98692 34 7.14405 32.2151 17.2581 0.0712645 78.3461
243593 5.02558 34 7.24524 32.5045 17.2115 0.137898 78.7754
243612 5.02558 34 7.24524 32.5045 17.2115 0.137898 78.7754
243613 5.12223 34 7.20476 32.7554 17.2062 0.158935 79.0824
243633 5.12223 34 7.20476 32.7554 17.2062 0.158935 79.0824
243634 5.22854 34 7.75119 33.0159 16.8872 0.288493 79.9956
243643 6.94883 34 8.075 32.7457 15.8133 -0.023497 81.7696
243659 6.94883 34 8.075 32.7457 15.8133 -0.023497 81.7696
243663 9.32632 34 8.6619 31.4047 14.2148 -0.586337 83.3929
243673 12.361 34 8.84405 28.5585 12.3423 -1.60425 83.7635
243686 12.361 34 8.84405 28.5585 12.3423 -1.60425 83.7635
243698 15.3957 34 8.57083 24.4966 10.4683 -2.9701 82.4631
243714 15.3957 34 8.57083 24.4966 10.4683 -2.9701 82.4631
243716 18.0006 34 8.11548 20.1646 8.73453 -4.43205 80.2806
243725 20.3577 34 8.30774 16.4191 6.87673 -5.62009 79.0845
243743 20.3577 34 8.30774 16.4191 6.87673 -5.62009 79.0845
243745 22.4358 34 10.8982 15.3639 4.84593 -5.47299 82.6979
243755 24.2733 34 17.3032 18.0227 2.79012 -3.6775 93.5993
243770 24.2733 34 17.3032 18.0227 2.79012 -3.6775 93.5993
243776 25.1681 34 21.6897 19.6243 1.68352 -2.66527 100.482
243786 25.1681 34 21.6897 19.6243 1.68352 -2.66527 100.482
243798 25.1681 34 22.5993 18.5148 1.18351 -2.70049 100.282
243806 24.8121 29.4845 22.8722 16.9032 -0.34457 -2.31545 94.072
243825 24.8121 29.4845 22.8722 16.9032 -0.34457 -2.31545 94.072
243831 24.5235 24.395 23.5797 15.5672 -2.31104 -1.66439 88.0654
243837 24.1964 19.3917 24.9239 15.0638 -4.38669 -0.646186 83.5757
243852 24.1964 19.3917 24.9239 15.0638 -4.38669 -0.646186 83.5757
243861 23.9655 15.4318 26.9554 15.6059 -6.065 0.579082 81.9586
243867 23.9655 15.4318 26.9554 15.6059 -6.065 0.579082 81.9586
243882 24.0521 13.1998 29.2598 16.6612 -7.04886 1.56345 83.1728
243887 24.3214 11.9972 30.9578 17.4921 -7.60602 2.14665 84.7685
243897 24.3214 11.9972 30.9578 17.4921 -7.60602 2.14665 84.7685
243916 24.8121 11.8817 31.9584 18.1481 -7.70177 2.31785 86.8003
243926 25.2066 12.18 32.2616 18.4569 -7.61345 2.26978 88.105
243945 25.322 12.1607 31.8876 18.1867 -7.66991 2.15715 87.5571
243953 25.322 12.1607 31.8876 18.1867 -7.66991 2.15715 87.5571
243970 25.3701 12.2377 31.1801 17.7429 -7.67635 1.96148 86.5309
243973 25.2932 12.2184 30.0785 17 -7.72939 1.69645 84.5901
243982 25.2932 12.2184 30.0785 17 -7.72939 1.69645 84.5901
243997 25.1873 12.103 29.0678 16.3223 -7.81012 1.46947 82.6804
244001 24.9179 12.0453 28.522 15.9641 -7.80563 1.38544 81.4493
244011 24.9179 12.0453 28.522 15.9641 -7.80563 1.38544 81.4493
244024 24.7159 11.9587 28.4209 16.0125 -7.75682 1.43491 81.108
244030 24.7159 11.9587 28.4209 16.0125 -7.75682 1.43491 81.108
244040 24.5908 11.8817 28.714 16.2062 -7.74547 1.55683 81.3927
244054 24.408 11.8432 29.0577 16.4869 -7.68241 1.70424 81.7958
244060 24.408 11.8432 29.0577 16.4869 -7.68241 1.70424 81.7958
244082 24.3311 11.8625 29.4923 16.8161 -7.61946 1.83901 82.5019
244086 24.3792 11.8625 29.8056 17.1254 -7.57366 1.9278 83.1727
244091 24.3792 11.8625 29.8056 17.1254 -7.57366 1.9278 83.1727
244110 24.4369 11.8529 29.9774 17.2219 -7.58768 1.96006 83.4891
244111 24.4369 11.8529 29.9774 17.2219 -7.58768 1.96006 83.4891
244121 24.562 11.8817 30.038 17.1061 -7.66025 1.92022 83.5879
244137 25.3413 14.1138 29.8966 17.5692 -6.77479 1.38243 86.9208
244142 25.3413 14.1138 29.8966 17.5692 -6.77479 1.38243 86.9208
244152 26.0821 16.3073 29.0678 17.8201 -5.88684 0.755821 89.2772
244167 26.7363 20.0996 27.2283 17.5885 -4.43971 -0.330442 91.6527
244172 26.7363 20.0996 27.2283 17.5885 -4.43971 -0.330442 91.6527
244182 27.2077 24.5481 23.9738 16.2352 -2.82668 -1.88335 91.9648
244197 27.2077 24.5481 23.9738 16.2352 -2.82668 -1.88335 91.9648
244203 27.1115 27.6669 19.931 14.2699 -1.43453 -3.4689 88.9793
244213 26.7363 29.982 15.7452 12.1401 -0.106212 -5.11201 84.6036
244228 26.7363 29.982 15.7452 12.1401 -0.106212 -5.11201 84.6036
244233 26.3611 32.6798 12.2542 10.9687 1.5296 -6.53107 82.2637
244258 25.9859 34 10.4429 13.4277 3.27911 -6.46021 83.8564
244258 25.9859 34 10.4429 13.4277 3.27911 -6.46021 83.8564
244265 25.7261 34 11.8798 23.0494 5.13535 -3.92957 94.6552
244287 24.8025 34 12.5476 28.6453 6.32408 -2.64156 99.9954
244287 24.8025 34 12.5476 28.6453 6.32408 -2.64156 99.9954
244296 22.4839 34 11.1411 28.6453 7.53617 -2.60166 96.2702
244317 22.4839 34 11.1411 28.6453 7.53617 -2.60166 96.2702
244319 19.0685 34 9.70417 28.8865 9.30454 -2.36929 91.6591
244326 15.386 34 8.43929 29.3689 11.3378 -1.99173 87.1942
244348 15.386 34 8.43929 29.3689 11.3378 -1.99173 87.1942
244353 11.7521 34 7.53869 30.0443 13.4257 -1.47042 83.3351
244363 8.87209 34 7.24524 31.4336 15.1182 -0.771281 81.5509
244380 8.87209 34 7.24524 31.4336 15.1182 -0.771281 81.5509
244381 6.6299 34 7.37679 33.0352 16.3584 -0.040336 81.0419
244387 6.6299 34 7.37679 33.0352 16.3584 -0.040336 81.0419
244410 5.27686 34 7.4375 34 17.1239 0.401534 80.7144
244412 4.53269 34 7.61964 34 17.4192 0.577705 80.1523
244418 4.53269 34 7.61964 34 17.4192 0.577705 80.1523
244442 4.72598 34 7.7006 34 17.2746 0.554783 80.4266
244442 4.90961 34 7.68036 34 17.1889 0.515714 80.59
244448 4.90961 34 7.68036 34 17.1889 0.515714 80.59
244472 5.03525 34 7.41726 34 17.261 0.444115 80.4525
244473 5.03525 34 7.41726 34 17.261 0.444115 80.4525
244480 5.19955 34 7.30595 34 17.2331 0.392472 80.5055
244503 5.37351 34 7.12381 33.2957 17.1689 0.196633 79.793
244505 5.37351 34 7.12381 33.2957 17.1689 0.196633 79.793
244510 5.44116 34 6.95179 32.63 17.1586 0.026688 79.0229
244520 5.35418 34 6.72917 32.0125 17.2638 -0.117649 78.0958
244546 5.2382 34 6.48631 31.3564 17.3947 -0.271561 77.0809
244565 5.2382 34 6.48631 31.3564 17.3947 -0.271561 77.0809
244567 5.09324 34 6.31429 30.903 17.5256 -0.368756 76.3105
244573 4.9386 34 6.29405 30.7775 17.6111 -0.368443 76.0102
244596 4.9386 34 6.29405 30.7775 17.6111 -0.368443 76.0102
244597 4.9386 34 6.26369 30.8065 17.6309 -0.368729 76.0088
244601 5.01592 34 6.28393 30.9512 17.5904 -0.350316 76.251
244627 5.08357 34 6.15238 30.9705 17.628 -0.385931 76.2064
244632 6.10802 34 6.70893 30.9126 16.7554 -0.479835 77.7295
244642 6.10802 34 6.70893 30.9126 16.7554 -0.479835 77.7295
244657 8.37919 34 7.54881 30.1215 15.0512 -0.882379 80.0495
244667 8.37919 34 7.54881 30.1215 15.0512 -0.882379 80.0495
244691 12.3707 34 8.60119 27.8734 12.3428 -1.79178 82.8453
244692 16.9227 34 8.73274 23.4546 9.56539 -3.38142 83.11
244695 16.9227 34 8.73274 23.4546 9.56539 -3.38142 83.11
244705 20.9445 34 8.36845 18.0999 6.99733 -5.24663 81.4129
244722 24.0232 34 8.15595 13.3986 4.78132 -6.87415 79.5778
244733 24.0232 34 8.15595 13.3986 4.78132 -6.87415 79.5778
244736 26.5439 34 9.9875 11.3946 2.70466 -7.1702 81.926
244756 28.9972 34 14.7839 13.1372 0.922847 -5.78695 90.9183
244765 30.3537 34 19.0012 14.8024 -0.140719 -4.66855 98.1573
244790 30.3537 34 19.0012 14.8024 -0.140719 -4.66855 98.1573
244791 30.5173 34 20.588 14.4539 -0.665779 -4.44089 99.5591
244796 29.7187 30.6517 21.3966 13.4664 -1.83686 -4.01762 95.2333
244806 29.7187 30.6517 21.3966 13.4664 -1.83686 -4.01762 95.2333
244825 28.6412 24.0889 22.569 12.721 -4.09006 -2.97208 88.02
244827 28.6412 24.0889 22.569 12.721 -4.09006 -2.97208 88.02
244836 27.6021 18.2532 24.6813 13.0404 -6.27857 -1.45978 83.5771
244858 26.9191 14.3639 27.4507 14.2603 -7.75527 0.0773424 82.9939
244862 26.9191 14.3639 27.4507 14.2603 -7.75527 0.0773424 82.9939
244867 26.5342 12.1896 29.6439 15.4413 -8.51554 1.13855 83.809
244890 26.4477 11.6797 31.0386 16.361 -8.60709 1.62622 85.527
244891 26.4477 11.6797 31.0386 16.361 -8.60709 1.62622 85.527
244897 26.5342 11.7278 31.7259 16.8064 -8.56219 1.77493 86.7943
244907 26.5342 11.7278 31.7259 16.8064 -8.56219 1.77493 86.7943
244924 26.313 11.7566 31.5541 16.787 -8.48373 1.78303 86.4107
244928 26.1975 11.6604 31.2307 16.6224 -8.50103 1.74922 85.7111
244938 26.1975 11.6604 31.2307 16.6224 -8.50103 1.74922 85.7111
244957 25.8512 11.5258 30.6748 16.2546 -8.52417 1.6996 84.3063
244959 25.4856 11.3526 30.0987 15.9448 -8.53233 1.66599 82.8816
244968 25.4856 11.3526 30.0987 15.9448 -8.53233 1.66599 82.8816
244990 25.3413 11.2564 29.6843 15.635 -8.58621 1.59704 81.9169
244994 25.3413 11.2564 29.6843 15.635 -8.58621 1.59704 81.9169
245000 25.1585 11.1794 29.6742 15.635 -8.57909 1.64819 81.647
245025 25.043 11.0062 30.0077 15.7899 -8.63034 1.78657 81.8468
245026 25.043 11.0062 30.0077 15.7899 -8.63034 1.78657 81.8468
245041 24.9179 10.91 30.4929 15.9932 -8.65819 1.94221 82.314
245059 25.0141 10.8908 30.8365 16.1868 -8.67409 2.01108 82.9282
245060 25.0141 10.8908 30.8365 16.1868 -8.67409 2.01108 82.9282
245062 25.2066 11.0062 30.8668 16.1481 -8.68674 1.94685 83.2277
245092 25.3413 11.0062 30.8466 16.0319 -8.75621 1.89803 83.226
245093 25.3413 10.9677 30.8466 16.0319 -8.77182 1.90585 83.1875
245095 25.7646 11.1409 30.5333 15.7705 -8.82908 1.69422 83.2093
245125 26.2264 11.3237 30.1694 15.9544 -8.69974 1.537 83.674
245126 27.4097 14.2196 29.9774 16.0513 -7.73355 0.752814 87.658
245133 27.4097 14.2196 29.9774 16.0513 -7.73355 0.752814 87.658
245157 28.2179 16.8846 29.2699 16.2449 -6.72013 0.0682604 90.6172
245161 28.6893 19.3534 28.0369 16.1093 -5.76626 -0.633998 92.1889
245162 28.6893 19.3534 28.0369 16.1093 -5.76626 -0.633998 92.1889
245172 28.9587 21.8981 25.9043 15.3929 -4.76698 -1.55603 92.154
245192 28.9587 21.8981 25.9043 15.3929 -4.76698 -1.55603 92.154
245194 29.0164 24.3376 23.0238 14.0376 -3.77838 -2.70297 90.4154
245227 28.8913 26.6337 19.7895 12.3724 -2.75833 -3.99655 87.687
245228 28.8913 26.6337 19.7895 12.3724 -2.75833 -3.99655 87.687
245231 28.7182 28.6905 16.4131 10.7363 -1.68655 -5.36777 84.5581
245233 28.4969 30.5273 13.4482 9.68109 -0.528495 -6.55387 82.1535
245260 28.3526 32.7755 11.9304 12.7306 1.5221 -6.37617 85.789
245265 28.3526 32.7755 11.9304 12.7306 1.5221 -6.37617 85.789
245275 28.3814 34 13.1042 21.8144 3.68161 -4.23374 97.3
245295 27.6599 34 13.1042 25.6351 4.69901 -3.42443 100.399
245297 27.6599 34 13.1042 25.6351 4.69901 -3.42443 100.399
245310 25.6587 34 11.6673 25.5386 5.7329 -3.47695 96.8646
245337 22.657 34 10.3214 26.1561 7.29525 -3.25006 93.1345
245340 22.657 34 10.3214 26.1561 7.29525 -3.25006 93.1345
245342 19.0877 34 9.14762 26.9183 9.16478 -2.8639 89.1536
245370 15.2314 34 8.09524 27.6998 11.2827 -2.37039 85.0264
245370 11.2496 34 7.4375 28.9444 13.554 -1.62946 81.6315
245377 11.2496 34 7.4375 28.9444 13.554 -1.62946 81.6315
245405 8.06026 34 7.24524 30.2276 15.3779 -0.865195 79.5331
245407 6.28198 34 7.09345 31.2503 16.4942 -0.369774 78.6257
245408 6.28198 34 7.09345 31.2503 16.4942 -0.369774 78.6257
245442 5.38317 34 7.0631 31.8195 17.0487 -0.0959337 78.2658
245445 5.57646 34 7.03274 31.9064 16.9703 -0.121766 78.5156
245446 5.57646 34 7.03274 31.9064 16.9703 -0.121766 78.5156
245453 5.7021 34 6.84048 31.6844 16.9832 -0.225723 78.227
245479 5.7021 34 6.84048 31.6844 16.9832 -0.225723 78.227
245480 5.87607 34 6.73929 31.3275 16.9073 -0.3482 77.9428
245482 6.01137 34 6.64821 30.7582 16.8239 -0.504716 77.4178
245490 6.01137 34 6.64821 30.7582 16.8239 -0.504716 77.4178
245514 6.08869 34 6.39524 30.1215 16.8518 -0.699428 76.6054
245516 6.08869 34 6.26369 29.34 16.8404 -0.888804 75.6923
245519 6.08869 34 6.26369 29.34 16.8404 -0.888804 75.6923
245550 5.96305 34 5.99048 28.6646 16.9902 -1.06703 74.6181
245552 5.96305 34 5.99048 28.6646 16.9902 -1.06703 74.6181
245554 5.80841 34 5.76786 28.0471 17.1382 -1.2211 73.6234
245561 5.74076 34 5.61607 27.6322 17.2202 -1.33427 72.9891
245586 5.74076 34 5.61607 27.6322 17.2202 -1.33427 72.9891
