278421 29.3435 31.8284 27.9863 19.1998 -1.45391 -1.93605 108.358
278433 29.3435 31.8284 27.9863 19.1998 -1.45391 -1.93605 108.358
278445 29.3243 28.4609 27.7337 17.164 -2.78357 -1.88262 102.683
278453 28.5161 24.0411 27.2384 14.7927 -4.47221 -1.66925 94.5883
278478 27.4194 18.8368 27.5517 13.0017 -6.66187 -0.985385 86.8096
278488 27.4194 18.8368 27.5517 13.0017 -6.66187 -0.985385 86.8096
278497 26.3033 13.8347 29.3407 12.3724 -8.99096 0.288638 81.8512
278507 25.4759 10.3424 31.9786 13.0501 -10.5329 1.70885 80.847
278516 25.4759 10.3424 31.9786 13.0501 -10.5329 1.70885 80.847
278526 25.1681 8.61064 34 14.2893 -11.0482 2.65218 82.068
278536 25.1777 8.21619 34 15.7802 -10.5746 2.95518 83.1741
278553 25.3413 8.38936 34 16.545 -10.2067 2.99275 84.2756
278563 25.2835 8.39898 34 16.7096 -10.1239 3.02642 84.3921
278575 25.2835 8.39898 34 16.7096 -10.1239 3.02642 84.3921
278583 24.9853 8.32201 34 16.4869 -10.1965 3.07532 83.7942
278593 24.9853 8.32201 34 16.4869 -10.1965 3.07532 83.7942
278603 24.6582 8.27391 34 16.0125 -10.3598 3.08889 82.9446
278618 24.1675 8.11036 34 15.4897 -10.5688 3.15746 81.7676
278625 24.1675 8.11036 34 15.4897 -10.5688 3.15746 81.7676
278633 23.85 7.98529 34 14.9767 -10.793 3.18171 80.812
278648 23.7057 7.91794 34 14.7153 -10.9139 3.19116 80.3389
278653 23.7057 7.91794 34 14.7153 -10.9139 3.19116 80.3389
278666 23.6287 7.86984 34 14.7249 -10.9176 3.22094 80.2235
278674 23.6287 7.86984 34 14.7249 -10.9176 3.22094 80.2235
278688 23.5229 7.86022 34 14.8605 -10.8427 3.26705 80.2436
278694 23.4363 7.80249 34 15.1025 -10.7452 3.33521 80.3413
278708 23.4363 7.80249 34 15.1025 -10.7452 3.33521 80.3413
278716 23.5325 7.83135 34 15.2671 -10.6764 3.33058 80.631
278729 23.5903 7.83135 34 15.2768 -10.6824 3.31887 80.6984
278736 23.5903 7.83135 34 15.2768 -10.6824 3.31887 80.6984
278748 23.8308 7.85059 34 15.0831 -10.8021 3.23194 80.7645
278756 23.8308 7.85059 34 15.0831 -10.8021 3.23194 80.7645
278769 24.9083 10.2558 34 15.7995 -9.66677 2.58383 84.9637
278781 25.8415 12.5744 34 16.09 -8.80651 1.97852 88.5059
278790 25.8415 12.5744 34 16.09 -8.80651 1.97852 88.5059
278797 26.871 16.3265 31.453 15.8867 -7.20996 0.68627 90.5372
278807 27.6695 20.1666 27.2889 14.9767 -5.49802 -0.927366 90.1017
278817 27.6695 20.1666 27.2889 14.9767 -5.49802 -0.927366 90.1017
278827 27.987 23.9645 22.3163 13.5923 -3.62692 -2.73895 87.8601
278842 27.987 23.9645 22.3163 13.5923 -3.62692 -2.73895 87.8601
278848 28.2179 27.4755 17.657 12.5467 -1.70338 -4.45122 85.8971
278857 28.3045 30.8334 13.8226 12.3047 0.296429 -5.80728 85.2652
278877 28.3045 30.8334 13.8226 12.3047 0.296429 -5.80728 85.2652
278879 28.1794 33.933 12.7298 15.5769 2.37802 -5.60819 90.4191
278888 27.6984 34 15.5125 25.5965 3.98455 -3.00407 102.807
278907 27.6984 34 15.5125 25.5965 3.98455 -3.00407 102.807
278909 26.1398 34 16.0994 29.9864 5.11816 -1.98455 106.226
278918 26.1398 34 16.0994 29.9864 5.11816 -1.98455 106.226
278933 23.0611 34 13.7012 28.7128 6.52186 -2.20866 99.4751
278939 18.9915 34 11.3839 27.9796 8.55507 -2.21342 92.355
278948 18.9915 34 11.3839 27.9796 8.55507 -2.21342 92.355
278964 14.6805 34 9.55238 27.8734 10.9285 -1.9606 86.1063
278971 10.892 34 8.58095 28.298 13.093 -1.46991 81.7709
278980 10.892 34 8.58095 28.298 13.093 -1.46991 81.7709
278990 8.66913 34 8.4494 29.2531 14.3504 -0.926932 80.3717
279000 8.66913 34 8.4494 29.2531 14.3504 -0.926932 80.3717
279010 7.52871 34 8.63155 30.1986 14.945 -0.503713 80.3589
279020 7.49972 34 8.96548 30.9994 14.8943 -0.282604 81.4646
279034 7.49972 34 8.96548 30.9994 14.8943 -0.282604 81.4646
279041 7.71234 34 9.1375 31.3371 14.7491 -0.225897 82.187
279051 7.64468 34 9.12738 31.3371 14.7867 -0.2156 82.1092
279061 7.64468 34 9.12738 31.3371 14.7867 -0.2156 82.1092
279073 7.64468 34 8.98571 31.1442 14.8316 -0.277864 81.7746
279082 7.64468 34 8.98571 31.1442 14.8316 -0.277864 81.7746
279092 7.41273 34 8.88452 30.874 14.9612 -0.305688 81.1713
279102 7.31609 34 8.89464 30.7775 14.9919 -0.304474 80.9883
279112 7.31609 34 8.89464 30.7775 14.9919 -0.304474 80.9883
279132 7.10347 34 8.91488 30.71 15.0789 -0.274735 80.7283
279135 6.78454 34 8.94524 30.7872 15.232 -0.196007 80.517
279142 6.78454 34 8.94524 30.7872 15.232 -0.196007 80.517
279152 6.57192 34 9.02619 30.9994 15.3235 -0.101669 80.5975
279179 6.28198 33.3303 9.14762 31.2696 15.3601 0.15086 80.0295
279183 6.17567 33.0338 9.10714 31.4336 15.4183 0.250404 79.7502
279193 6.17567 33.0338 9.10714 31.4336 15.4183 0.250404 79.7502
279203 6.166 33.0433 9.19821 31.5204 15.3887 0.283252 79.928
279215 6.21433 33.5599 9.14762 31.5204 15.4516 0.166665 80.4423
279223 6.21433 33.5599 9.14762 31.5204 15.4516 0.166665 80.4423
279236 6.52359 34 9.80536 31.588 15.0332 0.159259 81.9169
279257 6.52359 34 9.80536 31.588 15.0332 0.159259 81.9169
279259 8.60148 34 10.3821 31.1538 13.7187 -0.189962 84.1374
279265 11.6265 34 11.4952 30.0636 11.7399 -0.699835 87.1853
279280 11.6265 34 11.4952 30.0636 11.7399 -0.699835 87.1853
279285 14.7771 34 12.1226 27.5165 9.78799 -1.55029 88.4162
279295 17.5676 34 12.4869 24.1396 7.96115 -2.54117 88.1942
279304 17.5676 34 12.4869 24.1396 7.96115 -2.54117 88.1942
279314 20.502 34 12.5173 20.1453 6.05924 -3.75831 87.1645
279329 20.502 34 12.5173 20.1453 6.05924 -3.75831 87.1645
279336 23.1092 34 13.347 16.7289 4.09263 -4.65101 87.1852
279346 25.245 34 16.5851 15.5672 2.11632 -4.44642 91.3974
279356 25.245 34 16.5851 15.5672 2.11632 -4.44642 91.3974
279366 26.5823 34 22.2152 16.9129 0.530362 -3.22748 99.7104
279376 26.8132 32.6033 26.2378 17.5017 -0.713989 -2.2796 103.156
279387 26.8132 32.6033 26.2378 17.5017 -0.713989 -2.2796 103.156
279398 26.2552 28.0782 27.7134 16.5063 -2.38049 -1.53934 98.5532
279409 26.2552 28.0782 27.7134 16.5063 -2.38049 -1.53934 98.5532
279417 25.2258 22.8261 28.1784 14.8508 -4.31683 -0.827191 91.0811
279431 24.0713 17.3827 29.1486 13.6697 -6.57617 0.242849 84.2723
279437 24.0713 17.3827 29.1486 13.6697 -6.57617 0.242849 84.2723
279447 23.167 12.738 31.1195 13.5438 -8.68972 1.63062 80.5683
279462 22.8206 9.82286 33.9495 14.4345 -10.0314 2.91392 81.0274
279468 22.8206 9.82286 33.9495 14.4345 -10.0314 2.91392 81.0274
279478 22.811 8.1296 34 15.5575 -10.2872 3.46908 80.4981
279488 22.811 8.1296 34 15.5575 -10.2872 3.46908 80.4981
279499 23.2535 7.65818 34 16.6031 -10.1185 3.62352 81.5148
279508 23.6191 7.84097 34 17.2509 -9.83162 3.58914 82.711
279522 23.6191 7.84097 34 17.2509 -9.83162 3.58914 82.711
279533 23.8212 7.92756 34 17.3087 -9.80793 3.5325 83.0575
279542 23.8115 8.02377 34 17.0289 -9.88328 3.47441 82.8643
279550 23.8115 8.02377 34 17.0289 -9.88328 3.47441 82.8643
279560 23.7442 8.00453 34 16.4385 -10.1297 3.41107 82.1872
279570 23.7442 8.00453 34 16.4385 -10.1297 3.41107 82.1872
279580 23.7923 8.04301 34 15.6446 -10.4641 3.2786 81.48
279599 23.8693 8.10074 34 14.8798 -10.7881 3.13727 80.8498
279602 23.8693 8.10074 34 14.8798 -10.7881 3.13727 80.8498
279611 23.9847 8.06225 34 14.2215 -11.1192 3.02258 80.2685
279621 24.1964 8.11998 33.7878 13.9214 -11.2285 2.88523 80.0255
279633 24.1964 8.11998 33.7878 13.9214 -11.2285 2.88523 80.0255
279654 24.6197 8.29315 33.6463 13.7665 -11.2686 2.70772 80.3256
279655 24.6197 8.29315 33.6463 13.7665 -11.2686 2.70772 80.3256
279662 24.8987 8.45671 33.717 13.7665 -11.2546 2.62153 80.8389
279675 25.3509 8.58178 33.7979 13.7278 -11.3061 2.50306 81.4583
279681 25.3509 8.58178 33.7979 13.7278 -11.3061 2.50306 81.4583
279691 25.6587 8.69723 33.808 13.6987 -11.321 2.40966 81.8627
279701 25.9666 8.8223 33.7574 14.3571 -11.0203 2.41104 82.9034
279727 26.9768 11.545 33.5654 14.7443 -9.86189 1.69084 86.8315
279732 26.9768 11.545 33.5654 14.7443 -9.86189 1.69084 86.8315
279742 27.8715 14.7776 32.1201 15.209 -8.33675 0.780185 89.9782
279752 28.6604 18.435 29.2598 14.9089 -6.73221 -0.481035 91.2641
279771 28.6604 18.435 29.2598 14.9089 -6.73221 -0.481035 91.2641
279775 29.4301 21.2859 25.4798 13.7665 -5.51829 -1.91242 89.9623
279785 29.8246 24.0028 21.4673 12.537 -4.19895 -3.38541 87.8317
279792 29.8246 24.0028 21.4673 12.537 -4.19895 -3.38541 87.8317
279809 30.0074 26.5858 17.9602 11.8109 -2.77047 -4.65854 86.3643
279813 30.0074 26.5858 17.9602 11.8109 -2.77047 -4.65854 86.3643
279823 29.6899 28.7383 15.7452 12.6048 -1.17887 -5.19915 86.7782
279833 29.1607 30.9769 17.5458 21.9881 1.56978 -3.10076 99.6715
279860 27.9196 32.3163 20.0321 31.559 3.55986 -1.15957 111.827
279864 24.966 31.0152 18.0006 31.1442 4.56421 -0.975471 105.126
279877 24.966 31.0152 18.0006 31.1442 4.56421 -0.975471 105.126
279888 21.2813 29.6472 15.4214 29.7741 5.90867 -0.894607 96.124
279899 21.2813 29.6472 15.4214 29.7741 5.90867 -0.894607 96.124
279905 17.2405 28.5374 13.7214 30.6714 7.83149 -0.230415 90.1708
279915 13.3565 27.5712 12.4464 32.0993 9.9059 0.634952 85.4734
279926 13.3565 27.5712 12.4464 32.0993 9.9059 0.634952 85.4734
279935 9.82888 26.758 11.981 34 11.7928 1.70661 82.5679
279946 7.22911 26.3849 12.153 34 12.8508 2.35792 79.767
279963 7.22911 26.3849 12.153 34 12.8508 2.35792 79.767
279972 5.78908 26.8059 12.4667 34 13.4547 2.63182 79.0616
279981 5.78908 26.8059 12.4667 34 13.4547 2.63182 79.0616
279992 4.86128 27.3225 12.5679 34 13.9341 2.73978 78.7516
279998 4.75497 27.9539 12.497 34 14.1094 2.61121 79.2059
280007 4.75497 27.9539 12.497 34 14.1094 2.61121 79.2059
280017 4.85162 28.5183 12.2036 34 14.2834 2.41921 79.5735
280027 4.89994 29.1593 11.9506 34 14.4697 2.22936 80.0098
280039 4.89994 29.1593 11.9506 34 14.4697 2.22936 80.0098
280047 5.06424 29.7524 11.556 34 14.6605 2.00429 80.3726
280062 5.06424 29.7524 11.556 34 14.6605 2.00429 80.3726
280067 5.29619 30.3455 11.222 34 14.7864 1.77712 80.8637
280077 5.44116 30.7856 11.05 34 14.8549 1.62837 81.2767
280087 5.44116 30.7856 11.05 34 14.8549 1.62837 81.2767
280097 5.63445 31.1683 10.7565 34 14.9515 1.46283 81.5593
280110 5.57646 31.2448 10.5946 34 15.0688 1.43216 81.4159
280122 5.57646 31.2448 10.5946 34 15.0688 1.43216 81.4159
280133 5.49915 31.2352 10.4226 34 15.1908 1.42099 81.157
280138 5.49915 31.2352 10.4226 34 15.1908 1.42099 81.157
280148 5.42183 31.2161 10.3113 34 15.2821 1.42189 80.9492
280158 5.42183 31.35 10.1696 34 15.3687 1.37095 80.9415
280168 5.42183 31.35 10.1696 34 15.3687 1.37095 80.9415
280181 5.46049 31.6657 9.96726 34 15.4877 1.2654 81.0935
280188 5.48948 32.1823 9.63333 34 15.7 1.09984 81.3051
280202 5.48948 32.1823 9.63333 34 15.7 1.09984 81.3051
280213 6.30131 32.8807 10.0786 33.6044 15.1165 0.814757 82.865
280225 6.30131 32.8807 10.0786 33.6044 15.1165 0.814757 82.865
280230 7.91529 33.9043 10.4833 32.4563 14.1465 0.198208 84.7593
280239 11.1626 34 11.4548 30.0153 11.9464 -0.639338 86.6327
280253 11.1626 34 11.4548 30.0153 11.9464 -0.639338 86.6327
280259 15.6083 34 11.8798 26.2911 9.3425 -1.95446 87.7792
280269 19.1454 34 11.8089 21.8434 7.16867 -3.36872 86.7977
280280 19.1454 34 11.8089 21.8434 7.16867 -3.36872 86.7977
280295 22.0125 34 11.7988 17.6078 5.2086 -4.67211 85.4191
280306 22.0125 34 11.7988 17.6078 5.2086 -4.67211 85.4191
280311 24.764 34 13.3571 15.18 3.16686 -5.19356 87.3011
280329 26.9191 34 18.5565 16.2933 1.25764 -4.08316 95.7688
280331 26.9191 34 18.5565 16.2933 1.25764 -4.08316 95.7688
280341 28.1409 34 24.56 18.2832 -0.0994802 -2.75723 104.984
280352 28.1794 32.9859 26.5612 17.8008 -0.936703 -2.38848 105.527
280369 28.1794 32.9859 26.5612 17.8008 -0.936703 -2.38848 105.527
280384 27.6118 28.4035 26.1873 15.7124 -2.47234 -2.16242 97.915
280386 27.6118 28.4035 26.1873 15.7124 -2.47234 -2.16242 97.915
280409 25.6395 16.8846 27.8549 12.6241 -7.22435 -0.369558 83.0031
280413 25.6395 16.8846 27.8549 12.6241 -7.22435 -0.369558 83.0031
280423 24.9564 12.3339 30.5232 13.0501 -9.30443 1.16548 80.8636
280435 24.7929 9.68817 33.4947 14.0182 -10.5438 2.38405 81.9939
280443 24.7929 9.68817 33.4947 14.0182 -10.5438 2.38405 81.9939
280460 25.1007 8.37974 34 15.1122 -10.7784 2.83894 82.5927
280463 25.1007 8.37974 34 15.1122 -10.7784 2.83894 82.5927
280473 25.5914 8.6395 34 15.9932 -10.3767 2.8072 84.2241
280488 25.8512 8.75495 34 16.3417 -10.2282 2.77857 84.9478
280495 25.8512 8.75495 34 16.3417 -10.2282 2.77857 84.9478
280509 25.8127 8.80306 34 16.2158 -10.2538 2.75843 84.8316
280514 25.6972 8.76457 34 15.8286 -10.4116 2.73461 84.2904
280525 25.6972 8.76457 34 15.8286 -10.4116 2.73461 84.2904
280535 25.3894 8.71647 34 15.3058 -10.6002 2.73343 83.4116
280544 25.3894 8.71647 34 15.3058 -10.6002 2.73343 83.4116
280560 25.1104 8.58178 34 14.8024 -10.8268 2.7475 82.4945
280566 24.9468 8.46633 33.8181 14.3764 -11.0045 2.71691 81.6076
280576 24.9468 8.46633 33.8181 14.3764 -11.0045 2.71691 81.6076
280586 24.6197 8.32201 33.4037 14.1344 -11.0484 2.7205 80.4798
280596 24.408 8.24505 33.2925 13.9892 -11.0923 2.7451 79.9348
280611 24.408 8.24505 33.2925 13.9892 -11.0923 2.7451 79.9348
280616 24.2926 8.07187 33.3936 14.0376 -11.1462 2.83224 79.7956
280626 24.2926 8.07187 33.3936 14.0376 -11.1462 2.83224 79.7956
280641 24.1964 8.04301 33.6564 14.0569 -11.1794 2.90308 79.9527
280647 24.3407 8.03339 33.6665 14.0085 -11.2322 2.86717 80.0491
280659 24.3407 8.03339 33.6665 14.0085 -11.2322 2.86717 80.0491
280667 24.764 8.14884 33.5452 13.9408 -11.2625 2.71891 80.3988
280683 26.0821 10.7272 33.5957 14.4442 -10.167 1.9854 84.8492
280687 26.0821 10.7272 33.5957 14.4442 -10.167 1.9854 84.8492
280697 27.4867 13.4403 32.7771 14.6185 -9.11574 1.09856 88.3225
280708 27.4867 13.4403 32.7771 14.6185 -9.11574 1.09856 88.3225
280717 28.5065 16.1534 31.1801 14.5797 -8.00532 0.182481 90.4197
280734 29.3243 18.7794 28.7342 14.0957 -6.92358 -0.869937 90.9336
280747 29.3243 18.7794 28.7342 14.0957 -6.92358 -0.869937 90.9336
280748 30.3826 22.099 25.6516 13.3018 -5.64152 -2.21931 91.435
280759 31.1907 25.2465 22.4881 12.3047 -4.41951 -3.55877 91.23
280771 31.1907 25.2465 22.4881 12.3047 -4.41951 -3.55877 91.23
280783 31.4697 27.3703 19.8502 11.6173 -3.41397 -4.54655 90.3075
280788 31.4697 27.3703 19.8502 11.6173 -3.41397 -4.54655 90.3075
280798 31.3254 28.9392 18.2229 13.3115 -1.98739 -4.69452 91.7991
280810 31.2196 30.5847 19.2033 20.3768 0.132817 -3.28809 101.384
280836 30.2286 31.0439 19.1528 24.265 1.41549 -2.55821 104.69
280839 28.1986 30.336 17.192 23.6862 2.1706 -2.66411 99.4128
280866 25.5048 29.2167 15.2899 23.0976 3.09304 -2.63143 93.109
280869 25.5048 29.2167 15.2899 23.0976 3.09304 -2.63143 93.109
280886 22.3588 28.2983 13.9137 23.744 4.46409 -2.2079 88.3148
280891 19.1839 27.4947 12.9119 25.1237 6.05641 -1.53037 84.7142
280901 19.1839 27.4947 12.9119 25.1237 6.05641 -1.53037 84.7142
280912 16.1109 26.892 12.4667 27.1788 7.71135 -0.609337 82.6483
280921 13.0665 26.4423 12.2137 29.8417 9.50287 0.468314 81.5642
280937 13.0665 26.4423 12.2137 29.8417 9.50287 0.468314 81.5642
280941 10.1768 26.3084 12.1429 32.7457 11.2857 1.54904 81.3738
280951 10.1768 26.3084 12.1429 32.7457 11.2857 1.54904 81.3738
280966 7.77999 26.3945 12.3655 34 12.4935 2.27049 80.5399
280972 6.37862 26.9781 12.6185 34 13.1231 2.48736 79.9751
280998 5.42183 27.6669 12.922 34 13.5366 2.5934 80.0107
281002 5.61512 28.6714 13.347 34 13.3858 2.39985 81.6335
281016 5.61512 28.6714 13.347 34 13.3858 2.39985 81.6335
281022 6.0307 29.5802 13.4381 34 13.2787 2.13618 83.049
281044 6.0307 29.5802 13.4381 34 13.2787 2.13618 83.049
281046 6.25298 30.269 13.1446 34 13.4078 1.90446 83.6666
281053 6.48493 30.5082 12.7804 34 13.5016 1.75245 83.7735
281070 6.48493 30.5082 12.7804 34 13.5016 1.75245 83.7735
281082 6.47527 30.5177 12.1732 34 13.7884 1.65576 83.1662
281083 6.35929 30.2786 11.6976 34 14.0345 1.65052 82.3355
281094 6.35929 30.2786 11.6976 34 14.0345 1.65052 82.3355
281103 6.14667 29.8098 11.2726 34 14.2777 1.72035 81.2291
281122 6.14667 29.8098 11.2726 34 14.2777 1.72035 81.2291
281125 5.88573 29.1401 11.0804 34 14.4103 1.88272 80.1062
281135 5.74076 28.614 11.05 34 14.4271 2.0204 79.4047
281147 5.74076 28.614 11.05 34 14.4271 2.0204 79.4047
281154 5.53781 28.4322 11.05 34 14.504 2.10327 79.02
281172 5.54747 28.4131 11.0804 34 14.4815 2.11027 79.0409
281174 5.54747 28.4131 11.0804 34 14.4815 2.11027 79.0409
281197 6.57192 29.2071 11.728 34 13.774 1.83094 81.507
281199 7.75099 30.0968 12.3857 34 13.0471 1.5204 84.2335
281206 7.75099 30.0968 12.3857 34 13.0471 1.5204 84.2335
281222 10.66 31.5318 13.4583 32.0607 11.2512 0.569009 87.7109
281226 10.66 31.5318 13.4583 32.0607 11.2512 0.569009 87.7109
281236 14.6322 32.9381 14.0048 28.1146 9.03554 -0.911622 89.6897
281251 18.0294 33.9235 13.8732 22.9625 7.0345 -2.5539 88.7887
281257 18.0294 33.9235 13.8732 22.9625 7.0345 -2.5539 88.7887
281274 21.0504 34 13.4786 17.6754 4.97261 -4.1581 86.2043
281281 21.0504 34 14.1161 17.6754 4.75259 -4.01747 86.8418
281287 23.8693 34 14.1161 13.5148 2.78639 -5.30497 85.5002
281301 26.3418 34 17.7378 12.9823 0.796905 -4.87937 91.062
281307 26.3418 34 17.7378 12.9823 0.796905 -4.87937 91.062
281317 28.1986 34 23.8627 15.4026 -0.655083 -3.39037 101.464
281330 28.9683 32.785 27.5113 16.1965 -1.77746 -2.56667 105.461
281337 28.9683 32.785 27.5113 16.1965 -1.77746 -2.56667 105.461
281356 29.0453 29.0827 27.8853 14.9476 -3.19436 -2.27244 100.961
281362 31.056 29.0827 27.7235 14.9476 -3.58653 -2.54853 102.81
281368 28.5931 24.1272 27.7235 13.2921 -5.04004 -1.87302 93.736
281382 27.8619 18.8368 28.3199 12.3628 -7.14747 -1.03273 87.3813
281388 27.8619 18.8368 28.3199 12.3628 -7.14747 -1.03273 87.3813
281398 27.0922 14.1811 29.8157 12.3821 -9.08839 0.166129 83.4712
281411 26.7844 11.0543 31.8068 13.1566 -10.3802 1.29067 82.8021
281420 26.7844 11.0543 31.8068 13.1566 -10.3802 1.29067 82.8021
281438 26.9383 9.5631 33.6361 14.1247 -10.944 2.00436 84.2623
281440 26.9383 9.5631 33.6361 14.1247 -10.944 2.00436 84.2623
281464 27.5156 9.57272 34 15.0735 -10.6977 2.08651 86.1618
281466 27.9485 9.88059 34 15.5091 -10.4647 2.006 87.3382
281474 27.9485 9.88059 34 15.5091 -10.4647 2.006 87.3382
281493 28.0928 9.94793 34 15.5866 -10.4301 1.97641 87.6273
281495 28.2948 10.0826 34 15.2574 -10.5423 1.86226 87.6349
281499 28.2948 10.0826 34 15.2574 -10.5423 1.86226 87.6349
281509 28.2371 10.1307 33.717 14.7249 -10.6838 1.74072 86.8098
281522 28.189 10.1307 32.4941 14.7249 -10.4711 1.56056 85.5388
281531 28.189 10.15 32.4941 14.1634 -10.6974 1.46803 84.9965
281549 28.0928 10.1788 31.5743 13.7181 -10.7014 1.26025 83.5641
281553 28.0928 10.1788 31.5743 13.7181 -10.7014 1.26025 83.5641
281561 27.7849 10.0634 31.1094 13.5051 -10.7096 1.23077 82.4629
281577 27.4675 9.93831 30.8971 13.3986 -10.7182 1.26497 81.7016
281586 27.4675 9.93831 30.8971 13.3986 -10.7182 1.26497 81.7016
281592 27.0538 9.82286 30.7759 13.418 -10.6663 1.35386 81.0705
281607 26.5823 9.57272 30.8264 13.389 -10.7151 1.50434 80.3704
281616 26.5823 9.57272 30.8264 13.389 -10.7151 1.50434 80.3704
281622 26.1975 9.38993 31.0083 13.5051 -10.7086 1.67152 80.1009
281637 26.1975 9.38993 31.0083 13.5051 -10.7086 1.67152 80.1009
281642 25.7453 9.13978 31.17 13.5245 -10.76 1.84898 79.5796
281652 25.5433 9.57272 31.5844 14.3958 -10.2222 2.0095 81.0962
281666 25.5433 9.57272 31.5844 14.3958 -10.2222 2.0095 81.0962
281682 26.1398 11.9298 31.5642 15.1412 -9.0336 1.52801 84.775
281694 26.8036 12.9785 30.1189 15.5478 -8.30795 1.03301 85.4489
281696 26.8036 15.4414 30.1189 15.5478 -7.3748 0.583827 87.9118
281703 27.6021 19.937 26.9352 14.996 -5.4779 -0.940186 89.4703
281724 27.6021 19.937 26.9352 14.996 -5.4779 -0.940186 89.4703
281725 28.1409 23.6967 22.6903 13.7956 -3.77559 -2.6072 88.3234
281733 28.4488 26.9015 18.5059 12.8274 -2.08394 -4.15596 86.6837
281752 28.4488 26.9015 18.5059 12.8274 -2.08394 -4.15596 86.6837
281754 28.6412 30.2977 15.3708 12.8178 -0.257258 -5.29402 87.1275
281764 28.2467 33.0338 14.5208 16.0028 1.70718 -5.0254 91.8042
281780 28.2467 33.0338 14.5208 16.0028 1.70718 -5.0254 91.8042
281785 27.5733 34 16.9595 26.349 3.77001 -2.61219 104.882
281794 27.5733 34 16.9595 26.349 3.77001 -2.61219 104.882
281813 25.8896 34 17.5357 31.9739 5.15282 -1.42324 109.399
281823 22.5031 34 15.0167 30.71 6.64929 -1.58121 102.23
281838 22.5031 34 15.0167 30.71 6.64929 -1.58121 102.23
281841 18.4624 33.5695 12.4363 29.4654 8.55291 -1.61766 93.9336
281851 14.3712 34 10.5542 29.3496 10.882 -1.43882 88.275
281866 14.3712 32.4502 10.5542 29.3496 10.6297 -1.19648 86.7252
281866 10.9306 31.5127 9.775 30.3337 12.459 -0.424203 82.552
281876 10.9306 31.5127 9.775 30.3337 12.459 -0.424203 82.552
281895 8.31154 30.5847 9.73452 32.1958 13.8366 0.563076 80.8266
281901 6.73621 29.9629 10.1595 34 14.5523 1.38398 80.8586
281907 6.73621 29.9629 10.1595 34 14.5523 1.38398 80.8586
281923 5.87607 29.7333 10.8274 34 14.617 1.719 80.4367
281927 5.63445 29.7333 11.3839 34 14.4625 1.86056 80.7516
281937 5.63445 29.7333 11.3839 34 14.4625 1.86056 80.7516
281952 5.55713 29.5037 11.5863 34 14.3713 1.9577 80.6471
281957 5.55713 29.5037 11.5863 34 14.3713 1.9577 80.6471
281967 5.38317 29.1019 11.647 34 14.3737 2.08943 80.132
281982 5.2672 28.547 11.8798 34 14.242 2.27098 79.6939
281987 5.2672 28.547 11.8798 34 14.242 2.27098 79.6939
282012 5.21887 28.0878 12.0923 34 14.0986 2.41545 79.3989
282014 5.21887 28.0878 12.0923 34 14.0986 2.41545 79.3989
282018 5.08357 27.5616 12.4161 34 13.9329 2.6127 79.0613
282028 4.86128 26.9972 12.6589 34 13.8431 2.82749 78.5174
282043 4.86128 26.9972 12.6589 34 13.8431 2.82749 78.5174
282048 4.72598 26.4041 12.75 34 13.7802 3.00847 77.88
282058 4.5037 25.7631 12.7399 34 13.8038 3.20877 77.0067
282073 4.5037 25.7631 12.7399 34 13.8038 3.20877 77.0067
282078 4.24275 25.2752 12.6387 34 13.9166 3.37215 76.1566
282103 4.24275 25.2752 12.6387 34 13.9166 3.37215 76.1566
282105 4.02047 24.9499 12.406 34 14.1037 3.4697 75.3763
282110 4.76464 25.1891 12.9524 34 13.4814 3.31547 76.9061
282120 4.76464 25.1891 12.9524 34 13.4814 3.31547 76.9061
282134 6.14667 26.0692 13.1851 34 12.8265 2.8279 79.401
282143 8.92041 27.2746 13.8631 34 11.4478 2.08214 84.0581
282149 8.92041 27.2746 13.8631 34 11.4478 2.08214 84.0581
282168 13.2018 28.327 14.4399 32.1476 9.3152 0.861136 88.1162
282177 13.2018 28.327 14.4399 32.1476 9.3152 0.861136 88.1162
282193 17.3752 28.8627 14.6929 26.9665 6.75821 -0.781344 87.8973
282196 20.4058 29.0062 14.6929 21.4478 4.48711 -2.32687 85.5526
282223 23.4652 29.2645 16.3524 16.9806 1.86712 -3.38068 86.0627
282225 26.2552 29.408 22.3769 15.9448 -0.872324 -2.76771 93.9849
282232 26.2552 29.408 22.3769 15.9448 -0.872324 -2.76771 93.9849
282255 28.3333 28.9775 30.22 18.0999 -2.71605 -1.27675 105.631
282256 28.8721 27.3129 32.4435 17.8201 -3.80058 -0.834399 106.449
282262 28.8721 27.3129 32.4435 17.8201 -3.80058 -0.834399 106.449
282285 28.8144 24.2611 31.9988 15.9351 -5.10274 -0.763532 101.009
282288 28.8144 24.2611 31.9988 15.9351 -5.10274 -0.763532 101.009
282293 28.189 19.8987 31.5036 13.9311 -6.91353 -0.425523 93.5224
282316 27.2847 15.2779 31.736 12.6532 -8.93876 0.315118 86.9518
282318 27.2847 15.2779 31.736 12.6532 -8.93876 0.315118 86.9518
282332 26.3803 11.5354 33.3531 12.508 -10.6504 1.42261 83.7768
282348 25.5144 9.07244 34 13.418 -11.2871 2.34702 82.0049
282349 25.5144 9.07244 34 13.418 -11.2871 2.34702 82.0049
282353 24.8025 7.31183 34 14.6088 -11.4223 3.06501 80.7231
282363 24.8025 7.31183 34 14.6088 -11.4223 3.06501 80.7231
282380 23.9847 6.5614 34 15.9641 -11.0108 3.6178 80.5103
282384 23.1862 6.30164 34 16.7386 -10.6405 3.97327 80.2264
282394 23.1862 6.30164 34 16.7386 -10.6405 3.97327 80.2264
282413 22.378 6.0515 34 16.9903 -10.4937 4.26104 79.4199
282415 21.5795 5.69553 34 16.9613 -10.5203 4.54128 78.2363
282444 21.5795 5.69553 34 16.9613 -10.5203 4.54128 78.2363
282445 20.9253 5.58008 34 16.5644 -10.6335 4.68257 77.0697
282447 20.9253 5.58008 34 16.5644 -10.6335 4.68257 77.0697
282456 20.3865 5.32032 34 16.1577 -10.8445 4.83445 75.8646
282475 19.944 5.24335 34 15.7318 -11.0015 4.91419 74.9191
282478 19.944 5.24335 34 15.7318 -11.0015 4.91419 74.9191
282486 19.8766 5.25297 34 15.4026 -11.1432 4.88507 74.5322
282508 20.0498 5.32032 34 15.3252 -11.1802 4.81056 74.6953
282518 20.2037 5.39728 34 15.3736 -11.1481 4.75612 74.9746
282540 20.2037 5.39728 34 15.3736 -11.1481 4.75612 74.9746
282546 20.4731 5.46463 34 15.5382 -11.0864 4.69032 75.4759
282547 20.9734 5.57046 34 15.4801 -11.1553 4.52546 76.0239
282572 20.9734 5.57046 34 15.4801 -11.1553 4.52546 76.0239
282576 21.5603 5.79174 34 15.3058 -11.2391 4.2958 76.6578
282577 22.5031 6.03226 34 14.967 -11.4525 3.95438 77.5023
282591 22.5031 6.03226 34 14.967 -11.4525 3.95438 77.5023
282607 23.5806 6.41709 34 14.6281 -11.6169 3.55425 78.6259
282609 23.5806 6.41709 34 14.6281 -11.6169 3.55425 78.6259
282618 25.1488 7.6678 34 14.783 -11.2433 2.93501 81.5997
282639 27.1307 9.94793 34 14.8411 -10.5743 2.05351 85.9198
282641 27.1307 9.94793 34 14.8411 -10.5743 2.05351 85.9198
282648 28.9298 12.3531 34 14.6378 -9.99181 1.22689 89.9208
282671 30.0555 14.412 33.7776 14.1538 -9.54215 0.562336 92.3989
282673 30.0555 14.412 33.7776 14.1538 -9.54215 0.562336 92.3989
282679 30.7963 16.442 30.887 13.631 -8.61258 -0.444695 91.7563
282689 30.7963 16.442 30.887 13.631 -8.61258 -0.444695 91.7563
282705 30.9406 18.4733 27.6831 12.9436 -7.55404 -1.46386 90.0406
282710 30.854 20.4823 24.4489 12.4402 -6.34183 -2.4563 88.2253
282739 30.854 20.4823 24.4489 12.4402 -6.34183 -2.4563 88.2253
282740 30.3056 22.1947 21.7907 12.9727 -4.84994 -3.04885 87.2637
282742 29.7091 23.8689 21.4471 18.8524 -2.24624 -2.12167 93.8775
282772 28.7759 25.036 22.6801 27.0437 0.150594 -0.592268 103.536
282773 28.7759 25.036 22.6801 27.0437 0.150594 -0.592268 103.536
282781 26.6112 24.5672 20.8811 28.298 1.33844 -0.298843 100.358
282805 23.8596 24.3185 18.415 27.912 2.6337 -0.293816 94.5052
282813 20.502 23.9358 16.4738 28.6549 4.35849 0.11571 89.5666
282822 17.0192 23.6871 14.9357 29.6969 6.27764 0.690123 85.339
282839 17.0192 23.6871 14.9357 29.6969 6.27764 0.690123 85.339
282842 13.5981 23.3714 13.8429 31.2406 8.27853 1.48331 82.053
282852 13.5981 23.3714 13.8429 31.2406 8.27853 1.48331 82.053
282873 10.5344 23.3236 13.2661 33.315 10.2059 2.37256 80.439
282877 7.81865 23.6393 13.3065 34 11.5896 3.01823 78.7645
282883 7.81865 23.6393 13.3065 34 11.5896 3.01823 78.7645
282906 6.07902 24.0124 13.6911 34 12.2914 3.39402 77.7825
282907 5.01592 24.5672 14.0351 34 12.7277 3.5659 77.6183
282913 5.01592 24.5672 14.0351 34 12.7277 3.5659 77.6183
282940 4.76464 25.2561 14.6018 34 12.6839 3.545 78.6225
282941 4.76464 25.2561 14.6018 34 12.6839 3.545 78.6225
282944 5.05458 25.897 14.8345 34 12.536 3.36204 79.7861
282972 5.19955 26.318 14.9256 34 12.4911 3.24604 80.4431
282979 5.37351 26.4997 14.794 34 12.4995 3.14641 80.6673
282989 5.39284 26.2988 14.5917 34 12.5538 3.15757 80.2833
283007 5.41217 26.0501 14.278 34 12.6536 3.16322 79.7402
283017 5.41217 26.0501 14.278 34 12.6536 3.16322 79.7402
283041 5.30586 25.677 14.025 34 12.7665 3.23553 79.0078
283043 5.16089 25.1795 13.7923 34 12.8712 3.35043 78.1327
283046 5.16089 25.1795 13.7923 34 12.8712 3.35043 78.1327
283056 4.98692 24.6151 13.7012 34 12.9125 3.51199 77.3032
283077 4.7743 24.242 13.5494 34 13.034 3.63083 76.5657
283078 4.7743 24.242 13.5494 34 13.034 3.63083 76.5657
283086 4.61967 23.8976 13.4179 34 13.1231 3.73357 75.9351
283110 4.61967 23.8976 13.4179 34 13.1231 3.73357 75.9351
283112 5.61512 24.0602 14.1565 34 12.2985 3.56176 77.8319
283117 7.20978 24.682 14.8952 34 11.319 3.15708 80.7871
283145 7.20978 24.682 14.8952 34 11.319 3.15708 80.7871
