730835 7.75099 21.7929 13.3571 29.0602 10.3337 2.6834 71.9612
730850 9.93519 21.7164 14.0756 27.6998 8.64988 2.06814 73.4269
730856 9.93519 21.7164 14.0756 27.6998 8.64988 2.06814 73.4269
730870 10.6407 21.2093 14.197 25.7991 7.71464 1.70073 71.8462
730877 10.6407 21.2093 14.197 25.7991 7.71464 1.70073 71.8462
730886 11.0659 20.5492 14.2476 23.2616 6.68986 1.27901 69.1244
730898 13.4531 19.9944 14.1262 20.1163 4.62824 0.176185 67.69
730906 13.4531 19.9944 14.1262 20.1163 4.62824 0.176185 67.69
730919 16.4298 19.5639 14.0857 16.5837 2.11214 -1.19802 66.6631
730926 18.7221 18.7603 14.3994 13.0404 -0.508623 -2.32029 64.9222
730939 18.7221 18.7603 14.3994 13.0404 -0.508623 -2.32029 64.9222
730951 20.6944 18.0045 15.1685 9.95216 -3.09709 -3.19141 63.8195
730957 20.6944 18.0045 15.1685 9.95216 -3.09709 -3.19141 63.8195
730967 23.09 17.2487 16.8179 8.2967 -5.48575 -3.48894 65.4533
730977 25.399 15.9032 19.2943 7.40604 -7.86148 -3.22088 68.0025
730987 25.399 15.9032 19.2943 7.40604 -7.86148 -3.22088 68.0025
731002 27.3135 13.6616 21.6998 6.50569 -10.4242 -2.76876 69.1805
731009 28.7566 11.2564 24.0345 5.60535 -12.8959 -2.2339 69.6529
731030 29.9015 8.97623 27.2485 5.44077 -14.9276 -1.29706 71.567
731047 29.9015 8.97623 27.2485 5.44077 -14.9276 -1.29706 71.567
731049 30.8829 7.12903 31.3216 6.05068 -16.2583 -0.127261 75.3842
731059 31.9989 5.97453 34 6.63155 -16.9814 0.507249 78.6049
731092 33.4228 5.26259 34 6.10877 -17.7841 0.270975 78.7941
731101 33.4228 5.26259 34 6.10877 -17.7841 0.270975 78.7941
731114 33.5093 5.04131 32.8377 5.49886 -18.1457 -0.04177 76.8872
731131 33.1726 4.80079 30.5131 4.85023 -18.4201 -0.533858 73.3367
731140 32.6242 4.56027 28.0773 4.0951 -18.7603 -1.08398 69.3569
731150 32.6242 4.56027 28.0773 4.0951 -18.7603 -1.08398 69.3569
731160 32.0085 4.49293 25.8436 3.41743 -18.9857 -1.65148 65.7625
731170 31.2869 4.3871 24.3478 2.93337 -19.186 -1.99972 62.9552
731180 31.2869 4.3871 24.3478 2.93337 -19.186 -1.99972 62.9552
731190 30.4788 4.22354 23.3876 2.58485 -19.3894 -2.15819 60.6748
731202 30.4788 4.22354 23.3876 2.58485 -19.3894 -2.15819 60.6748
731211 29.8342 3.95416 23.2158 2.43964 -19.622 -2.05225 59.4438
731221 29.3339 3.80985 23.4584 2.44932 -19.7002 -1.83807 59.0515
731231 29.3339 3.80985 23.4584 2.44932 -19.7002 -1.83807 59.0515
731241 29.0934 3.61743 23.8526 2.40091 -19.8966 -1.64269 58.9643
731251 28.9972 3.4635 24.8228 2.52677 -19.9923 -1.28182 59.8103
731266 28.9972 3.4635 24.8228 2.52677 -19.9923 -1.28182 59.8103
731273 29.103 3.48274 26.2176 2.92369 -19.8107 -0.83702 61.727
731282 29.103 3.48274 26.2176 2.92369 -19.8107 -0.83702 61.727
731295 29.2666 3.37691 27.764 3.32062 -19.7452 -0.36692 63.728
731310 29.4975 3.36729 29.1992 3.7369 -19.6017 0.0162596 65.8008
731319 29.4975 3.36729 29.1992 3.7369 -19.6017 0.0162596 65.8008
731328 29.7476 3.53084 30.2806 3.96925 -19.4467 0.215782 67.5283
731334 29.863 3.54046 31.1094 4.25 -19.3353 0.426659 68.7629
731342 29.863 3.54046 31.1094 4.25 -19.3353 0.426659 68.7629
731357 29.9881 4.07923 31.5844 4.57916 -18.8358 0.447718 70.2309
731363 29.9881 4.07923 31.5844 4.57916 -18.8358 0.447718 70.2309
731373 29.9496 4.67572 31.6147 4.69533 -18.3947 0.356251 70.9354
731384 29.6802 5.08942 31.352 4.83087 -18.0092 0.298755 70.9525
731405 29.6802 5.08942 31.352 4.83087 -18.0092 0.298755 70.9525
731412 29.1415 5.5897 30.9881 5.16002 -17.4169 0.299864 70.8793
731422 28.9106 7.04244 30.5434 6.02164 -15.9925 0.126591 72.5181
731441 28.4584 9.01471 29.7955 6.97039 -14.234 -0.1429 74.239
731451 28.4584 9.01471 29.7955 6.97039 -14.234 -0.1429 74.239
731460 27.8619 11.1024 28.5321 7.50285 -12.5964 -0.585884 74.9993
731468 27.3135 12.459 26.7229 7.61902 -11.4547 -1.09908 74.1145
731486 26.6786 12.9496 24.56 6.95103 -11.0129 -1.71153 71.1393
731496 25.9666 12.8919 22.4073 6.40888 -10.74 -2.22588 67.6747
731506 25.9666 12.8919 22.4073 6.40888 -10.74 -2.22588 67.6747
731520 25.12 12.661 20.5577 5.8377 -10.5876 -2.66117 64.1764
731529 25.12 12.661 20.5577 5.8377 -10.5876 -2.66117 64.1764
731539 24.3214 12.4493 19.2741 5.91515 -10.1804 -2.8038 61.96
731548 23.4363 12.4975 18.5666 7.02847 -9.1327 -2.52046 61.5288
731561 23.4363 12.4975 18.5666 7.02847 -9.1327 -2.52046 61.5288
731567 22.734 13.2575 18.4251 8.96469 -7.46944 -2.03571 63.3813
731577 22.1568 14.5948 18.4958 11.4721 -5.46531 -1.52511 66.7195
731587 22.1568 14.5948 18.4958 11.4721 -5.46531 -1.52511 66.7195
731605 21.4063 16.0187 18.5262 13.9117 -3.57919 -1.07077 69.8629
731608 21.4063 16.0187 18.5262 13.9117 -3.57919 -1.07077 69.8629
731618 20.6655 17.2392 18.2331 15.9641 -1.97474 -0.77131 72.1019
731628 19.5014 18.4446 17.5054 17.6464 -0.313199 -0.573384 73.0978
731638 19.5014 18.4446 17.5054 17.6464 -0.313199 -0.573384 73.0978
731648 17.4522 19.2195 16.0185 18.9296 1.63309 -0.360986 71.6197
731658 14.4099 19.9561 14.1667 20.4251 4.27966 0.0491077 68.9577
731673 14.4099 19.9561 14.1667 20.4251 4.27966 0.0491077 68.9577
731680 10.834 20.7023 12.3351 22.6249 7.57864 0.772301 66.4963
731693 7.5867 21.7355 11.2726 25.7605 10.7891 1.7431 66.3553
731700 7.5867 21.7355 11.2726 25.7605 10.7891 1.7431 66.3553
731715 5.96305 23.0557 11.7786 29.311 12.347 2.58261 70.1083
731721 5.96305 23.0557 11.7786 29.311 12.347 2.58261 70.1083
731730 6.24332 24.5864 13.256 32.7072 12.304 2.95602 76.7928
731740 6.64923 25.7535 14.3083 34 12.0169 2.95602 80.7111
731763 6.64923 25.7535 14.3083 34 12.0169 2.95602 80.7111
731767 6.91018 26.5476 14.8548 34 11.7791 2.80584 82.3125
731776 6.86185 26.6337 14.6119 34 11.9234 2.76158 82.1074
731785 6.86185 26.6337 14.6119 34 11.9234 2.76158 82.1074
731793 6.7942 26.3084 13.4786 33.479 12.339 2.59586 80.0602
731803 6.7942 26.3084 13.4786 33.479 12.339 2.59586 80.0602
731813 6.34963 25.5909 12.0113 30.6135 12.688 2.14932 74.5653
731822 5.99204 24.7586 10.4631 27.3814 13.0056 1.55124 68.5951
731834 5.99204 24.7586 10.4631 27.3814 13.0056 1.55124 68.5951
731842 5.66344 23.9358 9.02619 24.458 13.357 0.923753 63.0835
731857 5.44116 23.2183 7.95357 22.2389 13.62 0.390726 58.852
731862 5.44116 23.2183 7.95357 22.2389 13.62 0.390726 58.852
731879 5.29619 22.7496 7.2756 20.7242 13.7843 -0.0123104 56.0455
731895 5.25753 22.5104 6.94167 19.9909 13.8491 -0.229072 54.7005
731903 5.22854 22.386 6.91131 19.8462 13.8363 -0.236446 54.3721
731913 5.22854 22.386 6.91131 19.8462 13.8363 -0.236446 54.3721
731931 5.21887 22.5008 7.13393 20.3286 13.8073 -0.06991 55.1823
731935 5.29619 22.7113 7.52857 21.2452 13.7069 0.202421 56.7812
731947 5.29619 22.7113 7.52857 21.2452 13.7069 0.202421 56.7812
731956 5.51848 23.1418 8.24702 22.6635 13.4461 0.566599 59.5708
731966 5.51848 23.1418 8.24702 22.6635 13.4461 0.566599 59.5708
731976 5.68277 23.6871 9.03631 24.2554 13.2551 0.938809 62.6616
731988 5.90506 24.2133 9.86607 25.8087 13.0146 1.26681 65.7932
731996 5.90506 24.2133 9.86607 25.8087 13.0146 1.26681 65.7932
732011 6.08869 24.7299 10.4125 27.0726 12.9207 1.46403 68.3037
732016 6.20466 25.0169 10.9286 28.0953 12.8047 1.6661 70.2455
732034 6.20466 25.0169 10.9286 28.0953 12.8047 1.6661 70.2455
732037 6.24332 25.2561 11.222 28.6646 12.767 1.76237 71.386
732047 6.3303 25.3613 11.4042 29.0023 12.7011 1.81313 72.098
732057 6.3303 25.3613 11.4042 29.0023 12.7011 1.81313 72.098
732067 6.36896 25.3804 11.3637 28.8383 12.6773 1.76214 71.9513
732080 6.36896 25.3804 11.3637 28.8383 12.6773 1.76214 71.9513
732089 6.26265 25.2082 11.2524 28.3944 12.6859 1.72446 71.1177
732098 6.22399 24.9212 10.9994 27.8541 12.6974 1.65182 69.9988
732109 6.22399 24.9212 10.9994 27.8541 12.6974 1.65182 69.9988
732121 6.17567 24.5481 10.8476 27.4489 12.6679 1.64577 69.0203
732136 6.0307 24.1463 10.7667 27.1691 12.6694 1.70866 68.1128
732155 5.95338 23.7445 10.7768 27.0437 12.6107 1.80453 67.5184
732164 5.95338 23.7445 10.7768 27.0437 12.6107 1.80453 67.5184
732172 7.44173 23.4671 12.6792 26.7543 10.6979 1.81782 70.3422
732181 11.2882 23.381 13.8833 25.8666 8.08798 1.02408 74.4192
732190 11.2882 23.381 13.8833 25.8666 8.08798 1.02408 74.4192
732200 12.7089 22.4339 14.4095 23.7054 6.49108 0.60857 73.2578
732210 13.772 21.0754 14.5208 19.7883 4.54434 -0.116755 69.1566
732220 13.772 21.0754 14.5208 19.7883 4.54434 -0.116755 69.1566
732235 17.8081 19.6117 14.2274 14.3183 0.717995 -2.0179 65.9656
732241 17.8081 19.6117 14.2274 14.3183 0.717995 -2.0179 65.9656
732253 22.2145 17.9758 13.6202 8.96469 -3.5421 -4.20676 62.7752
732261 24.9276 15.884 14.6827 5.65376 -7.38885 -5.02266 61.148
732275 24.9276 15.884 14.6827 5.65376 -7.38885 -5.02266 61.148
732286 27.8138 13.6327 18.9608 4.8115 -10.8597 -4.06499 65.2188
732297 30.7674 11.1794 26.6825 5.55695 -13.7201 -1.96276 74.1863
732302 30.7674 11.1794 26.6825 5.55695 -13.7201 -1.96276 74.1863
732312 32.9513 8.86078 32.4839 6.17654 -15.6569 -0.587459 80.4726
732322 32.9513 8.86078 32.4839 6.17654 -15.6569 -0.587459 80.4726
732337 34 7.01358 34 6.23462 -16.8471 -0.143811 81.2482
732345 34 5.78212 34 6.62187 -17.2865 0.156662 80.404
732354 34 5.78212 34 6.62187 -17.2865 0.156662 80.404
732367 34 5.07018 34 6.45729 -17.7525 0.26163 79.5275
732375 34 4.51217 34 5.79897 -18.4166 0.246479 78.3111
732390 34 4.51217 34 5.79897 -18.4166 0.246479 78.3111
732395 34 4.16582 33.0398 4.95672 -19.0111 -0.0333363 76.1624
732405 34 4.16582 30.3413 4.95672 -18.7911 -0.585563 73.4638
732415 33.0091 3.72326 30.3413 4.20159 -19.4407 -0.460777 71.2752
732425 31.6237 3.47312 28.431 3.74658 -19.6341 -0.650877 67.2744
732436 31.6237 3.47312 28.431 3.74658 -19.6341 -0.650877 67.2744
732450 30.3152 3.22298 27.2687 3.54328 -19.7426 -0.635474 64.3502
732460 29.1126 2.99208 26.6825 3.40774 -19.855 -0.485835 62.195
732466 29.1126 2.99208 26.6825 3.40774 -19.855 -0.485835 62.195
732476 27.9196 2.8189 26.8038 3.48519 -19.835 -0.110494 61.0275
732496 27.2558 2.68421 27.5618 3.71754 -19.7715 0.32817 61.2194
732498 27.2558 2.68421 27.5618 3.71754 -19.7715 0.32817 61.2194
732507 26.9383 2.67459 28.4917 4.02733 -19.6067 0.7016 62.1319
732530 26.9383 2.67459 28.4917 4.02733 -19.6067 0.7016 62.1319
732535 26.6112 2.49179 29.4417 4.18223 -19.6801 1.08111 62.727
732541 26.5246 2.33786 30.5131 4.31777 -19.7753 1.40557 63.6933
732552 26.5246 2.33786 30.5131 4.31777 -19.7753 1.40557 63.6933
732558 26.4284 2.27051 31.352 4.4533 -19.7881 1.65253 64.5042
732568 26.236 2.17431 32.201 4.6082 -19.8002 1.93168 65.2195
732579 26.236 2.17431 32.201 4.6082 -19.8002 1.93168 65.2195
732588 25.8512 2.10696 32.6052 4.72437 -19.7683 2.15312 65.2877
732603 25.8512 2.10696 32.6052 4.72437 -19.7683 2.15312 65.2877
732610 25.2547 1.95303 32.9994 4.79214 -19.8113 2.44246 64.9992
732622 24.687 1.77023 33.5452 4.93736 -19.8355 2.77763 64.9398
732630 24.687 1.77023 33.5452 4.93736 -19.8355 2.77763 64.9398
732645 24.004 1.62592 34 5.00513 -19.8704 3.10402 64.635
732651 23.4652 1.52009 34 5.1697 -19.7862 3.31644 64.155
732661 23.4652 1.52009 34 5.1697 -19.7862 3.31644 64.155
732671 22.9938 1.46237 34 5.1697 -19.7882 3.46877 63.6258
732681 23.0515 1.4335 34 5.17939 -19.8064 3.46215 63.6644
732694 23.0515 1.4335 34 5.17939 -19.8064 3.46215 63.6644
732702 23.2054 1.37578 34 5.08257 -19.9278 3.41671 63.6638
732718 23.2054 1.37578 34 5.08257 -19.9278 3.41671 63.6638
732722 23.5422 1.67402 34 4.92768 -19.854 3.20642 64.1439
732732 23.8981 2.13582 34 5.46982 -19.1945 3.07674 65.5038
732759 24.9468 4.47368 34 5.73121 -17.6214 2.23654 69.1517
732767 24.9276 4.03113 34 6.05068 -17.6953 2.41097 69.0094
732772 24.9276 4.03113 34 6.05068 -17.6953 2.41097 69.0094
732782 24.9949 4.09847 34 6.67995 -17.2761 2.4909 69.7733
732792 24.9949 4.09847 34 6.67995 -17.2761 2.4909 69.7733
732802 25.3124 5.3107 34 8.04499 -15.8105 2.35769 72.6681
732817 25.6972 7.35993 34 9.40034 -14.0395 2.0292 76.4575
732824 25.6972 7.35993 34 9.40034 -14.0395 2.0292 76.4575
732837 25.7838 9.44765 32.6962 9.71982 -12.6574 1.38792 77.6475
732843 25.3894 10.1404 30.1088 8.98405 -12.1859 0.716232 74.6226
732860 25.3894 10.1404 30.1088 8.98405 -12.1859 0.716232 74.6226
732872 24.7063 9.78438 27.3799 7.86105 -12.3476 0.161396 69.7316
732888 24.7063 9.78438 27.3799 7.86105 -12.3476 0.161396 69.7316
732890 23.9751 8.96661 25.1968 7.21241 -12.6214 -0.122226 65.3509
732898 23.3401 8.16808 24.0042 7.33827 -12.6641 -0.0395644 62.8506
732916 22.9361 7.77363 23.3674 8.31606 -12.1062 0.234112 62.3932
732926 22.6667 7.86022 23.2562 9.97153 -11.0153 0.635455 63.7547
732936 22.6667 7.86022 23.2562 9.97153 -11.0153 0.635455 63.7547
732946 22.4935 8.41822 23.1147 12.2466 -9.40934 1.00711 66.273
732962 22.4935 8.41822 23.1147 12.2466 -9.40934 1.00711 66.273
732971 22.1375 9.34182 22.4679 14.3764 -7.64273 1.17784 68.3237
732977 21.541 10.4867 21.6795 16.4482 -5.80343 1.30424 70.1555
732987 21.541 10.4867 21.6795 16.4482 -5.80343 1.30424 70.1555
733000 20.6271 11.4392 20.6688 18.2736 -4.07809 1.45254 71.0086
733011 19.1935 12.3147 19.365 19.8076 -2.27654 1.62656 70.6808
733017 19.1935 12.3147 19.365 19.8076 -2.27654 1.62656 70.6808
733035 17.3656 13.0843 18.0612 21.6407 -0.250083 1.9783 70.1519
733039 17.3656 13.0843 18.0612 21.6407 -0.250083 1.9783 70.1519
733048 14.6902 13.854 16.7875 24.1879 2.36055 2.68224 69.5195
733061 11.0756 14.5756 15.6238 27.2753 5.52565 3.77415 68.5502
733085 7.22911 15.0758 14.8649 31.0477 8.80621 5.19096 68.2175
733090 4.3394 15.6435 14.9357 34 11.016 6.30153 68.9186
733100 4.3394 15.6435 14.9357 34 11.016 6.30153 68.9186
733112 2.99602 16.1822 16.0589 34 11.2394 6.69019 69.2372
733121 3.06367 16.8268 17.4548 34 10.6203 6.63624 71.3453
733134 3.06367 16.8268 17.4548 34 10.6203 6.63624 71.3453
733141 3.20864 17.3061 17.8995 34 10.4254 6.50108 72.4143
733151 3.20864 17.3061 17.8995 34 10.4254 6.50108 72.4143
733166 3.2473 17.6505 17.5862 34 10.6289 6.35072 72.484
733172 3.25696 18.1002 16.6155 34 11.1944 6.09781 71.9726
733184 3.25696 18.1002 16.6155 34 11.1944 6.09781 71.9726
733196 3.28596 18.2724 15.4315 34 11.8168 5.88955 70.9899
733208 3.34395 18.2437 13.944 34 12.5683 5.68585 69.5317
733212 3.34395 18.2437 13.944 34 12.5683 5.68585 69.5317
733222 3.36327 18.215 12.3958 32.3598 13.1214 5.24108 66.3339
733241 3.36327 18.215 12.3958 32.3598 13.1214 5.24108 66.3339
733245 3.40193 18.215 10.8274 29.2821 13.4739 4.49384 61.7263
733256 3.50824 18.435 9.7244 26.899 13.7029 3.75985 58.5666
733272 3.50824 18.435 9.7244 26.899 13.7029 3.75985 58.5666
733281 3.64355 18.7507 8.96548 25.3167 13.8763 3.14626 56.6764
733283 3.75952 19.009 8.53036 24.622 14.0114 2.78532 55.9209
733311 3.85617 19.3056 8.52024 24.5931 14.0036 2.65257 56.2751
733314 3.85617 19.3056 8.52024 24.5931 14.0036 2.65257 56.2751
733332 3.96248 19.6308 8.76309 25.1334 13.9323 2.68825 57.4898
733333 4.10745 20.0135 9.1375 26.2236 13.8664 2.83451 59.4821
733343 4.10745 20.0135 9.1375 26.2236 13.8664 2.83451 59.4821
733357 4.21376 20.3962 9.84583 27.6129 13.6742 3.10515 62.0687
733366 4.3104 20.8267 10.544 29.1856 13.55 3.37443 64.8667
733381 4.3104 20.8267 10.544 29.1856 13.55 3.37443 64.8667
733385 4.5037 21.2572 11.2524 30.7775 13.3789 3.59983 67.7908
733395 4.5037 21.2572 11.2524 30.7775 13.3789 3.59983 67.7908
733405 4.60034 21.6111 11.8798 32.0414 13.2508 3.78776 70.1327
733417 4.73565 21.8216 12.244 32.6975 13.1259 3.85691 71.4988
733435 4.72598 21.9747 12.2643 32.8229 13.1663 3.84185 71.7879
733445 4.81296 22.099 12.153 32.466 13.1408 3.71313 71.5309
733460 4.81296 22.099 12.153 32.466 13.1408 3.71313 71.5309
733466 4.85162 22.166 11.8798 31.7713 13.1621 3.53058 70.6687
733477 4.85162 22.166 11.8798 31.7713 13.1621 3.53058 70.6687
733486 5.02558 22.1373 11.4851 30.8547 13.1223 3.27547 69.5027
733503 4.90961 21.9077 11.05 29.7066 13.191 3.09423 67.5739
733506 4.90961 21.9077 11.05 29.7066 13.191 3.09423 67.5739
733527 4.85162 21.5729 10.6655 28.6356 13.1955 2.93872 65.7256
733529 8.08926 21.8312 11.4952 27.4875 10.7884 1.97284 68.9032
733537 8.08926 21.8312 11.4952 27.4875 10.7884 1.97284 68.9032
733551 10.7084 21.7355 11.7786 25.7701 8.93621 1.09401 69.9926
733557 10.7084 21.7355 11.7786 25.7701 8.93621 1.09401 69.9926
733567 12.2354 21.238 11.5357 23.0204 7.52886 0.238736 68.0295
733582 14.5452 21.2285 11.4244 19.1419 5.42688 -1.17743 66.34
733591 14.5452 21.2285 11.4244 19.1419 5.42688 -1.17743 66.34
733602 18.6452 21.3528 11.556 15.0057 2.31275 -3.02804 66.5596
733609 23.1092 21.4868 15.1988 13.4954 -1.13447 -3.25454 73.2903
733627 23.1092 21.4868 15.1988 13.4954 -1.13447 -3.25454 73.2903
733636 25.2354 20.7597 21.6795 14.1925 -3.65311 -1.85479 81.8672
733645 25.2354 20.7597 21.6795 14.1925 -3.65311 -1.85479 81.8672
733654 26.236 18.1097 25.1463 12.9823 -6.15045 -1.13074 82.4743
733660 26.9768 14.4312 25.3383 10.1071 -9.03564 -1.16378 76.8534
733670 26.9768 14.4312 25.3383 10.1071 -9.03564 -1.16378 76.8534
733681 27.4578 10.352 26.1266 7.70615 -12.3971 -0.832686 71.6426
733695 28.266 7.35993 27.5315 6.64123 -14.9703 -0.312293 69.7987
733707 28.266 7.35993 27.5315 6.64123 -14.9703 -0.312293 69.7987
733710 29.3147 5.91681 28.9566 6.52506 -16.2026 0.0530738 70.7131
733733 29.3147 5.91681 28.9566 6.52506 -16.2026 0.0530738 70.7131
733734 30.1805 5.62818 30.321 6.84453 -16.454 0.278907 72.9743
733742 30.777 5.62818 30.4423 6.92198 -16.4937 0.195022 73.7695
733758 30.777 5.62818 30.4423 6.92198 -16.4937 0.195022 73.7695
733761 30.6712 5.56084 30.0178 6.83485 -16.5196 0.127383 73.0847
733771 30.1805 5.34918 29.5024 6.8639 -16.5064 0.174537 71.896
733786 30.1805 5.34918 29.5024 6.8639 -16.5064 0.174537 71.896
733792 29.4975 5.10866 28.714 6.5541 -16.6545 0.142116 69.8742
733810 28.6412 4.91624 27.6427 6.15718 -16.7801 0.0539857 67.3573
733812 28.6412 4.91624 27.6427 6.15718 -16.7801 0.0539857 67.3573
733835 27.7849 4.59875 26.3995 5.61503 -17.0698 -0.0859845 64.3983
733836 27.7849 4.59875 26.3995 5.61503 -17.0698 -0.0859845 64.3983
733843 26.9672 4.26203 25.4394 5.13098 -17.4004 -0.15992 61.7995
733860 26.4958 4.07923 25.1361 5.07289 -17.4716 -0.0903073 60.784
733880 26.1783 3.93492 25.0856 4.918 -17.6369 -0.0273407 60.1168
733889 26.2071 3.86757 25.3989 4.95672 -17.6988 0.0697374 60.4304
733898 26.2071 3.86757 25.3989 4.95672 -17.6988 0.0697374 60.4304
733905 26.3899 3.84833 26.1873 5.23747 -17.6327 0.288622 61.663
733915 26.3899 3.84833 26.1873 5.23747 -17.6327 0.288622 61.663
733929 26.7459 3.94454 27.1474 5.46014 -17.5711 0.454314 63.298
733940 26.9287 4.04075 28.0975 5.73121 -17.4597 0.661889 64.7981
733945 26.9287 4.04075 28.0975 5.73121 -17.4597 0.661889 64.7981
733967 27.2462 3.95416 28.8555 5.84738 -17.5637 0.797208 65.9033
733971 27.6118 4.01188 29.2295 5.97323 -17.5291 0.803366 66.8264
733980 27.6118 4.01188 29.2295 5.97323 -17.5291 0.803366 66.8264
733993 27.8234 4.05037 29.3002 5.86674 -17.6037 0.736831 67.0408
733998 27.8234 4.05037 29.3002 5.86674 -17.6037 0.736831 67.0408
734008 27.9774 3.98302 29.1688 5.75057 -17.7231 0.663659 66.8798
734019 28.0158 4.13696 28.805 5.56663 -17.7068 0.500302 66.5244
734027 28.0158 4.13696 28.805 5.56663 -17.7068 0.500302 66.5244
734046 27.9196 4.35823 28.6534 5.59567 -17.5189 0.444449 66.5269
734047 28.5642 6.20543 28.6736 6.12813 -16.136 0.00691295 69.5714
734057 28.5642 6.20543 28.6736 6.12813 -16.136 0.00691295 69.5714
734069 28.1986 5.99377 28.5826 6.07005 -16.2384 0.100284 68.8451
734077 28.1986 5.99377 28.5826 6.07005 -16.2384 0.100284 68.8451
734095 27.9293 5.79174 28.7646 6.36048 -16.1744 0.30591 68.846
734098 27.8523 6.41709 29.088 7.4738 -15.1944 0.485467 70.8312
734112 27.8523 6.41709 29.088 7.4738 -15.1944 0.485467 70.8312
734123 27.9677 8.24505 29.4822 9.11959 -13.3949 0.478976 74.8145
734128 27.7176 10.3135 29.1385 10.6008 -11.5538 0.32947 77.7705
734147 27.7176 10.3135 29.1385 10.6008 -11.5538 0.32947 77.7705
734152 27.0538 12.026 28.1581 11.0945 -10.242 0.0331038 78.3325
734173 26.1686 12.2281 26.1873 10.5427 -9.84508 -0.332783 75.1267
734180 25.3797 11.7278 23.9334 9.26481 -10.0705 -0.834066 70.3057
734190 25.3797 11.7278 23.9334 9.26481 -10.0705 -0.834066 70.3057
734200 24.6389 10.7657 22.003 8.03531 -10.6356 -1.23001 65.4429
734210 23.9462 9.61121 20.8002 7.4254 -11.2126 -1.29448 61.7831
734226 23.9462 9.61121 20.8002 7.4254 -11.2126 -1.29448 61.7831
734231 23.5903 8.83192 20.4869 7.89977 -11.2424 -0.995453 60.8089
734241 23.5903 8.83192 20.4869 7.89977 -11.2424 -0.995453 60.8089
734254 23.3209 8.4086 20.9316 9.25513 -10.7358 -0.373745 61.9162
734261 23.1573 8.58178 21.7604 11.1817 -9.72242 0.278973 64.6812
734280 23.1573 8.58178 21.7604 11.1817 -9.72242 0.278973 64.6812
734282 22.9072 9.13016 22.3466 13.2437 -8.45804 0.788063 67.6277
734291 22.2337 9.68817 22.4679 15.4607 -6.99807 1.2899 69.8505
734308 22.2337 9.68817 22.4679 15.4607 -6.99807 1.2899 69.8505
734311 21.0504 10.2847 21.72 17.4149 -5.34655 1.66024 70.4699
734335 21.0504 10.2847 21.72 17.4149 -5.34655 1.66024 70.4699
734337 19.4437 10.6599 20.214 18.7463 -3.71089 1.92361 69.0639
734342 17.7408 11.1024 18.3341 20.0199 -1.84257 2.12303 67.1972
734362 15.7146 11.468 17.0404 21.853 0.214145 2.65848 66.0761
734388 13.7237 11.9491 16.6357 24.6703 2.33653 3.50108 66.9787
734390 13.7237 11.9491 16.6357 24.6703 2.33653 3.50108 66.9787
734392 11.5105 12.5552 16.919 28.2111 4.45718 4.56627 69.1959
734402 11.5105 12.5552 16.919 28.2111 4.45718 4.56627 69.1959
734419 9.22968 13.1324 17.4851 31.8195 6.36178 5.63913 71.6668
734422 7.14213 13.5942 17.9602 34 7.73487 6.44264 72.6965
734432 7.14213 13.5942 17.9602 34 7.73487 6.44264 72.6965
734446 5.37351 14.0464 18.0815 34 8.59824 6.85194 71.5014
734460 3.88516 14.3735 17.9905 34 9.42996 7.20261 70.2492
734473 3.88516 14.3735 17.9905 34 9.42996 7.20261 70.2492
734475 2.93803 14.6044 17.6974 34 10.0986 7.39927 69.2398
734483 2.93803 14.6044 17.6974 34 10.0986 7.39927 69.2398
734502 2.37749 14.6814 17.6165 34 10.4431 7.54804 68.6754
734504 2.32916 14.7968 17.3942 34 10.6076 7.50177 68.5202
734513 2.32916 14.7968 17.3942 34 10.6076 7.50177 68.5202
734528 2.28084 14.8353 16.8685 34 10.9165 7.44705 67.9846
734535 2.22285 14.8065 16.5042 34 11.135 7.43517 67.5335
734555 2.22285 14.8065 16.5042 34 11.135 7.43517 67.5335
734556 2.19386 14.7968 16.0488 34 11.3941 7.39671 67.0395
734565 2.19386 14.7968 16.0488 34 11.3941 7.39671 67.0395
734584 2.23252 14.9315 15.472 34 11.7155 7.27263 66.6361
734587 2.3195 15.2586 15.0571 34 11.9614 7.08612 66.6353
734596 2.3195 15.2586 15.0571 34 11.9614 7.08612 66.6353
734612 2.41615 15.5954 14.6625 34 12.1924 6.89571 66.674
734625 2.51279 15.8647 14.3589 34 12.3594 6.73876 66.7365
734639 2.51279 15.8647 14.3589 34 12.3594 6.73876 66.7365
734639 2.60944 16.1149 14.2071 34 12.4375 6.60739 66.9315
734647 2.60944 16.1149 14.2071 34 12.4375 6.60739 66.9315
734656 2.71575 16.2881 14.0351 34 12.5066 6.49577 67.0389
734669 2.70608 16.3746 13.9643 33.8649 12.5427 6.44489 66.9099
734681 2.70608 16.3746 13.9643 33.8649 12.5427 6.44489 66.9099
734696 2.81239 16.4035 13.7214 33.4308 12.5438 6.31394 66.3681
734701 2.74474 16.3458 13.3673 32.6686 12.6302 6.20608 65.1263
734710 2.74474 16.3458 13.3673 32.6686 12.6302 6.20608 65.1263
734726 2.76407 16.2881 12.9827 32.0414 12.7125 6.07995 64.0763
734738 2.69642 16.3073 12.7702 31.3854 12.7558 5.97344 63.1593
734754 2.76407 16.3073 12.5881 31.038 12.757 5.87458 62.6975
734760 2.76407 16.3073 12.5881 31.038 12.757 5.87458 62.6975
734769 2.81239 16.4035 12.5071 30.8451 12.7577 5.78641 62.5681
734783 2.89937 16.5286 12.5577 30.8451 12.6994 5.72367 62.8308
734789 2.89937 16.5286 12.5577 30.8451 12.6994 5.72367 62.8308
734798 2.96703 16.6825 12.6286 31.0284 12.6825 5.68838 63.3065
734813 2.96703 16.6825 12.6286 31.0284 12.6825 5.68838 63.3065
734823 3.07334 16.8653 12.9119 31.2696 12.5349 5.67127 64.1201
734830 3.26663 17.1531 13.175 31.6652 12.403 5.61305 65.2598
734843 3.26663 17.1531 13.175 31.6652 12.403 5.61305 65.2598
734850 3.40193 17.3635 13.5292 32.1186 12.2532 5.61988 66.4133
734870 3.46958 17.4879 13.8125 32.5431 12.1629 5.6597 67.3131
734871 3.46958 17.4879 13.8125 32.5431 12.1629 5.6597 67.3131
734881 3.51791 17.7653 13.944 32.7554 12.1571 5.60794 67.9827
734898 3.5469 17.8227 14.2375 32.7072 11.9834 5.61559 68.3143
734901 3.5469 17.8227 14.2375 32.7072 11.9834 5.61559 68.3143
734911 6.57192 18.3393 15.6744 32.3984 9.75947 4.76026 72.9841
734937 9.26833 18.5402 16.6964 31.3371 7.88236 4.00008 75.8421
734942 10.3604 18.0045 17.2628 29.3785 6.58606 3.65497 75.0063
734956 10.3604 18.0045 17.2628 29.3785 6.58606 3.65497 75.0063
734962 11.4139 17.1913 17.7985 26.3394 4.92088 3.20291 72.743
734985 13.714 16.4035 19.1629 22.4994 2.09878 2.41254 71.7799
734987 13.714 16.4035 19.1629 22.4994 2.09878 2.41254 71.7799
734994 16.1978 15.9706 21.3056 18.4086 -1.08658 1.57461 71.8826
735013 16.1978 15.9706 21.3056 18.4086 -1.08658 1.57461 71.8826
735016 17 14.9892 22.6094 13.7472 -3.9772 0.9585 68.3458
735029 18.751 13.8347 25.0149 10.8815 -6.9542 0.725155 68.4821
735043 18.751 13.8347 25.0149 10.8815 -6.9542 0.725155 68.4821
735043 20.9638 12.2473 27.3496 9.49715 -9.48106 0.778424 70.0578
735072 22.2915 10.1115 29.8359 8.41287 -11.8904 1.24112 70.6517
735074 22.2915 10.1115 29.8359 8.41287 -11.8904 1.24112 70.6517
735080 23.3786 7.77363 31.827 7.38667 -14.2275 1.71846 70.3659
735101 24.2733 5.8687 33.525 6.82517 -15.9963 2.17218 70.4922
735107 25.1104 4.65648 34 6.82517 -16.8676 2.34977 70.592
735131 26.0243 3.98302 34 6.97039 -17.2839 2.31686 70.9777
735135 26.7074 3.60781 34 6.98975 -17.5689 2.24554 71.305
735145 26.7074 3.60781 34 6.98975 -17.5689 2.24554 71.305
735161 26.9864 3.41539 34 6.77677 -17.8404 2.18639 71.1786
735170 26.9864 3.41539 34 6.77677 -17.8404 2.18639 71.1786
735176 26.6978 3.14601 34 6.50569 -18.1402 2.27334 70.3495
735192 26.1013 2.91511 34 6.33144 -18.3332 2.44745 69.3478
735206 25.4182 2.73231 34 5.96355 -18.6167 2.60145 68.1141
735223 24.8314 2.64573 33.7675 5.58599 -18.8414 2.66565 66.8306
735226 24.8314 2.64573 33.7675 5.58599 -18.8414 2.66565 66.8306
735253 24.3984 2.54952 32.7265 5.39237 -18.8971 2.57526 65.0668
735255 24.3984 2.54952 32.7265 5.39237 -18.8971 2.57526 65.0668
735261 24.0809 2.51104 32.1201 5.15034 -19.0017 2.50816 63.8624
735270 23.9078 2.43407 31.7562 4.9664 -19.1326 2.4691 63.0645
735285 23.9078 2.43407 31.7562 4.9664 -19.1326 2.4691 63.0645
735287 23.8115 2.38596 31.6653 4.98576 -19.1353 2.49493 62.8486
735300 23.7923 2.38596 31.8472 5.06321 -19.0963 2.55168 63.0887
735314 23.7923 2.38596 31.8472 5.06321 -19.0963 2.55168 63.0887
735318 23.8404 2.48217 32.0595 5.02449 -19.0805 2.5458 63.4065
735328 23.8404 2.48217 32.0595 5.02449 -19.0805 2.5458 63.4065
735344 23.7827 2.3571 32.3829 5.16002 -19.098 2.68592 63.6827
735348 23.7153 2.33786 32.7872 5.29556 -19.049 2.81345 64.1359
735359 23.7153 2.33786 32.7872 5.29556 -19.049 2.81345 64.1359
735374 23.5325 2.34748 32.9893 5.28588 -19.0509 2.89809 64.1552
735379 23.2632 2.21279 33.2925 5.42141 -19.0534 3.09348 64.1899
735403 23.2632 2.21279 33.2925 5.42141 -19.0534 3.09348 64.1899
735404 22.9649 2.13582 33.6058 5.48918 -19.0611 3.26991 64.1957
735410 22.9649 2.13582 33.6058 5.48918 -19.0611 3.26991 64.1957
735420 22.8879 2.08772 33.909 5.55695 -19.0685 3.37289 64.4416
735438 22.8014 2.08772 34 5.65376 -19.0028 3.43137 64.5428
735447 22.8014 2.08772 34 5.65376 -19.0028 3.43137 64.5428
735463 22.8591 2.02037 34 5.60535 -19.0872 3.42543 64.4848
735465 23.0226 2.32824 34 5.6828 -18.8409 3.30565 65.0337
735473 23.0226 2.32824 34 5.6828 -18.8409 3.30565 65.0337
735494 23.2535 2.89587 34 6.73804 -17.7984 3.27161 66.8875
735495 23.2535 2.89587 34 6.73804 -17.7984 3.27161 66.8875
735501 23.927 4.86814 34 6.81549 -16.6079 2.5902 69.6106
735523 23.7634 4.62762 34 7.34795 -16.414 2.78687 69.739
735524 23.7634 4.62762 34 7.34795 -16.414 2.78687 69.739
735536 23.8115 4.92586 34 8.35478 -15.6596 2.87318 71.0922
735554 24.0905 6.48444 34 10.959 -13.4533 2.85647 75.534
735556 24.0905 6.48444 34 10.959 -13.4533 2.85647 75.534
735562 24.2445 9.06282 33.626 12.992 -11.2028 2.4981 79.9254
735572 24.2445 9.06282 33.626 12.992 -11.2028 2.4981 79.9254
735587 24.0617 11.5642 30.5838 13.1082 -9.44713 1.5254 79.3179
735593 23.3113 12.1992 26.9352 11.8013 -8.8374 0.651741 74.2469
735618 23.3113 12.1992 26.9352 11.8013 -8.8374 0.651741 74.2469
735620 22.2145 11.6604 23.5392 10.7847 -8.54433 0.0987643 68.1989
735623 21.0504 10.7753 20.8508 10.533 -8.14466 -0.104864 63.2095
735650 20.1364 10.2173 19.1528 11.5786 -7.15939 0.0927418 61.0851
735654 20.1364 10.2173 19.1528 11.5786 -7.15939 0.0927418 61.0851
735678 19.232 10.0538 17.8389 13.7375 -5.45482 0.564528 60.8621
735680 18.2218 10.4001 16.9899 16.6224 -3.28966 1.2028 62.2343
735685 18.2218 10.4001 16.9899 16.6224 -3.28966 1.2028 62.2343
735708 17.2405 11.2852 16.5042 20.1935 -0.868526 1.87937 65.2234
735709 15.9272 12.4109 16.1196 23.9659 1.58203 2.57531 68.4237
735717 15.9272 12.4109 16.1196 23.9659 1.58203 2.57531 68.4237
735738 14.0233 13.2671 15.8363 27.4779 3.85434 3.40426 70.6046
735743 14.0233 13.2671 15.8363 27.4779 3.85434 3.40426 70.6046
735746 11.2399 13.9502 15.5226 31.0284 6.34784 4.46624 71.7411
735770 8.10858 14.4793 15.4315 34 8.65711 5.59091 72.0195
735771 8.10858 14.4793 15.4315 34 8.65711 5.59091 72.0195
735776 5.02558 15.172 15.1887 34 10.4335 6.26732 69.3863
735786 3.04434 16.0572 15.2798 34 11.6015 6.61985 68.3813
735816 2.57078 17.0287 16.1196 34 11.5959 6.56638 69.7191
735817 2.57078 17.0287 16.4637 34 11.4162 6.6078 70.0632
735835 2.71575 17.8514 16.4637 34 11.4992 6.31342 71.0309
735838 2.84139 18.3106 16.3321 34 11.589 6.12306 71.4842
735869 2.84139 18.3106 16.3321 34 11.589 6.12306 71.4842
735870 2.88005 18.4637 15.7554 34 11.8948 5.99408 71.0991
735872 2.88971 18.5498 14.8042 34 12.4054 5.84351 70.2437
735878 2.88971 18.5498 14.8042 34 12.4054 5.84351 70.2437
735900 2.84139 18.5881 13.4988 34 13.147 5.67315 68.9283
735907 2.83172 18.5881 12.2238 34 13.8714 5.5003 67.6436
735910 2.83172 18.5307 12.2238 34 13.862 5.51771 67.5862
735931 2.86072 18.6455 10.8679 33.2474 14.5396 5.16808 65.6215
735932 2.86072 18.6455 10.8679 33.2474 14.5396 5.16808 65.6215
735944 2.81239 18.5976 9.78512 30.7775 14.8362 4.63574 61.9727
735962 2.89937 18.6742 8.93512 28.9444 15.0472 4.11399 59.453
735964 2.89937 18.6742 8.93512 28.9444 15.0472 4.11399 59.453
735970 2.98636 18.8846 8.45952 27.8348 15.1609 3.71958 58.1654
735995 3.10233 19.2099 8.10536 27.1305 15.2623 3.36857 57.5481
736002 3.16998 19.4491 7.85238 26.7543 15.3694 3.14218 57.2257
736011 3.16998 19.4491 7.85238 26.7543 15.3694 3.14218 57.2257
736028 3.19898 19.803 7.74107 26.7157 15.4801 2.99033 57.4588
736033 3.35361 20.1474 7.93333 27.0244 15.3462 2.93968 58.4588
736059 3.44059 20.4918 8.11548 27.5743 15.3089 2.95797 59.6223
736062 3.58556 20.8745 8.36845 28.2111 15.208 2.97827 61.0396
736098 3.77885 21.2859 8.72262 28.9154 15.0312 3.00784 62.7028
736102 3.93349 21.6781 8.9756 29.6005 14.9443 3.02966 64.1876
736128 4.05912 22.1469 9.1881 30.1697 14.8975 3.00893 65.5638
736130 4.05912 22.1469 9.1881 30.1697 14.8975 3.00893 65.5638
736133 4.19443 22.5965 9.45119 30.6232 14.7962 2.97989 66.8653
736143 4.35873 22.8644 9.69405 31.2792 14.6968 3.02439 68.1964
736161 4.35873 22.8644 9.69405 31.2792 14.6968 3.02439 68.1964
736173 4.43604 23.1801 9.99762 31.7809 14.6003 3.06128 69.3947
736175 4.43604 23.1801 9.99762 31.7809 14.6003 3.06128 69.3947
736192 4.54235 23.3618 10.119 32.1186 14.5488 3.06524 70.1419
736204 4.639 23.5245 10.3113 32.3405 14.4442 3.0689 70.8153
736205 4.639 23.5245 10.3113 32.3405 14.4442 3.0689 70.8153
736225 4.67766 23.5532 10.3619 32.2344 14.3829 3.04236 70.8271
736226 4.69699 23.3905 10.2708 31.9546 14.3563 3.01607 70.313
736257 4.67766 23.3236 10.1696 31.4143 14.3316 2.92793 69.5852
736258 4.67766 23.3236 10.1696 31.4143 14.3316 2.92793 69.5852
736266 4.61967 23.1035 10.1089 30.9415 14.292 2.90676 68.7737
736290 8.36953 23.5914 11.3536 30.6039 11.6589 2.02855 73.9184
736292 8.36953 23.5914 11.3536 30.6039 11.6589 2.02855 73.9184
736296 10.3121 23.4671 12.1429 29.5908 10.1317 1.58009 75.5128
736306 11.4042 22.8548 12.75 27.8059 8.85736 1.26249 74.8149
736325 11.4042 22.8548 12.75 27.8059 8.85736 1.26249 74.8149
736329 12.6219 21.9842 13.2155 24.8536 7.22406 0.714728 72.6752
736337 11.5298 21.9842 13.3571 24.8536 7.65106 0.98222 71.7248
736356 16.4781 21.4772 13.3571 21.168 4.41842 -0.709884 72.4805
736360 20.0498 20.8649 13.8024 17.4824 1.55651 -2.0007 72.1995
736372 20.0498 20.8649 13.8024 17.4824 1.55651 -2.0007 72.1995
736392 21.8874 19.8604 14.6321 14.1441 -0.891539 -2.75897 70.524
736394 23.3401 18.2245 16.3321 11.869 -3.43245 -2.87322 69.7658
736398 23.3401 18.2245 16.3321 11.869 -3.43245 -2.87322 69.7658
736426 25.4856 16.3939 18.0006 10.1361 -6.05438 -2.9442 70.0162
736427 26.8229 13.9213 19.5268 8.41287 -8.74129 -2.79642 68.6838
736429 26.8229 13.9213 19.5268 8.41287 -8.74129 -2.79642 68.6838
736443 27.7946 11.0447 21.0125 6.59282 -11.7276 -2.53609 66.4446
736462 27.7946 11.0447 21.0125 6.59282 -11.7276 -2.53609 66.4446
736463 28.824 8.4086 22.8621 5.19875 -14.5798 -2.10705 65.2934
736470 30.142 6.39785 25.7729 4.8115 -16.6503 -1.33085 67.1243
736497 31.7199 5.16638 28.8151 5.03417 -17.7897 -0.644014 70.7355
736500 33.2592 4.72383 30.9578 5.35364 -18.2179 -0.337493 74.2945
736510 33.2592 4.72383 30.9578 5.35364 -18.2179 -0.337493 74.2945
736531 34 4.62762 32.2616 5.57631 -18.3278 -0.154915 76.4655
736537 34 4.62762 32.2616 5.57631 -18.3278 -0.154915 76.4655
736547 34 4.4352 32.393 5.46014 -18.5145 -0.114451 76.2883
736567 34 4.22354 31.6653 5.20843 -18.7202 -0.269618 75.0973
736568 34 4.22354 31.6653 5.20843 -18.7202 -0.269618 75.0973
736576 33.7595 3.95416 30.2301 4.66629 -19.0639 -0.582002 72.61
736600 32.9321 3.73288 28.5321 4.11446 -19.3391 -0.869637 69.3115
736602 32.1239 3.41539 26.9049 3.59169 -19.6945 -1.14546 66.0359
736636 32.1239 3.41539 26.9049 3.59169 -19.6945 -1.14546 66.0359
736637 31.3254 3.24222 25.6819 3.06891 -20.0164 -1.37798 63.3185
736638 30.8251 3.09791 24.6207 2.87528 -20.1373 -1.56964 61.419
736642 30.8251 3.09791 24.6207 2.87528 -20.1373 -1.56964 61.419
736671 30.6712 3.03056 24.1153 2.60421 -20.3371 -1.73338 60.4213
736672 30.5846 3.0498 24.0547 2.58485 -20.3258 -1.74077 60.274
736675 30.5846 3.0498 24.0547 2.58485 -20.3258 -1.74077 60.274
736683 30.5173 2.90549 24.459 2.64294 -20.4164 -1.56651 60.5247
736706 30.5173 2.90549 24.459 2.64294 -20.4164 -1.56651 60.5247
736708 30.5365 2.94397 25.0856 2.82688 -20.3001 -1.36041 61.393
736719 30.6231 2.88625 25.8841 2.95273 -20.3173 -1.12418 62.3461
736743 30.6231 2.88625 25.8841 2.95273 -20.3173 -1.12418 62.3461
736745 30.5365 2.83814 26.6522 3.19476 -20.2288 -0.836981 63.2216
736747 30.5654 2.82852 27.5214 3.39806 -20.1592 -0.577117 64.3134
736760 30.5654 2.82852 27.5214 3.39806 -20.1592 -0.577117 64.3134
736781 30.5269 2.82852 28.3199 3.61105 -20.0682 -0.327289 65.2863
736783 30.5269 2.82852 28.3199 3.61105 -20.0682 -0.327289 65.2863
736786 30.4595 3.02094 28.9364 3.75626 -19.8792 -0.178583 66.1731
736796 30.5173 3.52122 29.371 3.97893 -19.4351 -0.153269 67.3884
736820 30.5173 3.52122 29.371 3.97893 -19.4351 -0.153269 67.3884
736821 31.1234 6.11885 29.5832 4.20159 -17.7349 -0.730156 71.027
736826 30.3537 5.30108 29.6338 4.39522 -18.0426 -0.349966 69.6838
736838 30.3537 5.30108 29.6338 4.39522 -18.0426 -0.349966 69.6838
736857 29.7572 5.20487 29.8157 4.85023 -17.7794 -0.0638017 69.628
736859 29.7572 5.20487 29.8157 4.85023 -17.7794 -0.0638017 69.628
736867 29.3628 6.38823 29.8359 5.9926 -16.3517 0.0162435 71.5795
736892 29.0164 9.22637 29.4822 7.43508 -13.916 -0.264544 75.16
736894 29.0164 9.22637 29.4822 7.43508 -13.916 -0.264544 75.16
736897 28.6316 12.7861 27.8751 8.24829 -11.4366 -1.02414 77.5411
736929 28.1505 15.3164 25.4697 8.20957 -9.75236 -1.90307 77.1461
736930 28.1505 15.3164 25.4697 8.20957 -9.75236 -1.90307 77.1461
736932 27.2462 15.9802 22.5993 7.55125 -8.96536 -2.67301 73.3769
736965 26.3707 15.9032 19.6177 6.62187 -8.56157 -3.51047 68.5135
736967 25.2932 15.528 17.0707 6.041 -8.13153 -4.155 63.9329
736970 25.2932 15.528 17.0707 6.041 -8.13153 -4.155 63.9329
736978 24.4369 15.0951 15.4821 6.61219 -7.38799 -4.24437 61.6263
737001 23.5518 15.0951 14.794 8.40319 -6.00201 -3.74723 61.8441
737002 23.5518 15.0951 14.794 8.40319 -6.00201 -3.74723 61.8441
737008 22.811 15.8744 14.3589 10.9106 -4.05948 -3.14655 63.9549
737037 22.0798 17.2392 14.1464 13.3405 -2.11303 -2.65665 66.8059
737040 21.5603 18.8177 13.681 15.4704 -0.342722 -2.42199 69.5293
737050 21.5603 18.8177 13.681 15.4704 -0.342722 -2.42199 69.5293
737073 20.5789 20.4249 13.2256 17.5306 1.44613 -2.14205 71.7601
737075 18.828 21.8312 12.3655 19.6243 3.53138 -1.78999 72.6489
737082 18.828 21.8312 12.3655 19.6243 3.53138 -1.78999 72.6489
737091 15.7726 23.1705 11.303 21.9109 6.23842 -1.19099 72.157
737111 15.7726 23.1705 11.303 21.9109 6.23842 -1.19099 72.157
737113 11.5009 24.3185 10.1393 24.651 9.67621 -0.218621 70.6096
737121 7.48039 25.6483 9.48155 27.8348 12.9609 0.891699 70.4451
737149 5.58613 27.4277 10.0381 31.0187 14.4532 1.62878 74.0706
737151 6.06936 29.2454 11.1208 33.5079 14.2485 1.74762 79.9435
737188 6.06936 29.2454 11.1208 33.5079 14.2485 1.74762 79.9435
737190 6.57192 30.7186 11.4649 34 14.1023 1.48166 82.7554
737193 6.57192 30.7186 11.4649 34 14.1023 1.48166 82.7554
737196 6.73621 31.5892 11.4345 34 14.1531 1.27312 83.7599
737202 6.81353 31.8475 10.9286 33.3246 14.3009 1.01168 82.9142
737228 6.74588 31.4935 9.79524 30.8161 14.5111 0.451224 78.8508
737232 6.39795 30.8047 8.47976 27.4489 14.8281 -0.26131 73.1314
737242 6.39795 30.8047 8.47976 27.4489 14.8281 -0.26131 73.1314
737268 6.14667 30.0298 7.0125 24.1879 15.2346 -1.10783 67.3769
737269 6.14667 30.0298 7.0125 24.1879 15.2346 -1.10783 67.3769
737276 5.78908 29.2741 5.97024 21.525 15.6013 -1.81461 62.5583
737305 5.63445 28.6809 5.1506 19.5085 15.8562 -2.45605 58.9745
737307 5.46049 28.2791 4.6244 18.2157 16.0879 -2.88961 56.5797
737342 5.37351 27.9826 4.4119 17.5114 16.1491 -3.10228 55.2793
737343 5.37351 27.9826 4.4119 17.5114 16.1491 -3.10228 55.2793
737345 5.34451 27.8008 4.25 17.2894 16.2274 -3.18348 54.6847
737347 5.34451 27.8008 4.25 17.2894 16.2274 -3.18348 54.6847
737355 5.22854 27.7817 4.31071 17.5499 16.3075 -3.04794 54.8708
737379 5.28653 27.973 4.58393 18.2928 16.2085 -2.77434 56.1363
737391 5.41217 28.3078 4.99881 19.248 16.0199 -2.45136 57.9668
737396 5.54747 28.8149 5.46429 20.3768 15.8545 -2.1231 60.2035
737418 5.54747 28.8149 5.46429 20.3768 15.8545 -2.1231 60.2035
737422 5.68277 29.3028 5.80833 21.2645 15.7417 -1.91257 62.0583
737426 5.88573 29.3028 6.14226 21.2645 15.3922 -1.86478 62.5952
737456 5.88573 29.9055 6.14226 22.1521 15.6157 -1.75472 64.0856
737457 6.11768 30.5464 6.43571 22.6538 15.4542 -1.72795 65.7536
737459 6.11768 30.5464 6.43571 22.6538 15.4542 -1.72795 65.7536
737471 6.29164 30.9674 6.47619 23.0108 15.4355 -1.74663 66.746
737495 6.44628 31.1874 6.78988 23.3678 15.2376 -1.6542 67.7913
737498 6.4946 31.3213 6.89107 23.6379 15.2073 -1.5993 68.3449
737507 6.52359 31.3213 6.95179 23.6379 15.1546 -1.59025 68.4346
737532 6.52359 31.2926 6.95179 23.744 15.1657 -1.55894 68.5121
737537 6.54292 31.1491 7.15417 23.9852 15.0503 -1.42797 68.8315
