542577 2.21319 22.9122 9.46131 34 16.4892 4.01009 68.5867
542587 2.1842 22.6539 9.44107 34 16.487 4.08682 68.2792
542602 2.09721 22.4817 9.41071 34 16.537 4.1547 67.9896
542615 2.09721 22.4817 9.41071 34 16.537 4.1547 67.9896
542623 2.07789 22.2808 9.35 34 16.561 4.20728 67.7087
542637 3.68221 22.5582 10.2 34 15.1461 3.82441 70.4404
542638 3.68221 22.5582 10.2 34 15.1461 3.82441 70.4404
542649 5.31552 23.0079 10.3619 34 14.2155 3.30985 72.6853
542658 5.65378 23.0079 10.4935 34 13.9637 3.24621 73.1551
542673 5.65378 22.673 10.4935 33.2667 13.8002 3.2114 72.087
542680 5.7311 22.3478 10.9387 31.8774 13.2433 3.11811 70.895
542689 5.7311 22.3478 10.9387 31.8774 13.2433 3.11811 70.895
542699 6.52359 21.9364 13.6708 31.2599 11.2418 3.36638 73.3908
542720 8.88175 21.9173 17.2729 30.4688 8.34963 3.23577 78.5407
542722 8.88175 21.9173 17.2729 30.4688 8.34963 3.23577 78.5407
542730 9.78056 20.731 16.3119 26.1078 7.11162 2.44919 72.9313
542741 10.1478 19.1621 14.8446 20.84 5.7734 1.47121 64.9945
542752 10.1478 19.1621 14.8446 20.84 5.7734 1.47121 64.9945
542761 11.3462 18.081 14.5917 16.361 3.52112 0.378966 60.38
542770 11.3462 18.081 14.5917 16.361 3.52112 0.378966 60.38
542783 12.7959 17.3731 15.7857 13.4277 0.934267 -0.241389 59.3824
542792 14.6708 16.6537 18.4655 12.6629 -1.52909 -0.0470987 62.4529
542804 14.6708 16.6537 18.4655 12.6629 -1.52909 -0.0470987 62.4529
542815 16.6811 15.4318 21.6694 12.8759 -3.76655 0.547364 66.6582
542824 18.4239 13.6712 25.1968 13.1276 -5.97204 1.32689 70.4194
542831 18.4239 13.6712 25.1968 13.1276 -5.97204 1.32689 70.4194
542845 20.1845 11.6508 28.431 13.1663 -8.10213 1.99407 73.4326
542853 20.1845 11.6508 28.431 13.1663 -8.10213 1.99407 73.4326
542862 21.618 9.64007 30.6849 13.0501 -9.87181 2.49562 74.9931
542881 22.8879 8.15846 32.3627 13.0114 -11.1491 2.81227 76.4205
542883 22.8879 8.15846 32.3627 13.0114 -11.1491 2.81227 76.4205
542892 23.8789 7.24448 33.3026 12.9823 -11.935 2.93798 77.4083
542911 24.4177 7.24448 33.2117 12.9823 -12.0101 2.79975 77.8561
542915 24.4177 6.75382 33.2117 12.7887 -12.3383 2.88231 77.1719
542923 24.5427 6.61913 32.3424 12.3724 -12.4853 2.67928 75.8767
542933 24.5427 6.61913 32.3424 12.3724 -12.4853 2.67928 75.8767
542945 24.2541 6.49406 30.9477 11.8303 -12.5389 2.45419 73.5261
542954 23.6672 6.36899 29.4721 11.3172 -12.5142 2.27737 70.8255
542963 23.6672 6.36899 29.4721 11.3172 -12.5142 2.27737 70.8255
542978 22.9649 6.26316 28.0268 10.8138 -12.4561 2.11826 68.0686
542984 22.2722 6.20543 26.6118 10.3104 -12.3732 1.93682 65.3998
542993 22.2722 6.20543 26.6118 10.3104 -12.3732 1.93682 65.3998
543011 21.6757 6.10922 25.5101 9.91344 -12.3255 1.81272 63.2085
543014 21.6757 6.10922 25.5101 9.91344 -12.3255 1.81272 63.2085
543023 21.1754 5.95529 24.8329 9.71982 -12.2939 1.80487 61.6835
543038 20.7617 5.96491 24.5904 9.73918 -12.1396 1.86784 61.0562
543047 20.7617 5.96491 24.5904 9.73918 -12.1396 1.86784 61.0562
543055 20.5693 5.88795 24.843 9.84567 -12.1344 2.01929 61.146
543064 20.5693 5.88795 24.843 9.84567 -12.1344 2.01929 61.146
543074 20.3288 5.78212 25.3181 10.1555 -12.0604 2.28043 61.5845
543084 20.0979 5.7725 26.0054 10.4653 -11.9767 2.55054 62.341
543094 20.0979 5.7725 26.0054 10.4653 -11.9767 2.55054 62.341
543104 20.0498 5.72439 26.4703 10.6589 -11.9774 2.70772 62.9034
543119 19.9536 5.59932 26.7533 10.8815 -11.9588 2.8681 63.1877
543137 20.1075 5.71477 27.0666 10.9784 -11.9314 2.87064 63.8672
543145 20.1075 5.71477 27.0666 10.9784 -11.9314 2.87064 63.8672
543157 20.3673 5.78212 27.2788 11.0268 -11.9608 2.829 64.455
543165 20.5886 5.8206 27.299 11.1139 -11.9377 2.7777 64.8221
543180 20.5886 5.8206 27.299 11.1139 -11.9377 2.7777 64.8221
543187 20.8868 5.94567 27.198 10.9687 -11.9888 2.61561 64.9991
543198 21.3101 6.18619 27.107 10.9396 -11.9354 2.41452 65.543
543210 21.3101 6.18619 27.107 10.9396 -11.9354 2.41452 65.543
543219 22.176 8.55291 27.1576 11.627 -10.4849 1.73829 69.5135
543227 22.176 8.55291 27.1576 11.627 -10.4849 1.73829 69.5135
543245 22.7148 9.53424 27.2182 11.7432 -10.0602 1.41391 71.2104
543247 22.7533 9.62083 27.3294 12.1691 -9.84126 1.48689 71.8726
543261 22.7533 9.62083 27.3294 12.1691 -9.84126 1.48689 71.8726
543267 22.8879 10.3713 27.1171 13.447 -8.86805 1.48428 73.8234
543277 23.1188 12.9785 26.2985 15.1993 -6.84305 1.04396 77.5951
543287 23.1188 12.9785 26.2985 15.1993 -6.84305 1.04396 77.5951
543305 23.2343 16.7402 24.1962 15.8092 -4.65149 0.00579178 79.98
543314 23.2343 16.7402 24.1962 15.8092 -4.65149 0.00579178 79.98
543323 22.734 18.9229 21.5077 14.9379 -3.32284 -1.00085 78.1026
543329 21.5988 19.009 18.3847 13.389 -2.61996 -1.83075 72.3814
543339 21.5988 19.009 18.3847 13.389 -2.61996 -1.83075 72.3814
543349 20.3962 18.7411 15.3304 11.6851 -2.00305 -2.74861 66.1527
543359 19.1743 18.4159 12.9625 10.6492 -1.25475 -3.42599 61.2019
543374 19.1743 18.4159 12.9625 10.6492 -1.25475 -3.42599 61.2019
543379 17.8851 18.1384 11.6065 11.172 -0.0770584 -3.37871 58.8021
543394 16.8067 18.2341 11.1815 13.4374 1.54342 -2.62034 59.6597
543412 15.8886 18.9899 11.3333 16.9613 3.45449 -1.56329 63.173
543420 15.8886 18.9899 11.3333 16.9613 3.45449 -1.56329 63.173
543433 15.1734 20.1474 11.3637 20.5795 5.27393 -0.75323 67.264
543441 14.062 21.3528 11.2726 23.5993 6.97769 -0.115854 70.2868
543467 12.6413 22.3382 11.0804 26.2333 8.59343 0.484305 72.2931
543476 10.6117 23.1418 10.878 29.0698 10.4211 1.26068 73.7013
543482 10.6117 23.1418 10.878 29.0698 10.4211 1.26068 73.7013
543492 8.43718 23.8115 10.7464 31.7713 12.171 2.06023 74.7664
543502 8.43718 23.8115 10.7464 31.7713 12.171 2.06023 74.7664
543512 6.166 24.4333 10.2708 33.9035 14.0089 2.72323 74.7737
543523 4.35873 25.0264 9.66369 34 15.402 2.93198 73.0489
543549 3.34395 25.8301 9.65357 34 16.0765 2.9823 72.8276
543553 3.58556 26.7485 9.75476 34 15.9971 2.71716 74.0888
543566 3.58556 26.7485 9.75476 34 15.9971 2.71716 74.0888
543573 3.65321 27.3703 9.65357 34 16.0904 2.53694 74.6771
543592 3.65321 27.3703 9.65357 34 16.0904 2.53694 74.6771
543601 3.73053 27.6095 9.25893 34 16.2938 2.39661 74.5989
543610 3.74019 27.6286 8.72262 34 16.5896 2.29861 74.0914
543619 3.74019 27.6286 8.72262 34 16.5896 2.29861 74.0914
543632 3.74019 27.3416 8.03452 32.2054 16.7454 1.9261 71.3217
543637 3.58556 26.9781 7.20476 29.8995 17.027 1.44988 67.6679
543647 3.58556 26.9781 7.20476 29.8995 17.027 1.44988 67.6679
543655 3.46958 26.6624 6.52679 27.7673 17.242 0.969054 64.426
543669 3.46958 26.6624 6.52679 27.7673 17.242 0.969054 64.426
543678 3.46958 26.471 5.8994 26.0789 17.4345 0.493634 61.9189
543686 3.45026 26.3084 5.49464 24.8825 17.5627 0.154281 60.1358
543713 3.49858 26.3084 5.13036 24.0142 17.6813 -0.168549 58.9515
543722 3.47925 26.318 5.06964 23.6572 17.6963 -0.274336 58.5241
543727 3.47925 26.318 5.06964 23.6572 17.6963 -0.274336 58.5241
543737 3.50824 26.4136 5.05952 23.8405 17.7172 -0.260569 58.8219
543747 3.50824 26.4136 5.05952 23.8405 17.7172 -0.260569 58.8219
543757 3.53724 26.6624 5.22143 24.2843 17.6651 -0.174313 59.7054
543774 3.50824 27.0163 5.51488 25.0658 17.6167 0.0137848 61.1053
543778 3.50824 27.0163 5.51488 25.0658 17.6167 0.0137848 61.1053
543788 3.69187 27.2651 5.77798 26.0982 17.4643 0.219448 62.8331
543798 3.75952 27.5521 6.23333 27.1402 17.2758 0.47815 64.6851
543809 3.75952 27.5521 6.23333 27.1402 17.2758 0.47815 64.6851
543818 3.79818 27.8486 6.56726 28.0953 17.184 0.682213 66.3094
543833 3.85617 28.0304 6.8506 28.8383 17.0779 0.844011 67.5754
543839 3.85617 28.0304 6.8506 28.8383 17.0779 0.844011 67.5754
543848 3.85617 28.1452 7.09345 29.4847 17.0168 1.00105 68.5795
543863 3.85617 28.1452 7.09345 29.4847 17.0168 1.00105 68.5795
543869 3.88516 28.2217 7.18452 29.8127 16.9906 1.06152 69.1041
543888 3.91416 28.04 7.31607 30.0153 16.8957 1.16416 69.2855
543889 3.91416 28.04 7.31607 30.0153 16.8957 1.16416 69.2855
543899 3.85617 27.8295 7.40714 30.1118 16.8623 1.26436 69.2046
543920 3.85617 27.8295 7.40714 30.1118 16.8623 1.26436 69.2046
543922 3.72086 27.5042 7.47798 30.16 16.8688 1.39689 68.8631
543934 3.65321 26.9589 7.53869 30.16 16.8081 1.55611 68.3109
543943 3.65321 26.9589 7.53869 30.16 16.8081 1.55611 68.3109
543952 3.95281 26.3658 9.29941 30.5942 15.5627 2.04559 70.2122
543963 8.06026 26.892 10.0887 30.6425 13.0099 1.14535 75.6834
543972 8.06026 26.892 10.0887 30.6425 13.0099 1.14535 75.6834
543991 9.42297 26.031 11.303 29.7838 11.4608 1.10389 76.5407
543992 10.0608 24.7299 12.0113 27.3428 10.1155 0.923206 74.1448
544006 10.0608 24.7299 12.0113 27.3428 10.1155 0.923206 74.1448
544012 12.2064 23.6393 12.7601 23.2134 7.6185 0.0267041 71.8192
544027 12.2064 23.6393 12.7601 23.2134 7.6185 0.0267041 71.8192
544032 15.6083 22.8357 14.5815 19.0454 4.05546 -1.00256 72.0709
544050 17.2309 21.4676 17.5357 15.7899 0.864619 -1.119 72.0241
544053 17.2309 21.4676 17.5357 15.7899 0.864619 -1.119 72.0241
544063 17.7023 19.1429 20.9114 13.5148 -2.08919 -0.509115 71.2715
544073 19.0108 16.8942 24.0042 12.6048 -4.65979 0.145633 72.5139
544083 19.0108 16.8942 24.0042 12.6048 -4.65979 0.145633 72.5139
544096 20.0306 14.6237 26.349 11.9755 -6.77608 0.754389 72.9787
544119 20.6271 12.0453 28.2996 11.414 -8.7957 1.45912 72.386
544124 21.1562 9.75552 29.5327 10.8912 -10.5284 2.00017 71.3356
544134 21.1562 9.75552 29.5327 10.8912 -10.5284 2.00017 71.3356
544149 21.5507 8.02377 30.8365 10.8041 -11.781 2.54149 71.215
544155 21.8104 6.90775 31.8674 10.9106 -12.539 2.94978 71.4962
544164 21.8104 6.90775 31.8674 10.9106 -12.539 2.94978 71.4962
544179 22.3299 6.20543 32.2616 10.8235 -13.1117 3.04725 71.6204
544187 22.3299 6.20543 32.2616 10.8235 -13.1117 3.04725 71.6204
544194 22.6186 5.80136 32.0291 10.5137 -13.5045 2.98527 70.9627
544209 22.8783 5.66667 31.5844 10.262 -13.6857 2.83445 70.3914
544215 22.8783 5.66667 31.5844 10.262 -13.6857 2.83445 70.3914
544226 23.1092 5.81098 30.9477 9.99089 -13.6901 2.58057 69.8588
544235 23.1958 5.81098 30.0178 9.56492 -13.7914 2.31288 68.5895
544245 23.1958 5.81098 30.0178 9.56492 -13.7914 2.31288 68.5895
544260 23.1862 5.83984 29.0172 9.11959 -13.8633 2.03479 67.1629
544267 23.1862 5.83984 29.0172 9.11959 -13.8633 2.03479 67.1629
544277 22.9168 5.79174 28.1278 8.72266 -13.9303 1.86289 65.559
544287 22.5897 5.6378 27.5618 8.60649 -13.94 1.84969 64.3958
544300 22.5897 5.6378 27.5618 8.60649 -13.94 1.84969 64.3958
544307 22.2145 5.50311 27.4304 8.46128 -14.0233 1.92757 63.6093
544322 21.9836 5.46463 27.3395 8.36446 -14.051 1.96091 63.1522
544330 21.9836 5.46463 27.3395 8.36446 -14.051 1.96091 63.1522
544345 21.9643 5.41653 27.299 8.28702 -14.1185 1.95465 62.9669
544350 21.9643 5.41653 27.299 8.28702 -14.1185 1.95465 62.9669
544359 21.9547 5.32994 27.4911 8.23861 -14.2338 2.01026 63.0144
544369 21.9162 5.3107 27.9459 8.38383 -14.2265 2.14835 63.5567
544378 21.9162 5.3107 27.9459 8.38383 -14.2265 2.14835 63.5567
544393 21.7527 5.16638 28.3199 8.43223 -14.3212 2.31652 63.6712
544400 21.6084 5.04131 28.896 8.60649 -14.3629 2.53758 64.1521
544409 21.6084 5.04131 28.896 8.60649 -14.3629 2.53758 64.1521
544419 21.3679 4.82003 29.4822 8.82916 -14.4191 2.81944 64.4992
544429 21.3679 4.82003 29.4822 8.82916 -14.4191 2.81944 64.4992
544439 21.1947 4.77193 30.1189 9.0131 -14.4122 3.03356 65.0986
544454 21.2332 4.70458 30.4625 9.03246 -14.5029 3.1079 65.4328
544462 21.2332 4.70458 30.4625 9.03246 -14.5029 3.1079 65.4328
544474 21.3294 4.67572 30.7051 9.09055 -14.5394 3.14371 65.8008
544484 21.2716 4.58913 31.0589 9.14863 -14.6034 3.25725 66.0683
544489 21.2716 4.58913 31.0589 9.14863 -14.6034 3.25725 66.0683
544508 21.5025 5.28183 31.6046 9.82631 -13.9261 3.22066 68.2153
544510 21.5025 5.28183 31.6046 9.82631 -13.9261 3.22066 68.2153
544519 21.7431 6.50368 32.1201 10.1651 -13.1835 2.98556 70.532
544538 21.6853 7.05207 32.3121 10.6395 -12.6609 2.97414 71.6891
544547 21.6853 7.05207 32.3121 10.6395 -12.6609 2.97414 71.6891
544556 21.4256 7.24448 32.2414 11.1526 -12.2356 3.06476 72.0641
544560 21.2428 8.92813 31.7967 12.6822 -10.5255 2.87502 74.6498
544570 21.2428 8.92813 31.7967 12.6822 -10.5255 2.87502 74.6498
544585 20.858 11.5835 30.321 13.5342 -8.53948 2.24396 76.2966
544592 20.858 11.5835 30.321 13.5342 -8.53948 2.24396 76.2966
544600 20.2711 13.9117 27.8853 13.1856 -6.99599 1.37298 75.2537
544613 19.4437 14.893 25.1463 12.0046 -6.18722 0.590469 71.4875
544624 19.4437 14.893 25.1463 12.0046 -6.18722 0.590469 71.4875
544632 18.5874 14.6525 22.2354 11.0945 -5.66165 0.0202829 66.5699
544648 17.8274 14.5082 19.7794 11.1333 -4.72952 -0.337459 63.2483
544652 17.8274 14.5082 19.7794 11.1333 -4.72952 -0.337459 63.2483
544662 17.0289 14.7102 18.0006 12.6145 -3.08911 -0.270402 62.3542
544677 17.0289 14.7102 18.0006 12.6145 -3.08911 -0.270402 62.3542
544683 16.2752 15.3164 16.747 15.1896 -0.990187 0.0814945 63.5282
544702 15.0574 16.2881 15.4821 18.563 1.64836 0.619277 65.3906
544703 15.0574 16.2881 15.4821 18.563 1.64836 0.619277 65.3906
544713 13.6464 17.5166 14.1464 21.882 4.31817 1.08617 67.1914
544730 12.0131 18.942 12.8815 25.143 6.9551 1.53729 68.9797
544747 12.0131 18.942 12.8815 25.143 6.9551 1.53729 68.9797
544749 10.3798 20.2144 12.2137 28.7611 9.2156 2.17565 71.5689
544758 10.3798 20.2144 12.2137 28.7611 9.2156 2.17565 71.5689
544771 8.47584 21.4007 11.647 32.7554 11.4545 2.93338 74.2789
544774 6.28198 22.3669 10.9488 34 13.2939 3.3221 73.5977
544797 6.28198 22.3669 10.9488 34 13.2939 3.3221 73.5977
544799 4.13644 23.1322 10.119 34 15.0155 3.5406 71.3877
544804 2.67709 23.8689 9.27917 34 16.4384 3.59467 69.8251
544821 2.67709 23.8689 9.27917 34 16.4384 3.59467 69.8251
544827 2.16487 24.6533 9.09702 34 16.946 3.49255 69.9152
544836 2.16487 24.6533 9.09702 34 16.946 3.49255 69.9152
544846 2.20352 25.1891 9.03631 34 17.0204 3.33181 70.4289
544856 2.21319 25.3517 8.77321 34 17.1903 3.24326 70.3381
544872 2.21319 25.3517 8.77321 34 17.1903 3.24326 70.3381
544881 2.16487 25.3517 8.18631 34 17.5748 3.15691 69.7029
544887 2.03923 25.1508 7.52857 34 18.0384 3.12984 68.7186
544897 2.03923 25.1508 7.52857 34 18.0384 3.12984 68.7186
544911 2.00057 24.9116 6.95179 33.5755 18.3627 3.02828 67.4395
544924 2.00057 24.9116 6.95179 33.5755 18.3627 3.02828 67.4395
544926 1.94258 24.7777 6.43571 31.9257 18.5632 2.68303 65.0817
544938 1.98124 24.8734 6.04107 30.71 18.6937 2.33386 63.6057
544949 1.98124 24.8734 6.04107 30.71 18.6937 2.33386 63.6057
544957 1.97157 24.8925 5.79821 29.7934 18.7798 2.0961 62.4557
544975 1.98124 25.0551 5.51488 29.2242 18.9328 1.87032 61.7754
544977 1.98124 25.0551 5.51488 29.2242 18.9328 1.87032 61.7754
544987 2.04889 25.2561 5.43393 28.8768 18.9278 1.70553 61.6157
545002 2.04889 25.2561 5.43393 28.8768 18.9278 1.70553 61.6157
545008 2.02956 25.543 5.35298 28.7997 19.0198 1.59903 61.7252
545025 2.13587 25.8779 5.42381 29.147 18.9604 1.57157 62.5846
545028 2.13587 25.8779 5.42381 29.147 18.9604 1.57157 62.5846
545038 2.13587 26.2893 5.48452 29.6101 19.0016 1.57498 63.5197
545051 2.09721 26.6241 5.60595 30.2083 19.0318 1.64861 64.5355
545075 2.09721 26.6241 5.60595 30.2083 19.0318 1.64861 64.5355
545077 2.14554 27.0068 5.7375 30.7968 18.9995 1.68574 65.6866
545079 2.14554 27.0068 5.7375 30.7968 18.9995 1.68574 65.6866
545101 2.22285 27.2364 5.8994 31.4915 18.925 1.77973 66.8501
545108 2.22285 27.5808 5.99048 32.0993 18.9513 1.8307 67.8934
545115 2.22285 27.5808 5.99048 32.0993 18.9513 1.8307 67.8934
545128 2.19386 27.753 6.13214 32.4756 18.9275 1.89504 68.5546
545131 2.28084 27.8008 6.1119 32.6396 18.9036 1.88933 68.8331
545143 2.28084 27.8008 6.1119 32.6396 18.9036 1.88933 68.8331
545154 2.26151 27.8008 6.22321 32.6396 18.845 1.91524 68.9251
545161 2.26151 27.8008 6.22321 32.6396 18.845 1.91524 68.9251
545181 2.29051 27.8965 6.08155 32.6107 18.9227 1.85221 68.8792
545187 2.24218 27.9826 6.1119 32.3695 18.9204 1.8026 68.7061
545195 2.24218 27.9826 6.1119 32.3695 18.9204 1.8026 68.7061
545205 4.12678 28.8053 7.12381 32.466 17.2433 1.37704 72.5218
545217 4.86128 29.0349 7.41726 31.7134 16.5931 1.07518 73.0268
545229 4.86128 29.0349 7.41726 31.7134 16.5931 1.07518 73.0268
545233 5.4315 29.0158 7.72083 30.4977 15.9501 0.77849 72.6658
545245 5.77942 28.6044 8.075 28.5392 15.2431 0.471214 70.998
545264 7.1228 28.2983 8.85417 26.0114 13.6344 -0.118558 70.2866
545281 7.1228 28.2983 8.85417 26.0114 13.6344 -0.118558 70.2866
545284 8.98806 27.906 10.9286 23.8309 11.1021 -0.446866 71.6535
545307 10.1575 27.0163 12.8613 21.2066 8.84458 -0.653949 71.2417
545309 10.1575 27.0163 12.8613 21.2066 8.84458 -0.653949 71.2417
545316 10.7374 25.3134 14.9256 18.5726 6.55047 -0.550523 69.549
545333 12.0614 23.5914 17.1213 16.9032 4.05869 -0.350551 69.6773
545335 12.0614 23.5914 17.1213 16.9032 4.05869 -0.350551 69.6773
545346 13.3565 21.3911 19.4964 15.9351 1.59353 0.146186 70.1791
545358 13.3565 21.3911 19.4964 15.9351 1.59353 0.146186 70.1791
545371 14.2746 18.3202 21.8918 15.2574 -0.927956 0.979528 69.744
545386 15.2507 14.8738 24.3478 14.6862 -3.6288 1.93241 69.1585
545387 15.2507 14.8738 24.3478 14.6862 -3.6288 1.93241 69.1585
545401 16.2365 11.7855 26.7836 14.57 -6.00518 2.88249 69.3756
545413 17.2309 9.38993 29.2093 14.9089 -7.82502 3.71026 70.739
545440 18.3084 8.09111 31.0184 15.3736 -8.88227 4.11981 72.7915
545444 18.3084 8.09111 31.0184 15.3736 -8.88227 4.11981 72.7915
545453 19.1935 7.53311 32.1302 15.664 -9.43583 4.2406 74.5209
545465 19.8381 7.34069 32.5345 15.7511 -9.70019 4.19538 75.4645
545472 19.8381 7.34069 32.5345 15.7511 -9.70019 4.19538 75.4645
545482 20.146 7.49462 32.2212 15.5285 -9.73072 4.00098 75.3903
545493 20.3769 7.50424 30.9679 14.8121 -9.85204 3.64483 73.6611
545499 20.3769 7.50424 30.9679 14.8121 -9.85204 3.64483 73.6611
545509 20.2711 7.52349 29.4316 13.7665 -10.0055 3.25461 70.9927
545520 19.9055 7.28297 27.9459 12.7016 -10.2699 2.97609 67.8359
545529 19.9055 7.28297 27.9459 12.7016 -10.2699 2.97609 67.8359
545546 19.5976 7.21562 26.5309 11.869 -10.3675 2.66511 65.2132
545554 19.5976 7.21562 26.5309 11.869 -10.3675 2.66511 65.2132
545560 19.3763 7.08093 25.6112 11.2107 -10.5469 2.45688 63.2792
545572 19.232 7.04244 25.0351 10.7751 -10.6506 2.30387 62.0846
545584 19.232 7.04244 25.0351 10.7751 -10.6506 2.30387 62.0846
545591 19.3667 7.14827 24.8633 10.6008 -10.6814 2.16583 61.9791
545601 19.3667 7.14827 24.8633 10.6008 -10.6814 2.16583 61.9791
545614 19.4629 7.07131 25.0654 10.6782 -10.7497 2.21814 62.2779
545627 19.4918 6.98472 25.5101 10.9493 -10.7522 2.3793 62.9359
545652 19.4918 7.01358 25.9952 11.1236 -10.7467 2.50222 63.6242
545654 19.5303 6.93662 26.4703 11.3269 -10.7903 2.64462 64.264
545679 19.5495 6.87889 26.8644 11.3559 -10.897 2.73601 64.6488
545692 19.6265 6.80192 27.0363 11.3172 -11.0153 2.7612 64.7819
545706 19.6842 6.77306 27.198 11.3075 -11.0839 2.78195 64.9628
545710 19.6842 6.77306 27.198 11.3075 -11.0839 2.78195 64.9628
545733 19.7419 6.70572 27.2687 11.2785 -11.1649 2.79242 64.9949
545735 19.665 6.65761 27.3193 11.2591 -11.1969 2.83258 64.901
545740 19.665 6.65761 27.3193 11.2591 -11.1969 2.83258 64.901
545760 19.5495 6.59027 27.4001 11.2978 -11.2055 2.90529 64.8377
545764 19.5495 6.59027 27.4001 11.2978 -11.2055 2.90529 64.8377
545772 19.3475 6.48444 27.6629 11.4334 -11.2018 3.06439 64.9282
545786 19.386 7.99491 28.0268 12.6048 -9.85593 2.92241 68.0124
545792 19.386 7.99491 28.0268 12.6048 -9.85593 2.92241 68.0124
545802 19.1743 8.65874 28.431 13.2437 -9.24459 2.98708 69.5078
545814 18.8568 9.26486 28.431 13.9505 -8.53598 3.03387 70.5032
545841 18.8568 9.26486 28.431 13.9505 -8.53598 3.03387 70.5032
545843 18.4527 9.69779 28.4108 15.2864 -7.61308 3.24576 71.8478
545844 18.4527 9.69779 28.4108 15.2864 -7.61308 3.24576 71.8478
545853 18.472 12.2666 28.148 17.5596 -5.49206 2.93718 76.4462
545875 18.4527 15.3356 26.7432 18.3797 -3.6372 2.15455 78.9112
545897 17.7216 17.2774 21.5178 15.3155 -2.31319 0.383044 71.8323
545915 17.7216 17.2774 21.5178 15.3155 -2.31319 0.383044 71.8323
545917 17.0577 16.5574 18.9102 13.9021 -2.07311 -0.181302 66.4274
545943 16.4201 16.0572 16.9292 13.6213 -1.45604 -0.458567 63.0278
545947 15.9949 15.8744 15.6339 14.6088 -0.461134 -0.39281 62.1119
545954 15.9949 15.8744 15.6339 14.6088 -0.461134 -0.39281 62.1119
545970 15.7919 16.4131 14.8851 16.5644 0.903481 -0.178051 63.6545
545976 15.7339 17.4018 14.2173 18.9489 2.41302 0.00688612 66.3019
545986 15.7339 17.4018 14.2173 18.9489 2.41302 0.00688612 66.3019
545997 15.357 18.9994 13.5292 21.2645 4.11341 0.0948322 69.1501
546014 15.357 18.9994 13.5292 21.2645 4.11341 0.0948322 69.1501
546026 14.5259 20.3005 12.8107 23.2713 5.72401 0.265616 70.9084
546029 13.3371 21.2763 11.8494 24.9886 7.37509 0.467021 71.4515
546054 11.5298 21.812 10.9185 26.8411 9.21389 0.931975 71.1014
546057 9.40364 22.1564 9.87619 29.0505 11.3238 1.56766 70.4868
546067 9.40364 22.1564 9.87619 29.0505 11.3238 1.56766 70.4868
546081 6.91984 22.5104 8.88452 31.3275 13.6532 2.32224 69.6422
546088 6.91984 22.5104 8.88452 31.3275 13.6532 2.32224 69.6422
546097 4.37806 22.8739 7.92321 33.6623 16.065 3.12334 68.8375
546112 2.46447 23.4575 7.46786 34 17.6307 3.46029 67.3898
546118 2.46447 23.4575 7.46786 34 17.6307 3.46029 67.3898
546127 1.72996 24.3281 7.79167 34 17.9833 3.47834 67.8497
546142 1.75895 25.0073 8.32798 34 17.7006 3.37837 69.0942
546148 1.75895 25.0073 8.32798 34 17.7006 3.37837 69.0942
546157 1.77828 25.3708 8.70238 34 17.4979 3.33992 69.8515
546177 1.77828 25.3708 8.70238 34 17.4979 3.33992 69.8515
546178 1.81694 25.6196 8.45952 34 17.6488 3.224 69.896
546197 1.77828 25.6387 8.08512 34 17.9042 3.16568 69.5021
546199 1.77828 25.6387 8.08512 34 17.9042 3.16568 69.5021
546224 1.6913 25.4187 7.34643 34 18.3989 3.11945 68.4564
546226 1.64298 25.036 6.6381 34 18.8492 3.11045 67.3171
546228 1.64298 25.036 6.6381 34 18.8492 3.11045 67.3171
546252 1.58499 24.7107 5.88929 33.0352 19.27 2.90448 65.2202
546254 1.58499 24.7107 5.88929 33.0352 19.27 2.90448 65.2202
546258 1.61399 24.3089 5.33274 30.8065 19.4034 2.4692 62.0621
546268 1.56566 24.0124 4.98869 29.3207 19.5278 2.18693 59.8874
546283 1.56566 24.0124 4.98869 29.3207 19.5278 2.18693 59.8874
546289 1.51734 23.9358 4.65476 28.5488 19.7388 1.98197 58.6568
546310 1.556 23.9358 4.69524 28.4427 19.6689 1.95619 58.6298
546312 1.556 23.9167 4.69524 28.4427 19.6671 1.96173 58.6106
546319 1.57533 24.1272 4.80655 28.9347 19.632 2.0285 59.4438
546340 1.57533 24.1272 4.80655 28.9347 19.632 2.0285 59.4438
546341 1.62365 24.4524 5.0494 29.9092 19.5334 2.18298 61.0347
546354 1.68164 24.8542 5.38333 31.1249 19.3968 2.3727 63.0441
546367 1.68164 24.8542 5.38333 31.1249 19.3968 2.3727 63.0441
546370 1.76862 25.1987 5.81845 32.437 19.1837 2.59607 65.2227
546381 1.81694 25.3995 6.19286 33.8649 19.0469 2.86319 67.2743
546397 1.81694 25.3995 6.19286 33.8649 19.0469 2.86319 67.2743
546401 1.81694 25.5813 6.55714 34 18.8385 2.9046 67.9554
546425 1.81694 25.5813 6.55714 34 18.8385 2.9046 67.9554
546426 1.80728 25.6674 6.82024 34 18.6836 2.93116 68.2949
546430 1.83627 25.7248 6.90119 34 18.6188 2.9228 68.4623
546455 1.83627 25.7248 6.90119 34 18.6188 2.9228 68.4623
546458 1.86526 25.5718 6.95179 34 18.5537 2.96425 68.3888
546467 1.71063 25.3039 6.75952 34 18.7512 3.0421 67.774
546483 4.16543 25.677 8.14583 34 16.4491 2.56363 71.9883
546492 4.16543 25.677 8.14583 34 16.4491 2.56363 71.9883
546513 6.27231 25.8683 8.74286 33.5755 14.9172 2.05033 74.459
546515 7.03582 25.6961 9.06667 31.2406 13.9768 1.55575 73.0392
546527 7.03582 25.6961 9.06667 31.2406 13.9768 1.55575 73.0392
546541 7.87663 25.5813 9.52202 28.0568 12.7538 0.870146 71.0367
546544 10.4861 25.8683 10.1089 23.8309 10.3509 -0.515245 70.2942
546553 10.4861 25.8683 10.1089 23.8309 10.3509 -0.515245 70.2942
546572 14.1779 26.0884 10.3417 19.5568 7.5271 -2.21647 70.1647
546575 14.1779 26.0884 10.3417 19.5568 7.5271 -2.21647 70.1647
546584 16.1012 25.3326 11.131 16.119 5.1757 -3.09763 68.6837
546602 17.2982 23.955 13.2863 14.3764 2.81025 -2.95806 68.916
546608 17.2982 23.955 13.2863 14.3764 2.81025 -2.95806 68.916
546613 18.8568 22.233 16.6357 14.1538 0.311005 -2.14951 71.8793
546633 18.8568 22.233 17.2426 14.1538 0.0991017 -2.00593 72.4861
546635 20.146 19.7839 19.83 13.6697 -2.22062 -1.31355 73.4296
546644 21.1754 16.7018 22.1647 12.5467 -4.85327 -0.654196 72.5886
546663 21.1754 16.7018 22.1647 12.5467 -4.85327 -0.654196 72.5886
546665 21.8489 13.3729 24.2164 11.3656 -7.53022 0.0763035 70.8039
546674 22.5993 10.8523 26.4602 10.9687 -9.6072 0.841675 70.8805
546695 22.5993 10.8523 26.4602 10.9687 -9.6072 0.841675 70.8805
546697 23.369 9.14941 28.3603 10.9784 -10.9946 1.42371 71.857
546704 23.369 9.14941 28.3603 10.9784 -10.9946 1.42371 71.857
546727 24.0713 8.14884 29.462 10.9784 -11.838 1.69697 72.6605
546729 24.6005 7.72552 29.8359 10.9396 -12.2334 1.7338 73.1015
546735 24.6005 7.72552 29.8359 10.9396 -12.2334 1.7338 73.1015
546744 24.9083 7.62932 29.6439 10.7654 -12.3917 1.61863 72.9469
546759 25.1296 7.67742 29.2396 10.4459 -12.4999 1.42328 72.4925
546765 25.1296 7.67742 29.2396 10.4459 -12.4999 1.42328 72.4925
546775 25.1681 7.68704 28.1278 9.83599 -12.6283 1.08206 70.8189
546790 25.1681 7.68704 28.1278 9.83599 -12.6283 1.08206 70.8189
546798 24.9949 7.60045 27.0464 9.10991 -12.8473 0.776909 68.7516
546807 24.8121 7.4369 25.9952 8.40319 -13.1165 0.48376 66.6474
546822 24.8121 7.4369 25.9952 8.40319 -13.1165 0.48376 66.6474
546827 24.5331 7.24448 25.217 7.85137 -13.3602 0.298582 64.846
546837 24.4465 7.13865 24.5702 7.37699 -13.5762 0.0854623 63.5323
546854 24.4465 7.13865 24.5702 7.37699 -13.5762 0.0854623 63.5323
546862 24.4273 6.96548 24.2164 7.03816 -13.8234 -0.0330886 62.6473
546868 24.4273 6.96548 24.2164 7.03816 -13.8234 -0.0330886 62.6473
546888 24.6197 7.04244 24.1254 6.9123 -13.8718 -0.149376 62.6999
546892 24.7544 7.04244 24.2771 6.8639 -13.9523 -0.156318 62.9378
546902 24.7544 7.04244 24.2771 6.8639 -13.9523 -0.156318 62.9378
546921 24.9083 6.96548 24.6106 6.95103 -14.031 -0.0738215 63.4354
546923 25.1777 7.01358 24.934 6.93166 -14.115 -0.0762472 64.057
546930 25.1777 7.01358 24.934 6.93166 -14.115 -0.0762472 64.057
546953 25.2739 7.01358 25.2776 6.98975 -14.1539 -0.00466973 64.5549
546955 25.2739 7.01358 25.2776 6.98975 -14.1539 -0.00466973 64.5549
546963 25.3894 6.99434 25.4293 6.99943 -14.2044 0.0104105 64.8124
546969 25.4952 6.94624 25.5 6.87358 -14.339 -0.0157017 64.815
546987 25.4952 6.94624 25.5 6.87358 -14.339 -0.0157017 64.815
546989 25.6299 7.06169 25.4596 6.76708 -14.3491 -0.107422 64.9182
546999 25.8223 7.07131 25.4596 6.78645 -14.363 -0.149124 65.1396
547018 25.8223 7.07131 25.4596 6.78645 -14.363 -0.149124 65.1396
547024 26.1109 7.17714 25.4899 6.68964 -14.4094 -0.253989 65.4676
547029 26.1109 7.17714 25.4899 6.68964 -14.4094 -0.253989 65.4676
547050 26.3418 7.11941 25.5303 6.67995 -14.4936 -0.285731 65.6715
547052 26.3995 7.11941 25.6718 6.66059 -14.537 -0.270278 65.8514
547059 26.3995 7.11941 25.6718 6.66059 -14.537 -0.270278 65.8514
547081 26.5631 7.14827 25.7021 6.62187 -14.5737 -0.315142 66.0354
547084 26.6304 7.12903 25.8639 6.64123 -14.6096 -0.283951 66.2646
547098 26.6304 7.12903 25.8639 6.64123 -14.6096 -0.283951 66.2646
547113 26.9479 8.72609 25.9649 7.37699 -13.3338 -0.506862 69.0159
547115 27.2366 8.72609 26.0761 7.43508 -13.3689 -0.529294 69.4738
547122 27.2366 9.39955 26.0761 7.43508 -13.0005 -0.668222 70.1473
547144 27.2077 9.69779 26.1671 7.86105 -12.623 -0.608466 70.9336
547146 27.2077 9.69779 26.1671 7.86105 -12.623 -0.608466 70.9336
547152 26.996 9.86135 26.3692 8.47096 -12.2155 -0.422027 71.6975
547177 26.8421 11.7182 26.4602 10.2136 -10.4243 -0.376137 75.234
547179 26.8421 11.7182 26.4602 10.2136 -10.4243 -0.376137 75.234
547182 26.5054 14.4505 25.9043 11.3366 -8.51143 -0.71263 78.1967
547208 26.5054 14.4505 25.9043 11.3366 -8.51143 -0.71263 78.1967
547210 25.8704 16.6152 24.742 11.4334 -7.17123 -1.20331 78.6609
547213 24.9564 17.0765 23.1249 10.959 -6.58388 -1.5665 76.1168
547223 24.9564 17.0765 23.1249 10.959 -6.58388 -1.5665 76.1168
547241 24.0809 16.5671 21.2551 9.97153 -6.53826 -1.96622 71.8746
547243 22.9649 15.807 19.4459 9.04214 -6.52752 -2.29346 67.26
547274 22.0509 15.047 18.0612 8.60649 -6.45281 -2.45356 63.7656
547278 21.0311 14.3928 16.9899 8.58713 -6.1643 -2.42133 61.0009
547307 20.0883 14.3062 16.2411 9.14863 -5.38377 -2.25932 59.7842
547315 19.3475 14.8834 15.7756 10.3588 -4.09213 -2.01189 60.3653
547338 18.7125 15.9513 15.6137 12.3821 -2.39099 -1.59625 62.6596
547347 18.2026 17.4879 15.4315 15.1219 -0.386596 -1.16322 66.2439
547370 17.481 18.9516 15.2899 18.8235 1.77338 -0.493139 70.546
547371 17.481 18.9516 15.2899 18.8235 1.77338 -0.493139 70.546
547380 16.2172 20.2718 14.7333 22.6249 4.04422 0.176557 73.8472
547387 16.2172 20.2718 14.7333 22.6249 4.04422 0.176557 73.8472
547403 14.3036 21.4485 13.5393 25.4518 6.3743 0.650017 74.7431
547410 11.5588 22.2808 11.647 28.0471 9.22095 1.19424 73.5338
547417 11.5588 22.2808 11.647 28.0471 9.22095 1.19424 73.5338
547435 7.87663 22.7496 9.71429 30.9898 12.6694 2.11927 71.3303
547437 4.11711 23.094 8.17619 34 16.1415 3.23512 69.3873
547452 4.11711 23.094 8.17619 34 16.1415 3.23512 69.3873
547469 1.76862 23.5245 7.67024 34 17.9522 3.66853 66.9633
547471 1.76862 23.5245 7.67024 34 17.9522 3.66853 66.9633
547482 1.10176 24.0985 8.15595 34 18.1278 3.77598 67.3562
547504 1.12109 24.6055 8.73274 34 17.8032 3.72618 68.4593
547505 1.12109 24.6055 8.73274 34 17.8032 3.72618 68.4593
547508 1.11143 24.6342 8.83393 34 17.749 3.73762 68.5796
547539 1.0631 24.5003 8.67202 34 17.8665 3.76094 68.2354
547540 1.0631 24.5003 8.67202 34 17.8665 3.76094 68.2354
547542 0.860148 24.1272 8.17619 34 18.2729 3.83888 67.1635
547550 0.860148 24.1272 8.17619 34 18.2729 3.83888 67.1635
547574 0.773167 23.7158 7.61964 34 18.6523 3.88693 66.1086
547575 0.724844 23.1322 7.10357 34 18.9745 3.98237 64.9607
547607 0.628198 22.6443 6.4256 34 19.4631 4.0393 63.6981
547609 0.734508 22.3191 5.93988 32.6107 19.5828 3.77336 61.6041
547610 0.734508 22.3191 5.93988 32.6107 19.5828 3.77336 61.6041
547620 0.763502 22.1182 5.70714 31.3371 19.6011 3.54502 59.9259
547649 0.744173 22.0321 5.67679 30.9319 19.5938 3.49392 59.3849
547673 0.811825 22.1564 5.77798 31.202 19.5038 3.50596 59.9483
547674 0.811825 22.1564 5.77798 31.202 19.5038 3.50596 59.9483
547678 0.889142 22.4147 6.03095 32.0125 19.3599 3.60396 61.3473
547684 0.956794 22.6826 6.34464 33.0931 19.2123 3.7569 63.0771
547708 0.956794 22.6826 6.34464 33.0931 19.2123 3.7569 63.0771
547709 1.02445 22.96 6.8506 34 18.9269 3.90208 64.8351
547713 1.01478 23.3331 7.2756 34 18.6834 3.86927 65.6235
547739 1.01478 23.3331 7.2756 34 18.6834 3.86927 65.6235
547741 1.10176 23.5245 7.63988 34 18.4041 3.85121 66.2661
547743 1.10176 23.5245 7.63988 34 18.4041 3.85121 66.2661
547773 1.11143 23.5053 7.8119 34 18.2835 3.88276 66.4287
547775 1.02445 23.3523 7.90298 34 18.2653 3.96643 66.2797
547776 1.02445 23.3523 7.90298 34 18.2653 3.96643 66.2797
547784 1.00512 22.9983 7.87262 34 18.2618 4.06882 65.8761
547806 0.860148 22.4243 8.18631 34 18.0912 4.3306 65.4708
547808 0.860148 22.4243 8.18631 34 18.0912 4.3306 65.4708
547819 3.76919 23.0557 9.00595 34 15.8528 3.47577 69.8308
547841 3.76919 23.0557 9.00595 34 15.8528 3.47577 69.8308
547842 5.41217 23.0174 9.33988 34 14.7226 3.11628 71.7695
547849 6.17567 22.6061 9.41071 31.8485 13.8734 2.67218 70.0409
547855 6.17567 22.6061 9.41071 31.8485 13.8734 2.67218 70.0409
547876 7.38374 22.386 9.49167 27.9892 12.4534 1.71993 67.2507
547878 7.38374 22.386 9.49167 27.9892 12.4534 1.71993 67.2507
547885 10.4088 22.6061 9.71429 23.4353 9.79315 0.0305486 66.1644
547911 13.3081 22.5487 9.89643 18.563 6.96057 -1.72524 64.3162
547913 13.3081 22.5487 9.89643 18.563 6.96057 -1.72524 64.3162
547915 15.0671 21.9747 11.2827 14.6185 4.06849 -2.65492 62.9429
547948 17.0096 21.2763 16.0185 13.7472 0.733045 -1.87806 68.0515
547949 17.0096 21.2763 16.0185 13.7472 0.733045 -1.87806 68.0515
547950 19.0396 20.5205 21.8109 15.6059 -1.53425 -0.417649 76.977
547960 19.0396 20.5205 21.8109 15.6059 -1.53425 -0.417649 76.977
547983 20.2711 19.076 24.7521 15.9448 -3.12405 0.252947 80.0439
547984 20.9638 16.7883 26.4905 15.5575 -4.7332 0.807495 79.8001
547987 20.9638 16.7883 26.4905 15.5575 -4.7332 0.807495 79.8001
547997 21.541 14.3543 27.865 14.8992 -6.40501 1.30987 78.6595
548019 21.8297 12.0741 28.3603 13.9892 -7.91003 1.66137 76.2533
548020 21.8297 12.0741 28.3603 13.9892 -7.91003 1.66137 76.2533
548028 21.9547 10.3135 28.1581 13.1856 -9.0385 1.84933 73.612
548054 21.7912 9.09168 27.9055 12.6919 -9.76251 2.03858 71.4802
548055 21.7912 9.09168 27.9055 12.6919 -9.76251 2.03858 71.4802
548059 21.5122 8.25467 27.6427 12.4208 -10.1959 2.21179 69.8304
548069 21.5122 8.25467 27.6427 12.4208 -10.1959 2.21179 69.8304
548091 21.0889 7.82173 27.5922 12.6145 -10.2163 2.45149 69.1172
548093 20.7906 7.86984 27.6528 12.9049 -9.99329 2.57821 69.2181
548099 20.7906 7.86984 27.6528 12.9049 -9.99329 2.57821 69.2181
548126 20.4827 7.76401 27.7539 13.0792 -9.9137 2.73299 69.0798
548128 20.0787 7.67742 27.6932 13.0792 -9.85551 2.8491 68.5285
548129 20.0787 7.67742 27.6932 13.0792 -9.85551 2.8491 68.5285
548161 19.6457 7.38879 27.4405 13.0598 -9.86072 2.99086 67.5349
548163 19.6457 7.38879 27.4405 13.0598 -9.86072 2.99086 67.5349
548164 19.0877 7.24448 27.3294 12.963 -9.83482 3.14302 66.6245
548176 18.6163 6.9751 27.3799 13.0888 -9.81389 3.37813 66.0601
548197 18.6163 6.9751 27.3799 13.0888 -9.81389 3.37813 66.0601
548199 18.0775 6.75382 27.5315 13.2244 -9.76975 3.64199 65.5872
548204 18.0775 6.75382 27.5315 13.2244 -9.76975 3.64199 65.5872
548211 17.6254 6.61913 27.6427 13.3309 -9.70515 3.84765 65.218
548232 17.1347 6.37861 27.9358 13.5438 -9.67337 4.14653 64.9929
548234 17.1347 6.37861 27.9358 13.5438 -9.67337 4.14653 64.9929
548241 16.5748 6.14771 28.3502 13.8343 -9.6072 4.49767 64.9069
548268 16.1109 5.95529 28.5624 13.7665 -9.68687 4.71995 64.3951
548271 16.1109 5.95529 28.5624 13.7665 -9.68687 4.71995 64.3951
548273 15.9562 5.75325 28.4715 13.6116 -9.822 4.79059 63.7926
548283 15.9562 5.75325 28.4715 13.6116 -9.822 4.79059 63.7926
548307 15.8306 5.64743 28.2895 13.4083 -9.9185 4.80084 63.1759
548309 15.8016 5.56084 28.2693 13.2631 -10.0354 4.81041 62.8949
548312 15.8016 5.56084 28.2693 13.2631 -10.0354 4.81041 62.8949
548322 15.8113 5.55122 28.0773 13.0888 -10.0948 4.7507 62.5286
548342 15.8982 5.64743 28.2895 13.1856 -10.0581 4.74355 63.0208
548358 16.1495 5.72439 28.8555 13.3986 -10.09 4.76708 64.1281
548377 16.1495 5.72439 28.8555 13.3986 -10.09 4.76708 64.1281
548379 16.4008 5.75325 29.3912 13.6407 -10.1242 4.80422 65.1859
548383 16.5361 5.7725 30.0482 13.9505 -10.1276 4.90671 66.3072
548393 16.5361 5.7725 30.0482 13.9505 -10.1276 4.90671 66.3072
548413 16.7294 5.80136 30.2907 14.0376 -10.1636 4.89034 66.8591
548415 17.1539 6.67685 30.3918 14.6765 -9.50387 4.62362 68.8991
548423 17.1539 6.67685 30.3918 14.6765 -9.50387 4.62362 68.8991
548448 17.6542 7.87946 30.2503 14.8218 -8.92396 4.15088 70.6057
548452 17.6542 7.87946 30.2503 14.8218 -8.92396 4.15088 70.6057
548454 17.914 8.81268 30.0279 15.0444 -8.3862 3.83272 71.799
548484 18.0198 9.37068 29.5327 15.3833 -7.88262 3.63566 72.3064
548485 18.0198 9.37068 29.5327 15.3833 -7.88262 3.63566 72.3064
548487 18.193 11.189 28.7545 16.7483 -6.34646 3.22911 74.8848
548494 18.1641 13.8059 27.0969 17.2701 -4.64551 2.43598 76.3371
548519 18.1641 13.8059 27.0969 17.2701 -4.64551 2.43598 76.3371
548521 17.8851 15.8455 24.9643 16.4385 -3.51556 1.53172 75.1334
548524 17.8851 15.8455 24.9643 16.4385 -3.51556 1.53172 75.1334
548557 17.3175 16.4228 22.6599 14.9089 -3.0311 0.805348 71.3091
548558 16.5168 15.9032 20.4768 13.6697 -2.78693 0.389053 66.5665
548562 16.5168 15.9032 20.4768 13.6697 -2.78693 0.389053 66.5665
548570 15.415 15.3548 18.6778 13.2437 -2.19097 0.275552 62.6913
548594 14.2359 14.9315 17.3841 14.2603 -0.998256 0.61095 60.8118
548595 14.2359 14.9315 17.3841 14.2603 -0.998256 0.61095 60.8118
548599 13.1052 15.3548 16.5244 16.9129 1.06553 1.20618 61.8973
548609 13.1052 15.3548 16.5244 16.9129 1.06553 1.20618 61.8973
548633 11.8198 16.2111 15.6845 20.8593 3.70348 1.97745 64.5747
548635 10.5054 17.8419 14.2881 24.6413 6.57349 2.35939 67.2767
548641 10.5054 17.8419 14.2881 24.6413 6.57349 2.35939 67.2767
548645 8.74645 19.3247 12.0113 27.1305 9.55822 2.47066 67.213
548670 6.88118 20.5492 9.6131 29.4847 12.6035 2.63062 66.5282
548671 6.88118 20.5492 9.6131 29.4847 12.6035 2.63062 66.5282
548680 5.04491 21.8981 8.39881 33.4886 15.2342 3.25678 68.8305
548707 5.04491 21.8981 8.39881 33.4886 15.2342 3.25678 68.8305
548708 3.40193 23.4192 8.26726 34 16.5549 3.35355 69.0884
548710 2.10688 24.8925 7.99405 34 17.6798 3.26002 68.9934
548720 2.10688 24.8925 7.99405 34 17.6798 3.26002 68.9934
548746 1.20807 26.2893 7.41726 34 18.742 3.02983 68.9146
548747 1.03411 27.5808 7.45774 34 18.9407 2.74919 70.0726
548755 1.03411 27.5808 7.45774 34 18.9407 2.74919 70.0726
548759 1.18874 28.6331 7.20476 34 19.0913 2.40394 71.0266
548783 1.21774 29.0445 6.8506 34 19.3271 2.23344 71.1128
548793 1.21774 29.0445 6.28393 34 19.6831 2.13089 70.5461
548798 1.21774 29.0445 6.28393 34 19.6831 2.13089 70.5461
548821 1.15975 28.8436 5.59583 34 20.1468 2.06738 69.5991
548823 1.13076 28.5853 4.80655 34 20.6676 1.98997 68.5226
548859 1.15009 28.3174 4.04762 31.1056 20.9783 1.31979 64.6207
548860 1.15009 28.3174 4.04762 31.1056 20.9783 1.31979 64.6207
548862 1.0631 28.2409 3.41012 28.6067 21.3526 0.663605 61.3208
548869 1.10176 28.1548 3.06607 26.9376 21.4834 0.189114 59.2602
548898 1.10176 28.1548 3.06607 26.9376 21.4834 0.189114 59.2602
548899 1.2274 28.2122 2.84345 25.8859 21.5008 -0.183133 58.1689
548901 1.2274 28.4513 2.68155 25.4421 21.6187 -0.403547 57.8024
548909 1.2274 28.4513 2.68155 25.4421 21.6187 -0.403547 57.8024
548937 1.29505 28.8914 2.72202 25.5579 21.5646 -0.489136 58.4664
548939 1.29505 28.8914 2.72202 25.5579 21.5646 -0.489136 58.4664
548941 1.3917 29.3984 2.84345 26.3587 21.4703 -0.397047 59.9923
548950 1.45935 30.1159 3.14702 27.5454 21.3012 -0.212675 62.2677
548976 1.45935 30.1159 3.14702 27.5454 21.3012 -0.212675 62.2677
548978 1.56566 30.7569 3.49107 28.9926 21.0986 0.037297 64.8062
548982 1.63331 31.3596 3.84524 30.5074 20.9325 0.30285 67.3455
548990 1.63331 31.3596 3.84524 30.5074 20.9325 0.30285 67.3455
549016 1.78795 31.771 4.13869 31.6169 20.7248 0.475375 69.3145
549028 1.78795 32.0293 4.20952 32.1958 20.7297 0.552837 70.2225
549054 1.87493 32.2302 4.35119 32.4563 20.61 0.571632 70.9126
549056 1.87493 32.3067 4.31071 32.2633 20.6289 0.507188 70.7557
549062 1.84594 32.3067 4.14881 31.7616 20.7219 0.376335 70.0631
549072 1.84594 32.1823 4.14881 31.7616 20.7143 0.403678 69.9387
549097 1.78795 31.924 4.11845 31.1442 20.7184 0.337218 68.9746
549098 1.78795 31.924 4.11845 31.1442 20.7184 0.337218 68.9746
549111 1.70097 31.484 4.3006 30.5653 20.5904 0.370517 68.0508
549137 4.03013 31.7901 5.25179 30.0443 18.4741 -0.110559 71.1163
549137 4.03013 31.7901 5.25179 30.0443 18.4741 -0.110559 71.1163
549139 5.18988 31.5701 5.77798 28.7225 17.3044 -0.475613 71.2604
549148 6.166 31.2257 6.18274 26.8121 16.2279 -0.936993 70.3866
