406175 10.5731 23.8019 22.1647 33.1124 6.74177 3.4972 89.652
406185 10.5151 22.8452 18.6474 25.5386 6.19673 2.09405 77.5463
406195 10.5151 22.8452 18.6474 25.5386 6.19673 2.09405 77.5463
406205 11.7425 22.1277 14.9964 18.3218 5.10156 -0.123232 67.1884
406215 12.5833 21.5824 15.219 14.8314 3.35256 -0.961263 64.2162
406230 12.5833 21.5824 15.219 14.8314 3.35256 -0.961263 64.2162
406236 13.8783 21.5155 17.8995 14.6281 1.60691 -0.632972 67.9215
406246 13.8783 21.5155 17.8995 14.6281 1.60691 -0.632972 67.9215
406256 14.8835 20.7119 20.7396 14.6475 -0.0928685 -0.0440043 70.9824
406266 15.6663 19.0951 23.7818 14.6281 -1.95598 0.747947 73.1713
406276 15.6663 19.0951 23.7818 14.6281 -1.95598 0.747947 73.1713
406286 16.2268 16.3265 26.2176 14.0085 -4.1596 1.58137 72.7795
406304 16.4781 12.7187 28.7646 13.3212 -6.73473 2.71221 71.2826
406312 16.4781 12.7187 28.7646 13.3212 -6.73473 2.71221 71.2826
406325 16.9227 9.34182 31.7967 13.2921 -9.13952 3.95727 71.3533
406328 16.9227 9.34182 31.7967 13.2921 -9.13952 3.95727 71.3533
406347 17.6157 6.78268 34 13.6407 -10.8248 4.83951 72.0391
406348 18.4431 5.38766 34 14.2893 -11.3582 5.08704 72.1201
406357 18.4431 5.38766 34 14.2893 -11.3582 5.08704 72.1201
406372 19.0492 4.82003 34 14.754 -11.5236 5.13982 72.6233
406378 19.1935 4.64686 34 14.5216 -11.7551 5.1162 72.362
406388 19.1935 4.64686 34 14.5216 -11.7551 5.1162 72.362
406398 18.6163 4.46406 34 14.0279 -11.9973 5.26258 71.1083
406408 18.6163 4.46406 34 14.0279 -11.9973 5.26258 71.1083
406418 17.6831 4.16582 34 13.3599 -12.3385 5.52914 69.2088
406433 16.8164 3.82909 34 12.9243 -12.6029 5.83371 67.5697
406440 16.8164 3.82909 34 12.9243 -12.6029 5.83371 67.5697
406450 15.9562 3.60781 33.7372 12.508 -12.7557 6.08148 65.8092
406460 15.4537 3.49236 33.5149 12.3337 -12.7875 6.22796 64.7946
406473 15.4537 3.49236 33.5149 12.3337 -12.7875 6.22796 64.7946
406480 15.2797 3.37691 33.6867 12.4305 -12.798 6.35919 64.7738
406491 15.357 3.37691 34 12.6822 -12.7254 6.40858 65.4162
406501 15.357 3.37691 34 12.6822 -12.7254 6.40858 65.4162
406513 15.6663 3.5116 34 12.8662 -12.6009 6.28859 66.0441
406522 15.6663 3.5116 34 12.8662 -12.6009 6.28859 66.0441
406531 15.8982 3.58857 34 13.0114 -12.5185 6.20872 66.4982
406541 16.2365 3.68478 34 13.1276 -12.4626 6.08652 67.0488
406552 16.2365 3.68478 34 13.1276 -12.4626 6.08652 67.0488
406566 16.4491 3.75212 34 13.1276 -12.4647 5.99884 67.3288
406574 16.5264 3.75212 34 13.1082 -12.4899 5.97216 67.3868
406582 16.5264 3.75212 34 13.1082 -12.4899 5.97216 67.3868
406592 16.6907 3.72326 34 13.0211 -12.5849 5.91838 67.4351
406602 16.6907 3.72326 34 13.0211 -12.5849 5.91838 67.4351
406612 16.7777 3.77136 34 13.1082 -12.5257 5.88831 67.6573
406622 17.0096 3.82909 34 13.1179 -12.531 5.80058 67.9566
406632 17.0096 3.82909 34 13.1179 -12.531 5.80058 67.9566
406651 17.2309 3.88681 34 13.1953 -12.4972 5.72606 68.313
406653 17.3945 3.90606 34 13.5051 -12.3476 5.71275 68.8056
406684 18.3469 6.13809 34 13.9408 -11.1383 4.85789 72.4258
406686 18.3469 6.13809 34 13.9408 -11.1383 4.85789 72.4258
406697 19.0685 8.42784 34 14.8411 -9.75914 4.19417 76.3374
406706 19.2513 10.429 34 15.2864 -8.71755 3.72427 78.9667
406713 19.2513 10.429 34 15.2864 -8.71755 3.72427 78.9667
406727 19.232 12.8438 31.7562 14.9282 -7.36926 2.78224 78.7603
406734 18.7414 14.133 28.6029 14.2796 -6.2475 1.98162 75.7568
406747 18.7414 14.133 28.6029 14.2796 -6.2475 1.98162 75.7568
406754 18.0872 14.7391 25.6718 15.4026 -4.6066 1.67418 73.9007
406781 17.5869 15.3548 22.4578 16.9903 -2.65904 1.3482 72.3898
406790 16.3525 14.893 17.2527 15.2574 -1.35467 0.29752 63.7556
406796 16.3525 14.893 17.2527 15.2574 -1.35467 0.29752 63.7556
406806 15.6953 14.8449 13.1548 14.8314 0.35297 -0.654581 58.5264
406816 15.7436 15.6723 12.2542 17.4631 2.10101 -0.416792 61.1332
406833 15.7436 15.6723 12.2542 17.4631 2.10101 -0.416792 61.1332
406836 16.4298 17.6218 12.8714 21.4092 3.55974 0.05027 68.3322
406846 16.4298 17.6218 12.8714 21.4092 3.55974 0.05027 68.3322
406861 16.1978 19.516 13.4988 25.2106 5.04881 0.60374 74.4232
406867 14.8931 21.0371 13.2964 28.0375 6.75768 1.04905 77.2641
406877 14.8931 21.0371 13.2964 28.0375 6.75768 1.04905 77.2641
406887 12.303 22.0034 12.831 30.1986 8.75015 1.69194 77.336
406899 9.36498 22.5678 12.578 32.4563 10.7452 2.55333 76.9671
406907 9.36498 22.5678 12.578 32.4563 10.7452 2.55333 76.9671
406917 7.04548 23.0366 12.7601 34 12.1128 3.25565 76.8422
406936 7.04548 23.0366 12.7601 34 12.1128 3.25565 76.8422
406946 5.4025 23.5627 12.9625 34 12.9063 3.55547 75.9277
406955 4.62933 23.5819 13.0435 34 13.258 3.7537 75.2547
406958 4.62933 23.5819 13.0435 34 13.258 3.7537 75.2547
406968 4.58101 23.534 12.6792 34 13.4616 3.72304 74.7942
406978 4.41671 22.8548 12.0821 33.7395 13.7138 3.80681 73.0932
406988 4.41671 22.8548 12.0821 33.7395 13.7138 3.80681 73.0932
406998 4.19443 22.1086 11.394 32.08 13.8298 3.69126 69.7771
407012 4.19443 22.1086 11.394 32.08 13.8298 3.69126 69.7771
407021 4.05912 21.4389 10.9387 30.7293 13.8353 3.61118 67.166
407031 3.92382 21.0563 10.7262 29.8706 13.8299 3.57215 65.5769
407048 3.98181 20.7884 10.6048 29.5715 13.7703 3.55817 64.9465
407070 3.99147 20.8171 10.7464 29.6776 13.7036 3.59072 65.2327
407081 4.06879 21.085 10.9083 29.9188 13.6504 3.56317 65.9809
407091 4.06879 21.085 10.9083 29.9188 13.6504 3.56317 65.9809
407100 4.20409 21.4485 10.9488 30.1311 13.6465 3.46772 66.7325
407110 4.30074 21.879 10.9488 30.2565 13.6848 3.34471 67.3851
407124 4.30074 21.879 10.9488 30.2565 13.6848 3.34471 67.3851
407131 4.48437 22.3286 10.9589 30.4398 13.6799 3.20746 68.2118
407143 4.53269 22.7017 10.9893 30.5749 13.7193 3.12429 68.7986
407154 4.53269 22.7017 10.9893 30.5749 13.7193 3.12429 68.7986
407161 4.639 23.0653 11.05 30.5749 13.6851 3.01186 69.3292
407180 4.639 23.0653 11.05 30.5749 13.6851 3.01186 69.3292
407182 4.64866 23.4288 10.9589 30.6232 13.7972 2.90799 69.6596
407191 4.69699 23.7349 10.797 30.382 13.871 2.74678 69.6109
407219 4.89028 23.9645 10.7161 30.1504 13.808 2.58421 69.7213
407222 4.90961 24.0889 11.05 29.8995 13.5918 2.56284 69.9481
407232 4.90961 24.0889 11.05 29.8995 13.5918 2.56284 69.9481
407242 7.08414 24.7012 11.5256 29.9092 12.2919 1.97681 73.2201
407252 7.08414 24.7012 11.5256 29.9092 12.2919 1.97681 73.2201
407262 9.72257 25.036 12.4262 29.4171 10.5429 1.38732 76.6019
407277 12.506 24.816 12.9524 28.0568 8.74952 0.706077 78.3311
407287 12.506 24.816 12.9524 28.0568 8.74952 0.706077 78.3311
407293 15.1057 24.0602 13.8226 25.9245 6.67075 0.110473 78.9131
407303 17.6061 23.1992 17.1516 23.7826 3.73874 0.0236589 81.7396
407313 17.6061 23.1992 17.1516 23.7826 3.73874 0.0236589 81.7396
407323 18.4335 21.8312 16.5042 18.6498 1.83752 -1.01646 75.4187
407333 18.4335 21.8312 16.5042 18.6498 1.83752 -1.01646 75.4187
407343 18.5105 19.8604 14.3488 12.5467 -0.173193 -2.63736 65.2664
407356 19.1647 18.9038 15.047 9.168 -2.46452 -3.33638 62.2835
407365 19.1647 18.9038 15.047 9.168 -2.46452 -3.33638 62.2835
407383 20.8868 19.2099 18.415 9.42939 -3.92344 -2.70507 67.9411
407385 22.9168 19.3438 21.7402 10.262 -5.06687 -2.07207 74.2628
407397 22.9168 19.3438 21.7402 10.262 -5.06687 -2.07207 74.2628
407418 24.3311 18.5211 24.0547 10.4653 -6.26821 -1.61535 77.3721
407429 25.1104 16.7691 25.3989 10.1361 -7.62263 -1.22931 77.4145
407439 25.3028 14.133 26.1064 9.45843 -9.27251 -0.774178 75.0006
407446 25.3028 14.133 26.1064 9.45843 -9.27251 -0.774178 75.0006
407460 25.245 11.343 27.1373 9.08087 -10.9738 -0.076189 72.8062
407466 25.3509 8.86078 28.5624 9.03246 -12.5407 0.706739 71.8065
407476 25.3509 8.86078 28.5624 9.03246 -12.5407 0.706739 71.8065
407486 25.755 7.30221 30.0178 9.32289 -13.5182 1.30188 72.3979
407512 26.1686 6.25354 31.0083 9.63269 -14.1284 1.68734 73.0632
407517 26.1879 5.70515 31.4732 9.7779 -14.4161 1.91911 73.1442
407528 26.1879 5.70515 31.4732 9.7779 -14.4161 1.91911 73.1442
407537 26.034 5.58008 31.2509 9.59396 -14.5292 1.91091 72.4589
407549 25.5048 5.37804 30.6142 9.28417 -14.6426 1.91056 70.7812
407571 25.5048 5.37804 30.6142 9.28417 -14.6426 1.91056 70.7812
407575 24.8217 5.1279 29.6843 8.89692 -14.7675 1.88928 68.5309
407585 24.8217 5.1279 29.6843 8.89692 -14.7675 1.88928 68.5309
407593 23.9943 4.8489 28.9566 8.51936 -14.9213 1.95254 66.3192
407598 23.5999 4.60838 28.805 8.38383 -15.0667 2.05985 65.3971
407615 23.5999 4.60838 28.805 8.38383 -15.0667 2.05985 65.3971
407620 23.5325 4.53141 29.1587 8.33542 -15.1867 2.15768 65.5581
407630 23.8212 4.59875 29.7854 8.50968 -15.1758 2.2203 66.715
407640 23.8212 4.59875 29.7854 8.50968 -15.1758 2.2203 66.715
407650 24.5427 4.78155 30.2806 8.6549 -15.1579 2.11206 68.2598
407662 25.2258 4.9451 30.5232 8.72266 -15.1553 1.96097 69.4168
407672 25.2258 4.9451 30.5232 8.72266 -15.1553 1.96097 69.4168
407684 25.8896 5.00283 30.4322 8.56777 -15.2918 1.74 69.8925
407691 25.8896 5.00283 30.4322 8.56777 -15.2918 1.74 69.8925
407701 26.4765 5.14714 30.2301 8.48064 -15.3121 1.51144 70.3344
407713 26.871 5.20487 29.8662 8.30638 -15.3832 1.30183 70.2484
407732 27.0345 5.14714 29.5832 8.11276 -15.5121 1.18371 69.8777
407751 27.2077 5.14714 29.2901 7.9869 -15.5689 1.06033 69.6319
407752 27.2077 5.14714 29.2901 7.9869 -15.5689 1.06033 69.6319
407762 27.2847 5.11828 29.0577 7.832 -15.6554 0.971258 69.2926
407772 27.2847 5.11828 29.0577 7.832 -15.6554 0.971258 69.2926
407782 27.4867 5.16638 28.9869 7.66743 -15.7414 0.865982 69.3074
407800 27.6791 5.176 29.0273 7.71583 -15.7384 0.837965 69.5983
407807 27.6791 5.176 29.0273 7.71583 -15.7384 0.837965 69.5983
407819 27.9581 5.15676 29.0476 7.57061 -15.8742 0.753579 69.7331
407823 28.2852 5.16638 29.1082 7.74487 -15.8176 0.725725 70.3047
407833 28.2852 5.16638 29.1082 7.74487 -15.8176 0.725725 70.3047
407843 28.9202 6.34012 29.2295 8.11276 -15.0466 0.430133 72.6026
407853 28.9202 6.34012 29.2295 8.11276 -15.0466 0.430133 72.6026
407864 29.4012 7.59083 28.9364 8.73235 -14.0684 0.135945 74.6608
407881 29.738 9.48613 28.0369 9.26481 -12.7486 -0.376824 76.5258
407888 29.738 9.48613 28.0369 9.26481 -12.7486 -0.376824 76.5258
407894 29.8149 11.2949 26.5511 9.5262 -11.5126 -0.977975 77.1871
407910 29.459 12.7091 24.7117 10.1071 -10.1818 -1.43194 76.9868
407914 29.459 12.7091 24.7117 10.1071 -10.1818 -1.43194 76.9868
407925 28.8817 14.21 24.5095 14.115 -7.66869 -0.819998 81.7162
407940 28.8817 14.21 24.5095 14.115 -7.66869 -0.819998 81.7162
407948 27.5925 14.6718 21.9019 14.7153 -6.37267 -1.07385 78.8815
407958 25.3028 14.6429 17.4447 12.7113 -5.48964 -2.09475 70.1017
407966 25.3028 14.6429 17.4447 12.7113 -5.48964 -2.09475 70.1017
407976 23.1285 14.5082 14.0149 11.8206 -4.25955 -2.7889 63.4722
407986 21.6853 14.97 12.3958 12.8371 -2.53442 -2.76847 61.8883
407996 21.6853 14.97 12.3958 12.8371 -2.53442 -2.76847 61.8883
408011 20.7425 15.9513 12.2946 15.2768 -0.703745 -2.12924 64.2652
408017 20.7425 15.9513 12.2946 15.2768 -0.703745 -2.12924 64.2652
408028 19.9632 17.0383 13.0435 18.5148 0.928518 -1.19092 68.5597
408037 18.9145 18.3202 13.6607 21.7469 2.57832 -0.377291 72.6423
408050 18.9145 18.3202 13.6607 21.7469 2.57832 -0.377291 72.6423
408057 17.2694 19.3725 14.0149 24.815 4.2742 0.434852 75.4718
408073 15.0284 20.0996 14.2476 27.5454 5.97007 1.29971 76.9211
408078 15.0284 20.0996 14.2476 27.5454 5.97007 1.29971 76.9211
408095 11.8874 20.4727 14.0958 29.7452 7.95087 2.25998 76.2011
408108 7.98294 20.3196 13.944 31.7423 10.1823 3.52427 73.989
408118 5.05458 20.2814 14.2476 33.6237 11.8168 4.61745 73.2073
408132 5.05458 20.2814 14.2476 33.6237 11.8168 4.61745 73.2073
408142 4.57135 20.5301 14.7232 34 11.9322 4.79957 73.8247
408151 4.52302 20.4249 14.6827 34 11.958 4.83525 73.6306
408160 4.52302 20.4249 14.6827 34 11.958 4.83525 73.6306
408176 4.46504 19.9848 14.3589 34 12.073 4.92573 72.8088
408180 4.46504 19.9848 14.3589 34 12.073 4.92573 72.8088
408190 4.25242 19.2769 13.9744 33.5369 12.1715 5.06373 71.0406
408214 3.95281 18.8177 13.4685 32.7264 12.3696 5.09482 68.9654
408228 3.76919 18.4541 13.003 32.0125 12.5279 5.0846 67.2388
408231 3.74986 18.3393 12.6589 31.4625 12.6087 4.99141 66.2107
408240 3.74986 18.3393 12.6589 31.4625 12.6087 4.99141 66.2107
408250 3.80785 18.6455 12.4262 31.2599 12.7274 4.81546 66.1394
408265 3.80785 18.6455 12.4262 31.2599 12.7274 4.81546 66.1394
408271 3.85617 18.942 12.4667 31.2503 12.73 4.71744 66.5152
408287 3.92382 19.3438 12.4869 31.3757 12.777 4.60186 67.1303
408291 3.92382 19.3438 12.4869 31.3757 12.777 4.60186 67.1303
408301 4.0108 19.6404 12.5577 31.6362 12.7894 4.54183 67.8452
408311 4.11711 19.9083 12.75 31.9353 12.726 4.5102 68.7107
408321 4.11711 19.9083 12.75 31.9353 12.726 4.5102 68.7107
408336 4.1751 20.09 12.8714 32.3598 12.7357 4.5253 69.4964
408342 4.1751 20.09 12.8714 32.3598 12.7357 4.5253 69.4964
408356 4.21376 20.1761 13.0637 32.7747 12.6991 4.58116 70.2283
408362 4.20409 20.2718 13.2054 33.0641 12.6957 4.62085 70.7454
408372 4.20409 20.2718 13.2054 33.0641 12.6957 4.62085 70.7454
408382 4.19443 20.2909 13.2964 33.286 12.6943 4.66394 71.0678
408402 4.23309 20.3196 13.3976 33.3825 12.6419 4.67402 71.3329
408404 4.23309 20.3196 13.3976 33.3825 12.6419 4.67402 71.3329
408413 4.18476 20.2909 13.4381 33.3729 12.6394 4.69974 71.2867
408425 4.18476 20.2909 13.4381 33.3729 12.6394 4.69974 71.2867
408446 4.24275 20.2335 13.4887 33.3246 12.5638 4.69992 71.2896
408448 4.23309 20.1187 13.6911 33.0931 12.4015 4.73016 71.136
408471 5.35418 20.2431 14.3083 32.8422 11.4858 4.4441 72.7478
408473 7.14213 20.3579 15.0369 31.8485 10.0918 3.9091 74.3854
408483 7.14213 20.3579 15.0369 31.8485 10.0918 3.9091 74.3854
408501 9.33599 20.2144 15.4619 30.0346 8.4784 3.18723 75.0469
408510 9.33599 20.2144 15.4619 30.0346 8.4784 3.18723 75.0469
408518 11.2689 19.8987 16.0488 27.748 6.77955 2.52704 74.9644
408527 12.9989 19.1908 19.3347 25.8666 4.11024 2.52194 77.391
408536 12.9989 19.1908 19.3347 25.8666 4.11024 2.52194 77.391
408545 14.3326 18.4541 21.4067 22.8371 1.80189 2.23101 77.0305
408555 14.9028 17.1052 20.2848 17.2316 -0.305925 1.18843 69.5244
408570 14.9028 17.1052 20.2848 17.2316 -0.305925 1.18843 69.5244
408576 15.386 15.6627 20.7194 13.1566 -2.80559 0.653202 64.9247
408591 15.386 15.6627 20.7194 13.1566 -2.80559 0.653202 64.9247
408596 16.2462 14.9123 24.7015 13.0792 -4.69844 1.44089 68.9391
408615 17.4041 14.1138 28.805 13.9311 -6.11558 2.26619 74.2539
408617 17.4041 14.1138 28.805 13.9311 -6.11558 2.26619 74.2539
408627 17.9236 12.6033 31.6855 14.2215 -7.45228 3.01832 76.4339
408639 18.0006 10.3424 33.7675 14.0473 -8.98741 3.83517 76.1578
408647 18.0006 10.3424 33.7675 14.0473 -8.98741 3.83517 76.1578
408664 17.8274 7.70628 34 13.6116 -10.4277 4.52755 73.1453
408667 17.558 5.32032 34 13.5632 -11.5963 5.25646 70.4415
408677 17.558 5.32032 34 13.5632 -11.5963 5.25646 70.4415
408692 17.4618 3.87719 34 14.1054 -12.0525 5.78154 69.4443
408698 17.4618 3.87719 34 14.1054 -12.0525 5.78154 69.4443
408712 17.5099 3.78098 34 14.5216 -11.8916 5.85083 69.8125
408720 17.4041 3.75212 34 14.6765 -11.8051 5.91134 69.8327
408728 17.4041 3.75212 34 14.6765 -11.8051 5.91134 69.8327
408738 16.8647 3.54046 34 14.4636 -11.9287 6.11128 68.8687
408748 16.2558 3.47312 34 13.9795 -12.1119 6.25858 67.7084
408760 16.2558 3.47312 34 13.9795 -12.1119 6.25858 67.7084
408773 15.5406 3.24222 34 13.4567 -12.395 6.49321 66.2396
408785 15.5406 3.24222 34 13.4567 -12.395 6.49321 66.2396
408793 14.9994 3.03056 34 12.8855 -12.7409 6.66764 64.9155
408799 14.6998 2.87663 34 12.5273 -12.9851 6.77438 64.1038
408815 14.6998 2.87663 34 12.5273 -12.9851 6.77438 64.1038
408820 14.7385 2.90549 34 12.4208 -13.0384 6.73776 64.0648
408835 14.7385 2.90549 34 12.4208 -13.0384 6.73776 64.0648
408848 15.0284 2.94397 34 12.3821 -13.0925 6.62185 64.3545
408849 15.5503 3.07866 34 12.3821 -13.1091 6.40348 65.0111
408860 15.5503 3.07866 34 12.3821 -13.1091 6.40348 65.0111
408883 16.2462 3.29032 34 12.295 -13.1627 6.09705 65.8315
408885 16.942 3.41539 34 12.2079 -13.2647 5.82521 66.5653
408910 17.7408 3.60781 34 11.9852 -13.4211 5.48831 67.3338
408912 17.7408 3.60781 34 11.9852 -13.4211 5.48831 67.3338
408920 18.5105 3.80985 34 11.7238 -13.5856 5.15919 68.0441
408933 19.2417 3.93492 34 11.4915 -13.7674 4.87451 68.668
408958 19.9728 4.13696 34 11.2494 -13.9082 4.57177 69.3592
408961 20.6174 4.25241 34 11.0268 -14.0702 4.32573 69.8966
408971 20.6174 4.25241 34 11.0268 -14.0702 4.32573 69.8966
408982 21.2332 4.36786 34 10.9106 -14.166 4.10774 70.5116
409007 21.7431 4.52179 33.7878 10.7363 -14.2228 3.86908 70.7889
409012 22.378 4.58913 33.5351 10.7654 -14.2276 3.64821 71.2676
409022 22.378 4.58913 33.5351 10.7654 -14.2276 3.64821 71.2676
409032 23.0996 5.95529 33.3026 10.93 -13.4801 3.10647 73.2875
409045 23.7827 7.92756 32.4839 11.201 -12.3145 2.38239 75.3952
409055 23.7827 7.92756 32.4839 11.201 -12.3145 2.38239 75.3952
409063 24.3214 10.1788 30.8163 11.1042 -11.0751 1.45645 76.4208
409079 24.3214 10.1788 30.8163 11.1042 -11.0751 1.45645 76.4208
409084 24.6293 12.4782 28.0672 10.6008 -9.77146 0.308896 75.7755
409093 24.6389 14.4697 24.8633 9.94248 -8.48616 -0.873224 73.9144
409108 24.6389 14.4697 24.8633 9.94248 -8.48616 -0.873224 73.9144
409118 24.6197 16.2111 21.7301 10.5233 -6.70984 -1.76044 73.0842
409132 24.562 17.9662 19.1427 12.1207 -4.61356 -2.28985 73.7916
409137 24.562 17.9662 19.1427 12.1207 -4.61356 -2.28985 73.7916
409146 23.9559 19.1716 15.9375 12.0626 -3.0435 -3.19019 71.1276
409158 23.9559 19.1716 15.9375 12.0626 -3.0435 -3.19019 71.1276
409165 23.013 20.09 13.7518 12.4983 -1.50551 -3.64504 69.3531
409175 21.9066 21.238 12.7601 14.1538 0.258735 -3.47512 70.0585
409185 21.9066 21.238 12.7601 14.1538 0.258735 -3.47512 70.0585
409195 20.5308 22.5008 12.0012 16.1965 2.16388 -3.12386 71.2293
409211 18.7029 23.5627 11.4851 18.399 4.07961 -2.57413 72.1497
409225 18.7029 23.5627 11.4851 18.399 4.07961 -2.57413 72.1497
409226 15.8886 24.5098 10.706 20.7338 6.48999 -1.87059 71.8382
409238 12.535 24.5098 10.0786 20.7338 8.33741 -1.37769 67.8572
409246 12.535 25.2465 10.0786 23.3292 9.1173 -0.921566 71.1892
409263 9.59693 26.2319 9.99762 26.1657 11.3912 0.069707 71.9921
409270 9.59693 26.2319 9.99762 26.1657 11.3912 0.069707 71.9921
409276 7.59636 27.2172 10.4226 28.597 12.7975 0.854511 73.8333
409291 6.87152 28.0974 10.9286 30.2565 13.3131 1.22441 76.154
409297 6.87152 28.0974 10.9286 30.2565 13.3131 1.22441 76.154
409314 6.36896 28.3557 11.1613 30.8933 13.584 1.43203 76.7792
409317 6.36896 28.3557 11.1613 30.8933 13.584 1.43203 76.7792
409327 6.14667 28.0304 10.9893 30.517 13.6792 1.45261 75.6834
409340 5.88573 27.2268 10.6048 29.5715 13.7497 1.44574 73.2888
409348 5.88573 27.2268 10.6048 29.5715 13.7497 1.44574 73.2888
409367 5.62479 26.3467 9.97738 28.298 13.8947 1.34609 70.2468
409369 5.42183 25.6292 9.62321 27.391 13.9481 1.31417 68.0652
409395 5.37351 25.1413 9.50179 26.899 13.885 1.31943 66.9155
409400 5.19955 24.8638 9.52202 26.706 13.8963 1.39491 66.2914
409420 5.19955 24.8638 9.52202 26.706 13.8963 1.39491 66.2914
409422 5.2672 24.7586 9.55238 26.7446 13.8277 1.41834 66.3228
409429 5.2672 24.7586 9.55238 26.7446 13.8277 1.41834 66.3228
409446 5.27686 24.969 9.47143 26.87 13.9256 1.37313 66.5874
409452 5.33485 25.2561 9.5119 27.0244 13.9413 1.32854 67.1272
409461 5.33485 25.2561 9.5119 27.0244 13.9413 1.32854 67.1272
409472 5.44116 25.6483 9.48155 27.0919 13.9728 1.21574 67.6629
409499 5.41217 25.9449 9.43095 27.227 14.0883 1.16907 68.015
409500 5.41217 25.9449 9.43095 27.227 14.0883 1.16907 68.015
409503 5.33485 26.0214 9.45119 27.256 14.138 1.17925 68.0634
409515 5.33485 26.0214 9.45119 27.256 14.138 1.17925 68.0634
409526 5.28653 26.2606 9.32976 27.4103 14.2979 1.1407 68.2872
409536 5.34451 26.5284 9.25893 27.3042 14.3306 1.02801 68.4361
409541 5.34451 26.5284 9.25893 27.3042 14.3306 1.02801 68.4361
409553 5.48948 27.0068 9.23869 27.42 14.3513 0.902851 69.1549
409562 5.52814 27.4564 9.25893 27.5936 14.4132 0.8308 69.8371
409580 5.52814 27.4564 9.25893 27.5936 14.4132 0.8308 69.8371
409582 5.69244 27.9826 9.22857 27.5647 14.413 0.663761 70.4683
409605 5.69244 27.9826 9.22857 27.5647 14.413 0.663761 70.4683
409606 5.71177 28.5374 9.15774 27.42 14.5029 0.493144 70.8269
409612 5.85674 29.0253 8.94524 27.0051 14.5514 0.226228 70.8324
409631 5.85674 29.0253 8.94524 27.0051 14.5514 0.226228 70.8324
409637 7.79932 29.982 9.21845 26.4745 13.4192 -0.426352 73.4742
409642 10.0898 30.5273 9.80536 25.4614 11.891 -1.05761 75.8839
409657 10.0898 30.5273 9.80536 25.4614 11.891 -1.05761 75.8839
409662 12.4383 30.6517 9.9369 23.4642 10.374 -1.89999 76.4911
409677 12.4383 30.6517 9.9369 23.4642 10.374 -1.89999 76.4911
409683 15.3087 30.4699 9.64345 20.4251 8.55103 -3.10692 75.8471
409700 17.4426 30.0585 8.72262 16.4869 7.00732 -4.59869 72.7106
409703 17.4426 30.0585 8.72262 16.4869 7.00732 -4.59869 72.7106
409724 18.9338 29.2932 7.95357 12.3724 5.38936 -6.10498 68.553
409725 20.4058 28.5948 9.71429 9.94248 3.06495 -6.41093 68.6574
409733 20.4058 28.5948 9.71429 9.94248 3.06495 -6.41093 68.6574
409748 22.5897 28.3844 13.944 10.0296 0.627178 -5.40385 74.9477
409756 22.5897 28.3844 13.944 10.0296 0.627178 -5.40385 74.9477
409775 24.2733 27.8486 16.9798 10.1942 -1.01212 -4.71929 79.2959
409778 25.2162 26.0884 19.1932 10.078 -2.55754 -4.10172 80.5758
409784 25.2162 26.0884 19.1932 10.078 -2.55754 -4.10172 80.5758
409799 25.3316 23.3427 21.0933 9.82631 -4.16362 -3.34599 79.594
409805 24.8795 19.4395 22.5589 9.32289 -6.12721 -2.44825 76.2007
409829 24.8795 19.4395 22.5589 9.32289 -6.12721 -2.44825 76.2007
409830 24.0809 14.8546 24.0446 8.90661 -8.47318 -1.24869 71.8867
409836 24.0809 14.8546 24.0446 8.90661 -8.47318 -1.24869 71.8867
409846 23.3305 10.429 26.0256 9.12927 -10.8097 0.303717 68.9143
409858 23.1958 7.35031 28.4411 9.7779 -12.5459 1.67372 68.7652
409866 23.1958 7.35031 28.4411 9.7779 -12.5459 1.67372 68.7652
409884 23.5806 6.12847 30.7051 10.7654 -13.1329 2.47853 71.1796
409888 23.9943 5.74363 32.11 11.4527 -13.27 2.82905 73.3007
409897 23.9943 5.74363 32.11 11.4527 -13.27 2.82905 73.3007
409912 24.1771 5.76288 32.7164 11.6754 -13.27 2.91634 74.3318
409917 24.1771 5.76288 32.7164 11.6754 -13.27 2.91634 74.3318
409941 23.8596 5.69553 32.3829 11.5786 -13.2516 2.93939 73.5166
409943 23.1477 5.52235 31.6552 11.2204 -13.2993 2.97827 71.5456
409957 23.1477 5.52235 31.6552 11.2204 -13.2993 2.97827 71.5456
409969 22.2722 5.176 30.7556 10.746 -13.4539 3.05732 68.9499
409970 21.4063 4.96435 29.8359 10.4362 -13.4454 3.12894 66.6428
409978 21.4063 4.96435 29.8359 10.4362 -13.4454 3.12894 66.6428
409997 20.7521 4.69496 29.4316 10.2232 -13.5424 3.27358 65.102
410006 20.7521 4.69496 29.4316 10.2232 -13.5424 3.27358 65.102
410012 20.425 4.57951 29.5428 10.262 -13.5499 3.42549 64.8093
410025 20.3962 4.58913 29.937 10.5233 -13.4542 3.54685 65.4456
410030 20.3962 4.58913 29.937 10.5233 -13.4542 3.54685 65.4456
410039 20.8291 4.75269 30.4322 10.6008 -13.4759 3.47924 66.6148
410054 21.2428 4.90662 30.7051 10.717 -13.4392 3.39034 67.5715
410061 21.2428 4.90662 30.7051 10.717 -13.4392 3.39034 67.5715
410080 21.9066 5.05093 30.786 10.6492 -13.5221 3.17525 68.3927
410081 21.9066 5.05093 30.786 10.6492 -13.5221 3.17525 68.3927
410091 22.532 5.19525 30.786 10.533 -13.6103 2.95276 69.0462
410109 23.0323 5.30108 30.695 10.4362 -13.6724 2.76355 69.4646
410113 23.0323 5.30108 30.695 10.4362 -13.6724 2.76355 69.4646
410137 23.5903 5.49349 30.3312 10.2039 -13.7262 2.46728 69.6188
410141 24.0424 5.48387 30.0178 9.95216 -13.8943 2.25415 69.4963
410154 24.5139 5.58008 29.7247 9.80695 -13.9502 2.03325 69.6256
410166 24.5139 5.58008 29.7247 9.80695 -13.9502 2.03325 69.6256
410172 24.9276 5.65705 29.5327 9.63269 -14.0396 1.84533 69.75
410182 25.399 5.71477 29.4215 9.5262 -14.1231 1.67723 70.0615
410193 25.399 5.71477 29.4215 9.5262 -14.1231 1.67723 70.0615
410202 25.6299 5.80136 29.2699 9.48747 -14.1088 1.56567 70.1886
410222 26.4188 7.26372 29.1486 9.79727 -13.2546 1.08705 72.6284
410227 26.4188 7.26372 29.1486 9.79727 -13.2546 1.08705 72.6284
410233 27.2173 9.71703 28.2592 10.1748 -11.8036 0.298471 75.3684
410251 27.2173 9.71703 28.2592 10.1748 -11.8036 0.298471 75.3684
410254 27.7946 12.94 26.6118 10.3491 -10.0126 -0.728559 77.6954
410263 27.9389 15.7493 24.2669 10.1458 -8.42204 -1.78143 78.1009
410284 27.3713 17.9184 21.0428 9.39066 -6.96782 -2.94286 75.7231
410293 26.5727 19.8987 17.3133 8.45159 -5.3767 -4.29974 72.2363
410308 26.5727 19.8987 17.3133 8.45159 -5.3767 -4.29974 72.2363
410317 25.6106 21.4772 13.6405 7.74487 -3.66166 -5.63049 68.4732
410336 24.5235 22.9122 10.8071 7.68679 -1.7942 -6.5847 65.9296
410345 23.7634 24.7968 9.57262 9.46811 0.343522 -6.5501 67.601
410363 23.7634 24.7968 9.57262 9.46811 0.343522 -6.5501 67.601
410364 23.0996 27.0259 9.69405 13.0598 2.5014 -5.63362 72.8793
410374 22.099 29.0062 9.65357 15.8189 4.26772 -5.02093 76.5777
410390 22.099 29.0062 9.65357 15.8189 4.26772 -5.02093 76.5777
410396 20.2037 30.3073 9.1881 18.0806 6.10571 -4.48234 77.7797
410406 20.2037 30.3073 9.1881 18.0806 6.10571 -4.48234 77.7797
410421 17.2694 31.1778 8.59107 20.0778 8.23276 -3.84714 77.116
410429 13.5981 31.5127 7.79167 21.7469 10.6732 -3.12907 74.6493
410452 9.88687 31.4361 7.39702 23.5028 13.0343 -2.16478 72.2229
410456 7.0938 31.5509 7.72083 25.4325 14.6831 -1.14727 71.798
410481 7.0938 31.5509 7.72083 25.4325 14.6831 -1.14727 71.798
410483 6.22399 31.771 8.24702 26.9762 15.1179 -0.567844 73.2181
410487 6.22399 31.771 8.24702 26.9762 15.1179 -0.567844 73.2181
410497 6.30131 31.9432 8.58095 27.7191 15.0179 -0.391266 74.5445
410512 6.20466 31.5127 8.63155 27.748 14.9886 -0.270812 74.0969
410517 6.20466 31.5127 8.63155 27.748 14.9886 -0.270812 74.0969
410527 5.90506 30.6899 8.35833 27.2174 15.1183 -0.211849 72.1707
410542 5.53781 29.6089 8.18631 26.706 15.2025 -0.0544775 70.039
410552 5.53781 29.6089 8.18631 26.706 15.2025 -0.0544775 70.039
410557 5.2672 28.6235 8.0244 26.2333 15.248 0.0807667 68.1484
410572 5.2672 28.6235 8.0244 26.2333 15.248 0.0807667 68.1484
410577 5.11256 27.8391 7.96369 26.0403 15.2351 0.235761 66.9556
410603 5.00625 27.3033 8.04464 26.1754 15.1917 0.430734 66.5296
410603 5.00625 27.3033 8.04464 26.1754 15.1917 0.430734 66.5296
410611 5.00625 27.0163 8.13571 26.2236 15.1012 0.528025 66.3819
410630 5.02558 27.0355 8.2875 26.3683 15.0227 0.583389 66.7169
410631 5.02558 27.0355 8.2875 26.3683 15.0227 0.583389 66.7169
410640 5.11256 27.2077 8.2875 26.4841 15.0136 0.548066 67.0918
410661 5.14156 27.2077 8.19643 26.4262 15.0421 0.509192 66.9719
410662 5.14156 27.466 8.19643 26.4262 15.0804 0.449606 67.2302
410670 5.28653 27.7434 8.24702 26.5131 15.018 0.382835 67.79
410698 5.38317 28.0974 8.16607 26.4648 15.0536 0.25334 68.1114
410707 5.34451 28.2409 8.20655 26.5999 15.0931 0.26781 68.3918
410722 5.34451 28.2409 8.20655 26.5999 15.0931 0.26781 68.3918
410724 5.38317 28.4035 8.30774 26.7253 15.0531 0.271665 68.8197
410733 5.46049 28.6618 8.24702 26.9086 15.1069 0.223746 69.2779
410751 5.46049 28.6618 8.24702 26.9086 15.1069 0.223746 69.2779
410754 5.47015 28.8531 8.35833 27.0726 15.0877 0.2382 69.7543
410781 5.47015 28.8531 8.35833 27.0726 15.0877 0.2382 69.7543
410781 5.55713 29.0253 8.5 27.3717 15.0239 0.274492 70.4542
410788 5.59579 29.2167 8.67202 27.5647 14.9592 0.300695 71.0492
410796 5.59579 29.2167 8.67202 27.5647 14.9592 0.300695 71.0492
410807 5.58613 29.3219 8.73274 27.7384 14.9699 0.328476 71.3791
410812 5.57646 29.3602 8.76309 27.7673 14.9677 0.334516 71.467
410832 5.57646 29.3602 8.76309 27.7673 14.9677 0.334516 71.467
410835 5.5668 29.2836 8.68214 27.6129 14.9861 0.304585 71.1455
410843 5.5668 29.2836 8.68214 27.6129 14.9861 0.304585 71.1455
410859 7.01649 29.6089 9.1375 27.5068 13.9764 0.00387669 73.2697
410863 7.77999 29.6759 9.63333 26.9279 13.237 -0.181294 74.0171
410873 7.77999 29.6759 9.63333 26.9279 13.237 -0.181294 74.0171
410886 9.30699 29.6759 10.0685 25.8859 12.0722 -0.606202 74.9372
410898 11.2206 29.6376 10.544 24.2072 10.6072 -1.21155 75.6094
410914 11.2206 29.6376 10.544 24.2072 10.6072 -1.21155 75.6094
410916 13.1825 29.3123 10.6351 21.8048 9.10775 -2.01274 74.9347
410924 13.1825 29.3123 10.6351 21.8048 9.10775 -2.01274 74.9347
410942 14.5935 28.6714 10.7161 18.9586 7.65029 -2.79483 72.9395
410944 15.7533 27.7817 12.6387 16.5934 5.49119 -2.94835 72.767
410954 15.7533 27.7817 12.6387 16.5934 5.49119 -2.94835 72.767
410968 16.826 27.0259 15.219 14.6378 3.26237 -2.84805 73.7088
410979 17.6542 26.0405 16.4637 12.3531 1.47414 -3.07771 72.5115
410984 17.6542 26.0405 16.4637 12.3531 1.47414 -3.07771 72.5115
411003 18.7414 25.2082 18.6879 11.7625 -0.154065 -2.72161 74.4
411023 18.7414 25.2082 18.6879 11.7625 -0.154065 -2.72161 74.4
411024 19.7708 23.8306 21.0731 11.7625 -1.71735 -2.11267 76.4371
411029 20.4154 21.8694 22.7913 11.5689 -3.18624 -1.5509 76.6451
411038 20.4154 21.8694 22.7913 11.5689 -3.18624 -1.5509 76.6451
411049 20.4924 18.9325 24.2872 11.1526 -4.907 -0.798452 74.8646
411056 20.2326 15.172 25.7325 10.7557 -6.96778 0.226069 71.8928
411075 20.2326 15.172 25.7325 10.7557 -6.96778 0.226069 71.8928
411077 19.9825 10.987 27.9358 10.8428 -9.35096 1.67944 69.7481
411102 19.9825 10.987 27.9358 10.8428 -9.35096 1.67944 69.7481
411103 19.944 7.60045 30.786 11.5979 -11.2728 3.18315 69.9283
411107 20.4731 5.79174 33.4744 12.5757 -12.3004 4.10399 72.315
411117 20.4731 5.79174 33.4744 12.5757 -12.3004 4.10399 72.315
411128 20.9734 5.10866 34 13.4083 -12.4018 4.35287 73.4904
411139 21.3486 5.21449 34 13.66 -12.2853 4.26355 74.2231
411154 21.3486 5.21449 34 13.66 -12.2853 4.26355 74.2231
411158 21.3005 5.18563 34 13.4567 -12.3941 4.25408 73.9429
411168 21.3005 5.18563 34 13.4567 -12.3941 4.25408 73.9429
411180 20.9061 5.03169 34 12.8855 -12.6981 4.31479 72.8233
411189 20.348 4.78155 33.2622 12.2175 -12.9626 4.32311 70.6093
411216 19.7612 4.55065 32.0089 11.5689 -13.1281 4.25676 67.8897
411220 19.2609 4.37748 31.1801 11.1042 -13.2577 4.24269 65.9227
411233 19.2609 4.37748 31.1801 11.1042 -13.2577 4.24269 65.9227
411239 19.2224 4.40634 30.8163 10.9106 -13.2819 4.15377 65.3556
411259 19.2224 4.40634 30.8163 10.9106 -13.2819 4.15377 65.3556
411261 19.4148 4.40634 30.9376 10.8525 -13.3718 4.10804 65.6112
411274 19.8959 4.53141 31.1094 10.93 -13.3691 3.97464 66.4666
411288 19.8959 4.53141 31.1094 10.93 -13.3691 3.97464 66.4666
411294 20.4443 4.73345 31.0892 10.8428 -13.3949 3.74483 67.1097
411301 21.0023 4.83928 31.0993 10.7267 -13.4982 3.5433 67.6675
411317 21.0023 4.83928 31.0993 10.7267 -13.4982 3.5433 67.6675
411321 21.5025 4.97397 30.8365 10.5427 -13.5664 3.29435 67.8557
411331 21.5025 4.97397 30.8365 10.5427 -13.5664 3.29435 67.8557
411344 21.9259 5.05093 30.3716 10.2232 -13.6978 3.02302 67.5716
411351 22.3973 5.16638 30.0987 9.90376 -13.8479 2.76147 67.5661
411377 22.8976 5.23373 29.7854 9.70046 -13.9568 2.51886 67.6171
411382 23.3497 5.33956 29.5731 9.50683 -14.0464 2.29986 67.7693
411402 23.3497 5.33956 29.5731 9.50683 -14.0464 2.29986 67.7693
411411 23.8596 5.42615 29.5529 9.4197 -14.1253 2.12871 68.2584
411412 23.8596 5.42615 29.5529 9.4197 -14.1253 2.12871 68.2584
411428 24.5042 5.64743 29.5529 9.27449 -14.1837 1.8866 68.9791
411441 25.1873 5.73401 29.462 9.19704 -14.2706 1.66807 69.5803
411458 25.1873 5.73401 29.462 9.19704 -14.2706 1.66807 69.5803
411459 25.8223 5.88795 29.3811 9.07118 -14.3397 1.44137 70.1625
411468 26.7651 7.42728 29.3205 9.0615 -13.6401 0.865912 72.5744
411487 26.7651 7.42728 29.3205 9.0615 -13.6401 0.865912 72.5744
411488 27.8427 9.87097 28.9465 9.12927 -12.4651 0.0716722 75.7894
411494 27.8427 9.87097 28.9465 9.12927 -12.4651 0.0716722 75.7894
411503 28.622 13.0555 27.6629 9.18736 -10.8376 -0.922061 78.5277
411514 29.3243 16.9904 24.8633 8.43223 -9.03306 -2.45305 79.6102
411545 29.5263 20.6162 21.2551 7.17369 -7.31549 -4.14537 78.5713
411547 28.8913 23.0653 17.0404 5.97323 -5.63332 -5.79089 74.9703
411557 28.8913 23.0653 17.0404 5.97323 -5.63332 -5.79089 74.9703
411571 27.5444 25.1125 13.3268 5.45046 -3.60759 -7.11418 71.4342
411575 27.5444 25.1125 13.3268 5.45046 -3.60759 -7.11418 71.4342
411584 25.8993 26.9207 11.2321 6.38952 -1.35617 -7.4952 70.4416
411599 24.0617 28.9297 9.66369 7.73519 1.04399 -7.58467 70.3902
411634 21.7719 30.5464 8.21667 8.72266 3.34999 -7.66248 69.2577
411636 19.2801 32.2015 7.12381 10.2523 5.82716 -7.42957 68.8577
411638 19.2801 32.2015 7.12381 10.2523 5.82716 -7.42957 68.8577
411646 16.5844 34 6.28393 12.508 8.51862 -6.87393 69.3763
411669 16.5844 34 6.28393 12.508 8.51862 -6.87393 69.3763
411671 13.2985 34 5.62619 15.0251 11.0745 -5.88241 67.9497
411681 10.1768 34 5.34286 17.5306 13.4269 -4.76582 67.0503
411701 10.1768 34 5.34286 17.5306 13.4269 -4.76582 67.0503
411702 8.56282 34 5.72738 19.7208 14.4942 -3.77469 68.011
411707 8.7851 34 6.33452 21.2548 14.2577 -3.23891 70.3745
411717 8.7851 34 6.33452 21.2548 14.2577 -3.23891 70.3745
411731 9.05571 34 6.45595 21.5925 14.0923 -3.1659 71.1042
411742 9.05571 34 6.45595 21.5925 14.0923 -3.1659 71.1042
411760 8.79477 34 6.22321 21.2162 14.3086 -3.27945 70.2342
411761 8.32121 34 5.8994 20.2804 14.6201 -3.53457 68.501
411768 8.32121 34 5.8994 20.2804 14.6201 -3.53457 68.501
411792 7.79932 34 5.3125 19.0165 15.0861 -3.96283 66.1283
411794 7.36441 34 4.87738 18.0516 15.4797 -4.30107 64.2934
411807 7.36441 34 4.87738 18.0516 15.4797 -4.30107 64.2934
411809 7.16146 34 4.60417 17.4245 15.6903 -4.54171 63.1901
411838 6.96816 34 4.59405 17.193 15.7878 -4.58476 62.7552
411841 6.99716 34 4.79643 17.4535 15.6766 -4.4462 63.247
411866 7.20978 34 4.91786 17.7526 15.5075 -4.35331 63.8802
411869 7.47072 34 4.96845 18.0131 15.3501 -4.303 64.4522
411895 7.47072 34 4.96845 18.0131 15.3501 -4.303 64.4522
411898 7.64468 34 5.20119 18.2928 15.1396 -4.17969 65.1387
411900 7.64468 34 5.20119 18.2928 15.1396 -4.17969 65.1387
411928 7.71234 34 5.24167 18.4569 15.098 -4.13092 65.4109
411929 7.77032 34 5.20119 18.5533 15.1018 -4.12419 65.5249
411934 7.77032 34 5.20119 18.5533 15.1018 -4.12419 65.5249
411940 7.79932 34 5.17083 18.5148 15.0968 -4.14914 65.4849
411958 7.89596 34 5.08988 18.3314 15.0594 -4.24267 65.3173
411961 7.89596 34 5.08988 18.3314 15.0594 -4.24267 65.3173
411971 7.87663 34 4.9381 18.1674 15.1398 -4.33298 64.9821
411992 7.87663 34 4.9381 18.1674 15.1398 -4.33298 64.9821
411993 7.96362 34 4.8875 18.0709 15.1027 -4.39107 64.9221
412001 8.04093 34 4.90774 18.0227 15.0351 -4.41206 64.9714
412024 8.04093 34 4.90774 18.0227 15.0351 -4.41206 64.9714
412025 8.13758 34 4.85714 17.8297 14.977 -4.50078 64.8245
412036 8.28255 34 4.69524 17.5885 14.95 -4.6461 64.5663
412058 8.28255 34 4.69524 17.5885 14.95 -4.6461 64.5663
412060 8.54349 34 5.28214 17.2798 14.3821 -4.60366 65.1054
412064 8.54349 34 5.28214 17.2798 14.3821 -4.60366 65.1054
412073 10.4474 34 5.86905 16.6128 12.8107 -4.92288 66.9292
412093 12.7766 34 6.33452 15.1412 10.9997 -5.56043 68.2523
412094 12.7766 34 6.33452 15.1412 10.9997 -5.56043 68.2523
412103 14.8255 34 6.375 13.0308 9.46425 -6.46765 68.2312
412126 16.4878 34 6.36488 10.4653 8.02632 -7.4997 67.3179
412127 16.4878 34 6.36488 10.4653 8.02632 -7.4997 67.3179
412133 17.8563 34 6.49643 7.94818 6.63471 -8.46406 66.3009
