456029 19.2705 29.9342 12.5274 9.19704 2.58473 -5.81149 70.9291
456039 19.2705 29.9342 12.5274 9.19704 2.58473 -5.81149 70.9291
456049 20.2037 28.48 16.9696 9.62301 0.308746 -4.402 75.2764
456064 20.2037 28.48 16.9696 9.62301 0.308746 -4.402 75.2764
456073 20.5116 25.964 21.2854 9.85535 -1.92538 -2.96359 77.6163
456082 20.2037 21.7451 24.7622 9.48747 -4.50579 -1.51561 76.1985
456090 20.2037 21.7451 24.7622 9.48747 -4.50579 -1.51561 76.1985
456101 19.2994 16.2592 29.5428 9.71982 -7.63927 0.742582 74.8212
456111 18.4624 10.4482 34 10.5233 -10.7208 3.18915 73.4339
456121 18.4624 10.4482 34 10.5233 -10.7208 3.18915 73.4339
456135 18.0775 5.94567 34 11.5592 -12.4215 4.64256 69.5824
456142 18.0775 5.94567 34 11.5592 -12.4215 4.64256 69.5824
456152 18.3758 3.70402 34 12.7597 -13.042 5.3777 68.8395
456162 18.674 2.69383 34 13.1372 -13.4453 5.64251 68.5051
456172 18.674 2.69383 34 13.1372 -13.4453 5.64251 68.5051
456182 18.953 2.45331 34 12.7597 -13.8412 5.57903 68.166
456192 18.828 2.47255 34 11.8303 -14.347 5.48104 67.1308
456210 18.828 2.47255 34 11.8303 -14.347 5.48104 67.1308
456224 18.549 2.41483 34 10.6589 -15.0387 5.41621 65.6227
456229 18.549 2.41483 34 10.6589 -15.0387 5.41621 65.6227
456235 18.0487 2.31862 34 9.85535 -15.5221 5.48593 64.2226
456247 17.6638 2.29938 34 9.35194 -15.799 5.54103 63.3152
456253 17.6638 2.29938 34 9.35194 -15.799 5.54103 63.3152
456263 17.3367 2.17431 34 9.20672 -15.9268 5.66722 62.7178
456273 17.1828 2.18393 34 9.24544 -15.8729 5.72063 62.6122
456283 17.1828 2.18393 34 9.24544 -15.8729 5.72063 62.6122
456302 17.2405 2.21279 34 9.32289 -15.8121 5.7035 62.7762
456304 17.2405 2.21279 34 9.32289 -15.8121 5.7035 62.7762
456314 17.4137 2.309 34 9.46811 -15.6813 5.6366 63.1908
456324 17.6446 2.41483 34 9.66173 -15.5239 5.556 63.7212
456334 17.6446 2.41483 34 9.66173 -15.5239 5.556 63.7212
456346 17.8659 2.41483 34 9.75854 -15.4954 5.49925 64.0392
456354 18.0968 2.43407 34 9.9328 -15.4079 5.44538 64.4636
456364 18.0968 2.43407 34 9.9328 -15.4079 5.44538 64.4636
456379 18.2507 2.47255 34 10.1167 -15.292 5.41182 64.84
456385 18.2507 2.47255 34 10.1167 -15.292 5.41182 64.84
456395 18.2796 2.45331 34 10.1555 -15.2843 5.41451 64.8883
456405 18.4335 2.53028 34 10.3297 -15.1522 5.3679 65.2935
456415 18.4335 2.53028 34 10.3297 -15.1522 5.3679 65.2935
456430 18.4431 2.54952 34 10.4362 -15.0764 5.37459 65.4289
456437 18.5297 2.50141 34 10.4459 -15.1131 5.36404 65.477
456448 18.5297 2.50141 34 10.4459 -15.1131 5.36404 65.477
456457 18.4624 2.50141 34 10.4265 -15.1148 5.38216 65.3903
456467 18.4624 2.50141 34 10.4265 -15.1148 5.38216 65.3903
456477 18.7125 2.8189 34 10.4556 -14.9416 5.21107 65.987
456489 19.7997 6.0996 34 11.0655 -12.9059 4.05121 70.9648
456508 20.6271 9.36106 34 11.7432 -11.0664 3.12058 75.7313
456518 21.5699 13.3633 31.7765 11.627 -9.04941 1.62189 78.3367
456528 21.5699 13.3633 31.7765 11.627 -9.04941 1.62189 78.3367
456538 22.5705 17.7845 26.2075 10.4846 -6.65465 -0.713099 77.047
456548 22.9264 17.7845 20.4364 9.5746 -5.65728 -2.26943 70.7219
456558 22.9264 20.5397 20.4364 9.5746 -4.50771 -2.7468 73.4771
456568 23.1862 22.9696 17.1112 12.3628 -1.64122 -3.30859 75.6297
456578 23.1862 22.9696 17.1112 12.3628 -1.64122 -3.30859 75.6297
456599 22.8783 24.9882 16.1298 16.3126 0.713724 -2.88089 80.3089
456600 21.0311 25.9257 13.7821 16.7289 2.53053 -3.18437 77.4679
456609 21.0311 25.9257 13.7821 16.7289 2.53053 -3.18437 77.4679
456627 18.2507 26.0405 11.394 16.971 4.5993 -3.28799 72.6562
456638 15.0767 26.3849 9.36012 18.0613 7.26207 -3.05741 68.8831
456647 15.0767 26.3849 9.36012 18.0613 7.26207 -3.05741 68.8831
456658 11.8198 26.8441 8.06488 20.3286 10.1734 -2.29738 67.0574
456667 11.8198 26.8441 8.06488 20.3286 10.1734 -2.29738 67.0574
456678 9.07504 27.753 7.84226 23.2713 12.5501 -1.26163 67.9415
456687 7.45139 29.0158 8.40893 26.3008 13.8585 -0.370364 71.1769
456693 7.45139 29.0158 8.40893 26.3008 13.8585 -0.370364 71.1769
456702 6.82319 29.9533 9.22857 28.7804 14.2681 0.247196 74.7854
456712 6.55259 30.4412 9.67381 30.1215 14.4344 0.547242 76.789
456722 6.55259 30.4412 9.67381 30.1215 14.4344 0.547242 76.789
456732 6.40762 30.3934 9.64345 30.2179 14.5313 0.598809 76.6624
456747 6.40762 30.3934 9.64345 30.2179 14.5313 0.598809 76.6624
456753 6.23366 29.762 9.27917 29.4268 14.6168 0.544235 74.7016
456763 5.98238 28.9105 8.925 28.3076 14.6657 0.48659 72.1255
456773 5.98238 28.9105 8.925 28.3076 14.6657 0.48659 72.1255
456783 5.69244 27.9252 8.48988 27.1498 14.7611 0.437956 69.2573
456793 5.47015 27.045 8.2875 26.2236 14.7371 0.446675 67.0263
456805 5.47015 27.045 8.2875 26.2236 14.7371 0.446675 67.0263
456814 5.36384 26.4519 7.97381 25.5289 14.7903 0.387416 65.3185
456826 5.36384 26.4519 7.97381 25.5289 14.7903 0.387416 65.3185
456834 5.4025 26.2223 7.93333 25.0851 14.6851 0.323392 64.6432
456848 5.47982 26.3084 7.99405 25.0755 14.6128 0.296341 64.8577
456863 5.47982 26.3084 7.99405 25.0755 14.6128 0.296341 64.8577
456865 5.61512 26.5763 8.08512 25.307 14.5551 0.274639 65.5835
456874 5.66344 26.7867 8.3381 25.7894 14.4848 0.377914 66.5777
456884 5.66344 26.7867 8.3381 25.7894 14.4848 0.377914 66.5777
456894 5.76009 26.9685 8.51012 26.1175 14.4069 0.422907 67.3562
456913 5.76009 26.9685 8.51012 26.1175 14.4069 0.422907 67.3562
456915 5.74076 27.0259 8.57083 26.3394 14.4265 0.475103 67.6769
456925 5.79875 27.0642 8.72262 26.7639 14.3771 0.575781 68.3494
456935 5.79875 27.0642 8.72262 26.7639 14.3771 0.575781 68.3494
456945 5.75043 26.9398 8.8744 27.1016 14.3508 0.717773 68.6662
456955 5.58613 26.7676 9.1375 27.4682 14.3244 0.924892 68.9594
456965 5.58613 26.7676 9.1375 27.4682 14.3244 0.924892 68.9594
456980 5.47015 26.5667 9.17798 27.7673 14.3827 1.06733 68.9821
456990 5.47015 26.5667 9.17798 27.7673 14.3827 1.06733 68.9821
456999 5.45082 26.4136 9.16786 27.9603 14.4056 1.14441 68.9926
457008 5.45082 26.3658 9.30952 28.0953 14.3383 1.21095 69.2215
457019 5.45082 26.3658 9.30952 28.0953 14.3383 1.21095 69.2215
457027 5.47015 26.4136 9.4006 28.3365 14.3202 1.26112 69.6209
457045 7.16146 26.9781 10.5845 28.2883 12.8473 0.972437 73.0123
457052 7.16146 26.9781 10.5845 28.2883 12.8473 0.972437 73.0123
457061 10.3024 27.7147 12.2137 27.7963 10.5716 0.3831 78.0271
457068 10.3024 27.7147 12.2137 27.7963 10.5716 0.3831 78.0271
457078 12.2547 27.9347 13.6607 26.214 8.81584 -0.0589657 80.0641
457097 14.7578 27.7817 14.369 23.0783 6.79272 -0.954926 79.9868
457101 14.7578 27.7817 14.369 23.0783 6.79272 -0.954926 79.9868
457109 17.6446 27.2842 14.1363 19.0551 4.65896 -2.25373 78.1201
457122 18.7317 26.3562 13.7012 14.2312 2.79185 -3.52413 73.0204
457139 19.4822 25.1987 14.5411 10.049 0.441882 -4.35048 69.2709
457153 19.4822 25.1987 14.5411 10.049 0.441882 -4.35048 69.2709
457159 20.4058 24.3568 18.6576 8.93565 -1.99393 -3.55936 72.3558
457169 21.3101 23.4097 22.8924 9.15831 -3.78874 -2.47538 76.7705
457179 21.3101 23.4097 22.8924 9.15831 -3.78874 -2.47538 76.7705
457189 21.9547 21.5537 25.3282 8.8098 -5.44757 -1.81022 77.6464
457199 22.0317 18.7603 27.7539 8.42255 -7.34157 -0.899502 76.9684
457214 22.0317 18.7603 27.7539 8.42255 -7.34157 -0.899502 76.9684
457223 21.618 15.0085 30.5737 8.20957 -9.60541 0.429018 75.4098
457230 20.8195 15.3548 33.2925 7.91913 -9.9624 0.976406 77.3859
457242 20.8195 10.429 33.2925 7.91913 -12.3392 2.06249 72.4601
457251 20.1268 5.93605 34 8.03531 -14.7417 3.51827 68.0981
457263 20.1268 5.93605 34 8.03531 -14.7417 3.51827 68.0981
457271 19.9247 3.29994 34 8.89692 -15.7769 4.46274 66.1216
457285 20.1075 2.01075 34 9.71982 -16.0914 4.92151 65.8381
457292 20.1075 2.01075 34 9.71982 -16.0914 4.92151 65.8381
457302 20.3769 1.80872 34 10.1264 -16.0008 4.96308 66.312
457312 20.348 1.90492 34 10.0877 -15.9613 4.93696 66.3407
457322 20.348 1.90492 34 10.0877 -15.9613 4.93696 66.3407
457332 20.1364 1.79909 34 9.60364 -16.3008 4.95921 65.5391
457351 20.1364 1.79909 34 9.60364 -16.3008 4.95921 65.5391
457357 19.5688 1.65478 34 8.98405 -16.7153 5.08363 64.2076
457365 18.9819 1.52971 34 8.43223 -17.0866 5.22386 62.9438
457375 18.9819 1.52971 34 8.43223 -17.0866 5.22386 62.9438
457397 18.4624 1.44312 34 8.06435 -17.329 5.36362 61.9698
457399 18.193 1.40464 34 7.87073 -17.4552 5.43526 61.4683
457404 18.193 1.40464 34 7.87073 -17.4552 5.43526 61.4683
457420 18.1064 1.3854 34 7.88041 -17.4511 5.47201 61.3722
457424 18.1064 1.3854 34 7.88041 -17.4511 5.47201 61.3722
457434 18.1449 1.46237 34 7.96754 -17.3427 5.44711 61.5748
457444 18.3854 1.49123 34 8.19989 -17.1942 5.39413 62.0765
457470 18.6259 1.54895 34 8.31606 -17.1068 5.31466 62.4909
457475 18.9242 1.67402 34 8.30638 -17.067 5.17646 62.9046
457489 18.9242 1.67402 34 8.30638 -17.067 5.17646 62.9046
457505 19.1551 1.68364 34 8.32574 -17.0767 5.10264 63.1645
457513 19.1551 1.68364 34 8.32574 -17.0767 5.10264 63.1645
457515 19.386 1.6644 34 8.20957 -17.1957 5.0172 63.2599
457525 19.7516 1.72213 34 8.1902 -17.2151 4.88107 63.6639
457535 19.7516 1.72213 34 8.1902 -17.2151 4.88107 63.6639
457548 20.0113 1.76061 34 7.9869 -17.3559 4.75581 63.7588
457557 20.2518 1.77985 34 7.95786 -17.3912 4.67096 63.9896
457567 20.2518 1.77985 34 7.95786 -17.3912 4.67096 63.9896
457579 20.4731 1.77985 34 7.85137 -17.4879 4.5859 64.1043
457587 20.4731 1.77985 34 7.85137 -17.4879 4.5859 64.1043
457601 20.7136 1.85682 34 7.86105 -17.4588 4.49095 64.4315
457612 20.9157 1.80872 34 7.85137 -17.5203 4.44291 64.5758
457618 20.9157 1.80872 34 7.85137 -17.5203 4.44291 64.5758
457628 21.4256 2.29938 34 8.1418 -17.074 4.19411 65.8668
457640 22.5608 4.60838 34 8.99374 -15.3068 3.38309 70.1629
457649 22.5608 4.60838 34 8.99374 -15.3068 3.38309 70.1629
457659 23.85 7.78325 34 9.9328 -13.2778 2.44148 75.5661
457671 23.85 7.78325 34 9.9328 -13.2778 2.44148 75.5661
457682 24.687 10.7946 33.9394 10.1845 -11.8231 1.62845 79.6055
457696 25.3028 13.931 28.6635 9.41002 -9.90376 -0.225118 77.3073
457699 25.3028 13.931 28.6635 9.41002 -9.90376 -0.225118 77.3073
457709 25.3028 16.0379 22.7812 8.53872 -8.08806 -2.06868 72.6606
457728 24.9949 17.3922 18.3644 9.168 -6.00659 -3.18681 69.9196
457729 24.9949 17.3922 18.3644 9.168 -6.00659 -3.18681 69.9196
457741 24.562 18.8655 18.5666 15.2284 -2.9249 -1.87106 77.2224
457763 24.562 18.8655 18.5666 15.2284 -2.9249 -1.87106 77.2224
457767 23.4363 19.8317 18.1825 18.9972 -0.867006 -1.13522 80.4478
457775 20.8676 19.9178 15.978 20.3286 1.10287 -0.87146 77.092
457786 20.8676 19.9178 15.978 20.3286 1.10287 -0.87146 77.092
457790 17.0192 19.7169 14.0857 22.6538 3.83317 0.000683069 73.4757
457809 12.6026 19.803 12.578 25.4325 7.12015 1.19393 70.4161
457812 12.6026 19.803 12.578 25.4325 7.12015 1.19393 70.4161
457822 8.53383 19.9944 11.9101 28.076 10.0805 2.50852 68.5144
457832 6.05003 20.3483 12.2643 30.9415 11.844 3.62208 69.6042
457842 6.05003 20.3483 12.2643 30.9415 11.844 3.62208 69.6042
457857 5.03525 20.9893 13.175 33.5272 12.4804 4.2648 72.7268
457862 5.03525 20.9893 13.175 33.5272 12.4804 4.2648 72.7268
457872 4.59068 21.4198 14.0351 34 12.4228 4.4617 74.0456
457882 4.72598 21.4772 14.4095 34 12.1768 4.46432 74.6127
457894 4.72598 21.4772 14.4095 34 12.1768 4.46432 74.6127
457906 4.639 21.1711 14.1464 34 12.2997 4.5303 73.9565
457913 4.39738 20.5684 13.7923 34 12.4999 4.70598 72.758
457929 4.39738 20.5684 13.7923 34 12.4999 4.70598 72.758
457934 4.32007 20.1283 13.2054 33.0352 12.6038 4.62424 70.6889
457952 4.32007 20.1283 13.2054 33.0352 12.6038 4.62424 70.6889
457954 4.25242 19.8317 12.3554 31.3178 12.7447 4.33658 67.7573
457964 4.36839 19.9274 11.6673 29.8706 12.8211 3.92855 65.8337
457977 4.36839 19.9274 11.6673 29.8706 12.8211 3.92855 65.8337
457984 4.54235 20.2909 11.2726 28.7225 12.8024 3.50814 64.8284
458003 4.64866 20.6832 10.9589 28.0085 12.8633 3.18097 64.2993
458005 4.64866 20.6832 10.9589 28.0085 12.8633 3.18097 64.2993
458015 4.89994 21.238 10.6958 27.584 12.8948 2.82729 64.4178
458042 5.12223 21.9555 10.5339 27.4682 12.9716 2.51791 65.0799
458050 5.44116 22.7113 10.4935 27.4489 12.9456 2.22178 66.0948
458055 5.44116 22.7113 10.4935 27.4489 12.9456 2.22178 66.0948
458065 5.69244 23.4766 10.2911 27.4393 13.0541 1.91958 66.8994
458076 5.80841 24.1367 10.3113 27.3621 13.0804 1.71437 67.6186
458101 5.80841 24.1367 10.3113 27.3621 13.0804 1.71437 67.6186
458103 5.95338 24.6438 10.1899 27.2367 13.1341 1.50595 68.0237
458112 5.95338 24.6438 10.1899 27.2367 13.1341 1.50595 68.0237
458123 6.195 25.3134 9.88631 26.8604 13.2197 1.15118 68.2551
458130 6.39795 26.0118 9.68393 26.4745 13.2731 0.82005 68.5682
458146 6.39795 26.0118 9.68393 26.4745 13.2731 0.82005 68.5682
458149 6.64923 26.7198 9.38036 25.9535 13.3341 0.428984 68.7028
458159 6.89085 27.3894 9.14762 25.4807 13.3625 0.0757635 68.9086
458169 6.89085 27.3894 9.14762 25.4807 13.3625 0.0757635 68.9086
458178 7.14213 27.973 9.68393 24.979 12.9432 -0.097205 69.778
458194 7.14213 27.973 9.68393 24.979 12.9432 -0.097205 69.778
458199 11.2689 29.1688 11.303 24.3905 10.1757 -0.934757 76.1312
458209 14.4679 29.7715 13.3268 22.8661 7.72169 -1.50062 80.4323
458219 14.4679 29.7715 13.3268 22.8661 7.72169 -1.50062 80.4323
458229 16.9613 29.8002 14.5917 19.6822 5.53134 -2.31153 81.0354
458240 20.8195 29.5611 14.3994 15.1703 2.9745 -3.90446 79.9502
458265 22.4646 28.2696 14.2375 10.9784 0.837976 -5.03982 75.9501
458271 22.4646 28.2696 14.2375 10.9784 0.837976 -5.03982 75.9501
458289 23.7827 26.4519 15.4923 8.80011 -1.3495 -5.22137 74.5269
458290 24.9372 24.2228 17.6266 7.65774 -3.58765 -4.81077 74.4444
458317 25.6491 21.5729 20.1635 6.73804 -5.90288 -4.11215 74.1235
458322 25.9666 18.3298 22.8317 5.95387 -8.38603 -3.18357 73.082
458338 25.9666 18.3298 22.8317 5.95387 -8.38603 -3.18357 73.082
458342 25.7261 14.5467 25.692 5.50854 -10.9701 -1.90397 71.4734
458361 25.1777 10.5059 29.8763 5.72153 -13.6173 -0.0180504 71.2815
458363 25.1777 10.5059 29.8763 5.72153 -13.6173 -0.0180504 71.2815
458372 24.8987 7.09055 34 6.41856 -15.6715 1.74622 72.4078
458393 24.9179 4.67572 34 6.97039 -16.7478 2.41838 70.564
458409 25.322 3.16525 34 7.29954 -17.5023 2.75388 69.7868
458413 25.322 3.16525 34 7.29954 -17.5023 2.75388 69.7868
458423 25.8704 2.66497 34 7.39636 -17.8063 2.75862 69.9317
458434 26.3611 2.75156 34 7.1156 -17.9749 2.56371 70.2282
458459 26.4958 2.76118 34 6.52506 -18.3463 2.42214 69.782
458468 26.4958 2.76118 34 6.52506 -18.3463 2.42214 69.782
458477 26.4188 2.69383 34 5.87642 -18.7887 2.34033 68.989
458486 26.3611 2.79004 34 5.36333 -19.0499 2.23578 68.5144
458495 26.3611 2.79004 34 5.36333 -19.0499 2.23578 68.5144
458513 26.2168 2.68421 33.1308 4.93736 -19.3096 2.0533 66.9691
458514 26.0724 2.62649 32.4839 4.79214 -19.3777 1.95009 65.975
458525 26.0724 2.62649 32.4839 4.79214 -19.3777 1.95009 65.975
458539 25.8993 2.64573 32.4031 4.83087 -19.3169 1.9814 65.7789
458546 25.8993 2.64573 32.4031 4.83087 -19.3169 1.9814 65.7789
458561 25.8704 2.69383 32.4334 4.84055 -19.2781 1.98435 65.8382
458565 25.7646 2.65535 32.6356 4.93736 -19.2473 2.08045 65.9928
458575 25.7646 2.65535 32.6356 4.93736 -19.2473 2.08045 65.9928
458588 25.6684 2.69383 32.8377 4.94704 -19.2243 2.13673 66.1469
458595 25.5144 2.55914 33.0904 5.06321 -19.2453 2.28306 66.2271
458614 25.5144 2.55914 33.0904 5.06321 -19.2453 2.28306 66.2271
458617 25.3605 2.50141 33.3734 5.13098 -19.2498 2.40539 66.3663
458627 25.3605 2.50141 33.3734 5.13098 -19.2498 2.40539 66.3663
458637 25.2354 2.48217 33.5755 5.16002 -19.2499 2.487 66.4531
458647 25.0623 2.40521 33.8888 5.31492 -19.2103 2.64048 66.6712
458673 25.0815 2.44369 34 5.31492 -19.1961 2.64581 66.8401
458685 25.0911 2.43407 34 5.40205 -19.1458 2.66189 66.9272
458688 25.0911 2.43407 34 5.40205 -19.1458 2.66189 66.9272
458698 25.2547 2.43407 34 5.56663 -19.052 2.64913 67.2554
458709 25.2547 2.43407 34 5.56663 -19.052 2.64913 67.2554
458718 25.5241 2.52066 34 5.62472 -18.9815 2.56689 67.6694
458735 25.8896 2.588 34 5.6828 -18.9328 2.46591 68.1604
458738 25.8896 2.588 34 5.6828 -18.9328 2.46591 68.1604
458748 27.4771 5.13752 34 6.12813 -17.2565 1.54934 72.7427
458767 28.9394 7.82173 34 7.18337 -15.3745 0.851027 77.9445
458776 28.9394 7.82173 34 7.18337 -15.3745 0.851027 77.9445
458787 29.8727 10.1307 32.7467 7.84169 -13.8497 0.108887 80.5918
458793 29.8727 10.1307 32.7467 7.84169 -13.8497 0.108887 80.5918
458799 31.1041 13.6616 29.1284 7.48349 -12.0081 -1.50296 81.3776
458813 31.6044 16.2881 25.0957 7.25114 -10.3319 -2.90611 80.2393
458839 31.0656 17.8227 22.0939 8.48064 -8.44929 -3.45705 79.463
458847 29.94 19.1047 19.7996 10.0974 -6.50404 -3.63832 78.9417
458855 29.94 19.1047 19.7996 10.0974 -6.50404 -3.63832 78.9417
458866 27.6021 19.8413 17 10.4169 -4.79025 -4.01279 74.8603
458873 27.6021 19.8413 17 10.4169 -4.79025 -4.01279 74.8603
458882 24.7832 20.5205 14.4196 10.9009 -2.75452 -4.24427 70.6243
458893 21.82 21.2667 12.1631 11.9077 -0.301023 -4.24731 67.1576
458902 21.82 21.2667 12.1631 11.9077 -0.301023 -4.24731 67.1576
458917 18.5778 22.2234 10.7363 14.328 2.747 -3.58387 65.8656
458922 15.2604 23.4575 10.2 17.9745 5.96914 -2.36427 66.8923
458948 12.158 24.8829 10.3619 22.1425 8.80916 -0.978491 69.5453
458955 12.158 24.8829 10.3619 22.1425 8.80916 -0.978491 69.5453
458970 9.79022 26.3084 11.0399 25.7509 10.7111 0.142432 72.8893
458973 8.72712 27.5042 11.9607 28.462 11.5057 0.820182 76.654
458983 8.72712 27.5042 11.9607 28.462 11.5057 0.820182 76.654
458995 8.27288 28.2313 12.4464 29.6776 11.8245 1.07211 78.6282
459004 8.40819 28.4322 12.3554 29.5233 11.8116 0.960043 78.719
459013 8.40819 28.4322 12.3554 29.5233 11.8116 0.960043 78.719
459028 8.14724 28.0782 11.6774 28.5295 12.0313 0.781361 76.4324
459037 7.69301 27.1407 10.797 26.8893 12.2518 0.590043 72.5201
459044 7.69301 27.1407 10.797 26.8893 12.2518 0.590043 72.5201
459054 7.20978 26.0788 10.028 25.4132 12.4597 0.469792 68.7297
459091 6.81353 25.2369 9.55238 24.4291 12.6076 0.43865 66.0319
459092 6.57192 24.5098 9.47143 24.0624 12.5856 0.569234 64.6156
459096 6.57192 24.5098 9.47143 24.0624 12.5856 0.569234 64.6156
459105 6.54292 24.175 9.58274 24.1493 12.4898 0.701489 64.4499
459117 6.54292 23.9932 9.85595 24.5255 12.3695 0.888507 64.9177
459125 6.54292 23.9932 9.85595 24.5255 12.3695 0.888507 64.9177
459135 6.62024 24.1559 10.1595 24.9694 12.2697 0.990688 65.905
459147 6.62024 24.1559 10.1595 24.9694 12.2697 0.990688 65.905
459155 6.74588 24.4907 10.2 25.143 12.274 0.925155 66.5796
459176 6.89085 24.7203 10.1393 25.1816 12.278 0.831381 66.9321
459178 6.89085 24.7203 10.1393 25.1816 12.278 0.831381 66.9321
459185 7.02615 25.0169 10.119 25.2202 12.2777 0.733772 67.3823
459205 7.02615 25.0169 10.119 25.2202 12.2777 0.733772 67.3823
459213 7.03582 25.2082 10.119 25.307 12.3246 0.705348 67.6701
459231 7.06481 25.5335 10.119 25.2877 12.3658 0.619476 68.0051
459232 7.06481 25.5335 10.119 25.2877 12.3658 0.619476 68.0051
459239 7.23877 25.8683 10.0988 25.3649 12.3579 0.515521 68.5708
459258 7.31609 26.2701 10.0077 25.307 12.4285 0.376314 68.901
459259 7.31609 26.2701 10.0077 25.307 12.4285 0.376314 68.901
459272 7.43206 26.6528 9.92679 25.2299 12.465 0.232186 69.2415
459283 7.43206 26.6528 9.92679 25.2299 12.465 0.232186 69.2415
459288 7.59636 27.0833 9.91667 25.0948 12.4352 0.0714147 69.6911
459298 7.68334 27.5808 9.73452 24.8825 12.5375 -0.138889 69.8811
459309 7.68334 27.5808 9.73452 24.8825 12.5375 -0.138889 69.8811
459319 7.87663 27.9347 9.55238 24.5159 12.5293 -0.374161 69.8796
459334 8.07959 28.4226 9.30952 24.1107 12.5654 -0.661166 69.9224
459339 8.07959 28.4226 9.30952 24.1107 12.5654 -0.661166 69.9224
459349 9.92553 29.1114 10.2708 23.58 11.1456 -1.06728 72.8878
459362 12.3997 30.0011 11.5155 22.5573 9.36379 -1.6335 76.4736
459369 12.3997 30.0011 11.5155 22.5573 9.36379 -1.6335 76.4736
459390 14.1393 30.202 12.6387 20.7628 7.77784 -2.11078 77.7428
459391 14.1393 30.202 12.6387 20.7628 7.77784 -2.11078 77.7428
459418 16.2848 30.1255 13.2762 17.6947 5.89909 -2.99287 77.3812
459420 18.8472 30.0203 13.1143 14.0569 3.98341 -4.27997 76.0387
459427 18.8472 30.0203 13.1143 14.0569 3.98341 -4.27997 76.0387
459447 19.9728 29.4367 13.4583 10.8235 2.31676 -5.11479 73.6913
459449 20.8098 28.547 17.5054 10.078 0.100666 -4.24488 76.9402
459452 20.8098 28.547 17.5054 10.078 0.100666 -4.24488 76.9402
459462 21.2043 27.2077 22.3668 10.4265 -1.82775 -2.88502 81.2053
459488 20.9157 24.8734 23.9738 9.54556 -3.30058 -2.32062 79.3085
459493 20.2615 21.5537 25.3686 8.51936 -5.13749 -1.57072 75.7032
459506 20.2615 21.5537 25.3686 8.51936 -5.13749 -1.57072 75.7032
459513 19.0396 17.22 27.9964 8.06435 -7.5192 -0.0412488 72.3204
459523 17.5772 12.1415 31.9078 7.99658 -10.5378 2.19446 69.6232
459536 17.5772 12.1415 31.9078 7.99658 -10.5378 2.19446 69.6232
459543 16.3718 7.31183 34 8.5 -13.0546 4.26458 66.1836
459565 16.3718 7.31183 34 8.5 -13.0546 4.26458 66.1836
459573 15.8306 3.90606 34 9.61333 -14.3296 5.65352 63.35
459574 15.9176 2.01075 34 10.7944 -14.7922 6.42497 62.7227
459597 15.9176 2.01075 34 10.7944 -14.7922 6.42497 62.7227
459603 16.1688 1.08715 34 11.5302 -14.9521 6.75488 62.7862
459604 16.4684 0.923599 34 11.6173 -15.0484 6.7193 63.0094
459626 16.4684 0.923599 34 11.6173 -15.0484 6.7193 63.0094
459628 16.4105 1.01019 34 11.0752 -15.3311 6.63753 62.4958
459635 16.1785 1.01019 34 10.291 -15.809 6.6125 61.4797
459656 16.1785 0.875495 34 10.291 -15.8986 6.65995 61.345
459658 15.9756 0.904358 34 9.48747 -16.3928 6.61141 60.3674
459665 15.9756 0.904358 34 9.48747 -16.3928 6.61141 60.3674
459685 15.8596 0.827391 34 8.87756 -16.8534 6.59552 59.5645
459686 15.8113 0.865874 34 8.47096 -17.1072 6.54133 59.1481
459695 15.8113 0.865874 34 8.47096 -17.1072 6.54133 59.1481
459714 15.8789 0.981324 34 8.40319 -17.0824 6.46511 59.2634
459721 15.8789 0.981324 34 8.40319 -17.0824 6.46511 59.2634
459727 16.0142 1.03905 34 8.50968 -16.9843 6.4108 59.5629
459742 16.2075 1.05829 34 8.72266 -16.8476 6.36544 59.9885
459747 16.2075 1.05829 34 8.72266 -16.8476 6.36544 59.9885
459757 16.3815 1.11602 34 8.86788 -16.7304 6.30421 60.3654
459771 16.5458 1.08715 34 9.0131 -16.6728 6.27746 60.646
459777 16.5458 1.08715 34 9.0131 -16.6728 6.27746 60.646
459787 16.7101 1.14488 34 9.05182 -16.6293 6.20544 60.9068
459804 16.7101 1.14488 34 9.05182 -16.6293 6.20544 60.9068
459812 16.8067 1.14488 34 9.04214 -16.6491 6.17044 60.9937
459818 16.9034 1.13526 34 8.96469 -16.7218 6.12903 61.0033
459834 16.9034 1.13526 34 8.96469 -16.7218 6.12903 61.0033
459838 17.0192 1.1064 34 9.00342 -16.7308 6.10457 61.1291
459848 17.202 1.16412 34 8.94533 -16.7557 6.01335 61.3115
459863 17.202 1.16412 34 8.94533 -16.7557 6.01335 61.3115
459868 17.3367 1.22184 34 9.0615 -16.6558 5.96468 61.6201
459878 17.3367 1.22184 34 9.0615 -16.6558 5.96468 61.6201
459893 17.5388 1.1545 34 9.19704 -16.6372 5.93884 61.8903
459899 18.3662 3.02094 34 9.71982 -15.2155 5.14524 65.1069
459921 18.3662 3.02094 34 9.71982 -15.2155 5.14524 65.1069
459923 19.5976 6.72496 34 10.6976 -12.7341 3.88095 71.0202
459950 20.6078 9.92869 34 11.3753 -10.9679 2.93211 75.9118
459951 20.6078 9.92869 34 11.3753 -10.9679 2.93211 75.9118
459952 21.9066 14.4312 34 10.4846 -9.58606 1.51197 80.8225
459980 21.9066 14.4312 34 10.4846 -9.58606 1.51197 80.8225
459981 22.9072 17.2679 28.3097 9.22608 -7.95351 -0.509431 77.7109
459982 23.1092 19.0664 22.3769 8.58713 -6.0954 -2.29935 73.1397
459990 23.1092 19.0664 22.3769 8.58713 -6.0954 -2.29935 73.1397
460008 22.8976 20.7214 18.5161 10.0683 -3.67844 -3.12339 72.2034
460010 22.3877 22.2904 16.9494 12.2466 -1.62442 -3.14361 73.874
460020 22.3877 22.2904 16.9494 12.2466 -1.62442 -3.14361 73.874
460034 21.1947 23.2662 15.3607 13.6116 0.109762 -3.1638 73.4332
460049 21.1947 23.2662 15.3607 13.6116 0.109762 -3.1638 73.4332
460061 19.6072 24.0506 14.0857 15.4317 1.97791 -2.89863 73.1753
460068 17.5291 24.7394 13.0131 17.7526 4.09047 -2.36251 73.0342
460077 17.5291 24.7394 13.0131 17.7526 4.09047 -2.36251 73.0342
460089 14.7771 25.2752 11.5155 19.8848 6.60135 -1.81632 71.4526
460092 11.8294 25.897 10.2304 22.0267 9.23928 -1.1723 69.9835
460114 11.8294 25.897 10.2304 22.0267 9.23928 -1.1723 69.9835
460115 9.25867 26.5763 9.81548 24.5738 11.4191 -0.308797 70.2242
460123 7.84764 27.3894 10.2202 27.1112 12.5512 0.432917 72.5685
460141 7.84764 27.3894 10.2202 27.1112 12.5512 0.432917 72.5685
460143 7.15179 27.9634 10.8881 29.0216 12.9774 0.958571 75.0249
460169 6.9585 27.9634 11.3637 29.9574 12.9844 1.25898 76.243
460174 6.77487 27.3607 11.394 29.8899 12.9548 1.42172 75.4195
460194 6.77487 27.3607 11.394 29.8899 12.9548 1.42172 75.4195
460195 6.39795 26.4615 10.9185 29.0795 13.1162 1.46969 72.8573
460204 6.00171 25.4856 10.5339 28.0857 13.2069 1.52601 70.107
460230 5.71177 24.6246 10.1798 27.4393 13.3074 1.60751 67.9555
460235 5.71177 24.6246 10.1798 27.4393 13.3074 1.60751 67.9555
460249 5.5668 23.9071 10.0583 27.0244 13.2618 1.71481 66.5567
460255 5.4025 23.3905 10.1696 26.9665 13.1903 1.8982 65.9292
460265 5.4025 23.3905 10.1696 26.9665 13.1903 1.8982 65.9292
460279 5.35418 23.1418 10.2101 27.0341 13.1623 1.99608 65.7402
460290 5.37351 23.0079 10.3113 27.3235 13.1205 2.10253 66.0162
460308 5.37351 23.0079 10.3113 27.3235 13.1205 2.10253 66.0162
460310 5.45082 23.2279 10.5845 27.7577 13.0371 2.16279 67.0209
460320 5.45082 23.2279 10.5845 27.7577 13.0371 2.16279 67.0209
460338 5.55713 23.3523 10.6857 27.9796 12.9816 2.16557 67.5747
460340 5.55713 23.4575 10.8679 28.2304 12.9428 2.22064 68.1129
460354 5.55713 23.4575 10.8679 28.2304 12.9428 2.22064 68.1129
460370 5.57646 23.4766 10.8577 28.4137 12.9734 2.24334 68.3246
460372 5.55713 23.5914 10.8982 28.5102 12.9988 2.24482 68.557
460378 5.55713 23.5914 10.8982 28.5102 12.9988 2.24482 68.557
460401 5.62479 23.6106 10.9286 28.6067 12.9648 2.24658 68.7706
460402 5.62479 23.6106 10.9286 28.6067 12.9648 2.24658 68.7706
460413 5.60546 23.668 10.9994 28.8383 12.9868 2.29288 69.1111
460433 5.57646 23.7349 11.131 29.0312 12.9757 2.34278 69.4736
460435 5.57646 23.7349 11.131 29.0312 12.9757 2.34278 69.4736
460439 5.61512 23.8497 11.2524 29.1952 12.9367 2.35639 69.9125
460449 5.68277 24.0889 11.3232 29.2338 12.9096 2.30034 70.3287
460467 5.68277 24.0889 11.3232 29.2338 12.9096 2.30034 70.3287
460469 5.84707 24.4237 11.2119 29.3014 12.95 2.1705 70.7841
460479 5.84707 24.4237 11.2119 29.3014 12.95 2.1705 70.7841
460502 5.95338 24.7107 11.2726 29.3496 12.9177 2.09537 71.2864
460503 6.05003 25.1413 11.3839 29.1759 12.8511 1.95856 71.7511
460528 7.68334 25.7248 12.0315 28.8286 11.7273 1.50508 74.2683
460531 8.89142 26.2797 12.5982 27.8638 10.7935 1.04932 75.6331
460541 8.89142 26.2797 12.5982 27.8638 10.7935 1.04932 75.6331
460556 9.91586 26.605 12.7905 26.2333 9.97156 0.496978 75.5445
460560 9.91586 26.605 12.7905 26.2333 9.97156 0.496978 75.5445
460570 11.4042 26.825 14.0452 24.0142 8.32029 -0.0333801 76.2886
460586 13.4628 27.0546 21.4168 23.9274 4.68849 0.843238 85.8615
460592 13.4628 27.0546 21.4168 23.9274 4.68849 0.843238 85.8615
460610 13.0762 26.2319 19.4459 18.5533 3.96571 -0.253946 77.3073
460612 13.7817 25.0551 16.7167 12.7694 2.68071 -2.05293 68.3229
460622 13.7817 25.0551 16.7167 12.7694 2.68071 -2.05293 68.3229
460642 14.3809 24.1941 18.5464 10.7654 0.748396 -2.04678 67.8868
460647 14.3809 24.1941 20.2747 10.7654 0.109154 -1.62357 69.6151
460653 15.4537 23.2757 22.8621 11.201 -1.31846 -0.961565 72.7925
460671 15.9466 21.3911 26.9453 11.6948 -3.2266 0.257125 75.9777
460673 15.9466 21.3911 26.9453 11.6948 -3.2266 0.257125 75.9777
460683 15.7339 18.1097 31.0791 11.9465 -5.44978 1.79172 76.8692
460702 14.9704 13.2767 34 11.7044 -8.10978 3.54095 73.9516
460704 14.9704 13.2767 34 11.7044 -8.10978 3.54095 73.9516
460713 14.0426 7.70628 34 11.7625 -10.5811 5.33545 67.5115
460732 14.0426 7.70628 34 11.7625 -10.5811 5.33545 67.5115
460734 13.5884 3.5116 34 12.5273 -12.3962 6.93743 63.6273
460750 13.9073 1.73175 34 13.5535 -12.9058 7.57552 63.1926
460760 13.9073 1.73175 34 13.5535 -12.9058 7.57552 63.1926
460764 14.3809 1.22184 34 14.0376 -13.0112 7.64488 63.6403
460777 14.5742 1.30843 34 13.8246 -13.123 7.52081 63.7072
460785 14.5742 1.30843 34 13.8246 -13.123 7.52081 63.7072
460803 14.3809 1.26995 34 13.1953 -13.4915 7.52897 62.8462
460809 14.3809 1.26995 34 13.1953 -13.4915 7.52897 62.8462
460815 13.9267 1.19298 34 12.324 -14.0005 7.6178 61.4437
460832 13.2791 1.03905 34 11.5883 -14.4608 7.82973 59.9065
460835 13.2791 1.03905 34 11.5883 -14.4608 7.82973 59.9065
460845 12.8539 1.02943 34 11.0558 -14.7477 7.93339 58.9391
460859 12.564 0.93322 34 10.9009 -14.8677 8.06629 58.3981
460870 12.564 0.93322 34 10.9009 -14.8677 8.06629 58.3981
460888 12.4576 1.01019 34 10.9106 -14.7901 8.07903 58.3784
460889 12.6219 1.02943 34 10.959 -14.7728 8.01248 58.6104
460897 12.6219 1.02943 34 10.959 -14.7728 8.01248 58.6104
460920 12.9022 1.11602 34 11.1042 -14.6653 7.88685 59.1224
460922 12.9022 1.11602 34 11.1042 -14.6653 7.88685 59.1224
460937 13.3661 1.12564 34 11.2301 -14.6556 7.72037 59.7218
460950 13.8107 1.24109 34 11.2882 -14.6178 7.51651 60.3399
460951 13.8107 1.24109 34 11.2882 -14.6178 7.51651 60.3399
460958 14.3036 1.35654 34 11.3172 -14.6078 7.29544 60.9773
460982 14.6322 1.34692 34 11.2882 -14.6886 7.17571 61.2673
460984 14.6322 1.34692 34 11.2882 -14.6886 7.17571 61.2673
460988 14.9704 1.37578 34 11.2785 -14.7328 7.04237 61.6247
460998 14.9704 1.37578 34 11.2785 -14.7328 7.04237 61.6247
461013 15.27 1.39502 34 11.3075 -14.7515 6.93269 61.9726
461023 15.6083 1.48161 34 11.2494 -14.7889 6.7757 62.3393
461045 15.6083 1.48161 34 11.2494 -14.7889 6.7757 62.3393
461046 15.8789 1.45274 34 11.172 -14.9008 6.68129 62.5036
461050 16.8937 3.44426 34 11.4818 -13.6614 5.73016 65.8197
461059 16.8937 3.44426 34 11.4818 -13.6614 5.73016 65.8197
461080 18.193 7.46576 34 12.1498 -11.3418 4.28035 71.8085
461081 18.193 7.46576 34 12.1498 -11.3418 4.28035 71.8085
461092 19.4918 12.0549 34 12.4596 -9.28686 2.86763 78.0063
461113 20.6174 16.8653 31.7461 11.4624 -7.44685 1.06439 80.6913
461115 20.6174 16.8653 31.7461 11.4624 -7.44685 1.06439 80.6913
461119 20.9253 19.9274 25.5809 10.6492 -5.16638 -0.899549 77.0828
461146 20.9253 19.9274 20.9013 10.6492 -3.88449 -1.92716 72.4032
461146 21.0985 22.4626 20.9013 13.2728 -2.01467 -1.81134 77.7351
461150 20.8195 24.0793 16.15 14.0569 0.388396 -2.93424 75.1058
461160 20.8195 24.0793 16.15 14.0569 0.388396 -2.93424 75.1058
461180 19.588 24.6246 13.1548 14.2603 2.14377 -3.5177 71.6277
461181 18.0679 25.1125 12.0214 15.8576 3.82808 -3.22998 71.0595
461195 18.0679 25.1125 12.0214 15.8576 3.82808 -3.22998 71.0595
461211 16.1785 25.7344 11.1006 17.6561 5.69954 -2.79248 70.6696
461212 13.9653 26.3371 10.3518 19.7015 7.71844 -2.18514 70.3557
461222 13.9653 26.3371 10.3518 19.7015 7.71844 -2.18514 70.3557
461247 11.5588 26.9876 9.65357 21.5443 9.79273 -1.58048 69.7443
461258 9.26833 27.6382 9.16786 23.4835 11.7476 -0.917601 69.5579
461263 7.75099 28.5087 9.43095 25.6351 12.9553 -0.251038 71.3257
461289 7.35475 29.341 10.1393 27.3717 13.2126 0.164793 74.2068
461293 7.37408 29.5802 10.6452 28.2883 13.1277 0.391225 75.8878
461324 7.37408 29.5802 10.6452 28.2883 13.1277 0.391225 75.8878
461325 7.2871 29.3889 10.706 28.5295 13.1487 0.505756 75.9114
461326 7.2871 29.3889 10.706 28.5295 13.1487 0.505756 75.9114
461360 7.04548 28.6427 10.4935 28.0182 13.1813 0.570785 74.1998
461361 6.71688 27.5903 9.9875 27.0341 13.2906 0.57081 71.3288
461363 6.71688 27.5903 9.9875 27.0341 13.2906 0.57081 71.3288
461365 6.32064 26.4423 9.63333 26.3008 13.3882 0.692425 68.6971
461374 5.95338 25.6579 9.53214 25.8087 13.4354 0.835592 66.9521
461394 5.95338 25.6579 9.53214 25.8087 13.4354 0.835592 66.9521
461399 5.93405 25.1795 9.47143 25.4325 13.3323 0.861209 66.0175
461409 5.93405 25.1795 9.47143 25.4325 13.3323 0.861209 66.0175
461435 5.81808 24.9595 9.36012 25.3167 13.4055 0.89358 65.4544
461436 5.91472 25.0934 9.50179 25.4711 13.3175 0.901328 65.981
461438 5.91472 25.0934 9.50179 25.4711 13.3175 0.901328 65.981
461471 6.05003 25.2273 9.65357 25.8087 13.2352 0.940581 66.7397
461473 6.11768 25.323 10.0583 26.1561 13.0452 1.05839 67.6551
461474 6.11768 25.323 10.0583 26.1561 13.0452 1.05839 67.6551
461477 6.13701 25.4187 10.2 26.6288 13.055 1.15665 68.3845
461487 6.13701 25.4187 10.2 26.6288 13.055 1.15665 68.3845
461504 6.11768 25.3134 10.3619 26.9279 13.0098 1.2788 68.721
461507 6.12735 25.2943 10.4125 27.1305 13.0085 1.33141 68.9647
461518 6.12735 25.2943 10.4125 27.1305 13.0085 1.33141 68.9647
461535 6.13701 25.2369 10.4833 27.3621 12.9944 1.40239 69.2193
461538 6.04036 25.1987 10.6554 27.5165 12.9733 1.49821 69.4108
461566 6.09835 25.1317 10.6958 27.5936 12.9212 1.52319 69.5195
461569 6.05003 25.1508 10.6048 27.4972 12.984 1.49368 69.3028
461579 6.05003 25.1508 10.6048 27.4972 12.984 1.49368 69.3028
461595 6.08869 25.2656 10.453 27.3331 13.0376 1.39538 69.1404
461634 6.12735 25.3804 10.5036 27.3717 13.0151 1.37661 69.3831
461636 6.28198 25.6961 10.5744 27.42 12.955 1.28971 69.9725
461637 6.28198 25.6961 10.5744 27.42 12.955 1.28971 69.9725
461640 6.35929 26.0405 10.6554 27.3717 12.9204 1.19854 70.4269
461650 8.46617 26.8441 11.6369 27.1788 11.4399 0.709342 74.126
461672 8.46617 26.8441 11.6369 27.1788 11.4399 0.709342 74.126
461673 10.0608 27.3512 12.5071 26.2719 10.1899 0.269127 76.191
461682 10.0608 27.3512 12.5071 26.2719 10.1899 0.269127 76.191
461704 11.4235 27.4468 14.7131 24.9983 8.36978 0.160539 78.5817
