116643 24.4273 8.49519 33.7271 15.209 -10.5213 2.93438 81.8586
116652 24.4273 8.49519 33.7271 15.209 -10.5213 2.93438 81.8586
116658 24.4273 8.48557 34 15.5575 -10.4232 3.02739 82.4704
116668 24.408 8.44709 34 15.7415 -10.3574 3.06666 82.5966
116683 24.408 8.44709 34 15.7415 -10.3574 3.06666 82.5966
116689 24.4273 8.44709 34 15.5866 -10.4273 3.04002 82.4609
116698 24.4273 8.44709 34 15.5866 -10.4273 3.04002 82.4609
116713 24.4754 8.35088 34 15.6931 -10.4313 3.06597 82.5193
116719 25.399 10.4001 33.7675 15.9157 -9.60745 2.43632 85.4824
116729 25.399 10.4001 33.7675 15.9157 -9.60745 2.43632 85.4824
116739 26.3707 12.584 32.6356 16.1674 -8.61884 1.68331 87.7577
116757 27.2943 15.4126 30.887 16.0609 -7.4474 0.709577 89.6548
116760 27.2943 15.4126 30.887 16.0609 -7.4474 0.709577 89.6548
116769 28.0351 18.1384 28.8454 15.6543 -6.36564 -0.276891 90.6733
116779 28.0351 18.1384 28.8454 15.6543 -6.36564 -0.276891 90.6733
116789 28.4969 20.3388 26.4905 15.0928 -5.40699 -1.20312 90.419
116808 28.7374 22.3382 23.9334 14.8218 -4.31669 -2.05728 89.8308
116818 28.7374 22.3382 23.9334 14.8218 -4.31669 -2.05728 89.8308
116825 28.622 24.4907 22.2961 17.2991 -2.46156 -2.18711 92.7078
116835 28.5161 26.1649 22.0333 22.0267 -0.596982 -1.61347 98.741
116844 28.5161 26.1649 22.0333 22.0267 -0.596982 -1.61347 98.741
116851 27.5348 26.1936 19.9007 22.4319 0.309688 -1.77946 96.061
116861 27.5348 26.1936 19.9007 22.4319 0.309688 -1.77946 96.061
116871 25.6395 25.7727 17.4548 21.4671 1.14724 -2.07401 90.3341
116881 23.5806 25.2273 15.9173 21.7179 2.15384 -1.93875 86.4432
116891 23.5806 25.2273 15.9173 21.7179 2.15384 -1.93875 86.4432
116901 21.618 25.0169 15.1988 22.8468 3.26133 -1.52148 84.6805
116911 19.7419 24.8255 14.8143 24.3133 4.35588 -0.974953 83.695
116926 19.7419 24.8255 14.8143 24.3133 4.35588 -0.974953 83.695
116933 17.9717 24.9308 14.6929 26.1947 5.50808 -0.360718 83.79
116943 17.9717 24.9308 14.6929 26.1947 5.50808 -0.360718 83.79
116956 16.1012 25.6674 14.5815 28.3655 6.89075 0.208656 84.7157
116963 13.975 26.7485 14.3185 30.8065 8.52127 0.769057 85.8484
116973 13.975 26.7485 14.3185 30.8065 8.52127 0.769057 85.8484
116983 11.4719 27.6095 13.9946 33.0834 10.2213 1.3922 86.1594
116993 11.4719 27.6095 13.9946 33.0834 10.2213 1.3922 86.1594
117004 9.45196 28.4131 13.853 34 11.406 1.74782 85.718
117013 7.8863 29.3028 13.2661 34 12.4772 1.78977 84.4551
117026 7.8863 29.3028 13.2661 34 12.4772 1.78977 84.4551
117033 6.85219 30.0872 12.9726 34 13.1871 1.79352 83.912
117048 6.9585 31.1396 12.8208 34 13.354 1.54078 84.9189
117054 6.9585 31.1396 12.8208 34 13.354 1.54078 84.9189
117063 7.08414 31.7805 12.578 34 13.494 1.35412 85.4426
117078 7.08414 31.7805 12.578 34 13.494 1.35412 85.4426
117084 6.96816 32.0867 12.4161 34 13.6603 1.29189 85.4709
117094 6.62024 31.7518 11.8595 34 14.0304 1.33337 84.2316
117104 6.62024 31.7518 11.8595 34 14.0304 1.33337 84.2316
117114 6.195 31.5796 11.2929 34 14.4737 1.35761 83.0675
117124 5.76009 31.3787 10.5845 34 15 1.36663 81.7233
117139 5.76009 31.3787 10.5845 34 15 1.36663 81.7233
117145 5.52814 31.2257 10.0482 33.5079 15.3024 1.27052 80.31
117163 5.52814 31.2257 10.0482 33.5079 15.3024 1.27052 80.31
117174 5.38317 31.2257 9.87619 33.4886 15.4598 1.26717 79.9737
117180 5.20921 31.3596 9.85595 33.9035 15.6228 1.34274 80.3283
117200 5.18022 31.484 9.96726 34 15.607 1.35861 80.6314
117209 5.18022 31.8762 9.85595 34 15.7084 1.26054 80.9124
117218 5.18022 31.8762 9.85595 34 15.7084 1.26054 80.9124
117226 5.2672 32.4789 9.73452 34 15.7943 1.10243 81.4806
117238 5.2672 32.4789 9.73452 34 15.7943 1.10243 81.4806
117245 5.47015 33.3303 9.92679 34 15.6942 0.929495 82.7273
117260 7.45139 34 10.1899 33.479 14.6374 0.390769 85.1203
117266 7.45139 34 10.1899 33.479 14.6374 0.390769 85.1203
117281 9.80955 34 10.8476 31.7713 13.0496 -0.206642 86.4285
117286 13.1438 34 11.2321 28.6935 11.002 -1.24352 87.0695
117299 13.1438 34 11.2321 28.6935 11.002 -1.24352 87.0695
117306 17.0385 34 11.6369 24.4387 8.54148 -2.57643 87.1141
117321 17.0385 34 11.6369 24.4387 8.54148 -2.57643 87.1141
117328 20.5116 34 14.9458 21.7372 5.55948 -2.9325 91.1947
117340 23.446 34 23.0743 22.8468 2.49753 -1.67242 103.367
117351 23.446 34 23.0743 22.8468 2.49753 -1.67242 103.367
117361 24.6678 34 26.349 22.0653 1.17865 -1.43631 107.082
117367 24.5523 29.5324 26.7128 19.6629 -0.515115 -1.15105 100.46
117382 24.5523 29.5324 26.7128 19.6629 -0.515115 -1.15105 100.46
117388 24.0713 24.5481 27.0161 17.6561 -2.38049 -0.634671 93.2915
117398 24.0713 24.5481 27.0161 17.6561 -2.38049 -0.634671 93.2915
117410 23.5325 19.6787 28.0773 16.2739 -4.47031 0.19529 87.5624
117419 22.9361 15.2298 30.0178 16.0416 -6.43588 1.4058 84.2252
117428 22.9361 15.2298 30.0178 16.0416 -6.43588 1.4058 84.2252
117438 22.4165 11.7278 32.7669 16.8741 -7.93143 2.77437 83.7854
117448 22.1279 9.75552 34 18.1674 -8.38926 3.61995 84.0508
117458 22.1279 9.75552 34 18.1674 -8.38926 3.61995 84.0508
117473 21.8874 8.56254 34 19.6146 -8.24075 4.13338 84.0646
117479 21.8874 8.56254 34 19.6146 -8.24075 4.13338 84.0646
117489 21.9259 8.67799 34 20.8785 -7.71192 4.25959 85.4824
117504 21.7334 8.68761 34 21.3031 -7.50745 4.35385 85.7241
117512 21.7334 8.68761 34 21.3031 -7.50745 4.35385 85.7241
117520 21.4448 8.5914 34 21.004 -7.59919 4.40399 85.0402
117539 21.1177 8.37012 34 20.3865 -7.85732 4.45285 83.8743
117542 21.1177 8.37012 34 20.3865 -7.85732 4.45285 83.8743
117554 20.8195 8.27391 34 19.7208 -8.09789 4.46072 82.8141
117561 20.8195 8.27391 34 19.7208 -8.09789 4.46072 82.8141
117571 20.5597 8.11036 34 18.9586 -8.41946 4.46323 81.6286
117581 20.2134 7.98529 34 18.5919 -8.55178 4.52899 80.7906
117591 20.2134 7.98529 34 18.5919 -8.55178 4.52899 80.7906
117601 19.9825 7.81211 34 18.399 -8.65761 4.60219 80.1935
117614 19.7035 7.73514 34 18.4086 -8.62888 4.69084 79.8472
117633 19.5399 7.62932 34 18.4086 -8.63995 4.7575 79.5778
117643 19.5399 7.62932 34 18.4086 -8.63995 4.7575 79.5778
117653 19.5784 7.62932 34 18.4762 -8.61934 4.75663 79.6839
117664 19.8574 7.74477 34 18.5533 -8.59556 4.66927 80.1555
117678 19.8574 7.74477 34 18.5533 -8.59556 4.66927 80.1555
117688 20.0883 7.76401 34 18.6209 -8.60641 4.61681 80.4732
117693 20.2615 7.92756 34 18.727 -8.52948 4.54879 80.916
117710 20.2615 7.92756 34 18.727 -8.52948 4.54879 80.916
117714 21.1851 9.77476 34 19.5953 -7.63258 4.01552 84.5552
117724 21.1851 9.77476 34 19.5953 -7.63258 4.01552 84.5552
117734 21.8489 11.1986 34 20.1549 -7.02254 3.63076 87.2025
117744 22.5801 13.498 34 20.6856 -6.1689 3.07515 90.7637
117759 22.5801 13.498 34 20.6856 -6.1689 3.07515 90.7637
117765 23.09 15.4799 33.7069 20.4347 -5.63097 2.51938 92.7115
117775 23.3016 18.0141 30.4727 19.6146 -4.41604 1.43949 91.403
117789 23.3016 18.0141 30.4727 19.6146 -4.41604 1.43949 91.403
117797 23.2247 20.4727 26.3086 18.0516 -3.12548 0.112908 88.0576
117805 22.9745 20.4727 21.821 16.361 -2.43841 -0.967509 81.6293
117818 22.9745 22.3573 21.821 16.361 -1.81921 -1.28418 83.514
117825 22.5801 23.7828 18.4352 17.5403 0.0934571 -1.89232 82.3383
117844 22.5801 23.7828 18.4352 17.5403 0.0934571 -1.89232 82.3383
117846 22.4165 25.677 19.6986 28.298 3.0856 -0.0151393 96.09
117864 21.6853 26.1936 19.8704 34 4.57935 0.883268 101.749
117865 21.6853 26.1936 19.8704 34 4.57935 0.883268 101.749
117880 19.6553 25.7153 18.2229 34 5.59385 1.0532 97.5935
117900 16.5361 24.8638 17.1415 34 6.80404 1.57901 92.5414
117909 13.0762 24.1654 16.1196 34 8.29018 2.21117 87.3613
117918 13.0762 24.1654 16.1196 34 8.29018 2.21117 87.3613
117931 9.62592 23.1705 15.4315 34 9.76342 3.03457 82.228
117936 6.86185 22.1373 15.2899 34 10.8526 3.88765 78.289
117946 6.86185 22.1373 15.2899 34 10.8526 3.88765 78.289
117958 4.89028 21.2859 15.4417 34 11.5561 4.61509 75.6178
117968 4.89028 21.2859 15.4417 34 11.5561 4.61509 75.6178
117978 3.3826 20.6353 15.6542 34 12.0801 5.21966 73.6721
117988 2.77374 20.5014 15.8565 34 12.2625 5.4521 73.1317
117998 2.77374 20.5014 15.8565 34 12.2625 5.4521 73.1317
118018 2.86072 20.7214 16.0286 34 12.1695 5.38911 73.6107
118020 2.77374 20.951 16.0488 34 12.243 5.35233 73.7736
118029 2.77374 20.951 16.0488 34 12.243 5.35233 73.7736
118041 2.9187 21.1232 15.9881 34 12.2303 5.25722 74.03
118049 2.9187 21.1232 15.9881 34 12.2303 5.25722 74.03
118064 2.83172 21.1137 15.8768 34 12.3287 5.26902 73.8222
118069 2.84139 20.9032 15.8464 34 12.3029 5.32032 73.591
118086 2.84139 20.9032 15.8464 34 12.3029 5.32032 73.591
118089 2.79306 20.6545 15.644 34 12.3877 5.3761 73.0916
118105 2.68675 20.4344 15.4315 34 12.5137 5.43956 72.5527
118113 2.68675 20.4344 15.4315 34 12.5137 5.43956 72.5527
118120 2.63843 20.1379 15.1381 34 12.6405 5.49858 71.9144
118134 2.63843 20.1379 15.1381 34 12.6405 5.49858 71.9144
118141 2.56111 20.1092 14.6726 34 12.9219 5.46704 71.3429
118150 2.59011 20.3962 14.4095 34 13.0948 5.34133 71.3958
118161 2.59011 20.3962 14.4095 34 13.0948 5.34133 71.3958
118178 2.71575 20.8936 14.1768 34 13.2341 5.13345 71.7862
118182 3.72086 21.8407 14.7333 34 12.5805 4.67833 74.2949
118190 3.72086 21.8407 14.7333 34 12.5805 4.67833 74.2949
118205 5.12223 23.0748 15.047 34 11.9445 4.04884 77.2441
118211 5.12223 23.0748 15.047 34 11.9445 4.04884 77.2441
118224 7.43206 24.5672 15.553 34 10.9078 3.22866 81.5523
118237 10.3604 26.2701 15.4821 34 9.99491 2.23862 86.1127
118241 10.3604 26.2701 15.4821 34 9.99491 2.23862 86.1127
118259 12.8732 28.1261 14.7131 32.3791 9.34224 1.03749 88.0915
118273 14.8351 29.6567 13.9137 27.6129 8.28916 -0.517079 86.0185
118288 16.855 31.0248 15.2595 24.2554 6.62672 -1.43571 87.3947
118297 16.855 31.0248 15.2595 24.2554 6.62672 -1.43571 87.3947
118305 18.4912 31.8475 21.6593 24.6606 4.23075 -0.623655 96.6587
118314 19.2032 31.6275 26.6421 24.8536 2.5985 0.0974876 102.326
118324 19.2032 31.6275 26.6421 24.8536 2.5985 0.0974876 102.326
118333 19.8189 30.5177 27.8751 23.6572 1.59049 0.176067 101.869
118346 20.1941 28.4322 27.8246 21.7179 0.542787 0.140001 98.1689
118368 20.3769 25.1413 27.6932 19.7111 -0.865708 0.304479 92.9225
118373 20.3769 25.1413 27.6932 19.7111 -0.865708 0.304479 92.9225
118392 20.1749 21.3146 27.673 17.8973 -2.47992 0.703107 87.0597
118394 20.0498 17.3922 28.7444 17.0482 -4.31121 1.50488 83.2346
118403 20.0498 17.3922 28.7444 17.0482 -4.31121 1.50488 83.2346
118418 20.0787 13.9502 30.8668 17.2219 -6.01984 2.56824 82.1176
118424 20.3865 11.4969 33.6766 18.042 -7.33362 3.55885 83.602
118434 20.3865 11.4969 33.6766 18.042 -7.33362 3.55885 83.602
118444 20.781 9.75552 34 18.92 -7.82009 4.02308 83.4565
118454 20.781 9.75552 34 18.92 -7.82009 4.02308 83.4565
118466 20.8964 8.31239 34 19.5568 -8.16381 4.41269 82.7656
118474 21.416 8.50481 34 20.0102 -8.01281 4.30522 83.931
118493 21.416 8.50481 34 20.0102 -8.01281 4.30522 83.931
118501 21.7912 8.60102 34 20.0488 -8.03559 4.20233 84.441
118510 21.8681 8.65874 34 19.576 -8.21414 4.11088 84.1029
118515 21.8681 8.65874 34 19.576 -8.21414 4.11088 84.1029
118525 21.8681 8.77419 34 18.891 -8.44061 3.99518 83.5334
118540 21.8681 8.77419 34 18.891 -8.44061 3.99518 83.5334
118546 21.6757 8.68761 34 17.9552 -8.81726 3.93444 82.3185
118559 21.5603 8.62026 34 17.1254 -9.16741 3.86409 81.306
118568 21.5603 8.62026 34 17.1254 -9.16741 3.86409 81.306
118583 21.4063 8.47595 32.868 16.3901 -9.28992 3.67243 79.1404
118588 21.4352 8.51443 32.2212 15.8479 -9.38684 3.48368 78.0187
118598 21.4352 8.51443 32.2212 15.8479 -9.38684 3.48368 78.0187
118608 21.5699 8.56254 31.8068 15.5866 -9.42512 3.33971 77.5258
118631 21.7816 8.6395 31.736 15.6059 -9.41069 3.26394 77.763
118635 21.7816 8.6395 31.736 15.6059 -9.41069 3.26394 77.763
118645 22.0317 8.77419 31.827 15.635 -9.40665 3.19213 78.2678
118655 22.0317 8.77419 31.827 15.635 -9.40665 3.19213 78.2678
118664 22.5031 10.0634 32.0392 16.5063 -8.62163 2.95499 81.112
118678 23.7923 13.1998 31.6046 17.1351 -7.30828 2.05542 85.7318
118683 23.7923 13.1998 31.6046 17.1351 -7.30828 2.05542 85.7318
118690 24.9276 17.7462 29.5933 17.4631 -5.38046 0.732644 89.7302
118701 25.9762 22.5869 26.2277 16.9613 -3.44834 -0.878594 91.7522
118710 25.9762 22.5869 26.2277 16.9613 -3.44834 -0.878594 91.7522
118723 26.5631 26.758 21.821 15.8673 -1.58193 -2.57656 91.0095
118731 26.5631 26.758 21.821 15.8673 -1.58193 -2.57656 91.0095
118745 26.9672 31.0343 17.192 14.8218 0.471273 -4.33055 90.0153
118750 26.9191 34 13.5899 14.6378 2.27963 -5.50071 89.1468
118760 26.9191 34 13.5899 14.6378 2.27963 -5.50071 89.1468
118773 26.1302 34 11.9405 16.6418 3.54267 -5.3343 88.7124
118781 24.6678 34 13.2155 24.5062 5.34886 -3.2596 96.3895
118794 24.6678 34 13.2155 24.5062 5.34886 -3.2596 96.3895
118801 22.099 34 14.2982 31.8967 7.20948 -1.4523 102.294
118818 22.099 34 14.2982 31.8967 7.20948 -1.4523 102.294
118821 18.3565 34 12.3958 32.0704 9.11924 -1.22239 96.8227
118831 14.3809 34 9.94702 30.6714 11.3325 -1.30829 88.9993
118842 14.3809 34 9.94702 30.6714 11.3325 -1.30829 88.9993
118857 11.0176 34 8.17619 29.6294 13.4128 -1.30616 82.8232
118866 8.4855 34 7.0125 29.1759 15.1505 -1.2006 78.6739
118875 8.4855 34 7.0125 29.1759 15.1505 -1.2006 78.6739
118891 6.81353 34 6.24345 28.7997 16.3936 -1.14105 75.8566
118893 6.81353 34 6.24345 28.7997 16.3936 -1.14105 75.8566
118903 6.30131 34 6.22321 28.9926 16.7075 -1.01013 75.5171
118916 6.4946 34 6.41548 29.504 16.5526 -0.898097 76.414
118923 6.4946 34 6.41548 29.504 16.5526 -0.898097 76.414
118939 6.59125 34 6.49643 29.8513 16.4948 -0.827314 76.939
118944 6.6589 34 6.5369 30.0636 16.4601 -0.78795 77.2594
118953 6.6589 34 6.5369 30.0636 16.4601 -0.78795 77.2594
118968 6.61057 34 6.52679 30.3048 16.5179 -0.731969 77.4421
118974 6.61057 34 6.52679 30.3048 16.5179 -0.731969 77.4421
118988 6.55259 34 6.5875 30.5749 16.546 -0.654347 77.715
118994 6.50426 34 6.87083 30.9994 16.4672 -0.504117 78.3745
119004 6.50426 34 6.87083 30.9994 16.4672 -0.504117 78.3745
119023 6.51393 34 6.93155 31.4336 16.4772 -0.408622 78.8791
119038 6.42695 34 7.0631 31.6266 16.4746 -0.329381 79.1166
119041 6.42695 34 7.0631 31.6266 16.4746 -0.329381 79.1166
119052 6.35929 34 7.05298 31.6941 16.5226 -0.305707 79.1064
119062 6.35929 34 7.05298 31.6941 16.5226 -0.305707 79.1064
119065 6.22399 34 7.03274 31.588 16.5931 -0.305021 78.8447
119074 6.0307 34 6.83036 31.2503 16.7675 -0.374477 78.1113
119087 6.0307 34 6.83036 31.2503 16.7675 -0.374477 78.1113
119095 5.94372 34 6.6381 30.6617 16.8557 -0.513417 77.2436
119111 5.94372 34 6.6381 30.6617 16.8557 -0.513417 77.2436
119123 7.13246 34 7.19464 30.1118 15.8673 -0.731653 78.4389
119136 9.01706 34 8.15595 29.147 14.3096 -1.06713 80.32
119145 12.3997 34 9.5625 27.1981 11.7953 -1.73865 83.1602
119160 16.4298 34 10.7161 24.294 9.11405 -2.70712 85.4398
119171 16.4298 34 10.7161 24.294 9.11405 -2.70712 85.4398
119175 19.8093 34 11.7988 20.5409 6.65497 -3.73822 86.149
119188 19.8093 34 11.7988 20.5409 6.65497 -3.73822 86.149
119197 22.7725 34 13.6304 17.1351 4.20738 -4.45642 87.5379
119211 25.3413 34 18.7485 16.1577 1.60958 -3.88896 94.2475
119217 25.3413 34 18.7485 16.1577 1.60958 -3.88896 94.2475
119226 27.275 31.0822 26.5916 17.8297 -1.20519 -2.03388 102.779
119238 27.9581 27.179 30.503 17.7815 -3.2635 -0.993884 103.422
119252 27.9581 27.179 30.503 17.7815 -3.2635 -0.993884 103.422
119263 28.0062 22.6826 31.1498 15.9351 -5.2515 -0.552899 97.7737
119266 28.0062 22.6826 31.1498 15.9351 -5.2515 -0.552899 97.7737
119288 27.7657 18.148 31.1094 14.086 -7.31022 -0.118263 91.1091
119289 27.6791 14.4505 30.978 12.779 -9.14799 0.28423 85.8867
119315 27.7561 12.0357 31.2105 12.1498 -10.4571 0.64373 83.152
119318 27.9004 10.4771 31.918 12.1498 -11.2776 1.03528 82.4452
119328 27.9004 10.4771 31.918 12.1498 -11.2776 1.03528 82.4452
119340 28.2275 9.794 33.1914 12.9049 -11.5077 1.43991 84.1178
119353 28.2275 9.794 33.1914 12.9049 -11.5077 1.43991 84.1178
119365 28.7278 10.15 34 13.8149 -11.1782 1.54635 86.6927
119371 28.901 10.3328 34 14.1344 -10.9977 1.52813 87.3681
119380 28.901 10.3328 34 14.1344 -10.9977 1.52813 87.3681
119392 28.8817 10.3809 34 14.0763 -10.9987 1.51371 87.3389
119408 28.6893 10.2943 34 13.6987 -11.1604 1.50812 86.6823
119409 28.6893 10.2943 34 13.6987 -11.1604 1.50812 86.6823
119419 28.468 10.2269 33.242 13.2825 -11.2065 1.37811 85.2194
119429 28.468 10.2269 33.242 13.2825 -11.2065 1.37811 85.2194
119444 28.0832 10.0345 32.4637 12.8662 -11.2784 1.29642 83.4476
119450 27.8427 9.99604 31.6147 12.4208 -11.3102 1.13531 81.8743
119459 27.8427 9.99604 31.6147 12.4208 -11.3102 1.13531 81.8743
119474 27.6984 9.91907 30.8769 12.0626 -11.3564 0.991001 80.557
119480 27.6887 9.83248 30.4524 11.8206 -11.4319 0.893263 79.7943
119493 27.6887 9.83248 30.4524 11.8206 -11.4319 0.893263 79.7943
119500 27.7753 9.91907 30.5535 11.8206 -11.4243 0.876696 80.0685
119510 27.7753 9.91907 30.5535 11.8206 -11.4243 0.876696 80.0685
119525 27.9774 9.96718 30.7354 11.869 -11.4454 0.867779 80.549
119531 28.2948 10.0538 31.0589 11.9077 -11.4961 0.851868 81.3152
119544 28.2948 10.0538 31.0589 11.9077 -11.4961 0.851868 81.3152
119552 28.747 10.1788 30.9578 11.84 -11.5285 0.710669 81.7236
119569 29.3435 10.9004 30.9982 12.4208 -11.0624 0.569274 83.663
119571 29.3435 10.9004 30.9982 12.4208 -11.0624 0.569274 83.663
119586 30.6616 13.3537 30.4625 12.75 -10.0371 -0.138043 87.2278
119598 30.6616 13.3537 30.4625 12.75 -10.0371 -0.138043 87.2278
119602 31.8065 16.5382 28.613 12.9243 -8.61046 -1.13606 89.8819
119611 32.9417 20.9797 25.6617 12.2563 -6.90537 -2.61382 91.8394
119626 32.9417 20.9797 25.6617 12.2563 -6.90537 -2.61382 91.8394
119633 33.2496 24.1559 22.2658 11.5205 -5.4388 -3.88509 91.1917
119641 32.807 23.7732 18.9304 11.0268 -4.8931 -4.61471 86.5374
119656 32.807 26.2223 18.9304 11.0268 -4.0704 -4.90054 88.9865
119663 32.326 28.9679 16.0488 10.9784 -2.38576 -5.81969 88.3211
119679 32.326 28.9679 16.0488 10.9784 -2.38576 -5.81969 88.3211
119686 31.3831 31.5796 14.7131 13.2244 -0.355397 -5.77974 90.9002
119694 30.1998 33.7417 16.1298 20.7435 2.02243 -4.02742 100.815
119706 30.1998 33.7417 16.1298 20.7435 2.02243 -4.02742 100.815
119715 28.4392 34 17.0404 26.4938 3.54197 -2.6759 105.973
119732 28.4392 34 17.0404 26.4938 3.54197 -2.6759 105.973
119734 25.5433 34 15.5429 26.7736 4.83199 -2.53685 101.86
119758 22.1375 33.6173 13.5595 26.349 6.34238 -2.4847 95.6634
119759 22.1375 33.6173 13.5595 26.349 6.34238 -2.4847 95.6634
119763 18.3565 32.8807 11.7988 26.4648 8.1536 -2.17433 89.5009
119787 14.4292 32.0293 10.4024 26.9665 10.1888 -1.62648 83.8274
119800 11.1626 31.4074 9.7244 27.912 11.9792 -0.922666 80.2065
119814 11.1626 31.4074 9.7244 27.912 11.9792 -0.922666 80.2065
119819 9.28766 31.4648 9.59286 29.1759 13.1286 -0.374182 79.5213
119825 8.15691 31.8858 9.84583 30.6328 13.8211 0.0812155 80.5213
119841 8.15691 31.8858 9.84583 30.6328 13.8211 0.0812155 80.5213
119849 8.34053 32.785 10.2506 31.8002 13.8243 0.16686 83.1764
119855 8.56282 33.493 10.2405 31.916 13.8358 0.017935 84.2123
119869 8.56282 33.493 10.2405 31.916 13.8358 0.017935 84.2123
119879 8.62081 34 10.0077 31.6266 13.9451 -0.175629 84.2551
119885 8.62081 34 10.0077 31.6266 13.9451 -0.175629 84.2551
119897 8.73678 34 9.90655 31.3082 13.8964 -0.271953 83.9515
119906 8.90108 34 9.775 30.9898 13.8389 -0.383004 83.6659
119925 8.90108 34 9.775 30.9898 13.8389 -0.383004 83.6659
119928 8.95907 34 9.59286 30.7196 13.8606 -0.476737 83.2716
119936 8.98806 34 9.52202 30.382 13.8348 -0.558091 82.892
119953 8.98806 34 9.52202 30.382 13.8348 -0.558091 82.892
119956 8.91074 34 9.23869 29.8417 13.9321 -0.700758 81.9911
119966 8.91074 34 9.23869 29.8417 13.9321 -0.700758 81.9911
119981 8.91074 34 8.91488 29.3014 14.0138 -0.867991 81.127
119991 8.95907 34 8.79345 28.8865 13.9926 -0.981992 80.639
120007 8.90108 34 8.61131 28.597 14.0697 -1.06593 80.1094
120021 8.7851 34 8.39881 28.3848 14.2018 -1.13138 79.5687
120036 8.7851 34 8.39881 28.3848 14.2018 -1.13138 79.5687
120038 10.66 34 9.47143 28.3655 12.7987 -1.24061 82.497
120048 10.66 34 9.47143 28.3655 12.7987 -1.24061 82.497
120066 12.6219 34 10.8881 27.584 11.1858 -1.43662 85.094
120068 17.0385 34 12.7196 25.5772 8.3447 -2.13941 89.3353
120078 17.0385 34 12.7196 25.5772 8.3447 -2.13941 89.3353
120096 21.4737 34 13.7518 22.2003 5.73549 -3.20285 91.4258
120106 25.0911 34 14.531 18.3121 3.45086 -4.28263 91.9342
120122 25.0911 34 14.531 18.3121 3.45086 -4.28263 91.9342
120125 27.8138 33.9713 15.472 14.5507 1.42584 -5.18949 91.8078
120134 27.8138 33.9713 15.472 14.5507 1.42584 -5.18949 91.8078
120151 29.7284 31.1013 17.5862 11.9271 -1.18608 -5.19958 90.343
120154 31.2484 27.7243 22.4477 11.8109 -3.79726 -3.97625 93.2313
120163 31.2484 27.7243 22.4477 11.8109 -3.79726 -3.97625 93.2313
120180 31.9604 24.1654 28.6938 13.3696 -5.88638 -2.14826 98.1892
120182 31.7487 20.2527 32.7063 13.9795 -7.65622 -0.807947 98.6872
120190 31.7487 20.2527 32.7063 13.9795 -7.65622 -0.807947 98.6872
120209 30.931 16.3843 34 13.389 -9.28094 0.0116783 94.7042
120211 30.931 16.3843 34 13.389 -9.28094 0.0116783 94.7042
120225 29.9593 12.9015 34 12.8274 -10.6564 0.66341 89.6882
120244 29.1703 10.2847 34 12.537 -11.7304 1.23535 85.992
120246 29.1703 10.2847 34 12.537 -11.7304 1.23535 85.992
120270 28.1217 7.72552 34 12.7403 -12.6096 1.97847 82.5875
120273 28.1217 7.72552 34 12.7403 -12.6096 1.97847 82.5875
120285 27.8523 7.80249 34 13.0404 -12.3977 2.06523 82.6952
120303 27.4867 7.79287 34 13.205 -12.2716 2.16867 82.4846
120311 27.0538 7.7159 34 13.2244 -12.2306 2.27847 81.994
120327 27.0538 7.7159 34 13.2244 -12.2306 2.27847 81.994
120333 26.6208 7.65818 34 13.0792 -12.2555 2.35996 81.3582
120341 26.2937 7.59083 34 12.9049 -12.3153 2.41746 80.7895
120356 26.2937 7.59083 34 12.9049 -12.3153 2.41746 80.7895
120363 26.1686 7.57159 34 12.6629 -12.4169 2.41085 80.4031
120371 26.1686 7.57159 34 12.6629 -12.4169 2.41085 80.4031
120386 26.1975 7.61969 34 12.4208 -12.5118 2.35617 80.238
120396 26.4765 7.68704 34 12.2079 -12.6231 2.24787 80.3714
120416 26.8229 7.80249 34 12.1207 -12.663 2.13547 80.7461
120423 27.2847 7.97567 34 12.0723 -12.6753 1.99403 81.3327
120443 27.2847 7.97567 34 12.0723 -12.6753 1.99403 81.3327
120448 27.631 8.10074 34 11.9852 -12.7101 1.88213 81.7169
120472 27.8715 8.1777 34 11.9465 -12.7285 1.81056 81.9957
120475 28.0928 8.23543 34 11.9271 -12.7439 1.75044 82.2553
120484 28.0928 8.23543 34 11.9271 -12.7439 1.75044 82.2553
120503 28.3333 8.52405 34 12.6822 -12.3076 1.76411 83.5396
120505 29.6225 10.9293 34 12.9243 -11.3657 1.09272 87.476
120515 29.6225 10.9293 34 12.9243 -11.3657 1.09272 87.476
120531 30.5846 13.4018 32.4132 13.2341 -10.1418 0.277938 89.6337
120535 30.5846 13.4018 32.4132 13.2341 -10.1418 0.277938 89.6337
120545 31.5371 16.7883 29.5832 13.0114 -8.61212 -0.945466 90.92
120560 32.249 20.2431 25.9548 12.4692 -7.00961 -2.32105 90.9162
120565 32.249 20.2431 25.9548 12.4692 -7.00961 -2.32105 90.9162
120575 32.249 22.7878 21.9625 11.8593 -5.50434 -3.58124 88.8587
120590 31.6429 25.0838 18.4049 11.7238 -3.81096 -4.59351 86.8554
120596 31.6429 25.0838 18.4049 11.7238 -3.81096 -4.59351 86.8554
120605 30.5269 27.2746 16.6964 14.3571 -1.57325 -4.51545 88.855
120620 30.5269 27.2746 16.6964 14.3571 -1.57325 -4.51545 88.855
120626 28.7951 29.0923 18.1825 21.8723 1.01767 -2.73109 97.9422
120650 26.2552 29.5037 18.6272 26.5516 2.76726 -1.57226 100.938
120652 26.2552 29.5037 18.6272 26.5516 2.76726 -1.57226 100.938
120656 23.0034 29.2167 16.9595 27.1884 4.26546 -1.25645 96.368
120667 19.7035 28.7479 15.3202 27.5165 5.81693 -0.922571 91.288
120682 19.7035 28.7479 15.3202 27.5165 5.81693 -0.922571 91.288
120691 16.7101 28.6235 14.1667 28.1243 7.38123 -0.520852 87.6245
120711 16.7101 28.6235 14.1667 28.1243 7.38123 -0.520852 87.6245
120712 13.9653 28.5374 13.3167 29.2821 8.97091 0.0169194 85.1015
120721 11.4815 28.7001 12.9524 30.4591 10.3852 0.579582 83.5931
120741 11.4815 28.7001 12.9524 30.4591 10.3852 0.579582 83.5931
120743 10.0222 29.341 13.0637 31.8871 11.3096 0.994062 84.3139
120748 9.1137 29.9055 13.1851 33.1413 11.9362 1.2843 85.3456
120775 8.95907 30.7569 13.5798 33.8842 12.0734 1.33311 87.1799
120779 8.95907 30.7569 13.5798 33.8842 12.0734 1.33311 87.1799
120789 9.24901 31.3596 13.6506 34 12.0271 1.19681 88.2592
120804 9.4133 31.6179 13.7417 34 11.9583 1.13387 88.7729
120809 9.4133 31.6179 13.7417 34 11.9583 1.13387 88.7729
120836 9.54861 31.5988 13.7214 33.8263 11.882 1.08243 88.6951
120838 9.52928 31.3309 13.7012 33.5562 11.8185 1.08898 88.1176
120851 9.53894 31.0535 13.6202 33.2474 11.7601 1.07625 87.4601
120869 9.53894 31.0535 13.6202 33.2474 11.7601 1.07625 87.4601
120872 9.30699 30.5082 13.3268 32.7843 11.8295 1.09908 85.9263
120880 9.13303 29.915 13.2054 32.3598 11.7997 1.15534 84.6132
120901 9.13303 29.915 13.2054 32.3598 11.7997 1.15534 84.6132
120903 8.7851 29.1975 13.0435 32.0318 11.8594 1.28091 83.0579
120912 8.44685 28.4035 13.003 31.8292 11.87 1.46576 81.6825
120933 8.44685 28.4035 13.003 31.8292 11.87 1.46576 81.6825
120934 8.16657 27.5808 13.1952 32.0125 11.8064 1.7529 80.955
120941 8.16657 27.5808 13.1952 32.0125 11.8064 1.7529 80.955
120965 7.84764 26.7485 13.1446 31.9739 11.8329 1.98002 79.7146
120967 9.35532 26.6528 14.2577 31.9064 10.632 1.85391 82.1722
120997 11.4525 26.7198 15.6643 30.5846 8.93956 1.43505 84.4211
120998 16.6424 27.0355 17.3537 27.9699 5.90137 0.27738 89.0015
121003 16.6424 27.0355 17.3537 27.9699 5.90137 0.27738 89.0015
121013 21.4544 26.7772 18.0815 24.1493 3.14786 -0.995036 90.4623
121031 24.8987 25.8301 18.6677 19.6146 0.527558 -2.09745 89.011
121040 24.8987 25.8301 18.6677 19.6146 0.527558 -2.09745 89.011
121061 28.0639 24.3376 19.8502 15.1896 -2.39785 -2.9783 87.4414
121063 28.0639 24.3376 19.8502 15.1896 -2.39785 -2.9783 87.4414
121065 30.4884 22.6348 23.3876 12.3821 -5.30389 -2.92826 88.8929
121075 32.2971 20.9223 32.3829 13.8633 -7.51373 -1.05161 99.4657
121101 32.4799 18.7124 34 15.635 -7.96721 -0.231691 100.827
121106 31.5756 15.6916 34 14.6959 -9.1671 0.223333 95.963
121127 31.5756 15.6916 34 14.6959 -9.1671 0.223333 95.963
121130 30.4499 12.5456 34 13.1372 -10.7528 0.689279 90.1327
121140 30.4499 12.5456 34 13.1372 -10.7528 0.689279 90.1327
121159 29.3339 9.91907 34 12.1595 -12.0753 1.21291 85.4124
121160 28.0447 8.06225 34 11.7432 -12.9014 1.76595 81.8501
121194 26.9191 6.72496 34 11.8013 -13.3403 2.2954 79.4453
121197 26.0724 6.16695 34 12.5661 -13.1144 2.72697 78.8055
121205 26.0724 6.16695 34 12.5661 -13.1144 2.72697 78.8055
121207 25.3605 6.2343 34 13.2728 -12.633 2.98183 78.8676
121230 25.3605 6.2343 34 13.2728 -12.633 2.98183 78.8676
