332188 8.85276 34 10.6149 34 13.8715 0.30219 87.4676
332205 12.9505 34 12.0518 32.08 11.2749 -0.464206 91.0824
332210 16.913 34 12.5173 27.4586 8.80974 -1.80504 90.8888
332218 16.913 34 12.5173 27.4586 8.80974 -1.80504 90.8888
332237 20.1556 34 12.2542 22.0846 6.68821 -3.35901 88.4944
332240 20.1556 34 12.2542 22.0846 6.68821 -3.35901 88.4944
332248 22.657 34 12.0012 17.2026 4.81721 -4.79612 85.8608
332266 24.764 34 12.5274 13.9892 3.13606 -5.672 85.2806
332269 24.764 34 12.5274 13.9892 3.13606 -5.672 85.2806
332279 26.717 32.7372 14.8042 13.205 1.26367 -5.39284 87.4634
332289 28.4103 30.9961 19.5571 14.7443 -0.594139 -4.01861 93.7077
332299 28.4103 30.9961 19.5571 14.7443 -0.594139 -4.01861 93.7077
332309 29.5359 28.8818 24.5803 16.7289 -2.13218 -2.57331 99.727
332320 29.8727 26.0788 27.1879 17.0386 -3.4796 -1.75562 100.178
332346 29.8149 22.5582 27.9156 15.9157 -5.00407 -1.33183 96.2045
332351 29.8149 22.5582 27.9156 15.9157 -5.00407 -1.33183 96.2045
332363 29.4493 18.5402 28.3906 14.8024 -6.71656 -0.789063 91.1826
332371 29.1222 15.1624 28.8757 14.0279 -8.26018 -0.237591 87.1883
332381 29.1222 15.1624 28.8757 14.0279 -8.26018 -0.237591 87.1883
332391 29.1415 13.0266 29.1385 13.4858 -9.3663 0.0807041 84.7924
332406 29.4205 11.9972 29.2699 13.3696 -9.91101 0.218039 84.0572
332412 29.4205 11.9972 29.2699 13.3696 -9.91101 0.218039 84.0572
332423 29.94 12.0934 29.4417 13.4083 -9.97841 0.144314 84.8834
332432 29.94 12.0934 29.4417 13.4083 -9.97841 0.144314 84.8834
332447 30.4114 12.4301 29.2295 13.3502 -9.90988 -0.0459766 85.4213
332453 30.7578 12.661 28.6433 13.0308 -9.90369 -0.307563 85.0928
332464 30.7578 12.661 28.6433 13.0308 -9.90369 -0.307563 85.0928
332473 30.9791 12.7187 27.9762 12.4789 -10.0287 -0.577991 84.1529
332484 31.412 12.9015 27.299 12.0142 -10.103 -0.896885 83.6268
332493 31.412 12.9015 27.299 12.0142 -10.103 -0.896885 83.6268
332505 31.8161 13.0747 26.5815 11.4527 -10.2111 -1.24027 82.925
332513 31.8161 13.0747 26.5815 11.4527 -10.2111 -1.24027 82.925
332532 32.2875 13.2383 25.9548 10.9396 -10.3325 -1.57085 82.4202
332533 32.7397 13.3826 25.3888 10.5621 -10.4126 -1.85895 82.0731
332546 32.7397 13.3826 25.3888 10.5621 -10.4126 -1.85895 82.0731
332554 33.163 13.5461 24.9542 10.2329 -10.4822 -2.11035 81.8962
332567 33.5478 13.6135 24.6611 9.84567 -10.6375 -2.32425 81.6681
332577 33.5478 13.6135 24.6611 9.84567 -10.6375 -2.32425 81.6681
332587 33.8557 13.7482 24.2164 9.48747 -10.7113 -2.56433 81.3077
332604 34 13.7289 23.6403 9.07118 -10.828 -2.80035 80.4404
332614 34 13.6808 22.9732 8.63554 -10.9273 -3.04051 79.2896
332631 34 13.6808 22.9732 8.63554 -10.9273 -3.04051 79.2896
332636 34 16.7114 22.4982 9.25513 -9.25599 -3.44839 82.4647
332646 34 19.5352 21.4875 9.64237 -7.76884 -3.96952 84.6651
332655 34 19.5352 21.4875 9.64237 -7.76884 -3.96952 84.6651
332671 34 24.2228 19.9512 10.0683 -5.5699 -4.79417 88.2424
332679 34 24.2228 19.9512 10.0683 -5.5699 -4.79417 88.2424
332688 34 27.3416 18.1219 10.3007 -4.03268 -5.50092 89.7642
332697 34 30.8908 16.0893 10.6395 -2.33545 -6.2479 91.6196
332712 34 30.8908 16.0893 10.6395 -2.33545 -6.2479 91.6196
332720 34 34 14.3083 11.0752 -0.865561 -6.8454 93.3835
332728 33.7883 34 12.75 11.7625 -0.210133 -7.03284 92.3009
332740 33.7883 34 12.75 11.7625 -0.210133 -7.03284 92.3009
332748 31.4216 34 11.2321 12.6145 1.10922 -6.98597 89.2682
332763 28.6027 34 10.1798 14.5313 2.79132 -6.50956 87.3138
332769 28.6027 34 10.1798 14.5313 2.79132 -6.50956 87.3138
332778 25.4278 34 10.0583 18.5533 4.84645 -5.2504 88.0395
332788 25.4278 34 10.0583 18.5533 4.84645 -5.2504 88.0395
332798 22.2434 34 9.94702 22.7406 6.90149 -3.97314 88.931
332813 18.7414 34 9.43095 25.0948 8.85856 -3.13101 87.2671
332819 18.7414 34 9.43095 25.0948 8.85856 -3.13101 87.2671
332829 15.3764 34 8.5 26.2043 10.8015 -2.61749 84.0807
332839 15.3764 34 8.5 26.2043 10.8015 -2.61749 84.0807
332849 12.39 34 8.00417 27.748 12.5861 -1.94257 82.1422
332868 9.63559 34 7.98393 29.6005 14.1532 -1.11756 81.22
332873 9.63559 34 7.98393 29.6005 14.1532 -1.11756 81.22
332882 7.81865 34 8.18631 31.3854 15.1678 -0.414112 81.3903
332892 6.77487 34 8.42917 33.0255 15.7551 0.124011 82.2296
332900 6.77487 34 8.42917 33.0255 15.7551 0.124011 82.2296
332912 5.97271 34 8.76309 34 16.0947 0.505897 82.7358
332920 5.98238 34 8.85417 34 16.0447 0.520021 82.8365
332939 5.98238 34 8.85417 34 16.0447 0.520021 82.8365
332948 6.05003 34 8.6619 34 16.1065 0.473669 82.7119
332957 6.05003 34 8.6619 34 16.1065 0.473669 82.7119
332966 5.98238 34 8.41905 33.6141 16.2203 0.375066 82.0155
332972 6.00171 34 8.05476 32.7072 16.2978 0.141193 80.7636
332982 6.00171 34 8.05476 32.7072 16.2978 0.141193 80.7636
332994 6.0307 34 7.82202 31.8678 16.3117 -0.064145 79.7205
333003 6.06936 34 7.62976 31.3275 16.3326 -0.211093 79.0266
333013 6.06936 34 7.62976 31.3275 16.3326 -0.211093 79.0266
333023 6.15634 34 7.54881 30.9994 16.2933 -0.30648 78.7046
333033 6.15634 34 7.54881 30.9994 16.2933 -0.30648 78.7046
333045 6.17567 34 7.52857 30.8547 16.2777 -0.342236 78.5589
333053 6.195 34 7.53869 30.71 16.2461 -0.372175 78.4437
333068 6.195 34 7.53869 30.71 16.2461 -0.372175 78.4437
333074 6.195 34 7.37679 30.3337 16.2896 -0.478368 77.9055
333087 6.10802 34 6.98214 29.668 16.4731 -0.675735 76.7581
333097 6.10802 34 6.98214 29.668 16.4731 -0.675735 76.7581
333107 7.68334 34 7.56905 28.9637 15.2498 -0.987767 78.2161
333116 7.68334 34 7.56905 28.9637 15.2498 -0.987767 78.2161
333128 8.96873 34 8.35833 27.555 14.0171 -1.34162 78.8821
333134 12.7379 34 9.55238 25.1237 11.3105 -2.22231 81.414
333151 12.7379 34 9.55238 25.1237 11.3105 -2.22231 81.414
333156 17.2886 34 10.3417 21.6986 8.42095 -3.46488 83.3289
333165 20.2518 34 10.8679 17.8587 6.24831 -4.61421 82.9784
333175 20.2518 34 10.8679 17.8587 6.24831 -4.61421 82.9784
333193 22.9553 34 11.4345 14.1731 4.17357 -5.69523 82.5629
333197 22.9553 34 11.4345 14.1731 4.17357 -5.69523 82.5629
333207 25.5722 34 12.9524 11.9949 2.20965 -6.14502 84.5194
333217 27.7465 34 15.7554 11.4721 0.553608 -5.81952 88.9739
333232 27.7465 34 15.7554 11.4721 0.553608 -5.81952 88.9739
333240 29.5552 31.9814 20.5779 12.6048 -1.46402 -4.49021 94.7193
333247 30.4595 28.8914 26.1367 14.5216 -3.29551 -2.80362 100.009
333266 30.4595 28.8914 26.1367 14.5216 -3.29551 -2.80362 100.009
333267 30.7385 25.2369 29.3002 15.0831 -4.91205 -1.73259 100.359
333277 30.7385 25.2369 29.3002 15.0831 -4.91205 -1.73259 100.359
333295 30.7097 21.1328 30.0077 14.0473 -6.65746 -1.2181 95.8975
333297 30.3826 16.9519 29.8864 12.6241 -8.54053 -0.805365 89.8451
333307 30.3826 16.9519 29.8864 12.6241 -8.54053 -0.805365 89.8451
333322 30.4595 13.6808 29.5529 11.6464 -10.161 -0.516949 85.3396
333330 30.8925 12.0164 29.2194 11.0074 -11.1529 -0.483926 83.1357
333338 30.8925 12.0164 29.2194 11.0074 -11.1529 -0.483926 83.1357
333352 31.6044 11.7085 29.1385 10.959 -11.4121 -0.578242 83.4105
333358 31.6044 11.7085 29.1385 10.959 -11.4121 -0.578242 83.4105
333375 32.5665 12.2377 29.1891 11.0461 -11.31 -0.805921 85.0394
333388 33.4228 12.6995 29.0476 11.1333 -11.1924 -1.03265 86.3031
333407 33.8364 12.9785 29.0071 11.172 -11.1195 -1.14419 86.9941
333410 34 13.1228 28.6534 10.9784 -11.1096 -1.29522 86.7546
333420 34 13.1228 28.6534 10.9784 -11.1096 -1.29522 86.7546
333431 34 13.2286 28.1885 10.7847 -11.0714 -1.43653 86.2018
333442 34 13.2286 28.1885 10.7847 -11.0714 -1.43653 86.2018
333450 33.7402 13.0939 27.7438 10.6782 -11.0584 -1.48004 85.2562
333465 33.2881 12.9785 27.39 10.6782 -10.9745 -1.45817 84.3348
333472 33.2881 12.9785 27.39 10.6782 -10.9745 -1.45817 84.3348
333482 32.7397 12.7765 27.3294 10.7654 -10.9218 -1.33141 83.6109
333492 32.2779 12.6129 27.1778 10.7363 -10.9011 -1.26382 82.8049
333511 32.2779 12.6129 27.1778 10.7363 -10.9011 -1.26382 82.8049
333522 31.893 12.5071 26.824 10.5814 -10.8882 -1.28255 81.8056
333536 31.6718 12.3628 26.4298 10.2329 -10.9997 -1.37026 80.6973
333537 31.6718 12.3628 26.4298 10.2329 -10.9997 -1.37026 80.6973
333543 31.7968 12.4301 25.8639 9.81663 -11.0797 -1.60432 79.9074
333553 31.7968 12.4301 25.8639 9.81663 -11.0797 -1.60432 79.9074
333568 32.1528 12.4782 25.2473 9.40034 -11.2015 -1.88891 79.2787
333574 32.5569 12.6225 24.7925 9.74886 -10.9689 -2.00162 79.7208
333584 32.5569 12.6225 24.7925 9.74886 -10.9689 -2.00162 79.7208
333594 33.3746 15.0085 24.3276 10.0877 -9.84501 -2.53046 82.7984
333604 34 18.081 23.3775 11.0268 -8.17183 -3.06585 86.4853
333629 34 18.081 23.3775 11.0268 -8.17183 -3.06585 86.4853
333630 34 22.7783 21.3864 11.3366 -5.9417 -4.03155 89.5013
333635 34 22.7783 21.3864 11.3366 -5.9417 -4.03155 89.5013
333654 34 26.7102 19.0214 11.1817 -4.16044 -5.03344 90.9133
333656 34 29.6854 16.8685 11.3075 -2.68761 -5.79832 91.8614
333666 34 29.6854 16.8685 11.3075 -2.68761 -5.79832 91.8614
333675 34 32.7181 15.2798 12.1691 -1.16616 -6.25525 94.167
333685 34 34 14.7536 15.7415 0.250748 -5.71171 98.495
333700 34 34 14.7536 15.7415 0.250748 -5.71171 98.495
333707 31.7872 34 14.7637 20.4926 1.96493 -4.53234 101.044
333724 31.7872 34 14.7637 20.4926 1.96493 -4.53234 101.044
333727 28.4007 34 13.175 21.7855 3.64873 -4.22759 97.3612
333737 23.9174 34 10.7464 21.525 5.78264 -4.26538 90.1888
333752 23.9174 34 10.7464 21.525 5.78264 -4.26538 90.1888
333758 19.3282 34 8.68214 21.9784 8.32493 -4.04834 83.9888
333770 14.7675 34 7.32619 23.4353 11.1097 -3.39612 79.529
333778 14.7675 34 7.32619 23.4353 11.1097 -3.39612 79.529
333793 10.8147 34 6.87083 25.7605 13.582 -2.35971 77.446
333798 8.33087 34 7.24524 28.7418 15.0558 -1.21502 78.3179
333816 8.33087 34 7.24524 28.7418 15.0558 -1.21502 78.3179
333819 7.21944 34 7.88274 31.6748 15.6519 -0.308608 80.777
333832 7.21944 34 7.88274 31.6748 15.6519 -0.308608 80.777
333841 6.9585 34 8.53036 33.7202 15.6928 0.232918 83.2091
333849 7.13246 34 8.75298 34 15.5315 0.289773 83.8854
333876 7.04548 34 8.58095 34 15.657 0.275416 83.6264
333880 6.93917 34 8.43929 33.6527 15.7393 0.208256 83.0311
333890 6.93917 34 8.43929 33.6527 15.7393 0.208256 83.0311
333900 6.82319 34 8.32798 33.286 15.8105 0.143895 82.4372
333912 6.82319 34 8.32798 33.286 15.8105 0.143895 82.4372
333920 6.57192 34 8.36845 32.9773 15.8809 0.141698 81.9177
333937 6.34963 34 8.27738 32.7457 16.0123 0.124149 81.3728
333940 6.34963 34 8.27738 32.7457 16.0123 0.124149 81.3728
333960 6.04036 34 8.24702 32.4563 16.1526 0.123162 80.7437
333962 5.75043 34 8.26726 32.4563 16.2905 0.181389 80.474
333972 5.75043 34 8.26726 32.4563 16.2905 0.181389 80.474
333982 5.52814 34 8.39881 32.7457 16.3682 0.30055 80.6727
333992 5.52814 34 8.39881 32.7457 16.3682 0.30055 80.6727
334010 5.36384 33.6078 8.51012 33.2764 16.4102 0.522839 80.7581
334013 5.2672 33.3208 8.67202 33.6623 16.3873 0.69444 80.9223
334027 5.2672 33.3208 8.67202 33.6623 16.3873 0.69444 80.9223
334037 5.28653 33.4643 8.68214 33.7299 16.3947 0.676643 81.1628
334045 5.33485 33.7034 8.59107 33.479 16.4152 0.560694 81.1084
334054 5.33485 33.7034 8.59107 33.479 16.4152 0.560694 81.1084
334063 6.76521 34 9.04643 33.2764 15.485 0.281197 83.088
334078 6.76521 34 9.04643 33.2764 15.485 0.281197 83.088
334084 7.90563 34 9.6131 32.2054 14.5378 -0.0156015 83.7242
334100 11.0659 34 10.5643 29.861 12.3494 -0.814244 85.4912
334104 11.0659 34 10.5643 29.861 12.3494 -0.814244 85.4912
334114 15.6953 34 10.9488 26.214 9.66228 -2.16431 86.8581
334124 19.9151 34 10.9286 21.5443 7.14816 -3.72313 86.3879
334134 19.9151 34 10.9286 21.5443 7.14816 -3.72313 86.3879
334153 23.446 34 10.7768 16.758 4.86441 -5.27964 84.9807
334162 23.446 34 10.7768 16.758 4.86441 -5.27964 84.9807
334172 26.6208 34 11.7179 13.4664 2.65943 -6.19484 85.8051
334180 29.4397 34 16.2006 13.7375 0.56147 -5.38163 93.3778
334186 29.4397 34 16.2006 13.7375 0.56147 -5.38163 93.3778
334199 31.3735 34 23.2866 16.2255 -1.057 -3.69852 104.886
334210 31.9508 31.3596 26.7634 16.5644 -2.52963 -2.81081 106.638
334223 31.9508 31.3596 26.7634 16.5644 -2.52963 -2.81081 106.638
334227 31.2965 26.3849 27.4709 15.0251 -4.33168 -2.2738 100.177
334237 31.2965 26.3849 27.4709 15.0251 -4.33168 -2.2738 100.177
334248 29.9977 20.3388 28.0166 13.4374 -6.60151 -1.45154 91.7905
334258 28.747 14.893 29.4215 12.6726 -8.9238 -0.270486 85.7341
334273 28.747 14.893 29.4215 12.6726 -8.9238 -0.270486 85.7341
334278 27.7561 11.343 31.4227 13.0211 -10.4182 0.959641 83.5428
334288 27.2654 9.45727 33.5048 13.6987 -11.2045 1.87322 83.9262
334300 27.2654 9.45727 33.5048 13.6987 -11.2045 1.87322 83.9262
334308 27.1115 8.95699 34 14.6572 -11.0643 2.22873 84.7257
334324 27.1307 8.94737 34 15.1412 -10.8667 2.29933 85.2193
334334 27.1307 8.94737 34 15.1412 -10.8667 2.29933 85.2193
334340 26.8325 8.90889 34 15.1606 -10.8251 2.37083 84.902
334350 26.8325 8.90889 34 15.1606 -10.8251 2.37083 84.902
334359 26.4573 8.68761 34 15.1315 -10.8684 2.48943 84.2764
334378 25.9762 8.37974 34 14.9573 -10.9944 2.62887 83.3133
334379 25.9762 8.37974 34 14.9573 -10.9944 2.62887 83.3133
334395 25.2739 8.19694 34 14.8024 -11.0226 2.79524 82.2732
334400 24.687 7.92756 34 14.6862 -11.0925 2.96521 81.3008
334410 24.687 7.92756 34 14.6862 -11.0925 2.96521 81.3008
334421 24.1771 7.76401 34 14.6378 -11.0995 3.10813 80.579
334430 24.1771 7.76401 34 14.6378 -11.0995 3.10813 80.579
334446 23.7634 7.62932 34 14.8411 -10.9969 3.26203 80.2339
334455 23.3594 7.46576 34 15.18 -10.8473 3.44131 80.0051
334473 23.3594 7.46576 34 15.18 -10.8473 3.44131 80.0051
334474 23.0996 7.31183 34 15.3639 -10.7878 3.56359 79.7753
334482 22.9168 7.24448 34 15.664 -10.6509 3.66476 79.8253
334498 22.9168 7.24448 34 15.664 -10.6509 3.66476 79.8253
334507 22.9553 7.2541 34 15.7027 -10.6362 3.65902 79.9121
334513 22.9553 7.2541 34 15.7027 -10.6362 3.65902 79.9121
334523 23.09 7.29259 34 15.664 -10.6605 3.61317 80.0466
334533 23.4748 7.41766 34 15.3639 -10.807 3.45233 80.2564
334548 23.4748 7.41766 34 15.3639 -10.807 3.45233 80.2564
334554 24.5716 9.16865 34 16.0609 -9.94676 2.92133 83.8012
334572 25.8993 11.1986 34 16.6224 -9.14217 2.31267 87.7203
334575 25.8993 11.1986 34 16.6224 -9.14217 2.31267 87.7203
334584 27.1692 14.3254 33.2925 16.758 -8.02291 1.40191 91.5451
334599 28.0928 17.5644 29.8056 16.0706 -6.62691 0.0358826 91.5334
334609 28.0928 17.5644 29.8056 16.0706 -6.62691 0.0358826 91.5334
334615 28.2948 20.1092 25.6617 14.8992 -5.32462 -1.32239 88.9649
334625 28.2948 20.1092 25.6617 14.8992 -5.32462 -1.32239 88.9649
334635 28.2756 22.3191 21.2551 13.5923 -3.98496 -2.76457 85.442
334650 28.1986 24.682 17.4144 13.2244 -2.30683 -3.99463 83.5194
334659 28.1986 24.682 17.4144 13.2244 -2.30683 -3.99463 83.5194
334673 27.8908 26.7676 16.1095 17.2894 0.0161052 -3.6214 88.0573
334678 27.2269 28.6427 18.4049 27.4007 2.56 -1.48473 101.675
334688 27.2269 28.6427 18.4049 27.4007 2.56 -1.48473 101.675
334699 25.5529 28.834 18.1118 31.0477 3.91539 -0.757262 103.546
334708 25.5529 28.834 18.1118 31.0477 3.91539 -0.757262 103.546
334727 22.9553 28.6427 15.9679 30.2372 5.10126 -0.8271 97.803
334729 19.665 28.2313 14.2071 30.2855 6.66873 -0.552606 92.3889
334738 19.665 28.2313 14.2071 30.2855 6.66873 -0.552606 92.3889
334758 16.0432 27.6764 12.9119 31.2406 8.5243 0.0739002 87.8722
334759 12.5543 26.8728 12.4161 32.8712 10.262 1.03763 84.7144
334782 9.89653 26.0597 12.8208 34 11.278 1.96878 82.777
334792 9.89653 26.0597 13.4887 34 10.9876 2.07308 83.4449
334804 7.86697 25.6483 13.4887 34 11.8181 2.58755 81.0039
334810 6.41728 25.61 14.1161 34 12.1896 3.01125 80.1434
334831 6.41728 25.61 14.1161 34 12.1896 3.01125 80.1434
334833 5.62479 25.6005 14.3488 34 12.4497 3.22785 79.5741
334840 5.38317 25.7631 14.5208 34 12.508 3.27135 79.6671
334857 5.38317 25.7631 14.5208 34 12.508 3.27135 79.6671
334861 5.57646 25.7822 14.6423 34 12.3634 3.24063 80.0009
334884 5.7021 25.7918 14.6726 34 12.2923 3.21432 80.1665
334886 5.7021 25.7918 14.6726 34 12.2923 3.21432 80.1665
334892 5.80841 25.8109 14.5714 34 12.2929 3.17096 80.1908
334909 5.80841 25.8109 14.5714 34 12.2929 3.17096 80.1908
334912 5.96305 25.9449 14.4399 34 12.3034 3.08633 80.3478
334935 6.08869 26.1266 14.2476 34 12.3629 2.98877 80.4629
334937 6.08869 26.1266 14.2476 34 12.3629 2.98877 80.4629
334943 6.09835 26.0884 14.025 34 12.4561 2.96184 80.2117
334962 6.05003 25.9353 13.7619 34 12.5783 2.96749 79.7472
334964 6.05003 25.9353 13.7619 34 12.5783 2.96749 79.7472
334974 5.87607 25.7918 13.6101 34 12.7102 3.0164 79.278
334987 5.87607 25.7918 13.6101 34 12.7102 3.0164 79.278
334994 5.7311 25.6483 13.519 34 12.8007 3.06844 78.8984
335004 5.63445 25.7918 13.2357 34 13.0055 3.0147 78.6619
335018 5.63445 25.7918 13.2357 34 13.0055 3.0147 78.6619
335024 5.66344 26.0501 12.7601 34 13.2613 2.87611 78.4736
335043 5.63445 26.538 12.3048 34 13.5704 2.70123 78.4772
335046 5.63445 26.538 12.3048 34 13.5704 2.70123 78.4772
335056 8.09892 27.9634 12.497 34 12.5266 1.89585 82.5594
335069 8.09892 27.9634 12.497 34 12.5266 1.89585 82.5594
335076 10.689 29.2358 12.922 32.5238 11.1714 0.970069 85.3707
335096 14.7868 30.556 13.3268 29.3785 9.0351 -0.449324 88.0481
335103 14.7868 30.556 13.3268 29.3785 9.0351 -0.449324 88.0481
335112 17.8178 31.1204 13.428 25.1141 7.14126 -1.7826 87.4802
335125 21.4929 31.3022 13.2661 20.2804 4.87123 -3.34405 86.3416
335129 21.4929 31.3022 13.2661 20.2804 4.87123 -3.34405 86.3416
335138 25.4952 31.6179 13.2357 15.9641 2.56367 -4.85094 86.3129
335152 28.1602 31.4648 14.794 13.389 0.540835 -5.37115 87.808
335181 30.6904 30.9674 19.9614 14.2022 -1.43034 -4.30399 95.8213
335183 30.6904 30.9674 19.9614 14.2022 -1.43034 -4.30399 95.8213
335188 32.3933 29.9724 28.1885 17.2991 -3.08527 -2.34738 107.853
335198 32.5184 27.4851 30.7253 17.2412 -4.28763 -1.67226 107.97
335210 32.5184 27.4851 30.7253 17.2412 -4.28763 -1.67226 107.97
335219 31.7487 23.7062 29.6742 14.9186 -5.69681 -1.62855 100.048
335237 30.8059 19.1142 29.3103 12.6822 -7.7029 -1.29376 91.9127
335240 30.8059 19.1142 29.3103 12.6822 -7.7029 -1.29376 91.9127
335249 29.8823 14.5948 29.9875 11.4818 -9.82974 -0.524943 85.9464
335266 29.8823 14.5948 29.9875 11.4818 -9.82974 -0.524943 85.9464
335274 29.3243 11.1121 31.6956 11.3269 -11.5569 0.464805 83.4588
335280 29.1415 9.07244 33.6159 11.869 -12.49 1.30307 83.6989
335294 29.1415 9.07244 33.6159 11.869 -12.49 1.30307 83.6989
335301 29.1896 8.1296 34 12.6048 -12.6469 1.65965 83.924
335310 29.4975 8.30277 34 13.3986 -12.2643 1.68988 85.1989
335325 29.4975 8.30277 34 13.3986 -12.2643 1.68988 85.1989
335332 29.6321 8.50481 34 13.6503 -12.0872 1.66343 85.7873
335342 29.6321 8.50481 34 13.6503 -12.0872 1.66343 85.7873
335357 29.459 8.42784 34 13.5342 -12.1448 1.69409 85.421
335362 28.8913 8.25467 34 13.1469 -12.3052 1.77967 84.2929
335384 28.8913 8.25467 34 13.1469 -12.3052 1.77967 84.2929
335388 28.4295 8.08149 34 12.721 -12.5033 1.84002 83.232
335393 27.7849 7.96604 33.5654 12.4499 -12.5157 1.88298 81.7663
335413 27.7849 7.96604 33.5654 12.4499 -12.5157 1.88298 81.7663
335415 27.4097 7.93718 33.1207 12.3918 -12.4294 1.88579 80.8594
335426 27.4097 7.93718 33.1207 12.3918 -12.4294 1.88579 80.8594
335447 26.794 7.86022 33.5553 12.8565 -12.2223 2.17556 81.066
335457 26.794 7.86022 33.5553 12.8565 -12.2223 2.17556 81.066
335472 26.592 7.74477 34 13.1663 -12.1716 2.36118 81.503
335475 26.3418 7.73514 34 13.3405 -12.057 2.44362 81.4175
335484 26.3418 7.73514 34 13.3405 -12.057 2.44362 81.4175
335503 26.4284 7.7159 34 13.3986 -12.0531 2.43816 81.543
335506 26.4092 7.7159 34 13.3986 -12.0501 2.44227 81.5237
335514 26.4092 7.67742 34 13.1469 -12.1824 2.41163 81.2335
335530 26.592 7.73514 33.5856 12.7887 -12.2841 2.23922 80.7014
335546 27.3424 9.18789 32.868 13.2341 -11.4327 1.73754 82.6323
335560 28.4103 11.8529 31.8169 13.8924 -10.027 0.950205 85.9724
335565 28.4103 11.8529 31.8169 13.8924 -10.027 0.950205 85.9724
335575 29.5552 16.0187 29.4721 14.299 -8.03336 -0.302673 89.3449
335590 30.5076 20.6258 25.6112 13.8052 -5.98781 -1.94098 90.5498
335597 30.5076 20.6258 25.6112 13.8052 -5.98781 -1.94098 90.5498
335607 30.9983 24.6725 21.1136 12.9823 -4.02628 -3.60516 89.7667
335620 30.9983 24.6725 21.1136 12.9823 -4.02628 -3.60516 89.7667
335627 31.21 28.2026 16.8988 12.2756 -2.15341 -5.12007 88.587
335650 31.0753 31.1874 13.7012 12.1595 -0.405571 -6.19621 88.1233
335651 31.0753 31.1874 13.7012 12.1595 -0.405571 -6.19621 88.1233
335658 30.5173 33.6078 12.2137 13.7278 1.27811 -6.35923 90.0665
335680 29.4782 34 13.1345 19.6146 2.85831 -4.79007 96.2274
335682 29.4782 34 13.1345 19.6146 2.85831 -4.79007 96.2274
335688 27.8619 34 14.7131 26.9086 4.42911 -2.93382 103.484
335714 24.9949 34 13.6202 27.9024 5.79184 -2.60735 100.518
335719 21.3486 34 11.5762 27.0244 7.47734 -2.674 93.9492
335742 21.3486 34 11.5762 27.0244 7.47734 -2.674 93.9492
335743 17.1732 34 10.0179 27.2656 9.6303 -2.35534 88.4566
335749 13.4531 34 9.16786 28.1725 11.6611 -1.78894 84.7935
335759 13.4531 34 9.16786 28.1725 11.6611 -1.78894 84.7935
335775 10.5731 33.6365 9.16786 29.8127 13.1351 -0.942831 83.1901
335784 10.5731 33.6365 9.16786 29.8127 13.1351 -0.942831 83.1901
335790 8.52416 33.3495 9.54226 31.7327 14.1361 -0.108 83.1486
335807 7.47072 33.3112 10.0887 33.5176 14.5961 0.502031 84.3882
335810 7.47072 33.3112 10.0887 33.5176 14.5961 0.502031 84.3882
335838 7.06481 33.3782 10.7161 34 14.5602 0.752669 85.159
335838 7.15179 33.5599 11.0095 34 14.4068 0.752054 85.7212
335849 7.15179 33.5599 11.0095 34 14.4068 0.752054 85.7212
335868 7.29676 33.646 11.0095 34 14.3509 0.709707 85.9523
335869 7.29676 33.646 11.0095 34 14.3509 0.709707 85.9523
335877 7.18078 33.5217 10.9387 34 14.4213 0.741974 85.6411
335882 7.27743 33.4164 10.797 34 14.429 0.719928 85.4909
335900 7.27743 33.4164 10.797 34 14.429 0.719928 85.4909
335907 7.31609 33.2825 10.6048 34 14.4835 0.705285 85.2034
335913 7.34508 33.2251 10.4833 33.7491 14.4883 0.647793 84.8027
335931 7.34508 33.2251 10.4833 33.7491 14.4883 0.647793 84.8027
335933 7.31609 33.139 10.2304 33.1124 14.5305 0.516894 83.7978
335943 7.21944 33.0912 9.89643 32.3888 14.6388 0.358599 82.5958
335964 7.21944 33.0912 9.89643 32.3888 14.6388 0.358599 82.5958
335965 7.1228 33.0433 9.55238 31.6459 14.7528 0.190276 81.3644
335974 7.1228 33.0433 9.55238 31.6459 14.7528 0.190276 81.3644
335995 7.14213 33.0625 9.23869 30.8547 14.8 -0.020771 80.298
335997 7.20978 33.3973 8.85417 30.0443 14.8976 -0.322364 79.5055
336009 7.20978 33.3973 8.85417 30.0443 14.8976 -0.322364 79.5055
336029 7.40307 34 9.02619 29.1856 14.682 -0.601262 79.6148
336031 9.50028 34 9.09702 28.2883 13.5039 -1.134 80.8856
336039 9.50028 34 9.09702 28.2883 13.5039 -1.134 80.8856
336045 12.1194 34 9.9875 26.6771 11.6478 -1.71316 82.784
336065 15.8403 34 10.6048 24.1396 9.36772 -2.67706 84.5846
336075 19.4533 34 10.7869 20.8882 7.23847 -3.83742 85.1284
336092 19.4533 34 10.7869 20.8882 7.23847 -3.83742 85.1284
336101 22.5031 34 10.6857 17.3377 5.3678 -5.05398 84.5265
336107 25.4952 34 11.0095 14.2699 3.46956 -6.05412 84.7746
336125 25.4952 34 11.0095 14.2699 3.46956 -6.05412 84.7746
336127 28.3333 34 13.4482 12.9243 1.44937 -6.08092 88.7058
336137 28.3333 34 13.4482 12.9243 1.44937 -6.08092 88.7058
336157 30.7193 34 20.0119 14.7249 -0.504303 -4.52196 99.4561
336158 32.0855 32.8616 25.1564 16.0997 -1.94923 -3.34609 106.203
336172 32.0855 32.8616 25.1564 16.0997 -1.94923 -3.34609 106.203
336189 32.3933 29.121 26.3389 14.9282 -3.57141 -2.95489 102.781
336197 31.9989 24.4716 26.4298 12.9823 -5.46887 -2.66861 95.8826
336200 31.9989 24.4716 26.4298 12.9823 -5.46887 -2.66861 95.8826
336223 31.6718 19.363 27.0666 11.3656 -7.82685 -2.11294 89.4669
336227 31.6718 19.363 27.0666 11.3656 -7.82685 -2.11294 89.4669
336235 31.2773 14.5274 28.1683 10.4362 -10.2127 -1.27953 84.4092
336239 31.2196 11.1505 30.0178 10.5233 -11.9295 -0.330884 82.9113
336257 31.2196 11.1505 30.0178 10.5233 -11.9295 -0.330884 82.9113
336262 31.6718 9.43803 31.7967 10.8815 -12.8744 0.280784 83.788
336270 32.3933 8.8223 33.3228 11.5883 -13.1509 0.64361 86.1267
336289 32.3933 8.8223 33.3228 11.5883 -13.1509 0.64361 86.1267
336291 33.1245 9.17827 34 11.8593 -13.0688 0.605119 88.1621
336301 33.1245 9.17827 34 11.8593 -13.0688 0.605119 88.1621
336323 33.4709 9.22637 33.909 11.8206 -13.0992 0.514394 88.4269
336325 33.4901 9.19751 33.2521 11.3559 -13.2277 0.329983 87.2956
336331 33.4901 9.19751 33.2521 11.3559 -13.2277 0.329983 87.2956
336357 33.2977 9.09168 32.4334 10.93 -13.3259 0.170374 85.7527
336359 32.7589 8.88002 31.5541 10.5911 -13.3802 0.090639 83.7842
336362 32.7589 8.88002 31.5541 10.5911 -13.3802 0.090639 83.7842
336372 32.1528 8.69723 30.9477 10.3878 -13.3891 0.0886023 82.1855
336390 31.4601 8.51443 30.6748 10.3975 -13.3327 0.203172 81.0468
336393 31.4601 8.51443 30.6748 10.3975 -13.3327 0.203172 81.0468
336407 30.9791 8.39898 30.9376 10.5427 -13.2871 0.389986 80.8583
336424 30.4403 8.24505 31.2711 10.7847 -13.2156 0.626167 80.7412
336433 30.0555 8.10074 31.7461 10.9977 -13.1963 0.850618 80.9
336456 30.0555 8.10074 31.7461 10.9977 -13.1963 0.850618 80.9
336458 29.6225 7.95642 32.1807 11.2785 -13.1322 1.08842 81.0382
336468 29.3531 7.93718 32.5749 11.5786 -13.0189 1.26403 81.4438
336490 29.3531 7.93718 32.5749 11.5786 -13.0189 1.26403 81.4438
336492 29.305 7.92756 32.9994 11.7528 -12.9975 1.3758 81.9848
336495 29.305 7.92756 32.9994 11.7528 -12.9975 1.3758 81.9848
336525 29.2666 7.93718 33.3228 12.5661 -12.6624 1.56786 83.0926
336527 30.2479 10.2654 33.5856 13.1276 -11.5907 1.06617 87.2265
336528 30.2479 10.2654 33.5856 13.1276 -11.5907 1.06617 87.2265
336535 31.1138 12.4878 33.0904 13.7762 -10.4844 0.541347 90.4682
336559 31.7199 14.8738 31.8775 13.9505 -9.40611 -0.12427 92.4216
336564 31.7199 14.8738 31.8775 13.9505 -9.40611 -0.12427 92.4216
336573 32.2875 17.0478 29.8258 13.6987 -8.44464 -0.938636 92.8599
336592 32.2875 17.0478 26.7331 13.6987 -7.87425 -1.48777 89.7671
336594 32.5088 19.1621 26.7331 13.0308 -7.39572 -1.95337 91.4347
336601 32.605 21.1328 22.9227 12.0142 -6.30976 -3.1803 88.6747
336609 32.605 21.1328 22.9227 12.0142 -6.30976 -3.1803 88.6747
336627 32.4414 23.0174 19.4257 11.84 -4.90337 -4.18449 86.7245
336632 32.1143 24.8064 18.4352 16.9226 -2.38965 -3.50509 92.2785
336638 32.1143 24.8064 18.4352 16.9226 -2.38965 -3.50509 92.2785
336662 31.6429 26.1362 19.3246 23.8309 -0.247799 -2.17323 100.935
336664 29.6899 26.2797 18.1724 25.664 1.02234 -1.82351 99.806
336673 29.6899 26.2797 18.1724 25.664 1.02234 -1.82351 99.806
336697 26.8613 26.4328 16.0893 25.6158 2.39421 -1.82986 94.9992
336699 26.8613 26.4328 16.0893 25.6158 2.39421 -1.82986 94.9992
336701 23.2151 26.4615 14.4804 26.6964 4.25478 -1.40332 90.8532
336734 19.2801 26.6337 13.3571 28.3944 6.38531 -0.712176 87.6654
336735 19.2801 26.6337 13.3571 28.3944 6.38531 -0.712176 87.6654
336737 15.4633 26.7102 12.6893 30.4688 8.50399 0.173069 85.3316
336740 12.187 26.8633 12.7905 33.2474 10.3226 1.23183 85.0882
336750 12.187 26.8633 12.7905 33.2474 10.3226 1.23183 85.0882
336770 9.64525 27.2268 13.1548 34 11.4329 1.83561 84.0268
336805 7.70267 27.8008 13.4583 34 12.2465 2.16151 82.9618
336806 6.63957 28.5757 13.2661 34 12.9332 2.19155 82.4813
336808 6.63957 28.5757 13.2661 34 12.9332 2.19155 82.4813
336812 6.39795 29.4176 13.1042 34 13.2404 2.04209 82.9197
336822 6.64923 30.336 12.8107 34 13.3885 1.75883 83.7959
336842 6.64923 30.336 12.8107 34 13.3885 1.75883 83.7959
336844 6.89085 30.9387 12.325 34 13.583 1.51427 84.1545
336853 6.89085 30.9387 12.325 34 13.583 1.51427 84.1545
336876 7.04548 31.417 11.9304 34 13.7574 1.32734 84.3928
336877 7.13246 31.704 11.4345 34 13.9838 1.17444 84.271
336883 7.13246 31.704 11.4345 34 13.9838 1.17444 84.271
336893 7.07447 31.9336 11.0601 33.4308 14.1408 0.984948 83.499
336914 7.08414 31.9432 10.8173 32.9966 14.1953 0.866699 82.8412
336917 7.08414 31.9432 10.8173 32.9966 14.1953 0.866699 82.8412
336924 6.90051 31.704 10.6958 32.9291 14.3005 0.915801 82.2294
336949 6.69756 31.3309 10.878 33.315 14.3121 1.12462 82.2214
336953 6.69756 31.3309 10.878 33.315 14.3121 1.12462 82.2214
336960 6.53326 31.13 11.05 33.9132 14.3598 1.32523 82.6264
336986 6.53326 31.13 11.05 33.9132 14.3598 1.32523 82.6264
336987 6.42695 30.9195 11.1815 34 14.3318 1.42408 82.528
336988 6.27231 30.776 11.2018 34 14.3775 1.48695 82.2501
337027 6.166 30.7952 11.7077 34 14.1896 1.58704 82.6689
