231313 18.193 22.6348 13.0637 9.51651 0.352722 -4.3167 63.408
231322 19.7804 23.7828 13.9137 7.87073 -0.78067 -4.99914 65.3476
231332 19.7804 23.7828 13.9137 7.87073 -0.78067 -4.99914 65.3476
231342 21.0985 24.7203 15.2798 7.17369 -1.64204 -5.13357 68.2722
231357 22.2915 25.0743 16.5548 6.81549 -2.45859 -5.08839 70.736
231364 22.2915 25.0743 16.5548 6.81549 -2.45859 -5.08839 70.736
231374 23.2824 24.5385 17.3234 6.34112 -3.40145 -5.06881 71.4855
231384 23.2824 24.5385 17.3234 6.34112 -3.40145 -5.06881 71.4855
231394 24.2156 23.5245 17.5357 5.53759 -4.47981 -5.22504 70.8134
231404 24.9372 22.3573 17.7782 4.70501 -5.60818 -5.33363 69.7778
231414 24.9372 22.3573 17.7782 4.70501 -5.60818 -5.33363 69.7778
231429 25.5914 20.5301 18.0208 3.79499 -7.09739 -5.3665 67.9373
231435 25.9377 18.0428 18.981 3.15604 -8.96885 -4.95561 66.1175
231445 25.9377 18.0428 18.981 3.15604 -8.96885 -4.95561 66.1175
231455 26.1302 14.9604 20.5071 2.58485 -11.3318 -4.20642 64.1825
231467 26.1302 14.9604 20.5071 2.58485 -11.3318 -4.20642 64.1825
231484 26.592 11.5354 22.6801 2.20729 -14.0957 -3.15162 63.0148
231494 27.15 8.68761 25.0048 2.1492 -16.3982 -2.06781 62.9915
231502 27.15 8.68761 25.0048 2.1492 -16.3982 -2.06781 62.9915
231510 27.91 6.52292 27.4203 2.41059 -18.0494 -1.07417 64.2639
231516 28.4969 4.88738 29.4822 2.74943 -19.1807 -0.263505 65.6159
231526 28.4969 4.88738 29.4822 2.74943 -19.1807 -0.263505 65.6159
231536 28.9587 3.70402 30.9477 2.94305 -20.0062 0.276775 66.5534
231546 28.9587 3.70402 30.9477 2.94305 -20.0062 0.276775 66.5534
231561 29.1511 2.85739 31.5541 3.10763 -20.5265 0.596949 66.6702
231571 29.2473 2.28014 31.4935 3.16572 -20.886 0.70975 66.1866
231593 29.1126 1.90492 30.695 2.96241 -21.2371 0.612262 64.675
231600 28.9779 1.92417 29.7146 2.80752 -21.2698 0.383146 63.4242
231609 28.9779 1.92417 29.7146 2.80752 -21.2698 0.383146 63.4242
231624 28.6797 1.8472 28.6736 2.6623 -21.3552 0.196164 61.8628
231635 28.6797 1.8472 28.6736 2.6623 -21.3552 0.196164 61.8628
231639 28.4776 1.79909 28.0773 2.58485 -21.403 0.0948662 60.9389
231649 28.6123 1.87606 27.9762 2.53645 -21.3833 0.00596702 61.0011
231659 28.6123 1.87606 27.9762 2.53645 -21.3833 0.00596702 61.0011
231669 28.7374 1.90492 28.2289 2.54613 -21.3764 0.0324064 61.4174
231679 28.9106 1.96265 28.8656 2.80752 -21.1867 0.191839 62.5464
231691 28.9106 1.96265 28.8656 2.80752 -21.1867 0.191839 62.5464
231700 29.1319 1.98189 29.5731 2.87528 -21.1792 0.314966 63.5622
231710 29.1319 1.98189 29.5731 2.87528 -21.1792 0.314966 63.5622
231720 29.1607 2.01075 30.4221 3.0205 -21.1067 0.527238 64.6141
231730 29.1992 2.01075 31.3722 3.25285 -21.0024 0.778096 65.835
231741 29.1992 2.01075 31.3722 3.25285 -21.0024 0.778096 65.835
231755 29.1222 1.94341 32.201 3.40774 -20.9871 1.02207 66.6743
231762 28.8529 1.82796 32.7467 3.50456 -21.0165 1.24839 66.9321
231774 28.8529 1.82796 32.7467 3.50456 -21.0165 1.24839 66.9321
231784 28.6508 1.85682 32.9084 3.52392 -20.9809 1.32762 66.94
231791 28.6508 1.85682 32.9084 3.52392 -20.9809 1.32762 66.94
231801 28.4103 1.77023 32.8579 3.47551 -21.0567 1.38758 66.5139
231811 28.2083 1.70289 32.6962 3.42711 -21.1157 1.41112 66.0345
231821 28.2083 1.70289 32.6962 3.42711 -21.1157 1.41112 66.0345
231831 28.0062 1.6644 32.5951 3.33998 -21.186 1.4323 65.6057
231841 27.7946 1.59706 32.4839 3.36902 -21.1943 1.48549 65.2446
231851 27.7946 1.59706 32.4839 3.36902 -21.1943 1.48549 65.2446
231861 27.6599 1.53933 32.4941 3.33998 -21.2486 1.53033 65.0332
231892 27.5733 1.4335 32.4637 3.33998 -21.3174 1.57311 64.8105
231894 27.6118 1.46237 32.5648 3.23349 -21.3807 1.55478 64.8724
231902 27.6118 1.46237 32.5648 3.23349 -21.3807 1.55478 64.8724
231915 28.0832 1.42388 32.3424 3.15604 -21.4773 1.38252 65.0056
231924 28.7759 1.46237 31.9584 2.9721 -21.5977 1.08001 65.1687
231935 28.7759 1.46237 31.9584 2.9721 -21.5977 1.08001 65.1687
231951 29.7284 1.76061 31.069 2.84624 -21.4782 0.556442 65.4042
231960 29.7284 1.76061 31.069 2.84624 -21.4782 0.556442 65.4042
231970 30.9021 1.99151 29.7955 2.49772 -21.5566 -0.138156 65.1868
231979 32.2586 2.52066 28.1177 2.34282 -21.2726 -0.99297 65.2398
231989 32.2586 2.52066 28.1177 2.34282 -21.2726 -0.99297 65.2398
231998 33.7402 3.5116 26.0458 1.9459 -20.8176 -2.12898 65.2435
232005 34 4.97397 23.7414 1.82005 -19.7362 -3.11749 64.5354
232015 34 4.97397 23.7414 1.82005 -19.7362 -3.11749 64.5354
232025 34 6.92699 21.1136 1.52961 -18.3486 -4.31425 63.5702
232035 34 8.62988 18.6576 1.70387 -16.7975 -5.30275 62.9913
232045 34 8.62988 18.6576 1.70387 -16.7975 -5.30275 62.9913
232055 34 10.0345 16.9089 3.54328 -14.4724 -5.48539 64.4867
232065 34 10.0345 16.9089 3.54328 -14.4724 -5.48539 64.4867
232075 34 11.343 15.5935 6.5541 -11.7411 -5.15526 67.4905
232085 34 12.2377 13.8429 8.20957 -10.0291 -5.31232 68.2901
232100 34 12.2377 13.8429 8.20957 -10.0291 -5.31232 68.2901
232106 34 12.7091 12.072 8.97437 -8.99873 -5.68132 67.7555
232116 34 12.7091 12.072 8.97437 -8.99873 -5.68132 67.7555
232127 34 13.3729 11.0196 9.84567 -7.9871 -5.82686 68.2383
232136 32.047 14.1811 10.3619 10.988 -6.37772 -5.52209 67.578
232150 32.047 14.1811 10.3619 10.988 -6.37772 -5.52209 67.578
232156 29.3916 15.0566 9.78512 12.2369 -4.46939 -5.0608 66.4702
232166 26.3226 16.0668 9.22857 13.7278 -2.20235 -4.46081 65.3457
232176 26.3226 16.0668 9.22857 13.7278 -2.20235 -4.46081 65.3457
232194 23.0707 17.2774 8.85417 15.6156 0.373402 -3.67454 64.8179
232197 23.0707 17.2774 8.85417 15.6156 0.373402 -3.67454 64.8179
232207 19.5303 18.655 8.45952 17.7333 3.26139 -2.79424 64.3781
232217 16.0529 20.1092 8.17619 19.8173 6.11692 -1.90988 64.1555
232227 16.0529 20.1092 8.17619 19.8173 6.11692 -1.90988 64.1555
232237 12.8152 21.4294 8.14583 22.0942 8.74725 -0.931515 64.4846
232257 10.1671 22.8165 8.22679 24.1782 10.9349 -0.132751 65.3887
232259 10.1671 22.8165 8.22679 24.1782 10.9349 -0.132751 65.3887
232269 8.22456 24.108 8.32798 25.9245 12.5704 0.432504 66.5851
232279 8.22456 24.108 8.56071 25.9245 12.4395 0.483245 66.8178
232289 7.00682 25.2369 8.56071 27.1595 13.5472 0.767273 67.9639
232301 6.47527 26.031 8.78333 27.8348 13.9629 0.892294 69.1244
232310 6.47527 26.031 8.78333 27.8348 13.9629 0.892294 69.1244
232322 6.08869 26.4328 8.7125 27.7094 14.2657 0.848628 68.9434
232337 5.60546 26.4615 8.5 27.1788 14.5894 0.799726 67.7457
232347 5.60546 26.4615 8.5 27.1788 14.5894 0.799726 67.7457
232356 5.25753 26.1553 8.16607 26.3587 14.821 0.707921 65.9376
232366 4.91927 25.8492 7.72083 25.1334 15.0664 0.491747 63.6227
232371 4.91927 25.8492 7.72083 25.1334 15.0664 0.491747 63.6227
232380 4.76464 25.8779 7.225 24.0238 15.314 0.146948 61.8914
232392 4.76464 25.8779 7.225 24.0238 15.314 0.146948 61.8914
232401 4.81296 26.2127 6.88095 23.2423 15.4382 -0.221358 61.149
232411 4.90961 26.7389 6.57738 22.4512 15.5343 -0.647672 60.6771
232421 4.90961 26.7389 6.57738 22.4512 15.5343 -0.647672 60.6771
232433 5.07391 27.5042 6.26369 21.7662 15.6468 -1.12566 60.608
232442 5.27686 28.1548 6.02083 21.1873 15.6846 -1.53946 60.6397
232454 5.27686 28.1548 6.02083 21.1873 15.6846 -1.53946 60.6397
232462 5.44116 28.8053 5.83869 20.7821 15.734 -1.87926 60.8672
232476 5.44116 28.8053 5.83869 20.7821 15.734 -1.87926 60.8672
232482 5.53781 29.4845 5.67679 20.4347 15.8278 -2.18639 61.1339
232499 5.58613 29.8863 5.51488 20.1453 15.9206 -2.40762 61.1326
232515 5.69244 30.2594 5.3631 20.0006 15.9847 -2.59026 61.3155
232524 5.75043 30.7282 5.41369 20.1067 15.9965 -2.65123 61.999
232534 5.75043 30.7282 5.41369 20.1067 15.9965 -2.65123 61.999
232545 5.88573 31.2448 5.46429 20.1839 15.9603 -2.74353 62.7787
232554 5.88573 31.2448 5.46429 20.1839 15.9603 -2.74353 62.7787
232567 5.79875 31.4648 5.40357 20.4926 16.1318 -2.69967 63.1598
232574 5.91472 31.8762 5.45417 20.7531 16.1178 -2.71499 63.9982
232589 5.91472 31.8762 5.45417 20.7531 16.1178 -2.71499 63.9982
232595 5.95338 32.1632 5.50476 21.0522 16.1416 -2.68107 64.6736
232605 5.96305 32.3354 5.59583 21.332 16.1394 -2.61488 65.2263
232615 5.96305 32.3354 5.59583 21.332 16.1394 -2.61488 65.2263
232625 5.92439 32.5076 5.7375 21.6022 16.1346 -2.52974 65.7716
232635 5.92439 32.5076 5.7375 21.6022 16.1346 -2.52974 65.7716
232645 5.8954 32.6128 5.77798 21.9012 16.1816 -2.45417 66.1875
232657 5.82774 32.6128 5.81845 22.181 16.2356 -2.35725 66.4401
232673 5.82774 32.6128 5.81845 22.181 16.2356 -2.35725 66.4401
232682 5.79875 32.4693 5.90952 22.374 16.2036 -2.25041 66.5516
232691 5.69244 32.1249 6.1119 22.7696 16.151 -2.0096 66.6989
232700 5.69244 32.1249 6.1119 22.7696 16.151 -2.0096 66.6989
232708 5.96305 31.7423 6.26369 23.0301 15.8754 -1.88321 66.9991
232717 5.96305 31.7423 6.26369 23.0301 15.8754 -1.88321 66.9991
232730 6.20466 31.2639 6.46607 23.4546 15.5988 -1.68007 67.3893
232738 6.39795 30.7952 6.65833 23.6958 15.3354 -1.51871 67.5472
232747 6.39795 30.7952 6.65833 23.6958 15.3354 -1.51871 67.5472
232758 6.62024 30.1829 6.88095 24.0817 15.0383 -1.29279 67.7658
232767 6.91018 29.4463 7.13393 24.4869 14.67 -1.04496 67.9773
232777 6.91018 29.4463 7.13393 24.4869 14.67 -1.04496 67.9773
232791 7.64468 28.901 7.33631 24.4966 14.0455 -1.03382 68.3785
232799 7.64468 28.901 7.33631 24.4966 14.0455 -1.03382 68.3785
232809 8.59181 28.4896 7.55893 24.0914 13.2509 -1.18528 68.7317
232819 9.62592 28.3078 8.36845 23.3774 12.0878 -1.33207 69.6796
232832 9.62592 28.3078 8.36845 23.3774 12.0878 -1.33207 69.6796
232838 11.1819 28.1069 10.2911 22.4898 10.1026 -1.35452 72.0697
232848 11.9454 27.7817 10.8881 20.8303 9.02032 -1.68142 71.4455
232858 11.9454 27.7817 10.8881 20.8303 9.02032 -1.68142 71.4455
232869 12.1097 27.045 10.028 18.5244 8.65187 -2.34887 67.7071
232884 12.1097 27.045 10.028 18.5244 8.65187 -2.34887 67.7071
232890 12.7669 26.4519 8.925 16.3223 8.17572 -3.25089 64.4661
232900 13.6561 26.0788 7.94345 14.1731 7.5392 -4.27272 61.8514
232910 13.6561 26.0788 7.94345 14.1731 7.5392 -4.27272 61.8514
232923 14.5935 26.1171 7.30595 12.2272 6.82428 -5.27293 60.2437
232930 15.7823 26.3849 7.40714 10.4943 5.69757 -6.0595 60.0686
232944 15.7823 26.3849 7.40714 10.4943 5.69757 -6.0595 60.0686
232950 17.202 26.6719 7.97381 8.96469 4.30042 -6.6439 60.8125
232960 17.202 26.6719 7.97381 8.96469 4.30042 -6.6439 60.8125
232970 18.8376 26.9111 8.99583 7.59966 2.67761 -7.01425 62.3442
232990 20.4539 27.2651 10.1696 6.50569 1.22186 -7.23129 64.3943
232992 20.4539 27.2651 10.1696 6.50569 1.22186 -7.23129 64.3943
233003 22.1471 27.4181 11.4042 5.61503 -0.194547 -7.3319 66.5845
233011 23.5999 27.1598 13.0839 5.05353 -1.62215 -7.10238 68.8972
233021 23.5999 27.1598 13.0839 5.05353 -1.62215 -7.10238 68.8972
233032 24.7448 26.0979 14.875 4.61788 -3.16482 -6.68576 70.3356
233053 24.7448 26.0979 14.875 4.61788 -3.16482 -6.68576 70.3356
233060 25.6491 24.3185 16.5649 4.31777 -4.79099 -6.1577 70.8503
233070 26.4477 22.166 17.8793 3.90148 -6.4847 -5.71768 70.3945
233080 26.4477 22.166 17.8793 3.90148 -6.4847 -5.71768 70.3945
233090 26.8613 19.4108 18.8294 3.28189 -8.40775 -5.29973 68.3834
233100 26.996 16.3458 20.1736 2.84624 -10.5398 -4.59346 66.3617
233109 26.996 16.3458 20.1736 2.84624 -10.5398 -4.59346 66.3617
233114 27.1981 13.0555 21.9322 2.55581 -12.9434 -3.65272 64.7416
233123 27.5059 9.57272 24.368 2.40091 -15.6233 -2.42211 63.8476
233139 27.5059 9.57272 24.368 2.40091 -15.6233 -2.42211 63.8476
233145 27.987 6.06112 27.0666 2.35251 -18.3717 -1.09403 63.4672
233155 27.987 6.06112 27.0666 2.35251 -18.3717 -1.09403 63.4672
233167 28.5739 3.13639 29.7551 2.46868 -20.6165 0.120474 63.934
233175 29.5648 1.6163 31.7057 2.53645 -21.8262 0.701827 65.4233
233190 29.5648 1.6163 31.7057 2.53645 -21.8262 0.701827 65.4233
233195 30.4692 1.26995 32.8175 2.68166 -22.0615 0.838816 67.2383
233213 31.1811 1.6163 33.3835 2.79784 -21.8004 0.73586 68.9787
233216 31.1811 1.6163 33.3835 2.79784 -21.8004 0.73586 68.9787
233226 31.1041 1.55857 33.4542 2.8172 -21.8261 0.785254 68.9341
233237 31.1041 1.55857 33.4542 2.8172 -21.8261 0.785254 68.9341
233246 30.5173 1.42388 32.9084 2.72039 -21.9333 0.818637 67.57
233259 29.9977 1.44312 31.8674 2.53645 -21.9781 0.674998 65.8447
233269 29.9977 1.44312 31.8674 2.53645 -21.9781 0.674998 65.8447
233281 29.3724 1.39502 30.7556 2.43964 -22.0024 0.569367 63.9627
233290 28.8913 1.27957 29.9572 2.33314 -22.108 0.508978 62.4613
233304 28.8913 1.27957 29.9572 2.33314 -22.108 0.508978 62.4613
233307 28.2083 1.22184 29.5731 2.26538 -22.1542 0.589632 61.2686
233318 28.2083 1.22184 29.5731 2.26538 -22.1542 0.589632 61.2686
233332 27.5252 1.21222 29.7449 2.28474 -22.1227 0.812679 60.7671
233339 26.9383 1.13526 30.2806 2.43964 -22.0598 1.1465 60.7938
233351 26.9383 1.13526 30.2806 2.43964 -22.0598 1.1465 60.7938
233359 26.515 1.05829 30.8264 2.58485 -22.0131 1.43593 60.9845
233375 26.1879 1.04867 31.3317 2.71071 -21.9326 1.66596 61.279
233397 25.88 1.03905 31.7967 2.76879 -21.9034 1.86544 61.4845
233403 25.88 1.03905 31.7967 2.76879 -21.9034 1.86544 61.4845
233412 25.8031 1.04867 32.3222 2.85592 -21.8527 2.01349 62.0299
233421 26.0051 1.08715 32.5951 2.94305 -21.7826 2.0228 62.6304
233430 26.0051 1.08715 32.5951 2.94305 -21.7826 2.0228 62.6304
233444 26.2168 1.08715 32.9691 2.90433 -21.841 2.03463 63.1773
233450 26.6497 1.14488 33.2723 3.00114 -21.7644 1.98512 64.068
233469 26.6497 1.14488 33.2723 3.00114 -21.7644 1.98512 64.068
233471 26.871 1.13526 33.6564 3.01082 -21.7946 2.00877 64.6734
233480 26.871 1.13526 33.6564 3.01082 -21.7946 2.00877 64.6734
233497 27.275 1.12564 34 3.05923 -21.8035 1.98409 65.4599
233502 27.5156 1.14488 34 3.14636 -21.7395 1.93428 65.8068
233514 27.5156 1.14488 34 3.14636 -21.7395 1.93428 65.8068
233521 27.8523 1.06791 34 3.10763 -21.838 1.86 66.0278
233531 28.2275 1.41426 34 3.27221 -21.4981 1.7105 66.914
233541 28.2275 1.41426 34 3.27221 -21.4981 1.7105 66.914
233551 28.7374 1.78947 34 3.18508 -21.3267 1.47497 67.712
233561 28.7374 1.78947 34 3.18508 -21.3267 1.47497 67.712
233571 29.1126 2.0781 34 3.2238 -21.1252 1.32277 68.4145
233584 29.4782 2.28014 34 3.16572 -21.0494 1.17681 68.9241
233591 29.4782 2.28014 34 3.16572 -21.0494 1.17681 68.9241
233607 29.9593 2.65535 33.151 3.08827 -20.8291 0.789644 68.8539
233611 30.4307 3.12677 31.4631 3.05923 -20.4568 0.212601 68.0798
233630 30.4307 3.12677 31.4631 3.05923 -20.4568 0.212601 68.0798
233632 30.9213 3.80023 29.3103 3.2238 -19.7781 -0.487856 67.2557
233642 30.9213 3.80023 29.3103 3.2238 -19.7781 -0.487856 67.2557
233652 31.4312 4.64686 27.2687 4.68565 -18.1411 -0.90921 68.0325
233662 31.9892 5.92643 25.0856 6.90262 -15.8238 -1.27191 69.9039
233674 31.9892 5.92643 25.0856 6.90262 -15.8238 -1.27191 69.9039
233682 31.8161 6.63837 21.5785 7.58998 -14.4796 -2.0598 67.6229
233699 31.2003 7.60045 17.7883 7.55125 -13.1886 -3.14806 64.1404
233724 30.575 9.06282 14.1667 7.94818 -11.2265 -4.25641 61.7526
233734 29.9111 10.6022 11.2018 9.19704 -8.74774 -4.95332 60.9121
233749 29.1415 12.3531 9.32976 11.2397 -5.99314 -5.0573 62.0641
233754 29.1415 12.3531 9.32976 11.2397 -5.99314 -5.0573 62.0641
233764 28.2852 14.3928 8.57083 13.7375 -3.3568 -4.70169 64.9863
233774 26.9864 14.3928 8.64167 13.7375 -2.93995 -4.47001 63.7583
233796 26.9864 16.0091 8.64167 16.1868 -1.26513 -4.01783 67.8239
233801 24.7832 17.507 8.83393 18.563 0.879949 -3.20576 69.6872
233810 24.7832 17.507 8.83393 18.563 0.879949 -3.20576 69.6872
233821 22.0509 18.7698 8.90476 20.4733 2.95143 -2.44506 70.1989
233825 18.9434 19.6691 8.98571 22.1907 4.99029 -1.59827 69.7889
233835 18.9434 19.6691 8.98571 22.1907 4.99029 -1.59827 69.7889
233846 15.8306 20.5397 8.89464 23.7633 7.0905 -0.806688 69.0282
233856 12.6606 21.1232 8.91488 25.307 9.13702 0.0966257 68.0058
233870 12.6606 21.1232 8.91488 25.307 9.13702 0.0966257 68.0058
233876 9.79989 21.6398 8.91488 26.735 11.0524 0.941305 67.0896
233902 7.4224 22.0895 9.05655 27.7963 12.5845 1.65922 66.3647
233908 5.72143 22.386 9.0869 28.5392 13.7361 2.17208 65.7335
233921 5.72143 22.386 9.0869 28.5392 13.7361 2.17208 65.7335
233927 4.68732 22.5678 9.20833 29.0698 14.398 2.52307 65.5333
233937 4.0398 22.807 9.31964 29.34 14.8029 2.70496 65.5064
233947 4.0398 22.807 9.31964 29.34 14.8029 2.70496 65.5064
233957 4.02047 23.094 9.19821 29.2242 14.9151 2.58815 65.5368
233973 4.02047 23.094 9.19821 29.2242 14.9151 2.58815 65.5368
233982 4.07845 23.2757 9.02619 28.7611 14.9414 2.4024 65.1415
233989 4.0398 23.3714 8.63155 28.0375 15.1129 2.16708 64.0802
233999 4.0398 23.3714 8.63155 28.0375 15.1129 2.16708 64.0802
234009 4.0398 23.5149 8.20655 26.9762 15.24 1.82379 62.7374
234024 4.12678 23.7062 7.90298 26.1561 15.2817 1.50892 61.8921
234037 4.12678 23.7062 7.90298 26.1561 15.2817 1.50892 61.8921
234040 4.16543 23.9454 7.61964 25.6351 15.3976 1.25735 61.3656
234057 4.16543 23.9454 7.61964 25.6351 15.3976 1.25735 61.3656
234073 4.21376 24.1559 7.46786 25.4421 15.4686 1.11138 61.2796
234076 4.1751 24.4142 7.4375 25.3167 15.5348 1.01842 61.3435
234080 4.1751 24.4142 7.4375 25.3167 15.5348 1.01842 61.3435
234090 4.20409 24.5577 7.44762 25.4421 15.5503 1.00434 61.6515
234100 4.30074 24.8734 7.41726 25.4518 15.5566 0.893306 62.0431
234110 4.30074 24.8734 7.41726 25.4518 15.5566 0.893306 62.0431
234122 4.36839 25.2273 7.42738 25.5482 15.5741 0.810245 62.5714
234135 4.36839 25.2273 7.42738 25.5482 15.5741 0.810245 62.5714
234146 4.42638 25.3039 7.46786 25.7026 15.5452 0.820389 62.9007
234155 4.40705 25.457 7.52857 25.9149 15.5733 0.848107 63.3074
234171 4.40705 25.457 7.52857 25.9149 15.5733 0.848107 63.3074
234174 4.37806 25.5335 7.49821 26.0114 15.637 0.850984 63.4211
234184 4.35873 25.6961 7.44762 26.1368 15.724 0.831928 63.6392
234197 4.35873 25.6961 7.44762 26.1368 15.724 0.831928 63.6392
234206 4.3104 25.9449 7.4375 26.1947 15.8058 0.792857 63.8874
234212 4.3104 25.9449 7.4375 26.1947 15.8058 0.792857 63.8874
234222 4.32973 26.0692 7.46786 26.4841 15.8334 0.828196 64.3509
234235 4.3104 26.0979 7.5994 26.7832 15.809 0.920103 64.7909
234246 4.3104 26.0979 7.5994 26.7832 15.809 0.920103 64.7909
234252 4.37806 26.1458 7.75119 27.2656 15.7468 1.02829 65.5406
234262 4.30074 26.1075 7.9131 27.6805 15.7473 1.17846 66.0018
234277 4.30074 26.1075 7.9131 27.6805 15.7473 1.17846 66.0018
234284 4.3104 26.184 8.075 28.0664 15.7066 1.27116 66.6358
234295 4.3104 26.184 8.075 28.0664 15.7066 1.27116 66.6358
234304 4.27175 26.184 8.075 28.2015 15.749 1.30837 66.7322
234319 4.23309 25.9257 8.18631 28.3558 15.6902 1.43552 66.701
234324 4.23309 25.9257 8.18631 28.3558 15.6902 1.43552 66.701
234334 4.61967 25.6674 8.30774 28.5488 15.3733 1.46763 67.1436
234346 5.01592 25.3804 8.61131 28.5585 14.9156 1.50373 67.5661
234355 5.01592 25.3804 8.61131 28.5585 14.9156 1.50373 67.5661
234369 5.84707 25.1125 8.83393 28.3655 14.2303 1.37321 68.159
234375 5.84707 25.1125 8.83393 28.3655 14.2303 1.37321 68.159
234391 6.72655 24.816 9.11726 27.7963 13.4277 1.17688 68.456
234395 7.78965 24.4142 9.82559 27.0533 12.2506 1.01511 69.0828
234405 7.78965 24.4142 9.82559 27.0533 12.2506 1.01511 69.0828
234416 9.33599 23.821 11.981 26.3104 10.0823 1.07792 71.4484
234430 10.689 23.0079 13.3571 25.0755 8.33126 0.984836 72.1295
234442 10.689 23.0079 13.3571 25.0755 8.33126 0.984836 72.1295
234449 11.1723 22.0608 12.5679 22.7599 7.68682 0.458298 68.5608
234457 11.1723 22.0608 12.5679 22.7599 7.68682 0.458298 68.5608
234469 11.7231 21.3528 11.3738 20.1742 7.12975 -0.354652 64.624
234476 12.7862 21.3241 10.4125 17.7236 6.36542 -1.43967 62.2465
234495 12.7862 21.3241 10.4125 17.7236 6.36542 -1.43967 62.2465
234498 14.0233 21.4772 9.82559 15.3736 5.355 -2.54565 60.6997
234520 15.5986 21.8694 9.9875 13.2921 3.94066 -3.50345 60.7477
234522 15.5986 21.8694 9.9875 13.2921 3.94066 -3.50345 60.7477
234531 17.6254 22.2234 10.5036 11.2591 2.17232 -4.40326 61.6114
234547 17.1154 22.2234 11.4244 11.2591 1.99229 -4.02806 62.0224
234549 19.5784 22.4817 11.4244 9.4197 0.357142 -5.05912 62.9042
234558 21.5988 22.5391 12.8208 8.01595 -1.48694 -5.37927 64.9746
234574 21.5988 22.5391 12.8208 8.01595 -1.48694 -5.37927 64.9746
234578 23.5614 22.099 15.1077 7.28986 -3.40894 -5.12713 68.058
234596 25.2354 21.0467 17.283 6.90262 -5.16871 -4.70354 70.4678
234599 25.2354 21.0467 17.283 6.90262 -5.16871 -4.70354 70.4678
234609 26.438 19.1525 18.9709 6.26367 -7.05708 -4.31118 70.8251
234623 26.9864 16.4612 20.1231 5.38269 -9.16038 -3.90305 68.9534
234628 26.9864 16.4612 20.1231 5.38269 -9.16038 -3.90305 68.9534
234641 27.275 13.3537 21.2045 4.47267 -11.5575 -3.3824 66.3059
234652 27.275 13.3537 21.2045 4.47267 -11.5575 -3.3824 66.3059
234660 27.2558 9.67855 22.7408 3.66913 -14.4642 -2.4922 63.3443
234678 27.3424 6.20543 25.4293 3.33998 -17.3413 -1.15023 62.3171
234687 27.3424 6.20543 25.4293 3.33998 -17.3413 -1.15023 62.3171
234696 28.0351 3.50198 28.3401 3.29157 -19.6227 0.022459 63.1687
234706 28.9972 2.22241 30.5333 3.34966 -20.7205 0.613657 65.1025
234711 28.9972 2.22241 30.5333 3.34966 -20.7205 0.613657 65.1025
234721 30.1036 2.09734 31.6147 3.54328 -20.813 0.658513 67.3589
234734 30.1036 2.09734 31.6147 3.54328 -20.813 0.658513 67.3589
234746 30.8444 2.33786 31.736 3.59169 -20.6725 0.469746 68.5099
234761 31.1426 2.47255 31.1094 3.48519 -20.6328 0.215385 68.2098
234763 31.1426 2.47255 31.1094 3.48519 -20.6328 0.215385 68.2098
234772 31.1715 2.50141 29.8763 3.36902 -20.6137 -0.0958326 66.9183
234789 31.1619 2.53028 28.2289 2.99146 -20.7468 -0.57118 64.9125
234815 31.0368 2.56876 26.6724 2.75911 -20.774 -0.99323 63.0371
234817 31.0368 2.56876 26.6724 2.75911 -20.774 -0.99323 63.0371
234827 30.9502 2.588 25.2979 2.51708 -20.8396 -1.39926 61.3531
234841 30.9887 2.62649 24.4893 2.35251 -20.8822 -1.68054 60.457
234844 30.9887 2.62649 24.4893 2.35251 -20.8822 -1.68054 60.457
234854 30.8251 2.62649 24.4185 2.37187 -20.8514 -1.65861 60.242
234867 30.8347 2.61686 24.8633 2.42995 -20.8459 -1.52072 60.7448
234876 30.8347 2.61686 24.8633 2.42995 -20.8459 -1.52072 60.7448
234895 31.0464 2.69383 25.2675 2.5074 -20.7724 -1.45459 61.5152
234897 31.0464 2.69383 25.2675 2.5074 -20.7724 -1.45459 61.5152
234904 31.5756 2.73231 25.6415 2.53645 -20.784 -1.47152 62.4858
234923 32.1336 2.8189 25.8639 2.63326 -20.7036 -1.5261 63.4496
234931 32.1336 2.8189 25.8639 2.63326 -20.7036 -1.5261 63.4496
234936 32.73 2.87663 26.1671 2.62358 -20.7295 -1.58765 64.3973
234949 33.2303 2.94397 26.3591 2.69134 -20.6801 -1.6383 65.2247
234955 33.2303 2.94397 26.3591 2.69134 -20.6801 -1.6383 65.2247
234976 34 3.0498 26.632 2.64294 -20.7084 -1.75837 66.3247
234977 34 3.0498 26.632 2.64294 -20.7084 -1.75837 66.3247
234986 34 3.19411 26.7331 2.58485 -20.6557 -1.77627 66.512
235004 34 3.17487 26.5107 2.48804 -20.7212 -1.85334 66.1736
235006 34 3.17487 26.5107 2.48804 -20.7212 -1.85334 66.1736
235016 34 3.21336 26.0458 2.35251 -20.7585 -2.01528 65.6116
235032 34 3.30956 25.2878 2.18793 -20.7571 -2.27688 64.7852
235037 34 3.30956 25.2878 2.18793 -20.7571 -2.27688 64.7852
235049 34 3.40577 24.1861 1.99431 -20.7537 -2.64807 63.5862
235060 34 3.40577 24.1861 1.99431 -20.7537 -2.64807 63.5862
235067 34 3.57895 22.9025 1.93622 -20.582 -3.06169 62.4177
235077 34 3.85795 21.7604 3.3787 -19.2564 -3.02844 62.9971
235104 34 5.09904 21.0933 6.85421 -16.0859 -2.49487 67.0466
235116 34 6.45557 18.7384 7.52221 -14.5244 -3.1915 66.7162
235118 34 6.45557 18.7384 7.52221 -14.5244 -3.1915 66.7162
235129 34 6.96548 15.3708 6.76708 -14.119 -4.47541 63.1034
235141 34 6.96548 17.5963 6.76708 -14.4897 -3.81196 65.3289
235149 34 7.73514 12.4161 6.83485 -13.0547 -5.53017 60.9861
235170 34 8.83192 10.2202 7.99658 -11.2172 -6.04806 61.0487
235171 34 8.83192 10.2202 7.99658 -11.2172 -6.04806 61.0487
235180 33.4131 10.1981 8.95536 10.1748 -8.76438 -5.85284 62.7414
235199 31.3928 12.0741 8.27738 12.5951 -5.82882 -5.26763 64.3394
235200 31.3928 12.0741 8.27738 12.5951 -5.82882 -5.26763 64.3394
235210 28.5161 14.2196 8.11548 14.9186 -2.84837 -4.49333 65.7698
235227 25.0526 16.5574 8.075 16.9613 0.146702 -3.73024 66.6463
235255 21.4737 18.8559 8.04464 18.8814 3.05513 -2.9894 67.2556
235258 21.4737 18.8559 8.04464 18.8814 3.05513 -2.9894 67.2556
235266 17.837 21.0945 7.88274 20.7628 5.97006 -2.28318 67.5771
235285 14.3616 23.247 7.5994 22.181 8.70583 -1.74246 67.3891
235285 14.3616 23.247 7.5994 22.181 8.70583 -1.74246 67.3891
235294 11.2496 24.9882 7.21488 23.252 11.1595 -1.29771 66.7046
235312 11.2496 24.9882 7.21488 23.252 11.1595 -1.29771 66.7046
235314 8.80443 26.4997 7.07321 24.1686 13.0702 -0.915695 66.5459
235330 7.17112 27.8678 6.97202 24.7281 14.4042 -0.750393 66.739
235343 7.17112 27.8678 6.97202 24.7281 14.4042 -0.750393 66.739
235347 6.06936 28.7862 6.89107 24.979 15.2883 -0.671132 66.7256
235352 5.51848 29.3697 6.77976 24.7378 15.7401 -0.761375 66.4058
235372 5.51848 29.3697 6.77976 24.7378 15.7401 -0.761375 66.4058
235374 5.19955 29.7046 6.5369 24.2264 16.0637 -0.945845 65.6675
235382 5.00625 29.9246 6.24345 23.5511 16.3097 -1.19033 64.7254
235402 5.00625 29.9246 6.24345 23.5511 16.3097 -1.19033 64.7254
235407 5.02558 30.0968 6.0006 22.7889 16.3739 -1.48632 63.9118
235414 5.02558 30.0968 6.0006 22.7889 16.3739 -1.48632 63.9118
235430 5.11256 30.1733 5.65655 22.0074 16.4463 -1.8162 62.9498
235434 4.98692 30.3168 5.45417 21.2838 16.5854 -2.07098 62.0417
235444 4.98692 30.3168 5.45417 21.2838 16.5854 -2.07098 62.0417
235460 5.01592 30.6038 5.1506 20.647 16.7234 -2.39887 61.4173
235474 5.05458 30.6038 4.98869 20.647 16.8073 -2.45278 61.2941
235475 5.05458 30.843 4.98869 20.1742 16.776 -2.63705 61.0605
235501 5.07391 31.2448 4.85714 20.126 16.8999 -2.77371 61.3018
235506 5.13189 31.704 4.92798 20.2418 16.8879 -2.8222 62.0056
235525 5.2382 32.1249 4.91786 20.3865 16.8969 -2.88637 62.6675
235527 5.2382 32.1249 4.91786 20.3865 16.8969 -2.88637 62.6675
235536 5.31552 32.6128 4.86726 20.4926 16.9552 -2.97886 63.2882
235556 5.30586 32.8998 4.99881 20.7242 16.9405 -2.9289 63.9287
235558 5.30586 32.8998 4.99881 20.7242 16.9405 -2.9289 63.9287
235566 5.36384 33.072 5.01905 21.1005 16.9582 -2.86181 64.5554
235586 5.36384 33.072 5.01905 21.1005 16.9582 -2.86181 64.5554
235591 5.28653 33.1007 5.14048 21.3706 16.9667 -2.74495 64.8983
235597 5.2672 33.0146 5.12024 21.5346 17.0019 -2.68576 64.9367
235616 5.2672 33.0146 5.12024 21.5346 17.0019 -2.68576 64.9367
235619 5.20921 33.0051 5.1506 21.6118 17.0281 -2.64369 64.9767
235627 5.13189 32.8711 5.16071 21.5925 17.0528 -2.60588 64.7562
235647 5.13189 32.8711 5.16071 21.5925 17.0528 -2.60588 64.7562
235656 5.12223 32.7372 5.06964 21.5829 17.1008 -2.60578 64.5119
235680 5.12223 32.7372 5.06964 21.5829 17.1008 -2.60578 64.5119
235681 5.00625 32.4502 5.11012 21.7469 17.1351 -2.47214 64.3134
235690 4.92894 32.0675 5.25179 22.017 17.0791 -2.27051 64.2653
235708 4.78397 31.5414 5.45417 22.4898 17.035 -1.95616 64.2693
235711 4.66799 30.9482 5.74762 23.1748 16.9307 -1.55576 64.5386
235720 4.66799 30.9482 5.74762 23.1748 16.9307 -1.55576 64.5386
235737 4.84196 30.202 6.17262 24.1203 16.5709 -1.09074 65.3369
235740 4.84196 30.202 6.17262 24.1203 16.5709 -1.09074 65.3369
235750 5.15122 29.2836 6.69881 25.3456 16.0874 -0.539356 66.4793
235767 5.32518 28.2409 7.1744 26.5613 15.7138 0.037812 67.3017
235771 5.32518 28.2409 7.1744 26.5613 15.7138 0.037812 67.3017
235781 5.76009 27.0737 7.77143 27.5936 15.0794 0.556737 68.1989
235796 6.05969 25.8396 8.83393 28.3848 14.226 1.15442 69.118
235801 6.05969 25.8396 8.83393 28.3848 14.226 1.15442 69.118
235812 6.73621 24.5577 12.9929 28.9251 11.526 2.17671 73.2118
235828 8.2149 23.534 16.6357 28.7418 8.88969 2.65056 77.1264
235831 8.2149 23.534 16.6357 28.7418 8.88969 2.65056 77.1264
235841 8.30188 22.3669 15.7149 26.214 8.459 2.32654 72.5976
235857 8.30188 22.3669 15.7149 26.214 8.459 2.32654 72.5976
235867 8.28255 21.5059 13.3268 23.1073 8.6843 1.50529 66.2225
235872 8.46617 21.2859 11.5155 20.2707 8.76485 0.495824 61.5382
235889 8.46617 21.2859 11.5155 20.2707 8.76485 0.495824 61.5382
235892 9.05571 21.5346 10.544 17.6561 8.33083 -0.609846 58.7904
235902 9.05571 21.5346 10.544 17.6561 8.33083 -0.609846 58.7904
235918 10.0512 22.233 10.2101 15.1703 7.43176 -1.79584 57.6645
235922 11.1626 23.4958 10.4327 12.5564 6.2695 -3.03637 57.6475
235949 11.1626 23.4958 10.4327 12.5564 6.2695 -3.03637 57.6475
235951 12.3803 24.8542 11.5357 10.2039 4.72329 -3.94113 58.9742
235964 14.0426 26.3945 13.3976 8.13212 2.85893 -4.57681 61.9669
235980 14.0426 26.3945 13.3976 8.13212 2.85893 -4.57681 61.9669
235991 15.7436 27.5521 15.5226 6.38952 1.0257 -4.91893 65.2078
236012 17.4329 28.2696 17.9804 5.41173 -0.626689 -4.84344 69.0946
236016 19.1166 27.9921 20.5273 5.01481 -2.28387 -4.45278 72.6509
236019 19.1166 27.9921 20.5273 5.01481 -2.28387 -4.45278 72.6509
236027 20.6367 26.538 22.8722 4.73405 -4.09089 -3.92515 74.7809
236044 21.7238 23.7828 25.0048 4.38554 -6.19527 -3.2277 74.8969
236048 21.7238 23.7828 25.0048 4.38554 -6.19527 -3.2277 74.8969
236055 22.5224 19.5065 26.824 3.98861 -8.87245 -2.30971 72.8415
236074 22.734 19.5065 28.7241 3.65945 -9.47825 -1.98131 74.6241
236079 22.734 14.4312 28.7241 3.65945 -11.9943 -1.03129 69.5488
236086 23.0419 9.22637 30.9982 3.52392 -15.455 0.506185 66.7904
236107 23.0419 9.22637 30.9982 3.52392 -15.455 0.506185 66.7904
236108 23.5422 5.08942 33.2723 3.61105 -18.3599 1.88929 65.5149
236116 24.0617 2.50141 34 3.6885 -20.1831 2.5973 64.2516
236138 24.0617 2.50141 34 3.6885 -20.1831 2.5973 64.2516
236142 24.6101 1.39502 34 3.86276 -20.8839 2.78489 63.8678
236151 25.0045 1.35654 34 4.07574 -20.7848 2.72701 64.4368
236172 25.0045 1.35654 34 4.07574 -20.7848 2.72701 64.4368
236174 25.1296 1.44312 34 3.97893 -20.8002 2.65048 64.5517
236177 25.1296 1.44312 34 3.97893 -20.8002 2.65048 64.5517
236187 24.9276 1.46237 34 3.80467 -20.8976 2.66722 64.1946
236204 24.5427 1.40464 33.8282 3.61105 -21.0436 2.71947 63.3866
236212 24.5427 1.40464 33.8282 3.61105 -21.0436 2.71947 63.3866
236218 24.3022 1.41426 32.6457 3.3787 -21.1185 2.50431 61.7408
236236 24.0424 1.29881 31.6451 3.23349 -21.2369 2.37562 60.2198
236240 24.0424 1.29881 31.6451 3.23349 -21.2369 2.37562 60.2198
236249 24.1483 1.31805 31.0285 3.12699 -21.2723 2.18608 59.6219
236268 24.1483 1.31805 31.0285 3.12699 -21.2723 2.18608 59.6219
236269 24.3599 1.36616 30.7658 3.04954 -21.2919 2.03788 59.5414
236281 24.8121 1.4335 30.7759 3.12699 -21.209 1.90958 60.1485
236299 24.8121 1.4335 30.7759 3.12699 -21.209 1.90958 60.1485
236301 25.2547 1.47199 31.0083 3.03986 -21.2881 1.80705 60.7748
236310 25.8127 1.55857 31.5541 3.19476 -21.1741 1.78146 62.1201
236332 25.8127 1.55857 31.5541 3.19476 -21.1741 1.78146 62.1201
236334 26.3033 1.64516 32.3526 3.28189 -21.1255 1.81321 63.5829
236365 26.8998 1.69327 32.8478 3.34966 -21.1083 1.76053 64.7906
236368 27.5925 1.76061 33.06 3.35934 -21.1078 1.61152 65.7725
236376 27.5925 1.76061 33.06 3.35934 -21.1078 1.61152 65.7725
236396 28.2852 1.80872 33.1308 3.29157 -21.1661 1.42712 66.5163
236397 29.0068 1.88568 33.1308 3.18508 -21.2276 1.21043 67.2084
236402 29.0068 1.88568 33.1308 3.18508 -21.2276 1.21043 67.2084
236412 29.584 1.82796 33.2117 3.19476 -21.2969 1.10466 67.8184
236432 29.584 1.82796 33.2117 3.19476 -21.2969 1.10466 67.8184
236434 30.0266 1.87606 33.2824 3.15604 -21.3184 0.995547 68.3411
236442 30.1998 1.82796 33.3734 3.16572 -21.3585 0.986926 68.5668
236467 30.1998 1.82796 33.3734 3.16572 -21.3585 0.986926 68.5668
236468 30.1036 1.76061 33.343 3.09795 -21.4435 1.00508 68.3052
236472 30.0747 1.70289 33.3329 3.05923 -21.5072 1.01539 68.1698
236483 30.0747 1.70289 33.3329 3.05923 -21.5072 1.01539 68.1698
236500 29.7668 1.6163 32.9691 2.98178 -21.5856 1.01755 67.334
236502 29.7668 1.6163 32.9691 2.98178 -21.5856 1.01755 67.334
236512 29.3243 1.48161 32.6153 2.87528 -21.7141 1.05995 66.2965
236530 28.9875 1.39502 32.1605 2.82688 -21.7708 1.05664 65.37
236537 28.9875 1.39502 32.1605 2.82688 -21.7708 1.05664 65.37
236543 28.6316 1.42388 31.3924 2.90433 -21.6371 0.988605 64.3522
236563 28.5835 1.72213 30.9073 4.07574 -20.5598 1.07463 65.2886
236595 28.901 2.90549 30.6546 8.12244 -17.188 1.48134 70.5835
236597 28.901 2.90549 30.6546 8.12244 -17.188 1.48134 70.5835
236602 29.1511 4.56989 28.3603 9.78759 -15.0113 0.923949 71.8689
236603 28.5835 5.06055 24.2063 9.5262 -14.1752 0.0196964 67.3765
236613 28.5835 5.06055 24.2063 9.5262 -14.1752 0.0196964 67.3765
236631 27.8619 5.50311 19.9816 9.36162 -13.1477 -0.962038 62.7082
236636 27.0922 6.48444 16.3827 10.3394 -11.0496 -1.70514 60.2988
236645 27.0922 6.48444 16.3827 10.3394 -11.0496 -1.70514 60.2988
236663 26.438 7.76401 13.347 12.2466 -8.26752 -2.15946 59.7956
236666 26.438 7.76401 13.347 12.2466 -8.26752 -2.15946 59.7956
236675 25.9089 9.39955 10.9994 14.6765 -5.26045 -2.36925 60.9844
236698 25.4086 11.3814 9.49167 17.4149 -2.39572 -2.32748 63.6966
236700 25.4086 11.3814 9.49167 17.4149 -2.39572 -2.32748 63.6966
236706 24.7929 13.5076 9.15774 19.8462 -0.221668 -2.07191 67.3044
236732 23.5903 15.5857 9.41071 22.2679 1.71218 -1.58721 70.8546
236734 23.5903 15.5857 9.41071 22.2679 1.71218 -1.58721 70.8546
236744 21.5218 17.1913 9.49167 24.1493 3.56827 -1.05154 72.354
236766 21.5218 17.1913 9.49167 24.1493 3.56827 -1.05154 72.354
236767 19.0589 18.5307 9.28929 25.3167 5.3671 -0.61989 72.1955
236772 16.3041 19.5639 8.925 25.8763 7.14985 -0.226422 70.6693
236782 16.3041 19.5639 8.925 25.8763 7.14985 -0.226422 70.6693
236802 13.6174 20.5588 8.41905 26.1271 8.96705 0.0807542 68.7224
236803 11.037 21.372 8.06488 26.4745 10.7339 0.477326 66.9483
236807 11.037 21.372 8.06488 26.4745 10.7339 0.477326 66.9483
236837 8.64014 22.3286 7.84226 26.8411 12.4472 0.848694 65.6521
236838 8.64014 22.3286 7.84226 26.8411 12.4472 0.848694 65.6521
236839 6.76521 23.3714 7.7006 27.1884 13.8768 1.09628 65.0256
236849 5.45082 24.2611 7.60952 27.3524 14.9029 1.21765 64.6739
236872 5.45082 24.2611 7.60952 27.3524 14.9029 1.21765 64.6739
236874 4.7743 24.969 7.47798 27.4296 15.5243 1.19819 64.651
236878 4.36839 25.3995 7.46786 27.2174 15.8179 1.14438 64.4532
236907 4.36839 25.3995 7.46786 27.2174 15.8179 1.14438 64.4532
236908 4.11711 25.6292 7.39702 26.8797 16.0078 1.06144 64.023
236910 4.11711 25.6292 7.39702 26.8797 16.0078 1.06144 64.023
236920 4.08812 25.61 7.13393 26.4069 16.1273 0.911477 63.239
236941 3.94315 25.543 7.04286 25.8763 16.1979 0.825155 62.4053
236945 3.94315 25.543 7.04286 25.8763 16.1979 0.825155 62.4053
236955 3.83684 25.457 6.68869 25.3939 16.4254 0.681558 61.3764
236976 3.72086 25.4474 6.56726 25.1141 16.5463 0.619501 60.8496
236977 3.72086 25.4474 6.56726 25.1141 16.5463 0.619501 60.8496
236981 3.78852 25.7248 6.44583 24.8343 16.5827 0.435929 60.7934
236991 3.78852 25.7248 6.44583 24.8343 16.5827 0.435929 60.7934
237011 3.74986 26.0788 6.4256 24.8825 16.6781 0.36299 61.1368
237013 3.75952 26.5189 6.47619 25.3263 16.7561 0.368267 62.0809
237021 3.75952 26.5189 6.47619 25.3263 16.7561 0.368267 62.0809
237047 3.79818 26.8537 6.48631 25.664 16.812 0.3579 62.8022
237049 3.76919 27.1694 6.59762 25.8956 16.8284 0.367627 63.4318
237052 3.76919 27.1694 6.59762 25.8956 16.8284 0.367627 63.4318
237084 3.83684 27.2938 6.52679 25.9535 16.8539 0.31826 63.6108
237088 3.83684 27.2938 6.52679 25.9535 16.8539 0.31826 63.6108
237090 3.77885 27.3703 6.50655 26.0017 16.9213 0.320256 63.6574
237099 3.75952 27.4086 6.50655 26.0114 16.9401 0.317924 63.686
237120 3.75952 27.4086 6.50655 26.0114 16.9401 0.317924 63.686
237122 3.67254 27.3512 6.45595 25.9824 17.02 0.334371 63.4621
237130 3.66288 27.2555 6.4256 25.9245 17.0273 0.339446 63.2685
237155 3.66288 27.2555 6.4256 25.9245 17.0273 0.339446 63.2685
237156 3.60489 27.2938 6.3244 25.8184 17.1248 0.296032 63.0414
237160 3.60489 27.2938 6.3244 25.8184 17.1248 0.296032 63.0414
237165 3.59522 27.466 6.31429 25.7701 17.1534 0.243071 63.1456
237191 3.64355 27.6956 6.31429 26.021 17.1807 0.234674 63.6744
237193 3.64355 27.6956 6.31429 26.021 17.1807 0.234674 63.6744
237195 3.69187 27.9156 6.46607 26.2911 17.1091 0.267949 64.3647
237227 4.32007 28.0304 6.64821 26.6867 16.6509 0.224816 65.6854
237231 4.32007 28.0304 6.64821 26.6867 16.6509 0.224816 65.6854
237232 5.27686 28.0304 6.82024 27.0051 15.9901 0.115762 67.1326
237242 5.27686 28.0304 6.82024 27.0051 15.9901 0.115762 67.1326
237265 6.166 27.9826 7.13393 27.1209 15.2783 0.0232995 68.4034
237267 7.30642 27.7051 7.33631 27.0244 14.4463 -0.140727 69.3723
237272 7.30642 27.7051 7.33631 27.0244 14.4463 -0.140727 69.3723
237279 8.39852 27.0929 7.4375 26.6192 13.6151 -0.309432 69.5481
237301 9.51961 25.9831 7.68036 25.9342 12.5574 -0.409783 69.1173
237303 9.51961 25.9831 7.68036 25.9342 12.5574 -0.409783 69.1173
237306 10.689 24.8542 9.38036 25.336 10.7177 -0.176546 70.2596
237316 10.689 24.8542 9.38036 25.336 10.7177 -0.176546 70.2596
237337 12.5446 24.1846 12.6994 24.6703 7.96598 0.129649 74.0989
237341 12.6509 23.2183 12.7702 22.2486 7.0695 -0.179961 70.8881
237347 12.6509 23.2183 12.7702 22.2486 7.0695 -0.179961 70.8881
237373 12.5833 22.1277 11.7583 19.1612 6.45557 -0.866558 65.6305
237375 13.3565 21.7451 10.6452 16.2836 5.65327 -1.9763 62.0304
237377 13.3565 21.7451 10.6452 16.2836 5.65327 -1.9763 62.0304
237387 14.3036 21.9555 9.92679 13.2341 4.61092 -3.30654 59.42
237409 15.8499 21.9555 10.119 12.8081 3.62024 -3.67471 60.7326
237409 15.8499 22.52 10.119 10.3297 2.92456 -4.57026 58.8187
237417 17.8081 23.1705 11.3738 7.72551 0.713268 -5.46273 60.078
237445 17.8081 23.1705 11.3738 7.72551 0.713268 -5.46273 60.078
237450 20.0113 23.6488 13.4179 5.94419 -1.52174 -5.78323 63.0222
237451 22.3107 24.0411 16.2006 5.29556 -3.38059 -5.49515 67.8479
237482 24.2637 23.7254 18.4857 5.14066 -4.84651 -5.10282 71.6155
237483 24.2637 23.7254 18.4857 5.14066 -4.84651 -5.10282 71.6155
237489 25.6395 22.233 19.9512 4.73405 -6.41686 -4.79353 72.5578
237518 26.5246 19.8317 21.1034 4.19191 -8.23582 -4.40903 71.6517
237520 26.5246 19.8317 21.1034 4.19191 -8.23582 -4.40903 71.6517
237523 27.0249 16.5286 22.4578 3.82403 -10.4281 -3.7098 69.8353
237530 27.3616 12.5648 24.3276 3.59169 -13.0932 -2.65466 67.8457
237558 27.3616 12.5648 24.3276 3.59169 -13.0932 -2.65466 67.8457
237559 27.708 8.1296 26.5511 3.49487 -16.178 -1.31859 65.8836
237560 27.708 8.1296 26.5511 3.49487 -16.178 -1.31859 65.8836
237570 28.0928 4.618 28.7747 3.7369 -18.5951 -0.0458202 65.2224
237595 28.7951 2.78042 30.4322 3.94989 -19.898 0.638266 65.9577
237597 28.7951 2.78042 30.4322 3.94989 -19.898 0.638266 65.9577
237602 29.5937 2.79004 31.4429 4.13383 -19.906 0.704759 67.9604
237611 30.1324 3.01132 31.453 4.16287 -19.7831 0.539303 68.7597
237636 30.1324 3.01132 31.453 4.16287 -19.7831 0.539303 68.7597
237637 30.0362 2.7708 30.7051 3.87244 -20.0707 0.394126 67.3846
237641 30.0362 2.7708 30.7051 3.87244 -20.0707 0.394126 67.3846
237651 29.5937 2.71307 29.4822 3.60137 -20.1717 0.17819 65.3903
237676 29.2954 2.49179 28.1076 3.25285 -20.4514 -0.101371 63.1477
237677 29.2954 2.49179 28.1076 3.25285 -20.4514 -0.101371 63.1477
237682 29.2569 2.42445 26.9756 2.91401 -20.6648 -0.436508 61.571
237712 29.382 2.31862 26.3692 2.73007 -20.8481 -0.641781 60.7999
237713 29.382 2.31862 26.3692 2.73007 -20.8481 -0.641781 60.7999
237715 29.3916 2.29938 26.1165 2.69134 -20.8754 -0.71484 60.4989
237722 29.2569 2.29938 26.5208 2.76879 -20.8352 -0.558798 60.8459
237749 29.2569 2.13582 26.5208 2.76879 -20.9588 -0.519876 60.6824
237750 29.1896 2.18393 26.6926 2.73007 -20.9586 -0.481317 60.7962
237757 29.1896 2.18393 26.6926 2.73007 -20.9586 -0.481317 60.7962
237764 29.382 2.04924 26.8644 2.78815 -21.0404 -0.436769 61.0838
237788 29.7765 2.04924 27.0666 2.77847 -21.0859 -0.481743 61.6708
237789 29.7765 2.04924 27.0666 2.77847 -21.0859 -0.481743 61.6708
237796 30.1613 2.10696 27.1879 2.76879 -21.0822 -0.557232 62.2249
237805 30.5654 2.10696 27.5416 2.76879 -21.1293 -0.562514 62.9827
237828 30.5654 2.14544 27.5416 2.77847 -21.094 -0.568939 63.0309
237830 30.8444 2.16469 27.8044 2.8172 -21.0853 -0.562809 63.6307
237840 30.8444 2.16469 27.8044 2.8172 -21.0853 -0.562809 63.6307
237867 31.2484 2.15507 28.1076 2.82688 -21.1283 -0.575637 64.338
237868 31.7006 2.14544 28.5321 2.87528 -21.1529 -0.560586 65.2535
237870 31.7006 2.14544 28.5321 2.87528 -21.1529 -0.560586 65.2535
237877 32.0277 2.20317 28.8353 2.88497 -21.1425 -0.571019 65.9512
237906 32.2779 2.19355 29.0071 2.87528 -21.1805 -0.585271 66.3538
237908 32.2779 2.19355 29.0071 2.87528 -21.1805 -0.585271 66.3538
237908 32.4126 2.15507 28.9869 2.88497 -21.2071 -0.608616 66.4395
237917 32.4126 2.15507 28.9869 2.88497 -21.2071 -0.608616 66.4395
237944 32.7012 2.13582 28.7241 2.77847 -21.2961 -0.753938 66.3396
237946 32.9898 2.18393 28.3401 2.64294 -21.3519 -0.950182 66.1568
237950 32.9898 2.18393 28.3401 2.64294 -21.3519 -0.950182 66.1568
237959 33.4901 2.34748 27.6629 2.60421 -21.2547 -1.26401 66.1047
237984 34 2.70345 26.8948 2.5074 -21.0587 -1.65673 66.1056
237984 34 2.70345 26.8948 2.5074 -21.0587 -1.65673 66.1056
237987 34 3.10753 26.1772 2.47836 -20.753 -1.92783 65.7631
237997 34 3.10753 26.1772 2.47836 -20.753 -1.92783 65.7631
238021 34 3.44426 25.4596 2.39123 -20.5314 -2.20387 65.2951
238022 34 3.84833 24.7723 2.40091 -20.1945 -2.46267 65.0215
238029 34 3.84833 24.7723 2.40091 -20.1945 -2.46267 65.0215
238060 34 4.55065 23.893 2.56549 -19.5268 -2.79011 65.0091
238062 34 5.57046 22.9732 3.79499 -17.9412 -2.89474 66.3387
238063 34 5.57046 22.9732 3.79499 -17.9412 -2.89474 66.3387
238069 34 6.83079 21.9322 6.32175 -15.4809 -2.73073 69.0848
238100 34 6.83079 21.9322 6.32175 -15.4809 -2.73073 69.0848
238101 34 7.61007 19.6177 7.64806 -13.9234 -3.12394 68.8759
238103 34 8.4086 16.2512 8.02563 -12.6778 -4.0785 66.6854
238112 34 8.4086 16.2512 8.02563 -12.6778 -4.0785 66.6854
238138 34 9.39955 12.7399 8.23861 -11.3011 -5.22408 64.378
238143 32.8551 10.4482 9.84583 9.24544 -9.21846 -5.82071 62.3946
238144 32.8551 10.4482 9.84583 9.24544 -9.21846 -5.82071 62.3946
238150 31.2388 11.6893 8.14583 11.2204 -6.61174 -5.67353 62.2943
238179 31.2388 11.6893 8.14583 11.2204 -6.61174 -5.67353 62.2943
238180 29.6802 13.3345 7.4881 13.4567 -4.05614 -5.17591 63.9595
238189 28.0928 14.7776 7.4881 15.7802 -1.89871 -4.44569 66.1387
238220 28.0928 14.7776 7.4881 15.7802 -1.89871 -4.44569 66.1387
238222 25.957 16.3362 7.68036 18.0227 0.265276 -3.65978 67.9962
238223 23.2247 17.6123 7.87262 20.1935 2.43404 -2.78016 68.9031
238227 23.2247 17.6123 7.87262 20.1935 2.43404 -2.78016 68.9031
238235 19.7035 18.7316 7.92321 22.1521 4.83759 -1.83032 68.5103
238261 19.7035 18.7316 7.92321 22.1521 4.83759 -1.83032 68.5103
238263 15.9369 19.5734 7.85238 23.9563 7.33094 -0.824802 67.319
238266 12.303 20.5014 7.94345 25.6447 9.75247 0.177072 66.3926
238272 12.303 20.5014 7.94345 25.6447 9.75247 0.177072 66.3926
238303 9.18135 21.4294 7.92321 27.0437 11.9585 0.996419 65.5776
238304 6.85219 22.1756 8.08512 28.2497 13.5735 1.67689 65.3626
238306 6.85219 22.1756 8.08512 28.2497 13.5735 1.67689 65.3626
238312 5.4025 22.8548 8.18631 28.983 14.6152 2.0432 65.4266
238344 5.4025 22.8548 8.18631 28.983 14.6152 2.0432 65.4266
238344 4.35873 23.2279 8.22679 29.5619 15.3744 2.3408 65.3753
238348 3.72086 23.5245 8.2875 29.6776 15.7926 2.46582 65.2105
238385 3.44059 23.668 8.30774 29.6294 15.9692 2.49714 65.0457
238387 3.40193 23.8976 8.14583 29.2242 16.0717 2.33584 64.6695
238389 3.40193 23.8976 8.14583 29.2242 16.0717 2.33584 64.6695
238394 3.47925 24.1846 7.9131 28.5585 16.1185 2.05995 64.1354
238429 3.47925 24.1846 7.9131 28.5585 16.1185 2.05995 64.1354
238431 3.53724 24.3568 7.62976 27.8445 16.1888 1.79433 63.3683
238433 3.56623 24.6342 7.36667 27.1981 16.2906 1.52098 62.7652
238439 3.56623 24.6342 7.36667 27.1981 16.2906 1.52098 62.7652
238445 3.60489 24.8255 7.225 26.9086 16.345 1.36736 62.5641
238470 3.63388 25.0264 7.16429 26.8025 16.379 1.27096 62.6271
238474 3.63388 25.0264 7.16429 26.8025 16.379 1.27096 62.6271
238476 3.66288 25.0934 7.19464 26.8507 16.3557 1.26328 62.8017
238485 3.66288 25.0934 7.19464 26.8507 16.3557 1.26328 62.8017
238511 3.63388 25.1508 7.32619 27.2174 16.3466 1.36405 63.3283
238512 3.66288 25.1699 7.35655 27.3138 16.3237 1.37888 63.5032
238552 3.66288 25.1699 7.35655 27.3138 16.3237 1.37888 63.5032
238554 3.67254 25.1891 7.2756 27.2077 16.3583 1.33121 63.3449
238557 3.63388 25.3613 7.225 27.0919 16.4243 1.26084 63.3121
238567 3.63388 25.3613 7.225 27.0919 16.4243 1.26084 63.3121
238594 3.5759 25.3134 7.16429 27.1016 16.497 1.27698 63.1552
238596 3.58556 25.3134 7.2756 27.1788 16.4281 1.31533 63.3534
238597 3.58556 25.3134 7.2756 27.1788 16.4281 1.31533 63.3534
238607 3.46958 25.2943 7.28571 27.4779 16.5349 1.41663 63.5275
238635 3.37294 25.2178 7.36667 27.941 16.5963 1.57678 63.8984
238637 3.37294 25.2178 7.36667 27.941 16.5963 1.57678 63.8984
238642 3.32462 25.2752 7.44762 28.4137 16.6444 1.68975 64.4612
238649 3.32462 25.2752 7.44762 28.4137 16.6444 1.68975 64.4612
238678 3.34395 25.1987 7.66012 28.79 16.5344 1.82502 64.9927
238680 3.72086 25.0647 7.95357 29.1373 16.1391 1.89111 65.8765
238682 3.72086 25.0647 7.95357 29.1373 16.1391 1.89111 65.8765
238688 4.41671 24.7012 8.20655 29.4943 15.5541 1.92677 66.8188
