754441 12.2644 3.16525 20.6082 4.33713 -15.7091 3.53526 40.3749
754443 12.2547 2.39559 21.4471 4.46298 -16.5452 4.16409 40.5603
754452 12.187 1.80872 22.0939 4.48235 -17.247 4.65118 40.572
754462 12.187 1.80872 22.0939 4.48235 -17.247 4.65118 40.572
754472 12.2933 1.40464 22.4174 4.52107 -17.7089 4.8874 40.6364
754486 12.2837 1.12564 22.5488 4.63724 -17.902 5.09049 40.5953
754495 12.2837 1.12564 22.5488 4.63724 -17.902 5.09049 40.5953
754503 12.2354 1.12564 22.4881 4.6082 -17.9137 5.09252 40.4573
754521 12.2354 1.12564 22.4881 4.6082 -17.9137 5.09252 40.4573
754530 12.0614 1.14488 22.3062 4.56948 -17.8717 5.11554 40.0819
754539 11.8681 1.08715 22.1243 4.55979 -17.8771 5.19514 39.6393
754547 11.8681 1.08715 22.1243 4.55979 -17.8771 5.19514 39.6393
754558 11.6265 1.02943 21.9524 4.51139 -17.9181 5.29448 39.1198
754565 11.4235 1.01019 21.9625 4.57916 -17.8297 5.42957 38.9754
754575 11.4235 1.01019 21.9625 4.57916 -17.8297 5.42957 38.9754
754585 11.2592 0.990945 21.9221 4.55011 -17.8452 5.50923 38.7224
754595 11.2592 0.990945 21.9221 4.55011 -17.8452 5.50923 38.7224
754605 10.979 0.952462 22.0232 4.66629 -17.7258 5.73189 38.6209
754615 11.1046 2.13582 22.0434 4.85991 -16.2866 5.10523 40.1437
754627 11.1046 2.13582 22.0434 4.85991 -16.2866 5.10523 40.1437
754636 11.1916 3.13639 21.8716 4.9664 -15.1584 4.55838 41.166
754645 10.9983 3.72326 21.5684 5.07289 -14.3671 4.32262 41.3628
754662 10.9983 3.72326 21.5684 5.07289 -14.3671 4.32262 41.3628
754666 10.892 4.83928 20.9721 5.22779 -12.9957 3.74493 41.9311
754675 10.892 4.83928 20.9721 5.22779 -12.9957 3.74493 41.9311
754690 10.8533 6.32088 20.1332 5.39237 -11.2842 2.93374 42.6998
754697 10.747 7.77363 19.1326 5.3246 -9.76164 2.07195 42.9778
754705 10.747 7.77363 19.1326 5.3246 -9.76164 2.07195 42.9778
754720 10.3701 8.84154 17.8793 5.23747 -8.36932 1.38388 42.3284
754728 10.3701 8.84154 17.8793 5.23747 -8.36932 1.38388 42.3284
754737 10.0898 9.66893 16.656 5.05353 -7.24851 0.705623 41.4682
754746 9.72257 10.3905 15.2798 4.74374 -6.14658 -0.0334713 40.1366
754756 9.72257 10.3905 15.2798 4.74374 -6.14658 -0.0334713 40.1366
754766 9.35532 10.9196 14.1667 4.6082 -5.11791 -0.576219 39.0498
754776 8.93974 11.266 13.0232 4.62756 -4.00817 -1.01236 37.8565
754791 8.93974 11.266 13.0232 4.62756 -4.00817 -1.01236 37.8565
754798 8.64014 11.5546 12.1327 4.80182 -2.97369 -1.31709 37.1293
754807 8.64014 11.5546 12.1327 4.80182 -2.97369 -1.31709 37.1293
754816 8.56282 11.8336 11.5256 5.56663 -1.79265 -1.32208 37.4887
754831 8.56282 12.18 10.9488 6.80581 -0.341488 -1.1643 38.4974
754837 8.56282 12.18 10.9488 6.80581 -0.341488 -1.1643 38.4974
754848 8.6498 12.2473 10.3012 7.832 0.722721 -1.06222 39.0303
754857 8.64014 12.1607 9.35 8.50968 1.73321 -1.14116 38.6605
754868 8.64014 12.1607 9.35 8.50968 1.73321 -1.14116 38.6605
754888 8.62081 12.2569 8.29762 9.168 2.93825 -1.33483 38.3434
754889 8.62081 12.2569 8.29762 9.168 2.93825 -1.33483 38.3434
754897 8.52416 12.3724 7.3869 9.94248 4.18813 -1.39976 38.2259
754915 8.59181 12.7284 6.55714 10.93 5.4818 -1.48158 38.8073
754923 8.59181 12.7284 6.55714 10.93 5.4818 -1.48158 38.8073
754932 8.71745 13.2479 5.97024 11.8787 6.55474 -1.55085 39.8143
754939 8.66913 13.5654 5.66667 12.8274 7.40083 -1.37755 40.7286
754951 8.66913 13.5654 5.66667 12.8274 7.40083 -1.37755 40.7286
754958 8.60148 13.9021 5.70714 13.7084 7.93307 -1.10499 41.9191
754972 8.60148 13.9021 5.70714 13.7084 7.93307 -1.10499 41.9191
754984 8.34053 14.2484 5.79821 14.4636 8.50233 -0.814645 42.8507
754992 7.95395 14.5371 5.72738 14.8605 9.1206 -0.662677 43.0789
755016 7.36441 14.9027 5.58571 15.1122 9.92944 -0.547831 42.965
755020 6.67823 15.0951 5.33274 15.1993 10.8044 -0.440103 42.3054
755030 6.67823 15.0951 5.33274 15.1993 10.8044 -0.440103 42.3054
755040 5.91472 15.5376 4.99881 15.1315 11.8773 -0.476882 41.5827
755052 5.91472 15.5376 4.99881 15.1315 11.8773 -0.476882 41.5827
755062 5.02558 15.8744 4.75595 14.967 12.9606 -0.434616 40.6229
755071 4.14611 16.2015 4.4119 14.8895 14.2078 -0.39578 39.649
755081 4.14611 16.2015 4.4119 14.8895 14.2078 -0.39578 39.649
755093 3.28596 16.3843 4.22976 14.9186 15.3194 -0.201667 38.8186
755102 2.50313 16.7114 4.12857 15.0154 16.3556 -0.0275892 38.3584
755112 2.50313 16.7114 4.12857 15.0154 16.3556 -0.0275892 38.3584
755122 2.29051 17.2392 4.10833 15.2284 16.7682 -0.0744787 38.8664
755136 2.29051 17.2392 4.10833 15.2284 16.7682 -0.0744787 38.8664
755144 2.26151 17.6792 4.23988 15.5091 16.8097 -0.0724715 39.6897
755152 2.34849 18.0523 4.23988 15.6931 16.8327 -0.174009 40.3338
755167 2.34849 18.0523 4.23988 15.6931 16.8327 -0.174009 40.3338
755177 2.38715 18.1863 4.23988 15.6253 16.8061 -0.262715 40.4386
755184 2.39682 18.215 4.12857 15.3929 16.8704 -0.407494 40.1333
755192 2.39682 18.215 4.12857 15.3929 16.8704 -0.407494 40.1333
755207 2.44514 18.368 3.94643 15.0154 16.9653 -0.698191 39.775
755215 2.37749 18.368 3.8756 14.7056 17.0498 -0.825525 39.3267
755225 2.37749 18.3872 3.8756 14.7056 17.0537 -0.832418 39.3458
755234 2.37749 18.3776 3.75417 14.4055 17.1217 -1.00044 38.9147
755254 2.37749 18.3776 3.75417 14.4055 17.1217 -1.00044 38.9147
755257 2.36782 18.3202 3.60238 14.1247 17.2294 -1.15616 38.4151
755265 2.30984 18.3298 3.55179 13.8536 17.2965 -1.27514 38.045
755275 2.30984 18.3298 3.55179 13.8536 17.2965 -1.27514 38.045
755297 2.30017 18.3872 3.46071 13.7665 17.4028 -1.36891 37.9146
755300 2.29051 18.4254 3.43036 13.7181 17.4456 -1.41326 37.8644
755306 2.29051 18.4254 3.43036 13.7181 17.4456 -1.41326 37.8644
755319 2.33883 18.6168 3.48095 13.8149 17.3927 -1.43513 38.2515
755326 2.33883 18.6168 3.48095 13.8149 17.3927 -1.43513 38.2515
755340 2.69642 18.9133 3.7744 13.9117 16.7665 -1.49772 39.2959
755346 3.61455 19.1812 3.89583 13.9795 15.7669 -1.81471 40.6711
755356 3.61455 19.1812 3.89583 13.9795 15.7669 -1.81471 40.6711
755367 4.49403 19.3247 4.12857 13.8052 14.6742 -2.11422 41.7525
755376 5.16089 19.1429 4.50298 13.6116 13.6089 -2.18864 42.4184
755391 5.16089 19.1429 4.50298 13.6116 13.6089 -2.18864 42.4184
755398 6.13701 18.8751 4.81667 13.1953 12.2703 -2.44052 43.0241
755407 6.13701 18.8751 4.81667 13.1953 12.2703 -2.44052 43.0241
755417 7.33542 18.4159 4.98869 12.4208 10.723 -2.89907 43.1608
755428 8.5145 17.794 5.16071 11.5592 9.10911 -3.34264 43.0285
755437 8.5145 17.794 5.16071 11.5592 9.10911 -3.34264 43.0285
755452 9.36498 16.9711 5.1506 10.6008 7.75549 -3.7724 42.0875
755459 10.0125 15.9994 5.23155 9.82631 6.44128 -4.00078 41.0698
755485 10.4764 15.0758 5.22143 9.15831 5.34428 -4.19682 39.932
755493 10.4764 15.0758 5.22143 9.15831 5.34428 -4.19682 39.932
755499 10.7857 14.1715 5.50476 8.55809 4.12553 -4.18797 39.02
755514 11.1433 13.7866 6.12202 7.9869 2.88703 -4.15778 39.0388
755520 11.1433 13.7866 6.12202 7.9869 2.88703 -4.15778 39.0388
755530 11.5588 13.5365 7.12381 7.5803 1.52901 -3.91635 39.7994
755540 11.7135 13.017 7.72083 7.05752 0.405091 -3.77844 39.5088
755550 11.7135 13.017 7.72083 7.05752 0.405091 -3.77844 39.5088
755560 11.7038 12.4782 7.99405 6.33144 -0.576648 -3.83946 38.5075
755574 11.7038 12.4782 7.99405 6.33144 -0.576648 -3.83946 38.5075
755580 11.7135 12.18 8.05476 5.60535 -1.32006 -4.08749 37.5536
755595 11.8101 12.3147 8.41905 4.82118 -2.06967 -4.36955 37.365
755603 11.8101 12.3147 8.41905 4.82118 -2.06967 -4.36955 37.365
755611 12.0614 12.4301 9.09702 4.25 -2.95883 -4.41791 37.8385
755630 12.3803 12.5071 10.1292 3.93052 -3.89753 -4.17016 38.9471
755633 12.3803 12.5071 10.1292 3.93052 -3.89753 -4.17016 38.9471
755645 12.6606 12.4301 11.2119 3.79499 -4.768 -3.77223 40.0976
755651 12.6606 12.4301 11.2119 3.79499 -4.768 -3.77223 40.0976
755670 12.7283 12.1222 12.1732 3.77563 -5.517 -3.27272 40.7993
755672 12.7476 11.5161 13.0232 3.80467 -6.35775 -2.71436 41.0916
755681 12.7476 11.5161 13.0232 3.80467 -6.35775 -2.71436 41.0916
755691 12.6799 10.5637 13.9137 3.84339 -7.43071 -2.00723 41.0007
755701 12.6993 9.69779 14.8851 3.96925 -8.43446 -1.28821 41.2514
755720 12.6993 9.69779 14.8851 3.96925 -8.43446 -1.28821 41.2514
755729 12.7669 8.90889 16.0589 4.0951 -9.45608 -0.545698 41.8298
755739 12.7669 8.90889 16.0589 4.0951 -9.45608 -0.545698 41.8298
755749 12.6799 7.8987 17.283 4.18223 -10.6329 0.316313 42.0439
755757 12.6413 6.84041 18.3139 4.31777 -11.7522 1.12197 42.1134
755764 12.6413 6.84041 18.3139 4.31777 -11.7522 1.12197 42.1134
755772 12.593 5.76288 19.1629 4.25968 -13.0051 1.81915 41.7784
755785 12.564 4.6661 19.9917 4.26936 -14.2321 2.54186 41.4911
755804 12.477 3.55971 20.7194 4.20159 -15.5252 3.25371 40.9577
755814 12.477 3.55971 20.7194 4.20159 -15.5252 3.25371 40.9577
755824 12.419 2.59762 21.4269 4.24032 -16.5962 3.92684 40.6838
755834 12.1967 1.60668 21.9322 4.33713 -17.5837 4.66625 40.0727
755847 12.1967 1.60668 21.9322 4.33713 -17.5837 4.66625 40.0727
755860 12.1967 1.1545 22.3769 4.38554 -18.0946 5.01497 40.1137
755876 12.2547 1.04867 22.6195 4.48235 -18.1556 5.12254 40.4052
755885 12.2837 1.08715 22.4881 4.48235 -18.097 5.05671 40.3413
755895 12.2837 1.08715 22.4881 4.48235 -18.097 5.05671 40.3413
755905 12.1387 1.01981 22.4578 4.43394 -18.1914 5.14349 40.0503
755919 11.9648 1.05829 22.1344 4.41458 -18.0849 5.12707 39.572
755925 11.9648 1.05829 22.1344 4.41458 -18.0849 5.12707 39.572
755940 11.7425 0.971703 21.9019 4.33713 -18.1856 5.20812 38.9532
755946 11.5298 0.962083 21.8312 4.34681 -18.1356 5.3088 38.6699
755955 11.5298 0.962083 21.8312 4.34681 -18.1356 5.3088 38.6699
755970 11.2786 0.808149 21.6998 4.37585 -18.208 5.49844 38.1623
755979 11.2786 0.808149 21.6998 4.37585 -18.208 5.49844 38.1623
755987 10.921 0.760045 21.5583 4.35649 -18.1953 5.67899 37.5958
755996 10.7663 1.50085 21.3359 4.55979 -17.0595 5.35671 38.1629
756019 10.7663 1.50085 21.3359 4.55979 -17.0595 5.35671 38.1629
756021 10.9596 3.11715 21.1338 4.7631 -15.1432 4.43545 39.9736
756026 10.892 3.11715 20.9721 5.04385 -14.8051 4.49972 40.025
756040 10.892 4.35823 20.9721 5.04385 -13.608 3.91327 41.2661
756046 10.747 5.59932 20.497 5.46014 -11.9284 3.40781 42.3035
756058 10.747 5.59932 20.497 5.46014 -11.9284 3.40781 42.3035
756066 10.6794 7.4369 19.7996 5.65376 -9.97733 2.526 43.5697
756081 10.5924 9.04358 18.6576 5.73121 -8.2199 1.61936 44.0247
756087 10.5924 9.04358 18.6576 5.73121 -8.2199 1.61936 44.0247
756096 10.1865 10.15 17.2628 5.65376 -6.73105 0.894771 43.253
756106 10.1865 10.15 17.2628 5.65376 -6.73105 0.894771 43.253
756126 9.78056 10.9774 15.9274 5.46982 -5.49207 0.227473 42.1551
756128 9.40364 11.545 14.6423 5.4795 -4.27401 -0.301995 41.0704
756136 9.40364 11.545 14.6423 5.4795 -4.27401 -0.301995 41.0704
756151 8.9784 11.7663 13.519 5.51822 -3.27595 -0.643782 39.7819
756157 8.67879 11.9394 12.578 5.85706 -2.21509 -0.838547 39.0533
756166 8.67879 11.9394 12.578 5.85706 -2.21509 -0.838547 39.0533
756181 8.33087 11.9587 11.7988 6.37016 -1.17063 -0.827093 38.4585
756198 8.06026 11.9394 11.0196 6.73804 -0.266449 -0.890696 37.7574
756207 7.90563 11.9875 10.2304 7.1156 0.649294 -1.02602 37.2391
756219 7.90563 11.9875 10.2304 7.1156 0.649294 -1.02602 37.2391
756232 7.76066 12.0453 9.54226 7.5803 1.57239 -1.08996 36.9285
756243 7.91529 12.3243 8.85417 8.20957 2.52282 -1.27703 37.3033
756248 7.91529 12.3243 8.85417 8.20957 2.52282 -1.27703 37.3033
756259 8.12791 12.6225 8.21667 9.0131 3.48276 -1.39047 37.9802
756273 8.12791 12.6225 8.21667 9.0131 3.48276 -1.39047 37.9802
756280 8.42752 13.1324 7.50833 9.8844 4.5446 -1.60472 38.9527
756291 8.66913 13.6231 6.86071 10.7557 5.54325 -1.75744 39.9086
756303 8.66913 13.6231 6.86071 10.7557 5.54325 -1.75744 39.9086
756313 8.84309 14.1522 6.27381 11.3075 6.37241 -2.0014 40.5767
756320 8.73678 14.4312 5.65655 11.7625 7.26859 -2.12467 40.5871
756336 8.73678 14.4312 5.65655 11.7625 7.26859 -2.12467 40.5871
756349 8.4855 14.691 5.3125 12.2466 8.06394 -2.06849 40.7356
756351 8.4855 14.691 5.3125 12.2466 8.06394 -2.06849 40.7356
756361 8.06993 14.8546 5.17083 12.8371 8.82608 -1.8017 40.9324
756383 7.64468 15.2683 5.17083 13.5342 9.60338 -1.51663 41.6179
756387 7.64468 15.2683 5.17083 13.5342 9.60338 -1.51663 41.6179
756396 7.15179 15.4992 5.12024 14.086 10.3406 -1.23445 41.8572
756405 6.50426 15.7493 5.0494 14.5797 11.2071 -0.939919 41.8827
756414 6.50426 15.7493 5.0494 14.5797 11.2071 -0.939919 41.8827
756428 5.98238 16.1534 4.90774 14.8218 11.9938 -0.862142 41.8652
756433 5.98238 16.1534 4.90774 14.8218 11.9938 -0.862142 41.8652
756442 5.34451 16.442 4.69524 14.996 12.8974 -0.757728 41.4778
756453 4.51336 16.9038 4.42202 15.0154 14.0644 -0.726878 40.8546
756463 4.51336 16.9038 4.42202 15.0154 14.0644 -0.726878 40.8546
756477 3.63388 17.2774 4.1994 15.0347 15.2439 -0.626661 40.1455
756484 2.92837 17.6027 3.93631 15.1315 16.3322 -0.554262 39.5989
756498 2.92837 17.6027 3.93631 15.1315 16.3322 -0.554262 39.5989
756507 2.37749 18.0141 3.81488 15.2671 17.1563 -0.497646 39.4735
756514 2.20352 18.3202 3.78452 15.422 17.4641 -0.497313 39.7302
756526 2.20352 18.3202 3.78452 15.422 17.4641 -0.497313 39.7302
756535 2.30984 18.7698 3.78452 15.4317 17.438 -0.693676 40.2959
756545 2.30984 18.7698 3.78452 15.4317 17.438 -0.693676 40.2959
756555 2.37749 19.076 3.71369 15.2284 17.4606 -0.932557 40.3955
756568 2.40648 19.2769 3.6631 14.9476 17.4684 -1.14384 40.2941
756575 2.40648 19.2769 3.6631 14.9476 17.4684 -1.14384 40.2941
756591 2.41615 19.3247 3.54167 14.6959 17.5487 -1.31444 39.9784
756595 2.35816 19.2864 3.42024 14.512 17.6998 -1.40704 39.5768
756614 2.35816 19.2864 3.42024 14.512 17.6998 -1.40704 39.5768
756617 2.35816 19.229 3.32917 14.1731 17.7253 -1.56752 39.0895
756625 2.35816 19.229 3.32917 14.1731 17.7253 -1.56752 39.0895
756638 2.30984 19.1525 3.22798 13.9408 17.8324 -1.66715 38.6311
756646 2.30017 19.1812 3.06607 13.7181 17.9882 -1.84129 38.2656
756661 2.30017 19.1812 3.06607 13.7181 17.9882 -1.84129 38.2656
756666 2.20352 19.2099 2.96488 13.5245 18.182 -1.94869 37.9028
756676 2.21319 19.1429 2.95476 13.4277 18.153 -1.9769 37.7386
756687 2.21319 19.1429 2.95476 13.4277 18.153 -1.9769 37.7386
756701 2.24218 19.2099 3.05595 13.5923 18.0471 -1.89128 38.1003
756710 2.24218 19.2099 3.05595 13.5923 18.0471 -1.89128 38.1003
756726 2.22285 19.1716 3.1875 13.8343 17.9583 -1.70737 38.4163
756735 2.17453 19.1047 3.24821 14.1441 17.9887 -1.50766 38.6715
756738 2.17453 19.1047 3.24821 14.1441 17.9887 -1.50766 38.6715
756748 2.62877 19.0281 3.88571 14.512 16.868 -1.22055 40.0546
756757 3.42126 19.0473 3.91607 14.6475 16.059 -1.42753 41.0321
756774 3.42126 19.0473 3.91607 14.6475 16.059 -1.42753 41.0321
756783 4.23309 18.7507 4.18929 14.7637 14.9582 -1.44176 41.9367
756789 4.23309 18.7507 4.18929 14.7637 14.9582 -1.44176 41.9367
756799 4.65833 18.2819 4.56369 14.6862 14.0709 -1.31204 42.1902
756809 5.38317 17.7175 4.95833 14.6088 12.8814 -1.24224 42.6678
756824 5.38317 17.7175 4.95833 14.6088 12.8814 -1.24224 42.6678
756835 6.43661 17.1435 5.4744 14.1538 11.2167 -1.37194 43.2083
756840 7.41273 16.519 5.62619 13.4954 9.85724 -1.67585 43.0533
756850 7.41273 16.519 5.62619 13.4954 9.85724 -1.67585 43.0533
756861 8.1859 15.8744 5.71726 12.5951 8.59417 -2.03477 42.3726
756870 8.1859 15.8744 5.71726 12.5951 8.59417 -2.03477 42.3726
756885 8.72712 15.2394 5.67679 11.5011 7.49592 -2.47491 41.1444
756892 9.13303 14.9604 5.61607 10.1264 6.48768 -3.1445 39.8359
756900 9.13303 14.9604 5.61607 10.1264 6.48768 -3.1445 39.8359
756915 9.43263 14.8065 5.98036 8.82916 5.26435 -3.62224 39.0486
756921 9.68391 14.8353 6.61786 7.54157 3.92666 -4.01764 38.6787
756933 9.68391 14.8353 6.61786 7.54157 3.92666 -4.01764 38.6787
756940 10.0318 14.7102 7.18452 6.23462 2.4426 -4.4507 38.1612
756950 10.0318 14.7102 7.18452 6.23462 2.4426 -4.4507 38.1612
756969 10.4377 14.5082 7.87262 5.1697 0.899976 -4.70025 37.9883
756983 10.9016 14.489 8.69226 4.58884 -0.333646 -4.69704 38.6717
756986 10.9016 14.489 8.69226 4.58884 -0.333646 -4.69704 38.6717
756995 11.5492 14.7006 9.7244 4.41458 -1.336 -4.49784 40.3888
757007 12.0711 14.9892 10.797 4.39522 -2.06119 -4.21326 42.2526
757013 12.0711 14.9892 10.797 4.39522 -2.06119 -4.21326 42.2526
757023 12.4093 14.8257 11.5357 4.37585 -2.74847 -3.93662 43.1466
757032 12.4093 14.8257 11.5357 4.37585 -2.74847 -3.93662 43.1466
757045 12.535 14.4024 11.9607 4.39522 -3.2904 -3.66619 43.2933
757055 12.448 13.5365 12.2339 4.24032 -4.06577 -3.35982 42.4587
757062 12.448 13.5365 12.2339 4.24032 -4.06577 -3.35982 42.4587
757081 12.1484 12.4878 12.578 4.08542 -4.93534 -2.89572 41.2996
757091 11.9551 11.343 13.0637 3.94989 -6.03172 -2.33846 40.3116
757103 11.9551 11.343 13.0637 3.94989 -6.03172 -2.33846 40.3116
757108 11.7231 10.0441 13.7214 3.83371 -7.35376 -1.60677 39.3224
757117 11.7231 10.0441 13.7214 3.83371 -7.35376 -1.60677 39.3224
757128 11.4235 8.74533 14.7738 3.85308 -8.76316 -0.596193 38.7958
757136 11.3269 7.38879 16.1095 3.94021 -10.3877 0.516198 38.7654
757145 11.3269 7.38879 16.1095 3.94021 -10.3877 0.516198 38.7654
757155 11.3462 6.06112 17.5559 4.05638 -12.0354 1.61647 39.0196
757165 11.2496 4.8489 18.9911 4.19191 -13.4923 2.70529 39.2815
757178 11.2496 4.8489 18.9911 4.19191 -13.4923 2.70529 39.2815
757185 11.0949 3.66553 20.4061 4.33713 -14.871 3.79055 39.5037
757202 11.0949 3.66553 20.4061 4.33713 -14.871 3.79055 39.5037
757206 10.9886 2.64573 21.9423 4.6082 -15.9743 4.82128 40.1849
757216 11.008 1.86644 23.3068 4.86959 -16.7955 5.59136 41.0508
757227 11.008 1.86644 23.3068 4.86959 -16.7955 5.59136 41.0508
757236 11.0659 1.26033 24.2771 5.03417 -17.4413 6.11886 41.6375
757251 11.2786 0.942841 24.7218 5.15034 -17.7623 6.28981 42.0935
757263 11.2786 0.942841 24.7218 5.15034 -17.7623 6.28981 42.0935
757267 11.4235 0.798529 24.5398 5.07289 -17.9826 6.23548 41.8348
757277 11.5395 0.808149 24.0951 4.92768 -18.0677 6.04603 41.3705
757287 11.5395 0.808149 24.0951 4.92768 -18.0677 6.04603 41.3705
757301 11.4525 0.750424 23.4988 4.82118 -18.1254 5.96589 40.5229
757312 11.4525 0.750424 23.4988 4.82118 -18.1254 5.96589 40.5229
757319 11.4139 0.81777 22.7509 4.56948 -18.1897 5.72236 39.552
757328 11.3945 0.837012 22.1647 4.43394 -18.2128 5.54996 38.8302
757355 11.3366 0.865874 21.6593 4.25968 -18.2773 5.39719 38.1214
757360 11.2302 0.769666 21.437 4.16287 -18.4407 5.42554 37.5998
757377 11.2302 0.769666 21.437 4.16287 -18.4407 5.42554 37.5998
757380 11.0659 0.769666 21.3359 4.0951 -18.473 5.47222 37.2666
757390 11.0659 0.769666 21.3359 4.0951 -18.473 5.47222 37.2666
757401 10.8727 0.740804 21.3864 4.13383 -18.4364 5.61759 37.1337
757410 10.863 1.03905 21.5583 4.4533 -17.7568 5.58224 37.9136
757426 10.863 1.03905 21.5583 4.4533 -17.7568 5.58224 37.9136
757431 11.0563 2.19355 21.6694 4.66629 -16.3354 4.95859 39.5856
757441 11.1433 3.37691 21.821 4.97608 -14.8917 4.45708 41.3173
757453 11.1433 3.37691 21.821 4.97608 -14.8917 4.45708 41.3173
757469 11.0466 4.3871 21.5987 5.33428 -13.5271 4.07133 42.3667
757479 11.0756 4.3871 21.0226 5.33428 -13.377 3.90756 41.8196
757486 11.0756 5.92643 21.0226 5.60535 -11.7846 3.30939 43.63
757495 11.0853 7.55235 19.9411 5.72153 -10.0183 2.37867 44.3003
757507 11.0853 7.55235 19.9411 5.72153 -10.0183 2.37867 44.3003
757512 11.0659 8.99547 18.4251 5.60535 -8.44272 1.35025 44.0919
757522 10.9693 9.93831 16.8179 5.41173 -7.20788 0.459688 43.1372
757537 10.9693 9.93831 16.8179 5.41173 -7.20788 0.459688 43.1372
757544 10.776 10.6118 15.2292 5.09226 -6.17439 -0.383497 41.7092
757559 10.776 10.6118 15.2292 5.09226 -6.17439 -0.383497 41.7092
757567 10.4184 11.0447 13.5292 4.82118 -5.07472 -1.17276 39.8135
757574 10.2251 11.3237 12.1429 4.58884 -4.21587 -1.88757 38.2805
757585 10.2251 11.3237 12.1429 4.58884 -4.21587 -1.88757 38.2805
757594 10.0512 11.5835 10.9994 4.43394 -3.39454 -2.50943 37.068
757611 10.1092 11.8625 10.028 4.47267 -2.60608 -3.0726 36.4723
757622 10.1092 11.8625 10.028 4.47267 -2.60608 -3.0726 36.4723
757637 10.2155 12.0453 9.41071 4.64692 -2.01962 -3.38799 36.3184
757642 10.4571 12.4493 8.8744 5.08257 -1.22042 -3.6416 36.8634
757663 10.8533 13.017 8.46964 5.77961 -0.345215 -3.78587 38.1196
757689 11.2592 13.3826 8.20655 6.62187 0.341174 -3.72942 39.4702
757691 11.5298 13.7193 7.90298 7.4738 1.08322 -3.6451 40.6259
757700 11.5298 13.7193 7.90298 7.4738 1.08322 -3.6451 40.6259
757714 11.8971 14.1619 7.39702 7.95786 1.70571 -3.87699 41.4138
757716 12.0904 14.5178 6.89107 8.21925 2.25057 -4.1341 41.7185
757726 12.0904 14.5178 6.89107 8.21925 2.25057 -4.1341 41.7185
757740 12.158 14.8546 6.375 8.32574 2.78523 -4.42731 41.7133
757746 12.158 14.8546 6.375 8.32574 2.78523 -4.42731 41.7133
757765 12.0324 15.0855 5.88929 8.44191 3.38107 -4.62736 41.4491
757768 11.8874 15.2971 5.56548 8.48064 3.83503 -4.77985 41.2307
757777 11.8874 15.2971 5.56548 8.48064 3.83503 -4.77985 41.2307
757791 11.5298 15.5857 5.23155 8.51936 4.4925 -4.90549 40.8665
757797 11.1239 15.8551 5.02917 8.67426 5.14735 -4.89484 40.6825
757818 11.1239 15.8551 5.02917 8.67426 5.14735 -4.89484 40.6825
757825 10.6987 15.9898 4.8369 8.97437 5.82015 -4.76937 40.4998
757834 10.6987 15.9898 4.8369 8.97437 5.82015 -4.76937 40.4998
757845 10.1092 16.2688 4.71548 9.168 6.58954 -4.65501 40.2614
757852 9.50995 16.4324 4.50298 9.5262 7.47135 -4.47062 39.9715
757861 9.50995 16.4324 4.50298 9.5262 7.47135 -4.47062 39.9715
757873 8.87209 16.5093 4.40179 10.0199 8.3256 -4.13022 39.8031
757879 8.16657 16.7306 4.31071 10.6589 9.35127 -3.73529 39.8668
757888 8.16657 16.7306 4.31071 10.6589 9.35127 -3.73529 39.8668
757904 7.37408 16.9904 4.25 11.3462 10.4556 -3.29131 39.9607
757910 7.37408 16.9904 4.25 11.3462 10.4556 -3.29131 39.9607
757926 6.64923 17.2105 4.26012 12.111 11.4416 -2.79208 40.2309
757933 5.93405 17.4018 4.28036 13.0598 12.4442 -2.21102 40.676
757940 5.93405 17.4018 4.28036 13.0598 12.4442 -2.21102 40.676
757952 5.18988 17.6123 4.22976 13.8827 13.4887 -1.71932 40.9146
757964 5.18988 17.6123 4.22976 13.8827 13.4887 -1.71932 40.9146
757979 4.53269 17.6888 4.33095 14.5991 14.2305 -1.19975 41.1515
757981 3.79818 17.7175 4.26012 15.209 15.1692 -0.749021 40.9848
757990 3.79818 17.7175 4.26012 15.209 15.1692 -0.749021 40.9848
758005 2.97669 17.6984 4.05774 15.5962 16.2787 -0.379781 40.329
758010 2.41615 17.6505 3.99702 15.9157 16.9794 -0.0577578 39.9794
758020 2.41615 17.6505 3.99702 15.9157 16.9794 -0.0577578 39.9794
758035 2.07789 17.6888 3.93631 15.9932 17.4247 0.0615138 39.6962
758042 2.07789 17.6888 3.93631 15.9932 17.4247 0.0615138 39.6962
758058 2.06822 17.6888 3.95655 15.9544 17.406 0.0582218 39.668
758061 2.01023 17.574 3.83512 15.6543 17.5201 -0.0363877 39.0737
758071 2.01023 17.574 3.83512 15.6543 17.5201 -0.0363877 39.0737
758085 2.06822 17.5262 3.81488 15.4317 17.4267 -0.134334 38.8409
758096 1.96191 17.4879 3.81488 15.238 17.4982 -0.154621 38.5027
758112 1.95225 17.4688 3.67321 15.0831 17.6325 -0.261144 38.1774
758126 1.95225 17.4688 3.67321 15.0831 17.6325 -0.261144 38.1774
758138 1.94258 17.3253 3.63274 15.0251 17.6497 -0.241283 37.9256
758141 1.90392 17.3061 3.6631 14.9186 17.6346 -0.24942 37.7917
758166 1.90392 17.3061 3.6631 14.9186 17.6346 -0.24942 37.7917
758168 1.90392 17.2487 3.67321 14.9089 17.6101 -0.226804 37.7348
758172 1.92325 17.2679 3.79464 15.0444 17.4824 -0.13886 38.0302
758193 1.92325 17.2679 3.79464 15.0444 17.4824 -0.13886 38.0302
758200 3.06367 17.507 4.10833 15.0541 15.9748 -0.531649 39.7331
758208 3.06367 17.507 4.10833 15.0541 15.9748 -0.531649 39.7331
758221 4.3394 17.6123 4.39167 14.9282 14.4224 -0.956501 41.2716
758226 5.45082 17.4401 4.75595 14.6959 12.9474 -1.21829 42.3427
758235 5.45082 17.4401 4.75595 14.6959 12.9474 -1.21829 42.3427
758249 6.47527 17.0383 5.29226 14.2409 11.3317 -1.387 43.0467
758254 8.07959 16.4997 5.70714 13.5632 9.27954 -1.81608 43.8497
758264 8.07959 16.4997 5.70714 13.5632 9.27954 -1.81608 43.8497
758282 9.62592 15.8359 5.99048 12.4789 7.2263 -2.3875 43.9312
758285 9.62592 15.8359 5.99048 12.4789 7.2263 -2.3875 43.9312
758293 10.689 14.9219 6.15238 11.3656 5.4755 -2.81468 43.1289
758307 11.7038 14.4986 5.99048 9.92312 3.99339 -3.66445 42.116
758313 11.7038 14.4986 5.99048 9.92312 3.99339 -3.66445 42.116
758333 12.3707 14.3543 5.56548 8.31606 2.91468 -4.74434 40.6065
758336 12.6316 14.1234 5.28214 6.99943 2.05516 -5.56148 39.0366
758345 12.6316 14.1234 5.28214 6.99943 2.05516 -5.56148 39.0366
758361 12.8442 13.8347 5.30238 5.98292 1.10041 -6.08217 37.9643
758365 12.8442 13.8347 5.30238 5.98292 1.10041 -6.08217 37.9643
758375 12.8442 13.7097 5.51488 5.21811 0.381288 -6.36453 37.2869
758390 12.9119 13.7578 5.96012 4.72437 -0.260912 -6.41903 37.3542
758396 12.9119 13.7578 5.96012 4.72437 -0.260912 -6.41903 37.3542
758418 12.9312 14.0656 6.50655 4.42426 -0.624774 -6.35396 37.9277
758419 12.9892 14.3928 7.57917 4.28872 -1.20184 -5.92896 39.2498
758426 12.9892 14.3928 7.57917 4.28872 -1.20184 -5.92896 39.2498
758445 13.2018 14.7487 8.40893 4.26936 -1.59533 -5.63845 40.6288
758447 13.3468 14.8065 9.17798 4.24032 -2.09157 -5.31672 41.5715
758457 13.3468 14.8065 9.17798 4.24032 -2.09157 -5.31672 41.5715
758471 13.4531 14.7006 9.62321 4.17255 -2.50488 -5.13402 41.9495
758482 13.4531 14.7006 9.62321 4.17255 -2.50488 -5.13402 41.9495
758488 13.5401 14.489 9.83571 4.08542 -2.86137 -5.04452 41.9502
758500 13.5014 13.9117 9.88631 3.85308 -3.41592 -4.98405 41.1525
758515 13.5014 13.9117 9.88631 3.85308 -3.41592 -4.98405 41.1525
758528 13.3951 13.3248 10.0077 3.75626 -3.90386 -4.8004 40.484
758531 13.3854 12.7091 10.1393 3.63041 -4.50605 -4.63756 39.8643
758539 13.3854 12.7091 10.1393 3.63041 -4.50605 -4.63756 39.8643
758557 13.3468 12.0838 10.5036 3.52392 -5.22244 -4.33488 39.458
758566 13.3468 12.0838 10.5036 3.52392 -5.22244 -4.33488 39.458
758583 13.4821 11.4488 11.0399 3.42711 -6.12094 -3.98393 39.3979
758585 13.7334 10.631 11.7583 3.33998 -7.29848 -3.52209 39.4627
758612 13.946 9.794 12.75 3.28189 -8.56139 -2.90712 39.7719
758615 14.1006 8.79344 13.6911 3.27221 -9.86396 -2.232 39.8573
758621 14.1006 8.79344 13.6911 3.27221 -9.86396 -2.232 39.8573
758640 14.4969 7.85059 14.5613 3.21412 -11.2115 -1.70926 40.1229
758645 14.4969 7.85059 14.5613 3.21412 -11.2115 -1.70926 40.1229
758651 14.7095 6.69609 15.5833 3.21412 -12.6748 -0.97311 40.203
758668 14.9414 5.6378 16.828 3.27221 -14.0485 -0.176648 40.6794
758672 14.9414 5.6378 16.828 3.27221 -14.0485 -0.176648 40.6794
758681 15.0188 4.59875 17.8894 3.30125 -15.3206 0.578249 40.8082
758696 15.0091 3.49236 18.9405 3.3787 -16.5839 1.40289 40.8207
758703 15.0091 3.49236 18.9405 3.3787 -16.5839 1.40289 40.8207
758722 14.9608 2.54952 19.83 3.48519 -17.6091 2.13281 40.8255
758722 14.9608 2.54952 19.83 3.48519 -17.6091 2.13281 40.8255
758737 15.0478 1.90492 20.5172 3.64977 -18.2457 2.63171 41.1197
758750 15.0864 1.65478 20.8912 3.78531 -18.4327 2.87389 41.4177
758753 15.0864 1.65478 20.8912 3.78531 -18.4327 2.87389 41.4177
758778 15.0091 1.64516 20.8002 3.79499 -18.4058 2.88766 41.2495
758780 14.7578 1.54895 20.4263 3.6885 -18.5215 2.89747 40.4215
758784 14.7578 1.54895 20.4263 3.6885 -18.5215 2.89747 40.4215
758794 14.4099 1.52971 20.0725 3.64977 -18.4705 2.94339 39.6619
758809 14.004 1.52971 19.7087 3.64977 -18.3412 3.01787 38.8921
758815 14.004 1.41426 19.7087 3.582 -18.5464 3.05063 38.7089
758837 13.685 1.42388 19.3853 3.55296 -18.4596 3.08668 38.0471
758839 13.685 1.42388 19.3853 3.55296 -18.4596 3.08668 38.0471
758845 13.4724 1.41426 19.2438 3.5336 -18.4316 3.14252 37.664
758865 13.1438 1.3854 19.1427 3.46583 -18.4686 3.26324 37.1377
758881 12.9119 1.31805 19.1831 3.60137 -18.3547 3.46671 37.0144
758894 12.9119 1.31805 19.1831 3.60137 -18.3547 3.46671 37.0144
758904 12.6413 1.19298 19.0517 3.582 -18.4532 3.6194 36.468
758923 12.8926 2.70345 19.1528 3.86276 -16.4971 2.88238 38.6116
758925 12.8926 2.70345 19.1528 3.86276 -16.4971 2.88238 38.6116
758930 13.2211 4.36786 18.9608 4.22096 -14.4669 2.05762 40.7707
758939 13.2018 5.4069 18.89 4.65661 -13.0638 1.75704 42.1553
758954 13.2018 5.4069 18.89 4.65661 -13.0638 1.75704 42.1553
758957 13.3178 7.17714 18.2331 4.97608 -11.096 0.931563 43.7041
758985 13.3178 7.17714 18.2331 4.97608 -11.096 0.931563 43.7041
758985 13.3275 9.50538 17.0101 5.19875 -8.67721 -0.2078 45.0417
758988 13.0858 11.2756 15.5631 5.16002 -6.77244 -1.2105 45.0846
759000 13.0858 11.2756 15.5631 5.16002 -6.77244 -1.2105 45.0846
759014 12.593 12.5552 13.8732 5.05353 -5.0241 -2.11732 44.0749
759017 12.1774 13.5365 11.9 4.84055 -3.35673 -3.17046 42.4544
759027 12.1774 13.5365 11.9 4.84055 -3.35673 -3.17046 42.4544
759042 11.7715 14.2581 10.0381 4.58884 -1.82176 -4.20693 40.6565
759048 11.7715 14.2581 10.0381 4.58884 -1.82176 -4.20693 40.6565
759057 11.3076 14.8353 8.30774 4.23064 -0.355047 -5.27562 38.6813
759072 11.0176 15.2586 6.68869 4.14351 1.14248 -6.24281 37.1085
759079 11.0176 15.2586 6.68869 4.14351 1.14248 -6.24281 37.1085
759087 10.9983 15.8647 5.34286 4.08542 2.48614 -7.20617 36.2913
759102 10.95 16.3843 4.33095 4.16287 3.67464 -7.88785 35.8281
759109 10.95 16.3843 4.33095 4.16287 3.67464 -7.88785 35.8281
759130 11.1529 17.1818 3.69345 4.48235 4.66834 -8.2821 36.5105
759132 11.1529 17.1818 3.69345 4.48235 4.66834 -8.2821 36.5105
759144 11.5878 18.0906 3.43036 5.01481 5.30329 -8.35438 38.1236
759160 12.0034 19.0186 3.42024 5.82802 5.84982 -8.11035 40.2702
759162 12.0034 19.0186 3.42024 5.82802 5.84982 -8.11035 40.2702
759170 12.1194 19.7839 3.51131 6.68964 6.4381 -7.73165 42.1042
759190 12.0421 20.4153 3.58214 7.38667 7.01061 -7.42244 43.4262
759192 12.0421 20.4153 3.58214 7.38667 7.01061 -7.42244 43.4262
759200 11.6555 20.7788 3.41012 7.74487 7.7187 -7.32266 43.5893
759220 10.95 21.0276 3.22798 7.82232 8.52468 -7.29548 43.0278
759222 10.95 21.0276 3.22798 7.82232 8.52468 -7.29548 43.0278
759231 10.0705 21.0084 2.95476 7.95786 9.49062 -7.2037 41.9916
759251 10.0705 21.0084 2.95476 7.95786 9.49062 -7.2037 41.9916
759255 9.15236 20.9415 2.70179 8.00626 10.4735 -7.1268 40.8019
759261 8.13758 20.9797 2.48929 8.31606 11.6907 -6.88029 39.9227
759281 8.13758 20.9797 2.48929 8.31606 11.6907 -6.88029 39.9227
759287 7.21944 20.9797 2.3881 8.76139 12.7918 -6.49947 39.3487
759296 6.32064 20.9797 2.25655 9.35194 13.9779 -6.04948 38.9089
759312 6.32064 20.9797 2.25655 9.35194 13.9779 -6.04948 38.9089
759314 5.47982 20.9893 2.37798 10.0199 14.8914 -5.43052 38.867
759345 5.47982 20.9893 2.37798 10.0199 14.8914 -5.43052 38.867
759345 4.60034 21.0945 2.39821 10.8719 16.0194 -4.78307 38.965
759348 3.83684 21.1424 2.4994 11.7238 16.9186 -4.11556 39.2024
759354 3.83684 21.1424 2.4994 11.7238 16.9186 -4.11556 39.2024
759376 3.16032 21.1519 2.56012 12.5177 17.7387 -3.51656 39.39
759379 2.82206 21.1519 2.7119 13.3212 18.0838 -2.97731 40.0071
759385 2.82206 21.1519 2.7119 13.3212 18.0838 -2.97731 40.0071
759407 2.66742 21.1041 2.91429 13.8149 18.1091 -2.60822 40.5007
759409 2.66742 21.1041 2.91429 13.8149 18.1091 -2.60822 40.5007
759415 2.6191 21.0754 2.99524 14.115 18.1205 -2.42039 40.8048
759440 2.55145 20.9223 2.9244 13.9795 18.2192 -2.44066 40.3777
759440 2.55145 20.9223 2.9244 13.9795 18.2192 -2.44066 40.3777
759445 2.56111 20.7788 2.87381 13.7181 18.1948 -2.53483 39.9319
759472 2.47413 20.444 2.80298 13.389 18.2535 -2.57972 39.1101
759473 2.47413 20.444 2.80298 13.389 18.2535 -2.57972 39.1101
759480 2.42581 20.2527 2.66131 13.0501 18.3744 -2.72222 38.3899
759486 2.42581 20.2527 2.66131 13.0501 18.3744 -2.72222 38.3899
759500 2.42581 20.0709 2.62083 13.0308 18.3855 -2.69152 38.1483
759506 2.36782 20.0518 2.59048 12.9533 18.4696 -2.71676 37.9634
759516 2.36782 20.0518 2.59048 12.9533 18.4696 -2.71676 37.9634
759536 2.37749 19.9657 2.69167 12.8662 18.3126 -2.68541 37.901
759538 2.29051 19.937 2.67143 12.9339 18.4423 -2.62554 37.8328
759560 2.29051 19.937 2.67143 12.9339 18.4423 -2.62554 37.8328
759561 2.36782 19.9944 2.65119 13.1663 18.4271 -2.57128 38.1797
759576 2.36782 19.9944 2.65119 13.1663 18.4271 -2.57128 38.1797
759592 2.3195 19.9083 2.87381 13.418 18.2589 -2.31154 38.5196
759593 3.18931 19.9944 3.21786 13.7762 17.0265 -2.31084 40.1777
759597 3.18931 19.9944 3.21786 13.7762 17.0265 -2.31084 40.1777
759622 3.77885 19.9083 3.54167 14.1344 16.1509 -2.17986 41.3632
759624 4.37806 19.5447 3.8756 14.3958 15.2194 -2.00907 42.1942
759627 4.37806 19.5447 3.8756 14.3958 15.2194 -2.00907 42.1942
759654 4.99659 18.9612 4.45238 14.6765 14.0349 -1.68109 43.0867
759654 4.99659 18.9612 4.45238 14.6765 14.0349 -1.68109 43.0867
759659 5.76009 18.1863 4.98869 14.4636 12.6162 -1.55332 43.3986
759686 7.1228 17.574 5.38333 13.8343 10.7608 -1.87154 43.9144
759688 7.1228 17.574 5.38333 13.8343 10.7608 -1.87154 43.9144
759688 8.42752 16.9615 5.45417 12.9146 9.13804 -2.40653 43.7578
759698 9.278 16.5863 5.20119 11.5786 8.02321 -3.19547 42.6441
759717 9.278 16.5863 5.20119 11.5786 8.02321 -3.19547 42.6441
759720 9.68391 16.2977 4.96845 10.049 7.13084 -4.01137 40.999
759729 9.68391 16.2977 4.96845 10.049 7.13084 -4.01137 40.999
759747 9.76123 16.0764 4.94821 8.66458 6.35705 -4.64818 39.4504
759750 9.64525 15.9417 5.17083 7.4254 5.59868 -5.10332 38.1832
759760 9.64525 15.9417 5.17083 7.4254 5.59868 -5.10332 38.1832
759781 9.59693 15.884 5.48452 6.28303 4.75561 -5.52239 37.2485
759783 9.7419 15.7589 5.75774 5.40205 3.86063 -5.86775 36.6606
759812 10.1478 15.9032 6.29405 4.83087 2.88643 -6.02249 37.1759
759813 10.1478 15.9032 6.29405 4.83087 2.88643 -6.02249 37.1759
759821 10.7084 16.1726 7.13393 4.63724 1.9194 -5.86376 38.6521
759842 11.4235 16.5093 8.15595 4.65661 0.973392 -5.56638 40.7454
759846 11.4235 16.5093 8.15595 4.65661 0.973392 -5.56638 40.7454
759852 11.9454 16.644 9.14762 4.7631 0.184757 -5.18071 42.5002
759875 12.2257 16.4516 10.1494 4.92768 -0.568978 -4.66247 43.7544
759877 12.2257 16.4516 10.1494 4.92768 -0.568978 -4.66247 43.7544
759882 12.2933 15.8744 10.8577 4.82118 -1.40008 -4.27243 43.8466
759908 12.1967 14.7199 11.4345 4.77278 -2.39924 -3.72506 43.1239
759912 11.9937 13.3729 12.0214 4.46298 -3.6912 -3.18353 41.8511
759930 11.9937 13.3729 12.0214 4.46298 -3.6912 -3.18353 41.8511
759933 11.7328 11.7566 12.7702 4.23064 -5.25789 -2.40375 40.4903
759942 11.4815 10.1115 13.8935 4.12415 -7.03053 -1.35396 39.6106
759964 11.4815 10.1115 13.8935 4.12415 -7.03053 -1.35396 39.6106
759966 11.2399 8.37012 15.5125 4.17255 -9.04041 0.0286388 39.2951
759974 11.2399 8.37012 15.5125 4.17255 -9.04041 0.0286388 39.2951
759996 10.9983 6.66723 17.2021 4.25 -11.0456 1.45201 39.1177
759998 10.8727 5.1279 19.0012 4.43394 -12.8767 2.82786 39.4357
760004 10.8727 5.1279 19.0012 4.43394 -12.8767 2.82786 39.4357
760030 10.602 3.70402 20.4768 4.47267 -14.5853 4.06697 39.2555
760032 10.4377 2.47255 21.912 4.65661 -15.9709 5.18947 39.4789
760041 10.4377 2.47255 21.912 4.65661 -15.9709 5.18947 39.4789
760063 10.3411 1.48161 23.0945 4.82118 -17.0697 6.0746 39.7384
760065 10.3411 1.48161 23.0945 4.82118 -17.0697 6.0746 39.7384
760069 10.1865 0.827391 24.2467 5.06321 -17.6959 6.80594 40.3238
760077 10.1285 0.548387 25.0149 5.3246 -17.8407 7.19077 41.0163
760099 10.1285 0.548387 25.0149 5.3246 -17.8407 7.19077 41.0163
760101 10.0318 0.442558 25.3787 5.45046 -17.8662 7.39214 41.3036
760105 9.85787 0.394454 25.3181 5.40205 -17.9263 7.49325 40.9725
760134 9.85787 0.394454 25.3181 5.40205 -17.9263 7.49325 40.9725
760137 9.76123 0.413696 24.8228 5.24715 -17.967 7.41525 40.2449
760139 9.76123 0.413696 24.8228 5.24715 -17.967 7.41525 40.2449
760146 9.42297 0.34635 24.1254 5.11162 -18.0038 7.48637 39.0064
760169 9.4423 0.375212 23.6908 5.01481 -18.0042 7.35459 38.5232
760171 9.4423 0.375212 23.6908 5.01481 -18.0042 7.35459 38.5232
760176 9.35532 0.413696 23.4584 4.92768 -18.0004 7.31897 38.1551
760201 9.4133 0.394454 23.2663 4.88895 -18.0414 7.2495 37.9631
760205 9.4133 0.394454 23.2663 4.88895 -18.0414 7.2495 37.9631
760214 9.43263 0.4618 23.2461 4.93736 -17.9104 7.20459 38.0779
760234 9.43263 0.4618 23.2461 4.93736 -17.9104 7.20459 38.0779
760235 9.38431 0.317487 23.4584 4.93736 -18.1034 7.3603 38.0975
760238 9.53894 0.606112 23.6605 5.23747 -17.5165 7.20472 39.043
760248 9.53894 0.606112 23.6605 5.23747 -17.5165 7.20472 39.043
760268 9.78056 1.69327 23.7616 5.50854 -16.1621 6.55176 40.744
760269 10.0125 3.0017 23.519 5.74089 -14.6596 5.76442 42.2741
760279 10.0125 3.0017 23.519 5.74089 -14.6596 5.76442 42.2741
760302 10.1575 4.24278 22.9935 5.98292 -13.2129 5.04054 43.3766
760304 10.1575 4.24278 22.9935 5.98292 -13.2129 5.04054 43.3766
760314 10.2058 5.60894 22.0939 6.08941 -11.7058 4.21675 43.9981
760336 10.1188 6.83079 20.871 6.08941 -10.2879 3.41976 43.91
760337 10.1188 6.83079 20.871 6.08941 -10.2879 3.41976 43.91
760340 9.82888 7.74477 19.4661 5.81834 -9.17673 2.69872 42.8581
760369 9.38431 8.32201 17.9804 5.61503 -8.12777 2.1388 41.3017
760370 9.38431 8.32201 17.9804 5.61503 -8.12777 2.1388 41.3017
760372 8.9784 8.69723 16.6054 5.35364 -7.2745 1.62108 39.6346
760381 8.85276 8.94737 15.128 4.99544 -6.61721 0.918939 37.9235
760403 8.85276 8.94737 15.128 4.99544 -6.61721 0.918939 37.9235
760404 8.84309 9.18789 13.8125 4.79214 -5.92017 0.234877 36.6356
760412 8.84309 9.18789 13.8125 4.79214 -5.92017 0.234877 36.6356
760438 8.98806 9.38993 12.5982 4.90831 -5.07742 -0.364275 35.8845
760441 9.32632 9.64969 11.5458 5.72153 -3.79445 -0.707156 36.2434
760444 9.32632 9.64969 11.5458 5.72153 -3.79445 -0.707156 36.2434
760452 9.8772 10.1404 10.878 7.2705 -2.19064 -0.734584 38.166
760472 10.5054 10.6695 10.0988 8.88724 -0.652045 -0.817527 40.1609
760474 10.5054 10.6695 10.0988 8.88724 -0.652045 -0.817527 40.1609
760482 11.1529 11.2564 8.96548 10.0877 0.73902 -1.21415 41.4625
760504 11.1529 11.2564 8.96548 10.0877 0.73902 -1.21415 41.4625
760505 11.5588 11.6316 7.90298 10.8428 1.79594 -1.58978 41.9362
760514 11.7038 11.9779 7.08333 11.3946 2.71908 -1.85144 42.1597
760539 11.7038 11.9779 7.08333 11.3946 2.71908 -1.85144 42.1597
760541 11.6362 12.2377 6.48631 11.8013 3.50823 -1.98746 42.1614
760543 11.2786 12.2858 6.41548 12.4208 4.13472 -1.67263 42.4007
760554 11.2786 12.2858 6.41548 12.4208 4.13472 -1.67263 42.4007
760571 10.4667 12.3147 6.2131 13.1663 5.21878 -1.21037 42.1608
760575 10.4667 12.3147 6.2131 13.1663 5.21878 -1.21037 42.1608
760585 9.49062 12.305 6.02083 13.7859 6.35749 -0.717127 41.6024
760607 8.22456 12.3147 5.83869 14.6765 7.87244 -0.00876367 41.0544
760608 8.22456 12.3147 5.83869 14.6765 7.87244 -0.00876367 41.0544
760616 6.89085 12.2281 5.75774 15.6931 9.41129 0.862171 40.5697
760642 5.54747 12.2666 5.79821 16.8838 10.9916 1.80315 40.4961
760652 4.32973 12.2954 5.76786 17.9841 12.4959 2.6476 40.3771
760657 3.14099 12.3435 5.77798 19.0068 13.9258 3.46428 40.2693
760683 2.1842 12.382 5.84881 19.6918 14.9855 4.10445 40.1068
760687 2.1842 12.382 5.84881 19.6918 14.9855 4.10445 40.1068
760715 1.44002 12.4493 5.79821 20.1549 15.9164 4.5418 39.8425
760716 0.976123 12.5167 5.86905 20.4926 16.4123 4.84344 39.8545
760718 0.976123 12.5167 5.86905 20.4926 16.4123 4.84344 39.8545
760750 0.879477 12.6995 5.88929 20.5795 16.5491 4.82791 40.0477
760751 0.879477 12.7091 5.84881 20.4251 16.5606 4.7734 39.8625
760753 0.879477 12.7091 5.84881 20.4251 16.5606 4.7734 39.8625
760758 0.937464 12.7861 5.71726 20.2225 16.611 4.61996 39.6633
760785 0.937464 12.7861 5.71726 20.2225 16.611 4.61996 39.6633
760786 0.879477 12.6706 5.6869 19.8655 16.6036 4.60417 39.1025
760789 0.869812 12.6225 5.55536 19.605 16.6886 4.52802 38.6527
760800 0.869812 12.6225 5.55536 19.605 16.6886 4.52802 38.6527
760821 0.860148 12.5167 5.48452 19.2673 16.6799 4.47497 38.1287
760826 0.831154 12.6033 5.38333 19.1129 16.8081 4.37449 37.9307
760835 0.831154 12.6033 5.38333 19.1129 16.8081 4.37449 37.9307
760850 0.821489 12.584 5.38333 19.1033 16.8125 4.38657 37.8922
760863 0.850483 12.6706 5.35298 19.0743 16.8265 4.31093 37.9484
760892 0.831154 12.7957 5.43393 19.1805 16.8085 4.30983 38.2413
760894 0.831154 12.7957 5.43393 19.1805 16.8085 4.30983 38.2413
760896 0.80216 12.8053 5.40357 19.3831 16.9184 4.36753 38.3941
760926 0.850483 12.8342 5.51488 19.5664 16.79 4.40978 38.7659
760927 1.527 13.142 5.74762 19.7015 15.9335 4.03061 40.1181
760932 1.527 13.142 5.74762 19.7015 15.9335 4.03061 40.1181
760942 1.94258 13.2864 5.86905 19.6725 15.42 3.79415 40.7705
760961 2.74474 13.2864 6.06131 19.5182 14.4185 3.44205 41.6106
760962 2.74474 13.2864 6.06131 19.5182 14.4185 3.44205 41.6106
760972 3.66288 13.3152 6.46607 19.1322 13.105 3.03697 42.5764
760996 4.81296 13.2286 6.71905 18.4279 11.6492 2.4678 43.1886
760999 4.81296 13.2286 6.71905 18.4279 11.6492 2.4678 43.1886
761004 6.02103 13.0458 6.76964 17.4631 10.23 1.78958 43.2996
761012 6.02103 13.0458 6.76964 17.4631 10.23 1.78958 43.2996
761036 6.99716 12.8053 6.62798 16.1481 8.99999 1.04756 42.5785
