919064 15.5213 4.76231 17.1718 3.29157 -15.1172 0.0661755 40.747
919074 15.3184 3.90606 17.3942 3.15604 -16.1224 0.499989 39.7746
919090 15.3184 3.90606 17.3942 3.15604 -16.1224 0.499989 39.7746
919096 15.0767 3.14601 17.6974 3.03018 -17.0717 0.964615 38.9503
919106 14.8641 2.39559 18.0916 2.91401 -18.0621 1.46838 38.2653
919115 14.8641 2.39559 18.0916 2.91401 -18.0621 1.46838 38.2653
919130 14.8061 1.90492 18.3746 3.0205 -18.5372 1.8438 38.1061
919137 14.7482 1.56819 18.799 3.03018 -18.9726 2.16783 38.1456
919147 14.7482 1.56819 18.799 3.03018 -18.9726 2.16783 38.1456
919168 14.8158 1.47199 19.0517 3.13667 -19.011 2.30036 38.4762
919170 14.8158 1.47199 19.0517 3.13667 -19.011 2.30036 38.4762
919177 14.9511 1.47199 19.0517 3.11731 -19.0541 2.23333 38.5921
919194 15.0478 1.53933 19.0214 3.07859 -19.0317 2.1375 38.6871
919203 15.0478 1.53933 19.0214 3.07859 -19.0317 2.1375 38.6871
919212 15.1734 1.62592 18.9304 3.00114 -19.0267 1.98766 38.7309
919218 15.3764 1.6163 18.7384 2.9721 -19.0723 1.82848 38.7032
919228 15.3764 1.6163 18.7384 2.9721 -19.0723 1.82848 38.7032
919238 15.6663 1.71251 18.4352 2.87528 -19.071 1.52433 38.6893
919264 15.8403 1.71251 18.3543 2.93337 -19.0193 1.44242 38.8405
919268 15.9659 1.77023 18.324 2.87528 -19.0343 1.3342 38.9354
919278 15.9659 1.77023 18.324 2.87528 -19.0343 1.3342 38.9354
919293 15.9466 1.74137 18.415 2.83656 -19.1217 1.37275 38.9395
919300 15.8306 1.72213 18.4453 2.87528 -19.0867 1.4539 38.8733
919309 15.8306 1.72213 18.4453 2.87528 -19.0867 1.4539 38.8733
919319 15.7436 1.70289 18.4857 2.95273 -19.0136 1.53992 38.885
919345 15.8016 2.66497 18.5969 3.32062 -17.5892 1.2818 40.3841
919349 15.9466 3.91568 18.3038 3.582 -16.0203 0.727066 41.748
919375 15.8403 4.78155 17.6974 3.75626 -14.8542 0.296556 42.0754
919384 15.5213 5.80136 16.8988 4.13383 -13.2716 -0.102718 42.3553
919395 15.5213 5.80136 16.8988 4.13383 -13.2716 -0.102718 42.3553
919400 15.0671 7.41766 15.553 4.27904 -11.1796 -0.94031 42.3168
919410 15.0671 7.41766 15.553 4.27904 -11.1796 -0.94031 42.3168
919420 14.7095 9.00509 14.0048 4.4533 -9.04369 -1.86964 42.1727
919435 14.5742 10.4386 12.2036 4.42426 -7.15342 -3.02047 41.6406
919442 14.5742 10.4386 12.2036 4.42426 -7.15342 -3.02047 41.6406
919451 14.5355 11.622 10.5137 4.26936 -5.5922 -4.16742 40.9405
919464 14.4196 12.6514 8.75298 4.03702 -4.06672 -5.37404 39.8609
919473 14.4196 12.6514 8.75298 4.03702 -4.06672 -5.37404 39.8609
919482 14.1393 13.575 7.16429 3.92084 -2.45348 -6.42889 38.7994
919494 14.1393 13.575 7.16429 3.92084 -2.45348 -6.42889 38.7994
919502 13.8107 14.5467 5.95 3.91116 -0.852229 -7.25939 38.2185
919520 13.4628 15.5569 5.06964 4.11446 0.745305 -7.78806 38.2037
919522 13.4628 15.5569 5.06964 4.11446 0.745305 -7.78806 38.2037
919532 13.0182 16.6248 4.4625 4.38554 2.2925 -8.10382 38.491
919542 12.3997 17.5549 3.85536 4.86959 3.98754 -8.23289 38.6795
919561 12.3997 17.5549 3.85536 4.86959 3.98754 -8.23289 38.6795
919569 11.6845 18.435 3.46071 5.36333 5.55492 -8.20243 38.9435
919582 11.6845 18.435 3.46071 5.36333 5.55492 -8.20243 38.9435
919589 10.8437 19.1334 3.22798 6.041 7.07253 -7.91471 39.246
919598 10.1381 19.7935 3.11667 6.90262 8.41112 -7.4763 39.9509
919608 10.1381 19.7935 3.11667 6.90262 8.41112 -7.4763 39.9509
919617 9.40364 20.4536 3.12679 8.1418 9.76574 -6.77991 41.1258
919626 8.71745 20.8554 3.21786 9.2164 10.7937 -6.11988 42.0071
919635 8.71745 20.8554 3.21786 9.2164 10.7937 -6.11988 42.0071
919646 7.91529 21.1041 3.1369 10.1555 11.9396 -5.57541 42.3118
919653 7.91529 21.1041 3.1369 10.1555 11.9396 -5.57541 42.3118
919663 7.13246 21.305 2.98512 10.6008 12.962 -5.30117 42.0234
919675 6.56225 21.4485 2.7625 10.9009 13.8123 -5.16411 41.6742
919684 6.56225 21.4485 2.7625 10.9009 13.8123 -5.16411 41.6742
919694 5.93405 21.5633 2.61071 11.172 14.6502 -4.98352 41.2801
919704 5.44116 21.659 2.57024 11.5689 15.2867 -4.71431 41.2393
919714 5.44116 21.659 2.57024 11.5689 15.2867 -4.71431 41.2393
919724 4.89028 21.7929 2.66131 12.111 15.8919 -4.30974 41.4555
919739 4.89028 21.7929 2.66131 12.111 15.8919 -4.30974 41.4555
919746 4.24275 21.7355 2.61071 12.4596 16.652 -3.986 41.0485
919756 3.62422 21.6207 2.43869 12.721 17.4973 -3.74411 40.4046
919765 3.62422 21.6207 2.43869 12.721 17.4973 -3.74411 40.4046
919777 3.18931 21.4772 2.47917 12.8952 17.9216 -3.48099 40.0409
919785 2.79306 21.3146 2.51964 13.1856 18.3279 -3.16569 39.8129
919800 2.79306 21.3146 2.51964 13.1856 18.3279 -3.16569 39.8129
919807 2.59011 21.2189 2.4994 13.4277 18.5959 -2.97536 39.7361
919819 2.59011 21.2189 2.4994 13.4277 18.5959 -2.97536 39.7361
919827 2.53212 21.1519 2.56012 13.7665 18.6364 -2.7583 40.0107
919839 2.54179 21.0467 2.62083 13.7472 18.5397 -2.71064 39.9565
919852 2.54179 21.0467 2.62083 13.7472 18.5397 -2.71064 39.9565
919860 2.46447 20.9223 2.56012 13.7084 18.6647 -2.69255 39.6554
919868 2.49346 20.6927 2.57024 13.5245 18.5545 -2.70798 39.2809
919880 2.49346 20.6927 2.57024 13.5245 18.5545 -2.70798 39.2809
919888 2.49346 20.6545 2.50952 13.3793 18.5919 -2.78935 39.0367
919898 2.41615 20.5875 2.4994 13.1953 18.6489 -2.83303 38.6984
919917 2.41615 20.5875 2.4994 13.1953 18.6489 -2.83303 38.6984
919926 2.37749 20.4344 2.37798 12.992 18.7726 -2.9236 38.1819
919935 2.37749 20.4344 2.37798 12.992 18.7726 -2.9236 38.1819
919939 2.28084 20.3101 2.40833 12.8468 18.8049 -2.90748 37.8461
919950 2.27118 20.0518 2.39821 12.6629 18.7548 -2.91376 37.384
919959 2.27118 20.0518 2.39821 12.6629 18.7548 -2.91376 37.384
919971 2.20352 20.0422 2.22619 12.5177 19.0122 -3.04216 36.9896
919979 2.26151 20.0518 2.21607 12.5854 18.9679 -3.0359 37.1148
919993 2.26151 20.0518 2.21607 12.5854 18.9679 -3.0359 37.1148
920000 2.22285 19.9944 2.31726 12.7403 18.9099 -2.88116 37.2748
920010 2.22285 19.9944 2.31726 12.7403 18.9099 -2.88116 37.2748
920020 3.53724 20.3005 2.78274 12.9049 17.0052 -3.09299 39.5254
920030 4.45537 20.0613 3.26845 13.1469 15.5651 -2.96882 40.9321
920040 4.45537 20.0613 3.26845 13.1469 15.5651 -2.96882 40.9321
920059 5.4025 19.8126 3.6631 13.1372 14.2116 -3.00417 42.0154
920062 6.3303 19.3151 4.13869 12.6241 12.6569 -3.14182 42.4083
920072 6.3303 19.3151 4.13869 12.6241 12.6569 -3.14182 42.4083
920082 7.74133 18.7698 4.33095 11.7819 10.8386 -3.65932 42.624
920092 7.74133 18.7698 4.33095 11.7819 10.8386 -3.65932 42.624
920107 8.95907 18.4541 4.22976 10.3878 9.31051 -4.56652 42.0308
920113 9.92553 17.9949 4.26012 8.98405 7.76962 -5.3479 41.1646
920124 9.92553 17.9949 4.26012 8.98405 7.76962 -5.3479 41.1646
920133 10.9596 17.287 4.18929 7.63838 6.09896 -6.1457 40.0743
920145 11.6748 16.7306 4.17917 6.53474 4.73639 -6.78368 39.1193
920158 11.6748 16.7306 4.17917 6.53474 4.73639 -6.78368 39.1193
920167 12.3417 16.0764 4.26012 5.49886 3.25685 -7.33127 38.1771
920175 12.3417 16.0764 4.26012 5.49886 3.25685 -7.33127 38.1771
920192 13.0858 15.451 5.00893 4.9664 1.50775 -7.22948 38.5122
920202 14.1779 14.97 6.45595 4.62756 -0.643978 -6.73519 40.2315
920211 14.1779 14.97 6.45595 4.62756 -0.643978 -6.73519 40.2315
920217 15.241 14.5178 7.50833 4.4533 -2.26402 -6.39874 41.7205
920225 15.9079 13.8251 8.1256 4.10478 -3.63625 -6.2564 41.9634
920235 15.9079 13.8251 8.1256 4.10478 -3.63625 -6.2564 41.9634
920245 16.4395 12.94 8.58095 3.79499 -4.96068 -6.10826 41.7554
920256 16.4395 12.94 8.58095 3.79499 -4.96068 -6.10826 41.7554
920265 16.797 11.8144 8.925 3.54328 -6.30749 -5.89457 41.0797
920278 17.0962 10.554 9.48155 3.23349 -7.92155 -5.55002 40.3653
920285 17.0962 10.554 9.48155 3.23349 -7.92155 -5.55002 40.3653
920303 17.4714 9.45727 10.2 2.95273 -9.51901 -5.15549 40.0814
920312 17.9236 8.26429 11.3333 2.73007 -11.3429 -4.5183 40.2513
920315 17.9236 8.26429 11.3333 2.73007 -11.3429 -4.5183 40.2513
920330 18.3277 7.07131 12.497 2.59453 -13.0641 -3.81846 40.4905
920337 18.3277 7.07131 12.497 2.59453 -13.0641 -3.81846 40.4905
920347 18.674 5.84946 13.6 2.56549 -14.6594 -3.08118 40.689
920357 18.8376 4.86814 14.6726 2.51708 -15.9706 -2.39 40.8954
920372 18.8376 4.86814 14.6726 2.51708 -15.9706 -2.39 40.8954
920378 18.8087 4.05999 15.4113 2.459 -16.9991 -1.8404 40.739
920388 18.7895 3.37691 16.069 2.46868 -17.8194 -1.33721 40.7041
920398 18.7895 3.37691 16.069 2.46868 -17.8194 -1.33721 40.7041
920413 18.7221 2.8189 16.6762 2.55581 -18.409 -0.849471 40.773
920418 18.7221 2.8189 16.6762 2.55581 -18.409 -0.849471 40.773
920428 18.549 2.5399 17.0809 2.68166 -18.6091 -0.487009 40.8514
920438 18.3181 2.29938 17.2931 2.72039 -18.8227 -0.222962 40.6309
920448 18.3181 2.29938 17.2931 2.72039 -18.8227 -0.222962 40.6309
920458 18.2603 2.31862 17.1213 2.68166 -18.8088 -0.288248 40.3819
920473 18.0102 2.27051 16.9393 2.67198 -18.8051 -0.251717 39.892
920481 18.0102 2.27051 16.9393 2.67198 -18.8051 -0.251717 39.892
920489 17.8755 2.32824 16.5548 2.52677 -18.8208 -0.428484 39.2853
920511 17.7504 2.309 16.5143 2.55581 -18.7837 -0.379251 39.1295
920524 17.6061 2.25127 16.656 2.6623 -18.7288 -0.206428 39.1756
920534 17.6061 2.25127 16.656 2.6623 -18.7288 -0.206428 39.1756
920541 17.3752 2.17431 16.7875 2.68166 -18.7774 -0.0308919 39.0187
920549 17.2405 2.13582 16.8482 2.72039 -18.7653 0.0740486 38.9449
920564 17.2405 2.13582 16.8482 2.72039 -18.7653 0.0740486 38.9449
920572 16.9227 2.03962 16.8786 2.71071 -18.839 0.24395 38.5516
920597 16.8454 1.94341 17.0101 2.77847 -18.88 0.388756 38.5774
920601 16.7197 2.02999 17.2122 2.84624 -18.7175 0.505861 38.8082
920616 16.7197 2.02999 17.2122 2.84624 -18.7175 0.505861 38.8082
920623 16.5071 1.95303 17.3436 2.85592 -18.7804 0.674901 38.6597
920632 16.3525 1.86644 17.4144 2.90433 -18.8102 0.817305 38.5376
920651 16.3525 1.86644 17.4144 2.90433 -18.8102 0.817305 38.5376
920654 16.2365 2.23203 17.5155 3.14636 -18.1276 0.84076 39.1303
920663 16.2365 2.23203 17.374 3.14636 -18.1027 0.789374 38.9888
920672 16.3911 3.24222 17.374 3.33998 -16.8431 0.401732 40.3473
920687 16.4781 4.37748 17 3.56264 -15.4147 -0.106093 41.4182
920693 16.4781 4.37748 17 3.56264 -15.4147 -0.106093 41.4182
920707 16.5554 5.18563 16.2107 3.66913 -14.3626 -0.670771 41.6209
920713 16.4974 6.5614 15.1179 3.83371 -12.6279 -1.46652 42.0104
920723 16.4974 6.5614 15.1179 3.83371 -12.6279 -1.46652 42.0104
920738 16.4201 7.96604 13.853 3.93052 -10.8944 -2.34861 42.1697
920744 16.0915 9.06282 12.6589 3.88212 -9.47678 -3.09865 41.6954
920754 16.0915 9.06282 12.6589 3.88212 -9.47678 -3.09865 41.6954
920764 15.5503 9.99604 11.3738 3.83371 -8.03259 -3.80534 40.7539
920775 15.5503 9.99604 11.3738 3.83371 -8.03259 -3.80534 40.7539
920789 15.415 10.9677 9.85595 3.72722 -6.61564 -4.80393 39.9659
920798 15.3377 11.8336 8.48988 3.7369 -5.2395 -5.68982 39.3981
920820 15.2507 12.5263 7.39702 4.06606 -3.85789 -6.2362 39.2401
920836 15.0091 12.9785 6.68869 4.98576 -2.35334 -6.16955 39.662
920844 15.0091 12.9785 6.68869 4.98576 -2.35334 -6.16955 39.662
920847 14.8255 13.4692 6.29405 5.95387 -1.04612 -5.93699 40.5425
920866 14.8255 13.4692 6.29405 5.95387 -1.04612 -5.93699 40.5425
920869 14.3616 13.8636 5.93988 6.94134 0.306219 -5.59911 41.1064
920877 13.685 14.2196 5.64643 7.84169 1.64872 -5.22429 41.3927
920890 13.685 14.2196 5.64643 7.84169 1.64872 -5.22429 41.3927
920902 13.1245 14.6814 5.41369 8.60649 2.83895 -4.94394 41.8261
920912 12.4866 15.1336 5.23155 9.32289 3.99426 -4.64702 42.1746
920917 12.4866 15.1336 5.23155 9.32289 3.99426 -4.64702 42.1746
920935 11.6555 15.4992 4.96845 9.87471 5.20856 -4.39718 41.9978
920940 11.6555 15.4992 4.96845 9.87471 5.20856 -4.39718 41.9978
920948 10.689 15.9225 4.70536 10.3781 6.53928 -4.14726 41.695
920958 9.55827 16.24 4.39167 11.1333 8.12092 -3.72913 41.3232
920968 9.55827 16.24 4.39167 11.1333 8.12092 -3.72913 41.3232
920987 8.32121 16.5093 4.10833 11.9755 9.81031 -3.20671 40.9144
920996 6.90051 16.9038 3.86548 12.992 11.7615 -2.56265 40.6618
921004 6.90051 16.9038 3.86548 12.992 11.7615 -2.56265 40.6618
921013 5.4315 17.1244 3.60238 13.7859 13.6919 -1.94056 39.9441
921026 5.4315 17.1244 3.60238 13.7859 13.6919 -1.94056 39.9441
921031 3.99147 17.2774 3.37976 14.6088 15.6117 -1.25341 39.2574
921040 2.90904 17.6314 3.29881 15.1993 17.0491 -0.784729 39.0386
921056 2.90904 17.6314 3.29881 15.1993 17.0491 -0.784729 39.0386
921072 1.72996 18.081 3.27857 16.0803 18.6067 -0.17314 39.1699
921081 1.72996 18.081 3.27857 16.0803 18.6067 -0.17314 39.1699
921094 1.80728 18.368 3.28869 16.1868 18.5739 -0.26475 39.6508
921100 1.80728 18.368 3.28869 16.1868 18.5739 -0.26475 39.6508
921111 1.75895 18.5594 3.19762 15.9351 18.7181 -0.450795 39.451
921120 1.82661 18.8177 3.11667 15.5962 18.72 -0.736093 39.3572
921130 1.82661 18.8177 3.11667 15.5962 18.72 -0.736093 39.3572
921146 1.87493 19.0281 2.96488 15.1896 18.8043 -1.05558 39.0576
921152 1.91359 19.229 2.79286 14.6475 18.9009 -1.43934 38.583
921165 1.91359 19.229 2.79286 14.6475 18.9009 -1.43934 38.583
921172 2.07789 19.6404 2.56012 13.8924 18.9247 -2.06931 38.1708
921187 2.24218 19.6404 2.3375 13.8924 18.9919 -2.22475 38.1125
921197 2.24218 20.1283 2.3375 13.1469 18.951 -2.7286 37.8549
921203 2.34849 20.7884 2.08452 12.6048 19.1403 -3.3499 37.8262
921212 2.34849 20.7884 2.08452 12.6048 19.1403 -3.3499 37.8262
921227 2.44514 21.2476 1.93274 12.1885 19.2113 -3.79681 37.814
921236 2.46447 21.659 1.88214 12.0626 19.291 -4.01069 38.0682
921243 2.46447 21.659 1.88214 12.0626 19.291 -4.01069 38.0682
921253 2.57078 21.9938 1.79107 11.9077 19.3002 -4.25959 38.2634
921263 2.57078 21.9938 1.83155 11.9077 19.2534 -4.23924 38.3039
921284 2.57078 22.3478 1.83155 11.8593 19.2989 -4.36202 38.6094
921286 2.6191 22.6539 1.79107 11.8787 19.3376 -4.46934 38.9428
921310 2.58044 22.8548 1.71012 11.8981 19.5054 -4.54381 39.0434
921314 3.14099 23.0079 2.01369 11.9562 18.5757 -4.55362 40.1187
921332 3.14099 23.0079 2.01369 11.9562 18.5757 -4.55362 40.1187
921336 4.61001 23.2757 2.46905 11.6657 16.5767 -4.90867 42.0205
921345 6.22399 23.1514 2.86369 11.1526 14.5283 -5.30945 43.3917
921357 6.22399 23.1514 2.86369 11.1526 14.5283 -5.30945 43.3917
921380 7.21944 22.6826 3.28869 10.3975 12.9461 -5.58036 43.5882
921383 7.21944 22.6826 3.28869 10.3975 12.9461 -5.58036 43.5882
921392 8.01194 21.7259 3.54167 9.53588 11.5077 -5.8368 42.8154
921404 9.01706 20.6258 3.64286 8.62585 9.89687 -6.21814 41.9115
921410 9.01706 20.6258 3.64286 8.62585 9.89687 -6.21814 41.9115
921417 9.70324 19.4682 3.72381 7.5803 8.41338 -6.62153 40.4755
921432 10.3894 18.1671 3.91607 6.66059 6.72206 -6.8918 39.1332
921438 10.3894 18.1671 3.91607 6.66059 6.72206 -6.8918 39.1332
921451 11.2206 17.2296 4.02738 5.74089 5.05157 -7.33229 38.2185
921467 9.55827 17.2296 4.3006 5.74089 6.18503 -6.82053 36.8294
921477 12.0324 16.6537 4.3006 4.85023 3.41656 -7.74452 37.8369
921485 12.9022 15.9128 4.61429 4.11446 1.67192 -8.02515 37.5438
921500 13.888 15.2683 5.14048 3.6885 -0.0472084 -8.02705 37.9852
921509 15.0284 15.4029 5.97024 3.49487 -1.31644 -7.88275 39.8965
921527 15.0284 15.4029 5.97024 3.49487 -1.31644 -7.88275 39.8965
921529 16.2172 15.4318 7.0125 3.46583 -2.5708 -7.5381 42.1273
921539 16.2172 15.4318 7.76131 3.46583 -2.96251 -7.14448 42.8761
921551 17.0481 15.1913 7.76131 3.48519 -3.52582 -7.24127 43.4859
921563 17.6735 14.7199 8.17619 3.21412 -4.51976 -7.1955 43.7836
921577 17.6735 14.7199 8.17619 3.21412 -4.51976 -7.1955 43.7836
921581 17.9525 13.9021 8.19643 2.96241 -5.39622 -7.21719 43.0134
921590 18.3084 12.8727 8.27738 2.64294 -6.57354 -7.21856 42.1014
921600 18.3084 12.8727 8.27738 2.64294 -6.57354 -7.21856 42.1014
921610 18.4046 11.7759 8.18631 2.3041 -7.69035 -7.26199 40.6709
921626 18.5008 10.5829 8.23691 1.97494 -9.0213 -7.20382 39.2956
921630 18.5008 10.5829 8.23691 1.97494 -9.0213 -7.20382 39.2956
921650 18.751 9.42841 8.51012 1.75228 -10.4576 -6.99122 38.4418
921652 18.751 9.42841 8.51012 1.75228 -10.4576 -6.99122 38.4418
921662 19.0877 8.41822 8.99583 1.5877 -11.8652 -6.66421 38.0895
921673 19.3763 7.50424 9.81548 1.48121 -13.2319 -6.12298 38.1773
921682 19.3763 7.50424 9.81548 1.48121 -13.2319 -6.12298 38.1773
921699 19.8478 6.68647 10.7464 1.55866 -14.3856 -5.49539 38.8393
921703 20.3673 8.42784 11.7685 1.6361 -13.0758 -5.47062 42.1997
921724 20.3673 5.96491 11.7685 1.6361 -15.4358 -4.87998 39.7368
921730 20.8387 5.20487 12.6792 1.66515 -16.495 -4.34509 40.3879
921738 20.8387 5.20487 12.6792 1.66515 -16.495 -4.34509 40.3879
921749 21.0792 4.47368 13.7214 1.72323 -17.4423 -3.69836 40.9976
921757 21.3005 3.73288 14.531 1.82005 -18.291 -3.14698 41.3844
921765 21.3005 3.73288 14.531 1.82005 -18.291 -3.14698 41.3844
921776 21.4256 3.29994 15.0268 1.791 -18.8727 -2.85524 41.5433
921784 21.4448 3.01132 15.3101 1.88781 -19.1193 -2.61375 41.6541
921801 21.4448 3.01132 15.3101 1.88781 -19.1193 -2.61375 41.6541
921804 21.3198 2.93435 15.3101 1.92654 -19.1422 -2.53699 41.4908
921814 21.3198 2.93435 15.3101 1.92654 -19.1422 -2.53699 41.4908
921829 21.1562 2.94397 14.9357 1.82973 -19.1593 -2.69226 40.8656
921835 21.0119 2.95359 14.5512 1.76196 -19.1463 -2.84977 40.2786
921844 21.0119 2.95359 14.5512 1.76196 -19.1463 -2.84977 40.2786
921860 20.7233 2.85739 14.1363 1.60706 -19.3235 -2.9895 39.324
921865 20.348 2.80928 13.7417 1.50057 -19.3882 -3.09187 38.3996
921881 20.348 2.80928 13.7417 1.50057 -19.3882 -3.09187 38.3996
921887 20.0113 2.74194 13.4179 1.48121 -19.3919 -3.12897 37.6523
921896 20.0113 2.74194 13.4179 1.48121 -19.3919 -3.12897 37.6523
921910 19.7323 2.64573 13.4583 1.45216 -19.5052 -3.00396 37.2885
921917 19.5495 2.60724 13.3167 1.39408 -19.5734 -3.02951 36.8675
921932 19.5495 2.60724 13.3167 1.39408 -19.5734 -3.02951 36.8675
921940 19.4918 2.59762 13.2863 1.39408 -19.572 -3.02247 36.7698
921947 19.511 2.54952 13.4583 1.41344 -19.6348 -2.91971 36.9323
921958 19.511 2.54952 13.4583 1.41344 -19.6348 -2.91971 36.9323
921967 19.5591 2.57838 13.6405 1.4328 -19.6102 -2.84766 37.2108
921985 19.5591 2.57838 13.6405 1.4328 -19.6102 -2.84766 37.2108
921989 19.867 3.58857 13.9542 1.85877 -18.064 -2.91938 39.2685
922002 20.2999 5.27221 14.197 2.35251 -15.9492 -3.21306 42.1217
922012 20.2999 5.27221 14.197 2.35251 -15.9492 -3.21306 42.1217
922018 20.2903 6.43633 14.0351 2.68166 -14.5059 -3.45618 43.4434
922028 20.0979 7.38879 13.256 2.98178 -13.141 -3.85905 43.7244
922038 20.0979 7.38879 13.256 2.98178 -13.141 -3.85905 43.7244
922053 19.8574 8.77419 12.072 3.03018 -11.5043 -4.64036 43.7338
922067 19.8574 8.77419 12.072 3.03018 -11.5043 -4.64036 43.7338
922068 19.5207 10.0441 10.5643 3.03018 -9.8534 -5.55049 43.1593
922100 18.9338 11.0736 8.99583 2.8656 -8.35374 -6.501 41.8688
922102 18.9338 11.0736 8.99583 2.8656 -8.35374 -6.501 41.8688
922108 18.3565 11.9875 7.56905 2.8172 -6.82589 -7.34999 40.7303
922110 17.9813 12.7572 6.49643 2.8656 -5.52046 -7.99609 40.1006
922138 17.5772 13.3056 5.81845 3.19476 -4.32081 -8.22248 39.8961
922153 17.5772 13.3056 5.81845 3.19476 -4.32081 -8.22248 39.8961
922156 17.0096 13.7674 5.53512 3.74658 -3.13961 -8.04893 40.0587
922164 16.4298 14.1138 5.48452 4.4533 -2.06716 -7.63526 40.4814
922178 16.4298 14.1138 5.48452 4.4533 -2.06716 -7.63526 40.4814
922184 15.7146 14.2869 5.41369 5.22779 -0.992537 -7.14516 40.643
922193 14.8931 14.5371 5.30238 5.92483 0.163805 -6.71574 40.6574
922205 14.8931 14.5371 5.30238 5.92483 0.163805 -6.71574 40.6574
922220 14.1296 14.614 5.19107 6.49601 1.10644 -6.32807 40.4307
922231 14.1296 14.614 5.19107 6.49601 1.10644 -6.32807 40.4307
922234 13.2985 14.8257 4.8875 7.05752 2.30679 -6.0567 40.0692
922242 12.332 14.9796 4.85714 7.58998 3.38319 -5.60802 39.7588
922260 12.332 14.9796 4.85714 7.58998 3.38319 -5.60802 39.7588
922262 11.3462 15.1528 4.70536 8.17084 4.61716 -5.18962 39.3752
922272 10.3991 15.3548 4.59405 8.95501 5.92621 -4.65799 39.303
922289 10.3991 15.3548 4.59405 8.95501 5.92621 -4.65799 39.303
922293 9.5776 15.7493 4.52321 9.74886 7.19548 -4.18754 39.599
922312 9.5776 15.7493 4.52321 9.74886 7.19548 -4.18754 39.599
922314 8.63047 16.1534 4.39167 10.717 8.67845 -3.63798 39.8925
922323 7.68334 16.5671 4.27024 11.656 10.1237 -3.10782 40.1767
922339 7.68334 16.5671 4.27024 11.656 10.1237 -3.10782 40.1767
922348 6.6589 16.7018 4.12857 12.6726 11.57 -2.44991 40.1618
922354 5.65378 16.8942 4.09821 13.8052 12.946 -1.72225 40.4514
922381 4.79363 17.0096 4.0881 14.9863 14.1362 -1.00132 40.8776
922384 4.79363 17.0096 4.09821 14.9863 14.1265 -0.997359 40.8877
922397 3.91416 17.0861 4.09821 16.0028 15.2529 -0.328162 41.1013
922409 3.05401 17.0287 4.15893 16.9516 16.245 0.374267 41.1932
922424 3.05401 17.0287 4.15893 16.9516 16.245 0.374267 41.1932
922426 2.11654 16.8172 4.06786 17.6078 17.3855 1.0128 40.6094
922436 1.58499 16.721 4.00714 17.6947 18.0112 1.27318 40.0078
922452 1.58499 16.721 4.00714 17.6947 18.0112 1.27318 40.0078
922456 1.53667 16.8268 3.84524 17.3377 18.1955 1.06941 39.5464
922478 1.59466 16.9423 3.80476 17.0965 18.1546 0.899248 39.4382
922484 1.59466 16.9423 3.80476 17.0965 18.1546 0.899248 39.4382
922493 1.66231 16.9327 3.83512 16.9613 18.022 0.838292 39.3914
922506 1.66231 16.9327 3.83512 16.9613 18.022 0.838292 39.3914
922511 1.68164 16.8749 3.81488 16.8257 17.9886 0.797526 39.1972
922517 1.7203 16.8942 3.70357 16.6612 18.0426 0.673538 38.9792
922533 1.7203 16.8942 3.70357 16.6612 18.0426 0.673538 38.9792
922538 1.6913 17.067 3.63274 16.303 18.1203 0.456439 38.694
922548 1.74929 17.1913 3.54167 15.9157 18.1104 0.20187 38.398
922563 1.74929 17.1913 3.54167 15.9157 18.1104 0.20187 38.398
922573 1.79761 17.2679 3.38988 15.5866 18.1819 -0.0351101 38.0419
922579 1.79761 17.2679 3.38988 15.5866 18.1819 -0.0351101 38.0419
922592 1.7203 17.3348 3.22798 15.3155 18.4196 -0.204128 37.5986
922601 1.72996 17.5453 3.21786 15.2671 18.4484 -0.313949 37.7602
922620 1.72996 17.5453 3.21786 15.2671 18.4484 -0.313949 37.7602
922623 1.78795 17.7749 3.19762 15.0347 18.4045 -0.528041 37.7952
922629 1.87493 17.8897 3.31905 15.0057 18.1819 -0.567045 38.0894
922655 3.06367 18.3393 3.42024 14.8508 16.8285 -1.18414 39.674
922659 3.06367 18.3393 3.42024 14.8508 16.8285 -1.18414 39.674
922676 4.14611 18.3776 3.63274 14.5604 15.4476 -1.59539 40.7168
922681 4.84196 18.2819 3.93631 13.9311 14.2925 -1.92351 40.9913
922689 4.84196 18.2819 3.93631 13.9311 14.2925 -1.92351 40.9913
922708 6.26265 17.9854 4.3006 13.0792 12.3123 -2.47488 41.6278
922711 8.20523 17.6218 4.61429 11.9465 9.8783 -3.27912 42.3878
922731 8.20523 17.6218 4.61429 11.9465 9.8783 -3.27912 42.3878
922733 9.6066 17.0096 4.675 10.7847 8.02877 -3.97725 42.0759
922741 9.6066 17.0096 4.675 10.7847 8.02877 -3.97725 42.0759
922760 10.9113 16.2688 4.84702 9.44875 6.00302 -4.6597 41.4759
922768 12.1291 16.0475 4.71548 7.92882 4.36776 -5.70748 40.8209
922788 13.1825 15.6819 4.44226 6.53474 2.88138 -6.73449 39.8414
922792 14.1489 15.2971 4.38155 5.28588 1.31188 -7.5851 39.1135
922802 14.1489 15.2971 4.38155 5.28588 1.31188 -7.5851 39.1135
922816 15.1927 14.6333 4.52321 4.24032 -0.545704 -8.18712 38.5895
922824 15.1927 14.6333 4.52321 4.24032 -0.545704 -8.18712 38.5895
922846 16.0625 13.6808 4.57381 3.33998 -2.40031 -8.69539 37.6571
922847 16.8937 12.6706 4.78631 2.6139 -4.32542 -8.99408 36.9645
922862 16.8937 12.6706 4.78631 2.6139 -4.32542 -8.99408 36.9645
922877 18.0198 11.7566 5.27202 2.1008 -6.34897 -9.04606 37.1493
922879 19.3186 11.4392 6.0006 1.87813 -7.76592 -8.88242 38.6365
922883 19.3186 11.4392 6.0006 1.87813 -7.76592 -8.88242 38.6365
922905 20.6655 11.3718 7.16429 1.91686 -8.841 -8.37441 41.1185
922919 21.8874 10.8331 8.81369 1.90718 -10.3363 -7.59631 43.4413
922923 22.7436 10.1115 10.4935 2.03303 -11.6196 -6.71923 45.3816
922939 22.7436 10.1115 10.4935 2.03303 -11.6196 -6.71923 45.3816
922948 23.2439 8.92813 11.8393 2.00399 -13.1212 -5.97478 46.0153
922954 23.2728 7.41766 12.8411 1.83941 -14.7985 -5.29302 45.3709
922969 23.2728 7.41766 12.8411 1.83941 -14.7985 -5.29302 45.3709
922974 23.1381 6.08036 13.5393 1.71355 -16.2371 -4.71055 44.4713
922999 23.1381 6.08036 13.5393 1.71355 -16.2371 -4.71055 44.4713
923002 22.8398 4.81041 13.8833 1.48121 -17.6867 -4.28424 43.0148
923009 22.4261 3.81947 14.106 1.35535 -18.7962 -3.8786 41.7069
923015 22.4261 3.81947 14.106 1.35535 -18.7962 -3.8786 41.7069
923030 21.9259 3.15563 14.0554 1.31663 -19.4723 -3.60025 40.4535
923036 21.2909 2.62649 14.1262 1.32631 -19.9799 -3.22513 39.3699
923046 21.2909 2.62649 14.1262 1.32631 -19.9799 -3.22513 39.3699
923060 20.8291 2.11658 14.0958 1.35535 -20.4789 -2.92777 38.3969
923067 20.8291 2.11658 14.0958 1.35535 -20.4789 -2.92777 38.3969
923077 20.425 2.02999 13.9643 1.32631 -20.554 -2.84712 37.7456
923091 20.069 1.91454 14.0351 1.35535 -20.6254 -2.64613 37.3741
923097 20.069 1.91454 14.0351 1.35535 -20.6254 -2.64613 37.3741
923121 19.7035 1.8953 14.1667 1.45216 -20.5028 -2.41012 37.2176
923122 19.3379 1.77985 14.5006 1.5877 -20.4745 -2.02766 37.206
923128 19.3379 1.77985 14.5006 1.5877 -20.4745 -2.02766 37.206
923150 19.1358 1.77985 14.8649 1.61674 -20.4588 -1.77849 37.3973
923152 19.1358 1.77985 14.8649 1.61674 -20.4588 -1.77849 37.3973
923158 18.9145 1.73175 15.128 1.77164 -20.3345 -1.49684 37.5459
923182 18.6355 1.6644 15.2899 1.75228 -20.4252 -1.30862 37.3421
923182 18.6355 1.6644 15.2899 1.75228 -20.4252 -1.30862 37.3421
923198 18.6355 1.69327 15.4214 1.71355 -20.4532 -1.27876 37.4638
923211 18.3469 1.60668 15.5833 1.78132 -20.4607 -1.04062 37.3182
923212 18.3469 1.60668 15.5833 1.78132 -20.4607 -1.04062 37.3182
923219 18.2122 1.49123 16.0589 1.85877 -20.5477 -0.712 37.6212
923241 18.2218 1.49123 16.403 2.01367 -20.404 -0.510007 38.1297
923243 18.2218 1.63554 16.403 2.01367 -20.2328 -0.564641 38.274
923250 18.4816 2.88625 16.656 2.37187 -18.4917 -0.868918 40.3957
923270 18.4816 2.88625 16.656 2.37187 -18.4917 -0.868918 40.3957
923272 18.5008 3.84833 16.5446 2.67198 -17.1566 -1.13046 41.5658
923280 18.2603 4.77193 16.1399 2.96241 -15.8218 -1.39908 42.1346
923300 18.2603 4.77193 16.1399 2.96241 -15.8218 -1.39908 42.1346
923303 18.0006 6.39785 15.3911 3.24317 -13.798 -2.00924 43.0327
923312 18.0198 8.11036 13.944 3.21412 -11.9197 -3.10892 43.2883
923328 18.0198 8.11036 13.944 3.21412 -11.9197 -3.10892 43.2883
923332 18.1545 9.59196 11.9506 3.0205 -10.2374 -4.48599 42.7176
923344 18.1545 9.59196 11.9506 3.0205 -10.2374 -4.48599 42.7176
923359 18.3084 10.7368 9.59286 2.69134 -8.75471 -6.08322 41.3295
923372 18.2892 11.6316 7.57917 2.49772 -7.33734 -7.44189 39.9977
923375 18.2892 11.6316 7.57917 2.49772 -7.33734 -7.44189 39.9977
923391 18.1545 12.4301 6.10179 2.57517 -5.89063 -8.36989 39.2616
923402 17.7889 13.2383 5.34286 3.50456 -4.00565 -8.34357 39.8746
923404 17.7889 13.2383 5.34286 3.50456 -4.00565 -8.34357 39.8746
923421 17.2117 13.854 5.14048 5.08257 -2.0681 -7.57202 41.2887
923424 17.2117 13.854 5.14048 5.08257 -2.0681 -7.57202 41.2887
923451 16.2752 14.4409 5.14048 6.66059 -0.184737 -6.67318 42.5171
923453 15.1251 15.0566 5.01905 7.86105 1.6102 -6.02678 43.0618
923454 15.1251 15.0566 5.01905 7.86105 1.6102 -6.02678 43.0618
923464 13.6947 15.5954 4.52321 8.66458 3.55598 -5.68612 42.4779
923482 11.9261 16.0091 4.10833 9.50683 5.70481 -5.16963 41.5503
923489 11.9261 16.0091 4.10833 9.50683 5.70481 -5.16963 41.5503
923496 10.1188 16.442 3.68333 10.4072 8.02373 -4.60144 40.6513
923515 10.1188 16.442 3.68333 10.4072 8.02373 -4.60144 40.6513
923517 8.38886 17.0574 3.4 11.4043 10.3557 -3.96588 40.2506
923526 6.71688 17.5931 3.25833 12.5757 12.5757 -3.16707 40.1441
923548 6.71688 17.5931 3.25833 12.5757 12.5757 -3.16707 40.1441
923549 5.14156 18.0428 3.14702 13.5148 14.5993 -2.45538 39.8462
923582 3.8465 18.5211 2.94464 14.3087 16.4298 -1.93622 39.6209
923583 3.8465 18.5211 2.94464 14.3087 16.4298 -1.93622 39.6209
923585 2.83172 18.8751 2.84345 14.7153 17.7733 -1.58463 39.2655
923596 2.20352 18.8751 2.8131 15.1219 18.5707 -1.20867 39.0136
923614 2.20352 19.2577 2.8131 15.1219 18.6331 -1.34263 39.3962
923616 1.96191 19.6882 2.89405 15.3736 18.9175 -1.27106 39.9178
923618 1.96191 19.6882 2.89405 15.3736 18.9175 -1.27106 39.9178
923628 2.10688 20.0709 2.82321 15.2477 18.8755 -1.53055 40.2487
923644 2.1842 20.3675 2.66131 14.6669 18.9249 -1.96472 39.8798
923650 2.1842 20.3675 2.66131 14.6669 18.9249 -1.96472 39.8798
923659 2.22285 20.5971 2.37798 13.9795 19.1282 -2.4743 39.1774
923676 2.30984 20.8267 2.22619 13.3502 19.1415 -2.92929 38.7129
923679 2.30984 20.8267 2.22619 13.3502 19.1415 -2.92929 38.7129
923689 2.38715 21.1041 2.03393 12.7887 19.2304 -3.39378 38.3139
923709 2.38715 21.1041 2.03393 12.7887 19.2304 -3.39378 38.3139
923711 2.44514 21.4198 1.94286 12.1691 19.2228 -3.85219 37.9769
923719 2.53212 21.879 1.65952 11.6367 19.4419 -4.42153 37.7073
923740 2.53212 21.879 1.65952 11.6367 19.4419 -4.42153 37.7073
923744 2.54179 22.166 1.52798 11.0461 19.5419 -4.88187 37.2819
923750 2.6191 22.2999 1.44702 10.6879 19.5132 -5.17519 37.054
923771 2.6191 22.2999 1.44702 10.6879 19.5132 -5.17519 37.054
923773 2.71575 22.52 1.3256 10.3878 19.5312 -5.48957 36.9491
923780 2.71575 22.52 1.3256 10.3878 19.5312 -5.48957 36.9491
923803 2.77374 22.7304 1.26488 10.2716 19.5484 -5.65634 37.0407
923806 2.80273 22.96 1.30536 10.3104 19.5047 -5.67722 37.3785
923812 2.80273 22.96 1.30536 10.3104 19.5047 -5.67722 37.3785
923836 3.91416 23.4384 1.52798 10.3104 18.0569 -5.93794 39.1909
923837 4.69699 23.6967 1.68988 10.1361 17.06 -6.17895 40.2197
923842 4.69699 23.6967 1.68988 10.1361 17.06 -6.17895 40.2197
923870 5.67311 23.6967 1.88214 9.84567 15.8082 -6.43905 41.0976
923872 5.67311 23.6967 1.88214 9.84567 15.8082 -6.43905 41.0976
923873 6.70722 23.4384 2.32738 9.55524 14.2517 -6.51811 42.0282
923883 8.57248 23.2566 2.82321 8.89692 11.9163 -6.92628 43.5492
923903 8.57248 23.2566 2.82321 8.89692 11.9163 -6.92628 43.5492
923908 10.5537 22.9696 3.0256 7.74487 9.67131 -7.70521 44.2938
923914 11.8198 22.1564 3.0256 6.56378 7.96204 -8.3966 43.5656
923938 11.8198 22.1564 3.0256 6.56378 7.96204 -8.3966 43.5656
923940 12.8152 21.4007 2.93452 5.31492 6.45576 -9.17211 42.4654
923944 12.8152 21.4007 2.93452 5.31492 6.45576 -9.17211 42.4654
923970 13.4144 20.6927 2.79286 4.16287 5.26528 -9.91824 41.0629
923971 14.033 19.87 3.08631 3.45615 3.83657 -10.1472 40.4454
923982 14.033 19.87 3.08631 3.45615 3.83657 -10.1472 40.4454
924004 14.5259 18.8655 3.96667 3.1754 2.18854 -9.71395 40.5334
924005 14.8545 17.5931 5.28214 3.18508 0.392038 -8.79157 40.9148
924006 14.8545 17.5931 5.28214 3.18508 0.392038 -8.79157 40.9148
924016 15.1154 16.0475 6.60774 3.10763 -1.5705 -7.87003 40.8783
924038 15.1154 16.0475 6.60774 3.10763 -1.5705 -7.87003 40.8783
924041 15.3764 14.3543 7.4881 2.83656 -3.54111 -7.26719 40.0553
924050 15.357 12.6706 8.2875 2.63326 -5.35364 -6.58829 38.9484
924071 15.56 11.1698 9.31964 2.5074 -7.26359 -5.7977 38.5568
924076 15.8403 10.0153 10.453 2.48804 -8.88604 -4.99317 38.7965
924108 15.8403 10.0153 10.453 2.48804 -8.88604 -4.99317 38.7965
924109 16.1399 8.96661 11.5458 2.48804 -10.3672 -4.24342 39.1403
924110 16.1399 8.96661 11.5458 2.48804 -10.3672 -4.24342 39.1403
924117 16.3815 8.01415 12.8107 2.51708 -11.7443 -3.42411 39.7234
924144 16.5071 7.00396 14.1464 2.71071 -12.9674 -2.47247 40.3682
924145 16.5071 7.00396 14.1464 2.71071 -12.9674 -2.47247 40.3682
924152 16.6327 5.8687 15.1887 2.74943 -14.3444 -1.69265 40.4396
924158 16.797 4.96435 16.4839 2.8172 -15.5248 -0.898726 41.0625
924177 16.797 4.96435 16.4839 2.8172 -15.5248 -0.898726 41.0625
924179 17.0096 4.02151 17.6468 2.91401 -16.6624 -0.169601 41.592
924188 17.0096 4.02151 17.6468 2.91401 -16.6624 -0.169601 41.592
924211 17.1347 3.13639 18.4857 3.10763 -17.5426 0.473773 41.8644
924213 17.3367 2.52066 18.7283 3.12699 -18.2303 0.718455 41.7127
924219 17.3367 2.52066 18.7283 3.12699 -18.2303 0.718455 41.7127
924246 17.3752 2.18393 18.7182 3.04954 -18.6682 0.801634 41.3269
924248 17.2694 2.20317 18.2128 2.99146 -18.6148 0.638598 40.6769
924250 17.2694 2.20317 18.2128 2.99146 -18.6148 0.638598 40.6769
924259 16.9034 2.15507 17.7176 2.78815 -18.7529 0.54873 39.5642
924278 16.9034 2.15507 17.7176 2.78815 -18.7529 0.54873 39.5642
924284 16.3718 2.03962 17.1213 2.69134 -18.8115 0.549867 38.224
924294 15.8499 1.96265 16.9089 2.64294 -18.8369 0.698247 37.3644
924313 15.415 1.87606 16.6661 2.6623 -18.8033 0.834517 36.6194
924322 15.1541 1.70289 16.7369 2.65262 -18.9918 1.04806 36.2465
924346 15.1541 1.70289 16.7369 2.65262 -18.9918 1.04806 36.2465
924348 14.9124 1.74137 17 2.68166 -18.9136 1.24995 36.3355
924350 14.9124 1.74137 17 2.68166 -18.9136 1.24995 36.3355
924360 14.6902 1.64516 17.2325 2.73975 -18.9614 1.50253 36.3075
924379 14.5355 1.6163 17.4649 3.10763 -18.5684 1.80563 36.7244
924380 14.5355 1.6163 17.4649 3.10763 -18.5684 1.80563 36.7244
924390 14.7385 3.60781 17.6266 3.41743 -16.0825 1.02732 39.3904
924413 14.9994 5.97453 17.3335 3.99829 -13.2134 0.126883 42.3058
924423 14.8158 7.86984 16.4738 4.41458 -10.904 -0.618688 43.574
924447 14.8158 7.86984 16.4738 4.41458 -10.904 -0.618688 43.574
924448 14.4775 10.1596 15.2292 4.7631 -8.28155 -1.56115 44.6294
924452 13.9073 12.2377 13.681 5.00513 -5.76913 -2.49568 44.8311
924483 13.9073 12.2377 13.681 5.00513 -5.76913 -2.49568 44.8311
924484 13.0858 13.6904 12.0113 4.95672 -3.68619 -3.36327 43.7443
924486 12.0807 14.8065 10.2607 4.89863 -1.56752 -4.18388 42.0465
924496 12.0807 14.8065 10.2607 4.89863 -1.56752 -4.18388 42.0465
924517 11.3462 15.6627 8.24702 4.68565 0.472635 -5.28631 39.9416
924519 11.3462 15.6627 8.86429 4.68565 0.0849664 -4.97758 40.5589
924528 10.8823 16.2977 6.27381 4.38554 2.3303 -6.549 37.8393
924534 10.747 17.1244 4.42202 4.25 4.24518 -7.88078 36.5434
924555 10.747 17.1244 4.42202 4.25 4.24518 -7.88078 36.5434
924556 10.863 18.0045 3.21786 4.50171 5.75706 -8.67025 36.5871
924569 10.979 18.9133 2.64107 5.3246 7.01167 -8.68772 37.858
924591 10.979 18.9133 2.64107 5.3246 7.01167 -8.68772 37.858
924592 10.9016 19.7839 2.65119 6.64123 8.04961 -8.02685 39.978
924598 10.6117 20.4057 2.74226 7.86105 8.95756 -7.3572 41.6208
924607 10.6117 20.4057 2.74226 7.86105 8.95756 -7.3572 41.6208
924627 10.1285 20.7693 2.88393 9.00342 9.79329 -6.66485 42.7851
924630 10.1285 20.7693 2.88393 9.00342 9.79329 -6.66485 42.7851
924637 9.32632 20.9606 2.94464 9.7779 10.7346 -6.12576 43.0095
924664 8.39852 21.1041 2.85357 10.533 11.8824 -5.63639 42.8892
924665 8.39852 21.1041 2.85357 10.533 11.8824 -5.63639 42.8892
924667 7.37408 21.085 2.74226 11.0655 13.0328 -5.19958 42.2668
924677 6.3303 20.9797 2.67143 11.6076 14.1778 -4.6999 41.5891
924699 6.3303 20.9797 2.67143 11.6076 14.1778 -4.6999 41.5891
924706 5.2672 20.8841 2.55 12.2369 15.4524 -4.16397 40.9382
924714 5.2672 20.8841 2.55 12.2369 15.4524 -4.16397 40.9382
924738 4.25242 20.6162 2.48929 12.9533 16.6379 -3.50747 40.3112
924739 3.2473 20.2335 2.50952 13.5923 17.7281 -2.79633 39.5826
924743 3.2473 20.2335 2.50952 13.5923 17.7281 -2.79633 39.5826
924752 2.42581 19.8987 2.59048 14.3087 18.6055 -2.07479 39.2236
924775 1.91359 19.516 2.83333 15.0444 18.9618 -1.35542 39.3074
924776 1.91359 19.516 2.83333 15.0444 18.9618 -1.35542 39.3074
924779 1.76862 19.2577 3.0256 15.7705 18.9805 -0.840076 39.8225
924813 1.76862 19.2577 3.0256 15.7705 18.9805 -0.840076 39.8225
924814 1.6913 18.9612 3.21786 16.2739 18.8856 -0.433698 40.1442
924815 1.66231 18.9325 3.25833 16.4482 18.8952 -0.33061 40.3013
924819 1.66231 18.9325 3.25833 16.4482 18.8952 -0.33061 40.3013
924849 1.57533 18.7029 3.28869 16.5547 18.9384 -0.16257 40.1216
924850 1.56566 18.5211 3.27857 16.332 18.8985 -0.179932 39.6973
924851 1.56566 18.5211 3.27857 16.332 18.8985 -0.179932 39.6973
924859 1.59466 18.4159 3.17738 15.8867 18.8937 -0.363333 39.0746
924886 1.59466 18.4159 3.17738 15.8867 18.8937 -0.363333 39.0746
924886 1.60432 18.4159 3.01548 15.5188 19.0087 -0.578112 38.5545
924890 1.556 18.435 2.96488 15.0638 19.0546 -0.774206 38.0197
924900 1.556 18.435 2.96488 15.0638 19.0546 -0.774206 38.0197
924924 1.57533 18.4924 2.88393 14.754 19.0868 -0.966624 37.7056
924925 1.65264 18.7124 2.72202 14.4055 19.166 -1.29529 37.4926
924935 1.65264 18.7124 2.72202 14.4055 19.166 -1.29529 37.4926
924954 1.65264 18.9994 2.56012 14.2312 19.3745 -1.54664 37.4434
924956 1.65264 18.9994 2.56012 14.2312 19.3745 -1.54664 37.4434
924962 1.66231 19.1429 2.52976 14.0376 19.3915 -1.70094 37.3726
924989 1.76862 19.4012 2.55 13.9989 19.2752 -1.83768 37.7187
924989 1.76862 19.4012 2.55 13.9989 19.2752 -1.83768 37.7187
924993 1.72996 19.6404 2.4994 14.0376 19.4214 -1.91258 37.9074
925003 2.74474 20.0518 2.82321 14.1344 17.997 -2.20313 39.7541
925028 2.74474 20.0518 2.82321 14.1344 17.997 -2.20313 39.7541
925029 3.56623 20.1379 2.87381 14.0376 17.0719 -2.50866 40.6155
925033 4.30074 20.1666 3.06607 13.6697 16.0604 -2.81467 41.2031
925043 4.30074 20.1666 3.06607 13.6697 16.0604 -2.81467 41.2031
925064 5.32518 20.0709 3.42024 13.1372 14.5773 -3.16014 41.9536
925071 5.32518 20.0709 3.42024 13.1372 14.5773 -3.16014 41.9536
925079 6.91984 19.87 3.55179 12.082 12.6583 -3.94452 42.4236
925103 8.4855 20.0422 3.43036 10.4943 10.9656 -5.1598 42.4524
925105 8.4855 20.0422 3.43036 10.4943 10.9656 -5.1598 42.4524
925107 9.80955 19.8604 3.0256 8.75171 9.5163 -6.47546 41.4473
925114 10.6987 19.4682 3.00536 7.13497 8.0005 -7.45273 40.3072
925144 10.6987 19.4682 3.00536 7.13497 8.0005 -7.45273 40.3072
925145 11.4332 19.1334 3.94643 6.1959 6.11024 -7.52572 40.7089
925147 11.4332 19.1334 3.94643 6.1959 6.11024 -7.52572 40.7089
925155 12.0324 18.9516 5.83869 5.59567 3.93472 -6.91315 42.4184
925182 12.3707 18.9038 6.8506 5.15034 2.79192 -6.68053 43.2754
925183 12.3707 18.9038 6.8506 5.15034 2.79192 -6.68053 43.2754
925191 12.4093 18.5498 7.10357 4.70501 2.18735 -6.71671 42.7677
925197 12.303 17.9375 7.20476 4.32745 1.65012 -6.7179 41.7728
925216 12.303 17.9375 7.20476 4.32745 1.65012 -6.7179 41.7728
925217 12.1387 17.0861 7.82202 4.10478 0.747323 -6.30522 41.1516
925257 12.2064 15.9994 8.48988 3.8918 -0.495853 -5.84815 40.5875
925258 12.2547 14.8353 9.48155 3.79499 -1.92358 -5.13301 40.3665
925274 12.245 13.4307 10.3012 3.69818 -3.41358 -4.41448 39.6751
925299 12.1484 11.9683 10.9083 3.45615 -4.95843 -3.80142 38.4812
925300 12.1484 11.9683 10.9083 3.45615 -4.95843 -3.80142 38.4812
925307 12.1774 10.2943 11.6268 3.24317 -6.8735 -3.05358 37.3416
925340 12.3127 8.66836 12.8107 3.07859 -9.06992 -2.07148 36.8703
925342 12.6896 7.10017 14.6321 3.13667 -11.3722 -0.807118 37.5586
925344 12.6896 7.10017 14.6321 3.13667 -11.3722 -0.807118 37.5586
925349 13.2501 5.70515 16.9696 3.27221 -13.5485 0.492343 39.1971
925378 13.9943 4.55065 19.4762 3.64977 -15.1605 1.649 41.671
925379 13.9943 4.55065 19.4762 3.64977 -15.1605 1.649 41.671
925384 14.6805 3.55008 21.4269 3.92084 -16.4282 2.44977 43.5783
925390 14.6805 3.55008 21.4269 3.92084 -16.4282 2.44977 43.5783
925416 15.0767 2.72269 22.286 4.00797 -17.3677 2.88972 44.0934
925417 15.1637 2.0781 22.3567 3.85308 -18.175 3.09584 43.4516
925429 15.1637 2.0781 22.3567 3.85308 -18.175 3.09584 43.4516
925431 15.1541 1.51047 21.7301 3.70786 -18.8028 3.12573 42.1025
925448 15.1927 1.30843 20.871 3.46583 -19.1546 2.87808 40.838
