1043438 6.48493 18.6168 3.825 12.1691 12.4562 -3.32427 41.0958
1043448 8.16657 19.3438 3.4506 9.30353 10.5739 -5.49725 40.2645
1043463 10.0512 19.7074 3.16726 6.45729 8.21814 -7.66852 39.3831
1043469 10.0512 19.7074 3.16726 6.45729 8.21814 -7.66852 39.3831
1043479 11.7811 19.9561 3.24821 4.21128 5.82832 -9.29073 39.1967
1043489 13.5884 19.9752 4.22976 3.39806 3.37153 -9.44461 41.1915
1043515 14.9994 19.6595 5.75774 3.34966 1.28639 -8.75726 43.7664
1043523 16.2075 18.5402 7.07321 3.11731 -0.903003 -8.19698 44.9383
1043530 16.2075 18.5402 7.07321 3.11731 -0.903003 -8.19698 44.9383
1043540 17.1828 16.9808 7.83214 2.75911 -2.94665 -7.90048 44.7548
1043550 17.1828 16.9808 7.83214 2.75911 -2.94665 -7.90048 44.7548
1043560 17.8274 14.9604 8.30774 2.35251 -5.07632 -7.63931 43.448
1043573 18.2218 12.6321 8.85417 2.06207 -7.41066 -7.15979 41.7702
1043581 18.2218 12.6321 8.85417 2.06207 -7.41066 -7.15979 41.7702
1043591 18.7991 10.352 9.78512 1.88781 -10.009 -6.42201 40.824
1043601 19.1935 8.30277 10.8577 1.83941 -12.3833 -5.52298 40.1935
1043611 19.1935 8.30277 10.8577 1.83941 -12.3833 -5.52298 40.1935
1043626 19.6457 6.75382 11.8899 1.99431 -14.1419 -4.6602 40.2837
1043633 19.6457 6.75382 11.8899 1.99431 -14.1419 -4.6602 40.2837
1043643 19.8766 5.52235 12.8107 2.17825 -15.4667 -3.86626 40.3879
1043653 19.8862 4.7142 13.6405 2.42995 -16.2171 -3.14599 40.6709
1043663 19.8862 4.7142 13.6405 2.42995 -16.2171 -3.14599 40.6709
1043674 19.9247 4.13696 14.2274 2.59453 -16.7675 -2.65624 40.8836
1043695 19.7419 3.9734 14.4804 2.75911 -16.7806 -2.37183 40.9548
1043699 19.7419 3.9734 14.4804 2.75911 -16.7806 -2.37183 40.9548
1043703 19.5303 3.9253 14.6119 2.84624 -16.7246 -2.19881 40.9137
1043732 19.0685 3.76174 14.6726 2.88497 -16.7714 -1.95825 40.3878
1043741 18.3854 3.55971 14.6423 2.92369 -16.7955 -1.6625 39.5111
1043750 18.3854 3.55971 14.6423 2.92369 -16.7955 -1.6625 39.5111
1043761 17.5965 3.38653 14.6321 2.92369 -16.8132 -1.33392 38.5389
1043769 16.797 3.14601 14.6827 2.9721 -16.8638 -0.912903 37.5979
1043782 16.797 3.14601 14.6827 2.9721 -16.8638 -0.912903 37.5979
1043789 16.1109 2.98246 14.794 3.04954 -16.8347 -0.507511 36.9369
1043798 16.1109 2.98246 14.794 3.04954 -16.8347 -0.507511 36.9369
1043806 15.6856 2.79004 15.0774 3.18508 -16.868 -0.0870484 36.7381
1043816 15.3087 2.63611 15.5935 3.32062 -16.9196 0.394449 36.8589
1043827 15.3087 2.63611 15.5935 3.32062 -16.9196 0.394449 36.8589
1043835 15.1154 2.47255 16.1298 3.45615 -17.0257 0.806193 37.1739
1043845 14.8545 2.3571 16.7976 3.6885 -16.9815 1.30295 37.6977
1043855 14.8545 2.3571 16.7976 3.6885 -16.9815 1.30295 37.6977
1043866 14.5935 2.28014 17.4649 3.88212 -16.9386 1.75561 38.2207
1043875 14.5935 2.28014 17.4649 3.88212 -16.9386 1.75561 38.2207
1043888 14.3809 2.13582 18.132 4.18223 -16.8647 2.23951 38.8309
1043896 14.1489 2.0781 18.6879 4.32745 -16.8385 2.59475 39.2424
1043908 14.1489 2.0781 18.6879 4.32745 -16.8385 2.59475 39.2424
1043917 14.12 2.90549 18.8193 4.55011 -15.7716 2.35572 40.3948
1043930 14.1973 4.03113 18.3746 4.68565 -14.4441 1.75538 41.2886
1043941 14.1973 4.03113 18.3746 4.68565 -14.4441 1.75538 41.2886
1043952 14.4196 5.43577 17.2628 4.68565 -12.8941 0.751049 41.8038
1043974 14.5259 6.9751 15.8262 4.66629 -11.139 -0.360231 41.9934
1043978 14.6998 9.23599 13.9744 4.53075 -8.78131 -1.91937 42.441
1044004 14.7675 11.3526 11.7381 4.11446 -6.57484 -3.66935 41.9726
1044008 14.7771 13.142 9.35 3.75626 -4.40509 -5.416 41.0255
1044018 14.7771 13.142 9.35 3.75626 -4.40509 -5.416 41.0255
1044028 14.4872 14.7583 7.21488 3.49487 -2.15795 -6.9587 39.9553
1044043 14.4872 14.7583 7.21488 3.49487 -2.15795 -6.9587 39.9553
1044049 14.0136 16.0379 5.34286 3.48519 0.10713 -8.18817 38.8796
1044059 13.4144 17.1913 4.20952 4.28872 2.46528 -8.48028 39.104
1044069 13.4144 17.1913 4.20952 4.28872 2.46528 -8.48028 39.104
1044079 13.0375 18.4733 3.76429 6.06036 4.67627 -7.86957 41.3354
1044089 12.4673 19.4969 3.62262 7.85137 6.47951 -7.07565 43.4382
1044106 12.4673 19.4969 3.62262 7.85137 6.47951 -7.07565 43.4382
1044115 11.4525 20.09 3.49107 8.96469 8.01799 -6.50711 43.9983
1044124 11.4525 20.09 3.49107 8.96469 8.01799 -6.50711 43.9983
1044133 10.2445 20.3388 3.12679 9.54556 9.5439 -6.21107 43.2556
1044143 8.88175 20.5492 2.74226 9.83599 11.1649 -6.01751 42.0092
1044150 8.88175 20.5492 2.74226 9.83599 11.1649 -6.01751 42.0092
1044165 7.38374 20.6927 2.34762 10.1071 12.9952 -5.7814 40.5312
1044175 5.87607 20.8171 2.08452 10.6395 14.9021 -5.31587 39.4172
1044186 5.87607 20.8171 2.08452 10.6395 14.9021 -5.31587 39.4172
1044191 4.4747 21.0945 1.83155 11.3656 16.8663 -4.78717 38.7664
1044213 3.07334 21.3815 1.63929 12.0433 18.8215 -4.2369 38.1374
1044221 1.95225 21.5155 1.51786 12.8081 20.4092 -3.6283 37.7937
1044231 1.95225 21.5155 1.51786 12.8081 20.4092 -3.6283 37.7937
1044241 1.26606 21.7355 1.67976 13.6697 21.1594 -2.99292 38.351
1044251 1.21774 22.0034 1.9125 14.6378 21.0647 -2.51593 39.7714
1044261 1.21774 22.0034 1.9125 14.6378 21.0647 -2.51593 39.7714
1044276 1.26606 22.2808 2.10476 15.1509 20.8694 -2.3128 40.8025
1044283 1.26606 22.2808 2.10476 15.1509 20.8694 -2.3128 40.8025
1044294 1.30472 22.1947 2.23631 15.5478 20.7113 -2.07659 41.2836
1044305 1.26606 21.8886 2.25655 15.6253 20.708 -1.92736 41.0365
1044316 1.26606 21.8886 2.25655 15.6253 20.708 -1.92736 41.0365
1044324 1.27572 21.6398 2.26667 15.5382 20.6503 -1.88262 40.7204
1044337 1.15975 21.238 2.19583 15.4317 20.8082 -1.78773 40.0253
1044351 1.15975 21.238 2.19583 15.4317 20.8082 -1.78773 40.0253
1044360 1.08243 20.9032 2.125 15.0444 20.9042 -1.84506 39.1551
1044369 1.08243 20.9032 2.125 15.0444 20.9042 -1.84506 39.1551
1044375 1.01478 20.7119 1.93274 14.3958 21.1273 -2.12775 38.0552
1044385 1.05344 20.5875 1.90238 13.9117 21.0542 -2.33353 37.4551
1044411 0.995452 20.511 1.76071 13.5632 21.2583 -2.51796 36.8304
1044415 1.02445 20.4249 1.7506 13.4954 21.2188 -2.53572 36.6954
1044426 1.02445 20.4249 1.7506 13.4954 21.2188 -2.53572 36.6954
1044435 0.889142 20.3579 1.7506 13.5923 21.3928 -2.42042 36.5899
1044450 0.947129 20.3101 1.84167 13.7956 21.2206 -2.28489 36.8944
1044456 0.947129 20.3101 1.84167 13.7956 21.2206 -2.28489 36.8944
1044470 0.889142 20.2048 1.90238 14.0957 21.237 -2.06079 37.092
1044485 0.889142 20.2048 1.90238 14.0957 21.237 -2.06079 37.092
1044494 0.869812 20.3196 2.04405 14.4926 21.1381 -1.84997 37.7261
1044496 2.1842 20.7119 2.53988 14.8798 19.1412 -2.03754 40.3158
1044514 2.1842 20.7119 2.53988 14.8798 19.1412 -2.03754 40.3158
1044523 3.61455 20.7693 3.01548 14.9379 17.17 -2.27829 42.3372
1044528 4.58101 20.511 3.41012 14.6281 15.736 -2.45318 43.1302
1044538 4.58101 20.511 3.41012 14.6281 15.736 -2.45318 43.1302
1044548 5.65378 20.1666 3.78452 13.7568 14.1168 -2.86393 43.3617
1044558 5.65378 20.1666 3.78452 13.7568 14.1168 -2.86393 43.3617
1044568 6.96816 19.4873 3.91607 12.4499 12.2911 -3.53428 42.8215
1044583 8.25355 19.076 3.73393 10.4846 10.574 -4.73342 41.5481
1044600 9.26833 18.8942 3.48095 8.15148 8.98128 -6.23073 39.795
1044609 10.1768 18.6742 3.52143 6.15718 7.22374 -7.46402 38.5296
1044635 11.0949 18.3393 4.92798 5.15034 4.72429 -7.34802 39.5126
1044639 11.0949 18.3393 4.92798 5.15034 4.72429 -7.34802 39.5126
1044649 11.9261 17.8514 7.61964 5.05353 1.97831 -6.04384 42.4507
1044659 12.4383 16.9038 9.92679 5.06321 -0.224499 -4.85611 44.3321
1044669 12.4383 16.9038 9.92679 5.06321 -0.224499 -4.85611 44.3321
1044684 12.7283 15.528 11.1815 4.97608 -1.91703 -4.0861 44.4139
1044695 12.8056 13.8347 12.0315 4.73405 -3.61029 -3.41246 43.4059
1044700 12.8056 13.8347 12.0315 4.73405 -3.61029 -3.41246 43.4059
1044710 12.9699 12.2088 12.8613 4.56948 -5.31154 -2.72753 42.6095
1044720 12.9699 12.2088 12.8613 4.56948 -5.31154 -2.72753 42.6095
1044730 12.9409 10.4675 13.9036 4.4533 -7.13733 -1.81423 41.7652
1044743 13.0375 8.80306 15.1887 4.47267 -9.0059 -0.787632 41.5019
1044751 13.0375 8.80306 15.1887 4.47267 -9.0059 -0.787632 41.5019
1044765 13.1148 7.04244 16.3018 4.57916 -10.8405 0.264507 41.0382
1044775 13.1245 5.44539 17.2729 4.55979 -12.6181 1.21136 40.4026
1044781 13.1245 5.44539 17.2729 4.55979 -12.6181 1.21136 40.4026
1044791 12.9505 3.9734 18.132 4.55979 -14.23 2.18392 39.6157
1044801 12.9505 3.9734 18.132 4.55979 -14.23 2.18392 39.6157
1044813 12.9119 2.87663 19.0517 4.73405 -15.3843 3.03124 39.5743
1044824 12.6799 2.22241 19.9614 5.08257 -15.8565 3.80821 39.9463
1044838 12.6799 2.22241 19.9614 5.08257 -15.8565 3.80821 39.9463
1044843 12.564 1.90492 20.5273 5.35364 -16.0055 4.24243 40.3499
1044851 12.3997 1.8953 21.063 5.5279 -15.922 4.51108 40.8859
1044870 12.3997 1.8953 21.063 5.5279 -15.922 4.51108 40.8859
1044879 12.1484 1.86644 20.9721 5.51822 -15.8843 4.61996 40.5051
1044891 12.1484 1.86644 20.9721 5.51822 -15.8843 4.61996 40.5051
1044894 11.8971 1.78947 20.6385 5.36333 -15.9888 4.65448 39.6884
1044903 11.6555 1.64516 20.1938 5.26651 -16.0842 4.70564 38.761
1044915 11.6555 1.64516 20.1938 5.26651 -16.0842 4.70564 38.761
1044923 11.4525 1.6163 19.8401 5.13098 -16.1313 4.69332 38.0399
1044937 11.3559 1.57782 19.9108 5.1697 -16.125 4.793 38.0142
1044944 11.3559 1.57782 19.9108 5.1697 -16.125 4.793 38.0142
1044954 11.2689 1.58744 19.8704 5.13098 -16.1268 4.81211 37.8577
1044973 11.2689 1.58744 19.8704 5.13098 -16.1268 4.81211 37.8577
1044976 11.2689 1.58744 19.7087 5.10194 -16.1204 4.76052 37.667
1044991 11.2399 1.59706 19.7188 5.1213 -16.0843 4.77868 37.6771
1045000 11.2399 1.59706 19.7188 5.1213 -16.0843 4.77868 37.6771
1045010 11.2013 1.59706 19.7087 5.01481 -16.1893 4.7673 37.5218
1045018 11.3076 1.58744 19.7693 5.04385 -16.2071 4.74095 37.7082
1045026 11.3076 1.58744 19.7693 5.04385 -16.2071 4.74095 37.7082
1045037 11.3849 1.55857 19.8097 5.05353 -16.2554 4.72925 37.8067
1045046 11.3849 1.55857 19.8097 5.05353 -16.2554 4.72925 37.8067
1045057 11.6458 1.6644 19.9614 5.13098 -16.1524 4.60208 38.4026
1045066 11.9358 2.18393 19.9007 5.31492 -15.468 4.23129 39.3353
1045081 11.9358 2.18393 19.9007 5.31492 -15.468 4.23129 39.3353
1045091 12.3997 3.57895 19.6986 5.40205 -14.0687 3.33089 41.0792
1045103 12.535 4.72383 19.1124 5.48918 -12.8011 2.63116 41.8603
1045108 12.535 4.72383 19.1124 5.48918 -12.8011 2.63116 41.8603
1045118 12.6703 5.76288 18.0713 5.49886 -11.5942 1.83452 42.0033
1045128 12.6703 5.76288 18.0713 5.49886 -11.5942 1.83452 42.0033
1045139 12.9795 7.69666 16.4232 5.28588 -9.68509 0.365537 42.3853
1045152 13.4048 9.77476 14.3083 4.82118 -7.7508 -1.43587 42.3091
1045159 13.4048 9.77476 14.3083 4.82118 -7.7508 -1.43587 42.3091
1045169 13.6077 11.1217 11.9607 4.15319 -6.30065 -3.16411 40.8433
1045180 13.7624 12.4493 9.73452 3.7369 -4.60563 -4.81576 39.6831
1045194 13.7624 12.4493 9.73452 3.7369 -4.60563 -4.81576 39.6831
1045206 13.9073 13.5942 8.00417 3.87244 -2.82189 -5.95189 39.3782
1045212 13.888 14.5948 6.91131 5.45046 -0.461544 -5.92038 40.8446
1045220 13.888 14.5948 6.91131 5.45046 -0.461544 -5.92038 40.8446
1045239 13.6657 15.528 6.13214 7.5803 1.92889 -5.41226 42.9062
1045242 13.6657 15.528 6.13214 7.5803 1.92889 -5.41226 42.9062
1045253 13.1342 16.0379 5.44405 8.88724 3.64739 -5.11712 43.5034
1045261 12.3707 16.2592 4.91786 9.44875 4.89541 -4.97596 42.9965
1045277 12.3707 16.2592 4.91786 9.44875 4.89541 -4.97596 42.9965
1045281 11.3462 16.2688 4.5131 10.0393 6.19483 -4.64671 42.1674
1045291 10.3121 16.1726 4.23988 10.5814 7.38515 -4.23548 41.306
1045301 10.3121 16.1726 4.23988 10.5814 7.38515 -4.23548 41.306
1045311 9.20068 16.0283 4.09821 11.2978 8.63214 -3.63062 40.625
1045327 9.20068 16.0283 4.09821 11.2978 8.63214 -3.63062 40.625
1045336 8.04093 15.9898 4.02738 12.053 9.95638 -2.97315 40.1111
1045343 6.9585 15.9513 3.85536 12.8855 11.3636 -2.33373 39.6507
1045354 6.9585 15.9513 3.85536 12.8855 11.3636 -2.33373 39.6507
1045363 5.82774 15.9802 3.91607 14.086 12.7621 -1.43401 39.81
1045379 4.71632 15.9994 3.91607 15.2477 14.1769 -0.583742 39.8795
1045383 4.71632 15.9994 3.91607 15.2477 14.1769 -0.583742 39.8795
1045393 3.62422 15.9417 3.84524 16.2352 15.5799 0.19466 39.6464
1045419 2.47413 15.7301 3.68333 16.7773 17.0374 0.875401 38.6648
1045431 1.65264 15.5376 3.6631 17.2798 18.03 1.47612 38.1332
1045434 1.65264 15.5376 3.6631 17.2798 18.03 1.47612 38.1332
1045444 0.937464 15.4703 3.63274 17.9069 18.9782 2.02856 37.9474
1045455 0.715179 15.5088 3.80476 18.4858 19.1322 2.36273 38.5145
1045464 0.715179 15.5088 3.80476 18.4858 19.1322 2.36273 38.5145
1045481 0.80216 15.8359 3.91607 18.9103 19.0222 2.35213 39.4644
1045484 0.80216 15.8359 3.91607 18.9103 19.0222 2.35213 39.4644
1045494 0.763502 16.1245 3.93631 19.1322 19.1188 2.32022 39.9566
1045505 0.860148 16.2592 3.85536 19.0165 19.1043 2.15765 39.9912
1045519 0.860148 16.2592 3.85536 19.0165 19.1043 2.15765 39.9912
1045531 0.879477 16.5286 3.78452 18.6788 19.1512 1.90183 39.8714
1045535 0.976123 16.7306 3.65298 18.3314 19.1686 1.61661 39.6912
1045545 0.976123 16.7306 3.65298 18.3314 19.1686 1.61661 39.6912
1045555 0.937464 16.8268 3.58214 17.9069 19.243 1.42336 39.2534
1045580 0.937464 16.8268 3.58214 17.9069 19.243 1.42336 39.2534
1045580 0.985787 16.8749 3.37976 17.2026 19.3221 1.06195 38.4431
1045585 0.976123 17.0478 3.19762 16.6031 19.4828 0.704597 37.8246
1045607 0.976123 17.0478 3.19762 16.6031 19.4828 0.704597 37.8246
1045611 1.03411 17.1339 3.06607 16.2062 19.5244 0.442375 37.4403
1045621 0.976123 17.1531 3.04583 16.1384 19.6106 0.424122 37.3134
1045634 0.976123 17.1531 3.04583 16.1384 19.6106 0.424122 37.3134
1045640 0.976123 17.2392 2.99524 16.1868 19.6903 0.387756 37.3973
1045649 0.976123 17.2392 2.99524 16.1868 19.6903 0.387756 37.3973
1045660 1.00512 17.3922 3.12679 16.3998 19.5524 0.446633 37.9239
1045671 1.0921 17.6314 3.11667 16.5159 19.5136 0.355529 38.3561
1045685 1.0921 17.6314 3.11667 16.5159 19.5136 0.355529 38.3561
1045688 2.39682 18.2724 3.48095 16.5159 17.7731 -0.247978 40.6661
1045698 3.40193 18.6359 3.72381 16.1868 16.5065 -0.760661 41.9484
1045710 3.40193 18.6359 3.72381 16.1868 16.5065 -0.760661 41.9484
1045718 4.25242 18.7507 3.93631 15.7318 15.4049 -1.17235 42.6712
1045735 4.25242 18.7507 3.93631 15.7318 15.4049 -1.17235 42.6712
1045739 5.14156 18.4541 4.32083 14.9476 13.9623 -1.51429 42.8641
1045749 6.75554 18.1002 4.6244 13.7762 11.8459 -2.23844 43.2563
1045762 6.75554 18.1002 4.6244 13.7762 11.8459 -2.23844 43.2563
1045770 8.31154 18.1767 4.55357 11.627 9.92445 -3.62361 42.6688
1045786 9.64525 18.1863 4.28036 9.29385 8.18396 -5.16498 41.4057
1045794 9.64525 18.1863 4.28036 9.29385 8.18396 -5.16498 41.4057
1045800 10.7663 17.9567 4.27024 7.17369 6.28239 -6.45273 40.1669
1045813 10.7663 17.9567 4.27024 7.17369 6.28239 -6.45273 40.1669
1045820 11.6168 17.4401 4.96845 5.5279 4.03424 -7.03882 39.5533
1045838 12.1774 16.4612 6.05119 4.47267 1.727 -6.93831 39.1625
1045841 12.1774 16.4612 6.05119 4.47267 1.727 -6.93831 39.1625
1045850 12.6123 15.4318 7.30595 3.82403 -0.422728 -6.47652 39.1741
1045862 13.2888 14.9989 8.69226 3.62073 -2.06983 -5.90188 40.6007
1045887 13.9267 14.6429 9.9875 3.78531 -3.23905 -5.24183 42.3424
1045895 13.9267 14.6429 9.9875 3.78531 -3.23905 -5.24183 42.3424
1045901 14.4486 14.0175 11.0095 4.00797 -4.2732 -4.6392 43.4836
1045915 14.7095 13.1998 11.819 3.99829 -5.33455 -4.14802 43.7266
1045922 14.7095 13.1998 11.819 3.99829 -5.33455 -4.14802 43.7266
1045940 14.8158 12.0645 12.4565 3.96925 -6.48788 -3.62115 43.3061
1045942 14.8641 10.6695 13.1244 3.98861 -7.81446 -2.96176 42.6466
1045965 14.8545 9.02433 13.6304 3.79499 -9.4818 -2.34363 41.3041
1045980 14.8545 9.02433 13.6304 3.79499 -9.4818 -2.34363 41.3041
1045993 14.8158 7.44652 14.5208 3.66913 -11.2608 -1.51006 40.4523
1045995 14.7482 5.90719 15.5125 3.75626 -12.8977 -0.520954 39.9241
1046004 14.7482 5.90719 15.5125 3.75626 -12.8977 -0.520954 39.9241
1046022 14.6805 4.56027 16.5244 3.85308 -14.382 0.430373 39.6183
1046024 14.6128 3.47312 17.2931 4.02733 -15.4832 1.2312 39.4064
1046049 14.6322 2.79004 17.8692 4.19191 -16.1584 1.76235 39.4833
1046054 14.6322 2.79004 17.8692 4.19191 -16.1584 1.76235 39.4833
1046064 14.7192 2.40521 18.2331 4.34681 -16.4971 2.06105 39.7042
1046076 14.8641 2.45331 18.132 4.24032 -16.5676 1.91039 39.6897
1046085 14.8641 2.45331 18.132 4.24032 -16.5676 1.91039 39.6897
1046100 14.9414 2.49179 17.9096 4.23064 -16.5064 1.78416 39.5735
1046109 14.9801 2.53028 17.566 4.12415 -16.5123 1.59938 39.2005
1046115 14.9801 2.53028 17.566 4.12415 -16.5123 1.59938 39.2005
1046127 14.9704 2.55914 17.0809 3.95957 -16.5495 1.36538 38.57
1046135 14.9704 2.55914 17.0809 3.95957 -16.5495 1.36538 38.57
1046154 15.0381 2.52066 16.828 3.84339 -16.6767 1.22127 38.2301
1046156 15.0478 2.56876 16.5345 3.70786 -16.7105 1.04039 37.8589
1046165 15.0478 2.56876 16.5345 3.70786 -16.7105 1.04039 37.8589
1046181 15.0574 2.56876 16.2917 3.61105 -16.7666 0.909913 37.5289
1046185 15.2121 2.62649 16.1196 3.582 -16.7309 0.744445 37.5402
1046213 15.2121 2.62649 16.1196 3.582 -16.7309 0.744445 37.5402
1046215 15.4633 2.67459 15.9679 3.45615 -16.8392 0.513586 37.5619
1046234 15.6276 2.69383 15.7958 3.36902 -16.9132 0.337481 37.4863
1046237 15.9079 2.67459 15.4619 3.15604 -17.1632 0.0142944 37.2004
1046247 15.9079 2.67459 15.4619 3.15604 -17.1632 0.0142944 37.2004
1046265 16.1012 2.69383 15.219 3.05923 -17.241 -0.209081 37.0733
1046268 16.3525 3.12677 14.8244 3.01082 -16.7759 -0.660877 37.3145
1046287 16.3525 3.12677 14.8244 3.01082 -16.7759 -0.660877 37.3145
1046289 17.1539 6.0034 14.4905 3.12699 -13.8039 -2.03797 40.7748
1046298 17.1539 6.0034 14.4905 3.12699 -13.8039 -2.03797 40.7748
1046314 17.4426 7.29259 13.8833 3.38838 -12.2866 -2.66508 42.0069
1046325 17.4041 8.18732 13.0232 3.582 -11.0542 -3.1944 42.1966
1046341 17.4041 8.18732 13.0232 3.582 -11.0542 -3.1944 42.1966
1046343 17.4233 10.352 11.6976 3.77563 -8.66694 -4.26676 43.2486
1046353 17.2309 12.6321 10.0179 3.70786 -6.25663 -5.55326 43.5888
1046368 17.2309 12.6321 10.0179 3.70786 -6.25663 -5.55326 43.5888
1046371 16.7101 14.1715 8.26726 3.50456 -4.27943 -6.72036 42.6534
1046380 16.7101 14.1715 8.26726 3.50456 -4.27943 -6.72036 42.6534
1046398 15.8209 15.3356 6.71905 3.3303 -2.35044 -7.68356 41.2059
1046400 15.0767 16.3554 5.3125 3.21412 -0.512855 -8.59844 39.9588
1046414 15.0767 16.3554 5.3125 3.21412 -0.512855 -8.59844 39.9588
1046426 14.3036 17.2392 4.27024 3.2238 1.20986 -9.24078 39.0368
1046430 13.5691 18.0906 3.5619 3.582 2.92604 -9.47687 38.8036
1046440 13.5691 18.0906 3.5619 3.582 2.92604 -9.47687 38.8036
1046452 13.0375 19.1908 3.25833 4.33713 4.54003 -9.27819 39.8238
1046460 12.4963 19.1908 3.15714 5.46014 5.58095 -8.58584 40.3044
1046470 12.4963 20.2335 3.15714 5.46014 6.07069 -8.74761 41.3471
1046483 11.8294 21.4198 2.975 6.67027 7.7432 -8.25419 42.8945
1046490 11.8294 21.4198 2.975 6.67027 7.7432 -8.25419 42.8945
1046510 10.979 22.1086 2.975 7.4738 8.97436 -7.79995 43.5364
1046511 10.0222 22.4626 2.67143 7.97722 10.2856 -7.59369 43.1334
1046521 10.0222 22.4626 2.67143 7.97722 10.2856 -7.59369 43.1334
1046538 8.88175 22.6348 2.43869 8.36446 11.6251 -7.34175 42.3197
1046542 8.88175 22.6348 2.43869 8.36446 11.6251 -7.34175 42.3197
1046551 7.67368 22.7974 2.06429 8.76139 13.2098 -7.1357 41.2968
1046568 6.41728 22.8452 1.85179 9.23576 14.7533 -6.75648 40.3501
1046573 6.41728 22.8452 1.85179 9.23576 14.7533 -6.75648 40.3501
1046583 5.32518 22.8165 1.59881 9.80695 16.246 -6.3478 39.5475
1046599 4.20409 22.7687 1.5381 10.6298 17.6647 -5.6737 39.1407
1046605 4.20409 22.7687 1.5381 10.6298 17.6647 -5.6737 39.1407
1046614 3.2473 22.6348 1.46726 11.5883 18.946 -4.94119 38.9376
1046629 2.44514 22.4721 1.6494 12.6726 19.7826 -4.05028 39.2392
1046634 2.44514 22.4721 1.6494 12.6726 19.7826 -4.05028 39.2392
1046644 1.88459 22.2234 1.73036 13.5923 20.4161 -3.34209 39.4306
1046658 1.88459 22.2234 1.73036 13.5923 20.4161 -3.34209 39.4306
1046664 1.58499 21.8886 2.02381 14.299 20.4659 -2.69527 39.7964
1046674 1.46902 21.4868 2.15536 14.8798 20.4685 -2.22072 39.991
1046693 1.46902 21.4868 2.15536 14.8798 20.4685 -2.22072 39.991
1046694 1.35304 21.1519 2.29702 15.1993 20.4376 -1.87818 40.0013
1046704 1.30472 20.7501 2.32738 15.3445 20.4287 -1.65491 39.7268
1046723 1.30472 20.7501 2.32738 15.3445 20.4287 -1.65491 39.7268
1046733 1.24673 20.3962 2.34762 15.3445 20.4311 -1.50658 39.3351
1046748 1.13076 20.0996 2.31726 15.2961 20.5617 -1.39674 38.8438
1046756 1.15009 19.7743 2.2869 15.209 20.5271 -1.33856 38.4203
1046776 1.15009 19.7743 2.2869 15.209 20.5271 -1.33856 38.4203
1046778 1.07277 19.6691 2.29702 15.0928 20.5814 -1.3186 38.1317
1046785 1.07277 19.6691 2.29702 15.0928 20.5814 -1.3186 38.1317
1046805 1.13076 19.6021 2.29702 15.0154 20.4951 -1.34859 38.0453
1046812 1.08243 19.7361 2.24643 14.9767 20.6247 -1.4177 38.0416
1046816 1.08243 19.7361 2.24643 14.9767 20.6247 -1.4177 38.0416
1046834 1.12109 19.803 2.20595 14.9476 20.6312 -1.48535 38.0777
1046837 1.08243 19.803 2.16548 14.7733 20.7066 -1.56512 37.8243
1046846 1.08243 19.803 2.16548 14.7733 20.7066 -1.56512 37.8243
1046863 1.0921 19.8126 2.10476 14.4539 20.7334 -1.74013 37.4633
1046868 1.04377 19.803 2.04405 14.4345 20.8636 -1.75548 37.3254
1046878 1.04377 19.803 2.04405 14.4345 20.8636 -1.75548 37.3254
1046893 2.08755 19.9274 2.52976 14.4345 19.0772 -1.94361 38.9792
1046907 2.08755 19.9274 2.52976 14.4345 19.0772 -1.94361 38.9792
1046923 3.31495 19.937 2.94464 14.2215 17.2564 -2.25855 40.4181
1046926 5.00625 19.6308 3.30893 13.5535 14.9816 -2.81014 41.4996
1046934 5.00625 19.6308 3.30893 13.5535 14.9816 -2.81014 41.4996
1046939 6.61057 19.3343 3.67321 12.3434 12.7461 -3.54906 41.9615
1046954 8.38886 18.942 3.85536 10.5233 10.3221 -4.65799 41.7096
1046959 8.38886 18.942 3.85536 10.5233 10.3221 -4.65799 41.7096
1046969 9.99318 18.4063 3.825 8.24829 7.92904 -6.05081 40.4728
1046984 9.99318 18.4063 3.825 8.24829 7.92904 -6.05081 40.4728
1046989 11.2399 17.8706 3.57202 5.87642 5.79312 -7.64882 38.5589
1047020 12.3997 17.1531 3.49107 3.98861 3.54483 -8.9407 37.0324
1047023 12.3997 17.1531 3.49107 3.98861 3.54483 -8.9407 37.0324
1047026 13.3758 16.2688 3.92619 2.89465 1.27621 -9.38852 36.4654
1047030 14.4099 15.4799 5.99048 2.85592 -1.33243 -8.14874 38.7362
1047050 14.4099 15.4799 5.99048 2.85592 -1.33243 -8.14874 38.7362
1047060 15.4923 14.7872 9.70417 3.77563 -3.78985 -5.75868 43.7593
1047061 15.4923 14.7872 9.70417 3.77563 -3.78985 -5.75868 43.7593
1047082 16.3718 14.0753 12.7196 4.44362 -5.55161 -4.18516 47.6103
1047090 16.7584 13.3152 14.0149 4.63724 -6.57804 -3.51605 48.7257
1047091 16.7584 13.3152 14.0149 4.63724 -6.57804 -3.51605 48.7257
1047113 16.7584 12.0934 14.5917 4.39522 -7.76645 -3.09317 47.8386
1047116 16.6038 10.631 14.8345 4.17255 -8.99332 -2.66891 46.2418
1047123 16.6038 10.631 14.8345 4.17255 -8.99332 -2.66891 46.2418
1047145 16.2268 8.90889 14.9863 3.86276 -10.4818 -2.14392 43.9848
1047147 16.2268 8.90889 14.9863 3.86276 -10.4818 -2.14392 43.9848
1047153 15.647 7.11941 15.3101 3.70786 -12.0439 -1.34562 41.7843
1047176 15.0284 5.65705 15.7048 3.64977 -13.3781 -0.498602 40.04
1047178 15.0284 5.65705 15.7048 3.64977 -13.3781 -0.498602 40.04
1047183 14.4389 4.53141 16.0994 3.65945 -14.4255 0.305412 38.7292
1047193 13.9073 3.58857 16.5851 3.70786 -15.3458 1.11028 37.7889
1047210 13.9073 3.58857 16.5851 3.70786 -15.3458 1.11028 37.7889
1047218 13.6077 2.90549 17.2021 3.96925 -15.8786 1.85414 37.6846
1047224 13.6077 2.90549 17.2021 3.96925 -15.8786 1.85414 37.6846
1047242 13.4144 2.33786 17.7985 4.14351 -16.4027 2.4631 37.6943
1047244 13.3081 1.98189 18.5059 4.54043 -16.4933 3.03486 38.3364
1047254 13.3081 1.98189 18.5059 4.54043 -16.4933 3.03486 38.3364
1047274 13.1825 1.92417 19.0315 4.69533 -16.4771 3.32967 38.8335
1047279 13.0665 1.82796 19.2235 4.79214 -16.4931 3.51626 38.9102
1047306 12.9119 1.8472 19.2337 4.7631 -16.4719 3.57533 38.7558
1047308 12.9119 1.8472 19.2337 4.7631 -16.4719 3.57533 38.7558
1047315 12.7862 1.82796 19.0517 4.68565 -16.508 3.56824 38.3516
1047337 12.7862 1.81834 18.9304 4.67597 -16.502 3.53373 38.211
1047339 12.7862 1.81834 18.9304 4.67597 -16.502 3.53373 38.211
1047346 12.8732 1.82796 19.0214 4.68565 -16.5206 3.51716 38.4082
1047369 13.0085 1.83758 19.0517 4.71469 -16.5154 3.46532 38.6125
1047383 13.0955 1.91454 19.1629 4.78246 -16.4043 3.44059 38.9554
1047403 13.0569 1.91454 19.0416 4.67597 -16.4827 3.39096 38.689
1047404 13.0569 1.91454 19.0416 4.67597 -16.4827 3.39096 38.689
1047408 13.2115 1.90492 18.8698 4.59852 -16.5725 3.24685 38.5847
1047436 13.2985 2.00113 18.7687 4.55011 -16.518 3.1148 38.6184
1047439 13.4048 1.96265 18.8395 4.57916 -16.5668 3.1137 38.7861
1047448 13.4048 1.96265 18.8395 4.57916 -16.5668 3.1137 38.7861
1047463 13.6077 2.78042 18.9911 4.80182 -15.5649 2.76427 40.1811
1047469 13.714 3.56933 18.8092 5.01481 -14.5589 2.38665 41.1073
1047479 13.714 3.56933 18.8092 5.01481 -14.5589 2.38665 41.1073
1047493 13.6464 4.91624 18.2432 5.09226 -13.0561 1.70871 41.898
1047499 13.6464 4.91624 18.2432 5.09226 -13.0561 1.70871 41.898
1047509 13.5981 6.29202 17.3537 5.09226 -11.5549 0.90558 42.3361
1047526 13.4918 8.45671 16.1702 5.07289 -9.3377 -0.244955 43.1916
1047536 13.4918 8.45671 16.1702 5.07289 -9.3377 -0.244955 43.1916
1047561 13.2018 10.3039 14.5411 4.7631 -7.40243 -1.47217 42.8099
1047563 12.7766 11.7085 12.6488 4.4533 -5.56874 -2.66296 41.5872
1047565 12.7766 11.7085 12.6488 4.4533 -5.56874 -2.66296 41.5872
1047573 12.2644 12.9785 10.6958 4.25 -3.56549 -3.84325 40.1887
1047593 12.2644 12.9785 10.6958 4.25 -3.56549 -3.84325 40.1887
1047595 11.8488 14.2581 8.99583 4.56948 -1.27109 -4.74194 39.6722
1047600 11.3945 15.5954 7.55893 5.95387 1.60221 -4.99119 40.5027
1047627 11.3945 15.5954 7.55893 5.95387 1.60221 -4.99119 40.5027
1047629 10.747 16.5382 6.27381 7.24146 4.14139 -5.06242 40.8005
1047635 9.97385 17.1244 4.95833 7.99658 6.35953 -5.2967 40.0531
1047641 9.97385 17.1244 4.95833 7.99658 6.35953 -5.2967 40.0531
1047663 9.03638 17.641 3.94643 8.56777 8.43672 -5.42074 39.1916
1047663 9.03638 17.641 3.94643 8.56777 8.43672 -5.42074 39.1916
1047671 8.17624 18.081 3.37976 9.63269 10.2864 -5.05917 39.2697
1047693 7.40307 18.5881 3.29881 10.93 11.6958 -4.38677 40.2199
1047694 7.40307 18.5881 3.29881 10.93 11.6958 -4.38677 40.2199
1047706 6.7942 18.9994 3.30893 12.1885 12.766 -3.74035 41.2911
1047727 6.01137 19.3725 3.25833 13.3212 13.955 -3.14717 41.9634
1047728 6.01137 19.3725 3.25833 13.3212 13.955 -3.14717 41.9634
1047733 5.27686 19.5734 3.24821 14.2506 14.9348 -2.6039 42.3491
1047762 5.27686 19.5734 3.24821 14.2506 14.9348 -2.6039 42.3491
1047763 4.30074 19.5734 3.08631 14.8314 16.1621 -2.13789 41.7919
1047765 3.27629 19.4204 2.79286 15.2864 17.5579 -1.69856 40.776
1047796 3.27629 19.4204 2.79286 15.2864 17.5579 -1.69856 40.776
1047797 2.37749 19.3151 2.7119 15.8673 18.6812 -1.15965 40.2718
1047800 1.53667 19.1238 2.75238 16.4869 19.6252 -0.534286 39.8998
1047830 1.13076 19.0377 2.75238 17.0386 20.1412 -0.141701 39.9594
1047832 1.13076 19.0377 2.75238 17.0386 20.1412 -0.141701 39.9594
1047835 0.976123 18.9803 2.82321 17.328 20.2636 0.0728631 40.1077
1047866 0.966458 18.9707 2.87381 17.4438 20.2301 0.141758 40.2548
1047867 0.966458 18.9707 2.87381 17.4438 20.2301 0.141758 40.2548
1047868 0.9278 18.9803 2.69167 17.2219 20.4554 0.00205994 39.8217
1047875 0.956794 18.7507 2.78274 17.0193 20.2676 0.0358933 39.5095
1047899 0.956794 18.7507 2.78274 17.0193 20.2676 0.0358933 39.5095
1047900 0.947129 18.7316 2.66131 16.8451 20.3956 -0.065951 39.1851
1047906 0.947129 18.7316 2.66131 16.8451 20.3956 -0.065951 39.1851
1047933 0.831154 18.7124 2.70179 16.7289 20.4676 -0.0434411 38.9743
1047934 0.850483 18.6263 2.63095 16.5159 20.4931 -0.128129 38.6237
1047937 0.850483 18.6263 2.63095 16.5159 20.4931 -0.128129 38.6237
1047946 0.850483 18.6646 2.51964 16.2255 20.5958 -0.301853 38.2602
1047965 0.840819 18.7124 2.46905 15.9932 20.6467 -0.430499 38.0155
1047969 0.840819 18.7124 2.46905 15.9932 20.6467 -0.430499 38.0155
1047978 0.831154 18.9038 2.40833 16.0222 20.756 -0.512655 38.1655
1047999 0.831154 18.9038 2.40833 16.0222 20.756 -0.512655 38.1655
1048001 0.869812 18.8559 2.46905 16.1384 20.6449 -0.437605 38.3332
1048007 0.821489 18.8272 2.4994 16.3223 20.6838 -0.322453 38.4705
1048030 0.821489 18.8272 2.4994 16.3223 20.6838 -0.322453 38.4705
1048031 0.792496 18.7985 2.58036 16.4869 20.6376 -0.203232 38.6583
1048064 0.821489 18.7411 2.59048 16.6031 20.5982 -0.142846 38.7562
1048065 0.792496 18.7507 2.59048 16.758 20.6508 -0.0751117 38.8916
1048069 0.792496 18.7507 2.59048 16.758 20.6508 -0.0751117 38.8916
1048079 0.753837 18.6837 2.58036 16.7967 20.705 -0.023388 38.8146
1048098 0.773167 18.5115 2.79286 16.8451 20.4191 0.136138 38.9227
1048102 0.773167 18.5115 2.79286 16.8451 20.4191 0.136138 38.9227
1048109 1.72996 18.7411 3.03571 16.8161 19.0906 -0.230386 40.3229
1048133 2.62877 18.6933 3.38988 16.5063 17.699 -0.518918 41.2182
1048135 2.62877 18.6933 3.38988 16.5063 17.699 -0.518918 41.2182
1048148 3.48891 18.7124 3.42024 15.6446 16.6286 -1.14008 41.2662
1048150 3.48891 18.7124 3.42024 15.6446 16.6286 -1.14008 41.2662
1048168 4.48437 19.1047 3.47083 14.2118 15.3624 -2.14664 41.2717
1048178 5.66344 19.5639 3.51131 12.6145 13.9068 -3.3014 41.3531
1048203 5.66344 19.5639 3.51131 12.6145 13.9068 -3.3014 41.3531
1048204 7.03582 19.6978 3.50119 10.9203 12.1984 -4.48747 41.1551
1048206 8.1859 19.5065 4.12857 9.49715 10.098 -5.10671 41.3181
1048214 8.1859 19.5065 4.12857 9.49715 10.098 -5.10671 41.3181
1048240 9.14269 19.1908 5.58571 8.44191 7.61564 -5.06568 42.3611
1048241 9.14269 19.1908 5.58571 8.44191 7.61564 -5.06568 42.3611
1048243 9.9062 18.1193 7.30595 7.4254 4.87206 -4.66387 42.7569
1048251 10.2155 16.5286 8.52024 6.32175 2.47357 -4.29305 41.586
1048274 10.2155 16.5286 8.52024 6.32175 2.47357 -4.29305 41.586
1048275 10.3508 14.5274 9.44107 5.28588 0.013563 -3.84467 39.6052
1048285 10.631 12.6899 10.7161 4.85023 -2.44747 -2.99119 38.8872
1048309 10.631 12.6899 10.7161 4.85023 -2.44747 -2.99119 38.8872
1048310 10.979 11.1121 12.3048 4.83087 -4.67846 -1.89491 39.2266
1048313 11.3945 9.86135 14.2274 5.15034 -6.52799 -0.69333 40.6336
1048347 11.3945 9.86135 14.2274 5.15034 -6.52799 -0.69333 40.6336
1048348 11.8681 8.62988 15.897 5.48918 -8.14512 0.318096 41.8842
1048350 11.8681 8.62988 15.897 5.48918 -8.14512 0.318096 41.8842
1048354 12.2837 7.4369 17.2527 5.64408 -9.65299 1.11791 42.6173
1048364 12.5833 6.22467 17.9501 5.67312 -10.9799 1.70225 42.4311
1048384 12.5833 6.22467 17.9501 5.67312 -10.9799 1.70225 42.4311
1048388 12.6606 5.176 18.5767 5.56663 -12.205 2.25348 41.9799
1048396 12.8152 4.25241 19.0517 5.59567 -13.196 2.72555 41.715
1048420 12.8152 4.25241 19.0517 5.59567 -13.196 2.72555 41.715
1048422 12.9119 3.38653 19.4863 5.56663 -14.1743 3.17567 41.3514
1048425 12.9119 3.38653 19.4863 5.56663 -14.1743 3.17567 41.3514
1048435 12.8056 2.72269 19.8199 5.60535 -14.8323 3.62495 40.9535
1048457 12.8442 2.28014 19.9411 5.66344 -15.2482 3.85974 40.7289
1048459 12.8442 2.28014 19.9411 5.66344 -15.2482 3.85974 40.7289
1048465 12.8152 2.08772 19.8906 5.66344 -15.4205 3.94904 40.457
1048494 12.8056 2.16469 19.3954 5.45046 -15.4371 3.72044 39.8161
1048496 12.8056 2.16469 19.3954 5.45046 -15.4371 3.72044 39.8161
1048498 12.7476 2.13582 18.9709 5.30524 -15.499 3.59786 39.1595
1048531 12.7476 2.13582 18.9709 5.30524 -15.499 3.59786 39.1595
1048532 12.8636 2.09734 18.5767 5.11162 -15.6739 3.38716 38.6492
1048534 12.8152 2.06848 18.2937 5.03417 -15.7062 3.31476 38.2116
1048545 12.8152 2.06848 18.2937 5.03417 -15.7062 3.31476 38.2116
1048546 12.8152 2.16469 18.0309 4.85023 -15.736 3.13035 37.8611
1048569 12.8539 2.11658 17.7883 4.77278 -15.8219 3.03371 37.5316
1048570 12.8539 2.11658 17.7883 4.77278 -15.8219 3.03371 37.5316
1048581 13.2211 2.25127 17.4851 4.56948 -15.9122 2.63098 37.527
1048605 13.2211 2.25127 17.4851 4.56948 -15.9122 2.63098 37.527
1048606 13.6754 2.36672 17 4.36617 -16.0008 2.13485 37.4083
1048608 14.062 2.48217 16.6357 4.12415 -16.1453 1.69515 37.304
1048618 14.062 2.48217 16.6357 4.12415 -16.1453 1.69515 37.304
1048641 14.6612 2.59762 16.1702 3.98861 -16.199 1.16258 37.4176
1048642 15.1057 2.71307 15.8464 3.77563 -16.3347 0.722435 37.4409
1048648 15.1057 2.71307 15.8464 3.77563 -16.3347 0.722435 37.4409
1048658 15.5696 2.79004 15.4012 3.54328 -16.5112 0.235144 37.3042
1048677 15.5696 2.79004 15.4012 3.54328 -16.5112 0.235144 37.3042
1048683 16.2945 3.96378 14.622 3.47551 -15.3023 -0.845008 38.3558
1048689 17.3367 6.01302 13.6405 3.26253 -13.4784 -2.40235 40.2527
1048715 17.3367 6.01302 13.6405 3.26253 -13.4784 -2.40235 40.2527
1048716 18.0198 8.15846 12.6083 3.15604 -11.5119 -3.72434 41.9426
1048719 18.3854 10.0441 11.2625 2.96241 -9.75358 -4.99524 42.6545
1048756 18.3854 10.0441 11.2625 2.96241 -9.75358 -4.99524 42.6545
1048757 18.6259 12.1703 9.73452 2.57517 -7.8962 -6.43295 43.106
1048758 18.6259 12.1703 9.73452 2.57517 -7.8962 -6.43295 43.106
1048760 18.5682 14.0656 8.15595 2.12984 -6.13278 -7.81043 42.9196
1048770 18.1064 15.7204 6.5369 1.71355 -4.28338 -9.11764 42.0773
1048796 18.1064 15.7204 6.5369 1.71355 -4.28338 -9.11764 42.0773
1048797 17.1251 17.0957 5.17083 1.56834 -2.21674 -10.0641 40.9599
1048810 15.8596 18.2054 4.06786 1.67483 -0.0296414 -10.6722 39.8077
1048811 15.8596 18.2054 4.06786 1.67483 -0.0296414 -10.6722 39.8077
1048838 14.3712 19.363 3.48095 2.49772 2.52343 -10.4836 39.7129
1048840 14.3712 19.363 3.48095 2.49772 2.52343 -10.4836 39.7129
1048842 13.0085 20.5779 3.35952 4.38554 5.19907 -9.37834 41.3315
1048872 12.274 21.8694 3.55179 6.37984 7.04677 -8.23997 44.0751
1048873 12.274 21.8694 3.55179 6.37984 7.04677 -8.23997 44.0751
1048879 11.5298 22.6539 3.33929 7.23178 8.38823 -7.91402 44.7548
1048888 10.5731 23.1322 2.94464 7.69647 9.75898 -7.80137 44.3464
1048909 10.5731 23.1322 2.94464 7.69647 9.75898 -7.80137 44.3464
1048911 9.36498 23.2375 2.57024 7.71583 11.0858 -7.80502 42.8885
1048916 9.36498 23.2375 2.57024 7.71583 11.0858 -7.80502 42.8885
1048925 7.99261 23.2279 2.26667 7.85137 12.5912 -7.65719 41.3386
1048951 6.61057 23.1227 1.77083 8.11276 14.4219 -7.51562 39.6168
1048953 6.61057 23.1227 1.77083 8.11276 14.4219 -7.51562 39.6168
1048955 5.30586 23.1227 1.46726 8.6549 16.2153 -7.12298 38.5507
1048990 4.11711 23.1609 1.41667 9.39066 17.735 -6.48703 38.0854
1048991 4.11711 23.1609 1.41667 9.39066 17.735 -6.48703 38.0854
1048992 3.23764 23.2183 1.38631 10.0877 18.9046 -5.92485 37.93
1048995 2.57078 20.8171 1.47738 10.8912 19.3393 -4.62263 35.7565
1049005 2.57078 23.2662 1.47738 10.8912 19.7021 -5.28785 38.2056
1049029 2.1552 23.2757 1.58869 11.6851 20.1635 -4.71151 38.7047
1049030 2.1552 23.2757 1.58869 11.6851 20.1635 -4.71151 38.7047
1049036 2.13587 23.247 1.74048 12.2853 20.0819 -4.32283 39.4087
1049046 2.11654 23.0557 2.01369 12.8468 19.8414 -3.86374 40.0328
1049072 2.11654 23.0557 2.01369 12.8468 19.8414 -3.86374 40.0328
1049074 2.06822 22.7017 2.0744 13.1082 19.8156 -3.59953 39.9526
1049076 1.94258 22.1277 2.13512 13.3986 19.8519 -3.23322 39.6041
1049086 1.94258 22.1277 2.13512 13.3986 19.8519 -3.23322 39.6041
1049113 1.78795 21.525 2.24643 13.6891 19.8605 -2.81953 39.2485
1049115 1.78795 21.525 2.24643 13.6891 19.8605 -2.81953 39.2485
1049118 1.68164 20.9989 2.26667 13.7375 19.8968 -2.58877 38.6847
1049128 1.64298 20.5971 2.26667 13.8633 19.9053 -2.3886 38.37
1049154 1.64298 20.5971 2.26667 13.8633 19.9053 -2.3886 38.37
1049155 1.61399 20.2622 2.34762 13.9989 19.8177 -2.17007 38.2227
1049158 1.51734 19.9657 2.43869 14.2312 19.8156 -1.8923 38.1529
1049168 1.51734 19.9657 2.43869 14.2312 19.8156 -1.8923 38.1529
1049190 1.45935 19.6308 2.51964 14.3667 19.7613 -1.66042 37.9766
1049193 1.45935 19.6308 2.51964 14.3667 19.7613 -1.66042 37.9766
1049198 1.41103 19.5447 2.50952 14.4926 19.8357 -1.56238 37.9579
1049229 1.44002 19.4969 2.4994 14.5991 19.8214 -1.51376 38.0354
1049230 1.44002 19.4969 2.4994 14.5991 19.8214 -1.51376 38.0354
1049231 1.44969 19.4204 2.65119 14.7249 19.6388 -1.3703 38.2462
1049273 1.43036 19.3534 2.67143 14.6281 19.6147 -1.37233 38.0833
