6002036 14.6187 24.242 19.8502 23.2423 3.9704 0.774563 81.9532
6002042 14.6187 24.242 19.8502 23.2423 3.9704 0.774563 81.9532
6002051 14.6931 22.0608 21.1944 22.5187 2.70049 1.29729 80.467
6002067 15.0073 20.2144 23.327 22.0749 1.22639 1.89402 80.6236
6002073 15.0073 20.2144 23.327 22.0749 1.22639 1.89402 80.6236
6002082 15.6605 18.4828 26.5107 21.5636 -0.646091 2.54159 82.2176
6002092 16.4874 16.2166 30.1694 20.811 -2.87664 3.27597 83.6844
6002103 16.4874 16.2166 30.1694 20.811 -2.87664 3.27597 83.6844
6002118 17.5965 13.8664 34 19.769 -5.26831 3.92567 85.2319
6002126 17.5965 13.8664 34 19.769 -5.26831 3.92567 85.2319
6002133 18.751 11.7337 34 18.5726 -6.75575 3.98903 83.0574
6002143 19.8189 9.99283 34 17.328 -8.16432 3.97764 81.1398
6002164 20.8387 8.73938 34 16.4423 -9.26544 3.91105 80.0204
6002184 21.7912 7.95597 34 15.8237 -10.0576 3.78466 79.5708
6002188 21.7912 7.95597 34 15.8237 -10.0576 3.78466 79.5708
6002196 22.7052 7.43369 34 15.4054 -10.6438 3.63318 79.5443
6002205 22.7052 7.43369 34 15.4054 -10.6438 3.63318 79.5443
6002215 23.3882 7.00717 34 15.0133 -11.1347 3.51685 79.4087
6002225 23.8693 7.02458 34 15.0133 -11.2103 3.40135 79.9072
6002251 24.2252 7.24219 34 14.6822 -11.3228 3.22175 80.1496
6002260 24.4177 7.4511 34 14.4295 -11.3754 3.09361 80.2983
6002265 24.4177 7.4511 34 14.4295 -11.3754 3.09361 80.2983
6002281 24.3214 7.66001 34 14.1943 -11.371 3.03324 80.1757
6002287 24.3214 7.66001 34 14.1943 -11.371 3.03324 80.1757
6002296 23.9462 7.56426 34 13.776 -11.5423 3.07723 79.2865
6002315 23.369 7.46851 34 13.6279 -11.5569 3.20977 78.4654
6002317 23.369 7.46851 34 13.6279 -11.5569 3.20977 78.4654
6002326 23.0611 7.43369 34 13.4362 -11.61 3.26084 77.931
6002345 22.9072 7.38146 34 13.471 -11.5917 3.31452 77.7597
6002347 22.9072 7.38146 34 13.471 -11.5917 3.31452 77.7597
6002356 22.8879 7.45981 34 13.5582 -11.5107 3.31369 77.9059
6002371 22.8879 7.45981 34 13.5582 -11.5107 3.31369 77.9059
6002377 22.8495 7.4424 34 13.6279 -11.4795 3.33729 77.9197
6002388 22.6763 7.39887 34 13.8109 -11.3841 3.4157 77.886
6002397 22.6763 7.39887 34 13.8109 -11.3841 3.4157 77.886
6002410 22.4358 7.31183 34 14.0287 -11.2808 3.52571 77.7763
6002422 22.3203 7.28571 34 14.2988 -11.1469 3.59916 77.9049
6002431 22.3203 7.28571 34 14.2988 -11.1469 3.59916 77.9049
6002441 22.4165 7.35535 34 14.3947 -11.0874 3.57368 78.1665
6002452 22.6282 7.35535 34 14.4295 -11.1089 3.52862 78.4131
6002460 22.6282 7.31183 34 14.4295 -11.129 3.53891 78.3695
6002473 22.3973 7.18126 34 14.4469 -11.1403 3.62735 78.0255
6002480 22.3973 7.18126 34 14.4469 -11.1403 3.62735 78.0255
6002490 22.0702 7.01587 34 14.3424 -11.2077 3.73048 77.4284
6002500 21.6661 7.02458 34 14.4905 -11.062 3.84806 77.1812
6002510 21.6661 7.02458 34 14.4905 -11.062 3.84806 77.1812
6002525 21.5025 7.65131 34 14.7606 -10.6176 3.77467 77.9145
6002531 21.3967 8.53917 34 15.0656 -10.0606 3.63216 79.0015
6002557 21.2716 9.77522 34 15.4926 -9.31341 3.43541 80.5394
6002563 21.2716 9.77522 34 15.4926 -9.31341 3.43541 80.5394
6002571 20.983 11.3943 34 16.2071 -8.28901 3.23847 82.5844
6002585 20.7136 13.257 34 17.5596 -6.98496 3.08468 85.5303
6002594 20.7136 13.257 34 17.5596 -6.98496 3.08468 85.5303
6002606 20.4154 15.0067 34 19.4989 -5.59763 3.04936 88.9209
6002613 20.1749 16.8694 32.8074 21.5829 -3.97277 2.84563 91.4345
6002622 20.1749 16.8694 32.8074 21.5829 -3.97277 2.84563 91.4345
6002633 20.0017 18.7794 30.2402 22.538 -2.4368 2.29312 91.5593
6002659 19.2994 20.0135 27.0262 22.3161 -1.12681 1.69692 88.6552
6002670 18.2411 20.5971 24.0143 21.7855 0.0375688 1.23377 84.6379
6002677 18.2411 20.5971 24.0143 21.7855 0.0375688 1.23377 84.6379
6002686 16.9504 20.8936 21.5583 21.9495 1.33201 1.0443 81.3518
6002695 16.0987 21.5059 19.9209 22.5573 2.51102 0.912854 80.0829
6002704 16.0987 21.5059 19.9209 22.5573 2.51102 0.912854 80.0829
6002722 15.5613 22.2138 18.8799 23.5125 3.51924 0.863929 80.1675
6002725 15.5613 22.2138 18.8799 23.5125 3.51924 0.863929 80.1675
6002738 15.3876 23.1801 18.1421 24.6413 4.39197 0.777313 81.3511
6002745 15.1396 24.1463 17.6367 25.9438 5.2234 0.777394 82.8665
6002755 15.1396 24.1463 17.6367 25.9438 5.2234 0.777394 82.8665
6002765 14.7592 25.1221 17.2426 27.3524 6.05872 0.836978 84.4764
6002781 13.9572 25.7822 16.8505 29.1373 7.03157 1.0933 85.7272
6002786 13.9572 25.7822 16.8505 29.1373 7.03157 1.0933 85.7272
6002804 12.9319 26.0597 16.3458 30.8547 8.01601 1.4286 86.1921
6002819 12.9319 26.0597 16.3458 30.8547 8.01601 1.4286 86.1921
6002824 11.8157 26.3562 15.7757 32.6396 9.0673 1.77453 86.5872
6002830 10.8069 27.1885 15.1869 34 10.0923 1.92553 87.1823
6002836 10.8069 27.1885 15.1869 34 10.0923 1.92553 87.1823
6002851 9.85603 27.8678 14.7477 34 10.7735 1.91229 86.4715
6002857 9.00438 28.2504 14.4112 34 11.3332 1.95347 85.666
6002867 9.00438 28.2504 14.4112 34 11.3332 1.95347 85.666
6002877 8.1858 27.9347 14.5514 34 11.5734 2.20218 84.6719
6002887 7.35068 27.2172 15.1121 34 11.5781 2.60712 83.6801
6002897 7.35068 27.2172 15.1121 34 11.5781 2.60712 83.6801
6002907 6.72228 26.7963 14.9813 34 11.8463 2.81141 82.4999
6002917 6.72228 26.7963 14.9813 34 11.8463 2.81141 82.4999
6002932 6.22617 26.5093 14.6729 34 12.1641 2.93658 81.4083
6002939 5.7714 26.2701 14.5047 34 12.4134 3.06591 80.5462
6002965 5.76313 26.0118 14.2804 34 12.4815 3.09263 80.0553
6002970 5.82928 25.7535 13.9813 34 12.5506 3.09157 79.5641
6002978 5.82928 25.7535 13.9813 34 12.5506 3.09157 79.5641
6002993 5.69698 25.5622 13.5607 34 12.7837 3.10231 78.8199
6003002 5.69698 25.5622 13.5607 34 12.7837 3.10231 78.8199
6003013 5.58949 25.8301 13.028 34 13.1338 2.98451 78.4476
6003020 5.69698 26.4519 12.7009 34 13.3336 2.76831 78.8498
6003038 5.69698 26.4519 12.7009 34 13.3336 2.76831 78.8498
6003041 5.87889 27.1311 12.3084 34 13.5353 2.51488 79.3184
6003057 5.88716 27.5999 12.1028 34 13.6983 2.37764 79.5899
6003066 5.88716 27.5999 12.1028 34 13.6983 2.37764 79.5899
6003076 5.79621 27.7147 11.8879 34 13.8638 2.33825 79.3987
6003085 5.79621 27.7147 11.8879 34 13.8638 2.33825 79.3987
6003093 5.7466 27.6764 11.6449 34 14.0022 2.31861 79.0679
6003102 5.68045 27.6956 11.3271 34 14.1951 2.27776 78.7031
6003121 5.66391 27.8104 11.1402 34 14.3123 2.22591 78.6145
6003136 5.56469 27.6956 10.972 34 14.431 2.24557 78.2322
6003141 5.56469 27.6956 10.972 34 14.431 2.24557 78.2322
6003160 5.49027 27.5138 10.8879 34 14.4866 2.28852 77.8919
6003163 5.49027 27.5138 10.8879 34 14.4866 2.28852 77.8919
6003172 5.47374 27.4277 11.0561 34 14.3982 2.33871 77.9575
6003184 5.84582 27.5138 11.6542 34 13.926 2.33401 79.0138
6003197 5.84582 27.5138 11.6542 34 13.926 2.33401 79.0138
6003206 6.78842 28.0208 11.972 34 13.3882 2.07277 80.7812
6003217 7.4499 28.5087 11.9065 34 13.1779 1.82274 81.8652
6003235 8.22714 28.9488 11.8692 34 12.9004 1.57021 83.0451
6003244 8.22714 28.9488 11.8692 34 12.9004 1.57021 83.0451
6003254 9.02091 29.2549 12.486 34 12.3133 1.45292 84.7618
6003263 10.0131 29.4463 14.1308 34 11.2177 1.485 87.5902
6003279 10.0131 29.4463 14.1308 34 11.2177 1.485 87.5902
6003285 10.9805 29.4176 15.7196 34 10.1859 1.55156 90.1177
6003298 11.6999 29.2167 16.1028 34 9.72704 1.51389 91.0194
6003305 11.6999 29.2167 16.1028 34 9.72704 1.51389 91.0194
6003315 12.072 28.4992 15.486 33.9325 9.68825 1.47472 89.9896
6003328 12.072 28.4992 15.486 33.9325 9.68825 1.47472 89.9896
6003336 12.0224 27.3033 14.8598 31.4336 9.30129 1.22071 85.6191
6003346 11.9397 25.7822 14.8318 29.311 8.64896 1.17649 81.8647
6003372 11.9066 23.9932 15.7944 27.8348 7.58436 1.45784 79.5291
6003377 12.2291 22.1851 18.0815 26.9762 5.93002 2.0089 79.4718
6003390 12.2291 22.1851 18.0815 26.9762 5.93002 2.0089 79.4718
6003396 13.0229 20.4153 21.4067 26.3683 3.80299 2.648 81.2132
6003415 13.0229 20.4153 21.4067 26.3683 3.80299 2.648 81.2132
6003424 14.2383 18.8464 24.843 25.5096 1.58042 3.10436 83.4374
6003437 15.5696 17.1722 27.7438 24.4677 -0.492464 3.43772 84.9532
6003442 15.5696 17.1722 27.7438 24.4677 -0.492464 3.43772 84.9532
6003452 16.6445 15.5202 30.7658 23.3581 -2.4719 3.81728 86.2886
6003461 17.558 13.9012 33.7574 22.4126 -4.27987 4.2299 87.6292
6003484 18.4239 12.4823 34 21.4864 -5.34049 4.26775 86.3926
6003490 16.7189 12.4823 34 21.4864 -4.94469 4.65567 84.6876
6003498 19.1358 11.1331 34 20.5216 -6.33359 4.29045 84.7905
6003509 19.7131 10.193 34 19.6339 -7.1481 4.26044 83.54
6003519 19.7131 10.193 34 19.6339 -7.1481 4.26044 83.54
6003532 20.146 9.43574 34 18.7849 -7.86889 4.22559 82.3667
6003538 20.3962 8.90476 34 18.3604 -8.30595 4.23569 81.6613
6003554 20.3962 8.90476 34 18.3604 -8.30595 4.23569 81.6613
6003560 20.7425 8.43472 34 18.0999 -8.67646 4.23046 81.2771
6003575 20.7233 8.15617 34 17.9359 -8.85699 4.27947 80.8153
6003580 20.7233 8.15617 34 17.9359 -8.85699 4.27947 80.8153
6003599 20.8002 8.07783 34 17.9648 -8.89305 4.28364 80.8429
6003601 20.8002 8.07783 34 17.9648 -8.89305 4.28364 80.8429
6003611 20.8964 8.14747 34 17.7236 -8.98423 4.21204 80.7675
6003623 20.9253 8.22581 34 17.4631 -9.06676 4.15163 80.6142
6003631 20.9253 8.22581 34 17.4631 -9.06676 4.15163 80.6142
6003647 21.0311 8.33026 34 17.1061 -9.19462 4.05345 80.4675
6003651 20.9349 8.25192 34 16.8606 -9.31398 4.06142 80.0474
6003661 20.9349 8.25192 34 16.8606 -9.31398 4.06142 80.0474
6003676 20.8387 8.17358 34 16.634 -9.42639 4.07208 79.6463
6003683 20.8387 8.17358 34 16.634 -9.42639 4.07208 79.6463
6003695 20.9157 8.18228 34 16.5295 -9.48289 4.03721 79.6274
6003706 21.0696 8.38249 34 16.4946 -9.44145 3.9481 79.9467
6003712 21.0696 8.38249 34 16.4946 -9.44145 3.9481 79.9467
6003722 21.2332 8.39119 34 16.512 -9.46197 3.90978 80.1364
6003732 21.2813 8.33026 34 16.5033 -9.50126 3.9116 80.1149
6003745 21.2813 8.33026 34 16.5033 -9.50126 3.9116 80.1149
6003754 21.3198 8.33026 34 16.4075 -9.55001 3.88923 80.0575
6003767 21.3198 8.33026 34 16.4075 -9.55001 3.88923 80.0575
6003774 21.416 8.28674 34 16.2768 -9.64386 3.85863 79.9795
6003784 21.6084 8.46083 34 16.2245 -9.62811 3.76529 80.2937
6003801 21.6084 8.46083 34 16.2245 -9.62811 3.76529 80.2937
6003814 21.9547 8.66974 34 16.0851 -9.66425 3.61679 80.7095
6003819 22.2337 8.77419 34 15.8585 -9.7695 3.49662 80.8665
6003826 22.2337 8.77419 34 15.8585 -9.7695 3.49662 80.8665
6003837 22.3684 8.75678 34 15.6581 -9.88865 3.44123 80.7833
6003861 22.4646 8.80031 34 15.5884 -9.91793 3.39939 80.8534
6003865 22.7052 9.44444 34 15.9892 -9.51787 3.25783 82.1388
6003880 22.7052 9.44444 34 15.9892 -9.51787 3.25783 82.1388
6003886 23.013 10.4368 34 16.1287 -9.10749 2.99339 83.5784
6003902 23.1573 11.4465 34 16.1287 -8.72811 2.74833 84.7325
6003906 23.1573 11.4465 34 16.1287 -8.72811 2.74833 84.7325
6003916 22.9264 12.5955 33.0297 16.1984 -8.01248 2.42587 84.75
6003926 22.4935 14.023 31.1801 16.5818 -6.84304 2.00147 84.2784
6003952 21.8778 15.8858 29.0577 17.4052 -5.23719 1.54927 84.2265
6003957 21.8778 15.8858 29.0577 17.4052 -5.23719 1.54927 84.2265
6003970 21.1658 18.1863 27.0666 19.1708 -3.17659 1.20669 85.5895
6003977 20.4058 20.4344 25.4697 21.4767 -1.12895 1.04336 87.7866
6003987 20.4058 20.4344 25.4697 21.4767 -1.12895 1.04336 87.7866
6004002 19.5784 22.0608 24.0244 23.5511 0.562996 0.998093 89.2146
6004009 18.5682 23.2757 22.4578 25.1141 2.05888 0.960891 89.4158
6004019 18.5682 23.2757 22.4578 25.1141 2.05888 0.960891 89.4158
6004039 17.3079 24.3663 20.7396 26.2911 3.55392 0.905787 88.705
6004040 17.3079 24.3663 20.7396 26.2911 3.55392 0.905787 88.705
6004050 16.0491 25.0551 19.2235 27.0437 4.81455 0.886382 87.3715
6004060 15.0652 25.5909 17.7277 27.4393 5.89506 0.788409 85.823
6004083 15.0652 25.5909 17.7277 27.4393 5.89506 0.788409 85.823
6004084 14.197 25.9927 16.2804 27.7384 6.90361 0.68207 84.2084
6004090 13.2957 26.3945 15.0093 28.1918 7.92641 0.635344 82.8914
6004106 13.2957 26.3945 15.0093 28.1918 7.92641 0.635344 82.8914
6004110 12.3366 27.112 14.0561 29.2242 9.04869 0.694744 82.7288
6004128 12.3366 27.112 14.0561 29.2242 9.04869 0.694744 82.7288
6004133 11.3444 28.327 13.2897 30.4205 10.2281 0.726591 83.3816
6004141 10.4927 29.628 12.7196 31.8002 11.2877 0.779614 84.6406
6004160 10.4927 29.628 12.7196 31.8002 11.2877 0.779614 84.6406
6004163 9.84776 30.9004 12.4206 33.1124 12.0955 0.831837 86.2811
6004175 9.28551 32.0101 12.3084 34 12.6753 0.858312 87.604
6004189 9.28551 32.0101 12.3084 34 12.6753 0.858312 87.604
6004199 8.96303 33.1868 12.1402 34 13.0489 0.677934 88.2901
6004204 8.96303 33.1868 12.1402 34 13.0489 0.677934 88.2901
6004212 8.69844 33.9043 12.0654 34 13.2913 0.585777 88.6682
6004222 8.30982 33.9235 12.0935 34 13.4501 0.65555 88.3268
6004232 8.30982 33.9235 12.0935 34 13.4501 0.65555 88.3268
6004247 8.0535 33.6652 11.9626 34 13.5859 0.726029 87.6813
6004254 8.00389 33.3782 11.7383 34 13.6696 0.750042 87.1204
6004268 8.00389 33.3782 11.7383 34 13.6696 0.750042 87.1204
6004277 7.92121 33.0338 11.3925 34 13.8163 0.770878 86.3475
6004289 7.8716 32.7181 11.1121 33.7491 13.892 0.74984 85.451
6004298 7.8716 32.7181 11.1121 33.7491 13.892 0.74984 85.451
6004310 7.7393 32.2876 10.9813 33.286 13.8957 0.754586 84.2942
6004315 7.7393 32.2876 10.9813 33.286 13.8957 0.754586 84.2942
6004325 7.64008 31.8284 10.8785 33.0448 13.8966 0.801321 83.3918
6004340 7.55739 31.4074 10.8972 32.8422 13.843 0.865965 82.7042
6004347 7.55739 31.4074 10.8972 32.8422 13.843 0.865965 82.7042
6004356 7.54086 31.2926 10.9439 32.8808 13.8185 0.905764 82.6582
6004366 7.67315 31.6562 11.0187 33.2281 13.8175 0.882583 83.5762
6004381 7.67315 31.6562 11.0187 33.2281 13.8175 0.882583 83.5762
6004387 7.80545 32.3067 11.1402 33.8263 13.8658 0.855862 85.0787
6004403 7.80545 32.3067 11.1402 33.8263 13.8658 0.855862 85.0787
6004408 7.86333 32.6894 11.2056 34 13.8822 0.813843 85.7583
6004417 7.87986 33.0433 11.2056 34 13.9204 0.745817 86.1288
6004443 8.0287 33.5504 11.1869 34 13.9268 0.623723 86.766
6004452 8.11138 34 11.1028 34 13.9845 0.514496 87.2142
6004457 8.11138 34 11.1028 34 13.9845 0.514496 87.2142
6004476 8.11138 34 10.8037 33.6141 14.0701 0.399824 86.5292
6004479 8.16926 34 10.5514 33.0834 14.091 0.256206 85.8041
6004489 8.16926 34 10.5514 33.0834 14.091 0.256206 85.8041
6004500 8.16926 34 10.2336 32.3984 14.1494 0.081861 84.8013
6004509 8.16926 34 10.2336 32.3984 14.1494 0.081861 84.8013
6004529 8.16926 34 10.028 31.5397 14.1343 -0.107748 83.737
6004530 8.3677 34 10.0748 30.6425 13.9014 -0.297977 83.0849
6004540 8.3677 34 10.0748 30.6425 13.9014 -0.297977 83.0849
6004550 9.13667 34 10.0935 29.6294 13.3959 -0.618001 82.8595
6004562 10.3769 34 10.486 28.7418 12.5229 -0.923847 83.6047
6004574 10.3769 34 10.486 28.7418 12.5229 -0.923847 83.6047
6004580 12.0554 33.7608 11.1589 27.9313 11.3295 -1.18826 84.9065
6004606 13.7422 33.4738 12.2804 26.9569 9.94991 -1.38436 86.4533
6004611 15.2305 33.072 13.8505 25.828 8.47314 -1.47033 87.9811
6004621 15.2305 33.072 13.8505 25.828 8.47314 -1.47033 87.9811
6004631 16.6693 32.3832 15.3178 24.5641 7.01651 -1.54675 88.9344
6004644 18.3565 31.6753 17.0101 23.2327 5.41164 -1.62654 90.2746
6004656 18.3565 31.6753 17.0101 23.2327 5.41164 -1.62654 90.2746
6004668 19.6938 30.5369 18.7485 21.6504 3.79151 -1.62725 90.6296
6004692 20.5789 28.9775 20.0018 19.9041 2.31965 -1.6181 89.4623
6004695 21.137 27.045 21.1944 18.1771 0.825417 -1.50945 87.5535
6004702 21.137 27.045 21.1944 18.1771 0.825417 -1.50945 87.5535
6004721 21.7046 24.8542 22.8317 16.9826 -0.781351 -1.17128 86.3732
6004724 21.974 22.0512 25.1463 16.2419 -2.58364 -0.463099 85.4134
6004733 21.974 22.0512 25.1463 16.2419 -2.58364 -0.463099 85.4134
6004744 22.1471 19.076 27.865 15.7714 -4.46762 0.426586 84.8596
6004754 22.1471 19.076 27.865 15.7714 -4.46762 0.426586 84.8596
6004768 22.1375 16.1731 30.9578 15.6581 -6.25956 1.46691 84.9265
6004774 22.1183 13.5008 34 15.571 -7.93711 2.45662 85.19
6004794 22.1183 13.5008 34 15.571 -7.93711 2.45662 85.19
6004795 22.4743 11.2811 34 15.3793 -8.96553 2.81903 83.1347
6004805 22.9745 9.59242 34 14.9001 -9.96786 3.00731 81.467
6004819 22.9745 9.59242 34 14.9001 -9.96786 3.00731 81.467
6004825 23.6384 8.3999 34 14.1681 -10.9313 3.01656 80.2064
6004835 23.6384 8.3999 34 14.1681 -10.9313 3.01656 80.2064
6004850 24.129 7.39887 34 13.4885 -11.7829 3.02986 79.0164
6004856 24.8602 7.00717 34 13.0354 -12.2992 2.88354 78.9028
6004885 25.5625 6.6938 34 12.6694 -12.7333 2.73923 78.9257
6004898 26.1494 6.55453 34 12.3121 -13.0615 2.58331 79.0161
6004913 26.7267 6.52842 34 11.9636 -13.3285 2.40635 79.2187
6004923 27.3809 6.63287 34 11.6412 -13.5292 2.18959 79.655
6004929 27.3809 6.63287 34 11.6412 -13.5292 2.18959 79.655
6004937 28.0639 6.82437 34 11.1707 -13.7614 1.92652 80.059
6004951 28.0639 6.82437 34 11.1707 -13.7614 1.92652 80.059
6004957 28.6604 6.92883 34 10.735 -14.0047 1.7079 80.3243
6004967 29.3435 7.10292 34 10.4649 -14.1438 1.48652 80.9113
6004982 29.3435 7.10292 34 10.4649 -14.1438 1.48652 80.9113
6004989 30.1613 7.26831 34 10.0554 -14.37 1.21969 81.485
6005001 30.9598 7.34665 34 9.74167 -14.5864 0.993662 82.0481
6005008 30.9598 7.34665 34 9.74167 -14.5864 0.993662 82.0481
6005018 31.7102 7.52944 34 9.61097 -14.6558 0.791414 82.8507
6005045 32.2394 7.56426 34 9.50641 -14.7547 0.666683 83.3101
6005057 32.528 7.6339 34 9.48027 -14.7694 0.595098 83.6422
6005083 32.8936 7.73835 34 9.48027 -14.7645 0.507948 84.1122
6005085 33.3458 7.80799 34 9.33214 -14.8562 0.386757 84.4859
6005095 33.3458 7.80799 34 9.33214 -14.8562 0.386757 84.4859
6005108 33.6825 7.92985 34 9.17529 -14.913 0.276502 84.7877
6005112 33.6825 7.92985 34 9.17529 -14.913 0.276502 84.7877
6005122 33.798 7.91244 34 9.07945 -14.98 0.242195 84.7898
6005137 34 8.06912 34 9.00974 -14.9629 0.165837 85.0789
6005143 34 8.06912 34 9.00974 -14.9629 0.165837 85.0789
6005157 34 8.18228 34 8.99231 -14.918 0.142652 85.1746
6005167 33.8364 8.44342 33.7675 8.97488 -14.7566 0.0816053 85.0223
6005172 33.8364 8.44342 33.7675 8.97488 -14.7566 0.0816053 85.0223
6005185 33.5959 8.96569 32.8377 9.05331 -14.3319 -0.119111 84.4526
6005192 33.3939 9.83615 31.8674 9.21886 -13.7003 -0.381378 84.3163
6005211 33.3939 9.83615 31.8674 9.21886 -13.7003 -0.381378 84.3163
6005214 33.365 11.0635 30.9881 9.68068 -12.8115 -0.662724 85.0973
6005223 33.365 11.0635 30.9881 9.68068 -12.8115 -0.662724 85.0973
6005238 33.4997 12.4823 30.3008 10.4387 -11.7847 -0.906775 86.7216
6005243 33.163 13.64 29.6944 11.5715 -10.6865 -0.943087 88.0689
6005254 33.163 13.64 29.6944 11.5715 -10.6865 -0.943087 88.0689
6005264 32.5857 14.6237 28.805 12.9657 -9.49691 -0.916848 88.98
6005289 31.7968 15.9293 27.4911 14.2117 -8.14806 -1.01031 89.4289
6005291 31.7968 15.9293 27.4911 14.2117 -8.14806 -1.01031 89.4289
6005293 30.7866 17.22 25.7729 15.1702 -6.79297 -1.19117 88.9497
6005316 30.7866 17.22 25.7729 15.1702 -6.79297 -1.19117 88.9497
6005321 29.6129 18.2532 24.0446 15.7017 -5.62208 -1.39019 87.6124
6005331 28.3814 19.0377 22.4073 16.1548 -4.53477 -1.54518 85.9812
6005342 28.3814 19.0377 22.4073 16.1548 -4.53477 -1.54518 85.9812
6005346 27.0153 19.5639 20.8205 16.7822 -3.41217 -1.59949 84.1818
6005356 25.5337 20.224 19.4863 17.5982 -2.17215 -1.57042 82.8422
6005375 25.5337 20.224 19.4863 17.5982 -2.17215 -1.57042 82.8422
6005376 23.7923 20.8745 18.2229 18.7753 -0.724141 -1.40855 81.665
6005393 23.7923 20.8745 18.2229 18.7753 -0.724141 -1.40855 81.665
6005397 21.9162 21.6494 17.3335 20.2321 0.810954 -1.10931 81.1313
6005406 19.8574 22.453 16.7009 22.1617 2.48125 -0.637104 81.1731
6005429 17.6542 23.2949 16.2897 24.4869 4.23303 -0.0316483 81.7258
6005445 15.7267 24.175 16.1402 27.2077 5.86066 0.620946 83.2496
6005447 15.7267 24.175 16.1402 27.2077 5.86066 0.620946 83.2496
6005457 14.2053 25.1795 16.028 29.8513 7.2708 1.14255 85.2641
6005473 14.2053 25.1795 16.028 29.8513 7.2708 1.14255 85.2641
6005477 12.9071 26.2223 15.8131 32.0414 8.49109 1.50461 86.9839
6005501 11.7495 26.9589 15.6542 33.836 9.46477 1.83366 88.1986
6005503 11.7495 26.9589 15.6542 33.836 9.46477 1.83366 88.1986
6005508 10.7573 27.6764 15.4766 34 10.0792 1.88423 87.9104
6005527 9.84776 28.2504 15.4206 34 10.564 1.94056 87.5187
6005533 9.84776 28.2504 15.4206 34 10.564 1.94056 87.5187
6005540 9.27724 28.5948 15.243 34 10.9265 1.95792 87.1151
6005553 9.27724 28.5948 15.243 34 10.9265 1.95792 87.1151
6005560 8.79767 28.9392 14.9252 34 11.313 1.93654 86.6621
6005570 8.59922 29.3506 14.5327 34 11.6262 1.83556 86.4825
6005581 8.59922 29.3506 14.5327 34 11.6262 1.83556 86.4825
6005590 8.55788 29.8481 14.1589 34 11.8788 1.68999 86.5648
6005608 8.5 30.1159 13.7196 34 12.1318 1.58168 86.3356
6005618 8.5 30.1159 13.7196 34 12.1318 1.58168 86.3356
6005635 8.42558 30.0872 13.3738 34 12.3092 1.54757 85.8866
6005637 8.40905 29.8481 12.972 34 12.4567 1.53378 85.2291
6005646 8.40905 29.8481 12.972 34 12.4567 1.53378 85.2291
6005665 8.27675 29.3793 12.729 33.4886 12.4778 1.53116 83.8737
6005674 8.30156 29.188 12.4299 33.1413 12.5203 1.45948 83.0607
6005683 8.21887 29.2454 12.3271 33.0255 12.5955 1.42877 82.8169
6005718 8.14445 29.188 12.243 33.0931 12.6692 1.45224 82.6685
6005720 8.12792 29.2167 12.3178 33.5755 12.7185 1.54053 83.2378
6005727 8.12792 29.2167 12.3178 33.5755 12.7185 1.54053 83.2378
6005734 8.00389 29.2071 12.486 34 12.7595 1.66225 83.697
6005744 8.00389 29.2071 12.486 34 12.7595 1.66225 83.697
6005754 7.87986 29.0253 12.757 34 12.6665 1.76636 83.6622
6005772 7.8716 29.054 12.8879 34 12.6157 1.78293 83.8135
6005778 7.8716 29.054 12.8879 34 12.6157 1.78293 83.8135
6005785 7.85506 29.4176 12.9813 34 12.6348 1.72847 84.2539
6005799 7.86333 29.8863 12.9159 34 12.7286 1.62396 84.6655
6005827 7.81372 30.202 12.5794 34 12.9466 1.51847 84.5952
6005828 7.69796 30.3073 12.3458 34 13.1188 1.48319 84.351
6005836 7.69796 30.3073 12.3458 34 13.1188 1.48319 84.351
6005854 7.54912 29.9916 12.1495 34 13.2312 1.54299 83.6902
6005880 7.48298 29.5324 12.2617 34 13.1452 1.66547 83.277
6005882 7.83852 29.2741 12.4673 34 12.8525 1.67888 83.5799
6005891 7.83852 29.2741 12.4673 34 12.8525 1.67888 83.5799
6005898 8.72325 29.3315 12.5888 34 12.4107 1.51236 84.6435
6005908 9.62451 29.6376 13.1121 34 11.8383 1.36326 86.3743
6005917 9.62451 29.6376 13.1121 34 11.8383 1.36326 86.3743
6005935 10.3108 29.7524 14.3738 34 11.0439 1.40959 88.437
6005942 10.3108 29.7524 14.3738 34 11.0439 1.40959 88.437
6005948 10.9144 29.5419 16.2617 34 10.0217 1.62129 90.718
6005961 11.5428 28.9392 18.324 33.8746 8.88723 1.89628 92.6806
6005969 11.5428 28.9392 18.324 33.8746 8.88723 1.89628 92.6806
6005991 12.287 28.1739 19.3145 32.4467 7.86663 1.83801 92.222
6005993 12.8906 27.3225 19.0719 30.1215 7.12516 1.50667 89.4064
6006006 12.8906 27.3225 19.0719 30.1215 7.12516 1.50667 89.4064
6006020 13.3867 26.471 18.6474 27.4586 6.36765 1.09028 85.9637
6006023 13.3867 26.471 18.6474 27.4586 6.36765 1.09028 85.9637
6006033 13.7505 25.5526 18.698 25.307 5.52503 0.8466 83.3081
6006047 14.1308 24.9021 19.1326 23.8212 4.71415 0.717351 81.9867
6006052 14.1308 24.9021 19.1326 23.8212 4.71415 0.717351 81.9867
6006061 14.536 24.3472 19.8805 22.9047 3.92912 0.71667 81.6684
6006075 14.9081 23.9263 20.7598 22.3933 3.24797 0.790138 81.9875
6006080 14.9081 23.9263 20.7598 22.3933 3.24797 0.790138 81.9875
6006090 15.338 23.4384 22.0232 21.8434 2.39601 0.923878 82.643
6006105 15.338 23.4384 22.0232 21.8434 2.39601 0.923878 82.643
6006111 15.7018 22.52 23.8222 21.2259 1.2675 1.22967 83.2699
6006130 16.1732 21.1998 26.3187 20.483 -0.240296 1.68021 84.1746
6006133 16.1732 21.1998 26.3187 20.483 -0.240296 1.68021 84.1746
6006141 16.7189 19.1908 29.2194 19.8848 -2.01811 2.32807 85.0138
6006157 16.9669 16.6083 31.9887 19.3445 -3.82849 3.13714 84.9084
6006166 16.9669 16.6083 31.9887 19.3445 -3.82849 3.13714 84.9084
6006172 17.4714 14.2668 34 18.7367 -5.46553 3.72865 84.4749
6006186 17.4714 14.2668 34 18.7367 -5.46553 3.72865 84.4749
6006197 18.3084 12.2647 34 18.235 -6.58412 3.92386 82.8081
6006214 19.1935 10.5934 34 17.8008 -7.59896 4.04726 81.5878
6006214 19.1935 10.5934 34 17.8008 -7.59896 4.04726 81.5878
6006223 20.0883 9.37481 34 17.4824 -8.41031 4.0804 80.9455
6006242 21.0023 8.65233 34 17.0096 -9.09334 3.9711 80.6642
6006243 21.0023 8.65233 34 17.0096 -9.09334 3.9711 80.6642
6006254 21.7046 8.13006 34 16.7996 -9.54152 3.90001 80.6342
6006268 22.0702 7.75576 34 16.3639 -9.96089 3.84175 80.1898
6006278 22.0702 7.75576 34 16.3639 -9.96089 3.84175 80.1898
6006285 22.4454 7.66872 34 15.8498 -10.2943 3.70212 79.9639
6006311 22.6378 7.52944 34 15.4316 -10.577 3.63027 79.5988
6006315 22.6089 7.41628 34 15.0917 -10.7755 3.61487 79.117
6006326 22.6089 7.41628 34 15.0917 -10.7755 3.61487 79.117
6006335 22.455 7.4424 34 14.9349 -10.807 3.6224 78.8323
6006354 22.2626 7.45981 34 14.8391 -10.808 3.65001 78.5615
6006364 22.2626 7.45981 34 14.8391 -10.808 3.65001 78.5615
6006378 22.378 7.53815 34 14.8129 -10.8051 3.60033 78.7291
6006383 22.378 7.53815 34 14.8129 -10.8051 3.60033 78.7291
6006391 22.4646 7.68612 34 14.7171 -10.797 3.53116 78.8678
6006405 22.734 7.76446 34 14.7084 -10.8138 3.44854 79.2068
6006407 22.734 7.76446 34 14.7084 -10.8138 3.44854 79.2068
6006417 22.8206 7.75576 34 14.7519 -10.8136 3.43677 79.3283
6006433 22.6186 7.66001 34 14.9262 -10.7419 3.53153 79.2048
6006437 22.6186 7.66001 34 14.9262 -10.7419 3.53153 79.2048
6006447 22.3396 7.56426 34 15.022 -10.6914 3.63345 78.9259
6006462 22.3396 7.56426 34 15.022 -10.6914 3.63345 78.9259
6006470 22.2915 7.48592 34 14.961 -10.7459 3.65457 78.7384
6006488 22.3203 7.46851 34 14.8739 -10.7986 3.63929 78.6627
6006490 22.3203 7.46851 34 14.8739 -10.7986 3.63929 78.6627
6006499 22.3299 7.48592 34 14.8478 -10.8043 3.62911 78.6636
6006516 22.1471 7.42499 34 14.9175 -10.7672 3.69705 78.4896
6006520 22.1471 7.42499 34 14.9175 -10.7672 3.69705 78.4896
6006530 21.8104 7.57296 34 15.2399 -10.4923 3.78829 78.6233
6006543 21.3871 7.92985 34 15.6146 -10.0855 3.85732 78.9315
6006555 21.3871 7.92985 34 15.6146 -10.0855 3.85732 78.9315
6006570 21.1754 8.54788 34 16.0677 -9.57499 3.82456 79.791
6006572 21.1754 8.54788 34 16.0677 -9.57499 3.82456 79.791
6006581 21.0792 9.43574 34 16.5818 -8.95897 3.71164 81.0967
6006596 20.9157 10.6283 34 17.2798 -8.15214 3.57431 82.8237
6006610 20.9157 10.6283 34 17.2798 -8.15214 3.57431 82.8237
6006612 20.5308 11.7512 34 18.0613 -7.32672 3.51764 84.3433
6006625 20.0017 12.8131 34 19.2963 -6.35584 3.56774 86.1111
6006660 19.3956 14.0056 33.3026 20.6759 -5.15469 3.5324 87.3798
6006672 18.6644 15.381 31.0488 22.1135 -3.50276 3.28817 87.2076
6006673 18.6644 15.381 31.0488 22.1135 -3.50276 3.28817 87.2076
6006676 17.7697 16.7215 28.6231 23.5993 -1.75058 3.06721 86.7135
6006685 17.7697 16.7215 28.6231 23.5993 -1.75058 3.06721 86.7135
6006701 16.7106 17.9949 26.1671 24.9211 0.0111818 2.86431 85.7937
6006714 15.5199 19.1142 23.9233 26.4359 1.79628 2.77522 84.9933
6006715 15.5199 19.1142 23.9233 26.4359 1.79628 2.77522 84.9933
6006730 14.3872 20.3388 21.7099 27.8348 3.58268 2.63771 84.2706
6006735 13.2626 21.3815 19.8704 29.5136 5.28457 2.63123 84.0282
6006759 13.2626 21.3815 19.8704 29.5136 5.28457 2.63123 84.0282
6006762 12.32 22.52 18.3543 31.231 6.83343 2.61983 84.4253
6006767 12.32 22.52 18.3543 31.231 6.83343 2.61983 84.4253
6006776 11.4353 23.6393 17.091 32.9677 8.24609 2.6401 85.1332
6006789 10.6002 24.5194 16.1308 34 9.32206 2.64126 85.2505
6006796 10.6002 24.5194 16.1308 34 9.32206 2.64126 85.2505
6006806 9.90564 25.4761 15.3832 34 10.083 2.4777 84.7649
6006822 9.32685 26.1362 14.9252 34 10.6307 2.3929 84.3883
6006828 9.32685 26.1362 14.9252 34 10.6307 2.3929 84.3883
6006848 8.7894 26.6815 14.5047 34 11.1304 2.32814 83.9756
6006864 8.40905 27.1598 14.1495 34 11.5271 2.2541 83.7184
6006879 8.07004 27.8773 13.8598 34 11.9165 2.13212 83.8072
6006894 7.64008 28.26 13.757 34 12.2114 2.12599 83.6571
6006908 7.268 28.5566 13.3084 34 12.6244 2.07208 83.133
6006923 6.87938 28.7766 12.757 34 13.0866 2.0205 82.413
6006939 6.87938 28.7766 12.757 34 13.0866 2.0205 82.413
6006941 6.63132 28.8723 12.3271 34 13.4161 1.98401 81.8307
6006949 6.5073 28.9679 11.9533 34 13.6646 1.93017 81.4285
6006967 6.5073 28.9679 11.9533 34 13.6646 1.93017 81.4285
6006970 6.41634 29.2454 11.6636 34 13.8842 1.84479 81.3253
6006997 6.38327 29.4176 11.3925 34 14.0534 1.77201 81.1934
6007000 6.38327 29.6472 11.1776 34 14.1877 1.68958 81.208
6007010 6.38327 29.6472 11.1776 34 14.1877 1.68958 81.208
6007026 6.34193 29.7046 11.1028 34 14.2515 1.67401 81.1493
6007030 6.29232 29.7715 11.1215 34 14.2753 1.67351 81.1853
6007040 6.29232 29.7715 11.1215 34 14.2753 1.67351 81.1853
6007055 6.22617 29.7141 11.1121 34 14.3043 1.69739 81.0524
6007060 6.20136 29.8576 11.243 34 14.2719 1.69442 81.302
6007084 6.20136 29.8576 11.243 34 14.2719 1.69442 81.302
6007089 6.12695 29.982 11.215 34 14.3378 1.67958 81.3239
6007097 6.12695 29.982 11.215 34 14.3378 1.67958 81.3239
6007116 6.01946 29.915 11.1215 34 14.4265 1.70012 81.056
6007117 5.9285 29.6567 11.1028 34 14.4462 1.76933 80.688
6007145 5.81274 29.2071 11 34 14.4946 1.87082 80.0198
6007148 5.71352 28.9392 11.0093 34 14.5039 1.9501 79.6621
6007152 5.71352 28.9392 11.0093 34 14.5039 1.9501 79.6621
6007162 5.67218 28.7766 10.8411 34 14.5868 1.96602 79.2899
6007178 5.67218 28.7766 10.8037 34 14.6054 1.95987 79.2525
6007183 5.67218 28.7001 10.8037 34 14.5954 1.97626 79.176
6007206 6.03599 28.9105 11.1495 34 14.2719 1.91077 80.096
6007207 6.03599 28.9105 11.1495 34 14.2719 1.91077 80.096
6007214 6.52383 29.3602 11.5981 34 13.8798 1.78827 81.4821
6007236 6.99514 29.5706 11.8224 34 13.5799 1.68531 82.3882
6007238 6.99514 29.5706 11.8224 34 13.5799 1.68531 82.3882
6007245 7.54086 29.5419 12.0467 34 13.2186 1.61747 83.1295
6007266 8.1858 29.3028 12.6262 34 12.6288 1.62949 84.1147
6007267 8.1858 29.3028 12.6262 34 12.6288 1.62949 84.1147
6007275 9.1036 29.0253 14.1402 34 11.5283 1.74071 86.2691
6007294 9.1036 29.0253 14.1402 34 11.5283 1.74071 86.2691
6007296 10.0131 28.4705 15.9439 34 10.323 1.94402 88.4275
6007305 10.6581 27.6477 17.6772 34 9.25522 2.22899 89.983
6007321 10.6581 27.6477 17.6772 34 9.25522 2.22899 89.983
6007326 11.0219 26.4902 19.3044 33.5948 8.22869 2.55286 90.4112
6007336 11.394 25.39 20.4263 31.8581 7.13718 2.61043 89.0683
6007352 11.394 25.39 20.4263 31.8581 7.13718 2.61043 89.0683
6007356 11.7247 24.0793 21.0428 29.861 6.10464 2.61217 86.7078
6007382 11.9066 22.4817 21.7604 28.0953 5.01817 2.75404 84.2441
6007387 12.0803 20.7597 23.0743 26.6481 3.7103 3.06722 82.5624
6007397 12.0803 20.7597 23.0743 26.6481 3.7103 3.06722 82.5624
6007413 12.287 19.0664 25.0755 25.7798 2.27583 3.55837 82.2087
6007417 12.659 17.8801 27.6831 25.336 0.859866 4.03549 83.5583
6007427 12.659 17.8801 27.6831 25.336 0.859866 4.03549 83.5583
6007446 13.4776 17.0574 30.1897 24.786 -0.533222 4.2873 85.5107
6007472 14.4202 16.2253 32.5547 23.9756 -1.94264 4.45389 87.1758
6007475 15.4373 15.1111 34 22.7889 -3.30251 4.50675 87.3372
6007482 15.4373 15.1111 34 22.7889 -3.30251 4.50675 87.3372
6007504 16.3881 13.5008 34 21.1583 -4.62361 4.45684 85.0472
6007505 17.3175 11.6641 34 19.5568 -6.08706 4.46614 82.5383
6007508 17.3175 11.6641 34 19.5568 -6.08706 4.46614 82.5383
6007518 18.116 10.0102 34 18.2253 -7.42999 4.4988 80.3516
6007545 18.7799 8.74808 34 17.2412 -8.50288 4.51572 78.7691
6007561 19.511 7.90374 34 16.5905 -9.29964 4.45657 78.0052
6007562 19.511 7.90374 34 16.5905 -9.29964 4.45657 78.0052
6007570 19.7612 7.26831 34 16.3465 -9.74023 4.5202 77.376
6007594 19.944 6.85049 34 16.3029 -9.98431 4.57378 77.0974
6007596 19.944 6.85049 34 16.3029 -9.98431 4.57378 77.0974
6007601 19.7227 6.56324 34 16.4598 -10.0005 4.72479 76.7457
6007623 19.7227 6.56324 34 16.4598 -10.0005 4.72479 76.7457
6007625 19.2513 6.22376 34 16.6776 -9.96351 4.96422 76.1526
6007631 19.0108 6.18024 34 16.7822 -9.88782 5.05268 75.9732
6007652 19.0108 6.18024 34 16.7822 -9.88782 5.05268 75.9732
6007654 19.03 6.24117 34 16.8257 -9.84373 5.03724 76.0969
6007663 19.0492 6.37174 34 16.7822 -9.80778 4.99216 76.2031
6007683 19.0492 6.37174 34 16.7822 -9.80778 4.99216 76.2031
6007688 18.9434 6.29339 34 16.634 -9.89049 5.02115 75.8708
6007693 18.7702 6.21505 34 16.4598 -9.97263 5.06484 75.445
6007710 18.7702 6.21505 34 16.4598 -9.97263 5.06484 75.445
6007716 18.8183 6.24117 34 16.3203 -10.0348 5.02671 75.3799
6007725 18.8183 6.24117 34 16.3203 -10.0348 5.02671 75.3799
6007741 18.9338 6.25858 34 16.1635 -10.1225 4.97064 75.3559
6007745 19.232 6.38044 34 16.1896 -10.1125 4.86342 75.8021
6007755 19.232 6.38044 34 16.1896 -10.1125 4.86342 75.8021
6007772 19.5014 6.4936 34 16.1199 -10.1451 4.75431 76.115
6007775 19.7516 6.5023 34 16.0328 -10.23 4.67558 76.2867
6007785 19.7516 6.5023 34 16.0328 -10.23 4.67558 76.2867
6007803 19.7804 6.56324 34 16.0067 -10.2195 4.6489 76.3503
6007819 19.9632 6.65899 34 15.9892 -10.2188 4.57511 76.6114
6007835 20.4924 6.78955 34 15.8411 -10.3282 4.38764 77.123
6007837 20.4924 6.78955 34 15.8411 -10.3282 4.38764 77.123
6007847 20.9926 6.98105 34 15.7453 -10.3792 4.20198 77.719
6007868 21.3005 7.11162 34 15.4839 -10.4964 4.05767 77.896
6007875 21.3005 7.11162 34 15.4839 -10.4964 4.05767 77.896
6007885 21.2428 7.09421 34 15.2225 -10.6132 4.03925 77.5594
6007900 21.2428 7.09421 34 15.2225 -10.6132 4.03925 77.5594
6007902 20.9157 7.01587 34 15.0656 -10.6608 4.11718 76.9972
6007907 20.5886 7.30312 34 15.1092 -10.4467 4.13323 77.0009
6007935 20.502 8.18228 34 15.3183 -9.93602 3.96795 78.0026
6007943 20.5116 9.59242 34 15.8847 -9.07456 3.7094 79.9887
6007958 20.5116 9.59242 34 15.8847 -9.07456 3.7094 79.9887
6007964 20.4731 11.8643 34 16.9216 -7.71305 3.34813 83.259
6007970 20.2518 13.9969 34 18.5051 -6.26767 3.15658 86.7539
6007988 20.2518 13.9969 34 18.5051 -6.26767 3.15658 86.7539
6007991 19.6169 15.1111 34 19.8655 -5.26005 3.24022 88.5935
6008000 19.6169 15.1111 34 19.8655 -5.26005 3.24022 88.5935
6008016 19.2513 16.8172 33.4744 20.7435 -4.19915 3.01531 90.2864
6008025 19.0685 18.5402 30.9073 21.004 -2.91318 2.39654 89.5199
6008046 19.0685 18.5402 30.9073 21.004 -2.91318 2.39654 89.5199
6008048 18.7029 19.9561 27.9661 20.9364 -1.64926 1.7548 87.5615
6008051 18.0775 21.018 24.934 21.1873 -0.236529 1.23668 85.2168
6008061 18.0775 21.018 24.934 21.1873 -0.236529 1.23668 85.2168
6008079 17.2117 21.946 22.1243 21.66 1.28708 0.836729 82.9419
6008086 17.2117 21.946 22.1243 21.66 1.28708 0.836729 82.9419
6008092 16.1897 22.9026 19.8805 22.3161 2.8136 0.572825 81.2889
6008111 15.2719 23.9167 17.9197 23.1748 4.32839 0.356103 80.2831
6008112 15.2719 23.9167 17.9197 23.1748 4.32839 0.356103 80.2831
6008127 14.321 25.0838 16.5327 24.1782 5.74429 0.244532 80.1158
6008144 13.4611 26.4423 15.4112 25.3649 7.1068 0.162258 80.6796
6008145 13.4611 26.4423 15.4112 25.3649 7.1068 0.162258 80.6796
6008154 12.7169 27.7912 14.5888 27.0823 8.38649 0.212268 82.1792
6008176 11.8818 28.9871 13.785 29.0891 9.67523 0.359185 83.743
6008182 11.8818 28.9871 13.785 29.0891 9.67523 0.359185 83.743
6008191 10.9971 30.2594 12.9813 30.9801 10.9311 0.476121 85.218
6008208 10.9971 30.2594 12.9813 30.9801 10.9311 0.476121 85.218
6008210 10.2281 31.6753 12.2897 33.1413 12.1083 0.605882 87.3344
6008218 9.60798 33.1103 11.7009 34 12.9501 0.505997 88.4192
6008240 9.60798 33.1103 11.7009 34 12.9501 0.505997 88.4192
6008242 8.98784 34 11.271 34 13.523 0.388039 88.2589
6008245 8.43385 34 11.1308 34 13.8284 0.461998 87.5647
6008271 7.98735 34 11.3645 34 13.9231 0.57992 87.3518
6008276 7.98735 34 11.3645 34 13.9231 0.57992 87.3518
6008300 7.65661 34 11.0654 34 14.2057 0.589609 86.722
6008301 7.44163 34 10.6449 34 14.4952 0.558141 86.0865
6008331 7.20185 34 10.1215 34 14.8484 0.51328 85.3233
6008332 7.06955 34 9.78505 34 15.0685 0.480026 84.8546
6008341 7.06955 34 9.78505 34 15.0685 0.480026 84.8546
6008364 6.96206 34 9.56075 34 15.2258 0.461181 84.5228
6008366 6.96206 34 9.56075 34 15.2258 0.461181 84.5228
6008367 6.81323 33.7321 9.3271 34 15.378 0.497494 83.8725
6008377 6.63959 33.0816 9.31776 34 15.3917 0.649678 83.0389
6008403 6.49076 32.7563 9.30841 34 15.4312 0.737926 82.5555
6008409 6.55691 32.6702 9.57009 34 15.2611 0.786792 82.7972
6008435 6.57344 32.5937 9.75701 34 15.1534 0.830255 82.9241
6008439 6.57344 32.5937 9.75701 34 15.1534 0.830255 82.9241
6008456 6.58998 32.3737 10.215 34 14.8983 0.946993 83.1786
6008461 6.59825 32.1441 10.5794 34 14.692 1.05083 83.3217
6008470 6.59825 32.1441 10.5794 34 14.692 1.05083 83.3217
6008490 6.59825 32.0484 10.8411 34 14.5557 1.11294 83.4878
6008491 6.63959 32.0101 11.028 34 14.4431 1.14337 83.6778
6008500 6.63959 32.0101 11.028 34 14.4431 1.14337 83.6778
6008520 6.6644 31.8475 11.1121 34 14.3712 1.18392 83.624
6008521 6.6644 31.8475 11.1121 34 14.3712 1.18392 83.624
6008535 6.55691 31.6179 11.271 34 14.3177 1.2756 83.4458
6008553 6.55691 31.3692 11.2523 34 14.2946 1.32118 83.1784
6008569 6.49076 31.1013 11.1682 34 14.3312 1.37315 82.7603
6008586 6.43288 30.8717 10.9626 34 14.4274 1.39631 82.2672
6008587 6.43288 30.8717 10.9626 34 14.4274 1.39631 82.2672
6008596 6.39981 30.7091 10.6542 34 14.5711 1.38424 81.7631
6008617 6.52383 30.489 10.785 34 14.4197 1.42525 81.7979
6008624 6.80496 30.4508 10.9626 34 14.1949 1.40605 82.2183
6008633 6.80496 30.4508 10.9626 34 14.1949 1.40605 82.2183
6008650 7.59874 30.4795 11.2336 34 13.6977 1.28831 83.3118
6008654 9.1036 30.7282 12.2804 34 12.5837 1.12329 86.1122
6008682 10.9971 31.1396 14.3738 34 10.9845 1.03367 90.5105
6008685 12.287 31.0439 16.5514 33.2089 9.51068 1.03598 93.0911
6008715 13.3701 30.3838 18.1118 31.3178 8.10758 0.913628 93.1835
6008717 13.3701 30.3838 18.1118 31.3178 8.10758 0.913628 93.1835
6008723 14.3954 29.5132 18.9709 28.7707 6.79694 0.627319 91.6502
6008743 15.0652 28.26 19.0012 26.0982 5.73704 0.300971 88.4245
