5761270 21.2909 22.6348 24.1356 22.9625 0.0469327 0.522793 91.0238
5761287 22.3396 21.1137 25.7122 20.4058 -1.82323 0.446259 89.5713
5761299 23.167 19.3056 27.3395 17.9262 -3.78246 0.47753 87.7382
5761309 23.167 19.3056 27.3395 17.9262 -3.78246 0.47753 87.7382
5761319 24.0809 17.4401 28.6938 15.9544 -5.62275 0.544372 86.1692
5761333 24.0809 17.4401 28.6938 15.9544 -5.62275 0.544372 86.1692
5761338 24.966 15.8336 30.0077 14.4818 -7.22788 0.648952 85.2892
5761353 25.8608 14.6846 31.17 13.3491 -8.52212 0.700713 85.0645
5761358 25.8608 14.6846 31.17 13.3491 -8.52212 0.700713 85.0645
5761368 26.7363 13.7097 32.2919 12.5474 -9.60632 0.772709 85.2853
5761378 27.6021 12.787 33.6159 11.9288 -10.6193 0.899913 85.9338
5761393 27.6021 12.787 33.6159 11.9288 -10.6193 0.899913 85.9338
5761400 28.2467 11.5509 34 11.4844 -11.4946 1.00021 85.2821
5761410 28.8817 10.3932 34 11.1533 -12.2398 1.04437 84.4282
5761420 28.8817 10.3932 34 11.1533 -12.2398 1.04437 84.4282
5761433 29.5359 9.43574 34 10.8831 -12.8845 1.05745 83.8548
5761451 30.296 8.70456 34 10.4997 -13.5005 0.987877 83.5003
5761461 30.931 8.26933 34 10.3952 -13.8364 0.932148 83.5955
5761491 31.3543 8.0256 34 10.2993 -14.0505 0.881842 83.6792
5761493 31.5852 7.79928 34 10.1164 -14.2722 0.850031 83.5008
5761506 31.5852 7.79928 34 10.1164 -14.2722 0.850031 83.5008
5761516 31.7583 7.6426 34 9.97693 -14.4339 0.823238 83.3779
5761525 31.7583 7.6426 34 9.97693 -14.4339 0.823238 83.3779
5761536 31.7391 7.51203 34 9.94208 -14.5099 0.845792 83.1932
5761543 31.8353 7.60778 34 9.98565 -14.456 0.816724 83.4287
5761557 31.8353 7.60778 34 9.98565 -14.456 0.816724 83.4287
5761564 32.2201 7.8254 34 9.93337 -14.4267 0.694429 83.9789
5761573 32.4992 8.12135 34 9.90723 -14.3357 0.58325 84.5277
5761594 32.4992 8.12135 34 9.90723 -14.3357 0.58325 84.5277
5761595 32.3741 8.36508 34 9.84623 -14.235 0.550995 84.5854
5761605 31.8161 8.2171 34 9.83752 -14.2366 0.680396 83.8707
5761633 31.0272 8.13006 34 9.96822 -14.1139 0.868147 83.1254
5761636 31.0272 8.13006 34 9.96822 -14.1139 0.868147 83.1254
5761646 30.5557 8.0169 34 10.0466 -14.0682 0.993837 82.6193
5761656 30.1902 7.99078 34 10.1338 -13.9907 1.08477 82.3147
5761666 30.1902 7.99078 34 10.1338 -13.9907 1.08477 82.3147
5761676 29.5263 7.86022 34 10.2122 -13.926 1.25474 81.5987
5761686 28.8336 7.57296 34 10.4387 -13.8604 1.49028 80.8453
5761713 28.1505 7.27701 34 10.6566 -13.8033 1.72863 80.0841
5761717 28.1505 7.27701 34 10.6566 -13.8033 1.72863 80.0841
5761731 27.5829 6.96365 34 10.8919 -13.7614 1.95345 79.4384
5761737 27.1307 6.79826 34 11.1184 -13.6671 2.1233 79.0474
5761753 27.1307 6.79826 34 11.1184 -13.6671 2.1233 79.0474
5761761 26.9672 6.71992 34 11.284 -13.601 2.20274 78.9711
5761768 27.073 6.65899 34 11.2578 -13.6588 2.18873 78.9898
5761776 27.073 6.65899 34 11.2578 -13.6588 2.18873 78.9898
5761791 27.2558 6.64158 34 11.0661 -13.7874 2.12163 78.9635
5761798 27.2558 6.64158 34 11.0661 -13.7874 2.12163 78.9635
5761807 27.2654 6.55453 34 10.8309 -13.9477 2.09996 78.6508
5761818 27.3039 6.64158 34 10.6392 -14.005 2.04118 78.5846
5761827 27.3039 6.64158 34 10.6392 -14.005 2.04118 78.5846
5761839 27.3616 6.57194 34 10.5695 -14.0823 2.03226 78.503
5761847 27.3616 6.57194 34 10.5695 -14.0823 2.03226 78.503
5761862 27.4675 6.70251 34 10.7089 -13.9632 2.00413 78.8788
5761868 27.4001 6.92012 34 10.8221 -13.7909 1.99045 79.1424
5761882 27.4001 6.92012 34 10.8221 -13.7909 1.99045 79.1424
5761888 27.275 7.39887 34 10.9441 -13.4806 1.9349 79.618
5761903 27.1211 8.23451 34 11.284 -12.8977 1.8468 80.6396
5761910 27.1211 8.23451 34 11.284 -12.8977 1.8468 80.6396
5761920 27.0057 9.69688 34 11.9026 -11.9261 1.67061 82.6051
5761929 27.0057 9.69688 34 11.9026 -11.9261 1.67061 82.6051
5761947 27.0634 11.5945 34 14.1158 -10.1854 1.63494 86.7737
5761950 27.15 13.788 34 18.4472 -7.74072 1.84867 93.3852
5761960 27.15 13.788 34 18.4472 -7.74072 1.84867 93.3852
5761978 27.2077 15.6769 34 22.7792 -5.70708 2.09122 99.6638
5761980 26.6689 17.0191 31.5137 23.7344 -4.40412 1.75265 98.9361
5761991 26.6689 17.0191 31.5137 23.7344 -4.40412 1.75265 98.9361
5762000 25.4952 17.5644 27.7539 22.5573 -3.51483 1.16496 93.3708
5762012 25.4952 17.5644 27.7539 22.5573 -3.51483 1.16496 93.3708
5762020 23.9559 17.641 24.1356 21.66 -2.51463 0.720676 87.3924
5762035 22.2818 17.7271 21.2247 21.4671 -1.30362 0.486619 82.7007
5762041 22.2818 17.7271 21.2247 21.4671 -1.30362 0.486619 82.7007
5762050 20.9542 18.2245 18.9203 22.046 0.123531 0.33457 80.145
5762065 19.9151 19.076 17.1819 23.0494 1.58677 0.234824 79.2224
5762071 19.9151 19.076 17.1819 23.0494 1.58677 0.234824 79.2224
5762081 18.953 20.0709 15.9439 24.3326 2.997 0.236928 79.3004
5762091 18.953 20.0709 15.3178 24.3326 3.21982 0.119428 78.6743
5762110 17.9813 20.8745 15.3178 26.2719 4.30331 0.509745 80.4454
5762122 16.9173 21.9173 15.0093 28.7418 5.67059 0.892986 82.5857
5762128 16.9173 21.9173 15.0093 28.7418 5.67059 0.892986 82.5857
5762138 15.7267 23.0174 14.8224 31.0573 6.95008 1.26483 84.6238
5762146 14.4037 23.888 14.5701 33.0931 8.14593 1.63541 85.9549
5762156 14.4037 23.888 14.5701 33.0931 8.14593 1.63541 85.9549
5762168 13.1138 24.5864 14.3925 34 9.02517 1.86293 86.0927
5762175 11.8487 25.0264 14.3271 34 9.63901 2.01613 85.2023
5762183 11.8487 25.0264 14.3271 34 9.63901 2.01613 85.2023
5762193 10.7242 25.4282 14.4299 34 10.1304 2.1773 84.5824
5762204 10.7242 25.4282 14.4299 34 10.1304 2.1773 84.5824
5762213 9.69066 25.8779 14.7664 34 10.5001 2.34739 84.3349
5762223 8.87208 26.2606 14.7944 34 10.9006 2.44172 83.927
5762238 8.87208 26.2606 14.7944 34 10.9006 2.44172 83.927
5762245 8.00389 26.3754 14.6075 34 11.3765 2.57178 82.9867
5762257 7.25146 26.3754 14.3832 34 11.8098 2.69901 82.01
5762265 7.25146 26.3754 14.3832 34 11.8098 2.69901 82.01
5762279 6.68093 26.2319 14.0561 34 12.1945 2.80539 80.9689
5762290 6.68093 26.2319 14.0561 34 12.1945 2.80539 80.9689
5762296 6.11041 25.9066 13.8131 34 12.5213 2.96807 79.8301
5762305 5.62257 25.4665 13.6168 34 12.7777 3.1499 78.7059
5762317 5.62257 25.4665 13.6168 34 12.7777 3.1499 78.7059
5762327 5.33317 25.0743 13.4019 34 12.9609 3.27617 77.8093
5762336 5.30837 24.9308 13.4206 34 12.9417 3.3186 77.6597
5762347 5.30837 24.9308 13.4206 34 12.9417 3.3186 77.6597
5762370 5.4572 25.0169 13.4393 34 12.8734 3.26616 77.9133
5762373 5.4572 25.0169 13.4393 34 12.8734 3.26616 77.9133
5762378 5.33317 24.816 13.4486 34 12.898 3.34406 77.5977
5762387 5.15126 24.3759 13.3832 34 12.9506 3.4825 76.9104
5762396 5.15126 24.3759 13.3832 34 12.9506 3.4825 76.9104
5762411 5.01897 24.0985 13.6449 34 12.8431 3.62041 76.7623
5762418 5.00243 24.0698 13.8972 34 12.7226 3.66866 76.9694
5762443 4.9859 24.0602 13.9626 34 12.6972 3.68461 77.0087
5762447 4.9859 24.0602 13.9626 34 12.6972 3.68461 77.0087
5762461 4.96109 24.0028 13.8411 34 12.7598 3.68672 76.805
5762467 4.89494 24.1463 13.7757 34 12.8473 3.65826 76.817
5762494 4.95282 24.3568 13.5421 34 12.9672 3.55863 76.8517
5762498 4.95282 24.462 13.3178 34 13.0946 3.49974 76.7326
5762509 4.95282 24.462 13.3178 34 13.0946 3.49974 76.7326
5762519 5.0107 24.6055 13.0748 34 13.2089 3.41472 76.691
5762545 4.92802 24.7586 12.6916 34 13.4656 3.33963 76.3782
5762553 5.02724 25.1413 12.1495 34 13.7466 3.14101 76.318
5762560 5.02724 25.1413 12.1495 34 13.7466 3.14101 76.318
5762570 5.06031 25.5622 11.8598 34 13.9385 2.9884 76.4823
5762585 5.05204 25.9831 11.6168 34 14.1269 2.85348 76.652
5762591 5.05204 25.9831 11.6168 34 14.1269 2.85348 76.652
5762601 5.09339 26.5476 11.4393 34 14.2757 2.68519 77.0802
5762611 5.09339 26.5476 11.3178 34 14.3377 2.66575 76.9587
5762623 5.23395 27.1216 11.3178 34 14.3453 2.50323 77.6733
5762633 5.39105 27.753 11.2804 34 14.371 2.32129 78.4244
5762645 5.39105 27.753 11.2804 34 14.371 2.32129 78.4244
5762651 5.68872 28.4131 11.3364 34 14.284 2.1214 79.4382
5762667 6.01946 28.9679 11.3925 34 14.1689 1.94175 80.3799
5762684 6.92072 29.9246 12.2523 34 13.4635 1.69807 83.0976
5762692 6.92072 29.9246 12.2523 34 13.4635 1.69807 83.0976
5762712 8.25195 31.0343 14.243 34 12.15 1.53492 87.5293
5762714 9.79815 31.9432 15.9533 34 10.958 1.34337 91.6946
5762722 9.79815 31.9432 15.9533 34 10.958 1.34337 91.6946
5762740 10.6829 32.0293 16.4393 34 10.4419 1.24428 93.1514
5762749 11.1955 31.6944 15.9907 34 10.365 1.14675 92.8806
5762758 11.1955 31.6944 15.9907 34 10.365 1.14675 92.8806
5762763 11.6916 31.0056 14.9346 31.6073 10.0815 0.646228 89.2391
5762772 11.6916 31.0056 14.9346 31.6073 10.0815 0.646228 89.2391
5762787 11.948 30.0203 14.1308 28.5681 9.59923 0.12946 84.6672
5762797 12.2208 28.7575 13.8224 25.9921 8.88269 -0.216069 80.7928
5762806 12.2208 28.7575 13.8224 25.9921 8.88269 -0.216069 80.7928
5762816 12.7087 27.6477 14.1215 24.1107 7.92999 -0.405442 78.5885
5762829 13.4115 26.825 15.1495 22.895 6.75738 -0.420011 78.281
5762833 13.4115 26.825 15.1495 22.895 6.75738 -0.420011 78.281
5762844 14.2466 26.3849 16.4579 22.1907 5.63542 -0.375166 79.2802
5762853 14.2466 26.3849 16.4579 22.1907 5.63542 -0.375166 79.2802
5762869 15.1809 26.1266 18.7283 21.853 4.29558 -0.13303 81.8889
5762878 16.3054 25.8396 21.7402 21.6311 2.75534 0.215086 85.5164
5762883 16.3054 25.8396 21.7402 21.6311 2.75534 0.215086 85.5164
5762900 17.6254 25.0743 25.3181 21.0908 0.903857 0.624391 89.1085
5762905 19.0589 23.7923 28.8454 20.1935 -1.06605 1.01008 91.8902
5762914 19.0589 23.7923 28.8454 20.1935 -1.06605 1.01008 91.8902
5762928 20.0306 21.7164 31.736 18.9296 -3.00841 1.44765 92.4126
5762935 20.0306 21.7164 31.736 18.9296 -3.00841 1.44765 92.4126
5762945 20.704 19.0281 33.9697 17.4535 -4.98932 1.9238 91.1553
5762955 21.1754 16.1818 34 15.9892 -6.58425 2.1693 87.3464
5762967 21.1754 16.1818 34 15.9892 -6.58425 2.1693 87.3464
5762975 21.7046 13.64 34 14.8913 -8.06461 2.41228 84.236
5762990 22.2818 11.4726 34 14.02 -9.41286 2.61675 81.7744
5763000 22.2818 11.4726 34 14.02 -9.41286 2.61675 81.7744
5763006 22.8495 9.65335 34 13.3839 -10.5813 2.79416 79.8867
5763016 22.8495 9.65335 34 13.3839 -10.5813 2.79416 79.8867
5763026 23.292 8.31285 34 12.8437 -11.5157 2.91378 78.4485
5763043 23.8019 7.34665 34 12.3731 -12.2811 2.94587 77.5217
5763047 23.8019 7.34665 34 12.3731 -12.2811 2.94587 77.5217
5763059 24.7544 6.91142 34 12.0246 -12.8132 2.77231 77.6904
5763080 25.7261 6.71121 34 11.7981 -13.1708 2.56165 78.2354
5763081 25.7261 6.71121 34 11.7981 -13.1708 2.56165 78.2354
5763087 27.15 6.78085 34 11.4582 -13.5128 2.17802 79.389
5763106 27.15 6.78085 34 11.4582 -13.5128 2.17802 79.389
5763107 28.5354 7.18996 34 11.1533 -13.66 1.74853 80.8786
5763117 29.6033 7.76446 34 10.9703 -13.6233 1.38499 82.338
5763148 30.4692 8.19969 34 10.5346 -13.7419 1.05748 83.2035
5763150 30.8155 8.35637 34 10.1425 -13.8982 0.894912 83.3144
5763158 30.8155 8.35637 34 10.1425 -13.8982 0.894912 83.3144
5763172 30.7674 8.43472 34 9.76781 -14.0306 0.825423 82.9699
5763178 30.7674 8.43472 34 9.76781 -14.0306 0.825423 82.9699
5763194 30.6808 8.49565 33.4947 9.54126 -14.0303 0.704173 82.2124
5763200 30.3922 8.51306 32.9388 9.50641 -13.9248 0.652716 81.3504
5763209 30.3922 8.51306 32.9388 9.50641 -13.9248 0.652716 81.3504
5763224 30.2094 8.56528 33.1409 9.68939 -13.8152 0.745472 81.605
5763229 30.0074 8.62622 33.8484 10.0728 -13.6748 0.960746 82.5547
5763256 29.8438 8.82642 34 10.7002 -13.2893 1.08491 83.3704
5763265 29.8438 8.82642 34 10.7002 -13.2893 1.08491 83.3704
5763270 29.7476 9.01792 34 11.4147 -12.8638 1.18481 84.1802
5763280 29.4493 9.18331 34 12.1292 -12.428 1.32663 84.7618
5763290 29.4493 9.18331 34 12.1292 -12.428 1.32663 84.7618
5763311 28.6412 9.14849 34 12.5648 -12.1297 1.56041 84.3545
5763313 27.7465 8.9831 34 13.0354 -11.857 1.84548 83.7649
5763321 27.7465 8.9831 34 13.0354 -11.857 1.84548 83.7649
5763335 26.8229 8.7916 34 13.1486 -11.7452 2.09045 82.7631
5763341 26.8229 8.7916 34 13.1486 -11.7452 2.09045 82.7631
5763351 26.0532 8.71326 34 13.0441 -11.7026 2.2511 81.8105
5763361 25.322 8.6001 34 12.9918 -11.6575 2.42289 80.9139
5763371 25.322 8.6001 34 12.9918 -11.6575 2.42289 80.9139
5763386 24.6774 8.57399 34 12.9134 -11.598 2.55635 80.1648
5763396 23.7346 8.52176 34 13.0179 -11.4144 2.79314 79.2743
5763406 23.7346 8.52176 34 13.0179 -11.4144 2.79314 79.2743
5763415 22.6282 8.58269 34 13.3578 -11.0374 3.0827 78.5686
5763428 22.6282 8.58269 34 13.3578 -11.0374 3.0827 78.5686
5763434 21.695 8.9744 34 13.7847 -10.4953 3.27237 78.4541
5763442 21.06 9.83615 34 14.2553 -9.78144 3.28973 79.1514
5763461 21.06 9.83615 34 14.2553 -9.78144 3.28973 79.1514
5763463 20.6752 11.2724 34 14.6996 -8.89774 3.11581 80.6472
5763476 20.1749 13.3789 33.9191 15.632 -7.54562 2.88744 83.1049
5763492 20.1749 13.3789 33.9191 15.632 -7.54562 2.88744 83.1049
5763501 19.4148 15.8336 31.7967 17.0482 -5.44921 2.42525 84.0933
5763503 19.4148 15.8336 31.7967 17.0482 -5.44921 2.42525 84.0933
5763524 18.395 18.2245 29.7146 18.9393 -3.20904 2.1169 85.2735
5763526 17.6061 20.6353 27.39 21.1101 -0.936887 1.77401 86.7416
5763550 16.9587 23.0461 25.0452 23.7344 1.34503 1.48249 88.7844
5763553 16.6196 25.2943 22.569 26.5323 3.47141 1.18453 91.0153
5763563 16.6196 25.2943 22.569 26.5323 3.47141 1.18453 91.0153
5763573 16.0739 27.1503 20.0119 29.1856 5.47762 0.969463 92.4217
5763589 16.0739 27.1503 20.0119 29.1856 5.47762 0.969463 92.4217
5763598 15.2057 28.5757 17.3537 30.71 7.27479 0.699379 91.8452
5763603 14.0564 29.2932 14.8411 31.2985 8.85418 0.467661 89.4893
5763623 14.0564 29.2932 14.8411 31.2985 8.85418 0.467661 89.4893
5763625 12.9981 29.9533 12.8411 31.3757 10.1785 0.217765 87.1682
5763635 12.9981 29.9533 12.8411 31.3757 10.1785 0.217765 87.1682
5763645 11.857 30.4699 11.2897 31.3082 11.3722 0.0478649 84.9248
5763655 10.716 30.8908 10.3738 31.231 12.3276 -0.000353158 83.2116
5763668 10.716 30.8908 10.3738 31.231 12.3276 -0.000353158 83.2116
5763676 9.78988 31.1491 9.72897 31.5108 13.1241 0.0548941 82.1788
5763693 9.14494 31.4074 9.56075 32.1283 13.6276 0.207313 82.2414
5763696 9.14494 31.4074 9.56075 32.1283 13.6276 0.207313 82.2414
5763706 8.79767 31.7997 9.6729 33.0834 13.9204 0.388525 83.3537
5763716 8.59922 32.4024 10.0561 34 14.0337 0.538663 85.0577
5763742 8.43385 33.139 10.3551 34 14.067 0.485689 85.928
5763764 8.2106 33.5312 10.7944 34 14.0191 0.529125 86.5362
5763767 8.01216 33.7895 11.0467 34 14.0275 0.560465 86.8484
5763777 8.01216 33.7895 11.0467 34 14.0275 0.560465 86.8484
5763789 7.85506 33.9235 11.2336 34 14.031 0.595626 87.0122
5763797 7.55739 33.8948 11.1963 34 14.1783 0.648154 86.6484
5763813 7.55739 33.8948 11.1963 34 14.1783 0.648154 86.6484
5763818 7.39202 33.7704 11.0187 34 14.3186 0.671191 86.1811
5763837 7.39202 33.7704 11.0187 34 14.3186 0.671191 86.1811
5763839 7.12743 33.6747 10.8692 34 14.4967 0.71208 85.6713
5763848 6.90418 33.1103 10.7477 34 14.5874 0.837611 84.7621
5763860 6.90418 33.1103 10.7477 34 14.5874 0.837611 84.7621
5763868 6.70574 32.4598 10.5794 34 14.6799 0.969719 83.7449
5763887 6.49076 32.0484 10.4019 34 14.8165 1.06028 82.941
5763890 6.49076 32.0484 10.4019 34 14.8165 1.06028 82.941
5763900 6.38327 31.5701 10.4766 34 14.7732 1.18706 82.43
5763910 6.11868 31.5701 10.514 34 14.8831 1.24545 82.2028
5763925 6.11868 30.9195 10.514 34 14.8024 1.37504 81.5522
5763938 5.95331 30.3647 10.5794 34 14.7817 1.53184 80.8974
5763942 5.95331 30.3647 10.5794 34 14.7817 1.53184 80.8974
5763951 5.81274 30.0872 10.7009 34 14.7559 1.63788 80.6009
5763961 5.68872 29.8194 10.7944 34 14.7369 1.73463 80.3025
5763971 5.68872 29.8194 10.7944 34 14.7369 1.73463 80.3025
5763983 5.50681 29.5993 10.8785 34 14.7572 1.83267 79.9846
5763992 5.46547 29.408 11.028 34 14.6789 1.90633 79.9015
5764018 5.31663 29.0636 11.2617 34 14.592 2.04945 79.6419
5764023 5.31663 29.0636 11.2617 34 14.592 2.04945 79.6419
5764033 5.23395 28.8436 11.3364 34 14.5671 2.12663 79.414
5764042 5.11819 28.5948 11.3271 34 14.5969 2.20409 79.0401
5764057 5.11819 28.5948 11.3271 34 14.5969 2.20409 79.0401
5764069 5.10165 28.4896 11.2991 34 14.6054 2.2261 78.8903
5764083 5.10992 28.4992 11.0935 34 14.7059 2.18882 78.7025
5764086 5.10992 28.4992 11.0935 34 14.7059 2.18882 78.7025
5764096 5.01897 28.5661 10.9065 34 14.8553 2.16356 78.4916
5764114 5.0107 28.6044 10.6262 34 15.0073 2.11099 78.2413
5764124 4.88667 28.4609 10.2991 34 15.2213 2.11564 77.6466
5764137 4.88667 28.4609 10.2991 34 15.2213 2.11564 77.6466
5764149 4.91148 28.3461 10.1308 34 15.2813 2.10754 77.3884
5764154 4.83706 28.3844 10.1121 34 15.3346 2.11242 77.3336
5764172 4.83706 28.3844 10.1121 34 15.3346 2.11242 77.3336
5764190 4.87014 28.6331 10.243 34 15.2805 2.07208 77.7462
5764193 4.87014 28.6331 10.243 34 15.2805 2.07208 77.7462
5764200 4.92802 28.8627 10.4393 34 15.1781 2.04178 78.23
5764213 5.24222 29.0349 11.0654 34 14.7233 2.03957 79.3425
5764219 5.24222 29.0349 11.0654 34 14.7233 2.03957 79.3425
5764226 5.63084 29.2454 11.2336 34 14.4742 1.93936 80.1098
5764238 6.17656 29.3028 11.4206 34 14.1241 1.84325 80.8999
5764246 6.17656 29.3028 11.4206 34 14.1241 1.84325 80.8999
5764263 6.87111 29.4271 11.6636 34 13.6931 1.71397 81.9618
5764271 6.87111 29.4271 11.6636 34 13.6931 1.71397 81.9618
5764277 7.84679 29.5419 12.4112 34 12.9129 1.61501 83.7999
5764288 8.95477 29.4558 13.4766 34 11.9414 1.58336 85.8872
5764300 8.95477 29.4558 13.4766 34 11.9414 1.58336 85.8872
5764312 9.91391 29.1784 14.5514 34 11.0427 1.6189 87.6437
5764317 10.5919 28.547 15.3271 34 10.3509 1.72747 88.466
5764338 10.5919 28.547 15.3271 34 10.3509 1.72747 88.466
5764340 11.3774 27.8486 15.9065 32.4563 9.42498 1.56472 87.5889
5764365 12.1547 26.9972 16.3458 29.8417 8.30168 1.23664 85.3393
5764369 12.9154 26.0214 17.1415 27.5261 7.02434 1.02821 83.6044
5764379 12.9154 26.0214 17.1415 27.5261 7.02434 1.02821 83.6044
5764389 13.5686 24.9403 18.3948 25.6833 5.64868 1.01151 82.587
5764401 14.2549 23.7158 20.3656 24.1589 4.01666 1.19168 82.4952
5764414 14.2549 23.7158 20.3656 24.1589 4.01666 1.19168 82.4952
5764420 15.1809 22.3478 22.6498 22.9336 2.24113 1.45371 83.1121
5764430 15.1809 22.3478 22.6498 22.9336 2.24113 1.45371 83.1121
5764440 16.0491 21.0276 25.2271 21.6986 0.431529 1.75871 84.0024
5764450 17.0192 19.516 28.4209 20.5795 -1.56212 2.18595 85.5357
5764466 17.0192 19.516 28.4209 20.5795 -1.56212 2.18595 85.5357
5764470 18.4046 17.7558 32.0999 19.6146 -3.73659 2.65505 87.8749
5764492 19.7227 15.6334 34 18.6305 -5.5289 2.94496 87.9866
5764493 19.7227 15.6334 34 18.6305 -5.5289 2.94496 87.9866
5764500 20.9349 13.1091 34 17.4245 -7.13752 3.05034 85.4685
5764518 20.9349 13.1091 34 17.4245 -7.13752 3.05034 85.4685
5764521 21.7431 10.6457 34 16.1025 -8.78726 3.22103 82.4913
5764547 22.5031 8.7829 34 14.7868 -10.2823 3.27841 80.0728
5764550 22.5031 8.7829 34 14.7868 -10.2823 3.27841 80.0728
5764552 23.1766 7.55556 34 13.6453 -11.4751 3.23687 78.3774
5764561 23.6576 6.6851 34 12.9831 -12.2823 3.22797 77.3258
5764581 23.6576 6.6851 34 12.9831 -12.2823 3.22797 77.3258
5764584 23.9943 6.26728 34 12.7478 -12.654 3.2112 77.0094
5764601 23.9943 6.26728 34 12.7478 -12.654 3.2112 77.0094
5764605 24.2252 5.90169 34 12.4341 -13.0254 3.19494 76.5611
5764612 24.4561 5.67537 34 11.9985 -13.3923 3.12629 76.13
5764629 24.4561 5.67537 34 11.9985 -13.3923 3.12629 76.13
5764637 24.8025 5.67537 34 11.7196 -13.5856 3.00045 76.1975
5764644 25.3701 5.87558 34 11.4495 -13.7052 2.77797 76.6952
5764670 25.8223 6.12801 34 11.0138 -13.8637 2.54603 76.9641
5764685 25.8223 6.12801 34 11.0138 -13.8637 2.54603 76.9641
5764687 26.2937 6.20635 34 10.674 -14.0635 2.3662 77.1741
5764696 26.7267 6.3108 34 10.552 -14.1333 2.22605 77.5895
5764711 26.7267 6.3108 34 10.552 -14.1333 2.22605 77.5895
5764715 27.0057 6.35433 34 10.4387 -14.2074 2.13604 77.7987
5764723 27.4386 6.47619 34 10.4562 -14.1973 2.0176 78.371
5764742 27.4386 6.47619 34 10.4562 -14.1973 2.0176 78.371
5764751 27.7561 6.56324 34 10.552 -14.1499 1.94609 78.8713
5764762 27.6791 6.51971 34 10.8047 -14.0357 2.01368 79.0035
5764765 27.6791 6.51971 34 10.8047 -14.0357 2.01368 79.0035
5764775 27.4386 6.4849 34 10.979 -13.9333 2.10174 78.9025
5764801 27.2173 6.41526 34 11.1533 -13.8505 2.19342 78.7858
5764815 27.2077 6.45878 34 11.3014 -13.7548 2.21006 78.9679
5764817 27.2077 6.45878 34 11.3014 -13.7548 2.21006 78.9679
5764826 27.2366 6.56324 34 11.3885 -13.6651 2.19516 79.1883
5764842 27.2269 6.59805 34 11.4408 -13.6213 2.19814 79.2658
5764851 27.2269 6.59805 34 11.4408 -13.6213 2.19814 79.2658
5764857 26.9576 6.47619 34 11.4582 -13.6336 2.28625 78.892
5764868 26.9576 6.47619 34 11.4582 -13.6336 2.28625 78.892
5764877 26.5439 6.46749 34 11.4408 -13.5865 2.3765 78.4521
5764896 26.2841 6.37174 34 11.4495 -13.5915 2.457 78.1054
5764898 26.2841 6.37174 34 11.4495 -13.5915 2.457 78.1054
5764925 26.1783 6.40655 34 11.4234 -13.5718 2.46869 78.0082
5764928 26.2745 6.39785 34 11.345 -13.6289 2.4365 78.0173
5764933 26.2745 6.39785 34 11.345 -13.6289 2.4365 78.0173
5764953 26.1686 6.51971 34 11.3885 -13.5317 2.43993 78.0769
5764956 26.1686 6.51971 34 11.3885 -13.5317 2.43993 78.0769
5764960 26.0243 6.61546 34 11.5279 -13.3946 2.47317 78.1677
5764969 25.88 6.99846 34 11.6499 -13.1263 2.43952 78.5284
5764983 25.88 6.99846 34 11.6499 -13.1263 2.43952 78.5284
5764989 25.8512 7.66001 34 11.981 -12.6459 2.35304 79.4922
5764998 25.8223 8.76549 34 12.3819 -11.9412 2.18491 80.9696
5765025 25.9955 10.106 34 13.0179 -11.0899 1.97002 83.1194
5765041 25.9955 10.106 34 13.0179 -11.0899 1.97002 83.1194
5765042 25.7261 11.5248 34 13.8196 -10.1039 1.86351 85.0705
5765050 25.1104 13.0307 33.9191 14.9436 -8.9235 1.84849 87.0038
5765066 25.1104 13.0307 33.9191 14.9436 -8.9235 1.84849 87.0038
5765071 24.3407 14.6411 31.6653 16.5643 -7.10933 1.59059 87.2114
5765080 23.7442 16.53 29.1385 18.92 -4.93385 1.32188 88.3327
5765095 23.7442 16.53 29.1385 18.92 -4.93385 1.32188 88.3327
5765101 23.1573 18.6168 26.44 21.4864 -2.64607 1.0288 89.7004
5765127 22.3492 20.4823 23.7111 23.3002 -0.633813 0.697857 89.8427
5765129 21.2813 21.6877 21.0428 24.4966 1.09035 0.43563 88.5083
5765147 21.2813 21.6877 21.0428 24.4966 1.09035 0.43563 88.5083
5765153 19.9921 22.74 18.799 25.6158 2.74383 0.289639 87.1469
5765176 21.0696 22.74 16.8785 25.6158 3.01483 -0.228612 86.3039
5765178 18.6067 23.4575 16.8785 26.6385 4.26811 0.254633 85.5812
5765181 17.1251 24.2037 15.729 27.748 5.62983 0.379962 84.8058
5765191 17.1251 24.2037 15.729 27.748 5.62983 0.379962 84.8058
5765206 15.9168 24.6246 14.9065 28.983 6.74641 0.594812 84.431
5765212 14.536 25.0934 14.4393 30.2662 7.8213 0.902832 84.3348
5765221 14.536 25.0934 14.4393 30.2662 7.8213 0.902832 84.3348
5765236 13.2792 25.6292 13.9626 31.4529 8.84692 1.15753 84.3238
5765242 12.1299 26.3658 13.8224 32.6396 9.72635 1.40654 84.9577
5765257 12.1299 26.3658 13.8224 32.6396 9.72635 1.40654 84.9577
5765262 11.2782 27.1885 13.5234 33.6044 10.5122 1.51781 85.5945
5765285 11.2782 27.1885 13.5234 33.6044 10.5122 1.51781 85.5945
5765290 10.5754 27.7912 13.243 34 11.089 1.55526 85.6096
5765299 9.96352 28.2887 13.0841 34 11.496 1.55243 85.3363
5765313 9.96352 28.2887 13.0841 34 11.496 1.55243 85.3363
5765317 9.49222 28.7575 13.0561 34 11.7838 1.5485 85.3058
5765323 8.93823 29.2645 12.8692 34 12.183 1.52808 85.0719
5765350 8.40905 29.7907 12.6916 34 12.572 1.50049 84.8913
5765369 8.40905 29.7907 12.6916 34 12.572 1.50049 84.8913
5765369 7.88813 30.3647 12.4299 34 13.0034 1.44843 84.6827
5765379 7.70623 30.776 12.1869 34 13.2524 1.36496 84.6692
5765398 7.70623 30.776 12.1869 34 13.2524 1.36496 84.6692
5765400 7.53259 31.0726 12.1121 34 13.4057 1.32918 84.7173
5765406 7.48298 31.1396 12.0561 34 13.4628 1.31678 84.6786
5765427 7.48298 31.1396 12.0561 34 13.4628 1.31678 84.6786
5765429 7.52432 31.1396 11.9439 34 13.495 1.29067 84.6078
5765441 7.54912 31.1396 11.6916 34 13.5988 1.24488 84.3803
5765455 7.54912 31.197 11.6916 34 13.6066 1.23384 84.4377
5765457 7.48298 31.1778 11.3271 34 13.8019 1.19058 83.9879
5765483 7.48298 31.1778 11.3271 34 13.8019 1.19058 83.9879
5765484 7.35895 31.1396 11.0467 34 13.9846 1.17569 83.5452
5765486 7.2928 31.0056 10.8505 34 14.0899 1.18198 83.1489
5765512 7.2928 31.0056 10.8505 34 14.0899 1.18198 83.1489
5765513 7.16877 30.9004 10.9065 34 14.1081 1.23603 82.9757
5765516 7.16877 30.9004 10.9065 34 14.1081 1.23603 82.9757
5765541 7.11916 31.1587 11.1028 34 14.073 1.22779 83.3807
5765542 7.08609 31.5318 11.1682 34 14.1066 1.17269 83.7861
5765547 7.08609 31.5318 11.1682 34 14.1066 1.17269 83.7861
5765557 7.01994 31.704 11.1963 34 14.1467 1.15687 83.9202
5765572 6.89591 31.5222 11.2991 34 14.1331 1.23289 83.7172
5765579 6.89591 31.5222 11.2991 34 14.1331 1.23289 83.7172
5765599 6.75535 31.3979 11.4579 34 14.1083 1.31048 83.6112
5765603 6.75535 31.3979 11.4579 34 14.1083 1.31048 83.6112
5765608 6.47422 30.9578 11.486 34 14.1699 1.45697 82.918
5765628 6.34193 30.7091 11.4019 34 14.24 1.51921 82.4529
5765632 6.34193 30.7091 11.4019 34 14.24 1.51921 82.4529
5765642 6.25924 30.7282 11.0561 34 14.4475 1.47519 82.0435
5765656 6.32539 31.0248 10.9252 34 14.5165 1.38105 82.2754
5765661 6.32539 31.0248 10.9252 34 14.5165 1.38105 82.2754
5765670 6.30885 31.4361 10.7383 34 14.6663 1.27177 82.4833
5765687 6.30885 31.4361 10.7383 34 14.6663 1.27177 82.4833
5765694 6.26751 31.4744 10.5421 34 14.7856 1.23964 82.284
5765701 6.18482 31.3022 10.3925 34 14.877 1.26506 81.8795
5765716 6.18482 31.3022 10.3925 34 14.877 1.26506 81.8795
5765724 6.16002 31.0439 10.2804 34 14.9119 1.30267 81.4843
5765731 6.01119 30.8717 10.0748 34 15.0652 1.33253 80.9576
5765745 6.01119 30.8717 10.0748 34 15.0652 1.33253 80.9576
5765754 6.22617 30.7282 10.2243 34 14.8677 1.34332 81.1787
5765761 6.22617 30.7282 10.2243 34 14.8677 1.34332 81.1787
5765772 6.71401 30.8334 10.3645 34 14.5751 1.24836 81.9119
5765781 7.20185 30.8143 10.4299 34 14.3071 1.1669 82.446
5765800 7.20185 30.8143 10.4299 34 14.3071 1.1669 82.446
5765804 7.7393 30.8813 10.6636 34 13.9518 1.08838 83.2841
5765811 8.22714 30.8047 11.0187 34 13.551 1.06843 84.0506
5765830 8.22714 30.8047 11.0187 34 13.551 1.06843 84.0506
5765835 8.88862 30.6612 11.9346 34 12.8205 1.12033 85.4844
5765860 9.61625 30.6612 13.1776 34 11.9683 1.18348 87.455
5765865 10.3852 30.3742 14.4766 34 11.0696 1.29721 89.2361
5765871 10.3852 30.3742 14.4766 34 11.0696 1.29721 89.2361
5765890 10.8648 29.7907 15.5888 34 10.3433 1.48486 90.2442
5765892 11.179 28.7862 16.6542 33.672 9.587 1.72127 90.2913
5765901 11.179 28.7862 16.6542 33.672 9.587 1.72127 90.2913
5765920 11.7412 27.5521 17.7782 31.4143 8.31966 1.67811 88.4858
5765924 11.7412 27.5521 17.7782 31.4143 8.31966 1.67811 88.4858
5765932 12.4027 26.1649 18.6677 29.1373 7.01375 1.60422 86.3726
5765947 12.965 24.9882 19.5369 27.1305 5.79554 1.5447 84.6206
5765951 12.965 24.9882 19.5369 27.1305 5.79554 1.5447 84.6206
5765978 13.6182 23.9167 20.5172 25.4228 4.55349 1.51036 83.475
5765980 13.6182 23.9167 20.5172 25.4228 4.55349 1.51036 83.475
5765985 14.3954 22.9313 22.0939 23.8019 3.07726 1.54449 83.2226
5766006 15.2471 22.0225 24.0345 22.4994 1.56329 1.65822 83.8035
5766007 15.2471 22.0225 24.0345 22.4994 1.56329 1.65822 83.8035
5766013 16.0574 20.8075 26.0761 21.3224 -0.00106543 1.87511 84.2634
5766035 16.9917 19.3534 28.33 20.1067 -1.72843 2.13929 84.7818
5766051 18.2026 17.5931 30.6849 18.8428 -3.64834 2.4141 85.3234
5766064 19.2994 15.764 33.1207 17.6078 -5.55073 2.73893 85.7919
5766068 19.2994 15.764 33.1207 17.6078 -5.55073 2.73893 85.7919
5766077 20.3673 14.0492 34 16.6079 -6.97161 2.8565 85.0243
5766092 20.3673 14.0492 34 16.6079 -6.97161 2.8565 85.0243
5766096 21.2813 12.3431 34 15.7365 -8.1578 2.89924 83.3609
5766105 22.1856 10.7327 34 14.8391 -9.36119 2.92097 81.7574
5766119 22.1856 10.7327 34 14.8391 -9.36119 2.92097 81.7574
5766126 23.0707 9.44444 34 14.3511 -10.2871 2.93743 80.8663
5766135 23.7634 8.49565 34 13.7586 -11.0942 2.90551 80.0177
5766153 23.7634 8.49565 34 13.7586 -11.0942 2.90551 80.0177
5766156 24.6293 7.80799 34 13.3491 -11.7414 2.80344 79.7864
5766165 24.6293 7.80799 34 13.3491 -11.7414 2.80344 79.7864
5766180 25.1777 7.37276 34 12.8088 -12.2847 2.69503 79.3593
5766186 25.6972 7.18126 34 12.3557 -12.6714 2.5514 79.2342
5766196 25.6972 7.18126 34 12.3557 -12.6714 2.5514 79.2342
5766214 26.1879 7.13774 34 11.9375 -12.9672 2.38671 79.2631
5766217 26.6882 7.2596 34 11.7545 -13.0718 2.22203 79.7023
5766244 26.6882 7.2596 34 11.7545 -13.0718 2.22203 79.7023
5766246 26.8902 7.41628 34 11.6761 -13.0647 2.13226 79.9826
5766247 26.8902 7.41628 34 11.6761 -13.0647 2.13226 79.9826
5766256 27.0634 7.59908 34 11.5889 -13.0451 2.04229 80.2514
5766274 27.2366 7.66872 34 11.5366 -13.0626 1.98243 80.4419
5766280 27.2366 7.66872 34 11.5366 -13.0626 1.98243 80.4419
5766286 27.4194 7.79058 34 11.4844 -13.0568 1.90988 80.6943
5766302 27.4194 7.79058 34 11.4844 -13.0568 1.90988 80.6943
5766307 27.6503 7.88633 34 11.5715 -13.005 1.85584 81.1081
5766317 27.5252 7.98208 34 11.5628 -12.9457 1.86053 81.0701
5766332 27.5252 7.98208 34 11.5628 -12.9457 1.86053 81.0701
5766337 27.2462 7.93856 34 11.5628 -12.9245 1.92787 80.7475
5766364 27.1981 7.92115 34 11.5541 -12.9296 1.94021 80.6733
5766365 27.1981 7.92115 34 11.5541 -12.9296 1.94021 80.6733
5766368 27.2462 7.92985 34 11.5454 -12.9368 1.92687 80.7214
5766379 27.2462 7.92985 34 11.5454 -12.9368 1.92687 80.7214
5766397 27.3231 7.89503 34 11.5802 -12.9482 1.92368 80.7984
5766399 27.4194 7.80799 34 11.5976 -12.9953 1.92459 80.825
5766408 27.4194 7.80799 34 11.5976 -12.9953 1.92459 80.825
5766424 27.4963 7.8254 34 11.5802 -13.0067 1.90202 80.9019
5766430 27.3616 7.66872 34 11.6499 -13.0277 1.97438 80.6803
5766461 27.1788 7.47721 34 11.5976 -13.1159 2.04506 80.2537
5766470 26.996 7.35535 34 11.5715 -13.1593 2.1058 79.9229
5766488 27.0634 7.2596 34 11.5105 -13.2442 2.10204 79.8335
5766490 27.0634 7.2596 34 11.5105 -13.2442 2.10204 79.8335
5766517 26.9287 7.18996 34 11.5192 -13.2536 2.14733 79.6379
5766518 26.8325 7.07681 34 11.5976 -13.2561 2.20516 79.5069
5766521 26.8325 7.07681 34 11.5976 -13.2561 2.20516 79.5069
5766531 26.6208 7.02458 34 11.6499 -13.2247 2.27085 79.2953
5766544 26.6208 7.02458 34 11.6499 -13.2247 2.27085 79.2953
5766555 26.2071 7.01587 34 11.859 -13.0662 2.39676 79.0821
5766561 26.0532 7.27701 34 12.0246 -12.8384 2.39955 79.3548
5766574 26.0532 7.27701 34 12.0246 -12.8384 2.39955 79.3548
5766581 26.0821 7.96467 34 11.8852 -12.5833 2.2216 79.9319
5766591 26.4092 9.48797 34 12.0769 -11.8465 1.86274 81.974
5766606 26.4092 9.48797 34 12.0769 -11.8465 1.86274 81.974
5766612 26.871 11.2289 34 12.6345 -10.9187 1.51084 84.7344
5766635 27.0153 11.1418 33.1308 13.9067 -10.2992 1.56355 85.1946
5766641 27.0153 13.3702 33.1308 13.9067 -9.39946 1.14135 87.423
5766644 26.4669 15.1372 31.0993 16.1025 -7.41123 0.945489 88.8059
5766665 26.4669 15.1372 31.0993 16.1025 -7.41123 0.945489 88.8059
5766667 25.6106 17.1626 28.7949 18.9972 -5.03662 0.831242 90.5653
5766675 24.8891 19.9465 25.9447 21.0522 -2.67744 0.353031 91.8325
5766696 23.927 21.7642 22.7105 22.0074 -0.792475 -0.161494 90.409
5766703 22.4935 22.9983 19.7188 22.7696 1.01034 -0.512066 87.9802
5766724 22.4935 22.9983 19.7188 22.7696 1.01034 -0.512066 87.9802
5766732 20.8195 23.6584 17.4548 23.8116 2.68114 -0.561815 85.7443
5766741 20.8195 23.6584 17.4548 23.8116 2.68114 -0.561815 85.7443
5766755 19.1551 24.175 15.8598 24.9018 4.18054 -0.458152 84.0917
5766758 17.4618 24.4142 14.8505 25.7798 5.41829 -0.226476 82.5062
5766767 17.4618 24.4142 14.8505 25.7798 5.41829 -0.226476 82.5062
5766784 16.0987 24.4716 14.1869 26.9376 6.46415 0.101752 81.6948
5766785 14.8915 24.7012 14.1308 28.8672 7.43001 0.618467 82.5908
5766796 14.8915 24.7012 14.1308 28.8672 7.43001 0.618467 82.5908
5766818 13.5768 25.1795 14.3084 31.4722 8.50706 1.24636 84.537
5766819 13.5768 25.1795 14.3084 31.4722 8.50706 1.24636 84.537
5766826 12.3366 25.9927 14.757 34 9.4444 1.79611 87.0863
5766851 10.8731 26.4232 15.0748 34 9.97886 2.04557 86.371
5766852 10.8731 26.4232 15.0748 34 9.97886 2.04557 86.371
5766861 9.51702 26.8346 15 34 10.6376 2.22288 85.3516
5766887 8.69018 27.4851 15.0467 34 11.0735 2.26552 85.222
5766888 8.69018 27.4851 15.0467 34 11.0735 2.26552 85.222
5766889 7.95428 28.1643 14.7103 34 11.641 2.22654 84.8289
5766901 7.95428 28.1643 14.7103 34 11.641 2.22654 84.8289
5766907 7.40029 28.5183 14.215 34 12.1542 2.19229 84.1335
5766923 6.92072 28.4896 13.729 34 12.5813 2.22254 83.1393
5766932 6.92072 28.4896 13.729 34 12.5813 2.22254 83.1393
5766937 6.58171 28.1643 13.2897 34 12.8886 2.29358 82.0358
5766955 6.35846 27.6573 12.8785 34 13.1098 2.38511 80.8943
5766959 6.35846 27.6573 12.8785 34 13.1098 2.38511 80.8943
5766968 6.2179 27.3416 12.6729 34 13.2274 2.45164 80.2324
5766988 6.2179 27.3416 12.6729 34 13.2274 2.45164 80.2324
5766989 6.25097 27.1407 12.4112 34 13.3073 2.4472 79.8029
5766999 6.26751 27.2077 12.2897 34 13.3675 2.40981 79.7649
5767021 6.26751 27.2077 12.2897 34 13.3675 2.40981 79.7649
5767023 6.35846 27.2842 12.2804 34 13.3395 2.37186 79.923
5767028 6.44115 27.686 12.3551 34 13.3227 2.27901 80.4823
5767052 6.44115 27.686 12.3551 34 13.3227 2.27901 80.4823
5767055 6.69747 28.4131 12.4393 34 13.2668 2.08377 81.5498
5767060 6.69747 28.4131 12.4393 34 13.2668 2.08377 81.5498
5767070 6.90418 28.9679 12.5701 34 13.1891 1.94645 82.4422
5767085 7.0034 29.3028 12.8318 34 13.0709 1.89906 83.1379
5767090 7.0034 29.3028 12.8318 34 13.0709 1.89906 83.1379
5767100 7.14397 29.6854 12.9439 34 13.0106 1.81105 83.7733
5767119 7.32588 29.9342 13.1682 34 12.863 1.76035 84.4283
5767127 7.32588 29.9342 13.1682 34 12.863 1.76035 84.4283
5767136 7.34241 29.9724 13.2056 34 12.8444 1.75533 84.5204
5767153 7.34241 29.9724 13.2056 34 12.8444 1.75533 84.5204
5767155 7.36722 29.8098 13.1121 34 12.8517 1.76805 84.2892
5767165 7.25973 29.6376 12.9813 34 12.9343 1.80332 83.8786
5767186 7.25973 29.6376 12.9813 34 12.9343 1.80332 83.8786
5767187 7.16051 29.3602 12.7757 34 13.033 1.84673 83.2964
5767192 7.02821 28.9871 12.5607 34 13.1388 1.91559 82.576
5767201 7.02821 28.9871 12.5607 34 13.1388 1.91559 82.576
5767221 6.92899 28.6427 12.6542 34 13.0918 2.02173 82.2258
5767224 6.92899 28.6427 12.6542 34 13.0918 2.02173 82.2258
5767232 6.73881 28.2504 12.7477 34 13.0798 2.15786 81.7369
5767253 6.63132 27.7338 12.8505 34 13.0061 2.30596 81.2156
5767255 6.63132 27.7338 12.8505 34 13.0061 2.30596 81.2156
5767262 6.54864 27.3033 13.0841 34 12.8714 2.45233 80.9361
5767285 6.48249 27.0929 13.243 34 12.7964 2.53673 80.8183
5767286 6.48249 27.0929 13.243 34 12.7964 2.53673 80.8183
5767292 6.46595 26.9972 13.4206 34 12.7067 2.58842 80.8837
5767318 6.41634 26.8824 13.4766 34 12.6862 2.63284 80.7754
5767323 6.54037 26.4902 13.6075 34 12.5072 2.71155 80.638
5767333 6.54037 26.4902 13.6075 34 12.5072 2.71155 80.638
5767349 6.93726 26.1362 13.6916 34 12.2291 2.71494 80.765
5767358 7.74757 25.8396 14.1121 34 11.6218 2.66678 81.6993
5767365 7.74757 25.8396 14.1121 34 11.6218 2.66678 81.6993
5767382 9.31031 25.7822 14.8785 34 10.5969 2.46263 83.971
5767385 9.31031 25.7822 14.8785 34 10.5969 2.46263 83.971
5767395 11.3278 25.9257 15.8785 34 9.38787 2.17342 87.132
5767415 13.0973 25.677 17.3335 33.4018 8.00137 2.00444 89.5096
5767416 13.0973 25.677 17.3335 33.4018 8.00137 2.00444 89.5096
5767430 14.7262 24.9977 19.2438 31.1056 6.14316 1.76946 90.0732
5767450 16.4295 24.1463 21.2449 28.4716 4.13753 1.51853 90.2924
5767452 16.4295 24.1463 21.2449 28.4716 4.13753 1.51853 90.2924
5767456 18.0679 22.9887 23.2461 25.857 2.08842 1.3387 90.1598
5767485 16.909 22.9887 24.6106 25.857 2.0268 1.75451 90.3653
5767488 19.3571 21.6972 24.6106 23.1266 0.241047 1.12896 88.7915
5767492 20.2326 20.157 25.5809 20.5698 -1.46944 0.998563 86.5403
5767501 20.2326 20.157 25.5809 20.5698 -1.46944 0.998563 86.5403
5767521 21.0023 18.6837 26.5006 18.2928 -3.11504 0.906866 84.4794
5767522 21.7334 17.2583 27.5922 16.6602 -4.62709 0.947921 83.2441
5767531 21.7334 17.2583 27.5922 16.6602 -4.62709 0.947921 83.2441
5767556 22.3588 16.0164 28.8555 15.4839 -5.95847 1.08159 82.7146
5767558 23.0707 14.9457 30.4019 14.6996 -7.1667 1.27862 83.118
5767560 23.0707 14.9457 30.4019 14.6996 -7.1667 1.27862 83.118
5767568 23.8212 14.1275 32.1807 14.1768 -8.21338 1.49614 84.3062
5767589 23.8212 14.1275 32.1807 14.1768 -8.21338 1.49614 84.3062
5767590 24.5235 13.257 34 13.8109 -9.18772 1.75783 85.5914
5767603 25.1873 12.4649 34 13.6715 -9.68399 1.76139 85.3237
5767625 25.1873 12.4649 34 13.6715 -9.68399 1.76139 85.3237
5767628 25.8127 11.6815 34 13.5146 -10.1803 1.76813 85.0088
5767633 26.1494 10.9939 34 13.3403 -10.5983 1.81048 84.4836
5767640 26.1494 10.9939 34 13.3403 -10.5983 1.81048 84.4836
5767662 26.2937 10.4281 34 13.0615 -10.9819 1.85116 83.7833
5767663 26.2937 10.4281 34 13.0615 -10.9819 1.85116 83.7833
5767669 26.1879 9.7491 34 12.8437 -11.3538 1.97631 82.7807
5767696 25.8608 9.07015 34 12.8175 -11.6128 2.18107 81.7485
5767698 25.8608 9.07015 34 12.8175 -11.6128 2.18107 81.7485
5767701 25.0911 8.13006 34 12.7652 -11.9382 2.53994 79.9864
5767731 24.3503 7.18996 34 12.6433 -12.3162 2.8976 78.1835
5767733 23.85 6.51101 34 12.5038 -12.631 3.15023 76.8649
5767766 23.4075 5.94521 34 12.4516 -12.8656 3.38349 75.8042
5767770 23.0034 5.32719 34 12.2337 -13.2243 3.60155 74.5643
5767801 22.8783 5.05735 34 11.9985 -13.4655 3.66464 73.9341
5767803 22.8591 5.09217 34 11.8852 -13.5034 3.64331 73.8364
5767805 22.8591 5.09217 34 11.8852 -13.5034 3.64331 73.8364
5767812 23.1766 5.05735 34 11.5976 -13.721 3.5277 73.8316
5767835 23.1766 5.05735 34 11.5976 -13.721 3.5277 73.8316
5767841 23.5999 4.99642 34 11.3014 -13.9727 3.39085 73.8977
5767849 23.9174 4.98771 34 11.1358 -14.1117 3.2882 74.0409
5767867 23.9174 4.98771 34 11.1358 -14.1117 3.2882 74.0409
5767868 24.206 4.84844 34 10.8744 -14.3662 3.20984 73.9289
5767876 24.4754 4.7788 34 10.5956 -14.5908 3.11607 73.8498
5767884 24.4754 4.7788 34 10.5956 -14.5908 3.11607 73.8498
5767901 24.6005 4.75269 34 10.3429 -14.7582 3.051 73.696
5767903 24.6005 4.75269 34 10.3429 -14.7582 3.051 73.696
5767936 24.8506 4.75269 34 10.2035 -14.868 2.96725 73.8068
5767938 25.0623 4.80492 34 10.1773 -14.8829 2.89897 74.0445
5767946 25.2932 4.85714 34 10.2906 -14.8256 2.8493 74.4409
5767970 25.601 4.82232 34 10.4387 -14.8072 2.80825 74.8621
5767972 25.601 4.82232 34 10.4387 -14.8072 2.80825 74.8621
5767974 25.9666 4.94419 34 10.43 -14.7969 2.69161 75.3408
5767984 25.9666 4.94419 34 10.43 -14.7969 2.69161 75.3408
5768004 26.2456 4.98771 34 10.2471 -14.9081 2.58618 75.4804
5768007 26.6304 5.11828 34 10.0641 -14.9869 2.43666 75.8128
5768036 26.996 5.25755 34 9.97693 -15.0076 2.30682 76.2305
5768038 27.2847 5.37071 34 9.88109 -15.0363 2.20007 76.5365
5768046 27.2847 5.37071 34 9.88109 -15.0363 2.20007 76.5365
5768075 27.4963 5.60573 34 9.85495 -14.955 2.09589 76.957
5768076 27.4963 5.60573 34 9.85495 -14.955 2.09589 76.957
5768081 27.4771 5.99744 34 9.88109 -14.7367 2.01793 77.3556
5768087 27.5925 6.46749 34 10.0031 -14.4505 1.91058 78.0631
5768109 27.5925 6.46749 34 10.0031 -14.4505 1.91058 78.0631
5768109 27.7272 7.24219 34 10.1948 -13.9868 1.74802 79.1642
5768121 27.8427 8.32156 34 10.9006 -13.144 1.61655 81.0648
5768140 27.8427 8.32156 34 10.9006 -13.144 1.61655 81.0648
5768142 27.9485 9.77522 34 12.2076 -11.9043 1.51622 83.9313
5768147 27.9485 9.77522 34 12.2076 -11.9043 1.51622 83.9313
5768157 27.91 11.3682 34 13.6017 -10.6297 1.43708 86.8799
5768176 27.6406 12.6564 34 14.8913 -9.55642 1.44542 89.1884
5768182 27.6406 12.6564 34 14.8913 -9.55642 1.44542 89.1884
5768188 27.2173 13.9882 34 15.8847 -8.60257 1.42921 91.0902
5768210 26.6304 15.3026 31.4025 16.4249 -7.32656 0.985013 89.7605
5768216 26.6304 15.3026 31.4025 16.4249 -7.32656 0.985013 89.7605
5768225 25.7934 16.4951 28.613 16.6253 -6.07983 0.505509 87.5269
5768246 25.7934 16.4951 28.613 16.6253 -6.07983 0.505509 87.5269
5768248 24.6101 17.3827 25.975 16.8519 -4.81921 0.147518 84.8196
5768252 23.1766 18.1863 23.61 17.4631 -3.37752 -0.0527215 82.4359
5768261 23.1766 18.1863 23.61 17.4631 -3.37752 -0.0527215 82.4359
5768287 21.6372 19.1142 21.3763 18.3604 -1.72042 -0.18911 80.4882
5768291 20.2037 20.2144 19.9108 19.7111 -0.0590414 -0.149212 80.0401
5768295 20.2037 20.2144 19.9108 19.7111 -0.0590414 -0.149212 80.0401
5768299 19.4822 21.6685 18.9102 21.332 1.4154 -0.167426 81.393
5768327 19.4822 21.6685 18.9102 21.332 1.4154 -0.167426 81.393
5768329 18.8664 23.1896 18.132 23.0687 2.78052 -0.154118 83.2567
5768330 18.0583 24.3281 17.5458 24.9115 4.01783 0.0125313 84.8436
5768367 16.909 25.1987 16.9907 26.735 5.25259 0.282744 85.8333
5768369 15.644 25.9831 16.3832 28.7128 6.53483 0.599999 86.7231
5768371 15.644 25.9831 16.3832 28.7128 6.53483 0.599999 86.7231
5768381 14.1226 26.758 15.6636 30.4109 7.87269 0.895956 86.955
5768407 12.535 27.3225 14.9813 31.6459 9.09178 1.17414 86.4846
5768412 11.2038 27.9443 14.3364 32.7168 10.1857 1.37559 86.2013
5768422 11.2038 27.9443 14.3364 32.7168 10.1857 1.37559 86.2013
5768445 10.1124 28.7001 13.9346 33.6141 11.0777 1.51739 86.3611
5768448 9.2607 29.4463 13.5701 34 11.7689 1.54093 86.2771
5768452 9.2607 29.4463 13.5701 34 11.7689 1.54093 86.2771
5768484 8.64883 30.049 13.3645 34 12.2108 1.51054 86.0623
5768485 8.64883 30.049 13.3645 34 12.2108 1.51054 86.0623
5768486 8.16099 30.3168 13.1682 34 12.548 1.52203 85.646
5768497 7.80545 30.4603 13.1308 34 12.7417 1.55716 85.3966
5768523 7.80545 30.4603 13.1308 34 12.7417 1.55716 85.3966
5768525 7.59047 30.336 13.0935 34 12.8358 1.61733 85.0199
5768532 7.49951 29.982 13.0748 34 12.834 1.70181 84.5563
5768536 7.49951 29.982 13.0748 34 12.834 1.70181 84.5563
5768563 7.41683 29.7428 13.0467 34 12.8492 1.76122 84.2064
5768564 7.41683 29.7428 13.0467 34 12.8492 1.76122 84.2064
5768572 7.40029 29.5993 13.1215 34 12.8022 1.80488 84.1211
5768575 7.40856 29.5419 12.9907 34 12.8491 1.79414 83.9411
5768603 7.40856 29.5419 12.9907 34 12.8491 1.79414 83.9411
5768606 7.45817 29.5419 12.9533 34 12.8436 1.77834 83.9534
5768607 7.40856 29.6567 12.9439 34 12.8868 1.76385 84.0092
5768615 7.40856 29.6567 12.9439 34 12.8868 1.76385 84.0092
5768645 7.38375 29.695 12.972 34 12.8908 1.76558 84.0507
5768646 7.38375 29.695 12.972 34 12.8908 1.76558 84.0507
5768647 7.41683 29.7524 12.9346 34 12.901 1.74166 84.1038
5768656 7.45817 30.0011 12.9346 34 12.9181 1.68412 84.3939
5768679 7.45817 30.0011 12.9346 34 12.9181 1.68412 84.3939
5768680 7.52432 30.1733 12.9159 34 12.9214 1.63418 84.6135
5768686 7.52432 30.2116 12.8318 34 12.9646 1.61336 84.5677
5768715 7.53259 30.2212 12.9439 34 12.912 1.62759 84.6977
5768717 7.53259 30.2212 12.9439 34 12.912 1.62759 84.6977
5768726 7.49951 30.1829 12.9907 34 12.9004 1.64898 84.6731
5768753 7.49125 30.0777 13.0187 34 12.8765 1.67574 84.5876
5768754 7.49125 30.0777 13.0187 34 12.8765 1.67574 84.5876
5768757 7.51605 29.9437 13.028 34 12.842 1.69875 84.4878
5768766 7.41683 29.9437 13 34 12.8991 1.71397 84.3605
5768795 7.41683 29.9437 13 34 12.8991 1.71397 84.3605
5768797 7.4251 29.7715 13.028 34 12.858 1.75093 84.2247
5768799 7.4251 29.7715 13.028 34 12.858 1.75093 84.2247
5768807 7.39202 29.6663 13.1121 34 12.8199 1.79169 84.1705
5768831 7.35895 29.475 13.0654 34 12.8281 1.82925 83.8993
5768832 7.35895 29.475 13.0654 34 12.8281 1.82925 83.8993
5768839 7.30934 29.1019 12.9439 34 12.8512 1.8954 83.3551
5768865 7.21012 28.7766 12.972 34 12.8361 1.98628 82.9587
5768875 7.47471 28.5087 13.2056 34 12.5703 2.0235 83.189
