1212651 8.45651 10.1404 10.2405 17.5114 4.83008 2.96286 46.3487
1212660 8.68846 10.2558 9.62321 15.0347 4.00144 1.96562 43.6022
1212670 8.95907 10.4001 11.303 13.5923 2.10732 1.87644 44.2544
1212680 8.95907 10.4001 11.303 13.5923 2.10732 1.87644 44.2544
1212690 9.36498 10.8042 13.7315 12.6338 0.18346 1.99729 46.5345
1212705 9.36498 10.8042 13.7315 12.6338 0.18346 1.99729 46.5345
1212713 9.39397 11.0543 14.875 11.2107 -1.0766 1.81719 46.534
1212721 9.70324 11.3237 16.6054 10.4556 -2.3547 1.88217 48.0879
1212733 9.70324 11.3237 16.6054 10.4556 -2.3547 1.88217 48.0879
1212741 10.1865 11.4392 18.9203 10.7847 -3.35224 2.36099 51.3307
1212754 10.4088 11.0447 20.7295 11.1236 -4.20678 2.92636 53.3065
1212770 10.4088 11.0447 20.7295 11.1236 -4.20678 2.92636 53.3065
1212776 10.2058 10.1981 21.5785 11.0558 -4.96359 3.45895 53.0382
1212782 10.2058 10.1981 21.5785 11.0558 -4.96359 3.45895 53.0382
1212800 9.76123 8.88002 21.821 10.5427 -5.95997 4.03564 51.005
1212810 9.07504 7.57159 22.0333 10.0974 -6.88812 4.76165 48.7773
1212820 9.07504 7.57159 22.0333 10.0974 -6.88812 4.76165 48.7773
1212829 8.3502 6.02264 22.7004 9.90376 -8.04871 5.82135 46.977
1212839 7.75099 4.47368 23.5595 9.78759 -9.35294 6.95246 45.5717
1212849 7.75099 4.47368 23.5595 9.78759 -9.35294 6.95246 45.5717
1212860 7.50938 3.35767 24.4893 9.85535 -10.3876 7.78922 45.2117
1212864 7.50938 3.35767 24.4893 9.85535 -10.3876 7.78922 45.2117
1212876 7.57703 2.68421 25.2776 9.99089 -11.0804 8.23877 45.5298
1212885 7.85731 2.7708 25.9851 10.4072 -10.987 8.21905 47.0204
1212894 7.85731 2.7708 25.9851 10.4072 -10.987 8.21905 47.0204
1212904 8.25355 3.07866 26.349 10.5911 -10.841 7.95732 48.2723
1212919 8.43718 3.20374 26.3995 10.5814 -10.8241 7.81748 48.6219
1212926 8.43718 3.20374 26.3995 10.5814 -10.8241 7.81748 48.6219
1212935 8.53383 3.22298 26.2479 10.6008 -10.7796 7.74354 48.6055
1212945 8.53383 3.22298 26.2479 10.6008 -10.7796 7.74354 48.6055
1212955 8.60148 3.25184 26.1165 10.5233 -10.7968 7.66702 48.4932
1212966 8.50483 3.2807 25.692 10.4072 -10.7075 7.61631 47.8847
1212978 8.50483 3.2807 25.692 10.4072 -10.7075 7.61631 47.8847
1212987 8.33087 3.2326 25.0452 10.1555 -10.6855 7.58183 46.7641
1212996 8.22456 3.20374 24.3377 9.75854 -10.7634 7.46892 45.5245
1213007 8.22456 3.20374 24.3377 9.75854 -10.7634 7.46892 45.5245
1213016 8.08926 3.2326 23.5696 9.53588 -10.6299 7.3548 44.4273
1213028 8.08926 3.2326 23.5696 9.53588 -10.6299 7.3548 44.4273
1213041 8.0216 3.13639 23.0238 9.29385 -10.7044 7.30052 43.4756
1213049 8.07959 3.27108 22.478 9.13895 -10.5589 7.07496 42.9676
1213058 8.07959 3.27108 22.478 9.13895 -10.5589 7.07496 42.9676
1213070 8.22456 3.48274 22.1445 8.97437 -10.4562 6.79896 42.8261
1213077 8.35986 3.54046 22.0131 8.97437 -10.4098 6.67572 42.8878
1213090 8.35986 3.54046 22.0131 8.97437 -10.4098 6.67572 42.8878
1213098 8.68846 3.73288 22.0838 8.98405 -10.3792 6.43143 43.4892
1213110 8.68846 3.73288 22.0838 8.98405 -10.3792 6.43143 43.4892
1213118 8.83343 3.77136 22.0636 9.0131 -10.3663 6.34316 43.6815
1213133 8.93007 3.89643 22.2152 9.08087 -10.294 6.27895 44.1226
1213139 8.93007 3.89643 22.2152 9.08087 -10.294 6.27895 44.1226
1213152 9.07504 3.95416 22.2961 9.08087 -10.3229 6.1977 44.4061
1213159 9.38431 4.29089 22.6195 9.32289 -10.0784 6.00663 45.6176
1213176 9.38431 4.29089 22.6195 9.32289 -10.0784 6.00663 45.6176
1213185 10.4474 6.43633 23.0642 10.0006 -8.54616 4.85931 49.9485
1213194 10.4474 6.43633 23.0642 10.0006 -8.54616 4.85931 49.9485
1213203 10.9596 7.51387 23.1754 10.746 -7.57475 4.42254 52.3949
1213214 10.9983 8.25467 22.4578 11.0752 -6.69035 4.0579 52.7859
1213220 10.9983 8.25467 22.4578 11.0752 -6.69035 4.0579 52.7859
1213239 11.4912 9.95755 21.2045 10.959 -5.49275 2.99785 53.6123
1213242 11.7908 11.343 19.456 10.6589 -4.34047 1.96657 53.2486
1213250 11.7908 11.343 19.456 10.6589 -4.34047 1.96657 53.2486
1213264 11.7425 12.0453 17.4447 10.049 -3.45784 1.084 51.2814
1213272 11.7425 12.0453 17.4447 10.049 -3.45784 1.084 51.2814
1213281 11.5782 12.5937 15.4417 9.9328 -2.26726 0.364096 49.5463
1213291 11.4429 12.9208 13.8429 11.4043 -0.484081 0.267144 49.6108
1213301 11.4429 12.9208 13.8429 11.4043 -0.484081 0.267144 49.6108
1213311 11.2979 13.1132 12.1024 12.7597 1.25453 0.137288 49.2731
1213321 11.1626 13.1324 9.66369 12.8371 2.74772 -0.575114 46.7958
1213336 11.1626 13.1324 9.66369 12.8371 2.74772 -0.575114 46.7958
1213342 10.9306 13.2864 8.19643 13.0501 3.96439 -0.980058 45.4635
1213352 10.9306 13.2864 8.19643 13.0501 3.96439 -0.980058 45.4635
1213362 10.805 13.5557 8.06488 14.2506 4.7864 -0.657282 46.6762
1213373 10.5344 13.6808 8.51012 15.664 5.32158 -0.0127342 48.3893
1213384 10.5344 13.6808 8.51012 15.664 5.32158 -0.0127342 48.3893
1213393 9.68391 13.4788 8.76309 16.9032 6.11059 0.769091 48.829
1213405 8.66913 13.1709 8.74286 17.9069 7.04573 1.48786 48.4898
1213413 8.66913 13.1709 8.74286 17.9069 7.04573 1.48786 48.4898
1213428 7.32575 12.7187 8.84405 19.0936 8.1502 2.46754 47.9822
1213434 7.32575 12.7187 8.84405 19.0936 8.1502 2.46754 47.9822
1213446 5.77942 12.1415 8.99583 20.3865 9.38241 3.63445 47.3032
1213454 4.28141 11.6508 9.19821 21.7276 10.6165 4.79968 46.858
1213467 4.28141 11.6508 9.19821 21.7276 10.6165 4.79968 46.858
1213475 3.28596 11.2852 9.50179 22.9818 11.4119 5.71008 47.0548
1213488 2.80273 11.1794 9.95714 23.9756 11.6848 6.24564 47.9149
1213495 2.80273 11.1794 9.95714 23.9756 11.6848 6.24564 47.9149
1213509 2.53212 11.1024 10.2506 24.622 11.8239 6.5675 48.5072
1213515 2.52246 11.1121 10.3619 24.7474 11.7836 6.60848 48.7439
1213535 2.52246 11.1121 10.3619 24.7474 11.7836 6.60848 48.7439
1213539 2.57078 11.0351 10.1899 24.4966 11.7881 6.54781 48.2923
1213546 2.57078 11.0351 10.1899 24.4966 11.7881 6.54781 48.2923
1213565 2.42581 10.8908 9.96726 24.0817 11.9176 6.56566 47.3656
1213575 2.39682 10.8812 9.69405 23.5318 12.0001 6.43427 46.5038
1213586 2.41615 10.8427 9.35 22.9432 12.0849 6.26791 45.5521
1213601 2.42581 10.8523 9.14762 22.3354 12.072 6.10069 44.7611
1213610 2.42581 10.8523 9.14762 22.3354 12.072 6.10069 44.7611
1213619 2.4548 10.9581 8.8744 21.7565 12.1387 5.86393 44.0439
1213628 2.4548 10.9581 8.8744 21.7565 12.1387 5.86393 44.0439
1213641 2.42581 10.987 8.7125 21.4574 12.2216 5.76736 43.5827
1213648 2.54179 11.0832 8.5 21.1583 12.2448 5.55643 43.2833
1213661 2.54179 11.0832 8.5 21.1583 12.2448 5.55643 43.2833
1213668 2.59977 11.3237 8.39881 20.9075 12.2789 5.33758 43.2298
1213684 2.69642 11.5835 8.36845 20.8978 12.2952 5.16224 43.5462
1213689 2.69642 11.5835 8.36845 20.8978 12.2952 5.16224 43.5462
1213699 2.79306 11.824 8.42917 21.0715 12.2815 5.06042 44.1177
1213709 2.79306 11.824 8.42917 21.0715 12.2815 5.06042 44.1177
1213719 2.7834 12.0453 8.39881 21.1969 12.4143 4.98613 44.4244
1213729 2.88005 12.2858 8.56071 21.4767 12.3452 4.93491 45.2033
1213739 2.88005 12.2858 8.56071 21.4767 12.3452 4.93491 45.2033
1213749 3.00569 12.5744 8.51012 21.6215 12.4039 4.77497 45.7117
1213759 3.01535 12.7957 8.5506 21.6504 12.4316 4.69114 46.012
1213774 3.01535 12.7957 8.5506 21.6504 12.4316 4.69114 46.012
1213780 3.39227 13.1998 8.61131 21.7855 12.2272 4.40682 46.9888
1213794 3.39227 13.1998 8.61131 21.7855 12.2272 4.40682 46.9888
1213800 4.67766 14.0945 8.86429 21.9012 11.3317 3.63159 49.5377
1213810 5.18988 14.3447 9.24881 21.8241 10.7346 3.41996 50.6074
1213820 5.18988 14.3447 9.24881 21.8241 10.7346 3.41996 50.6074
1213830 5.48948 14.4409 9.49167 21.4381 10.2722 3.24403 50.8601
1213845 6.59125 14.9989 9.4006 20.483 9.466 2.4168 51.4737
1213851 6.59125 14.9989 9.4006 20.483 9.466 2.4168 51.4737
1213861 7.85731 15.5184 8.94524 19.0454 8.6444 1.34765 51.3663
1213890 7.85731 15.5184 8.94524 19.0454 8.6444 1.34765 51.3663
1213892 8.44685 15.5376 8.2875 17.1158 8.05821 0.430917 49.3878
1213911 9.04605 15.5376 7.0631 12.9243 6.92869 -1.54685 44.571
1213929 9.25867 15.4126 8.4494 11.7819 5.28165 -1.48319 44.9025
1213937 9.25867 15.4126 8.4494 11.7819 5.28165 -1.48319 44.9025
1213949 9.79022 15.5569 11.1917 11.3946 3.11351 -0.863944 47.9334
1213965 10.0512 15.6723 12.8613 10.6008 1.70815 -0.689649 49.1856
1213973 10.2251 15.5954 14.531 10.3104 0.567311 -0.289915 50.6618
1213988 10.2251 15.5954 14.531 10.3104 0.567311 -0.289915 50.6618
1213997 10.3894 15.249 16.2208 10.533 -0.3952 0.319349 52.3923
1214004 10.2928 14.4409 17.7479 10.7751 -1.32602 1.06729 53.2566
1214014 10.2928 14.4409 17.7479 10.7751 -1.32602 1.06729 53.2566
1214026 9.93519 13.0939 18.9608 10.6879 -2.42705 1.88492 52.6778
1214035 9.93519 13.0939 18.9608 10.6879 -2.42705 1.88492 52.6778
1214045 9.50028 11.4488 20.1332 10.4749 -3.73844 2.8102 51.5572
1214055 8.9784 9.43803 21.2045 10.1071 -5.348 3.88971 49.728
1214065 8.9784 9.43803 21.2045 10.1071 -5.348 3.88971 49.728
1214075 8.07959 7.00396 22.195 9.69077 -7.22804 5.36592 46.9693
1214085 7.24844 4.62762 23.4382 9.54556 -9.2028 7.05788 44.8598
1214111 6.87152 2.95359 24.7117 9.70046 -10.6975 8.33698 44.2372
1214118 6.87152 2.95359 24.7117 9.70046 -10.6975 8.33698 44.2372
1214129 6.85219 2.26089 25.8032 10.0877 -11.2806 8.92515 45.004
1214136 6.99716 2.32824 26.5107 10.3781 -11.2528 8.94641 46.2142
1214151 6.99716 2.32824 26.5107 10.3781 -11.2528 8.94641 46.2142
1214156 7.15179 2.28014 26.632 10.32 -11.4175 8.89966 46.384
1214166 7.23877 2.28976 26.6623 10.2716 -11.4822 8.8476 46.4625
1214181 7.23877 2.28976 26.6623 10.2716 -11.4822 8.8476 46.4625
1214188 7.51904 2.37634 26.5612 10.2329 -11.4967 8.64179 46.6895
1214197 7.51904 2.37634 26.5612 10.2329 -11.4967 8.64179 46.6895
1214206 7.85731 2.56876 26.4197 10.1651 -11.4564 8.34662 47.0109
1214221 8.30188 2.88625 26.0458 10.0683 -11.3066 7.90427 47.3022
1214227 8.30188 2.88625 26.0458 10.0683 -11.3066 7.90427 47.3022
1214236 8.67879 3.11715 25.3383 9.73918 -11.2861 7.45034 46.8734
1214249 8.99773 3.35767 24.5095 9.49715 -11.1365 7.00506 46.3621
1214257 8.99773 3.35767 24.5095 9.49715 -11.1365 7.00506 46.3621
1214268 9.12337 3.53084 23.7414 9.19704 -11.0417 6.67351 45.5926
1214288 9.12337 3.53084 23.7414 9.19704 -11.0417 6.67351 45.5926
1214290 9.12337 3.64629 22.9935 8.94533 -10.9181 6.43138 44.7085
1214298 9.23934 3.77136 22.5083 8.7033 -10.8955 6.17367 44.2223
1214311 9.23934 3.77136 22.5083 8.7033 -10.8955 6.17367 44.2223
1214323 9.28766 3.80985 22.1344 8.57745 -10.8623 6.03101 43.8093
1214334 9.35532 3.93492 21.8312 8.5 -10.7468 5.85983 43.6214
1214339 9.35532 3.93492 21.8312 8.5 -10.7468 5.85983 43.6214
1214349 9.54861 4.03113 21.7503 8.48064 -10.7206 5.70108 43.8107
1214359 9.54861 4.03113 21.7503 8.48064 -10.7206 5.70108 43.8107
1214369 9.67425 4.07923 21.7907 8.48064 -10.7355 5.62792 44.0248
1214379 9.84821 4.16582 21.9423 8.58713 -10.6848 5.56156 44.5435
1214389 9.84821 4.16582 21.9423 8.58713 -10.6848 5.56156 44.5435
1214401 9.99318 4.22354 22.1445 8.59681 -10.7419 5.51333 44.958
1214414 10.2735 4.52179 22.3668 8.77107 -10.5302 5.33688 45.9331
1214423 10.2735 4.52179 22.3668 8.77107 -10.5302 5.33688 45.9331
1214429 11.1433 6.21505 22.7509 9.28417 -9.31042 4.4571 49.3934
1214445 11.1433 6.21505 22.7509 9.28417 -9.31042 4.4571 49.3934
1214450 11.5395 7.24448 22.7307 9.92312 -8.31227 4.04464 51.4378
1214460 11.5975 7.96604 22.0232 10.2039 -7.45829 3.66771 51.7906
1214470 11.5975 7.96604 22.0232 10.2039 -7.45829 3.66771 51.7906
1214480 11.8681 9.46689 20.4768 10.1651 -6.11467 2.68589 51.977
1214495 11.9841 10.9581 18.6879 9.87471 -4.77583 1.63685 51.5048
1214501 11.9841 10.9581 18.6879 9.87471 -4.77583 1.63685 51.5048
1214520 11.8584 11.9106 16.8887 9.68109 -3.55365 0.834573 50.3388
1214522 11.8584 11.9106 16.8887 9.68109 -3.55365 0.834573 50.3388
1214531 11.6941 12.6129 15.3101 10.5137 -1.93379 0.453833 50.1308
1214544 11.3269 13.0651 15.0673 14.2118 0.411198 1.36586 53.6711
1214552 11.3269 13.0651 15.0673 14.2118 0.411198 1.36586 53.6711
1214562 10.863 12.8149 13.4482 15.7318 2.00326 1.56137 52.8579
1214572 10.1575 12.3531 10.6351 15.5962 3.67075 1.14503 48.742
1214584 10.1575 12.3531 10.6351 15.5962 3.67075 1.14503 48.742
1214593 9.40364 12.2281 9.16786 15.8576 5.09793 1.09108 46.6572
1214607 9.40364 12.2281 9.16786 15.8576 5.09793 1.09108 46.6572
1214613 8.75611 12.1415 9.04643 16.971 6.0268 1.63694 46.915
1214623 8.1859 12.0549 9.31964 18.0999 6.6351 2.25934 47.6603
1214651 7.24844 11.7278 9.37024 18.9393 7.42739 2.96071 47.2857
1214661 6.21433 11.2275 9.52202 20.1839 8.31166 3.9018 47.1477
1214675 6.21433 11.2275 9.52202 20.1839 8.31166 3.9018 47.1477
1214679 4.9676 10.6887 9.7244 21.3127 9.2676 4.94099 46.6935
1214687 4.9676 10.6887 9.7244 21.3127 9.2676 4.94099 46.6935
1214698 3.63388 10.1307 9.88631 22.4512 10.3367 6.04296 46.1021
1214705 2.59011 9.7459 10.2202 23.58 11.1168 6.97854 46.1363
1214721 2.59011 9.7459 10.2202 23.58 11.1168 6.97854 46.1363
1214725 1.95225 9.49576 10.6554 24.7667 11.5505 7.67251 46.8701
1214735 1.91359 9.62083 11.0702 25.5482 11.5181 7.81388 48.1529
1214745 1.91359 9.62083 11.0702 25.5482 11.5181 7.81388 48.1529
1214760 2.06822 9.73628 11.2625 25.9052 11.3895 7.76866 48.9722
1214767 2.06822 9.73628 11.2625 25.9052 11.3895 7.76866 48.9722
1214776 2.07789 9.83248 11.3131 25.8956 11.3688 7.72561 49.119
1214791 2.16487 9.8421 11.2018 25.7605 11.352 7.64418 48.9693
1214796 2.16487 9.8421 11.2018 25.7605 11.352 7.64418 48.9693
1214806 2.07789 9.81324 10.9083 25.0562 11.4319 7.54563 47.8556
1214821 2.01023 9.61121 10.544 24.4098 11.5226 7.51441 46.5752
1214828 2.01023 9.61121 10.544 24.4098 11.5226 7.51441 46.5752
1214837 1.89426 9.38993 10.2405 23.6669 11.5741 7.50909 45.1915
1214848 1.80728 9.14941 9.91667 23.0976 11.6685 7.5246 43.971
1214859 1.80728 9.14941 9.91667 23.0976 11.6685 7.5246 43.971
1214868 1.68164 8.8223 9.81548 22.8275 11.6768 7.69662 43.1469
1214883 1.68164 8.8223 9.81548 22.8275 11.6768 7.69662 43.1469
1214892 1.44002 8.52405 9.78512 22.7696 11.7998 7.96964 42.5188
1214899 1.36271 8.29315 9.94702 23.059 11.7449 8.20997 42.6619
1214909 1.36271 8.29315 9.94702 23.059 11.7449 8.20997 42.6619
1214919 1.31438 8.11998 10.0685 23.4642 11.754 8.41284 42.9671
1214931 1.31438 8.11998 10.1595 23.4642 11.6763 8.42677 43.0581
1214939 1.23707 8.01415 10.1595 23.7537 11.7986 8.57025 43.1644
1214954 1.21774 8.11036 10.3012 24.0528 11.815 8.59364 43.6821
1214978 1.24673 8.27391 10.453 24.4291 11.8254 8.56752 44.4027
1214980 1.32405 8.38936 10.544 24.8246 11.8372 8.53619 45.0821
1214990 1.32405 8.38936 10.544 24.8246 11.8372 8.53619 45.0821
1215001 1.46902 8.56254 10.7464 25.143 11.6995 8.44643 45.921
1215010 2.39682 9.22637 11.2321 25.5096 10.9103 7.79033 48.365
1215025 2.39682 9.22637 11.2321 25.5096 10.9103 7.79033 48.365
1215030 3.49858 9.96718 11.5762 25.4711 10.0783 7.0026 50.513
1215049 3.49858 9.96718 11.5762 25.4711 10.0783 7.0026 50.513
1215054 4.21376 10.4194 11.7179 25.0272 9.49574 6.45565 51.3782
1215062 5.50881 11.1024 11.647 23.8309 8.53224 5.43299 52.0891
1215073 5.50881 11.1024 11.647 23.8309 8.53224 5.43299 52.0891
1215081 7.05514 11.8144 11.2321 22.2003 7.51761 4.1766 52.302
1215098 7.85731 12.1126 10.6554 20.1453 6.76832 3.1999 50.7706
1215101 7.85731 12.1126 10.6554 20.1453 6.76832 3.1999 50.7706
1215128 8.82376 12.3147 9.71429 17.8008 5.9489 1.96594 48.6535
1215129 8.82376 12.3147 9.71429 17.8008 5.9489 1.96594 48.6535
1215132 9.4423 12.4493 8.82381 15.1315 5.07928 0.675194 45.847
1215146 10.0318 12.5648 7.78155 12.4983 4.22709 -0.810514 42.8765
1215153 10.0318 12.5648 7.78155 12.4983 4.22709 -0.810514 42.8765
1215171 10.5731 12.8053 7.05298 10.1555 3.28602 -2.28027 40.5868
1215174 11.1433 13.2094 8.6619 9.03246 1.44879 -2.3753 42.047
1215182 11.1433 13.2094 8.6619 9.03246 1.44879 -2.3753 42.047
1215193 11.8198 13.8059 14.4095 10.1071 -1.1549 -0.331781 50.1423
1215203 11.8198 13.8059 14.4095 10.1071 -1.1549 -0.331781 50.1423
1215216 11.8681 14.133 18.2229 10.93 -2.27912 0.857182 55.154
1215223 11.5782 13.9791 20.3555 11.2397 -2.93727 1.58472 57.1525
1215239 11.5782 13.9791 20.3555 11.2397 -2.93727 1.58472 57.1525
1215244 11.2206 12.9785 21.5583 11.1913 -3.77928 2.25217 56.9487
1215254 10.631 12.9785 21.912 10.5911 -3.99796 2.37743 56.1127
1215264 10.631 11.4103 21.912 10.5911 -4.83167 2.87704 54.5445
1215274 9.70324 9.60158 22.1243 9.95216 -5.9719 3.72848 51.3812
1215287 9.70324 9.60158 22.1243 9.95216 -5.9719 3.72848 51.3812
1215294 8.50483 7.52349 22.7307 9.60364 -7.29302 5.05742 48.3626
1215312 7.40307 5.49349 23.7515 9.55524 -8.71465 6.62621 46.2033
1215336 7.40307 5.49349 23.7515 9.55524 -8.71465 6.62621 46.2033
1215336 6.50426 3.76174 24.9542 9.60364 -10.0912 8.1291 44.8239
1215338 5.99204 3.76174 26.1266 9.60364 -10.3076 8.56668 45.4841
1215345 5.99204 2.588 26.1266 9.85535 -11.0382 9.22375 44.562
1215360 5.84707 2.0781 27.2384 10.2813 -11.4018 9.76828 45.4449
1215375 5.84707 2.0781 27.2384 10.2813 -11.4018 9.76828 45.4449
1215385 5.87607 1.91454 28.1581 10.6395 -11.5266 9.98332 46.5883
1215387 6.05003 1.94341 28.7949 11.0558 -11.415 9.98783 47.8441
1215396 6.05003 1.94341 28.7949 11.0558 -11.415 9.98783 47.8441
1215415 6.08869 2.08772 29.1385 11.0558 -11.4138 9.92891 48.3707
1215418 6.02103 1.97227 29.0678 11.0752 -11.4474 10.0183 48.1363
1215434 6.02103 1.97227 29.0678 11.0752 -11.4474 10.0183 48.1363
1215441 5.97271 1.87606 28.997 11.0074 -11.5386 10.0795 47.8532
1215448 5.97271 1.87606 28.997 11.0074 -11.5386 10.0795 47.8532
1215459 5.66344 1.83758 28.5422 10.8041 -11.5076 10.1965 46.8473
1215467 5.46049 1.68364 27.8853 10.5524 -11.5779 10.298 45.5818
1215485 5.46049 1.68364 27.8853 10.5524 -11.5779 10.298 45.5818
1215489 5.25753 1.59706 27.3092 10.262 -11.653 10.3712 44.4257
1215499 5.01592 1.49123 26.9453 10.1264 -11.6705 10.5204 43.5789
1215511 5.01592 1.49123 26.9453 10.1264 -11.6705 10.5204 43.5789
1215519 4.89028 1.47199 26.5713 9.91344 -11.7139 10.5454 42.847
1215536 4.89028 1.47199 26.5713 9.91344 -11.7139 10.5454 42.847
1215539 4.84196 1.35654 26.5208 9.99089 -11.7158 10.6461 42.7102
1215563 4.81296 1.39502 26.4804 9.97153 -11.6777 10.6343 42.6599
1215564 4.81296 1.39502 26.4804 9.97153 -11.6777 10.6343 42.6599
1215570 4.95793 1.45274 26.6724 10.0683 -11.6504 10.5431 43.1514
1215586 5.25753 1.6644 27.0464 10.2039 -11.5659 10.2989 44.1722
1215592 5.25753 1.6644 27.0464 10.2039 -11.5659 10.2989 44.1722
1215601 5.5668 1.85682 27.39 10.3588 -11.4789 10.0698 45.1724
1215611 5.84707 1.85682 27.7033 10.4459 -11.5846 9.95963 45.8531
1215621 5.84707 1.85682 27.7033 10.4459 -11.5846 9.95963 45.8531
1215635 6.06936 2.01075 27.8246 10.4362 -11.5702 9.76913 46.3409
1215641 6.06936 2.01075 27.8246 10.4362 -11.5702 9.76913 46.3409
1215660 6.59125 2.72269 27.8751 10.4459 -11.1776 9.13418 47.635
1215663 7.20978 3.6944 28.1177 10.7944 -10.4578 8.43337 49.8163
1215672 7.20978 3.6944 28.1177 10.7944 -10.4578 8.43337 49.8163
1215684 7.47072 4.05999 28.0571 11.0268 -10.0964 8.16558 50.6145
1215696 7.67368 4.53141 27.5416 11.201 -9.56022 7.81317 50.9477
1215709 7.67368 4.53141 27.5416 11.201 -9.56022 7.81317 50.9477
1215713 8.33087 5.8687 26.3086 11.0752 -8.5762 6.74176 51.5833
1215741 9.29733 7.61007 24.1153 10.5718 -7.38007 5.16907 51.5945
1215744 9.9062 8.8223 21.5077 9.82631 -6.37468 3.77694 50.0625
1215762 9.9062 8.8223 21.5077 9.82631 -6.37468 3.77694 50.0625
1215765 10.4667 9.93831 18.5666 9.14863 -5.16746 2.27872 48.1203
1215774 10.7663 10.8234 15.806 9.13895 -3.55107 1.0815 46.5347
1215786 10.7663 10.8234 15.806 9.13895 -3.55107 1.0815 46.5347
1215794 11.2496 11.747 13.6607 10.6879 -1.30707 0.428354 47.3452
1215804 11.2496 11.747 13.6607 10.6879 -1.30707 0.428354 47.3452
1215814 11.5105 12.4686 11.3839 12.1207 0.892344 -0.149877 47.4838
1215838 11.6072 12.9304 9.74464 13.418 2.61874 -0.43236 47.7002
1215841 11.6072 12.9304 9.74464 13.418 2.61874 -0.43236 47.7002
1215845 11.4719 13.3152 9.75476 15.4607 3.77446 0.12851 50.0025
1215855 10.863 13.4114 10.2506 17.3763 4.65987 0.968893 51.9013
1215865 10.863 13.4114 10.2506 17.3763 4.65987 0.968893 51.9013
1215875 9.68391 13.0651 10.1899 18.5437 5.69853 1.74367 51.4826
1215903 8.11825 12.4975 9.96726 19.4506 6.92663 2.63888 50.0336
1215906 6.31097 11.9394 9.81548 20.5216 8.40472 3.7314 48.5875
1215917 6.31097 11.9394 9.81548 20.5216 8.40472 3.7314 48.5875
1215926 4.62933 11.3718 9.775 21.5925 9.7955 4.86599 47.3687
1215947 3.19898 10.8812 9.86607 22.702 10.9962 5.94491 46.6482
1215949 3.19898 10.8812 9.86607 22.702 10.9962 5.94491 46.6482
1215958 2.57078 10.8427 10.1899 23.6862 11.5079 6.49063 47.2895
1215971 2.57078 10.8427 10.1899 23.6862 11.5079 6.49063 47.2895
1215978 2.53212 10.8908 10.4125 24.2072 11.528 6.61812 48.0425
1215988 2.56111 10.8331 10.5238 24.3229 11.4379 6.67045 48.2409
1216003 2.56111 10.8331 10.5238 24.3229 11.4379 6.67045 48.2409
1216009 2.46447 10.7657 10.4631 24.2168 11.5085 6.71562 47.9101
1216024 2.35816 10.554 10.2911 23.937 11.5834 6.78269 47.1403
1216029 2.35816 10.554 10.2911 23.937 11.5834 6.78269 47.1403
1216050 2.29051 10.4001 10.0077 23.4835 11.685 6.75611 46.1819
1216051 2.29051 10.4001 10.0077 23.4835 11.685 6.75611 46.1819
1216059 2.26151 10.3039 9.76488 22.895 11.7039 6.66479 45.2253
1216079 2.19386 10.3231 9.47143 22.4319 11.8694 6.54643 44.4203
1216081 2.19386 10.3231 9.47143 22.4319 11.8694 6.54643 44.4203
1216089 2.1552 10.3135 9.22857 22.017 11.9794 6.44304 43.7143
1216109 2.13587 10.3424 9.16786 21.9398 12.0328 6.41128 43.586
1216117 2.13587 10.3424 9.16786 21.9398 12.0328 6.41128 43.586
1216133 2.09721 10.3616 9.21845 21.853 12.0025 6.41368 43.5303
1216137 2.09721 10.3616 9.21845 21.853 12.0025 6.41368 43.5303
1216140 2.11654 10.3905 9.21845 21.9495 12.0235 6.40901 43.675
1216160 2.16487 10.4578 9.26905 22.181 12.0284 6.40783 44.0728
1216161 2.16487 10.4578 9.26905 22.181 12.0284 6.40783 44.0728
1216172 2.23252 10.6214 9.28929 22.4222 12.0732 6.34717 44.5654
1216185 2.27118 10.6695 9.4006 22.7213 12.0494 6.38487 45.0626
1216191 2.27118 10.6695 9.4006 22.7213 12.0494 6.38487 45.0626
1216201 2.27118 10.8138 9.52202 22.7985 12.0135 6.35459 45.4055
1216216 2.27118 10.8138 9.52202 22.7985 12.0135 6.35459 45.4055
1216223 2.24218 10.8138 9.57262 22.9915 12.0509 6.41432 45.6201
1216237 2.29051 10.8908 9.57262 23.1266 12.0717 6.38111 45.8805
1216245 2.29051 10.8908 9.57262 23.1266 12.0717 6.38111 45.8805
1216254 2.28084 10.9581 9.70417 23.3871 12.0657 6.42743 46.3302
1216264 2.63843 11.2275 9.84583 23.609 11.8089 6.20939 47.3207
1216273 2.63843 11.2275 9.84583 23.609 11.8089 6.20939 47.3207
1216291 3.39227 11.6893 10.1494 23.8019 11.1912 5.77258 49.0329
1216293 3.39227 11.6893 10.1494 23.8019 11.1912 5.77258 49.0329
1216307 3.70153 11.7374 10.5744 23.8695 10.6905 5.71487 49.8828
1216317 4.0108 11.824 10.8982 23.8212 10.2544 5.60328 50.5542
1216324 4.0108 11.824 10.8982 23.8212 10.2544 5.60328 50.5542
1216342 4.89994 12.0645 10.8881 23.2327 9.54736 5.03756 51.0852
1216344 5.8664 12.5071 10.6958 22.2872 8.87523 4.2671 51.3565
1216354 5.8664 12.5071 10.6958 22.2872 8.87523 4.2671 51.3565
1216368 6.37862 12.6802 10.3012 20.9364 8.41851 3.63209 50.2965
1216379 6.37862 12.6802 10.0179 20.9364 8.60783 3.56768 50.0132
1216385 6.58158 12.6225 10.0179 19.5375 7.97822 3.18437 48.7594
1216397 6.78454 12.5648 11.1411 18.5148 6.71049 3.15471 49.0052
1216405 6.78454 12.5648 11.1411 18.5148 6.71049 3.15471 49.0052
1216423 6.73621 12.3243 13.0333 17.7526 5.16952 3.52846 49.8464
1216425 6.6589 12.0741 13.6708 15.7608 3.89561 3.33189 48.1647
1216456 6.6589 12.0741 13.6708 15.7608 3.89561 3.33189 48.1647
1216467 6.68789 11.7182 13.4786 13.2825 2.67571 2.77469 45.1671
1216486 7.36441 11.0832 15.6946 10.4072 -0.880307 2.57721 44.5494
1216497 7.74133 10.7753 17.9096 10.5233 -2.31753 3.16818 46.9496
1216506 8.01194 10.3905 20.0523 10.9493 -3.40278 3.82535 49.4041
1216525 8.01194 10.3905 20.0523 10.9493 -3.40278 3.82535 49.4041
1216527 8.15691 9.65931 21.6391 11.2397 -4.38749 4.45684 50.6951
1216539 8.08926 9.65931 22.7711 11.2397 -4.81135 4.71285 51.7594
1216551 8.08926 8.45671 22.7711 11.1042 -5.60252 5.15537 50.4213
1216557 7.91529 7.206 23.5493 10.8815 -6.74899 5.84523 49.5522
1216567 7.91529 7.206 23.5493 10.8815 -6.74899 5.84523 49.5522
1216581 7.53837 5.70515 24.2872 10.533 -8.10765 6.73377 48.0637
1216592 7.01649 4.1562 25.1968 10.4169 -9.42595 7.83593 46.7863
1216608 7.01649 4.1562 25.1968 10.4169 -9.42595 7.83593 46.7863
1216610 6.68789 2.72269 26.2985 10.3685 -10.7944 8.87298 46.0775
1216619 6.51393 1.93379 27.4001 10.717 -11.416 9.55745 46.5648
1216633 6.51393 1.93379 27.4001 10.717 -11.416 9.55745 46.5648
1216640 6.75554 1.83758 28.6534 11.1623 -11.5728 9.67465 48.4088
1216650 6.75554 1.83758 28.6534 11.1623 -11.5728 9.67465 48.4088
1216661 6.97783 2.05886 29.4417 11.5592 -11.3922 9.58207 50.0376
1216670 7.1228 2.09734 29.6439 11.5786 -11.4441 9.51646 50.4426
1216688 7.1228 2.09734 29.6439 11.5786 -11.4441 9.51646 50.4426
1216695 7.19045 2.1262 29.3912 11.385 -11.5139 9.42037 50.0928
1216701 7.18078 2.02999 28.8151 11.1139 -11.626 9.37679 49.1398
1216715 7.18078 2.02999 28.8151 11.1139 -11.626 9.37679 49.1398
1216721 6.98749 2.02999 28.1379 10.6782 -11.7162 9.34447 47.8337
1216731 6.98749 2.02999 28.1379 10.6782 -11.7162 9.34447 47.8337
1216742 6.84252 1.90492 27.2485 10.2716 -11.8412 9.32814 46.2676
1216751 6.55259 1.75099 26.5511 10.0683 -11.8449 9.4548 44.923
1216769 6.55259 1.75099 26.5511 10.0683 -11.8449 9.4548 44.923
1216773 6.35929 1.64516 25.9043 9.70046 -11.9917 9.49351 43.6092
1216783 6.29164 1.64516 25.5 9.54556 -11.9822 9.46042 42.9824
1216797 6.29164 1.64516 25.5 9.54556 -11.9822 9.46042 42.9824
1216803 6.15634 1.58744 25.5 9.49715 -12.0328 9.56462 42.7409
1216813 6.15634 1.58744 25.5 9.49715 -12.0328 9.56462 42.7409
1216825 6.12735 1.46237 25.7224 9.64237 -12.0738 9.69924 42.9544
1216843 6.17567 1.57782 26.0761 9.7779 -11.9796 9.66595 43.6075
1216855 6.17567 1.57782 26.0761 9.7779 -11.9796 9.66595 43.6075
1216860 6.14667 1.54895 26.6623 9.96185 -12.0139 9.79084 44.3198
1216869 6.166 1.52971 27.3092 10.2426 -11.9912 9.89758 45.2475
1216883 6.166 1.52971 27.3092 10.2426 -11.9912 9.89758 45.2475
1216889 6.25298 1.52971 27.956 10.504 -11.9885 9.95097 46.2427
1216898 6.25298 1.52971 27.956 10.504 -11.9885 9.95097 46.2427
1216913 6.27231 1.46237 28.3906 10.6879 -12.0226 10.0433 46.8132
1216915 6.7942 2.34748 28.7949 11.1623 -11.2423 9.41432 49.0989
1216925 6.7942 2.34748 28.7949 11.1623 -11.2423 9.41432 49.0989
1216940 7.2581 3.31919 28.9061 11.4431 -10.5063 8.76907 50.9264
1216945 7.50938 3.9253 28.7342 11.9077 -9.79833 8.41278 52.0767
1216956 7.50938 3.9253 28.7342 11.9077 -9.79833 8.41278 52.0767
1216968 7.84764 4.73345 27.956 12.1014 -9.00902 7.82972 52.6385
1216976 7.84764 4.73345 27.956 12.1014 -9.00902 7.82972 52.6385
1216995 8.26322 6.16695 26.6926 11.9658 -7.92216 6.84562 53.0886
1216997 8.63047 7.10979 25.1665 11.6173 -7.17283 6.00968 52.524
1217006 8.63047 7.10979 25.1665 11.6173 -7.17283 6.00968 52.524
1217023 8.67879 7.57159 23.0642 10.8912 -6.61287 5.28974 50.2058
1217031 8.77544 8.00453 20.5476 10.3007 -5.78323 4.43065 47.6282
1217037 8.77544 8.00453 20.5476 10.3007 -5.78323 4.43065 47.6282
1217050 8.91074 8.21619 18.415 11.1817 -4.2419 4.00324 46.7236
1217058 9.31666 8.56254 16.2917 13.0017 -2.14324 3.6295 47.1726
1217078 9.31666 8.56254 16.2917 13.0017 -2.14324 3.6295 47.1726
1217079 9.7419 8.67799 13.681 13.447 -0.712343 2.86779 45.5479
1217087 9.7419 8.67799 13.681 13.447 -0.712343 2.86779 45.5479
1217106 10.1865 8.90889 11.647 13.8246 0.504851 2.14607 44.567
1217109 10.5537 9.29372 11.3839 15.4413 1.49842 2.24258 46.6727
1217119 10.5537 9.29372 11.3839 15.4413 1.49842 2.24258 46.6727
1217135 10.5827 9.62083 11.9911 17.4728 2.27503 2.79669 49.6674
1217139 10.1381 9.61121 12.3554 19.1419 3.05366 3.43863 51.2466
1217164 10.1381 9.61121 12.3554 19.1419 3.05366 3.43863 51.2466
1217165 9.04605 9.45727 12.3149 20.483 4.18086 4.17959 51.3012
1217180 7.57703 9.00509 11.9911 21.5732 5.48903 5.07977 50.1464
1217193 5.64412 8.43746 11.7583 22.7503 7.09263 6.30591 48.5902
1217200 5.64412 8.43746 11.7583 22.7503 7.09263 6.30591 48.5902
1217222 3.59522 7.79287 11.4649 23.8598 8.88011 7.68631 46.7128
1217224 1.95225 7.33107 11.3637 24.9115 10.3859 8.88699 45.5585
1217230 1.95225 7.33107 11.3637 24.9115 10.3859 8.88699 45.5585
1217251 1.0921 7.19638 11.6268 25.828 11.0975 9.56414 45.7433
1217255 1.0921 7.19638 11.6268 25.828 11.0975 9.56414 45.7433
1217261 0.976123 7.32145 11.8696 26.3973 11.2065 9.65414 46.5645
1217280 1.0921 7.42728 12.0619 26.6481 11.0744 9.58851 47.2294
1217281 1.0921 7.42728 12.0619 26.6481 11.0744 9.58851 47.2294
1217291 1.10176 7.45614 11.8798 26.4359 11.1526 9.52277 46.8735
1217309 1.00512 7.41766 11.6673 26.1657 11.3018 9.53726 46.2558
1217316 1.00512 7.41766 11.6673 26.1657 11.3018 9.53726 46.2558
1217322 0.985787 7.35993 11.4851 25.9149 11.3693 9.52688 45.7457
1217349 0.976123 7.34069 11.4042 25.9052 11.4329 9.53156 45.6262
1217353 0.889142 7.31183 11.3839 25.8666 11.4987 9.587 45.4515
1217370 0.889142 7.31183 11.3839 25.8666 11.4987 9.587 45.4515
1217376 0.918135 7.42728 11.2423 25.6544 11.5607 9.46616 45.242
1217385 1.0631 7.56197 11.0601 25.4228 11.562 9.26372 45.108
1217401 1.0631 7.56197 11.0601 25.4228 11.562 9.26372 45.108
1217405 1.07277 7.77363 10.8881 24.8632 11.5903 9.0492 44.5977
1217414 1.07277 7.77363 10.8881 24.8632 11.5903 9.0492 44.5977
1217431 1.18874 7.99491 10.706 24.5834 11.6271 8.80502 44.473
1217434 1.30472 8.16808 10.6149 24.3519 11.589 8.60516 44.4396
1217460 1.30472 8.16808 10.6149 24.3519 11.589 8.60516 44.4396
1217462 1.38204 8.29315 10.453 24.1107 11.6237 8.43889 44.2388
1217469 1.3917 8.38936 10.4125 23.9659 11.6346 8.35518 44.1595
1217489 1.3917 8.38936 10.4125 23.9659 11.6346 8.35518 44.1595
1217490 1.47868 8.51443 10.372 23.9563 11.631 8.23593 44.3214
1217494 1.47868 8.51443 10.372 23.9563 11.631 8.23593 44.3214
1217519 1.45935 8.5914 10.372 23.9659 11.673 8.20723 44.3887
1217520 1.78795 8.8704 10.7161 24.1879 11.2781 7.98212 45.5623
1217525 1.78795 8.8704 10.7161 24.1879 11.2781 7.98212 45.5623
1217535 3.01535 9.49576 11.394 24.4869 10.1118 7.24392 48.3921
1217549 4.0108 9.92869 12.0214 24.5255 9.12225 6.71689 50.4865
1217555 4.0108 9.92869 12.0214 24.5255 9.12225 6.71689 50.4865
1217577 4.71632 10.15 12.406 23.7537 8.22199 6.25957 51.0259
1217584 4.71632 10.15 12.406 23.7537 8.22199 6.25957 51.0259
1217593 6.14667 10.7368 12.4869 22.4415 7.01807 5.22416 51.812
1217609 7.43206 11.1024 12.1327 20.5602 5.90397 4.14575 51.2274
1217611 7.43206 11.1024 12.1327 20.5602 5.90397 4.14575 51.2274
1217620 8.22456 11.3237 11.4042 18.2832 5.06655 3.08895 49.2356
1217638 8.85276 11.468 10.4631 15.6156 4.18527 1.86142 46.3995
1217640 8.85276 11.468 10.4631 15.6156 4.18527 1.86142 46.3995
1217646 9.4423 11.747 9.5119 12.8178 3.22307 0.393051 43.519
1217670 9.4423 11.747 9.5119 12.8178 3.22307 0.393051 43.519
1217672 10.0318 11.9202 9.38036 10.4072 1.74606 -0.777861 41.7396
1217677 10.747 12.3339 12.9524 10.2136 -0.622715 0.0275767 46.2468
1217704 10.863 12.3916 18.2128 11.1429 -2.63316 1.73953 52.6104
1217708 10.747 12.0357 20.8306 11.5302 -3.63223 2.60541 55.1434
1217730 10.747 12.0357 20.8306 11.5302 -3.63223 2.60541 55.1434
1217732 10.6504 11.2852 22.1142 11.4624 -4.51112 3.14552 55.5122
1217743 10.6504 11.2852 22.1142 11.4624 -4.51112 3.14552 55.5122
1217761 10.4474 9.99604 22.8924 11.0752 -5.637 3.72832 54.411
1217763 10.0318 8.50481 23.3068 10.5137 -6.83773 4.37872 52.3571
1217769 10.0318 8.50481 23.3068 10.5137 -6.83773 4.37872 52.3571
1217791 9.46163 6.94624 23.6201 9.99089 -8.06925 5.15899 50.0188
1217792 8.72712 5.28183 24.1558 9.66173 -9.3773 6.21263 47.8265
1217800 8.72712 5.28183 24.1558 9.66173 -9.3773 6.21263 47.8265
1217821 7.97328 3.72326 24.8532 9.43907 -10.6896 7.36996 45.9888
1217822 7.97328 3.72326 24.8532 9.43907 -10.6896 7.36996 45.9888
1217830 7.29676 2.55914 25.7628 9.58428 -11.5679 8.4589 45.203
1217852 6.92951 2.06848 26.9554 10.1748 -11.729 9.14807 46.1282
1217855 6.92951 2.06848 26.9554 10.1748 -11.729 9.14807 46.1282
1217861 6.83286 2.03962 28.0065 10.6686 -11.6364 9.40194 47.5476
1217883 6.50426 1.88568 28.7342 10.9493 -11.6507 9.7643 48.0735
1217886 6.50426 1.88568 28.7342 10.9493 -11.6507 9.7643 48.0735
1217891 6.05003 1.67402 29.0375 11.0655 -11.6817 10.155 47.827
1217915 6.05003 1.67402 29.0375 11.0655 -11.6817 10.155 47.827
1217916 5.64412 1.52009 28.9768 11.0752 -11.6621 10.448 47.2162
1217921 5.35418 1.27957 28.9364 10.9687 -11.8408 10.7237 46.5388
1217946 5.35418 1.27957 28.9364 10.9687 -11.8408 10.7237 46.5388
1217950 5.05458 1.21222 28.5725 10.7363 -11.8915 10.8749 45.5757
1217959 4.78397 1.00057 28.3199 10.5911 -12.0326 11.1174 44.6955
1217977 4.61001 0.93322 28.2188 10.5524 -12.0408 11.2473 44.3144
1217986 4.61001 0.93322 28.2188 10.5524 -12.0408 11.2473 44.3144
1217995 4.45537 0.798529 28.2693 10.5718 -12.1071 11.4255 44.095
1218011 4.40705 0.808149 28.3502 10.5621 -12.1166 11.4545 44.1274
1218014 4.40705 0.808149 28.3502 10.5621 -12.1166 11.4545 44.1274
1218024 4.3394 0.798529 28.6029 10.6686 -12.0893 11.5292 44.4093
1218042 4.41671 0.837012 28.8555 10.7944 -12.0485 11.49 44.9037
1218044 4.41671 0.837012 28.8555 10.7944 -12.0485 11.49 44.9037
1218059 4.69699 0.923599 29.0678 10.8912 -12.0393 11.3006 45.5796
1218075 4.69699 0.923599 29.0678 10.8912 -12.0393 11.3006 45.5796
1218077 4.9676 1.09677 29.4923 11.0461 -11.9719 11.0961 46.6028
1218085 5.29619 1.24109 29.3205 10.9977 -11.9398 10.8144 46.8555
1218105 5.29619 1.24109 29.3205 10.9977 -11.9398 10.8144 46.8555
1218107 5.47015 1.30843 29.0172 10.7654 -12.0345 10.6325 46.5612
1218115 5.71177 1.40464 28.7039 10.6686 -12.015 10.4077 46.4889
1218137 5.71177 1.40464 28.7039 10.6686 -12.015 10.4077 46.4889
1218139 5.91472 1.54895 28.2693 10.4362 -12.0204 10.1502 46.1692
1218146 6.195 1.65478 27.8347 10.2426 -12.0475 9.87245 45.9271
1218169 6.195 1.65478 27.8347 10.2426 -12.0475 9.87245 45.9271
1218171 6.58158 1.83758 27.3193 10.0006 -12.059 9.47791 45.739
1218176 6.58158 1.83758 27.3193 10.0006 -12.059 9.47791 45.739
1218201 7.4224 3.03056 27.0262 10.0103 -11.2698 8.39665 47.4894
1218202 8.12791 4.17544 26.7128 10.1264 -10.4486 7.4892 49.1426
1218207 8.12791 4.17544 26.7128 10.1264 -10.4486 7.4892 49.1426
1218233 8.46617 4.60838 26.4096 10.3588 -9.98569 7.13055 49.8429
1218234 8.95907 5.46463 25.5606 10.4846 -9.19895 6.4262 50.469
1218240 8.95907 5.46463 25.5606 10.4846 -9.19895 6.4262 50.469
1218249 9.6066 6.72496 23.7414 10.0683 -8.25402 5.22868 50.1413
1218267 9.6066 6.72496 23.7414 10.0683 -8.25402 5.22868 50.1413
1218270 10.2155 8.25467 21.3662 9.45843 -7.0335 3.75938 49.2948
1218298 10.8727 9.39955 19.6683 10.4653 -5.29508 2.93458 50.4057
1218299 10.8727 9.39955 19.6683 10.4653 -5.29508 2.93458 50.4057
1218302 11.4139 10.5156 18.6576 12.8081 -3.15936 2.67895 53.3951
1218331 11.7715 11.1217 16.0893 13.0404 -1.77741 1.79822 52.0229
1218332 11.7715 11.1217 16.0893 13.0404 -1.77741 1.79822 52.0229
1218334 11.8391 11.5161 13.2256 12.3337 -0.620915 0.67589 48.9146
1218364 11.8391 11.5161 13.2256 12.3337 -0.620915 0.67589 48.9146
1218365 11.7135 11.8817 11.3536 12.1788 0.527021 -0.0199896 47.1276
1218367 11.4815 12.2569 10.7464 12.8565 1.52376 -0.042944 47.3414
1218371 11.4815 12.2569 10.7464 12.8565 1.52376 -0.042944 47.3414
1218397 11.1239 12.4975 10.6351 13.7568 2.34061 0.240734 48.0133
1218399 10.5441 12.5456 10.4732 14.2506 3.02157 0.512672 47.8134
1218404 10.5441 12.5456 10.4732 14.2506 3.02157 0.512672 47.8134
1218412 9.73223 12.4397 10.2 15.0154 3.96882 0.963362 47.3873
1218432 8.69812 12.3339 10.0988 16.0997 5.10085 1.64082 47.2305
1218449 7.57703 12.3243 10.1089 17.4631 6.37275 2.42369 47.4734
1218466 7.57703 12.3243 10.1089 17.4631 6.37275 2.42369 47.4734
1218467 6.34963 12.1703 9.9369 18.6402 7.70961 3.2031 47.0971
1218474 5.12223 12.0838 9.82559 19.8462 9.0566 3.98882 46.8778
1218498 5.12223 12.0838 9.82559 19.8462 9.0566 3.98882 46.8778
1218500 4.27175 12.18 9.9369 20.8593 9.96371 4.554 47.2479
1218504 3.8465 12.3724 10.2101 21.6793 10.3907 4.88603 48.1083
1218514 3.8465 12.3724 10.2101 21.6793 10.3907 4.88603 48.1083
1218533 3.80785 12.5744 10.4732 22.1135 10.4183 4.96369 48.969
1218539 3.80785 12.5744 10.4732 22.1135 10.4183 4.96369 48.969
1218545 3.89483 12.7187 10.544 22.2486 10.3876 4.91206 49.4062
1218567 3.93349 12.7572 10.3923 22.0074 10.4088 4.80001 49.0903
1218568 3.93349 12.7572 10.3923 22.0074 10.4088 4.80001 49.0903
1218575 3.92382 12.7091 10.1494 21.3995 10.3957 4.64366 48.1819
1218601 3.86583 12.6514 9.775 20.618 10.4607 4.43693 46.9103
1218603 3.86583 12.6514 9.775 20.618 10.4607 4.43693 46.9103
1218606 3.94315 12.5744 9.28929 19.769 10.4831 4.12742 45.5759
1218616 3.94315 12.5744 9.28929 19.769 10.4831 4.12742 45.5759
1218636 3.92382 12.459 8.925 18.9586 10.4869 3.89713 44.2664
1218638 3.91416 12.4012 8.62143 18.4569 10.556 3.72044 43.3937
1218671 3.8755 12.3435 8.40893 17.9938 10.589 3.58397 42.6217
1218675 3.89483 12.305 8.32798 17.8201 10.5686 3.52374 42.3479
1218684 3.89483 12.305 8.32798 17.8201 10.5686 3.52374 42.3479
1218705 3.88516 12.1896 8.43929 17.8394 10.4505 3.61385 42.3534
1218707 3.88516 12.1896 8.43929 17.8394 10.4505 3.61385 42.3534
1218711 3.77885 12.0645 8.61131 18.3121 10.5143 3.88622 42.7668
1218720 3.80785 12.1222 8.8744 18.727 10.4333 4.02168 43.5315
1218740 3.80785 12.1222 8.8744 18.727 10.4333 4.02168 43.5315
1218743 3.89483 12.2666 8.99583 18.9972 10.4027 4.0194 44.1544
1218749 3.94315 12.3916 9.03631 19.1129 10.4111 3.98384 44.484
1218774 3.94315 12.3916 9.03631 19.1129 10.4111 3.98384 44.484
1218776 3.96248 12.3435 9.12738 19.3831 10.3961 4.08482 44.8165
1218779 3.96248 12.3435 9.12738 19.3831 10.3961 4.08482 44.8165
1218789 3.93349 12.4397 9.36012 19.6339 10.3489 4.17289 45.3673
1218809 3.95281 12.5456 9.53214 20.0681 10.3738 4.26321 46.0986
1218811 3.95281 12.5456 9.53214 20.0681 10.3738 4.26321 46.0986
1218820 5.17055 13.1132 9.95714 20.5795 9.50677 3.76468 48.8203
1218843 6.41728 13.8347 10.453 20.8689 8.64458 3.21961 51.5739
1218845 6.41728 13.8347 10.453 20.8689 8.64458 3.21961 51.5739
1218851 7.22911 13.9983 10.8274 20.6759 7.87859 2.92313 52.7307
