314258 11.037 8.31239 9.70417 3.45615 -6.89993 -2.85563 32.5097
314267 11.5878 7.56197 10.4935 2.98178 -8.84102 -2.609 32.625
314294 11.9454 6.7442 11.4143 2.8172 -10.4783 -2.03128 32.9211
314298 11.9454 6.7442 11.4143 2.8172 -10.4783 -2.03128 32.9211
314308 12.0421 5.75325 12.3048 2.62358 -12.2007 -1.31418 32.7237
314318 11.9841 4.74307 12.8917 2.32346 -13.9386 -0.710041 31.9423
314336 11.9841 4.74307 12.8917 2.32346 -13.9386 -0.710041 31.9423
314340 11.8294 3.62705 13.1143 2.05239 -15.7269 -0.141962 30.6232
314348 11.6748 2.48217 13.4381 1.78132 -17.7433 0.542491 29.3764
314367 11.6748 2.48217 13.4381 1.78132 -17.7433 0.542491 29.3764
314377 11.6362 1.49123 14.1565 1.60706 -19.638 1.36871 28.891
314385 11.6362 1.49123 14.1565 1.60706 -19.638 1.36871 28.891
314395 11.8391 0.846633 14.9863 1.6361 -20.7644 2.0148 29.3082
314399 12.0324 0.58687 15.7756 1.76196 -21.1056 2.44635 30.1568
314409 12.0324 0.58687 15.7756 1.76196 -21.1056 2.44635 30.1568
314424 12.158 0.615733 16.3018 1.85877 -21.0004 2.61204 30.9343
314430 12.2354 0.567629 16.3726 1.791 -21.1917 2.59665 30.9666
314439 12.2354 0.567629 16.3726 1.791 -21.1917 2.59665 30.9666
314449 12.2933 0.538766 16.1601 1.7426 -21.2886 2.47468 30.7348
314464 12.2933 0.538766 16.1601 1.7426 -21.2886 2.47468 30.7348
314470 12.1097 0.442558 15.8768 1.70387 -21.4384 2.5031 30.1329
314479 11.9841 0.423316 15.6845 1.65547 -21.5059 2.48724 29.7474
314505 11.8874 0.490662 15.4012 1.6361 -21.3849 2.3759 29.4154
314515 11.8874 0.490662 15.4012 1.6361 -21.3849 2.3759 29.4154
314524 11.7231 0.432937 15.3202 1.6361 -21.4465 2.47331 29.1124
314534 11.5105 0.336729 15.2089 1.67483 -21.4993 2.62948 28.731
314543 11.5105 0.336729 15.2089 1.67483 -21.4993 2.62948 28.731
314552 11.3945 0.365591 15.1583 1.61674 -21.5265 2.63619 28.5352
314563 11.4912 0.423316 15.1887 1.59738 -21.4797 2.54606 28.7006
314571 11.4912 0.423316 15.1887 1.59738 -21.4797 2.54606 28.7006
314585 11.4815 0.47142 15.1583 1.72323 -21.1944 2.56392 28.8345
314593 11.4815 0.47142 15.1583 1.72323 -21.1944 2.56392 28.8345
314606 11.4139 0.375212 15.1381 1.62642 -21.495 2.61373 28.5536
314612 11.1529 0.413696 15.2696 1.68451 -21.3216 2.83348 28.5208
314621 11.1529 0.413696 15.2696 1.68451 -21.3216 2.83348 28.5208
314632 11.0466 0.384833 15.5429 1.66515 -21.4211 3.02549 28.6395
314641 10.979 0.34635 15.8869 1.80068 -21.2999 3.28937 29.0129
314657 10.979 0.34635 15.8869 1.80068 -21.2999 3.28937 29.0129
314663 10.921 0.365591 16.3423 1.92654 -21.1223 3.54364 29.5554
314673 10.921 0.365591 16.3423 1.92654 -21.1223 3.54364 29.5554
314683 10.8437 0.307866 16.6863 1.92654 -21.2465 3.76019 29.7644
314693 10.747 0.317487 17 2.06207 -21.0507 3.98198 30.1266
314704 10.747 0.317487 17 2.06207 -21.0507 3.98198 30.1266
314714 10.6987 0.259762 17.1516 2.06207 -21.1524 4.10406 30.1721
314724 10.4861 0.240521 17.283 2.12016 -21.0825 4.3196 30.1297
314734 10.4861 0.240521 17.283 2.12016 -21.0825 4.3196 30.1297
314744 10.2831 0.192417 17.374 2.08143 -21.2015 4.50029 29.9309
314754 9.93519 0.153933 17.3335 2.08143 -21.2118 4.7413 29.5041
314769 9.93519 0.153933 17.3335 2.08143 -21.2118 4.7413 29.5041
314776 9.7419 0.0962083 17.1617 2.26538 -20.9652 4.91487 29.2652
314785 9.7419 0.0962083 17.1617 2.26538 -20.9652 4.91487 29.2652
314795 9.81922 1.21222 16.7673 2.27506 -19.2021 3.99562 30.0738
314805 9.69358 2.44369 16.0792 2.60421 -16.8108 3.18591 30.8206
314817 9.69358 2.44369 16.0792 2.60421 -16.8108 3.18591 30.8206
314825 9.6066 4.10809 14.9863 3.01082 -13.7756 2.02564 31.7118
314840 9.40364 5.93605 13.1952 3.23349 -10.5682 0.514205 31.7684
314847 9.40364 5.93605 13.1952 3.23349 -10.5682 0.514205 31.7684
314858 9.09437 7.74477 10.706 3.77563 -6.60899 -1.12907 31.3207
314874 9.09437 7.74477 10.706 3.77563 -6.60899 -1.12907 31.3207
314883 8.4855 9.11092 7.95357 5.72153 -1.28441 -1.88094 31.2715
314891 7.49005 10.4482 5.30238 8.36446 4.76209 -2.02725 31.6051
314902 7.49005 10.4482 5.30238 8.36446 4.76209 -2.02725 31.6051
314910 6.02103 11.4007 3.4506 10.2813 9.79851 -1.77658 31.1536
314923 4.5037 12.2666 2.86369 12.1401 13.4066 -0.83392 31.774
314939 3.28596 12.9304 2.91429 14.0569 15.6588 0.34119 33.1876
314949 3.28596 12.9304 2.91429 14.0569 15.6588 0.34119 33.1876
314959 2.24218 13.3345 3.21786 15.664 17.0774 1.43878 34.4585
314968 1.7203 13.5076 3.44048 16.5547 17.6742 2.03015 35.2231
314978 1.7203 13.5076 3.44048 16.5547 17.6742 2.03015 35.2231
314989 1.54633 13.4788 3.48095 16.7386 17.868 2.21074 35.2447
315010 1.51734 13.219 3.41012 16.1868 17.8241 2.12355 34.3333
315017 1.51734 13.219 3.41012 16.1868 17.8241 2.12355 34.3333
315025 1.47868 12.8823 3.16726 15.451 17.9563 1.93636 32.9793
315034 1.47868 12.8823 3.16726 15.451 17.9563 1.93636 32.9793
315039 1.40136 12.4686 2.99524 14.6185 18.0176 1.78366 31.4836
315049 1.36271 12.1222 2.91429 14.2022 18.0118 1.78007 30.6014
315059 1.36271 12.1222 2.91429 14.2022 18.0118 1.78007 30.6014
315077 1.43036 11.7855 2.87381 13.8633 17.8151 1.76339 29.953
315080 1.36271 11.3333 2.87381 13.5535 17.7266 1.92181 29.1234
315089 1.36271 11.3333 2.87381 13.5535 17.7266 1.92181 29.1234
315104 1.14042 10.91 2.80298 13.4567 18.0354 2.23026 28.3101
315110 1.14042 10.91 2.80298 13.4567 18.0354 2.23026 28.3101
315120 1.13076 10.5637 2.82321 13.5826 17.9645 2.51494 28.1002
315130 1.02445 10.2269 2.94464 13.7956 17.9102 2.94132 27.9916
315141 1.02445 10.2269 2.94464 13.7956 17.9102 2.94132 27.9916
315150 0.947129 9.98642 2.96488 13.9214 17.969 3.20962 27.8198
315163 0.956794 9.76514 3.11667 14.1441 17.7215 3.5051 27.9827
315175 0.956794 9.76514 3.11667 14.1441 17.7215 3.5051 27.9827
315184 0.869812 9.63045 3.12679 14.328 17.8517 3.73164 27.9551
315192 0.869812 9.63045 3.12679 14.328 17.8517 3.73164 27.9551
315205 0.792496 9.61121 3.15714 14.5216 17.9678 3.88592 28.0825
315217 0.792496 9.65931 3.22798 14.6959 17.9156 3.9499 28.3757
315229 0.792496 9.65931 3.22798 14.6959 17.9156 3.9499 28.3757
315232 0.840819 9.73628 3.15714 14.783 17.9903 3.87296 28.5173
315243 0.811825 9.85173 3.1875 14.967 18.0611 3.89908 28.818
315253 0.811825 9.85173 3.1875 14.967 18.0611 3.89908 28.818
315274 0.821489 9.99604 3.17738 15.1315 18.1353 3.85804 29.1265
315289 0.811825 10.1885 3.27857 15.3058 18.087 3.84529 29.5847
315297 0.850483 10.2654 3.25833 15.4317 18.1074 3.81171 29.8059
315303 0.850483 10.2654 3.25833 15.4317 18.1074 3.81171 29.8059
315322 0.918135 10.3328 3.25833 15.4897 18.039 3.74872 29.999
315324 0.898806 10.4675 3.27857 15.5478 18.0821 3.70627 30.1927
315334 0.898806 10.4675 3.27857 15.5478 18.0821 3.70627 30.1927
315344 0.840819 10.4771 3.22798 15.4704 18.2223 3.68823 30.0163
315354 0.840819 10.4771 3.22798 15.4704 18.2223 3.68823 30.0163
315364 0.850483 10.5637 3.20774 15.3155 18.2222 3.56197 29.9374
315379 0.918135 10.631 3.19762 15.238 18.1369 3.445 29.9848
315385 0.918135 10.631 3.19762 15.238 18.1369 3.445 29.9848
315394 0.879477 10.7561 3.14702 15.2284 18.2916 3.36868 30.0109
315409 0.918135 10.8427 3.12679 15.18 18.2736 3.26561 30.0675
315415 0.918135 10.8427 3.12679 15.18 18.2736 3.26561 30.0675
315428 0.937464 10.987 3.15714 15.18 18.2346 3.17861 30.2615
315439 0.937464 10.987 3.15714 15.18 18.2346 3.17861 30.2615
315450 0.937464 10.9677 3.12679 15.0251 18.2391 3.11739 30.057
315454 0.9278 10.9581 3.04583 14.783 18.3137 2.99999 29.7148
315465 0.9278 10.9581 3.04583 14.783 18.3137 2.99999 29.7148
315475 0.947129 10.987 3.0256 14.4636 18.249 2.83196 29.4233
315487 0.947129 10.987 3.0256 14.4636 18.249 2.83196 29.4233
315506 3.37294 11.3237 3.96667 13.0792 13.4388 1.11011 31.7425
315518 3.37294 11.3237 3.96667 13.0792 13.4388 1.11011 31.7425
315527 5.4315 11.3814 8.9756 12.6532 6.26112 1.87915 38.4417
315539 6.45594 10.6022 11.303 10.2232 1.98686 1.73702 38.5843
315563 7.24844 9.42841 10.6452 7.10592 -0.987089 0.468071 34.428
315570 7.52871 10.7465 9.78512 4.8115 -1.33539 -1.67859 32.8718
315577 7.52871 8.28353 9.78512 4.8115 -3.46839 -0.599636 30.4089
315592 8.12791 7.34069 10.9792 3.62073 -6.77259 -0.433365 30.0685
315614 8.90108 6.36899 12.8512 3.20444 -9.71953 0.376162 31.3257
315621 9.30699 5.33956 14.7232 3.29157 -11.7869 1.54689 32.6613
315629 9.30699 5.33956 14.7232 3.29157 -11.7869 1.54689 32.6613
315639 9.51961 4.25241 16.0893 3.34966 -13.5549 2.55951 33.211
315660 9.43263 3.06904 16.7065 3.09795 -15.4554 3.39075 32.3062
315666 9.43263 3.06904 16.7065 3.09795 -15.4554 3.39075 32.3062
315674 9.25867 1.94341 16.9393 2.92369 -17.1663 4.18198 31.0651
315686 9.25867 1.94341 16.9393 2.92369 -17.1663 4.18198 31.0651
315696 9.23934 0.971703 17.4346 2.73007 -18.9067 4.91526 30.3757
315704 9.25867 0.298246 18.1825 2.73975 -20.0163 5.59334 30.4792
315722 9.23934 0 18.6879 2.85592 -20.3612 5.99571 30.7831
315734 9.30699 0 18.7687 2.90433 -20.3126 5.98743 30.98
315740 9.30699 0 18.7687 2.90433 -20.3126 5.98743 30.98
315750 9.29733 0 18.415 2.76879 -20.4582 5.84942 30.4811
315760 9.29733 0 18.415 2.76879 -20.4582 5.84942 30.4811
315770 9.21035 0 18.0916 2.6139 -20.6312 5.76373 29.9158
315781 9.21035 0 17.8793 2.64294 -20.5555 5.70682 29.7326
315795 9.21035 0 17.8793 2.64294 -20.5555 5.70682 29.7326
315805 9.20068 0 17.7378 2.57517 -20.6373 5.64771 29.5137
315810 9.20068 0 17.5761 2.52677 -20.6886 5.58065 29.3035
315829 9.20068 0 17.5761 2.52677 -20.6886 5.58065 29.3035
315832 9.13303 0 17.3841 2.5074 -20.6805 5.56001 29.0245
315842 9.13303 0 17.3841 2.5074 -20.6805 5.56001 29.0245
315853 9.16202 0 17.0707 2.42995 -20.7611 5.41052 28.6627
315867 9.37464 0 16.7976 2.35251 -20.8764 5.14052 28.5248
315877 9.37464 0 16.7976 2.35251 -20.8764 5.14052 28.5248
315882 9.61626 0.00962083 16.5244 2.22665 -21.0597 4.82355 28.3769
315900 9.92553 0.0288625 16.3827 2.22665 -21.0518 4.54509 28.5638
315903 9.92553 0.0288625 16.3827 2.22665 -21.0518 4.54509 28.5638
315913 10.2541 0.134692 16.2714 2.22665 -20.9128 4.21087 28.8869
315924 10.2541 0.134692 16.2714 2.22665 -20.9128 4.21087 28.8869
315933 10.4861 0.202037 16.2208 2.23633 -20.8169 3.99845 29.1453
315947 10.6794 0.279004 16.1399 2.23633 -20.7127 3.79306 29.3346
315970 10.8533 0.34635 15.9476 2.18793 -20.6805 3.54652 29.3352
315978 11.008 0.327108 15.725 2.11048 -20.8218 3.34262 29.1705
315987 11.008 0.327108 15.725 2.11048 -20.8218 3.34262 29.1705
315997 11.1723 0.34635 15.7452 2.12984 -20.7879 3.24379 29.3937
316005 11.1723 0.34635 15.7452 2.12984 -20.7879 3.24379 29.3937
316019 11.2206 0.327108 15.806 2.16857 -20.7732 3.26542 29.5222
316034 11.0853 0.34635 15.8869 2.18793 -20.7056 3.37716 29.5065
316042 11.0853 0.34635 15.8869 2.18793 -20.7056 3.37716 29.5065
316046 11.008 0.375212 15.8161 2.18793 -20.639 3.37945 29.3872
316055 11.0273 0.365591 15.8768 2.25569 -20.561 3.42397 29.5254
316065 11.0273 0.365591 15.8768 2.25569 -20.561 3.42397 29.5254
316080 11.0659 0.317487 15.806 2.19761 -20.7207 3.37911 29.387
316089 11.0659 0.317487 15.806 2.19761 -20.7207 3.37911 29.387
316096 11.0273 0.317487 15.8464 2.19761 -20.721 3.41929 29.3888
316111 10.9306 0.34635 15.9881 2.24601 -20.6078 3.53619 29.5111
316117 10.9306 0.34635 15.9881 2.24601 -20.6078 3.53619 29.5111
316127 10.7567 0.365591 15.8768 2.15888 -20.671 3.55653 29.1579
316136 10.921 1.01981 15.5631 2.31378 -19.41 2.9862 29.8177
316155 10.921 1.01981 15.5631 2.31378 -19.41 2.9862 29.8177
316158 11.0949 1.93379 14.794 2.29442 -17.9804 2.02197 30.1172
316178 11.1239 2.97284 13.4685 2.34282 -16.1133 0.859889 29.908
316186 11.1529 4.19468 11.6875 2.56549 -13.581 -0.554694 29.6006
316204 11.1529 4.19468 11.6875 2.56549 -13.581 -0.554694 29.6006
316213 11.3945 6.34975 9.23869 2.41059 -10.0982 -3.11038 29.3936
316224 11.4235 8.06225 6.69881 2.3041 -6.8062 -5.51949 28.4887
316228 11.4235 8.06225 6.69881 2.3041 -6.8062 -5.51949 28.4887
316238 11.4525 9.41879 4.69524 3.41743 -2.85636 -6.60295 28.984
316253 11.4525 9.41879 4.69524 3.41743 -2.85636 -6.60295 28.984
316259 12.0227 11.4295 4.92798 8.7033 2.14524 -3.97252 37.0836
316272 12.2837 13.1613 5.41369 11.7916 4.2529 -2.89789 42.6502
316287 12.2837 13.1613 5.41369 11.7916 4.2529 -2.89789 42.6502
316297 10.9403 13.2864 4.44226 11.2494 5.73246 -3.20716 39.9184
316306 8.63047 13.1998 3.37976 11.0074 8.41925 -3.08267 36.2174
316313 8.63047 13.1998 3.37976 11.0074 8.41925 -3.08267 36.2174
316323 6.01137 13.0747 2.75238 11.4721 11.8454 -2.18921 33.3105
316329 6.01137 13.0747 2.75238 11.4721 11.8454 -2.18921 33.3105
316349 3.69187 12.7957 2.66131 12.4402 14.944 -0.658166 31.5891
316352 2.1842 12.5648 2.9244 13.389 16.7769 0.75543 31.0624
316361 2.1842 12.5648 2.9244 13.389 16.7769 0.75543 31.0624
316371 1.556 12.4205 3.00536 13.8343 17.5991 1.39367 30.8161
316395 1.42069 12.18 2.95476 13.8149 17.7965 1.56519 30.3703
316397 1.42069 12.18 2.95476 13.8149 17.7965 1.56519 30.3703
316401 1.27572 11.9394 2.84345 13.5342 18.0402 1.60298 29.5928
316419 1.27572 11.9394 2.84345 13.5342 18.0402 1.60298 29.5928
316422 1.23707 11.7566 2.85357 13.447 18.018 1.69328 29.2943
316432 1.21774 11.7085 2.74226 13.4664 18.204 1.68992 29.1349
316458 1.11143 11.5354 2.75238 13.389 18.2892 1.82082 28.7881
316468 1.03411 11.2949 2.67143 13.3696 18.4693 1.96267 28.37
316471 1.03411 11.2949 2.67143 13.3696 18.4693 1.96267 28.37
316482 1.03411 11.189 2.69167 13.3309 18.4047 2.01769 28.2457
316493 1.03411 11.189 2.69167 13.3309 18.4047 2.01769 28.2457
316503 0.956794 11.1313 2.69167 13.3793 18.5217 2.12162 28.159
316518 0.956794 11.2179 2.65119 13.2437 18.5731 1.98805 28.0696
316527 0.956794 11.2179 2.65119 13.2437 18.5731 1.98805 28.0696
316533 0.966458 11.266 2.53988 13.0501 18.6987 1.81017 27.8224
316543 0.966458 11.266 2.56012 13.0501 18.667 1.81975 27.8427
316557 0.956794 11.3622 2.56012 13.0211 18.6973 1.75386 27.9002
316568 0.879477 11.5931 2.43869 13.0114 19.0583 1.59951 27.9227
316593 0.956794 11.6893 2.3881 13.0404 19.0429 1.48663 28.0746
316596 0.918135 11.9779 2.3375 13.0792 19.2506 1.3354 28.3127
316604 0.918135 11.9779 2.3375 13.0792 19.2506 1.3354 28.3127
316619 0.918135 12.1415 2.37798 13.1566 19.2364 1.29832 28.5942
316624 0.908471 12.2762 2.34762 13.2147 19.3366 1.24065 28.747
316634 0.908471 12.2762 2.34762 13.2147 19.3366 1.24065 28.747
316644 0.956794 12.5167 2.30714 13.3405 19.3959 1.11991 29.1212
316654 0.956794 12.5167 2.30714 13.3405 19.3959 1.11991 29.1212
316669 1.01478 12.6995 2.25655 13.2631 19.4049 0.926342 29.2339
316676 0.956794 12.9015 2.23631 13.1663 19.5437 0.791641 29.2609
316684 0.956794 12.9015 2.23631 13.1663 19.5437 0.791641 29.2609
316699 0.995452 13.0074 2.24643 13.176 19.4913 0.72366 29.4252
316709 1.00512 12.9593 2.26667 13.1469 19.4316 0.739954 29.378
316719 1.00512 12.9593 2.26667 13.1469 19.4316 0.739954 29.378
316728 1.0631 13.1228 2.21607 13.1276 19.4476 0.588083 29.5295
316744 1.0631 13.1228 2.21607 13.1276 19.4476 0.588083 29.5295
316747 1.0921 13.1902 2.1756 12.992 19.4521 0.450954 29.4499
316755 1.10176 13.2479 2.14524 12.9436 19.4851 0.376659 29.4385
316769 1.10176 13.2479 2.14524 12.9436 19.4851 0.376659 29.4385
316778 1.0631 13.219 2.24643 13.0501 19.4055 0.514437 29.5787
316794 1.12109 13.2479 2.27679 13.3115 19.3288 0.61053 29.9573
316797 1.12109 13.2479 2.27679 13.3115 19.3288 0.61053 29.9573
316807 1.16941 13.3633 2.46905 13.6116 19.0574 0.758454 30.6134
316821 1.16941 13.3633 2.46905 13.6116 19.0574 0.758454 30.6134
316832 2.19386 13.7001 2.64107 13.7084 17.5025 0.211941 32.2434
316846 2.57078 13.7385 2.70179 13.3212 16.8463 -0.132847 32.3323
316871 2.89937 13.6808 5.45417 13.2437 13.1604 0.900437 35.2781
316874 5.24787 13.8059 11.9202 13.0888 5.51861 2.02733 44.0628
316878 5.24787 13.8059 11.9202 13.0888 5.51861 2.02733 44.0628
316888 5.31552 12.5071 10.281 9.64237 4.34019 0.834816 37.7459
316898 5.31552 12.5071 10.281 9.64237 4.34019 0.834816 37.7459
316908 5.21887 11.3622 7.82202 6.62187 3.98322 -1.03329 31.025
316927 5.61512 10.4675 7.36667 4.93736 2.13395 -1.99666 28.3866
316935 5.61512 10.4675 7.36667 4.93736 2.13395 -1.99666 28.3866
316951 6.70722 9.70741 8.68214 4.21128 -1.2545 -1.80217 29.3081
316954 7.85731 8.74533 10.706 4.03702 -4.61062 -0.889919 31.3456
316959 7.85731 8.74533 10.706 4.03702 -4.61062 -0.889919 31.3456
316979 9.09437 7.27334 12.8107 3.81435 -8.19679 0.117002 32.9928
316981 9.09437 7.27334 12.8107 3.81435 -8.19679 0.117002 32.9928
316990 9.95452 5.19525 14.4399 3.49487 -11.8668 1.26267 33.0845
317005 10.5344 3.15563 15.4012 3.03986 -15.359 2.21796 32.1311
317011 10.5344 3.15563 15.4012 3.03986 -15.359 2.21796 32.1311
317031 10.9983 1.58744 16.0589 2.73975 -18.1062 2.96944 31.3844
317033 11.3559 0.750424 16.575 2.72039 -19.4735 3.43409 31.4017
317040 11.3559 0.750424 16.575 2.72039 -19.4735 3.43409 31.4017
317057 11.5395 0.57725 16.7976 2.6623 -19.8703 3.48825 31.5767
317062 11.5395 0.57725 16.7976 2.6623 -19.8703 3.48825 31.5767
317083 11.4429 0.481041 16.5143 2.6623 -19.9465 3.49802 31.1005
317088 11.1143 0.404075 15.9577 2.55581 -20.0721 3.49389 30.0319
317097 11.1143 0.404075 15.9577 2.55581 -20.0721 3.49389 30.0319
317109 10.7277 0.269383 15.4518 2.39123 -20.3873 3.56064 28.8401
317115 10.5151 0.221279 15.0065 2.26538 -20.5609 3.50017 28.0083
317124 10.5151 0.221279 15.0065 2.26538 -20.5609 3.50017 28.0083
317136 10.4281 0.221279 14.875 2.23633 -20.5736 3.49161 27.7607
317144 10.4571 0.288625 14.8042 2.23633 -20.4565 3.39816 27.7862
317164 10.4571 0.288625 14.8042 2.23633 -20.4565 3.39816 27.7862
317166 10.5054 0.221279 14.7637 2.22665 -20.5841 3.38979 27.717
317174 10.5054 0.221279 14.7637 2.22665 -20.5841 3.38979 27.717
317191 10.5731 0.192417 14.6018 2.13952 -20.7612 3.25874 27.5068
317199 10.6697 0.2309 14.5006 2.07175 -20.8092 3.09673 27.4729
317206 10.6697 0.2309 14.5006 2.07175 -20.8092 3.09673 27.4729
317219 11.1046 0.202037 14.4804 1.98462 -21.0631 2.78612 27.7716
317225 11.4042 0.2309 14.4905 1.93622 -21.1387 2.56127 28.0618
317235 11.4042 0.2309 14.4905 1.93622 -21.1387 2.56127 28.0618
317248 11.7811 0.298246 14.6321 1.97494 -21.0379 2.36752 28.6865
317255 11.7811 0.298246 14.6321 1.97494 -21.0379 2.36752 28.6865
317265 12.0227 0.288625 14.9155 1.97494 -21.1243 2.35211 29.2018
317280 12.3997 0.355971 15.0369 1.98462 -21.0698 2.14891 29.7772
317287 12.3997 0.355971 15.0369 1.98462 -21.0698 2.14891 29.7772
317304 12.7379 0.384833 15.0673 1.96526 -21.1033 1.94482 30.1553
317311 12.9022 0.384833 15.1786 2.00399 -21.08 1.91773 30.4696
317317 12.9022 0.384833 15.1786 2.00399 -21.08 1.91773 30.4696
317330 13.0665 0.413696 15.047 1.9459 -21.1284 1.72909 30.4731
317336 13.0665 0.413696 15.047 1.9459 -21.1284 1.72909 30.4731
317357 13.1632 0.413696 14.8345 1.82973 -21.2908 1.53139 30.2411
317359 13.1728 0.442558 14.5714 1.82005 -21.2299 1.38773 30.0069
317367 13.1728 0.442558 14.5714 1.82005 -21.2299 1.38773 30.0069
317385 13.1148 0.442558 14.2375 1.71355 -21.3466 1.21677 29.5084
317392 13.0472 0.365591 14.197 1.7426 -21.4088 1.2913 29.3524
317398 13.0472 0.365591 14.197 1.7426 -21.4088 1.2913 29.3524
317414 13.2018 0.423316 14.197 1.72323 -21.3674 1.16522 29.5454
317422 13.2018 0.423316 14.197 1.72323 -21.3674 1.16522 29.5454
317428 13.2985 0.423316 13.853 1.65547 -21.4441 0.916858 29.2302
317447 13.3371 0.404075 13.5899 1.66515 -21.4319 0.783119 28.9962
317469 13.4144 0.808149 13.2155 1.62642 -20.8118 0.319623 29.0645
317470 13.4144 0.808149 13.2155 1.62642 -20.8118 0.319623 29.0645
317478 13.7237 1.54895 12.4464 1.54897 -19.7077 -0.654598 29.2681
317497 14.2359 2.97284 11.4345 1.55866 -17.498 -2.0937 30.2019
317499 14.2359 2.97284 11.4345 1.55866 -17.498 -2.0937 30.2019
317508 14.7095 4.58913 10.0583 1.65547 -14.9321 -3.66861 31.0124
317524 14.9994 6.20543 8.52024 1.82973 -12.2679 -5.16002 31.5548
317535 14.9994 6.20543 8.52024 1.82973 -12.2679 -5.16002 31.5548
317540 14.9801 7.88908 7.00238 2.93337 -8.50485 -5.91379 32.8049
317554 14.9801 7.88908 7.00238 2.93337 -8.50485 -5.91379 32.8049
317559 14.8255 9.66893 6.31429 6.16686 -3.58613 -4.87346 36.9755
317582 14.3422 11.0158 5.4744 8.06435 -0.473335 -4.55795 38.8968
317584 14.3422 11.0158 5.4744 8.06435 -0.473335 -4.55795 38.8968
317589 12.9795 11.6123 4.36131 7.89009 1.46675 -5.02418 36.8433
317599 10.9983 11.9683 3.29881 7.73519 3.97522 -5.26429 34.0006
317614 10.9983 11.9683 3.29881 7.73519 3.97522 -5.26429 34.0006
317620 8.58215 12.3916 2.4994 8.08371 7.44194 -4.93901 31.5569
317640 8.58215 12.3916 2.4994 8.08371 7.44194 -4.93901 31.5569
317641 5.79875 12.6225 1.98333 8.93565 11.7382 -3.83549 29.3403
317651 3.58556 12.9881 2.13512 10.4943 15.2054 -2.02594 29.2031
317670 3.58556 12.9881 2.13512 10.4943 15.2054 -2.02594 29.2031
317672 2.49346 13.5846 2.48929 11.869 16.8145 -0.847554 30.4364
317680 2.14554 14.133 2.69167 12.5273 17.3213 -0.504577 31.4975
317698 2.14554 14.133 2.69167 12.5273 17.3213 -0.504577 31.4975
317701 2.26151 14.5082 2.6006 12.5951 17.3947 -0.73862 31.9654
317710 2.26151 14.5082 2.6006 12.5951 17.3947 -0.73862 31.9654
317726 2.29051 14.7006 2.56012 12.3628 17.4005 -0.972106 31.914
317732 2.33883 14.7583 2.52976 11.8884 17.2758 -1.27511 31.5153
317740 2.33883 14.7583 2.52976 11.8884 17.2758 -1.27511 31.5153
317758 2.36782 14.691 2.2869 11.3269 17.4122 -1.68475 30.6726
317761 2.36782 14.691 2.05417 11.3269 17.7365 -1.81232 30.4399
317784 2.28084 14.5467 2.05417 10.717 17.677 -2.0557 29.5987
317785 2.30984 14.3158 1.85179 10.2329 17.7524 -2.37245 28.7103
317791 2.30984 14.3158 1.85179 10.2329 17.7524 -2.37245 28.7103
317814 2.14554 13.9406 1.81131 10.0296 17.9157 -2.28015 27.927
317822 2.10688 13.7482 1.90238 10.1651 17.8208 -2.03465 27.9226
317824 2.10688 13.7482 1.90238 10.1651 17.8208 -2.03465 27.9226
317845 2.0199 13.652 1.93274 10.291 17.9153 -1.85411 27.8956
317852 2.00057 13.6231 1.90238 10.3878 18.0089 -1.7913 27.9139
317854 2.00057 13.6231 1.90238 10.3878 18.0089 -1.7913 27.9139
317863 1.96191 13.5846 1.90238 10.4749 18.0807 -1.70241 27.9238
317876 1.96191 13.5846 1.90238 10.4749 18.0807 -1.70241 27.9238
317884 1.88459 13.6038 1.85179 10.504 18.2906 -1.68761 27.8442
317906 1.88459 13.6712 1.95298 10.7944 18.2206 -1.48838 28.3032
317920 1.87493 13.5654 2.03393 11.0461 18.1472 -1.24134 28.5203
317937 1.72996 13.4692 2.15536 11.2397 18.2061 -0.94635 28.5942
317939 1.72996 13.4692 2.15536 11.2397 18.2061 -0.94635 28.5942
317945 1.68164 13.3922 2.09464 11.385 18.3873 -0.837492 28.5534
317954 1.68164 13.3922 2.09464 11.385 18.3873 -0.837492 28.5534
317968 1.66231 13.3633 2.04405 11.4431 18.5005 -0.809394 28.5127
317975 1.61399 13.4595 2.15536 11.5399 18.4489 -0.718644 28.7687
317985 1.61399 13.4595 2.15536 11.5399 18.4489 -0.718644 28.7687
317999 1.67197 13.6423 2.08452 11.6657 18.5377 -0.807201 29.0645
318005 1.65264 13.777 2.22619 11.9465 18.4484 -0.636946 29.6023
318015 1.65264 13.777 2.22619 11.9465 18.4484 -0.636946 29.6023
318030 1.65264 13.9117 2.22619 12.0626 18.5035 -0.6409 29.8532
318036 1.65264 13.9117 2.22619 12.0626 18.5035 -0.6409 29.8532
318059 1.67197 14.0272 2.18571 12.1014 18.5676 -0.706353 29.9862
318063 1.70097 14.056 2.26667 12.1885 18.4337 -0.646345 30.2122
318066 1.70097 14.056 2.26667 12.1885 18.4337 -0.646345 30.2122
318088 1.68164 14.0945 2.20595 12.2175 18.5635 -0.671856 30.1996
318091 1.59466 13.9887 2.25655 12.4402 18.6407 -0.439192 30.2801
318098 1.59466 13.9887 2.25655 12.4402 18.6407 -0.439192 30.2801
318118 1.56566 13.931 2.31726 12.6145 18.6196 -0.27847 30.4283
318122 1.56566 13.931 2.31726 12.6145 18.6196 -0.27847 30.4283
318128 1.556 13.8059 2.43869 12.7597 18.4642 -0.0802571 30.5603
318149 1.527 13.6616 2.46905 12.8759 18.4563 0.076797 30.5335
318152 1.527 13.6616 2.46905 12.8759 18.4563 0.076797 30.5335
318158 1.45935 13.3922 2.3881 12.7694 18.5895 0.152913 30.009
318180 1.30472 13.0074 2.37798 12.537 18.6999 0.30943 29.2271
318188 2.37749 12.9015 2.6006 12.1595 16.714 -0.259145 30.0391
318209 2.37749 12.9015 2.6006 12.1595 16.714 -0.259145 30.0391
318217 3.65321 12.6899 3.35952 11.3946 13.7245 -0.766423 31.0973
318225 6.02103 12.9785 10.5036 12.082 5.13158 1.29351 41.5851
318241 6.02103 12.9785 10.5036 12.082 5.13158 1.29351 41.5851
318245 7.65435 12.4205 11.9911 9.83599 1.55784 0.627261 41.9019
318255 8.16657 11.2467 9.36012 6.3992 0.0847638 -1.55831 35.1726
318272 8.16657 11.2467 9.36012 6.3992 0.0847638 -1.55831 35.1726
318274 8.46617 10.1692 8.39881 4.27904 -1.92948 -2.85384 31.3132
318280 8.46617 10.1692 8.39881 4.27904 -1.92948 -2.85384 31.3132
318303 9.13303 9.35144 9.52202 3.52392 -4.58263 -2.58728 31.5304
318305 9.83854 8.42784 10.8476 3.38838 -6.82253 -1.86004 32.5024
318310 9.83854 8.42784 10.8476 3.38838 -6.82253 -1.86004 32.5024
318320 10.0222 6.98472 12.1732 3.38838 -9.07494 -0.665656 32.5685
318337 9.94485 5.28183 13.3875 3.25285 -11.6089 0.665417 31.867
318342 9.94485 5.28183 13.3875 3.25285 -11.6089 0.665417 31.867
318350 9.86754 3.39615 14.2982 3.06891 -14.4468 2.00946 30.6308
318369 9.86754 3.39615 14.2982 3.06891 -14.4468 2.00946 30.6308
318373 9.78056 1.96265 15.0976 3.08827 -16.5619 3.22897 29.9291
318382 10.0028 1.14488 15.7756 3.23349 -17.7407 3.91024 30.1568
318401 10.0028 1.14488 15.7756 3.23349 -17.7407 3.91024 30.1568
318403 9.98351 0.70232 16.3423 3.31093 -18.386 4.43358 30.339
318412 10.0222 0.596491 16.6357 3.40774 -18.4704 4.61064 30.6621
318433 10.0222 0.596491 16.6357 3.40774 -18.4704 4.61064 30.6621
318437 9.7419 0.558008 16.5851 3.33998 -18.5517 4.77677 30.225
318465 9.46163 0.394454 16.4131 3.29157 -18.7653 4.99747 29.5607
318468 9.16202 0.317487 16.0083 3.07859 -19.0558 5.04477 28.5664
318499 9.24901 0.298246 15.7048 3.01082 -19.1459 4.86593 28.2628
318501 9.46163 0.288625 15.4821 2.92369 -19.2955 4.61121 28.1561
318508 9.46163 0.288625 15.4821 2.92369 -19.2955 4.61121 28.1561
318514 9.75156 0.375212 15.3405 2.88497 -19.2506 4.28467 28.3522
318532 9.75156 0.375212 15.3405 2.88497 -19.2506 4.28467 28.3522
318538 9.98351 0.384833 15.3202 2.8172 -19.3835 4.08816 28.5058
318547 10.2541 0.481041 15.219 2.74943 -19.3727 3.78 28.7036
318565 10.2541 0.481041 15.219 2.74943 -19.3727 3.78 28.7036
318565 10.6407 0.558008 15.0369 2.65262 -19.443 3.3703 28.8882
318596 10.9983 0.538766 15.0571 2.65262 -19.544 3.16583 29.2468
318598 10.9983 0.538766 15.0571 2.65262 -19.544 3.16583 29.2468
318600 11.1336 0.558008 15.0774 2.63326 -19.5731 3.0707 29.4022
318608 11.1336 0.558008 15.0774 2.63326 -19.5731 3.0707 29.4022
318629 11.2302 0.548387 15.1077 2.62358 -19.6256 3.02577 29.5099
318630 11.2302 0.548387 14.9863 2.58485 -19.6622 2.96043 29.3498
318635 11.2302 0.548387 14.9863 2.58485 -19.6622 2.96043 29.3498
318645 11.1336 0.538766 14.8345 2.54613 -19.6909 2.94717 29.053
318663 11.0659 0.490662 14.6726 2.459 -19.8591 2.91496 28.6882
318695 11.1143 0.519525 14.6018 2.44932 -19.8251 2.83284 28.6849
318697 11.1143 0.519525 14.6018 2.44932 -19.8251 2.83284 28.6849
318697 11.1626 0.519525 14.7637 2.44932 -19.8627 2.87119 28.8951
318707 11.1916 0.490662 14.9357 2.51708 -19.8383 2.97093 29.135
318728 11.1916 0.490662 14.9357 2.51708 -19.8383 2.97093 29.135
318730 11.3172 0.47142 14.9661 2.5074 -19.9101 2.91409 29.2621
318737 11.2882 0.47142 15.0268 2.52677 -19.8859 2.96482 29.3132
318760 11.2882 0.47142 15.0268 2.52677 -19.8859 2.96482 29.3132
318764 11.3655 0.490662 15.0369 2.60421 -19.754 2.94174 29.4973
318770 11.3655 0.490662 15.0369 2.60421 -19.754 2.94174 29.4973
318795 11.3076 0.529145 14.9458 2.53645 -19.772 2.88835 29.319
318796 11.2689 0.529145 14.9256 2.54613 -19.7467 2.90761 29.2698
318799 11.2689 0.529145 14.9256 2.54613 -19.7467 2.90761 29.2698
318808 11.1143 0.490662 14.9357 2.58485 -19.7202 3.04663 29.1255
318827 11.0949 0.548387 14.9762 2.64294 -19.5471 3.06321 29.2625
318833 11.0949 0.548387 14.9762 2.64294 -19.5471 3.06321 29.2625
318842 11.2302 0.567629 14.9458 2.77847 -19.3329 3.01118 29.5222
318862 11.2302 0.567629 14.9458 2.77847 -19.3329 3.01118 29.5222
318864 11.7135 2.06848 14.3792 2.8172 -17.1144 1.65329 30.9783
318869 12.1677 4.23316 13.0536 2.98178 -13.8783 -0.169035 32.4362
318895 12.2257 6.27278 11.131 2.9721 -10.8214 -2.02234 32.6015
318902 12.2644 8.54329 8.90476 3.41743 -6.94872 -3.84191 33.1298
318929 12.2644 8.54329 8.90476 3.41743 -6.94872 -3.84191 33.1298
318930 12.0421 10.5059 6.98214 5.11162 -2.45849 -4.52673 34.6418
318932 12.0421 10.5059 6.98214 5.11162 -2.45849 -4.52673 34.6418
318962 11.5298 12.3531 5.1506 6.59282 1.58978 -5.1112 35.6264
318965 10.66 13.5365 3.60238 7.03816 4.52983 -5.83689 34.8371
318967 10.66 13.5365 3.60238 7.03816 4.52983 -5.83689 34.8371
318974 9.58727 14.412 2.85357 7.46412 6.87363 -5.98024 34.317
318998 7.97328 14.8642 2.41845 8.24829 9.4919 -5.44889 33.5042
319000 7.97328 14.8642 2.41845 8.24829 9.4919 -5.44889 33.5042
319002 6.06936 14.9796 2.1756 9.34226 12.3415 -4.38996 32.5668
319012 6.06936 14.9796 2.1756 9.34226 12.3415 -4.38996 32.5668
319033 3.93349 14.9315 2.15536 10.5814 15.3663 -2.9088 31.6018
319034 2.36782 14.9027 2.34762 11.8206 17.5006 -1.48014 31.4387
319042 2.36782 14.9027 2.34762 11.8206 17.5006 -1.48014 31.4387
319067 1.88459 14.8546 2.52976 12.5273 18.0584 -0.793515 31.7962
319068 1.8556 14.7199 2.62083 12.8371 18.0129 -0.523281 32.0334
319072 1.8556 14.7199 2.62083 12.8371 18.0129 -0.523281 32.0334
319102 1.77828 14.3158 2.73214 12.992 17.9122 -0.174382 31.8182
319102 1.77828 14.3158 2.73214 12.992 17.9122 -0.174382 31.8182
319104 1.57533 13.7289 2.79286 13.1566 18.0117 0.309668 31.2537
319114 1.556 13.1998 2.80298 13.176 17.9087 0.596967 30.7347
319136 1.556 13.1998 2.80298 13.176 17.9087 0.596967 30.7347
319137 1.37237 12.5744 2.7625 13.0888 18.0619 0.958725 29.7981
319143 1.19841 12.0068 2.74226 13.0017 18.1938 1.31546 28.9492
319173 1.02445 11.5161 2.78274 12.9727 18.2726 1.70421 28.296
319175 1.02445 11.5161 2.78274 12.9727 18.2726 1.70421 28.296
319188 0.956794 11.189 2.74226 13.0308 18.3753 1.94879 27.9188
319211 0.850483 11.064 2.7119 13.0695 18.5687 2.09433 27.6958
319212 0.850483 11.064 2.7119 13.0695 18.5687 2.09433 27.6958
319214 0.889142 11.2949 2.67143 12.9436 18.5959 1.85136 27.799
319224 0.918135 11.6123 2.47917 12.7403 18.8787 1.45352 27.75
319253 0.918135 11.6123 2.47917 12.7403 18.8787 1.45352 27.75
319254 0.9278 11.9875 2.37798 12.537 19.0608 1.07777 27.8303
319286 0.9278 12.1607 2.3375 12.324 19.1166 0.850271 27.7501
319288 0.956794 12.3531 2.32738 12.4692 19.1576 0.793424 28.1066
319290 0.956794 12.3531 2.32738 12.4692 19.1576 0.793424 28.1066
319299 0.976123 12.3339 2.35774 12.5854 19.1 0.867054 28.2532
319313 0.947129 12.3339 2.32738 12.5854 19.1929 0.868154 28.1938
319316 0.947129 12.3339 2.32738 12.5854 19.1929 0.868154 28.1938
319326 0.937464 12.2666 2.37798 12.6919 19.1369 0.989891 28.2739
319348 0.937464 12.2666 2.37798 12.6919 19.1369 0.989891 28.2739
319350 0.879477 12.1126 2.41845 12.9339 19.1824 1.24908 28.3445
319360 0.879477 12.0645 2.51964 13.2341 19.0777 1.46861 28.6977
319367 0.879477 12.0645 2.51964 13.2341 19.0777 1.46861 28.6977
319383 0.811825 11.8625 2.65119 13.5632 19.0063 1.83814 28.8887
319387 0.734508 11.6412 2.78274 13.9795 18.9645 2.25815 29.1379
319418 0.734508 11.6412 2.78274 13.9795 18.9645 2.25815 29.1379
319419 0.69585 11.4295 2.90417 14.4345 18.8908 2.65405 29.4641
319426 0.657192 11.2179 3.16726 14.9573 18.6258 3.12478 29.9996
319448 0.647527 11.0351 3.35952 15.6834 18.4793 3.59324 30.7255
319450 0.647527 11.0351 3.35952 15.6834 18.4793 3.59324 30.7255
319457 0.628198 10.7657 3.55179 16.1965 18.2889 4.02398 31.1422
319482 0.637862 10.4578 3.76429 16.4869 17.9783 4.38105 31.3469
319484 0.637862 10.4578 3.76429 16.4869 17.9783 4.38105 31.3469
319490 0.560546 10.1692 3.79464 16.5159 17.9846 4.62986 31.0403
319515 0.560546 10.1692 3.79464 16.5159 17.9846 4.62986 31.0403
319516 0.512223 9.86135 3.81488 16.4191 17.9313 4.83235 30.6076
319519 0.434906 9.49576 3.83512 16.2739 17.8927 5.08246 30.0397
319528 0.434906 9.49576 3.83512 16.2739 17.8927 5.08246 30.0397
319552 1.33371 9.39955 4.26012 16.303 16.0631 4.71133 31.2963
319553 2.1552 9.30334 4.82679 16.0609 14.2074 4.37261 32.3463
319559 2.1552 9.30334 4.82679 16.0609 14.2074 4.37261 32.3463
319569 2.93803 9.12054 7.25536 16.09 10.6041 4.782 35.4039
319590 2.93803 9.12054 7.25536 16.09 10.6041 4.782 35.4039
319591 4.08812 8.74533 11.8696 16.0028 5.39873 5.54184 40.7059
319604 4.57135 7.61007 11.7179 13.5826 3.27055 5.25014 37.4819
319629 4.57135 7.61007 11.7179 13.5826 3.27055 5.25014 37.4819
319630 5.07391 6.40747 10.4024 10.8525 1.36217 4.47829 32.7363
319631 5.60546 5.32032 10.3012 8.73235 -1.54709 4.05939 29.9593
319640 5.60546 5.32032 10.3012 8.73235 -1.54709 4.05939 29.9593
319662 6.55259 4.11771 11.1512 6.98975 -5.72373 3.88944 28.8112
319668 6.55259 4.11771 11.1512 6.98975 -5.72373 3.88944 28.8112
319676 7.32575 2.88625 12.4363 5.18907 -10.4956 3.99465 27.8374
319699 8.19557 1.78947 14.3286 3.91116 -14.9014 4.38694 28.2248
319700 8.19557 1.78947 14.3286 3.91116 -14.9014 4.38694 28.2248
319705 9.18135 0.93322 16.5446 3.45615 -17.7124 4.92417 30.1154
319714 10.0705 0.673458 17.9703 3.55296 -18.4509 5.01095 32.2672
319727 10.0705 0.673458 17.9703 3.55296 -18.4509 5.01095 32.2672
319733 10.8823 0.509904 18.6171 3.60137 -18.884 4.83161 33.6107
319743 10.8823 0.509904 18.6171 3.60137 -18.884 4.83161 33.6107
319755 11.4622 0.538766 18.7283 3.66913 -18.8836 4.53356 34.3984
319768 11.8005 0.673458 18.4958 3.49487 -18.9527 4.14198 34.4646
319788 11.8584 0.711941 17.9804 3.38838 -18.9593 3.8886 33.9391
319798 11.6941 0.644595 17.374 3.2238 -19.1275 3.76134 32.9365
319804 11.6941 0.644595 17.374 3.2238 -19.1275 3.76134 32.9365
319816 11.2882 0.548387 16.6256 3.00114 -19.3593 3.7139 31.4634
319828 11.2882 0.548387 16.6256 3.00114 -19.3593 3.7139 31.4634
319854 10.6697 0.4618 16.0185 2.83656 -19.5003 3.86349 29.9865
319856 10.2155 0.394454 15.5327 2.69134 -19.649 3.96103 28.834
319857 10.2155 0.394454 15.5327 2.69134 -19.649 3.96103 28.834
319865 9.8772 0.279004 15.3506 2.6623 -19.7792 4.18367 28.1691
319890 9.5776 0.240521 15.2696 2.73007 -19.6606 4.4117 27.8178
319891 9.5776 0.240521 15.2696 2.73007 -19.6606 4.4117 27.8178
319896 9.40364 0.182796 15.3405 2.76879 -19.6714 4.61597 27.6957
319905 9.40364 0.182796 15.3405 2.76879 -19.6714 4.61597 27.6957
319928 9.31666 0.192417 15.5631 2.8172 -19.6044 4.77129 27.8894
319929 9.23934 0.163554 15.725 2.8172 -19.6668 4.90567 27.9451
319935 9.23934 0.163554 15.725 2.8172 -19.6668 4.90567 27.9451
319962 9.16202 0.125071 15.8565 2.80752 -19.7541 5.03215 27.9512
319964 9.18135 0.11545 15.7452 2.85592 -19.6746 5.00271 27.898
319967 9.18135 0.11545 15.7452 2.85592 -19.6746 5.00271 27.898
319977 9.14269 0.221279 15.5935 2.84624 -19.4836 4.89633 27.8037
319995 9.14269 0.221279 15.5935 2.84624 -19.4836 4.89633 27.8037
320002 9.19102 0.105829 15.472 2.74943 -19.8121 4.86473 27.5183
320008 9.26833 0.144312 15.381 2.72039 -19.7941 4.73688 27.514
320030 9.26833 0.144312 15.381 2.72039 -19.7941 4.73688 27.514
320036 9.37464 0.144312 15.3304 2.68166 -19.8676 4.62737 27.531
320038 9.69358 0.259762 15.3101 2.59453 -19.8771 4.28135 27.858
320048 9.69358 0.259762 15.3101 2.59453 -19.8771 4.28135 27.858
320069 10.1381 0.327108 15.3607 2.6623 -19.7533 3.97941 28.4883
320070 10.1381 0.327108 15.3607 2.6623 -19.7533 3.97941 28.4883
320078 10.4571 0.336729 15.6137 2.64294 -19.8716 3.85338 29.0504
320107 10.7277 0.413696 15.7958 2.79784 -19.5998 3.75935 29.7351
320108 10.7277 0.413696 15.7958 2.79784 -19.5998 3.75935 29.7351
320111 10.9886 0.519525 15.8262 2.72039 -19.61 3.5128 30.0547
320122 11.2496 0.596491 15.7149 2.67198 -19.5945 3.2452 30.2329
320143 11.2496 0.596491 15.7149 2.67198 -19.5945 3.2452 30.2329
320145 11.5395 0.625354 15.5935 2.6623 -19.5963 3.00334 30.4206
320149 11.5395 0.625354 15.5935 2.6623 -19.5963 3.00334 30.4206
320159 11.7811 0.711941 15.5327 2.59453 -19.6009 2.76003 30.6203
320182 11.9841 0.692699 15.3202 2.54613 -19.6979 2.54865 30.5431
320183 11.9841 0.692699 15.3202 2.54613 -19.6979 2.54865 30.5431
320194 12.2354 0.769666 14.9661 2.42027 -19.7519 2.16245 30.3914
320218 12.419 0.808149 14.5107 2.24601 -19.907 1.76575 29.9839
320218 12.419 0.808149 14.5107 2.24601 -19.907 1.76575 29.9839
320224 12.7862 0.942841 13.8833 2.23633 -19.6745 1.20135 29.8487
320230 12.7862 0.942841 13.8833 2.23633 -19.6745 1.20135 29.8487
320254 13.3758 1.65478 12.7399 1.99431 -18.8701 -0.14936 29.7647
320255 13.9363 2.80928 11.2423 1.83941 -17.2073 -1.84258 29.8273
320261 13.9363 2.80928 11.2423 1.83941 -17.2073 -1.84258 29.8273
320289 14.3519 4.63724 9.4006 1.82973 -14.3 -3.85124 30.2195
320291 14.6708 7.15789 7.78155 3.34966 -9.06011 -4.86842 32.9599
320292 14.6708 7.15789 7.78155 3.34966 -9.06011 -4.86842 32.9599
320300 14.7385 9.81324 7.1744 7.24146 -3.11682 -3.90165 38.9676
320328 14.7385 9.81324 7.1744 7.24146 -3.11682 -3.90165 38.9676
320330 13.714 11.4295 6.27381 9.00342 0.275296 -3.66137 40.4208
320332 11.2689 11.824 4.74583 9.07118 3.30564 -3.76967 36.9099
320348 11.2689 11.824 4.74583 9.07118 3.30564 -3.76967 36.9099
320369 8.3502 11.8817 3.47083 9.71982 7.3158 -3.16011 33.4226
320369 5.34451 11.8817 2.8131 10.959 11.8419 -1.67145 30.9983
320371 5.34451 12.0741 2.8131 10.959 11.923 -1.75367 31.1907
320381 3.02501 12.3147 2.79286 12.6338 15.5451 0.0424236 30.7664
320401 3.02501 12.3147 2.79286 12.6338 15.5451 0.0424236 30.7664
320403 1.94258 12.5456 3.11667 13.7472 16.9315 1.13662 31.352
320412 1.66231 12.8342 3.20774 14.2893 17.389 1.40679 31.9935
320440 1.66231 12.8342 3.20774 14.2893 17.389 1.40679 31.9935
320441 1.64298 12.6321 3.05595 14.0182 17.5055 1.33929 31.3493
320443 1.56566 12.3339 3.04583 13.7859 17.4971 1.43119 30.7313
320453 1.56566 12.3339 3.04583 13.7859 17.4971 1.43119 30.7313
320485 1.47868 11.824 3.05595 13.6891 17.4543 1.71844 30.0477
320487 1.47868 11.824 3.05595 13.6891 17.4543 1.71844 30.0477
320489 1.44969 11.2756 3.17738 13.6213 17.1639 2.06953 29.524
320521 1.34338 10.8812 3.19762 13.5342 17.1589 2.33486 28.9563
320522 1.2564 10.5252 3.09643 13.2921 17.274 2.45312 28.1701
320524 1.20807 10.2269 3.07619 13.1469 17.255 2.59676 27.6581
320534 1.20807 10.2269 3.07619 13.1469 17.255 2.59676 27.6581
320560 1.23707 10.073 3.10655 13.176 17.129 2.70314 27.5926
320561 1.23707 10.073 3.10655 13.176 17.129 2.70314 27.5926
320565 1.2274 10.0441 3.20774 13.3405 17.0288 2.84513 27.8198
320597 1.33371 10.275 3.22798 13.4954 16.9496 2.70787 28.3322
320598 1.33371 10.275 3.22798 13.4954 16.9496 2.70787 28.3322
320599 1.42069 10.5156 3.22798 13.447 16.8762 2.48438 28.6113
320606 1.46902 10.6887 3.2381 13.4567 16.8428 2.35875 28.8526
320633 1.46902 10.6887 3.2381 13.4567 16.8428 2.35875 28.8526
320635 1.47868 10.8331 3.1875 13.4277 16.9345 2.23155 28.9269
320637 1.47868 10.8331 3.1875 13.4277 16.9345 2.23155 28.9269
320674 1.45935 10.8715 3.16726 13.5729 17.0426 2.27508 29.071
320675 1.46902 10.987 3.29881 13.5826 16.8741 2.26267 29.3374
320677 1.46902 10.987 3.29881 13.5826 16.8741 2.26267 29.3374
320679 1.44002 11.0062 3.25833 13.6697 17.0026 2.28863 29.3743
320688 1.45935 11.1024 3.22798 13.6407 17.0366 2.1951 29.4304
320710 1.45935 11.1024 3.22798 13.6407 17.0366 2.1951 29.4304
320711 1.41103 11.2467 3.16726 13.3599 17.1564 1.98873 29.1849
320723 1.41103 11.2467 3.16726 13.3599 17.1564 1.98873 29.1849
320750 1.45935 11.3141 3.08631 13.2631 17.1957 1.84183 29.1229
320751 1.48835 11.468 2.96488 13.205 17.3553 1.65496 29.1263
320752 1.48835 11.468 2.96488 13.205 17.3553 1.65496 29.1263
320759 1.44002 11.5642 2.93452 13.0501 17.4548 1.54217 28.9889
320782 1.57533 11.7663 2.91429 12.992 17.3249 1.31533 29.2479
320787 1.57533 11.7663 2.91429 12.992 17.3249 1.31533 29.2479
320797 1.56566 11.9298 2.93452 13.0017 17.3549 1.24394 29.4317
320824 1.56566 12.0549 2.9244 13.0308 17.4092 1.18405 29.5757
