395670 8.60148 9.83248 12.8815 9.25513 -1.47608 1.36899 40.5706
395689 8.60148 9.83248 12.8815 9.25513 -1.47608 1.36899 40.5706
395691 8.69812 8.4086 10.5339 5.41173 -4.09329 -0.526922 33.0524
395702 9.05571 7.15789 10.0381 3.46583 -7.12549 -1.36772 29.7175
395729 10.2251 6.22467 10.969 2.85592 -10.003 -1.3005 30.2748
395738 10.2251 6.22467 10.969 2.85592 -10.003 -1.3005 30.2748
395746 11.2979 5.33956 11.9101 2.73975 -12.0885 -0.952904 31.2873
395756 11.9937 4.35823 12.9929 2.82688 -13.8332 -0.248159 32.1717
395765 11.9937 4.35823 12.9929 2.82688 -13.8332 -0.248159 32.1717
395775 12.4963 3.41539 14.1464 3.05923 -15.2247 0.586079 33.1174
395783 12.5543 2.36672 14.8143 3.15604 -16.6045 1.39063 32.8913
395797 12.5543 2.36672 14.8143 3.15604 -16.6045 1.39063 32.8913
395804 12.477 1.51047 14.9357 3.12699 -17.7653 1.90729 32.0502
395817 12.477 1.51047 14.9357 3.12699 -17.7653 1.90729 32.0502
395824 12.506 1.24109 14.8851 3.03018 -18.255 1.9747 31.6624
395834 12.3803 1.19298 14.8952 3.0205 -18.3096 2.06854 31.4891
395844 12.3803 1.19298 14.8952 3.0205 -18.3096 2.06854 31.4891
395854 11.9841 1.12564 14.8649 3.09795 -18.2037 2.3428 31.0725
395869 11.5298 1.01019 14.7637 3.12699 -18.2023 2.63746 30.4307
395875 11.5298 1.01019 14.7637 3.12699 -18.2023 2.63746 30.4307
395885 11.0176 0.894737 14.6321 3.09795 -18.2653 2.94395 29.6425
395899 11.0176 0.894737 14.6321 3.09795 -18.2653 2.94395 29.6425
395905 10.5054 0.827391 14.6929 3.08827 -18.2753 3.32229 29.1139
395915 10.1478 0.788908 14.875 3.1754 -18.162 3.68112 28.9871
395930 10.1478 0.788908 14.875 3.1754 -18.162 3.68112 28.9871
395936 9.84821 0.663837 15.1077 3.25285 -18.2173 4.0775 28.8726
395947 9.67425 0.673458 15.128 3.30125 -18.0939 4.2125 28.7769
395956 9.67425 0.673458 15.128 3.30125 -18.0939 4.2125 28.7769
395967 9.59693 0.683079 14.956 3.31093 -18.0045 4.19671 28.5469
395977 9.59693 0.683079 14.956 3.31093 -18.0045 4.19671 28.5469
395986 9.4133 0.683079 14.9458 3.24317 -18.0596 4.29159 28.2854
395999 9.49062 0.711941 14.9155 3.30125 -17.9393 4.22996 28.4193
396008 9.49062 0.711941 14.9155 3.30125 -17.9393 4.22996 28.4193
396018 9.5776 0.721562 15.219 3.38838 -17.891 4.31126 28.9066
396028 9.65492 0.731183 15.381 3.41743 -17.8924 4.32367 29.1845
396038 9.65492 0.731183 15.381 3.41743 -17.8924 4.32367 29.1845
396053 9.66458 0.769666 15.3304 3.44647 -17.7833 4.28395 29.2111
396059 9.75156 0.875495 15.2494 3.47551 -17.5882 4.13832 29.352
396071 9.75156 0.875495 15.2494 3.47551 -17.5882 4.13832 29.352
396080 9.83854 0.913979 15.0875 3.44647 -17.5555 3.98551 29.2865
396092 9.83854 0.913979 15.0875 3.44647 -17.5555 3.98551 29.2865
396106 9.95452 0.894737 15.1482 3.39806 -17.6982 3.92765 29.3955
396116 10.0415 0.942841 15.2393 3.43679 -17.617 3.8899 29.6604
396135 10.0705 0.962083 15.3304 3.48519 -17.5502 3.91129 29.8481
396144 10.0028 0.962083 15.3405 3.48519 -17.5358 3.958 29.7906
396150 10.0028 0.952462 15.3405 3.51424 -17.5081 3.97488 29.81
396160 10.0028 0.952462 15.2899 3.52392 -17.4815 3.95972 29.7691
396170 10.0028 0.952462 15.2899 3.52392 -17.4815 3.95972 29.7691
396180 9.82888 0.875495 15.1988 3.51424 -17.5389 4.08364 29.4174
396190 9.67425 0.808149 15.2798 3.46583 -17.6885 4.24073 29.228
396202 9.67425 0.808149 15.2798 3.46583 -17.6885 4.24073 29.228
396213 9.38431 0.731183 15.381 3.49487 -17.7115 4.53257 28.9913
396221 9.38431 0.731183 15.381 3.49487 -17.7115 4.53257 28.9913
396231 9.12337 0.634975 15.5429 3.57232 -17.7143 4.86095 28.8735
396243 8.84309 0.606112 15.5833 3.62073 -17.6242 5.10667 28.6533
396254 8.84309 0.606112 15.5833 3.62073 -17.6242 5.10667 28.6533
396265 8.68846 0.500283 15.6744 3.94989 -17.2775 5.43272 28.813
396271 9.01706 2.36672 15.5125 3.92084 -14.7986 3.91806 30.8171
396289 9.01706 2.36672 15.5125 3.92084 -14.7986 3.91806 30.8171
396299 9.05571 4.35823 14.8851 4.41458 -11.5915 2.69876 32.7136
396309 8.8141 5.98415 13.681 5.34396 -8.25391 1.87445 33.8232
396315 8.8141 5.98415 13.681 5.34396 -8.25391 1.87445 33.8232
396323 8.91074 9.03396 12.8714 10.1555 -1.58204 1.86063 40.9716
396334 8.91074 9.03396 12.8714 10.1555 -1.58204 1.86063 40.9716
396343 8.62081 10.8042 8.81369 10.1361 2.28392 -0.185747 38.3748
396358 7.45139 10.631 4.44226 7.95786 5.49103 -2.79617 30.4825
396364 7.45139 10.631 4.44226 7.95786 5.49103 -2.79617 30.4825
396374 7.16146 11.2275 3.16726 8.30638 7.70627 -3.47357 29.8626
396384 7.17112 12.5167 3.44048 9.71982 8.84748 -2.98077 32.8481
396395 7.17112 12.5167 3.44048 9.71982 8.84748 -2.98077 32.8481
396404 6.6299 13.2286 3.74405 11.1526 10.0757 -2.14149 34.7552
396419 6.6299 13.2286 3.74405 11.1526 10.0757 -2.14149 34.7552
396424 5.25753 13.1132 3.79464 12.2659 11.8547 -1.00641 34.4313
396434 3.72086 12.7476 3.92619 13.0695 13.5742 0.236315 33.4641
396444 3.72086 12.7476 3.92619 13.0695 13.5742 0.236315 33.4641
396466 2.80273 12.5648 3.96667 13.4083 14.6627 0.919654 32.7425
396471 2.33883 12.4301 3.92619 13.3599 15.2277 1.17789 32.055
396481 2.33883 12.4301 3.92619 13.3599 15.2277 1.17789 32.055
396490 2.28084 12.2377 3.7744 13.0404 15.3374 1.09929 31.3334
396500 2.28084 12.2377 3.7744 13.0404 15.3374 1.09929 31.3334
396512 2.17453 12.0741 3.75417 12.7887 15.3729 1.11762 30.7916
396516 2.14554 11.8432 3.6631 12.75 15.4469 1.19614 30.4019
396526 2.14554 11.8432 3.6631 12.75 15.4469 1.19614 30.4019
396537 2.06822 11.622 3.65298 12.5854 15.4419 1.27715 29.9286
396546 1.93292 11.3141 3.49107 12.2853 15.6558 1.30724 29.0234
396561 1.93292 11.3141 3.49107 12.2853 15.6558 1.30724 29.0234
396569 1.77828 10.9581 3.4 11.9368 15.7772 1.38943 28.0732
396579 1.77828 10.9581 3.4 11.9368 15.7772 1.38943 28.0732
396588 1.6913 10.6791 3.22798 11.6851 15.9849 1.3979 27.2835
396600 1.58499 10.4963 3.19762 11.7432 16.1506 1.5873 27.0221
396608 1.58499 10.4963 3.19762 11.7432 16.1506 1.5873 27.0221
396623 1.50767 10.4482 3.19762 11.84 16.2844 1.71247 26.9935
396628 1.53667 10.4578 3.29881 12.082 16.1682 1.85549 27.3753
396639 1.53667 10.4578 3.29881 12.082 16.1682 1.85549 27.3753
396649 1.47868 10.4771 3.27857 12.1304 16.3077 1.89288 27.3647
396659 1.47868 10.4771 3.27857 12.1304 16.3077 1.89288 27.3647
396671 1.42069 10.4001 3.26845 12.1014 16.3773 1.95785 27.1906
396680 1.46902 10.6214 3.21786 12.1014 16.4503 1.76698 27.4096
396690 1.46902 10.6214 3.21786 12.1014 16.4503 1.76698 27.4096
396700 1.49801 10.7946 3.16726 12.1595 16.5543 1.64784 27.6193
396710 1.56566 11.1409 3.15714 12.2272 16.5937 1.42988 28.0909
396720 1.56566 11.1409 3.15714 12.2272 16.5937 1.42988 28.0909
396735 1.65264 11.3333 3.27857 12.295 16.3668 1.35905 28.5595
396745 1.65264 11.3333 3.27857 12.295 16.3668 1.35905 28.5595
396754 1.66231 11.5065 3.29881 12.3821 16.4018 1.30614 28.8497
396762 1.67197 11.5161 3.32917 12.4596 16.3705 1.34623 28.9768
396771 1.67197 11.5161 3.32917 12.4596 16.3705 1.34623 28.9768
396782 1.72996 11.5258 3.33929 12.537 16.2995 1.34934 29.132
396791 1.75895 11.5835 3.36964 12.6338 16.2618 1.36018 29.3459
396801 1.75895 11.5835 3.36964 12.6338 16.2618 1.36018 29.3459
396821 1.77828 11.5354 3.30893 12.4692 16.2566 1.27073 29.0918
396829 1.77828 11.5354 3.30893 12.4692 16.2566 1.27073 29.0918
396838 1.7203 11.4873 3.26845 12.2853 16.3273 1.22362 28.7613
396846 1.68164 11.3718 3.24821 12.1401 16.3334 1.23139 28.4418
396856 1.68164 11.3718 3.24821 12.1401 16.3334 1.23139 28.4418
396865 1.73962 11.3045 3.27857 12.0917 16.1696 1.22799 28.4144
396876 1.68164 11.266 3.32917 12.2175 16.2074 1.36821 28.4943
396889 1.68164 11.266 3.32917 12.2175 16.2074 1.36821 28.4943
396899 1.68164 11.1794 3.27857 12.2175 16.254 1.39387 28.3572
396909 1.68164 11.1794 3.27857 12.2175 16.254 1.39387 28.3572
396919 1.72996 11.1505 3.17738 11.84 16.2048 1.14894 27.8979
396931 3.07334 11.4873 3.41012 11.2397 13.9022 0.045839 29.2105
396939 3.07334 11.4873 3.41012 11.2397 13.9022 0.045839 29.2105
396952 5.99204 12.026 3.81488 9.9328 9.56369 -2.01651 31.7658
396958 7.20011 12.0549 3.9869 7.94818 7.06639 -3.52031 31.1901
396966 7.20011 12.0549 3.9869 7.94818 7.06639 -3.52031 31.1901
396976 9.59693 12.1126 8.95536 6.84453 0.269842 -2.36327 37.5094
396985 9.59693 12.1126 8.95536 6.84453 0.269842 -2.36327 37.5094
396997 12.7669 12.305 13.2964 5.98292 -4.38284 -1.95911 44.3513
397005 13.1148 11.1313 11.5762 3.94989 -6.04055 -3.28875 39.7722
397020 13.1148 11.1313 11.5762 3.94989 -6.04055 -3.28875 39.7722
397030 13.2598 9.41879 10.6554 2.84624 -8.05008 -3.80471 36.1802
397036 13.6367 7.42728 10.797 2.35251 -10.7077 -3.46989 34.2135
397046 13.6367 7.42728 10.797 2.35251 -10.7077 -3.46989 34.2135
397059 13.685 5.3588 11.9304 2.33314 -13.4531 -2.15284 33.3074
397068 13.2695 3.41539 13.1143 2.58485 -15.7358 -0.456579 32.384
397076 13.2695 3.41539 13.1143 2.58485 -15.7358 -0.456579 32.384
397090 12.7379 1.78947 13.9542 2.83656 -17.6144 1.08404 31.3181
397097 12.7379 1.78947 13.9542 2.83656 -17.6144 1.08404 31.3181
397106 12.332 1.08715 14.4095 3.06891 -18.2745 1.97067 30.8976
397121 12.187 1.02943 14.197 2.99146 -18.3878 1.95956 30.4049
397126 12.187 1.02943 14.197 2.99146 -18.3878 1.95956 30.4049
397141 11.9841 1.05829 13.8226 2.87528 -18.3868 1.84373 29.7403
397148 11.9841 1.05829 13.8226 2.87528 -18.3868 1.84373 29.7403
397160 11.7618 0.990945 13.8631 2.98178 -18.2888 2.07388 29.5976
397168 11.4622 1.04867 14.0857 3.13667 -17.9618 2.3769 29.7333
397194 10.9596 0.913979 14.1262 3.21412 -17.9347 2.8069 29.2139
397206 10.4667 0.81777 14.0857 3.2238 -17.9328 3.16063 28.594
397214 10.4667 0.81777 14.0857 3.2238 -17.9328 3.16063 28.594
397223 10.2058 0.798529 14.0452 3.26253 -17.8281 3.33962 28.3121
397231 10.2058 0.798529 14.0452 3.26253 -17.8281 3.33962 28.3121
397241 10.0705 0.798529 14.1161 3.28189 -17.7824 3.46461 28.267
397253 10.1381 0.865874 14.2375 3.33998 -17.6424 3.44985 28.5815
397261 10.1381 0.865874 14.2375 3.33998 -17.6424 3.44985 28.5815
397270 10.1381 0.894737 14.0149 3.27221 -17.6431 3.31261 28.32
397279 10.0995 0.894737 13.8429 3.18508 -17.7204 3.22979 28.0222
397289 10.0995 0.894737 13.8429 3.18508 -17.7204 3.22979 28.0222
397304 10.1768 0.913979 13.9137 3.23349 -17.6562 3.21715 28.238
397309 10.1768 0.913979 13.9137 3.23349 -17.6562 3.21715 28.238
397325 10.2735 0.923599 14.2173 3.35934 -17.5575 3.32572 28.7737
397330 10.3024 0.93322 14.4905 3.45615 -17.4794 3.4495 29.1823
397355 10.4474 0.923599 14.6321 3.42711 -17.6084 3.40886 29.4303
397360 10.5247 1.00057 14.7435 3.42711 -17.545 3.35666 29.6959
397377 10.5247 1.00057 14.7435 3.42711 -17.545 3.35666 29.6959
397380 10.5344 0.962083 14.794 3.47551 -17.5459 3.41316 29.766
397390 10.5344 0.962083 14.794 3.47551 -17.5459 3.41316 29.766
397402 10.4474 0.885116 14.8143 3.49487 -17.6118 3.53048 29.6417
397415 10.4088 0.798529 14.8446 3.3787 -17.9033 3.5759 29.4306
397426 10.4088 0.798529 14.8446 3.3787 -17.9033 3.5759 29.4306
397431 10.2348 0.856254 14.7333 3.3787 -17.7491 3.60629 29.2031
397441 10.1961 0.779287 14.45 3.30125 -17.8976 3.53809 28.7267
397451 10.1961 0.779287 14.45 3.30125 -17.8976 3.53809 28.7267
397461 10.0898 0.779287 14.1464 3.10763 -18.0895 3.40553 28.1232
397479 10.0898 0.779287 14.1464 3.10763 -18.0895 3.40553 28.1232
397483 10.1478 0.673458 13.944 3.01082 -18.3679 3.31234 27.7761
397496 10.1961 0.606112 13.7417 2.93337 -18.5593 3.20599 27.4773
397503 10.1961 0.606112 13.7417 2.93337 -18.5593 3.20599 27.4773
397513 10.3991 0.634975 13.8833 2.84624 -18.7306 3.07714 27.7636
397523 10.6987 0.625354 14.0958 2.79784 -18.9343 2.9607 28.2177
397533 10.6987 0.625354 14.0958 2.79784 -18.9343 2.9607 28.2177
397543 11.1723 0.654216 14.1464 3.1754 -18.4308 2.82796 29.1483
397566 11.1723 0.654216 14.1464 3.1754 -18.4308 2.82796 29.1483
397570 12.39 2.76118 13.7012 3.14636 -15.7691 0.795207 31.9987
397579 13.2791 4.37748 12.578 3.44647 -13.3852 -0.726893 33.6811
397593 13.2791 4.37748 12.578 3.44647 -13.3852 -0.726893 33.6811
397594 13.772 5.58008 12.9524 9.04214 -7.31752 0.958632 41.3466
397616 14.7675 8.09111 11.3333 12.0142 -3.24387 0.158737 46.2062
397618 14.7675 8.09111 11.3333 12.0142 -3.24387 0.158737 46.2062
397624 13.6174 7.58121 6.54702 8.19989 -3.04859 -2.69228 35.9455
397639 13.6174 7.58121 6.54702 8.19989 -3.04859 -2.69228 35.9455
397653 12.448 7.63894 4.47262 6.72836 -2.04017 -4.26008 31.2879
397664 11.3849 8.42784 3.71369 7.2705 0.486881 -4.30004 30.7969
397666 11.3849 8.42784 3.71369 7.2705 0.486881 -4.30004 30.7969
397675 9.84821 9.13978 3.72381 8.92597 3.55093 -3.00506 31.6378
397688 7.64468 9.31296 3.94643 10.6879 6.65499 -1.10311 31.592
397698 7.64468 9.31296 3.94643 10.6879 6.65499 -1.10311 31.592
397714 5.17055 9.23599 4.09821 12.2369 9.92475 0.941023 30.7417
397716 3.00569 9.04358 4.35119 13.4858 12.6919 2.90486 29.8862
397726 3.00569 9.04358 4.35119 13.4858 12.6919 2.90486 29.8862
397741 1.73962 9.15903 4.6244 14.299 14.33 4.03631 29.822
397748 1.73962 9.15903 4.6244 14.299 14.33 4.03631 29.822
397758 1.27572 9.48613 4.79643 14.9282 15.0413 4.40989 30.4865
397768 1.36271 9.82286 5.1 15.3833 14.7964 4.40387 31.6688
397778 1.36271 9.82286 5.1 15.3833 14.7964 4.40387 31.6688
397790 1.45935 9.87097 5.22143 15.5672 14.5999 4.41716 32.1189
397800 1.44002 9.61121 5.21131 15.4994 14.5294 4.56183 31.762
397819 1.37237 9.3322 5.06964 15.1122 14.5714 4.60263 30.8864
397845 1.2274 9.06282 4.85714 14.783 14.8355 4.68585 29.9304
397850 1.15975 8.85116 4.81667 14.5604 14.8319 4.78059 29.3879
397864 1.15975 8.85116 4.81667 14.5604 14.8319 4.78059 29.3879
397874 1.15009 8.70685 4.86726 14.5313 14.7159 4.89223 29.2555
397880 1.10176 8.47595 4.81667 14.4248 14.7318 5.02987 28.8192
397893 1.10176 8.47595 4.81667 14.4248 14.7318 5.02987 28.8192
397900 1.10176 8.35088 4.75595 14.1828 14.684 5.01179 28.3914
397919 1.10176 8.35088 4.75595 14.1828 14.684 5.01179 28.3914
397929 0.995452 8.15846 4.57381 13.9021 14.9216 5.06082 27.6298
397933 0.937464 8.02377 4.54345 13.8246 14.9724 5.16304 27.3293
397946 0.937464 8.02377 4.54345 13.8246 14.9724 5.16304 27.3293
397959 0.840819 7.93718 4.48274 13.8343 15.1761 5.28087 27.095
397971 0.840819 7.97567 4.4625 13.8924 15.241 5.26569 27.1714
397976 0.840819 7.97567 4.4625 13.8924 15.241 5.26569 27.1714
397981 0.840819 7.93718 4.53333 13.9698 15.1504 5.34718 27.2812
397995 0.840819 7.93718 4.53333 13.9698 15.1504 5.34718 27.2812
398001 0.821489 7.97567 4.5131 13.9698 15.2226 5.32574 27.2801
398011 0.869812 8.10074 4.43214 14.0279 15.3357 5.18919 27.4306
398022 0.869812 8.10074 4.43214 14.0279 15.3357 5.18919 27.4306
398031 0.947129 8.25467 4.42202 13.9892 15.2779 5.00275 27.613
398049 0.9278 8.47595 4.43214 14.1925 15.4384 4.93475 28.0284
398052 0.9278 8.47595 4.43214 14.1925 15.4384 4.93475 28.0284
398061 1.11143 8.81268 4.61429 14.5023 15.1419 4.74806 29.0407
398075 1.11143 8.81268 4.61429 14.5023 15.1419 4.74806 29.0407
398081 1.0921 9.0532 4.57381 14.6765 15.3627 4.64612 29.3956
398100 1.21774 9.3322 4.60417 14.8314 15.2921 4.44498 29.9855
398110 1.21774 9.3322 4.60417 14.8314 15.2921 4.44498 29.9855
398125 1.15975 9.38031 4.61429 14.8508 15.3783 4.46175 30.0051
398129 1.15975 9.38031 4.65476 14.8508 15.3239 4.47595 30.0456
398135 1.15975 9.41879 4.65476 14.8121 15.3238 4.43744 30.0454
398154 1.13076 9.30334 4.60417 14.7056 15.3595 4.47605 29.7438
398156 1.13076 9.30334 4.60417 14.7056 15.3595 4.47605 29.7438
398164 1.05344 9.11092 4.58393 14.5216 15.37 4.58211 29.2699
398180 0.976123 8.74533 4.60417 14.5507 15.3376 4.90024 28.8763
398184 0.976123 8.74533 4.60417 14.5507 15.3376 4.90024 28.8763
398194 0.869812 8.44709 4.68512 14.5216 15.2626 5.20087 28.5237
398206 1.8556 8.51443 4.80655 14.5313 13.7872 4.52801 29.7079
398223 1.8556 8.51443 4.80655 14.5313 13.7872 4.52801 29.7079
398239 3.97214 8.85116 5.25179 14.3474 10.7754 3.1348 32.4225
398241 3.97214 8.85116 5.25179 14.3474 10.7754 3.1348 32.4225
398245 5.04491 8.80306 5.79821 13.7762 8.77864 2.57003 33.4224
398255 6.42695 8.94737 5.99048 12.5757 6.70709 1.41066 33.9405
398266 6.42695 8.94737 5.99048 12.5757 6.70709 1.41066 33.9405
398275 8.25355 9.22637 6.13214 11.0558 4.25212 -0.12633 34.6679
398291 9.21035 9.3322 9.9369 10.6492 0.532955 0.7834 39.1287
398304 9.21035 9.3322 9.9369 10.6492 0.532955 0.7834 39.1287
398319 9.35532 9.30334 11.5458 9.11959 -1.57551 0.765474 39.3241
398323 9.35532 9.30334 11.5458 9.11959 -1.57551 0.765474 39.3241
398331 8.65947 8.49519 9.26905 5.9926 -2.65355 -0.875952 32.4163
398345 8.53383 7.91794 7.97381 3.98861 -4.04823 -2.36995 28.4142
398351 8.53383 7.91794 7.97381 3.98861 -4.04823 -2.36995 28.4142
398358 8.9494 7.45614 8.32798 3.42711 -5.67648 -2.47711 28.1606
398374 9.45196 6.7442 9.63333 3.3303 -7.72536 -1.66284 29.1598
398378 9.45196 6.7442 9.63333 3.3303 -7.72536 -1.66284 29.1598
398388 9.84821 5.69553 11.5155 3.51424 -9.9383 -0.252193 30.5735
398401 9.84821 5.69553 11.5155 3.51424 -9.9383 -0.252193 30.5735
398408 10.1188 4.31975 13.7518 3.93052 -12.1575 1.51478 32.1209
398426 10.1478 2.82852 15.4113 4.17255 -14.249 3.04399 32.5602
398428 10.1478 2.82852 15.4113 4.17255 -14.249 3.04399 32.5602
398455 10.1575 1.65478 16.2917 4.20159 -15.936 4.03074 32.3055
398456 10.1671 0.990945 16.7167 4.25 -16.8428 4.57992 32.1248
398459 10.1671 0.990945 16.7167 4.25 -16.8428 4.57992 32.1248
398469 10.2348 0.904358 17.1314 4.33713 -16.9628 4.75166 32.6077
398479 10.2348 0.904358 17.1314 4.33713 -16.9628 4.75166 32.6077
398489 10.0028 0.837012 17.0101 4.37585 -16.912 4.90885 32.2258
398506 9.72257 0.769666 16.5649 4.23064 -17.0092 4.93961 31.2878
398510 9.72257 0.769666 16.5649 4.23064 -17.0092 4.93961 31.2878
398520 9.4133 0.683079 15.9982 3.98861 -17.2354 4.93154 30.0832
398533 9.06538 0.567629 15.7958 3.87244 -17.4234 5.13728 29.3013
398540 9.06538 0.567629 15.7958 3.87244 -17.4234 5.13728 29.3013
398559 8.76578 0.596491 15.7958 3.97893 -17.1484 5.36045 29.137
398561 8.76578 0.596491 15.7958 3.97893 -17.1484 5.36045 29.137
398570 8.45651 0.490662 15.9577 4.10478 -17.0795 5.7474 29.0097
398587 8.14724 0.394454 16.1298 4.21128 -17.0268 6.12789 28.8827
398590 8.14724 0.394454 16.1298 4.21128 -17.0268 6.12789 28.8827
398616 7.89596 0.442558 16.2107 4.21128 -16.9093 6.30211 28.7605
398618 7.62536 0.384833 16.3321 4.33713 -16.7677 6.62098 28.6795
398621 7.62536 0.384833 16.3321 4.33713 -16.7677 6.62098 28.6795
398631 7.39341 0.279004 16.6155 4.34681 -16.9227 6.96177 28.6347
398645 7.39341 0.279004 16.6155 4.34681 -16.9227 6.96177 28.6347
398660 7.13246 0.250141 16.8179 4.49203 -16.7362 7.28097 28.6925
398677 6.91018 0.125071 16.9595 4.54043 -16.825 7.60362 28.5352
398679 6.91018 0.125071 16.9595 4.54043 -16.825 7.60362 28.5352
398688 6.74588 0.11545 17.1112 4.58884 -16.7646 7.79306 28.5613
398705 6.66856 0.134692 17.1213 4.57916 -16.7312 7.83961 28.5037
398707 6.66856 0.134692 17.1213 4.57916 -16.7312 7.83961 28.5037
398715 6.76521 0.144312 17.2122 4.57916 -16.7712 7.77774 28.7009
398733 6.76521 0.144312 17.2122 4.57916 -16.7712 7.77774 28.7009
398735 6.74588 0.105829 17.4346 4.67597 -16.7448 7.90279 28.9623
398744 6.92951 0.192417 17.5559 4.65661 -16.7349 7.71648 29.3344
398760 6.92951 0.192417 17.5559 4.65661 -16.7349 7.71648 29.3344
398764 7.04548 0.202037 17.8591 4.69533 -16.7835 7.70432 29.8019
398774 7.14213 0.173175 17.8894 4.70501 -16.8452 7.66262 29.9097
398789 7.14213 0.173175 17.8894 4.70501 -16.8452 7.66262 29.9097
398795 7.31609 0.192417 17.7681 4.55979 -17.0362 7.45033 29.8364
398805 7.31609 0.192417 17.7681 4.55979 -17.0362 7.45033 29.8364
398817 7.39341 0.182796 17.5862 4.55011 -17.0355 7.3505 29.7125
398828 7.54804 0.153933 17.475 4.4533 -17.2255 7.20193 29.6303
398843 7.54804 0.153933 17.475 4.4533 -17.2255 7.20193 29.6303
398855 7.69301 0.173175 17.3639 4.36617 -17.3312 7.0265 29.5962
398858 7.89596 0.182796 17.1819 4.27904 -17.4477 6.79536 29.5397
398869 7.89596 0.182796 17.1819 4.27904 -17.4477 6.79536 29.5397
398876 8.17624 0.298246 16.9494 4.42426 -17.0891 6.4824 29.8481
398886 9.03638 1.70289 16.3018 4.22096 -15.5255 4.69426 31.262
398899 9.03638 1.70289 16.3018 4.22096 -15.5255 4.69426 31.262
398911 10.0415 3.35767 16.6863 7.89009 -10.1908 4.4149 37.9756
398929 11.2786 5.39728 15.0167 9.09055 -7.23793 2.73325 40.7831
398938 11.0949 5.4069 10.5744 6.47665 -7.29131 0.245529 33.5529
398955 11.0949 5.4069 10.5744 6.47665 -7.29131 0.245529 33.5529
398958 11.037 5.67629 7.51845 4.74374 -7.01921 -2.30422 28.9754
398968 11.2399 6.45557 6.18274 4.87927 -5.29236 -3.46004 28.7575
398984 11.2399 6.45557 6.18274 4.87927 -5.29236 -3.46004 28.7575
398993 11.4042 7.67742 5.65655 5.78929 -2.94328 -3.75193 30.5275
398999 11.4042 7.67742 5.65655 5.78929 -2.94328 -3.75193 30.5275
399013 11.1819 8.88002 5.4744 6.71868 -0.819737 -3.65936 32.255
399019 10.3121 9.89983 5.1 7.77392 1.70892 -3.32681 33.0859
399029 10.3121 9.89983 5.1 7.77392 1.70892 -3.32681 33.0859
399048 8.82376 10.6887 4.70536 8.73235 4.47036 -2.76544 32.9502
399050 6.72655 11.2275 4.13869 9.60364 7.86045 -1.99315 31.6964
399059 6.72655 11.2275 4.13869 9.60364 7.86045 -1.99315 31.6964
399078 4.88061 11.5739 3.92619 10.2813 10.6389 -1.09922 30.662
399086 4.88061 11.5739 3.92619 10.2813 10.6389 -1.09922 30.662
399090 3.73053 12.0164 4.12857 11.0461 12.2919 -0.277593 30.9216
399104 3.20864 12.3724 4.26012 11.5399 13.0999 0.104662 31.381
399110 3.20864 12.3724 4.26012 11.5399 13.0999 0.104662 31.381
399120 3.21831 12.5648 4.37143 11.6948 13.0849 0.133324 31.8493
399136 3.17965 12.5167 4.28036 11.6173 13.194 0.095585 31.594
399141 3.17965 12.5167 4.28036 11.6173 13.194 0.095585 31.594
399165 3.05401 12.4012 4.02738 11.2882 13.4933 -0.0681093 30.7708
399167 3.05401 12.4012 4.02738 11.2882 13.4933 -0.0681093 30.7708
399171 2.90904 12.1992 3.84524 10.9009 13.688 -0.181932 29.8544
399181 2.82206 12.0357 3.59226 10.5911 13.9565 -0.3483 29.0411
399196 2.82206 12.0357 3.59226 10.5911 13.9565 -0.3483 29.0411
399201 2.73508 11.8817 3.48095 10.2813 14.0482 -0.451665 28.3791
399228 2.68675 11.5546 3.44048 10.1748 14.0022 -0.337114 27.8567
399234 2.58044 11.3718 3.41012 10.0393 14.069 -0.275263 27.4017
399243 2.58044 11.3718 3.41012 10.0393 14.069 -0.275263 27.4017
399258 2.4548 11.2949 3.3494 10.0103 14.2948 -0.215793 27.1093
399263 2.54179 11.3622 3.35952 10.0199 14.1852 -0.288375 27.2834
399275 2.54179 11.3622 3.35952 10.0199 14.1852 -0.288375 27.2834
399291 2.4838 11.468 3.35952 9.95216 14.2836 -0.352193 27.2635
399295 2.59011 11.622 3.37976 10.0877 14.2161 -0.403514 27.6795
399304 2.59011 11.622 3.37976 10.0877 14.2161 -0.403514 27.6795
399322 2.68675 11.8048 3.33929 10.2136 14.2562 -0.502062 28.0443
399353 2.63843 11.9394 3.49107 10.4265 14.2448 -0.347563 28.4955
399355 2.6481 11.9587 3.64286 10.6395 14.1119 -0.168438 28.8892
399366 2.6191 11.8913 3.6125 10.6976 14.189 -0.104266 28.8205
399382 2.68675 11.9298 3.70357 10.7944 14.0256 -0.061098 29.1146
399385 2.68675 11.9298 3.70357 10.7944 14.0256 -0.061098 29.1146
399413 2.6191 11.9298 3.69345 10.9203 14.177 0.0333309 29.1627
399415 2.6191 11.9298 3.69345 10.9203 14.177 0.0333309 29.1627
399421 2.63843 11.9106 3.76429 10.9784 14.0707 0.0991577 29.2917
399444 2.66742 11.9202 3.90595 11.1333 13.9064 0.228635 29.6268
399451 2.69642 11.8817 3.89583 11.2494 13.9107 0.286201 29.7234
399460 2.66742 11.8817 4.00714 11.2688 13.8105 0.365526 29.8251
399480 2.60944 11.7951 3.96667 11.2591 13.9031 0.415726 29.6303
399489 2.55145 11.7663 3.84524 11.172 14.0972 0.357678 29.3349
399504 2.55145 11.7663 3.84524 11.172 14.0972 0.357678 29.3349
399518 2.60944 11.7085 3.69345 10.8815 14.0927 0.133433 28.893
399520 2.60944 11.7085 3.69345 10.8815 14.0927 0.133433 28.893
399536 2.57078 11.6797 3.68333 10.6008 14.0412 0.017699 28.5346
399539 2.58044 11.6797 3.42024 10.2716 14.2661 -0.304942 27.952
399567 2.58044 11.6797 3.42024 10.2716 14.2661 -0.304942 27.952
399571 3.25696 11.9202 3.54167 9.91344 13.1277 -0.902161 28.6323
399572 5.14156 12.382 9.49167 10.8525 5.6785 1.11729 37.8677
399580 5.14156 12.382 9.49167 10.8525 5.6785 1.11729 37.8677
399600 9.08471 13.2094 14.1667 10.8622 0.433302 0.866836 47.323
399601 9.08471 13.2094 14.1667 10.8622 0.433302 0.866836 47.323
399610 8.35986 11.7374 10.0583 7.26082 0.387552 -1.11373 37.4164
399632 7.93462 10.3135 7.2756 4.59852 -0.247467 -3.17408 30.1223
399635 7.93462 10.3135 7.2756 4.59852 -0.247467 -3.17408 30.1223
399642 8.61114 9.54386 7.04286 3.33998 -2.42675 -4.08519 28.5378
399664 9.66458 9.0532 8.84405 3.05923 -5.22207 -3.33815 30.6211
399665 9.66458 9.0532 8.84405 3.05923 -5.22207 -3.33815 30.6211
399671 10.689 8.45671 10.5744 3.16572 -7.32915 -2.46563 32.8859
399698 11.2013 7.23486 12.1429 3.20444 -9.54966 -1.37145 33.7834
399703 11.4042 5.59932 13.2357 3.15604 -11.8913 -0.27479 33.3953
399712 11.4042 5.59932 13.2357 3.15604 -11.8913 -0.27479 33.3953
399731 11.2399 3.79061 13.9238 3.0205 -14.3493 0.897798 31.9748
399734 11.2013 2.17431 14.5107 2.94305 -16.7005 1.98425 30.8293
399744 11.2013 2.17431 14.5107 2.94305 -16.7005 1.98425 30.8293
399764 11.3559 1.11602 15.2292 2.90433 -18.432 2.7748 30.6054
399766 11.3559 1.11602 15.2292 2.90433 -18.432 2.7748 30.6054
399797 11.7231 0.913979 15.6643 3.08827 -18.6249 2.92235 31.3897
399797 11.8971 0.971703 15.7048 3.03018 -18.6687 2.78423 31.6037
399800 11.8971 0.971703 15.7048 3.03018 -18.6687 2.78423 31.6037
399809 11.8294 0.913979 15.3506 2.92369 -18.8137 2.67469 31.0177
399834 11.6652 0.81777 14.8649 2.79784 -19.0031 2.57738 30.1456
399834 11.6652 0.81777 14.8649 2.79784 -19.0031 2.57738 30.1456
399836 11.6652 0.769666 14.4298 2.6139 -19.261 2.34519 29.4785
399845 11.5878 0.750424 14.2577 2.57517 -19.2999 2.31118 29.1712
399867 11.5878 0.750424 14.2577 2.57517 -19.2999 2.31118 29.1712
399867 11.5492 0.750424 14.0351 2.5074 -19.3523 2.20663 28.8421
399880 11.5492 0.750424 14.0351 2.5074 -19.3523 2.20663 28.8421
399901 11.5009 0.721562 13.853 2.47836 -19.3967 2.15852 28.5537
399903 11.4235 0.760045 13.6304 2.42027 -19.368 2.05445 28.2342
399906 11.4235 0.760045 13.6304 2.42027 -19.368 2.05445 28.2342
399916 11.4042 0.70232 13.3774 2.36219 -19.4974 1.95703 27.8461
399938 11.6168 0.740804 13.3571 2.31378 -19.5509 1.77317 28.0286
399943 11.6168 0.740804 13.3571 2.31378 -19.5509 1.77317 28.0286
399946 11.8391 0.779287 13.3875 2.29442 -19.5695 1.62375 28.3003
399973 11.8391 0.779287 13.3875 2.29442 -19.5695 1.62375 28.3003
399974 12.0517 0.865874 13.3976 2.32346 -19.4318 1.46837 28.6387
399981 12.158 0.923599 13.4179 2.33314 -19.3523 1.38872 28.8326
400010 12.2257 0.913979 13.347 2.39123 -19.2773 1.34978 28.8779
400012 12.2257 0.913979 13.347 2.39123 -19.2773 1.34978 28.8779
400018 12.245 0.894737 13.1446 2.32346 -19.3753 1.22082 28.6079
400044 12.274 0.990945 12.9726 2.24601 -19.3179 1.02884 28.4836
400054 12.274 0.856254 12.7298 2.18793 -19.5733 0.955907 28.048
400059 12.2064 0.952462 12.5375 2.07175 -19.5545 0.783502 27.7681
400077 12.2064 0.952462 12.5375 2.07175 -19.5545 0.783502 27.7681
400079 12.3417 0.923599 12.5173 2.1008 -19.5767 0.727741 27.8833
400089 12.4287 0.93322 12.6893 2.12016 -19.5807 0.770769 28.1713
400111 12.4287 0.93322 12.6893 2.12016 -19.5807 0.770769 28.1713
400113 12.6219 0.93322 12.9321 2.20729 -19.5277 0.828171 28.6946
400120 12.6219 0.93322 12.9321 2.20729 -19.5277 0.828171 28.6946
400145 12.8442 0.990945 13.0131 2.19761 -19.5112 0.710356 29.0459
400146 13.0955 1.00057 13.0131 2.16857 -19.5878 0.556183 29.2777
400150 13.0955 1.00057 13.0131 2.16857 -19.5878 0.556183 29.2777
400180 13.1825 1.08715 12.8411 2.12016 -19.5138 0.354892 29.2309
400182 13.1148 1.03905 12.2137 1.98462 -19.6677 0.0235051 28.3522
400184 13.1148 1.03905 12.2137 1.98462 -19.6677 0.0235051 28.3522
400216 13.0955 1.03905 11.3839 1.9459 -19.5658 -0.439512 27.4644
400217 13.0955 1.03905 11.3839 1.9459 -19.5658 -0.439512 27.4644
400219 13.7237 2.71307 10.5339 3.24317 -15.1432 -1.32043 30.2139
400221 15.3377 8.02377 12.0315 12.3724 -3.64962 0.327389 47.7654
400231 15.3377 8.02377 12.0315 12.3724 -3.64962 0.327389 47.7654
400249 13.917 7.27334 6.43571 8.43223 -3.22196 -2.63007 36.0583
400253 12.4576 7.69666 3.64286 6.62187 -1.46452 -4.87668 30.419
400284 12.0131 9.515 3.51131 7.94818 1.46933 -4.57836 32.9876
400285 12.0131 9.515 3.51131 7.94818 1.46933 -4.57836 32.9876
400293 10.8727 11.5835 3.78452 9.85535 4.69695 -3.66367 36.096
400317 8.62081 12.7284 3.91607 11.2397 7.82853 -2.54486 36.505
400319 8.62081 12.7284 3.91607 11.2397 7.82853 -2.54486 36.505
400323 5.85674 13.1709 4.37143 12.6822 10.8262 -0.82064 36.0813
400354 3.73053 13.4595 4.60417 13.5632 13.2137 0.414614 35.3574
400356 3.73053 13.4595 4.60417 13.5632 13.2137 0.414614 35.3574
400358 2.87038 13.4788 4.3006 13.2728 14.4304 0.541331 33.9225
400364 2.87038 13.4788 4.3006 13.2728 14.4304 0.541331 33.9225
400389 2.68675 13.1805 4.0375 12.6241 14.6642 0.366302 32.5289
400391 2.44514 12.738 3.85536 12.2079 14.918 0.4225 31.2463
400399 2.44514 12.738 3.85536 12.2079 14.918 0.4225 31.2463
400405 2.37749 12.1511 3.84524 12.1788 14.8164 0.734206 30.5526
400425 2.11654 11.4199 3.92619 12.1401 14.7936 1.28188 29.6027
400426 2.11654 11.4199 3.92619 12.1401 14.7936 1.28188 29.6027
400435 1.89426 10.6406 3.95655 12.053 14.7514 1.8259 28.5444
400457 1.89426 10.6406 3.95655 12.053 14.7514 1.8259 28.5444
400458 1.59466 9.81324 3.69345 11.8497 15.1894 2.30152 26.951
400470 1.45935 9.46689 3.63274 11.6173 15.2735 2.4777 26.1763
400490 1.45935 9.46689 3.63274 11.6173 15.2735 2.4777 26.1763
400492 1.32405 9.38031 3.62262 11.627 15.4703 2.62692 25.954
400496 1.44002 9.52462 3.825 11.9465 15.1537 2.69682 26.7361
400542 1.44002 9.52462 3.825 11.9465 15.1537 2.69682 26.7361
400547 1.58499 9.77476 3.91607 12.4305 15.0726 2.69984 27.7063
400568 1.58499 9.77476 3.91607 12.4305 15.0726 2.69984 27.7063
400577 1.51734 9.92869 3.86548 12.4305 15.2985 2.62236 27.742
400578 1.51734 9.92869 3.86548 12.4305 15.2985 2.62236 27.742
400580 1.56566 10.2943 3.65298 12.1595 15.5707 2.14247 27.6724
400580 1.64298 10.7753 3.58214 12.0626 15.6904 1.72459 28.0631
400606 1.64298 10.7753 3.58214 12.0626 15.6904 1.72459 28.0631
400608 1.6913 11.2179 3.46071 12.0142 15.9245 1.35592 28.3841
400610 1.73962 11.4969 3.47083 12.0046 15.9263 1.16966 28.7119
400620 1.73962 11.4969 3.47083 12.0046 15.9263 1.16966 28.7119
400641 1.76862 11.7182 3.4 12.0142 16.0581 1.00037 28.901
400656 1.76862 11.9202 3.31905 11.9852 16.2261 0.835762 28.9931
400679 1.86526 12.2954 3.29881 11.8593 16.1932 0.510322 29.3188
400680 1.86526 12.2954 3.29881 11.8593 16.1932 0.510322 29.3188
400684 1.95225 12.6129 3.1369 11.7432 16.3583 0.160428 29.4452
400691 2.07789 12.8823 3.14702 11.627 16.214 -0.0939086 29.7342
400713 2.07789 12.8823 3.14702 11.627 16.214 -0.0939086 29.7342
400714 2.09721 13.1132 3.01548 11.4915 16.3978 -0.355079 29.7173
400724 2.09721 13.1132 3.01548 11.4915 16.3978 -0.355079 29.7173
400749 2.04889 13.0555 3.10655 11.5302 16.3328 -0.235847 29.7411
400752 2.16487 13.017 3.19762 11.6657 16.076 -0.159015 30.0452
400754 2.16487 13.017 3.19762 11.6657 16.076 -0.159015 30.0452
400787 2.04889 12.94 3.26845 11.6948 16.1236 -0.0128648 29.9521
400789 2.07789 12.8342 3.30893 11.7528 16.0141 0.0749195 29.9738
400790 2.07789 12.8342 3.30893 11.7528 16.0141 0.0749195 29.9738
400794 2.07789 12.6899 3.27857 11.8593 16.0444 0.185661 29.9057
400804 2.07789 12.6899 3.27857 11.8593 16.0444 0.185661 29.9057
400825 2.0199 12.5263 3.49107 12.0626 15.8455 0.502079 30.0999
400826 1.98124 12.3147 3.55179 12.3047 15.8249 0.776337 30.1524
400834 1.98124 12.3147 3.55179 12.3047 15.8249 0.776337 30.1524
400861 1.94258 12.305 3.68333 12.5951 15.7851 0.99791 30.5261
400862 1.92325 12.2377 3.72381 12.7694 15.7891 1.14123 30.6541
400869 1.92325 12.2377 3.72381 12.7694 15.7891 1.14123 30.6541
400899 2.49346 12.3339 4.02738 12.7403 14.6806 0.92119 31.5951
400900 2.49346 12.3339 4.02738 12.7403 14.6806 0.92119 31.5951
400902 2.80273 12.2088 4.45238 12.5564 13.6711 0.935594 32.0203
400908 3.89483 12.4012 9.33988 13.6697 8.16437 2.56204 39.3057
400916 3.89483 12.4012 9.33988 13.6697 8.16437 2.56204 39.3057
400940 4.87095 12.2281 10.6958 12.4596 5.6645 2.25679 40.2544
400941 4.98692 11.1602 8.9756 9.81663 5.01889 1.1356 34.9393
400946 4.98692 11.1602 8.9756 9.81663 5.01889 1.1356 34.9393
400956 4.99659 10.1981 7.56905 7.72551 4.39331 0.0491452 30.4892
400975 5.15122 10.1981 7.58929 6.33144 3.23625 -0.732103 29.27
400976 5.15122 9.16865 7.58929 6.33144 2.44291 -0.212009 28.2406
400991 5.57646 8.27391 9.03631 5.62472 -0.626194 0.426486 28.5114
401014 5.57646 8.27391 9.03631 5.62472 -0.626194 0.426486 28.5114
401015 6.22399 7.28297 11.0196 5.10194 -4.09971 1.3237 29.6285
401018 7.13246 5.84946 12.9827 4.93736 -7.54674 2.39701 30.902
401028 7.13246 5.84946 12.9827 4.93736 -7.54674 2.39701 30.902
401050 7.91529 4.1562 14.7435 4.85023 -10.7787 3.56331 31.6652
401050 8.61114 2.40521 16.322 4.90831 -13.66 4.75118 32.2467
401089 9.13303 1.25071 17.4346 4.95672 -15.5303 5.49545 32.7751
401091 9.13303 1.25071 17.4346 4.95672 -15.5303 5.49545 32.7751
401092 9.61626 1.01981 18.0107 5.13098 -15.8952 5.55348 33.7777
401099 9.7419 1.07753 17.9096 5.10194 -15.8671 5.40575 33.831
401126 9.34565 0.913979 17.3335 4.88895 -16.0675 5.52436 32.4821
401130 8.74645 0.740804 16.7369 4.63724 -16.2868 5.77755 30.8614
401143 8.74645 0.740804 16.7369 4.63724 -16.2868 5.77755 30.8614
401165 8.2149 0.58687 16.0792 4.44362 -16.4227 5.9955 29.3246
401167 8.2149 0.58687 16.0792 4.44362 -16.4227 5.9955 29.3246
401171 7.74133 0.500283 15.6946 4.29841 -16.5021 6.24309 28.2347
401181 7.48039 0.481041 15.4113 4.28872 -16.3783 6.3655 27.6615
401203 7.48039 0.481041 15.4113 4.28872 -16.3783 6.3655 27.6615
401204 7.23877 0.4618 15.219 4.27904 -16.2848 6.50631 27.1987
401211 7.2581 0.481041 15.0571 4.28872 -16.1948 6.42794 27.085
401240 7.2581 0.481041 15.0571 4.28872 -16.1948 6.42794 27.085
401241 7.46106 0.625354 14.9863 4.23064 -16.1073 6.11493 27.3034
401244 7.46106 0.625354 14.9863 4.23064 -16.1073 6.11493 27.3034
401253 7.79932 0.731183 15.0369 4.23064 -16.0752 5.79377 27.798
401276 8.22456 0.837012 15.047 4.29841 -15.961 5.43027 28.407
401288 8.56282 0.923599 14.9357 4.25 -15.978 5.07424 28.6721
401293 9.03638 1.1064 14.8244 4.20159 -15.9012 4.56818 29.1688
401313 9.03638 1.1064 14.8244 4.20159 -15.9012 4.56818 29.1688
401318 9.55827 1.28919 14.5815 4.15319 -15.8013 3.99934 29.5822
401324 9.55827 1.28919 14.5815 4.15319 -15.8013 3.99934 29.5822
401351 10.0125 1.41426 14.2173 3.96925 -15.9103 3.42401 29.6133
401352 10.3314 1.44312 13.7923 3.83371 -16.026 2.98536 29.4005
401356 10.3314 1.44312 13.7923 3.83371 -16.026 2.98536 29.4005
401365 10.4184 1.47199 13.4887 3.64977 -16.1782 2.71181 29.0289
401388 10.6987 1.46237 13.3065 3.55296 -16.359 2.42851 29.0206
401389 10.6987 1.46237 13.3065 3.55296 -16.359 2.42851 29.0206
401404 10.805 1.54895 13.3875 3.582 -16.2511 2.36102 29.3235
401425 10.805 1.54895 13.3875 3.582 -16.2511 2.36102 29.3235
401426 10.776 1.52009 13.6101 3.69818 -16.1867 2.53959 29.6044
401429 10.7663 1.50085 14.1464 3.84339 -16.1686 2.83701 30.257
401465 10.6407 1.44312 14.4601 3.92084 -16.1964 3.10053 30.4648
401466 10.4377 1.29881 14.7839 4.01765 -16.2954 3.47026 30.5381
401468 10.4377 1.29881 14.7839 4.01765 -16.2954 3.47026 30.5381
401476 10.2928 1.18336 14.8345 4.03702 -16.399 3.65534 30.3477
401503 10.2928 1.18336 14.8345 4.03702 -16.399 3.65534 30.3477
401504 10.2348 1.21222 14.9964 4.43394 -15.8571 3.87825 30.8774
401506 10.6214 2.0781 14.6625 4.20159 -15.0523 2.92962 31.5636
401516 10.6214 2.0781 14.6625 4.20159 -15.0523 2.92962 31.5636
401539 10.7567 2.87663 15.6238 7.71583 -10.6754 3.93788 36.9729
401541 11.3076 4.6661 15.7149 10.7557 -6.83288 3.70966 42.4442
401548 11.3076 4.6661 15.7149 10.7557 -6.83288 3.70966 42.4442
401578 10.3121 3.99264 11.647 8.8582 -6.54144 2.67185 34.81
401579 9.55827 4.35823 7.82202 7.09624 -5.13774 0.521121 28.8348
401581 9.55827 4.35823 7.82202 7.09624 -5.13774 0.521121 28.8348
401591 9.01706 4.85852 6.2131 7.37699 -2.7258 -0.155913 27.4657
401617 9.01706 4.85852 6.2131 7.37699 -2.7258 -0.155913 27.4657
401618 8.83343 5.61856 6.375 9.31321 -0.229473 0.615234 30.1402
401620 8.45651 6.49406 6.70893 10.8331 1.66327 1.19635 32.4926
401630 8.45651 6.49406 6.70893 10.8331 1.66327 1.19635 32.4926
401654 7.52871 7.28297 6.52679 11.9562 3.89224 1.65399 33.2946
401656 5.96305 7.7159 6.39524 13.0308 6.33468 2.60401 33.1049
401660 5.96305 7.7159 6.39524 13.0308 6.33468 2.60401 33.1049
401694 4.11711 8.08149 6.31429 13.9795 8.94794 3.73711 32.4924
401695 4.11711 8.08149 6.31429 13.9795 8.94794 3.73711 32.4924
401696 2.6191 8.32201 6.28393 14.6765 11.0461 4.71106 31.9016
401700 2.00057 8.70685 6.28393 14.8992 12.011 4.92734 31.8905
401710 2.00057 8.70685 6.28393 14.8992 12.011 4.92734 31.8905
401728 1.87493 8.98585 6.07143 14.7733 12.4685 4.72346 31.7056
401735 1.91359 9.03396 5.85893 14.4442 12.5642 4.49058 31.2507
401740 1.91359 9.03396 5.85893 14.4442 12.5642 4.49058 31.2507
401763 1.80728 8.91851 5.72738 14.1634 12.6951 4.49023 30.6166
401773 1.75895 8.70685 5.54524 13.8246 12.7593 4.47654 29.8356
401805 1.60432 8.44709 5.33274 13.4567 12.9736 4.54462 28.8409
401805 1.60432 8.44709 5.33274 13.4567 12.9736 4.54462 28.8409
401806 1.51734 8.38936 5.07976 13.0501 13.2348 4.39953 28.0366
401811 1.51734 8.38936 5.07976 13.0501 13.2348 4.39953 28.0366
401821 1.46902 8.32201 4.95833 12.8371 13.3506 4.35237 27.5865
401838 1.48835 8.28353 4.84702 12.6629 13.389 4.2545 27.2818
401843 1.48835 8.28353 4.84702 12.6629 13.389 4.2545 27.2818
401853 1.45935 8.29315 4.73571 12.508 13.526 4.16236 26.9962
401878 1.46902 8.32201 4.70536 12.3531 13.5019 4.06008 26.8495
401880 1.46902 8.32201 4.70536 12.3531 13.5019 4.06008 26.8495
401884 1.57533 8.57216 4.58393 12.1982 13.5641 3.69554 26.9296
401893 1.65264 8.85116 4.56369 12.1885 13.5964 3.43872 27.256
401912 1.65264 8.85116 4.56369 12.1885 13.5964 3.43872 27.256
401914 1.78795 9.31296 4.63452 12.3918 13.5832 3.15997 28.1272
401924 1.78795 9.31296 4.63452 12.3918 13.5832 3.15997 28.1272
401944 1.94258 9.61121 4.69524 12.4305 13.4276 2.91426 28.6795
401945 2.03923 9.89021 4.60417 12.4402 13.5355 2.64805 28.9738
401954 2.03923 9.89021 4.60417 12.4402 13.5355 2.64805 28.9738
401977 2.03923 10.1115 4.58393 12.3918 13.6303 2.48486 29.1264
401983 2.13587 10.3809 4.56369 12.4015 13.6378 2.2633 29.4819
401993 2.13587 10.3809 4.56369 12.4015 13.6378 2.2633 29.4819
402014 2.17453 10.5733 4.5131 12.4692 13.7528 2.13648 29.7302
402015 2.17453 10.5733 4.5131 12.4692 13.7528 2.13648 29.7302
402020 2.25185 10.6406 4.55357 12.5564 13.6586 2.10856 30.0024
402031 2.22285 10.6791 4.69524 12.6338 13.558 2.19663 30.231
402057 2.22285 10.6791 4.69524 12.6338 13.558 2.19663 30.231
402058 2.1842 10.6406 4.57381 12.6726 13.7633 2.20553 30.0712
402060 2.23252 10.708 4.6244 12.6048 13.6361 2.13228 30.1697
402069 2.23252 10.708 4.6244 12.6048 13.6361 2.13228 30.1697
402094 2.21319 10.7946 4.49286 12.4983 13.8228 1.99177 29.9989
402094 2.21319 10.7946 4.49286 12.4983 13.8228 1.99177 29.9989
402096 2.23252 10.8331 4.35119 12.3337 13.9351 1.82484 29.7505
402106 2.20352 10.9966 4.32083 12.2756 14.0518 1.70976 29.7966
402131 2.20352 10.9966 4.32083 12.2756 14.0518 1.70976 29.7966
402131 2.25185 11.1313 4.31071 12.1885 14.0193 1.56417 29.8824
402141 2.25185 11.1313 4.3006 12.0626 13.9862 1.50275 29.7464
402173 2.25185 11.1217 4.3006 12.0626 13.9826 1.50809 29.7368
402175 3.4116 11.5931 4.42202 11.9562 12.5193 0.65648 31.3829
402177 3.4116 11.5931 4.42202 11.9562 12.5193 0.65648 31.3829
402180 4.55202 11.8336 5.24167 11.5011 10.2186 0.161721 33.1284
402188 6.44628 12.2858 9.24881 11.8497 5.29767 0.891175 39.8305
402223 6.44628 12.2858 9.24881 11.8497 5.29767 0.891175 39.8305
402224 7.92496 12.103 9.24881 9.91344 3.08921 -0.331348 39.1902
402226 7.96362 11.0062 6.77976 7.13497 2.58314 -2.30584 32.8846
402230 7.96362 11.0062 6.77976 7.13497 2.58314 -2.30584 32.8846
402274 8.23422 10.1788 5.29226 5.10194 1.52243 -4.17544 28.8073
402277 8.23422 10.1788 5.29226 5.10194 1.52243 -4.17544 28.8073
402279 8.82376 9.50538 4.99881 3.84339 -0.435938 -5.23728 27.1713
402281 9.53894 8.93775 5.53512 3.3303 -2.56566 -5.27279 27.3421
402282 9.53894 8.93775 5.53512 3.3303 -2.56566 -5.27279 27.3421
402290 10.1381 8.32201 6.90119 3.3303 -4.6939 -4.30195 28.6916
402323 10.7663 7.75439 8.79345 3.81435 -6.41779 -2.84928 31.1285
