1614308 10.8437 20.1283 15.7452 18.4183 4.58954 0.734979 65.1355
1614316 10.863 19.9657 16.0994 17.7911 4.16971 0.709655 64.7192
1614325 10.863 19.9657 16.0994 17.7911 4.16971 0.709655 64.7192
1614339 10.7567 19.7935 16.5548 17.2894 3.79361 0.767317 64.3944
1614345 10.747 19.6787 17.2325 16.8548 3.31483 0.851355 64.5129
1614360 10.747 19.6787 17.2325 16.8548 3.31483 0.851355 64.5129
1614365 11.008 19.5065 18.132 16.6128 2.67368 0.972349 65.2592
1614380 11.008 19.5065 18.132 16.6128 2.67368 0.972349 65.2592
1614386 11.3945 19.0855 19.2033 16.3223 1.8218 1.14662 66.0057
1614397 11.8971 18.7985 20.3555 16.0513 0.96761 1.27666 67.1024
1614406 11.8971 18.7985 20.3555 16.0513 0.96761 1.27666 67.1024
1614417 12.3223 18.2819 21.72 15.7124 -0.0176281 1.50539 68.0367
1614431 12.7669 17.3731 22.9935 15.2477 -1.14781 1.77706 68.3812
1614447 12.9892 16.2592 24.2669 14.5894 -2.35209 2.11614 68.1048
1614457 13.2308 14.8546 25.409 13.844 -3.69081 2.48765 67.3384
1614467 13.2308 14.8546 25.409 13.844 -3.69081 2.48765 67.3384
1614486 13.4144 13.5269 26.6522 13.2534 -4.96894 2.9091 66.8469
1614487 13.4144 13.5269 26.6522 13.2534 -4.96894 2.9091 66.8469
1614497 13.5401 12.2858 27.9257 12.7597 -6.172 3.3512 66.5112
1614516 13.7817 11.1602 29.1284 12.4015 -7.27695 3.74326 66.4717
1614527 13.7817 11.1602 29.1284 12.4015 -7.27695 3.74326 66.4717
1614535 14.2456 10.3231 30.2301 12.0917 -8.24513 3.98107 66.8905
1614548 14.2456 10.3231 30.2301 12.0917 -8.24513 3.98107 66.8905
1614555 14.7965 9.38993 31.0488 11.7722 -9.2091 4.17146 67.0074
1614563 15.3957 8.32201 31.7967 11.4818 -10.2202 4.37953 66.9961
1614571 15.3957 8.32201 31.7967 11.4818 -10.2202 4.37953 66.9961
1614583 15.8016 7.39842 32.201 11.3462 -10.9585 4.57259 66.7472
1614592 16.2848 6.50368 32.4132 11.2107 -11.6633 4.70591 66.4124
1614600 16.2848 6.50368 32.4132 11.2107 -11.6633 4.70591 66.4124
1614613 16.7004 5.84946 32.2717 11.0171 -12.191 4.72494 65.8386
1614620 17.1154 5.64743 32.0291 10.8428 -12.4379 4.59567 65.6348
1614633 17.1154 5.64743 32.0291 10.8428 -12.4379 4.59567 65.6348
1614640 17.4137 5.5897 31.5945 10.6589 -12.5503 4.42483 65.2568
1614653 17.4137 5.5897 31.5945 10.6589 -12.5503 4.42483 65.2568
1614661 17.5676 5.65705 31.1498 10.4653 -12.5676 4.25443 64.8398
1614671 17.8274 5.80136 30.6243 10.3007 -12.5282 4.01902 64.5537
1614681 17.8274 5.80136 30.6243 10.3007 -12.5282 4.01902 64.5537
1614691 18.0006 5.8687 30.1189 10.1264 -12.5261 3.83128 64.1146
1614701 18.1737 5.90719 29.7652 9.97153 -12.5593 3.6798 63.8176
1614711 18.1737 5.90719 29.7652 9.97153 -12.5593 3.6798 63.8176
1614721 18.2988 6.01302 29.4013 9.86503 -12.513 3.52822 63.5782
1614731 18.2988 6.01302 29.4013 9.86503 -12.513 3.52822 63.5782
1614746 18.4816 6.06112 29.3407 9.79727 -12.5485 3.43791 63.6807
1614752 18.6452 6.12847 29.3306 9.78759 -12.5445 3.36769 63.8918
1614762 18.6452 6.12847 29.3306 9.78759 -12.5445 3.36769 63.8918
1614772 18.8857 6.2824 29.4215 9.85535 -12.4794 3.28392 64.445
1614782 19.1551 6.42671 29.5226 9.96185 -12.4062 3.20504 65.0662
1614792 19.1551 6.42671 29.5226 9.96185 -12.4062 3.20504 65.0662
1614803 19.3667 6.54216 29.654 10.1167 -12.3181 3.16579 65.6796
1614817 19.3667 6.54216 29.654 10.1167 -12.3181 3.16579 65.6796
1614824 19.6746 7.6678 29.6944 10.3781 -11.6158 2.83249 67.4149
1614834 19.9728 8.96661 29.4721 10.9203 -10.6582 2.47784 69.3318
1614852 19.9728 8.96661 29.4721 10.9203 -10.6582 2.47784 69.3318
1614854 20.1556 10.1211 28.5422 11.1913 -9.77906 2.02616 70.0103
1614865 20.2903 11.3622 26.8948 11.2204 -8.81587 1.38946 69.7677
1614891 20.3769 13.4307 24.6106 10.9106 -7.44504 0.370753 69.3288
1614900 20.3769 13.4307 24.6106 10.9106 -7.44504 0.370753 69.3288
1614904 20.2903 15.1239 22.1344 10.3781 -6.22826 -0.640785 67.9268
1614914 20.0498 16.1245 19.6076 9.87471 -5.20062 -1.52886 65.6566
1614931 20.0498 16.1245 19.6076 9.87471 -5.20062 -1.52886 65.6566
1614935 19.867 16.9615 17.4043 9.44875 -4.2638 -2.3497 63.6815
1614945 19.867 16.9615 17.4043 9.44875 -4.2638 -2.3497 63.6815
1614955 19.6938 17.6792 15.806 9.50683 -3.31563 -2.88589 62.6859
1614965 19.7612 18.4924 14.7839 10.8331 -2.04302 -2.96768 63.8707
1614980 19.7612 18.4924 14.7839 10.8331 -2.04302 -2.96768 63.8707
1614986 19.9151 19.4395 14.3994 13.4277 -0.538589 -2.57381 67.1817
1614998 20.1749 20.0326 14.025 16.0609 0.673497 -2.15986 70.2934
1615006 20.1749 20.0326 14.025 16.0609 0.673497 -2.15986 70.2934
1615016 20.223 20.3101 13.0536 17.2798 1.52164 -2.15893 70.8664
1615031 20.1268 20.1666 11.7786 17.6368 2.11523 -2.34074 69.7087
1615037 20.1268 20.1666 11.7786 17.6368 2.11523 -2.34074 69.7087
1615047 19.944 19.9274 10.7565 18.0806 2.65887 -2.40893 68.7085
1615057 19.944 19.9274 10.7565 18.0806 2.65887 -2.40893 68.7085
1615067 19.4822 19.7265 10.4327 18.891 3.17464 -2.16355 68.5325
1615084 18.8857 19.296 10.281 19.6629 3.59346 -1.81382 68.1255
1615089 18.8857 19.296 10.281 19.6629 3.59346 -1.81382 68.1255
1615098 18.2796 18.9229 10.2 20.2611 3.95501 -1.49447 67.6635
1615108 17.5099 18.3872 9.9369 20.7338 4.38432 -1.17767 66.5678
1615123 17.5099 18.3872 9.9369 20.7338 4.38432 -1.17767 66.5678
1615128 16.797 17.861 9.73452 21.1969 4.77453 -0.852251 65.5895
1615143 16.797 17.861 9.73452 21.1969 4.77453 -0.852251 65.5895
1615154 16.0432 17.4018 9.67381 21.8241 5.20028 -0.449733 64.9429
1615162 15.4537 17.0765 9.775 22.6152 5.56954 -0.0323457 64.9204
1615172 15.4537 17.0765 9.775 22.6152 5.56954 -0.0323457 64.9204
1615181 15.0574 16.7499 10.1595 23.8019 5.82908 0.491307 65.7687
1615192 14.5549 16.3169 10.4631 24.9983 6.1422 1.03785 66.3332
1615201 14.5549 16.3169 10.4631 24.9983 6.1422 1.03785 66.3332
1615220 14.12 15.9994 10.7768 26.1368 6.42948 1.52034 67.033
1615222 13.6561 15.6723 11.0601 27.3524 6.75684 2.01153 67.7409
1615250 13.0472 15.3741 11.1917 28.433 7.18935 2.46968 68.046
1615253 13.0472 15.3741 11.1917 28.433 7.18935 2.46968 68.046
1615261 12.1967 15.1143 11.2524 29.4943 7.77265 2.96124 68.0577
1615279 11.1143 14.893 11.3232 30.5653 8.47653 3.50858 67.8958
1615283 11.1143 14.893 11.3232 30.5653 8.47653 3.50858 67.8958
1615292 9.91586 14.7391 11.3333 31.5494 9.26864 4.04835 67.5377
1615302 8.64014 14.7391 11.3839 32.5624 10.1289 4.58231 67.3256
1615312 8.64014 14.4601 11.3839 32.5624 10.0671 4.6638 67.0466
1615324 7.39341 14.3639 11.4851 33.5369 10.865 5.22573 66.7793
1615337 7.39341 14.3639 11.4851 33.5369 10.865 5.22573 66.7793
1615345 6.3303 14.4024 11.6774 34 11.4421 5.63424 66.4101
1615353 5.5668 14.412 11.8798 34 11.7545 5.89923 65.8586
1615367 5.5668 14.412 11.8798 34 11.7545 5.89923 65.8586
1615373 4.35873 14.3639 12.0518 34 12.3326 6.3287 64.7744
1615387 3.44059 14.2677 12.1631 34 12.7851 6.68253 63.8714
1615399 3.44059 14.2677 12.1631 34 12.7851 6.68253 63.8714
1615409 2.51279 14.1522 12.1833 34 13.3083 7.04513 62.8484
1615415 2.51279 14.1522 12.1833 34 13.3083 7.04513 62.8484
1615425 1.62365 13.8925 12.1732 34 13.8175 7.45439 61.6893
1615435 1.2564 13.8347 12.1732 34 14.0396 7.61015 61.2644
1615453 1.2564 13.8347 12.1732 34 14.0396 7.61015 61.2644
1615456 1.2564 13.9021 12.1935 34 14.0388 7.58777 61.3519
1615466 1.14042 13.8444 12.1833 34 14.1089 7.65069 61.1681
1615476 1.14042 13.8444 12.1833 34 14.1089 7.65069 61.1681
1615486 1.15009 13.8444 12.153 34 14.1221 7.64346 61.1474
1615496 1.15009 13.8444 12.153 34 14.1221 7.64346 61.1474
1615511 1.0631 13.8732 12.0518 34 14.248 7.65283 60.9881
1615517 1.07277 13.9694 12.0214 34 14.2782 7.6099 61.0636
1615527 1.07277 13.9694 12.0214 34 14.2782 7.6099 61.0636
1615538 1.14042 14.1619 11.8595 34 14.3725 7.4942 61.1618
1615547 1.15975 14.5178 11.8089 34 14.454 7.35072 61.4865
1615560 1.15975 14.5178 11.8089 34 14.454 7.35072 61.4865
1615576 1.19841 14.893 11.8089 34 14.4933 7.20129 61.9004
1615582 1.19841 14.893 11.8089 34 14.4933 7.20129 61.9004
1615587 1.30472 15.2971 11.7685 34 14.5197 7.01455 62.3703
1615597 1.48835 15.605 11.7685 34 14.4556 6.84242 62.8618
1615617 1.48835 15.605 11.7685 34 14.4556 6.84242 62.8618
1615624 1.82661 15.8936 11.8089 34 14.2683 6.63209 63.5291
1615628 2.74474 16.1726 11.8595 34 13.7273 6.23884 64.7769
1615638 2.74474 16.1726 11.8595 34 13.7273 6.23884 64.7769
1615648 3.5759 16.3746 12.0315 34 13.173 5.92911 65.9821
1615659 3.5759 16.3746 12.0315 34 13.173 5.92911 65.9821
1615669 4.34906 16.3169 12.1429 34 12.6574 5.7201 66.8088
1615679 5.47015 16.3939 12.406 34 11.9078 5.39225 68.27
1615694 5.47015 16.3939 12.406 34 11.9078 5.39225 68.27
1615700 6.76521 16.4805 12.3554 33.807 11.226 4.9526 69.4081
1615710 7.67368 16.519 12.1833 32.4177 10.5677 4.44992 68.7937
1615720 7.67368 16.519 12.1833 32.4177 10.5677 4.44992 68.7937
1615730 8.3502 16.519 11.7786 30.7775 10.0733 3.93479 67.4253
1615740 8.3502 16.519 11.7786 30.7775 10.0733 3.93479 67.4253
1615752 8.73678 16.5863 11.394 28.9926 9.68201 3.43866 65.7098
1615760 9.06538 16.9711 11.5458 27.6805 9.20907 3.03154 65.2628
1615773 9.06538 16.9711 11.5458 27.6805 9.20907 3.03154 65.2628
1615780 9.46163 17.507 14.2679 27.6515 7.77678 3.25544 68.888
1615799 9.67425 17.9567 17.4952 27.7963 6.37096 3.63275 72.9224
1615808 9.67425 17.9567 17.4952 27.7963 6.37096 3.63275 72.9224
1615817 9.59693 18.2437 17.1516 25.6061 6.05583 3.16944 70.5983
1615832 9.55827 18.3585 15.7452 22.4608 5.86628 2.33414 66.1228
1615841 9.64525 18.502 15.4214 20.2225 5.35253 1.76279 63.7911
1615851 9.64525 18.502 15.4214 20.2225 5.35253 1.76279 63.7911
1615861 9.78056 18.6837 15.8869 18.7946 4.67602 1.47686 63.1458
1615876 10.0705 18.7985 16.9696 17.849 3.77131 1.40129 63.6877
1615883 10.0705 18.7985 16.9696 17.849 3.77131 1.40129 63.6877
1615892 10.1768 19.0186 18.0916 17.1447 3.06329 1.40635 64.4317
1615904 10.1768 19.0186 18.0916 17.1447 3.06329 1.40635 64.4317
1615912 10.2735 19.1429 19.5268 16.5837 2.26108 1.53237 65.5269
1615925 10.4281 19.1621 21.1237 16.2836 1.45301 1.75017 66.9974
1615951 10.5827 19.1142 22.387 15.9448 0.767779 1.90394 68.0288
1615960 10.9306 18.8081 23.4078 15.7027 0.0625819 2.04181 68.8493
1615969 10.9306 18.8081 23.4078 15.7027 0.0625819 2.04181 68.8493
1615977 11.3366 18.3393 24.4287 15.6059 -0.652683 2.22894 69.7105
1615995 11.7328 17.5836 25.5 15.4123 -1.50827 2.47675 70.2287
1616005 11.9841 16.4612 26.5208 15.0735 -2.48795 2.81604 70.0396
1616015 11.9841 16.4612 26.5208 15.0735 -2.48795 2.81604 70.0396
1616025 12.1387 14.7968 27.6427 14.7249 -3.701 3.34012 69.3032
1616035 12.1677 12.661 28.8757 14.2118 -5.2162 4.03266 67.9163
1616045 12.1677 12.661 28.8757 14.2118 -5.2162 4.03266 67.9163
1616058 12.1194 10.3231 30.2604 13.7568 -6.88379 4.86942 66.4598
1616065 12.1194 10.3231 30.2604 13.7568 -6.88379 4.86942 66.4598
1616075 12.0807 8.15846 31.6046 13.6116 -8.37031 5.72383 65.4554
1616085 12.0131 6.3305 32.9287 13.6019 -9.63762 6.51731 64.8742
1616105 12.0131 6.3305 32.9287 13.6019 -9.63762 6.51731 64.8742
1616107 12.1774 5.05093 33.9495 13.7084 -10.5444 7.03453 64.8862
1616116 12.3513 4.30051 34 13.9601 -10.869 7.26838 64.612
1616126 12.3513 4.30051 34 13.9601 -10.869 7.26838 64.612
1616136 12.4673 4.12733 34 14.2118 -10.8508 7.31806 64.8065
1616147 12.4673 4.12733 34 14.2118 -10.8508 7.31806 64.8065
1616156 12.5736 4.12733 34 14.3571 -10.7939 7.29874 65.058
1616171 12.6896 4.31013 34 14.3474 -10.7243 7.19565 65.3471
1616177 12.6896 4.31013 34 14.3474 -10.7243 7.19565 65.3471
1616190 12.6509 4.35823 34 14.1731 -10.785 7.17157 65.1823
1616197 12.6219 4.3871 34 13.9892 -10.864 7.14946 64.9982
1616211 12.6219 4.3871 34 13.9892 -10.864 7.14946 64.9982
1616217 12.4866 4.42558 34 13.7375 -10.9527 7.15207 64.6497
1616227 12.4866 4.42558 34 13.7375 -10.9527 7.15207 64.6497
1616242 12.4673 4.37748 33.7675 13.6213 -10.9896 7.13273 64.2336
1616248 12.4383 4.42558 33.5654 13.5051 -10.9773 7.08694 63.9344
1616258 12.4383 4.42558 33.5654 13.5051 -10.9773 7.08694 63.9344
1616269 12.245 4.36786 33.5452 13.5438 -10.941 7.17627 63.7019
1616278 12.2644 4.32937 33.6665 13.6503 -10.9337 7.2108 63.9105
1616288 12.2644 4.32937 33.6665 13.6503 -10.9337 7.2108 63.9105
1616299 12.2933 4.31013 33.8888 13.6987 -10.9724 7.24028 64.191
1616321 12.2933 4.36786 34 13.8633 -10.8727 7.25355 64.5245
1616328 12.4673 4.70458 34 14.1925 -10.5448 7.11869 65.3644
1616344 12.4673 4.70458 34 14.1925 -10.5448 7.11869 65.3644
1616350 12.7089 5.3588 34 14.5023 -10.0826 6.85772 66.57
1616360 12.9602 5.88795 34 14.7733 -9.72283 6.6381 67.6215
1616370 12.9602 5.88795 34 14.7733 -9.72283 6.6381 67.6215
1616380 13.0472 6.21505 34 14.9282 -9.49688 6.52569 68.1905
1616390 13.0472 6.21505 34 14.9282 -9.49688 6.52569 68.1905
1616400 13.0955 6.5133 34 15.0057 -9.31892 6.42653 68.6145
1616410 13.0762 6.91737 33.5351 14.9186 -9.04906 6.23694 68.4472
1616425 13.0762 6.91737 33.5351 14.9186 -9.04906 6.23694 68.4472
1616435 13.0182 7.36955 32.9792 14.7443 -8.76637 6.02009 68.1112
1616444 13.0279 7.65818 32.1908 14.4732 -8.56988 5.78575 67.3501
1616455 13.0279 7.65818 32.1908 14.4732 -8.56988 5.78575 67.3501
1616462 13.2501 7.87946 31.2307 13.9311 -8.54948 5.43785 66.2914
1616476 13.2501 7.87946 31.2307 13.9311 -8.54948 5.43785 66.2914
1616487 13.5304 8.03339 29.937 13.3793 -8.49827 5.02908 64.8801
1616492 14.0426 8.39898 28.5624 12.7016 -8.43901 4.43188 63.7056
1616502 14.0426 8.39898 28.5624 12.7016 -8.43901 4.43188 63.7056
1616512 14.6515 8.8704 27.107 12.4015 -8.1257 3.80449 63.0304
1616522 15.5406 9.515 26.3288 13.2728 -7.37801 3.37454 64.6572
1616548 16.5554 10.275 26.2176 16.1965 -5.88549 3.37577 69.2445
1616553 16.5554 10.275 26.2176 16.1965 -5.88549 3.37577 69.2445
1616565 17.2598 10.9581 25.6213 19.0261 -4.42489 3.38217 72.8653
1616573 17.6638 11.4103 23.5291 19.248 -3.66544 2.8607 71.8513
1616587 17.6638 11.4103 23.5291 19.248 -3.66544 2.8607 71.8513
1616593 17.7697 11.6604 20.7194 18.2543 -3.13373 2.09276 68.4037
1616603 17.5869 11.824 18.2331 18.0131 -2.27808 1.56158 65.657
1616613 17.5869 11.824 18.2331 18.0131 -2.27808 1.56158 65.657
1616624 17.2598 11.9875 16.3625 18.727 -1.12987 1.3621 64.3368
1616640 17.2598 11.9875 16.3625 18.727 -1.12987 1.3621 64.3368
1616644 16.9323 12.0645 15.1786 20.1839 0.0533998 1.4836 64.3593
1616655 16.5844 12.2473 14.4601 21.8337 1.16563 1.7187 65.1256
1616677 16.5844 12.2473 14.4601 21.8337 1.16563 1.7187 65.1256
1616682 16.0915 12.3435 14.0857 23.5318 2.15664 2.08526 66.0526
1616692 15.5213 12.5071 13.944 25.2299 3.07711 2.48775 67.2023
1616711 14.8545 12.5456 13.7315 26.7639 3.94851 2.89315 67.8955
1616723 14.8545 12.5456 13.7315 26.7639 3.94851 2.89315 67.8955
1616730 14.1103 12.6418 13.4381 27.9024 4.77136 3.21366 68.0925
1616739 13.3854 12.661 13.0839 28.6935 5.48669 3.47908 67.8239
1616746 13.3854 12.661 13.0839 28.6935 5.48669 3.47908 67.8239
1616756 12.6413 12.6129 12.9929 29.504 6.0821 3.8175 67.751
1616767 11.7328 12.4782 12.7804 30.3916 6.81057 4.22086 67.383
1616776 11.7328 12.4782 12.7804 30.3916 6.81057 4.22086 67.383
1616791 10.7857 12.3531 12.4869 31.0863 7.55742 4.5946 66.712
1616797 10.7857 12.3531 12.4869 31.0863 7.55742 4.5946 66.712
1616811 9.61626 12.2954 12.3048 31.9257 8.42884 5.06154 66.1421
1616817 8.6498 12.382 12.153 32.9966 9.28351 5.46629 66.1814
1616827 8.6498 12.382 12.153 32.9966 9.28351 5.46629 66.1814
1616842 7.56737 12.6899 12.0315 34 10.217 5.83228 66.2888
1616848 6.58158 13.1613 11.8494 34 10.9503 5.97019 65.5923
1616858 6.58158 13.1613 11.8494 34 10.9503 5.97019 65.5923
1616868 5.5668 14.0753 11.6673 34 11.8058 5.97737 65.3093
1616882 4.65833 14.9315 11.6369 34 12.5088 5.98996 65.2268
1616888 4.65833 14.9315 11.6369 34 12.5088 5.98996 65.2268
1616902 3.74019 15.6146 11.7381 34 13.1106 6.07976 65.0929
1616909 3.74019 15.6146 11.7381 34 13.1106 6.07976 65.0929
1616918 2.7834 16.1341 11.5762 34 13.8674 6.20029 64.4937
1616933 1.97157 16.5478 11.4345 34 14.5189 6.31278 63.9539
1616951 1.38204 16.8172 11.303 34 15.0122 6.40224 63.5022
1616960 1.38204 16.8172 11.303 34 15.0122 6.40224 63.5022
1616973 1.11143 16.923 11.1512 34 15.2964 6.43739 63.1856
1616980 0.869812 16.8653 10.9589 34 15.5663 6.51349 62.694
1616990 0.869812 16.8653 10.9589 34 15.5663 6.51349 62.694
1617000 0.850483 16.9134 10.8375 34 15.6648 6.48714 62.6014
1617023 0.840819 16.9423 10.625 34 15.8138 6.45154 62.4081
1617025 0.840819 16.9423 10.625 34 15.8138 6.45154 62.4081
1617031 0.850483 17.0574 10.4429 34 15.9437 6.38364 62.3507
1617047 0.831154 17.2487 10.3417 34 16.0505 6.31075 62.4216
1617058 0.831154 17.2487 10.3417 34 16.0505 6.31075 62.4216
1617068 0.937464 17.6218 10.119 34 16.18 6.11689 62.6783
1617076 0.937464 17.6218 10.119 34 16.18 6.11689 62.6783
1617085 0.995452 17.9471 9.97738 34 16.2803 5.96826 62.9199
1617095 1.08243 18.4254 9.83571 34 16.3818 5.76093 63.3436
1617103 1.08243 18.4254 9.83571 34 16.3818 5.76093 63.3436
1617121 1.08243 18.7698 9.64345 33.9807 16.5513 5.61749 63.4764
1617137 1.12109 19.1621 9.52202 34 16.6597 5.46324 63.8052
1617140 1.12109 19.1621 9.52202 34 16.6597 5.46324 63.8052
1617143 1.21774 19.4969 9.44107 34 16.693 5.31358 64.1557
1617153 1.21774 19.4969 9.44107 34 16.693 5.31358 64.1557
1617163 1.36271 19.9083 9.44107 34 16.6524 5.13894 64.7121
1617174 1.93292 20.4153 9.35 34 16.4131 4.79505 65.6982
1617185 1.93292 20.4153 9.35 34 16.4131 4.79505 65.6982
1617194 2.83172 20.951 9.36012 34 15.921 4.37366 67.1429
1617207 3.70153 21.3433 9.45119 33.7877 15.3691 3.99673 68.2837
1617231 4.59068 21.6877 9.50179 33.0738 14.7664 3.55039 68.8539
1617233 4.59068 21.6877 9.50179 33.0738 14.7664 3.55039 68.8539
1617243 5.77942 22.0034 9.55238 32.1669 13.9703 3.00778 69.502
1617258 7.13246 22.2617 9.52202 30.8161 13.0583 2.35415 69.7323
1617265 7.13246 22.2617 9.52202 30.8161 13.0583 2.35415 69.7323
1617277 8.12791 22.4243 9.21845 29.2338 12.431 1.71729 69.0045
1617286 8.82376 22.453 8.8744 27.5261 11.9246 1.13562 67.6773
1617300 8.82376 22.453 8.8744 27.5261 11.9246 1.13562 67.6773
1617305 9.20068 22.6156 8.41905 25.9438 11.6879 0.577192 66.1792
1617315 9.20068 22.6156 8.41905 25.9438 11.6879 0.577192 66.1792
1617330 9.4133 22.6252 8.26726 24.8729 11.4368 0.253522 65.1786
1617336 9.64525 22.6922 9.68393 24.7185 10.519 0.464115 66.7399
1617347 9.64525 22.6922 9.68393 24.7185 10.519 0.464115 66.7399
1617356 9.78056 22.7209 12.8107 25.4518 9.03757 1.22118 70.7639
1617371 9.6066 22.673 14.3185 24.9308 8.27595 1.46156 71.5289
1617376 9.6066 22.673 14.3185 24.9308 8.27595 1.46156 71.5289
1617386 9.47129 22.386 13.7214 22.9143 8.06929 1.04647 68.4931
1617396 9.47129 22.386 13.7214 22.9143 8.06929 1.04647 68.4931
1617420 9.31666 22.0225 13.0333 20.9364 7.88903 0.604189 65.3089
1617422 9.22968 21.5537 13.094 19.3638 7.35035 0.397151 63.2413
1617427 9.22968 21.5537 13.094 19.3638 7.35035 0.397151 63.2413
1617444 9.26833 21.305 13.8732 18.3604 6.57724 0.396515 62.8069
1617447 9.26833 21.305 13.8732 18.3604 6.57724 0.396515 62.8069
1617467 9.34565 20.9415 15.2393 17.8394 5.60078 0.660818 63.3658
1617469 9.56794 20.731 16.9292 17.5789 4.55691 0.974227 64.807
1617477 9.56794 20.731 16.9292 17.5789 4.55691 0.974227 64.807
1617492 10.0028 20.4631 18.6272 17.357 3.4575 1.24565 66.4502
1617497 10.7567 20.0613 20.2848 17.0965 2.24209 1.44355 68.1993
1617507 10.7567 20.0613 20.2848 17.0965 2.24209 1.44355 68.1993
1617517 11.6555 19.4873 21.8615 16.6515 0.941002 1.58712 69.6558
1617527 11.6555 19.4873 21.8615 16.6515 0.941002 1.58712 69.6558
1617542 12.419 18.7411 23.1046 16.1287 -0.23219 1.7203 70.3935
1617549 13.1728 17.6314 24.5904 15.635 -1.58273 1.98955 71.0296
1617564 13.1728 17.6314 24.5904 15.635 -1.58273 1.98955 71.0296
1617568 13.6754 16.0764 25.9952 14.9863 -3.04237 2.38143 70.7334
1617579 13.9847 14.1907 27.198 14.299 -4.55451 2.86805 69.6723
1617589 13.9847 14.1907 27.198 14.299 -4.55451 2.86805 69.6723
1617599 14.1103 11.9394 28.522 13.5148 -6.30743 3.52208 68.0865
1617613 14.1103 11.9394 28.522 13.5148 -6.30743 3.52208 68.0865
1617620 14.0523 9.50538 29.7449 12.9049 -8.07573 4.32553 66.2075
1617630 14.1393 7.36955 31.0589 12.5951 -9.68094 5.09765 65.1628
1617640 14.1393 7.36955 31.0589 12.5951 -9.68094 5.09765 65.1628
1617650 14.2456 5.78212 32.201 12.537 -10.8574 5.723 64.7657
1617661 14.4389 4.91624 33.1813 12.7016 -11.4973 6.09946 65.2381
1617670 14.4389 4.91624 33.1813 12.7016 -11.4973 6.09946 65.2381
1617686 14.7095 4.73345 33.6766 12.8565 -11.6694 6.15909 65.976
1617690 14.7095 4.73345 33.6766 12.8565 -11.6694 6.15909 65.976
1617700 15.0381 4.93548 33.6665 12.8178 -11.6432 5.98364 66.4578
1617718 15.2797 5.0798 33.151 12.5854 -11.6367 5.75911 66.0959
1617734 15.2797 5.0798 33.151 12.5854 -11.6367 5.75911 66.0959
1617738 15.444 5.21449 32.5648 12.3144 -11.6269 5.54353 65.5376
1617744 15.531 5.25297 31.827 12.1207 -11.5802 5.36764 64.7317
1617760 15.531 5.25297 31.827 12.1207 -11.5802 5.36764 64.7317
1617761 15.676 5.32032 31.1397 11.7625 -11.6328 5.14237 63.8985
1617786 15.676 5.32032 31.1397 11.7625 -11.6328 5.14237 63.8985
1617788 15.6566 5.34918 30.7051 11.5786 -11.6267 5.04299 63.2895
1617791 15.676 5.37804 30.6748 11.5592 -11.6189 5.01991 63.288
1617811 15.676 5.37804 30.6748 11.5592 -11.6189 5.01991 63.288
1617818 15.6373 5.39728 30.7152 11.6076 -11.5802 5.04004 63.3574
1617827 15.5986 5.45501 30.9578 11.7528 -11.5067 5.09462 63.7643
1617837 15.5986 5.45501 30.9578 11.7528 -11.5067 5.09462 63.7643
1617842 15.589 5.36842 31.352 11.9174 -11.5431 5.21091 64.2268
1617861 15.589 5.36842 31.352 11.9174 -11.5431 5.21091 64.2268
1617864 15.5117 5.37804 31.736 12.0917 -11.5031 5.3165 64.7174
1617873 15.676 5.72439 31.9483 12.3628 -11.2374 5.22985 65.7114
1617887 15.676 5.72439 31.9483 12.3628 -11.2374 5.22985 65.7114
1617893 15.8306 6.5614 32.0392 12.7403 -10.6325 4.99934 67.1715
1617912 16.1109 7.35031 32.0089 13.0888 -10.0937 4.73386 68.5589
1617915 16.1109 7.35031 32.0089 13.0888 -10.0937 4.73386 68.5589
1617925 16.3815 7.8987 31.736 13.4277 -9.64488 4.51088 69.4439
1617936 16.3815 7.8987 31.736 13.4277 -9.64488 4.51088 69.4439
1617945 16.7874 8.79344 30.887 13.6407 -9.00045 4.05376 70.1085
1617961 17.1058 10.1596 29.4923 13.7956 -8.02335 3.40645 70.5533
1617965 17.1058 10.1596 29.4923 13.7956 -8.02335 3.40645 70.5533
1617986 17.5099 11.6123 27.6023 13.5826 -7.08224 2.57355 70.3071
1617988 17.9525 12.5648 25.4798 12.9727 -6.48646 1.7258 68.9697
1617996 17.9525 12.5648 25.4798 12.9727 -6.48646 1.7258 68.9697
1618011 18.3854 13.2767 23.0844 12.1304 -6.00456 0.796841 66.877
1618016 18.7799 13.777 20.8811 11.3366 -5.61462 -0.0785556 64.7745
1618026 18.7799 13.777 20.8811 11.3366 -5.61462 -0.0785556 64.7745
1618041 19.1743 14.1234 19.0719 10.717 -5.3125 -0.834275 63.0866
1618047 19.1743 14.1234 19.0719 10.717 -5.3125 -0.834275 63.0866
1618063 19.5688 14.3543 17.7782 10.8525 -4.85191 -1.26906 62.5538
1618067 19.9344 14.6333 17.091 12.1691 -4.0041 -1.24731 63.8277
1618077 19.9344 14.6333 17.091 12.1691 -4.0041 -1.24731 63.8277
1618090 20.2037 14.7487 16.7369 14.3474 -2.96976 -0.878641 66.0367
1618102 20.2518 14.8257 16.1905 16.7967 -1.77035 -0.460669 68.0647
1618114 20.2518 14.8257 16.1905 16.7967 -1.77035 -0.460669 68.0647
1618119 20.0979 14.8738 15.1482 18.2639 -0.770801 -0.342095 68.3838
1618128 20.0979 14.8738 15.1482 18.2639 -0.770801 -0.342095 68.3838
1618147 19.7131 14.9989 13.7012 19.0454 0.233477 -0.437012 67.4585
1618148 19.1935 15.4607 12.6792 19.9041 1.29839 -0.462012 67.2375
1618165 19.1935 15.4607 12.6792 19.9041 1.29839 -0.462012 67.2375
1618177 18.5682 15.6916 12.1327 21.168 2.27893 -0.212929 67.5605
1618190 17.914 15.9994 11.728 22.403 3.21865 0.047949 68.0443
1618195 17.914 15.9994 11.728 22.403 3.21865 0.047949 68.0443
1618201 16.884 16.1822 11.2726 23.1555 4.14149 0.30266 67.4944
1618216 16.884 16.1822 11.2726 23.1555 4.14149 0.30266 67.4944
1618220 15.8209 16.2207 10.8071 23.8309 5.03284 0.584072 66.6796
1618230 14.5935 16.2303 10.453 24.6027 5.99069 0.963542 65.8796
1618241 14.5935 16.2303 10.453 24.6027 5.99069 0.963542 65.8796
1618255 13.5111 16.3746 10.2405 25.693 6.95696 1.37826 65.8192
1618266 12.506 16.5286 10.1292 27.1112 7.92331 1.85723 66.2749
1618271 12.506 16.5286 10.1292 27.1112 7.92331 1.85723 66.2749
1618289 11.5009 17.0191 9.9875 28.5585 8.97968 2.24241 67.0659
1618294 11.5009 17.0191 9.9875 28.5585 8.97968 2.24241 67.0659
1618301 10.4184 17.4401 9.91667 29.7934 9.95226 2.63101 67.5686
1618317 9.30699 17.9375 9.67381 30.8451 10.9948 2.93839 67.7634
1618325 9.30699 17.9375 9.67381 30.8451 10.9948 2.93839 67.7634
1618333 8.31154 18.4924 9.60298 31.7809 11.8638 3.20731 68.1879
1618344 7.30642 18.8846 9.55238 32.6203 12.6698 3.5066 68.3638
1618352 7.30642 18.8846 9.55238 32.6203 12.6698 3.5066 68.3638
1618371 6.28198 19.1334 9.60298 33.2764 13.3703 3.83573 68.2947
1618372 6.28198 19.1334 9.60298 33.2764 13.3703 3.83573 68.2947
1618382 5.21887 19.3725 9.67381 33.8553 14.0689 4.17004 68.1205
1618397 3.85617 19.3343 9.76488 34 14.8283 4.60929 66.9553
1618403 3.85617 19.3343 9.76488 34 14.8283 4.60929 66.9553
1618422 2.79306 19.1716 9.65357 34 15.5159 4.95796 65.6183
1618423 1.9909 19.2099 9.43095 34 16.1639 5.15926 64.6318
1618433 1.9909 19.2099 9.43095 34 16.1639 5.15926 64.6318
1618447 1.47868 19.4395 9.25893 33.6623 16.5901 5.16994 63.8394
1618458 1.47868 19.4395 9.25893 33.6623 16.5901 5.16994 63.8394
1618473 1.19841 19.7456 8.95536 33.3343 16.9712 5.0635 63.2337
1618476 1.16941 20.157 8.69226 32.9773 17.1728 4.84391 62.996
1618485 1.16941 20.157 8.69226 32.9773 17.1728 4.84391 62.996
1618499 1.23707 20.6832 8.40893 32.5817 17.3336 4.54701 62.9109
1618513 1.27572 21.3433 8.11548 32.2344 17.543 4.22372 62.9689
1618533 1.32405 21.7833 7.92321 32.4467 17.7161 4.07921 63.4773
1618542 1.32405 21.7833 7.92321 32.4467 17.7161 4.07921 63.4773
1618552 1.28539 22.2425 7.78155 32.7554 17.9236 3.98245 64.0649
1618561 1.19841 22.5391 7.57917 33.0545 18.1821 3.93719 64.3712
1618579 1.19841 22.5391 7.57917 33.0545 18.1821 3.93719 64.3712
1618580 1.19841 22.74 7.39702 33.1413 18.3345 3.86184 64.4768
1618586 1.0631 22.8931 7.25536 33.2378 18.5465 3.84883 64.4493
1618605 1.0631 22.8931 7.25536 33.2378 18.5465 3.84883 64.4493
1618607 0.976123 22.9122 7.0631 33.315 18.7454 3.84876 64.2664
1618617 1.03411 22.9122 6.83036 33.315 18.8647 3.79121 64.0917
1618632 1.03411 23.1418 6.83036 33.315 18.8866 3.72414 64.3213
1618637 1.30472 23.4671 6.7494 33.2185 18.7796 3.52089 64.7397
1618647 1.30472 23.4671 6.7494 33.2185 18.7796 3.52089 64.7397
1618662 2.19386 24.0411 6.78988 32.9677 18.1934 3.07367 65.9925
1618668 3.52757 24.7012 7.00238 32.601 17.2382 2.51532 67.8322
1618688 3.52757 24.7012 7.00238 32.601 17.2382 2.51532 67.8322
1618691 4.82263 25.2082 7.26548 31.8871 16.2637 1.97772 69.1834
1618699 6.15634 25.7439 7.55893 30.8837 15.2511 1.39509 70.3429
1618715 6.15634 25.7439 7.55893 30.8837 15.2511 1.39509 70.3429
1618720 7.49005 26.1171 7.56905 29.4364 14.3368 0.721908 70.6126
1618730 7.49005 26.1171 7.56905 29.4364 14.3368 0.721908 70.6126
1618743 8.54349 26.2988 7.41726 27.5936 13.5755 0.0362045 69.8532
1618750 9.25867 26.3562 7.16429 25.5675 12.9856 -0.632744 68.3467
1618760 9.25867 26.3562 7.16429 25.5675 12.9856 -0.632744 68.3467
1618775 9.69358 26.2319 7.03274 23.7151 12.4565 -1.16484 66.6733
1618781 10.0222 26.0118 8.09524 22.6924 11.4435 -1.17769 66.8216
1618798 10.0222 26.0118 8.09524 22.6924 11.4435 -1.17769 66.8216
1618802 10.2445 25.8301 10.8375 22.924 9.90609 -0.496819 69.836
1618811 10.2445 25.8301 10.8375 22.924 9.90609 -0.496819 69.836
1618826 10.1285 25.3708 12.6387 22.4801 8.88008 -0.0808239 70.6182
1618832 10.1478 24.816 12.7399 21.1101 8.36984 -0.242787 68.8138
1618842 10.1478 24.816 12.7399 21.1101 8.36984 -0.242787 68.8138
1618855 10.2638 24.1176 12.6792 19.5085 7.76756 -0.494311 66.5691
1618867 10.3508 23.4192 13.094 18.5341 7.07532 -0.491278 65.3981
1618881 10.3508 23.4192 13.094 18.5341 7.07532 -0.491278 65.3981
1618886 10.5247 22.6252 13.9036 18.0034 6.22544 -0.286587 65.0569
1618895 10.5247 22.6252 13.9036 18.0034 6.22544 -0.286587 65.0569
1618907 10.6794 22.0034 14.8952 17.7236 5.41809 -0.014677 65.3016
1618922 11.037 21.6111 15.8667 17.4535 4.60865 0.152809 65.9682
1618936 11.3752 21.2093 16.8786 17.2026 3.80936 0.336744 66.6657
1618945 11.7135 20.8171 17.8187 16.9226 3.05013 0.492918 67.2718
1618954 11.7135 20.8171 17.8187 16.9226 3.05013 0.492918 67.2718
1618969 12.1677 20.2814 18.8092 16.4869 2.1372 0.630373 67.7451
1618975 12.1677 20.2814 18.8092 16.4869 2.1372 0.630373 67.7451
1618994 12.5253 19.5926 19.7087 15.9738 1.22875 0.788627 67.8004
1619002 13.0375 18.6072 20.6183 15.3929 0.127226 0.968102 67.656
1619011 13.0375 18.6072 20.6183 15.3929 0.127226 0.968102 67.656
1619023 13.5401 17.4879 21.8615 14.7733 -1.16028 1.24297 67.6628
1619026 13.83 16.1245 23.0743 14.2118 -2.44197 1.63554 67.2407
1619036 13.83 16.1245 23.0743 14.2118 -2.44197 1.63554 67.2407
1619050 14.062 14.6044 24.4084 13.8149 -3.75658 2.14315 66.8897
1619056 14.2746 12.9977 25.9043 13.6213 -5.07495 2.75157 66.7979
1619082 14.2746 12.9977 25.9043 13.6213 -5.07495 2.75157 66.7979
1619083 14.4002 11.3333 27.39 13.4374 -6.39247 3.4015 66.5609
1619087 14.4002 11.3333 27.39 13.4374 -6.39247 3.4015 66.5609
1619097 14.4969 9.77476 28.7848 13.3696 -7.57885 4.03819 66.426
1619111 14.5259 8.37974 29.9774 13.3986 -8.57134 4.6326 66.2816
1619122 14.5259 8.37974 29.9774 13.3986 -8.57134 4.6326 66.2816
1619139 14.6998 7.34069 30.887 13.5245 -9.30058 5.04973 66.452
1619141 14.8061 6.49406 31.5238 13.7762 -9.78213 5.40534 66.6002
1619148 14.8061 6.49406 31.5238 13.7762 -9.78213 5.40534 66.6002
1619168 14.9801 6.14771 31.8573 13.7278 -10.1037 5.49908 66.7129
1619170 14.9801 6.14771 31.8573 13.7278 -10.1037 5.49908 66.7129
1619180 15.1927 6.06112 31.736 13.6697 -10.2003 5.43475 66.6596
1619195 15.299 6.12847 31.2812 13.5051 -10.1741 5.29168 66.2138
1619224 15.1734 6.10922 30.5737 13.176 -10.1726 5.18213 65.0323
1619226 15.1444 6.08036 30.0178 12.8662 -10.2231 5.06777 64.1088
1619231 15.1444 6.08036 30.0178 12.8662 -10.2231 5.06777 64.1088
1619252 14.9511 6.02264 29.4518 12.6629 -10.191 5.02651 63.0885
1619252 14.7385 6.02264 29.2699 12.5854 -10.1412 5.05319 62.6165
1619279 14.7095 5.95529 29.2901 12.6338 -10.1498 5.09497 62.5887
1619286 14.7095 5.95529 29.2901 12.6338 -10.1498 5.09497 62.5887
1619307 14.6225 5.93605 29.5428 12.7016 -10.1618 5.17949 62.803
1619309 14.7192 5.92643 29.8662 12.7887 -10.2172 5.21544 63.3005
1619313 14.7192 5.92643 29.8662 12.7887 -10.2172 5.21544 63.3005
1619322 14.6708 5.91681 30.2907 13.0404 -10.1708 5.33728 63.9188
1619336 14.6708 5.91681 30.2907 13.0404 -10.1708 5.33728 63.9188
1619342 14.7675 6.19581 30.9376 13.3696 -10.0121 5.36472 65.2705
1619352 14.8931 6.82117 31.4935 13.9311 -9.54527 5.29729 67.1388
1619365 14.8931 6.82117 31.4935 13.9311 -9.54527 5.29729 67.1388
1619372 14.8061 7.17714 31.9078 14.3958 -9.2042 5.34225 68.2869
1619395 14.6902 7.52349 32.019 14.8605 -8.80161 5.35491 69.0932
1619396 14.6902 7.52349 32.019 14.8605 -8.80161 5.35491 69.0932
1619403 14.5259 8.20656 31.7967 15.4801 -8.08319 5.25881 70.0092
1619423 14.4099 9.34182 31.0993 16.1093 -7.06663 4.95846 70.9603
1619440 14.1973 10.6022 30.1694 16.6224 -5.98611 4.60792 71.5913
1619452 14.1973 10.6022 30.1694 16.6224 -5.98611 4.60792 71.5913
1619454 13.9267 11.4488 28.7646 16.7096 -5.12807 4.25522 70.8496
1619469 13.5691 12.0645 26.9857 16.3707 -4.39178 3.85335 68.9901
1619482 13.5691 12.0645 26.9857 16.3707 -4.39178 3.85335 68.9901
1619485 13.2308 12.3628 25.0351 15.9351 -3.7438 3.46508 66.5637
1619495 13.2308 12.3628 23.802 15.9351 -3.34261 3.24737 65.3307
1619510 12.9312 12.4975 23.802 16.8064 -2.81259 3.448 66.0371
1619515 12.6509 12.3916 23.5291 19.6243 -1.52654 3.98356 68.196
1619543 12.6509 12.3916 23.5291 19.6243 -1.52654 3.98356 68.196
1619545 12.361 12.1126 23.1147 22.5091 -0.304592 4.52589 70.0974
1619547 12.0034 11.9298 21.5785 23.5704 0.694215 4.60661 69.0821
1619556 12.0034 11.9298 21.5785 23.5704 0.694215 4.60661 69.0821
1619571 11.6748 11.6123 19.5773 23.3678 1.40717 4.45204 66.2322
1619576 11.6748 11.6123 20.2949 23.3678 1.12413 4.5651 66.9498
1619586 11.2399 11.3237 17.7075 23.4353 2.28062 4.37456 63.7064
1619601 10.95 11.0255 16.5042 24.265 3.12232 4.49292 62.7446
1619613 10.95 11.0255 16.5042 24.265 3.12232 4.49292 62.7446
1619629 10.7567 10.8812 15.5935 25.5675 4.02021 4.66326 62.7988
1619632 10.6987 10.7272 15.1583 27.2463 4.74558 4.92994 63.8306
1619641 10.6987 10.7272 15.1583 27.2463 4.74558 4.92994 63.8306
1619660 10.6504 10.708 14.8345 28.7321 5.37359 5.13091 64.925
1619661 10.6214 10.6791 14.7232 30.189 5.86123 5.34906 66.2127
1619669 10.6214 10.6791 14.7232 30.189 5.86123 5.34906 66.2127
1619689 10.5537 10.7176 14.6524 31.4915 6.30532 5.53419 67.4152
1619695 10.5537 10.7176 14.6524 31.4915 6.30532 5.53419 67.4152
1619703 10.4571 11.1986 14.4905 32.3502 6.78914 5.51524 68.4964
1619719 10.2541 11.9202 14.1565 32.8615 7.36029 5.3858 69.1924
1619721 10.2541 11.9202 14.1565 32.8615 7.36029 5.3858 69.1924
1619728 9.82888 12.5648 13.853 33.4018 7.99901 5.35427 69.6485
1619748 9.22968 12.9689 13.4685 33.9228 8.69149 5.43026 69.5898
1619753 9.22968 12.9689 13.4685 33.9228 8.69149 5.43026 69.5898
1619760 8.45651 13.2094 13.094 34 9.32914 5.54716 68.7599
1619777 8.45651 13.2094 13.094 34 9.32914 5.54716 68.7599
1619780 7.39341 13.1517 12.578 34 10.1233 5.81758 67.123
1619790 6.32064 13.0939 12.2036 34 10.8848 6.12384 65.6181
1619816 5.21887 13.0266 11.9202 34 11.6446 6.46952 64.1657
1619821 4.21376 13.0651 11.9506 34 12.2177 6.80184 63.2294
1619836 4.21376 13.0651 11.9506 34 12.2177 6.80184 63.2294
1619841 3.45992 13.2286 11.9304 34 12.7112 7.00471 62.6189
1619851 3.45992 13.2286 11.9304 34 12.7112 7.00471 62.6189
1619867 2.84139 13.3537 12.2036 34 12.9445 7.21373 62.3987
1619871 2.08755 13.4788 12.4565 34 13.2752 7.47068 62.0229
1619881 2.08755 13.4788 12.4565 34 13.2752 7.47068 62.0229
1619897 1.32405 13.4307 12.4262 34 13.7626 7.76504 61.1809
1619901 0.763502 13.4018 12.5476 34 14.0377 8.00051 60.7129
1619927 0.4639 13.4788 12.3351 34 14.3833 8.06079 60.2778
1619932 0.4639 13.4788 12.3351 34 14.3833 8.06079 60.2778
1619942 0.144969 13.6712 12.0315 34 14.8271 8.07434 59.8477
1619957 0.0676521 13.9694 11.8494 34 15.0503 7.96815 59.8865
1619962 0.0676521 13.9694 11.8494 34 15.0503 7.96815 59.8865
1619986 0.0386583 14.2484 11.5762 34 15.2989 7.84014 59.8633
1619991 0.10631 14.5274 11.2827 34 15.4959 7.67292 59.9165
1620000 0.10631 14.5274 11.2827 34 15.4959 7.67292 59.9165
1620017 0.144969 14.8161 11.1512 34 15.6041 7.53345 60.1122
1620021 0.144969 14.8161 11.1512 34 15.6041 7.53345 60.1122
1620028 0.241615 15.1143 11.0196 34 15.674 7.36979 60.3756
1620048 0.251279 15.249 10.8274 34 15.8179 7.29195 60.3277
1620050 0.251279 15.249 10.8274 34 15.8179 7.29195 60.3277
1620056 0.212621 15.4318 10.8375 34 15.8649 7.24012 60.4819
1620065 0.241615 15.4992 10.8173 34 15.8692 7.20214 60.558
1620079 0.241615 15.4992 10.8173 34 15.8692 7.20214 60.558
1620090 0.202956 15.5088 10.9387 34 15.8149 7.22838 60.6504
1620107 0.12564 15.4029 10.8881 34 15.8852 7.28926 60.4167
1620116 0.144969 15.5088 10.706 34 16.0114 7.21977 60.3597
1620139 0.144969 15.5088 10.706 34 16.0114 7.21977 60.3597
1620140 0.608869 15.7685 10.6857 34 15.7517 6.95386 61.0631
1620146 1.84594 16.4805 10.7565 34 15.0112 6.28461 63.083
1620156 1.84594 16.4805 10.7565 34 15.0112 6.28461 63.083
1620171 3.01535 17.2105 10.7464 34 14.4095 5.66102 64.9722
1620177 3.01535 17.2105 10.7464 34 14.4095 5.66102 64.9722
1620200 4.13644 17.928 10.4631 34 14.0274 5.05025 66.5275
1620202 5.59579 18.8559 9.97738 34 13.6209 4.28012 68.4291
1620230 6.94883 19.8126 9.41071 32.5624 13.0995 3.31966 68.7346
1620232 7.92496 20.5301 8.85417 30.4977 12.6273 2.41056 67.807
1620242 7.92496 20.5301 8.85417 30.4977 12.6273 2.41056 67.807
1620262 8.75611 21.3146 8.74286 28.433 11.9889 1.58488 67.2466
1620262 8.75611 21.3146 8.74286 28.433 11.9889 1.58488 67.2466
1620277 9.52928 21.9747 10.7161 27.2077 10.4198 1.38702 69.4277
1620278 10.2928 22.6443 13.1851 26.1657 8.76085 1.33087 72.288
1620293 10.2928 22.6443 13.1851 26.1657 8.76085 1.33087 72.288
1620305 10.4957 22.9887 13.347 23.8502 8.13371 0.78791 70.6817
1620308 10.5441 22.9409 12.9018 21.361 7.69621 0.172207 67.7477
1620326 10.5441 22.9409 12.9018 21.361 7.69621 0.172207 67.7477
1620330 10.5827 22.8739 12.8006 19.412 7.19616 -0.284159 65.6693
1620340 10.5827 22.8739 12.8006 19.412 7.19616 -0.284159 65.6693
1620356 10.6504 22.6061 13.428 18.3507 6.48821 -0.340831 65.0352
1620368 10.8437 22.4243 14.278 17.9166 5.81219 -0.245963 65.4625
1620388 10.9596 21.946 14.7131 17.4342 5.2678 -0.174861 65.0529
1620396 11.0273 21.9555 15.1685 16.9613 4.88426 -0.196532 65.1126
1620420 11.2592 21.9364 15.725 16.6224 4.41489 -0.19412 65.5431
1620421 11.2592 21.9364 15.725 16.6224 4.41489 -0.19412 65.5431
1620431 11.5975 21.7738 16.4738 16.1771 3.741 -0.163663 66.0222
1620452 12.0324 21.4485 17.2021 15.6737 2.97168 -0.136778 66.3567
1620453 12.0324 21.4485 17.2021 15.6737 2.97168 -0.136778 66.3567
1620461 12.5253 21.1137 18.0612 15.0638 2.09354 -0.115471 66.764
1620485 12.9892 20.5397 18.8698 14.4248 1.16183 -0.0525793 66.8235
1620487 12.9892 20.5397 18.8698 14.4248 1.16183 -0.0525793 66.8235
1620496 13.4144 19.803 19.7289 13.6116 0.101912 0.0277269 66.558
1620515 13.4144 19.803 19.7289 13.6116 0.101912 0.0277269 66.558
1620516 13.714 18.8272 20.5476 12.8662 -0.973466 0.198419 65.955
1620522 14.2166 17.6027 21.8514 12.3337 -2.3224 0.537642 66.0044
1620546 14.2166 17.6027 21.8514 12.3337 -2.3224 0.537642 66.0044
1620547 14.6708 16.3843 23.135 11.9271 -3.59 0.909058 66.1172
1620557 15.1057 14.8353 24.7824 11.5689 -5.08502 1.45045 66.2924
1620564 15.1057 14.8353 24.7824 11.5689 -5.08502 1.45045 66.2924
1620579 15.4537 12.738 26.44 11.0849 -6.87453 2.13032 65.7164
1620583 15.8789 10.631 28.1885 10.7654 -8.65784 2.85133 65.4638
1620593 15.8789 10.631 28.1885 10.7654 -8.65784 2.85133 65.4638
1620612 16.3331 9.02433 29.846 10.9106 -9.92384 3.49376 66.1141
1620616 16.3331 9.02433 29.846 10.9106 -9.92384 3.49376 66.1141
1620625 17 7.90832 31.0386 11.1623 -10.7914 3.86518 67.1093
1620644 17.5869 7.38879 31.4227 11.2107 -11.2448 3.91761 67.6091
1620661 18.1545 7.26372 31.1599 10.9203 -11.5301 3.70275 67.4984
1620677 18.5778 7.39842 30.4322 10.6589 -11.5379 3.38053 67.0673
1620678 18.5778 7.39842 30.4322 10.6589 -11.5379 3.38053 67.0673
1620690 18.8472 7.60045 29.3508 10.2716 -11.4749 2.99109 66.0701
1620708 18.8472 7.60045 29.3508 10.2716 -11.4749 2.99109 66.0701
1620709 19.0396 7.74477 28.3097 9.8844 -11.4346 2.63389 64.9785
1620716 19.0685 7.86984 27.3799 9.5262 -11.3762 2.34189 63.8444
1620741 19.0685 7.86984 27.3799 9.5262 -11.3762 2.34189 63.8444
1620742 18.9915 7.87946 26.7432 9.31321 -11.3393 2.18952 62.9273
1620756 18.8087 7.80249 26.2883 9.11959 -11.3574 2.12758 62.0191
1620758 18.8087 7.80249 26.2883 9.11959 -11.3574 2.12758 62.0191
1620774 18.6933 7.70628 26.0761 9.0131 -11.4045 2.11981 61.4887
1620777 18.6933 7.70628 26.0761 9.0131 -11.4045 2.11981 61.4887
1620787 18.8857 7.83135 26.0458 9.00342 -11.3722 2.02348 61.7662
1620805 19.4533 8.61064 26.349 9.60364 -10.7738 1.84843 64.0166
1620807 19.4533 8.61064 26.349 9.60364 -10.7738 1.84843 64.0166
1620836 20.4443 10.3231 26.44 10.1167 -9.81978 1.28987 67.3241
1620837 21.2139 11.4873 25.8133 10.4556 -9.09249 0.775926 68.9701
1620839 21.2139 11.4873 25.8133 10.4556 -9.09249 0.775926 68.9701
1620849 21.6565 12.4205 24.6914 10.5718 -8.42069 0.256611 69.3402
1620868 21.6565 12.4205 24.6914 10.5718 -8.42069 0.256611 69.3402
1620870 21.9162 13.7482 23.1046 10.3588 -7.56351 -0.477591 69.1278
1620883 21.9259 14.8257 21.2955 10.1651 -6.68154 -1.16349 68.2122
1620902 21.6469 15.5376 19.5166 9.81663 -5.94174 -1.77048 66.5178
1620911 21.1947 16.2496 17.9602 9.75854 -5.04379 -2.23874 65.163
1620935 21.1947 16.2496 17.9602 9.75854 -5.04379 -2.23874 65.163
1620937 20.7425 17.0383 16.322 9.75854 -4.01953 -2.74819 63.8613
1620940 20.7425 17.0383 16.322 9.75854 -4.01953 -2.74819 63.8613
1620951 20.4539 17.9471 15.1786 10.1167 -2.97058 -3.08629 63.6963
1620970 20.2999 18.8368 14.5512 11.7141 -1.64376 -2.95207 65.4021
1620972 20.2999 18.8368 14.5512 11.7141 -1.64376 -2.95207 65.4021
1620981 20.2807 19.8222 14.6321 15.906 0.288561 -2.03098 70.6411
1621003 20.2037 20.4727 14.7536 20.7628 2.05996 -1.01586 76.1928
1621006 20.2037 20.4727 14.7536 20.7628 2.05996 -1.01586 76.1928
1621012 19.7419 20.5205 13.0232 21.5057 3.09563 -1.14991 74.7914
1621037 19.7419 20.5205 13.3167 21.5057 2.98583 -1.0868 75.0848
1621037 18.8472 20.2144 10.7262 20.7145 4.02666 -1.62141 70.5023
1621042 17.6735 19.803 9.16786 20.9461 5.14415 -1.63393 67.5904
1621052 17.6735 19.803 9.16786 20.9461 5.14415 -1.63393 67.5904
1621070 16.4395 19.3151 8.68214 22.1039 6.1231 -1.12005 66.5406
1621074 15.0188 18.8177 8.73274 23.8502 7.12004 -0.283094 66.4193
1621083 15.0188 18.8177 8.73274 23.8502 7.12004 -0.283094 66.4193
1621102 13.772 18.1289 8.79345 25.4614 7.94518 0.533731 66.1558
1621104 12.3223 18.1289 8.93512 25.4614 8.60972 0.912597 64.8477
1621113 12.3223 17.4209 8.93512 26.8121 8.77059 1.37516 65.4905
1621136 11.0659 16.7787 9.07679 28.1918 9.53255 2.17097 65.1133
1621140 11.0659 16.7787 9.07679 28.1918 9.53255 2.17097 65.1133
1621145 10.0125 16.2496 9.37024 29.8513 10.2003 2.96856 65.4836
1621169 9.05571 15.8263 9.67381 31.7134 10.8686 3.73595 66.2692
1621171 9.05571 15.8263 9.67381 31.7134 10.8686 3.73595 66.2692
1621175 8.00227 15.5954 9.97738 33.479 11.5932 4.44241 67.054
1621203 7.04548 15.3452 10.281 34 12.0061 4.92494 66.6716
1621205 7.04548 15.3452 10.281 34 12.0061 4.92494 66.6716
1621207 5.92439 15.2201 10.4833 34 12.4994 5.33435 65.6279
1621216 5.92439 15.2201 10.4833 34 12.4994 5.33435 65.6279
1621236 4.86128 15.0085 10.4732 34 13.0838 5.73569 64.343
1621241 3.70153 14.8065 10.5744 34 13.6847 6.19818 63.0824
1621247 3.70153 14.8065 10.5744 34 13.6847 6.19818 63.0824
1621272 2.76407 14.6333 10.6857 34 14.1679 6.59319 62.0831
1621273 1.90392 14.489 10.8173 34 14.6086 6.9656 61.2101
1621278 1.90392 14.489 10.8173 34 14.6086 6.9656 61.2101
1621305 1.15009 14.3158 10.8173 34 15.0741 7.30338 60.2831
1621307 1.15009 14.3158 10.8173 34 15.0741 7.30338 60.2831
1621309 0.483229 14.2292 10.9286 34 15.4329 7.59951 59.641
1621318 0.164298 14.1234 10.9792 34 15.5989 7.76779 59.2668
1621340 0.164298 14.1234 10.9792 34 15.5989 7.76779 59.2668
1621342 0 14.0656 10.9792 34 15.7027 7.8534 59.0448
1621351 0 14.0368 10.9387 34 15.7261 7.85968 58.9755
1621373 0 14.0368 10.9387 34 15.7261 7.85968 58.9755
1621375 0 13.9598 10.8679 34 15.763 7.881 58.8277
1621380 0 13.9598 10.9286 34 15.7209 7.88834 58.8884
1621406 0 13.9213 10.9286 34 15.7149 7.9033 58.8499
1621408 0 13.9694 10.8679 34 15.7645 7.87725 58.8373
1621415 0 13.9694 10.8679 34 15.7645 7.87725 58.8373
1621421 0 13.8829 10.8274 34 15.779 7.90608 58.7102
1621441 0 13.9694 10.8679 34 15.7645 7.87725 58.8373
1621442 0 13.9694 10.8679 34 15.7645 7.87725 58.8373
1621475 0 13.8829 10.9792 34 15.6738 7.92438 58.862
1621478 0 13.8444 10.9994 34 15.6537 7.9418 58.8438
1621480 0 13.8444 10.9994 34 15.6537 7.9418 58.8438
1621490 0 13.7866 10.9994 34 15.6445 7.96433 58.786
1621510 0 13.7866 10.9994 34 15.6445 7.96433 58.786
1621512 0.0966458 13.8059 11.131 34 15.4905 7.93492 59.0335
1621515 0.985787 14.1619 11.2827 34 14.849 7.48012 60.4304
1621523 0.985787 14.1619 11.2827 34 14.849 7.48012 60.4304
1621545 1.88459 14.5274 11.2321 34 14.3609 7.01285 61.6442
1621546 2.52246 14.8161 11.1917 34 14.034 6.68153 62.5302
1621552 2.52246 14.8161 11.1917 34 14.034 6.68153 62.5302
