1755231 10.3701 34 5.06964 18.6402 13.6606 -4.55206 68.0799
1755239 10.3701 34 5.06964 18.6402 13.6606 -4.55206 68.0799
1755248 11.2302 34 5.16071 17.7333 12.9698 -4.91814 68.1242
1755258 12.0034 34 5.33274 16.7192 12.2632 -5.2791 68.0554
1755267 12.0034 34 5.33274 16.7192 12.2632 -5.2791 68.0554
1755277 12.8829 34 5.5756 15.7318 11.4655 -5.62592 68.1903
1755295 13.7237 34 5.8994 14.7056 10.6407 -5.95329 68.3287
1755315 14.4582 33.2251 6.51667 13.7181 9.55869 -6.06213 67.9181
1755323 14.4582 33.2251 6.51667 13.7181 9.55869 -6.06213 67.9181
1755332 15.1057 32.0484 7.31607 12.8178 8.33892 -6.02343 67.288
1755340 15.7436 30.6612 8.95536 12.0433 6.67827 -5.65391 67.4035
1755347 15.7436 30.6612 8.95536 12.0433 6.67827 -5.65391 67.4035
1755357 16.3911 29.2932 10.6756 11.4043 5.02875 -5.22497 67.7642
1755369 17.0481 27.7243 12.2137 10.7267 3.39268 -4.83632 67.7127
1755378 17.0481 27.7243 12.2137 10.7267 3.39268 -4.83632 67.7127
1755388 17.5003 26.1458 13.3571 9.94248 1.95338 -4.55886 66.9457
1755399 17.5003 26.1458 13.3571 9.94248 1.95338 -4.55886 66.9457
1755413 17.8563 24.5194 14.3387 9.20672 0.580689 -4.28473 65.9211
1755422 18.1737 23.0844 15.128 8.64522 -0.604357 -4.03304 65.0313
1755429 18.1737 23.0844 15.128 8.64522 -0.604357 -4.03304 65.0313
1755442 18.5393 21.9173 15.897 8.33542 -1.61683 -3.76203 64.689
1755449 18.8376 20.9319 16.7875 8.16116 -2.52325 -3.43509 64.7181
1755464 18.8376 20.9319 16.7875 8.16116 -2.52325 -3.43509 64.7181
1755470 19.1647 20.0231 17.8086 8.07403 -3.41021 -3.0671 65.0704
1755483 19.1647 20.0231 17.8086 8.07403 -3.41021 -3.0671 65.0704
1755490 19.5784 19.2099 18.5767 8.01595 -4.17906 -2.79798 65.3809
1755503 20.0209 18.4924 19.2539 7.88041 -4.91335 -2.60004 65.6476
1755515 20.0209 18.4924 19.2539 7.88041 -4.91335 -2.60004 65.6476
1755524 20.5116 17.7749 20.1736 7.84169 -5.68183 -2.32374 66.3018
1755532 21.1851 16.9327 21.2449 7.75456 -6.60888 -2.03783 67.1172
1755558 21.9932 15.9321 22.5892 7.6287 -7.71229 -1.69659 68.1432
1755564 21.9932 15.9321 22.5892 7.6287 -7.71229 -1.69659 68.1432
1755574 22.6378 14.6718 23.6706 7.30923 -8.90601 -1.39034 68.2894
1755583 23.0323 13.1805 24.6712 6.95103 -10.1614 -1.01508 67.835
1755605 23.0323 13.1805 24.6712 6.95103 -10.1614 -1.01508 67.835
1755608 23.2151 11.4776 25.6819 6.52506 -11.545 -0.557337 66.8997
1755613 23.1862 9.53424 26.824 6.06036 -13.1147 0.0374866 65.6048
1755632 23.1862 9.53424 26.824 6.06036 -13.1147 0.0374866 65.6048
1755642 23.2535 7.62932 28.1885 5.64408 -14.7448 0.683692 64.7154
1755648 23.4075 7.62932 29.6136 5.58599 -15.0241 0.942707 66.2363
1755655 23.4075 6.10922 29.6136 5.58599 -15.9642 1.31718 64.7162
1755668 23.5903 4.97397 31.0892 5.64408 -16.8695 1.87657 65.2975
1755678 23.5903 4.97397 31.0892 5.64408 -16.8695 1.87657 65.2975
1755688 23.6672 4.16582 32.1504 5.8377 -17.401 2.31424 65.8212
1755695 23.8404 3.7425 32.8781 5.94419 -17.7064 2.53882 66.4052
1755706 23.8404 3.7425 32.8781 5.94419 -17.7064 2.53882 66.4052
1755715 23.9847 3.77136 32.959 5.94419 -17.7125 2.50837 66.6593
1755726 24.1098 3.80985 32.6457 5.90547 -17.692 2.39914 66.4708
1755735 24.1098 3.80985 32.6457 5.90547 -17.692 2.39914 66.4708
1755747 24.2733 3.98302 31.9382 5.75057 -17.6199 2.1455 65.9451
1755760 24.2733 3.98302 31.9382 5.75057 -17.6199 2.1455 65.9451
1755769 24.3503 4.05999 31.1498 5.56663 -17.6093 1.91307 65.1267
1755777 24.5908 4.09847 30.4524 5.36333 -17.6658 1.65719 64.5051
1755787 24.5908 4.09847 30.4524 5.36333 -17.6658 1.65719 64.5051
1755797 24.6486 4.09847 30.0482 5.18907 -17.7423 1.52151 63.9843
1755807 24.8987 4.07923 29.6742 5.09226 -17.806 1.36213 63.7444
1755822 24.8987 4.07923 29.6742 5.09226 -17.806 1.36213 63.7444
1755828 25.3316 4.19468 29.5428 5.02449 -17.808 1.17975 64.0936
1755838 25.3316 4.19468 29.5428 5.02449 -17.808 1.17975 64.0936
1755848 25.8608 4.30051 29.3811 4.98576 -17.8045 0.977612 64.5281
1755858 26.5823 4.50255 29.2396 4.87927 -17.8058 0.697959 65.2038
1755876 26.5823 4.50255 29.2396 4.87927 -17.8058 0.697959 65.2038
1755879 27.3135 5.06055 29.1082 5.08257 -17.381 0.409382 66.5649
1755892 27.9293 5.69553 28.805 5.37301 -16.8377 0.122387 67.8028
1755900 27.9293 5.69553 28.805 5.37301 -16.8377 0.122387 67.8028
1755909 28.3718 6.27278 28.2693 5.59567 -16.3381 -0.170692 68.5096
1755919 28.3718 6.27278 28.2693 5.59567 -16.3381 -0.170692 68.5096
1755929 28.6797 7.0232 27.1474 5.62472 -15.7646 -0.642 68.4751
1755944 28.9106 7.83135 25.874 5.46982 -15.232 -1.18927 68.0857
1755953 28.9106 7.83135 25.874 5.46982 -15.232 -1.18927 68.0857
1755962 29.0357 8.37012 24.1659 5.20843 -14.8334 -1.80401 66.7801
1755972 29.1703 8.8704 22.3163 4.95672 -14.4148 -2.47293 65.3138
1755981 29.1703 8.8704 22.3163 4.95672 -14.4148 -2.47293 65.3138
1755990 29.2858 9.34182 20.4263 4.77278 -13.943 -3.15586 63.8267
1756009 29.2858 9.34182 20.4263 4.77278 -13.943 -3.15586 63.8267
1756014 29.4301 10.0249 19.2943 5.73121 -12.7823 -3.35671 64.4805
1756023 29.459 10.6599 19.3448 8.97437 -10.6555 -2.5862 68.438
1756039 29.459 10.6599 19.3448 8.97437 -10.6555 -2.5862 68.438
1756048 29.305 11.2371 19.7592 13.2147 -8.36975 -1.5442 73.5161
1756053 28.8432 11.6893 19.0012 15.0928 -7.0559 -1.29415 74.6266
1756065 28.8432 11.6893 19.0012 15.0928 -7.0559 -1.29415 74.6266
1756072 27.987 11.7855 17.0809 15.0541 -6.33739 -1.5932 71.9075
1756082 27.987 11.7855 17.0809 15.0541 -6.33739 -1.5932 71.9075
1756097 26.6208 11.7374 15.6339 15.3639 -5.4622 -1.59188 69.3561
1756104 24.966 11.4776 14.8446 16.4482 -4.38643 -1.14064 67.7365
1756113 24.966 11.4776 14.8446 16.4482 -4.38643 -1.14064 67.7365
1756123 23.0419 11.2083 14.5107 18.1288 -3.07054 -0.361176 66.8897
1756133 21.0311 10.9677 14.2274 20.0006 -1.61951 0.504874 66.2268
1756143 21.0311 10.9677 14.2274 20.0006 -1.61951 0.504874 66.2268
1756153 18.8472 10.7465 13.9744 21.7276 -0.13307 1.40323 65.2956
1756168 18.8472 10.7465 13.9744 21.7276 -0.13307 1.40323 65.2956
1756175 16.6231 10.6791 13.9137 23.6958 1.47822 2.38184 64.9117
1756184 14.3906 10.6984 13.7923 25.7509 3.19748 3.35457 64.632
1756195 14.3906 10.6984 13.7923 25.7509 3.19748 3.35457 64.632
1756204 12.3127 11.0062 13.6911 27.8445 4.95223 4.21328 64.8545
1756215 10.4861 11.4103 13.7619 30.1311 6.57151 5.01524 65.7894
1756229 10.4861 11.4103 13.7619 30.1311 6.57151 5.01524 65.7894
1756236 8.96873 11.8721 13.9036 32.0028 7.86648 5.63295 66.7472
1756245 7.75099 12.18 14.0452 33.6527 8.88541 6.15867 67.6289
1756257 7.75099 12.18 14.0452 33.6527 8.88541 6.15867 67.6289
1756265 6.78454 12.382 14.106 34 9.47323 6.45273 67.2725
1756280 6.78454 12.382 14.106 34 9.47323 6.45273 67.2725
1756287 5.80841 12.5937 14.025 34 10.0713 6.6892 66.4271
1756300 5.00625 12.8342 13.8631 34 10.6405 6.85412 65.7035
1756323 4.11711 12.9304 13.7821 34 11.1952 7.11125 64.8296
1756333 3.47925 13.1132 13.7012 34 11.6391 7.25782 64.2936
1756345 3.47925 13.1132 13.7012 34 11.6391 7.25782 64.2936
1756352 2.82206 13.4595 13.4786 34 12.2172 7.33929 63.7602
1756361 2.82206 13.4595 13.4786 34 12.2172 7.33929 63.7602
1756369 1.94258 13.652 13.3673 34 12.842 7.56953 62.9618
1756382 1.57533 13.9021 13.2458 34 13.1853 7.59728 62.7233
1756390 1.57533 13.9021 13.2458 34 13.1853 7.59728 62.7233
1756399 1.54633 14.2965 13.1649 34 13.3259 7.4567 63.0078
1756410 1.60432 14.8546 13.1548 34 13.3994 7.23804 63.6136
1756419 1.60432 14.8546 13.1548 34 13.3994 7.23804 63.6136
1756433 1.81694 15.3741 12.9929 34 13.463 6.96479 64.1839
1756439 1.81694 15.3741 12.9929 34 13.463 6.96479 64.1839
1756449 2.01023 16.1437 12.8411 33.7299 13.5274 6.58563 64.7249
1756459 2.10688 16.8653 12.5071 33.4983 13.7546 6.24059 64.9776
1756469 2.10688 16.8653 12.5071 33.4983 13.7546 6.24059 64.9776
1756484 2.29051 17.6697 12.0619 32.9966 13.9628 5.79026 65.0187
1756491 2.36782 18.4254 11.647 32.5238 14.2134 5.39781 64.9641
1756501 2.36782 18.4254 11.647 32.5238 14.2134 5.39781 64.9641
1756510 2.58044 19.2482 11.131 31.9835 14.4435 4.91643 64.9431
1756531 2.58044 19.2482 11.131 31.9835 14.4435 4.91643 64.9431
1756534 2.7834 20.1761 10.6351 31.4432 14.6841 4.40947 65.0379
1756544 3.12166 21.2189 10.1292 30.71 14.8352 3.79687 65.1797
1756552 3.12166 21.2189 10.1292 30.71 14.8352 3.79687 65.1797
1756566 3.7112 22.4817 9.47143 29.832 14.9364 3.00258 65.4963
1756572 4.56168 23.9071 8.81369 28.6356 14.8546 2.04356 65.9182
1756582 4.56168 23.9071 8.81369 28.6356 14.8546 2.04356 65.9182
1756592 5.58613 25.5048 8.00417 27.1981 14.7498 0.93026 66.2932
1756610 5.58613 25.5048 8.00417 27.1981 14.7498 0.93026 66.2932
1756619 6.31097 27.0833 7.26548 25.7798 14.7829 -0.0787899 66.4395
1756623 6.99716 28.7766 6.62798 24.4194 14.8048 -1.06097 66.8211
1756633 6.99716 28.7766 6.62798 24.4194 14.8048 -1.06097 66.8211
1756643 7.73167 30.4508 5.96012 23.0397 14.81 -2.05022 67.1823
1756653 8.35986 31.9623 5.40357 21.8048 14.8095 -2.91287 67.5305
1756679 8.92041 33.359 4.89762 20.5795 14.8032 -3.71972 67.7565
1756689 9.37464 34 4.6244 19.5953 14.6448 -4.2507 67.5944
1756698 9.37464 34 4.6244 19.5953 14.6448 -4.2507 67.5944
1756708 9.69358 34 4.39167 18.7753 14.4667 -4.60511 66.8605
1756718 9.69358 34 4.39167 18.7753 14.4667 -4.60511 66.8605
1756726 10.0028 34 4.22976 17.8297 14.2279 -4.98242 66.0623
1756736 10.3701 34 4.20952 16.9806 13.8807 -5.3035 65.5603
1756746 10.3701 34 4.20952 16.9806 13.8807 -5.3035 65.5603
1756755 10.8147 34 4.3006 16.0706 13.406 -5.62471 65.1859
1756765 11.4622 34 4.63452 15.18 12.6704 -5.89362 65.2767
1756775 11.4622 34 4.63452 15.18 12.6704 -5.89362 65.2767
1756790 12.2547 34 5.28214 14.4055 11.7029 -6.04326 65.9423
1756797 12.2547 34 5.28214 14.4055 11.7029 -6.04326 65.9423
1756808 12.8829 34 6.33452 13.7278 10.6469 -6.00952 66.9452
1756817 13.6077 33.5312 7.85238 13.0792 9.23685 -5.77506 68.0705
1756829 13.6077 33.5312 7.85238 13.0792 9.23685 -5.77506 68.0705
1756839 14.3712 32.2684 9.53214 12.3337 7.55369 -5.42448 68.5055
1756850 15.0478 30.7569 11.0702 11.4334 5.88226 -5.11674 68.3083
1756874 15.8016 29.121 12.4363 10.4265 4.17111 -4.88152 67.7854
1756878 15.8016 29.121 12.4363 10.4265 4.17111 -4.88152 67.7854
1756892 16.3138 27.1694 13.6708 9.48747 2.50303 -4.57483 66.6415
1756903 16.9227 25.2943 14.9458 8.59681 0.768942 -4.25968 65.7596
1756909 16.9227 25.2943 14.9458 8.59681 0.768942 -4.25968 65.7596
1756919 17.5195 23.601 16.2815 7.94818 -0.861467 -3.87699 65.3503
1756929 18.1353 22.0129 17.8591 7.57061 -2.44396 -3.36664 65.5779
1756942 18.1353 22.0129 17.8591 7.57061 -2.44396 -3.36664 65.5779
1756955 18.7702 20.4153 19.6986 7.29954 -4.06216 -2.76218 66.1837
1756972 19.2898 18.789 21.5785 7.26082 -5.53604 -2.07106 66.918
1756984 19.8381 17.0861 23.3169 7.1156 -7.03468 -1.44568 67.3567
1756990 19.8381 17.0861 23.3169 7.1156 -7.03468 -1.44568 67.3567
1757000 20.1171 15.4029 25.0654 6.98007 -8.43608 -0.771388 67.5656
1757010 20.3192 13.6038 27.0767 7.01879 -9.84042 0.0380301 68.0185
1757031 20.3192 13.6038 27.0767 7.01879 -9.84042 0.0380301 68.0185
1757033 20.3192 11.4969 28.997 6.87358 -11.4298 0.898522 67.6867
1757044 20.1364 9.03396 30.4625 6.72836 -13.1239 1.81293 66.3613
1757054 20.1364 9.03396 30.4625 6.72836 -13.1239 1.81293 66.3613
1757063 20.0787 6.96548 31.7158 6.53474 -14.6621 2.57442 65.2947
1757072 20.0787 6.96548 31.7158 6.53474 -14.6621 2.57442 65.2947
1757102 20.069 5.34918 32.8175 6.52506 -15.8322 3.22517 64.7608
1757107 20.2037 4.29089 33.626 6.65091 -16.5535 3.65492 64.7716
1757114 20.3673 3.60781 34 6.68964 -17.0378 3.8772 64.6647
1757125 20.3673 3.60781 34 6.68964 -17.0378 3.8772 64.6647
1757133 20.4731 3.20374 34 6.85421 -17.2069 3.99281 64.5311
1757146 20.4539 3.10753 34 6.87358 -17.2549 4.03015 64.435
1757153 20.4539 3.10753 34 6.87358 -17.2549 4.03015 64.435
1757163 20.4539 3.0498 34 6.80581 -17.3374 4.03567 64.3095
1757173 20.5308 3.08829 33.9697 6.76708 -17.3431 3.98976 64.3559
1757183 20.5308 3.08829 33.9697 6.76708 -17.3431 3.98976 64.3559
1757193 20.6559 3.10753 33.7372 6.59282 -17.4327 3.87713 64.0935
1757208 20.6559 3.10753 33.7372 6.59282 -17.4327 3.87713 64.0935
1757216 20.6944 3.13639 33.4947 6.5541 -17.415 3.80825 63.8795
1757224 20.781 3.19411 33.4947 6.53474 -17.3999 3.76246 64.0045
1757242 20.781 3.19411 33.4947 6.53474 -17.3999 3.76246 64.0045
1757252 20.9349 3.21336 33.4542 6.56378 -17.3814 3.70983 64.1663
1757260 21.1177 3.39615 33.6159 6.63155 -17.258 3.64422 64.7613
1757267 21.1177 3.39615 33.6159 6.63155 -17.258 3.64422 64.7613
1757275 21.5218 4.11771 33.5654 6.97039 -16.6222 3.37655 66.1753
1757285 21.5218 4.11771 33.5654 6.97039 -16.6222 3.37655 66.1753
1757294 22.0125 5.20487 33.3127 7.2221 -15.8291 2.94843 67.7521
1757306 22.5224 6.2343 32.8579 7.53189 -15.0456 2.52359 69.1464
1757319 22.5224 6.2343 32.8579 7.53189 -15.0456 2.52359 69.1464
1757330 23.0419 7.31183 31.9483 7.68679 -14.285 1.98918 69.9888
1757335 23.6191 8.55291 30.321 7.89009 -13.3189 1.28705 70.3832
1757345 23.6191 8.55291 30.321 7.89009 -13.3189 1.28705 70.3832
1757355 24.2349 10.1019 27.8347 7.6287 -12.299 0.242125 69.8002
1757365 24.2349 10.1019 27.8347 7.6287 -12.299 0.242125 69.8002
1757380 24.7929 11.2949 24.8835 7.31891 -11.3716 -0.853421 68.2901
1757387 25.1777 12.305 21.5684 6.9123 -10.4333 -2.04706 65.9634
1757397 25.1777 12.305 21.5684 6.9123 -10.4333 -2.04706 65.9634
1757407 25.2643 13.1324 18.5666 6.65091 -9.45053 -3.10761 63.6142
1757421 25.3316 14.056 16.2512 7.12528 -8.12626 -3.82651 62.7641
1757427 25.3316 14.056 16.2512 7.12528 -8.12626 -3.82651 62.7641
1757437 25.2835 15.1047 15.3101 9.53588 -6.11377 -3.57379 65.2342
1757455 25.2835 15.1047 15.3101 9.53588 -6.11377 -3.57379 65.2342
1757468 25.2835 15.9032 15.7756 13.9311 -3.95834 -2.42901 70.8934
1757476 25.0623 16.4805 16.069 17.357 -2.43229 -1.62401 74.9688
1757484 25.0623 16.4805 16.069 17.357 -2.43229 -1.62401 74.9688
1757492 24.2637 16.6537 15.3911 17.878 -1.72645 -1.54644 74.1864
1757498 23.1573 16.442 14.2375 17.7333 -1.12462 -1.59883 71.5701
1757516 23.1573 16.442 14.2375 17.7333 -1.12462 -1.59883 71.5701
1757519 21.6084 16.1534 13.175 17.714 -0.333589 -1.50168 68.6507
1757529 19.79 16.1534 12.5071 18.1867 0.766429 -1.18167 66.6373
1757540 19.79 15.6723 12.5071 18.1867 0.59022 -1.08119 66.1562
1757549 18.0006 15.2779 12.1024 19.3059 1.73174 -0.433664 64.6867
1757562 18.0006 15.2779 12.1024 19.3059 1.73174 -0.433664 64.6867
1757571 16.1882 14.8834 11.7786 20.647 2.97795 0.31985 63.4972
1757586 14.4099 14.691 11.6268 22.2196 4.31867 1.13083 62.9473
1757590 14.4099 14.691 11.6268 22.2196 4.31867 1.13083 62.9473
1757601 12.7379 14.7006 11.6167 24.1782 5.74231 1.98226 63.2334
1757613 11.3172 14.9219 11.7988 26.1175 6.98435 2.7302 64.1554
1757621 11.3172 14.9219 11.7988 26.1175 6.98435 2.7302 64.1554
1757636 10.0898 15.3356 11.8393 27.6901 8.11972 3.25703 64.9548
1757645 10.0898 15.3356 11.8393 27.6901 8.11972 3.25703 64.9548
1757654 9.22001 15.8551 12.0214 28.9637 8.92267 3.6126 66.0602
1757662 8.58215 16.2207 12.1833 30.0539 9.51264 3.90089 67.0401
1757672 8.58215 16.2207 12.1833 30.0539 9.51264 3.90089 67.0401
1757685 8.06993 16.6152 12.3655 30.903 9.96369 4.10207 67.9535
1757692 7.50938 16.9711 12.4363 31.424 10.4072 4.25363 68.3408
1757708 7.50938 16.9711 12.4363 31.424 10.4072 4.25363 68.3408
1757717 6.86185 17.4209 12.244 31.3468 10.9254 4.26706 67.8736
1757723 6.86185 17.4209 12.244 31.3468 10.9254 4.26706 67.8736
1757733 6.05003 17.9471 12.0214 31.1345 11.5446 4.27951 67.1531
1757743 5.39284 18.4254 11.7179 30.5942 12.0629 4.19485 66.1303
1757755 5.39284 18.4254 11.7179 30.5942 12.0629 4.19485 66.1303
1757763 4.72598 18.9707 11.2321 29.9671 12.7048 4.04552 64.8959
1757779 4.18476 19.6691 10.7565 29.2145 13.2951 3.78783 63.825
1757792 4.18476 19.6691 10.7565 29.2145 13.2951 3.78783 63.825
1757803 3.96248 20.3675 10.372 28.462 13.6529 3.44438 63.164
1757826 3.93349 21.1711 9.9875 27.8734 13.9455 3.0389 62.9655
1757829 4.26208 22.2234 9.5625 27.0051 14.0373 2.39848 63.0531
1757838 4.26208 22.2234 9.5625 27.0051 14.0373 2.39848 63.0531
1757849 4.57135 23.4192 8.96548 26.185 14.2805 1.70093 63.1411
1757854 4.92894 24.7394 8.4494 25.307 14.4534 0.966827 63.4248
1757864 4.92894 24.7394 8.4494 25.307 14.4534 0.966827 63.4248
1757883 5.30586 26.1744 7.8119 24.4869 14.7163 0.192511 63.7792
1757884 5.30586 26.1744 7.8119 24.4869 14.7163 0.192511 63.7792
1757898 5.67311 27.7338 7.12381 23.58 15.0197 -0.632444 64.1108
1757905 5.94372 29.3315 6.46607 22.6345 15.3614 -1.43872 64.3758
1757923 5.94372 29.3315 6.46607 22.6345 15.3614 -1.43872 64.3758
1757926 6.39795 30.9769 5.65655 21.4864 15.658 -2.37887 64.5178
1757935 6.75554 32.5076 5.08988 20.4347 15.8583 -3.18082 64.7878
1757947 6.75554 32.5076 5.08988 20.4347 15.8583 -3.18082 64.7878
1757956 7.84764 34 4.77619 19.3541 15.4333 -4.02801 65.978
1757973 7.84764 34 4.77619 19.3541 15.4333 -4.02801 65.978
1757977 9.16202 34 4.4119 18.1385 14.6717 -4.70497 65.7124
1757987 10.2251 34 4.18929 17.0675 13.9936 -5.26137 65.4819
1757997 10.2251 34 4.18929 17.0675 13.9936 -5.26137 65.4819
1758007 10.8533 34 3.90595 16.0706 13.6169 -5.75585 64.8299
1758023 11.3366 34 3.86548 15.2961 13.2151 -6.08737 64.4982
1758027 11.3366 34 3.86548 15.2961 13.2151 -6.08737 64.4982
1758037 12.0421 34 3.93631 14.5507 12.6192 -6.40527 64.5291
1758047 12.0421 34 3.93631 14.5507 12.6192 -6.40527 64.5291
1758062 12.7186 34 4.07798 14.0085 12.0407 -6.62727 64.8051
1758072 13.4628 34 4.26012 13.4083 11.3945 -6.86176 65.1312
1758078 13.4628 34 4.26012 13.4083 11.3945 -6.86176 65.1312
1758088 14.2263 34 4.3006 12.721 10.8027 -7.17374 65.2478
1758098 14.7578 34 4.5131 12.082 10.2563 -7.38208 65.3529
1758108 14.7578 34 4.5131 12.082 10.2563 -7.38208 65.3529
1758122 15.2217 34 4.63452 11.3753 9.78018 -7.63708 65.2315
1758133 15.2217 34 4.63452 11.3753 9.78018 -7.63708 65.2315
1758146 15.6663 34 4.70536 10.5524 9.31117 -7.94972 64.924
1758149 16.0625 34 4.89762 9.8844 8.83815 -8.16118 64.8446
1758159 16.0625 34 4.89762 9.8844 8.83815 -8.16118 64.8446
1758171 16.5264 33.6365 5.42381 9.28417 8.08159 -8.19819 64.8709
1758187 17.0673 32.8042 6.76964 9.04214 6.8546 -7.77817 65.6833
1758197 17.0673 32.8042 6.76964 9.04214 6.8546 -7.77817 65.6833
1758207 17.4426 32.0388 9.00595 9.07118 5.42548 -6.97268 67.5585
1758220 17.4426 32.0388 9.00595 9.07118 5.42548 -6.97268 67.5585
1758227 17.7793 30.9769 11.4042 9.13895 3.94391 -6.10679 69.2993
1758232 18.0487 29.7141 12.9625 8.82916 2.70727 -5.60089 69.5545
1758247 18.0487 29.7141 12.9625 8.82916 2.70727 -5.60089 69.5545
1758251 18.0583 28.3557 13.681 8.31606 1.80251 -5.35373 68.411
1758260 18.0872 26.8154 14.1363 7.60934 0.825715 -5.21175 66.6482
1758273 18.0872 26.8154 14.1363 7.60934 0.825715 -5.21175 66.6482
1758280 18.2122 25.2561 14.6119 7.04784 -0.199699 -5.02285 65.128
1758297 18.2122 25.2561 14.6119 7.04784 -0.199699 -5.02285 65.128
1758302 18.2988 23.6393 15.3202 6.57346 -1.3341 -4.71028 63.8318
1758312 18.6163 22.1947 16.4536 6.37984 -2.55141 -4.23704 63.6444
1758322 18.6163 22.1947 16.4536 6.37984 -2.55141 -4.23704 63.6444
1758332 19.0396 20.7597 18.0107 6.33144 -3.88172 -3.61479 64.1415
1758349 19.5591 19.363 19.8805 6.3992 -5.24428 -2.90845 65.2018
1758357 19.5591 19.363 19.8805 6.3992 -5.24428 -2.90845 65.2018
1758363 20.1749 17.9471 21.72 6.54442 -6.5538 -2.22732 66.3864
1758374 20.1749 17.9471 21.72 6.54442 -6.5538 -2.22732 66.3864
1758383 20.8098 16.519 23.7313 6.65091 -7.89061 -1.53888 67.711
1758400 21.5122 14.9315 25.6516 6.709 -9.27386 -0.890152 68.8043
1758403 21.5122 14.9315 25.6516 6.709 -9.27386 -0.890152 68.8043
1758415 22.0509 13.2094 26.9857 6.62187 -10.602 -0.359978 68.8679
1758427 22.3396 11.2083 28.1683 6.45729 -12.0437 0.237129 68.1734
1758434 22.3396 11.2083 28.1683 6.45729 -12.0437 0.237129 68.1734
1758452 22.5224 9.2841 29.1688 6.22494 -13.4606 0.800743 67.2002
1758455 22.5224 9.2841 29.1688 6.22494 -13.4606 0.800743 67.2002
1758464 22.6763 7.63894 29.9875 6.13781 -14.6323 1.31172 66.4406
1758476 22.7917 6.20543 30.7354 6.25399 -15.5591 1.81679 65.9866
1758489 22.7917 6.20543 30.7354 6.25399 -15.5591 1.81679 65.9866
1758502 22.6763 5.07018 31.4227 6.33144 -16.2966 2.29182 65.5006
1758506 22.5224 4.31975 32.1201 6.48633 -16.7446 2.69624 65.4485
1758515 22.5224 4.31975 32.1201 6.48633 -16.7446 2.69624 65.4485
1758527 22.4358 3.80023 32.4941 6.5541 -17.0698 2.94379 65.2841
1758544 22.4358 3.80023 32.4941 6.5541 -17.0698 2.94379 65.2841
1758554 22.2818 3.52122 32.7467 6.67027 -17.1868 3.13108 65.2201
1758563 22.3492 3.43463 32.8276 6.80581 -17.173 3.17567 65.4172
1758579 22.3492 3.43463 32.8276 6.80581 -17.173 3.17567 65.4172
1758582 22.2626 3.47312 32.8377 6.83485 -17.1203 3.19612 65.4083
1758590 22.1568 3.56933 32.8175 6.9123 -16.9934 3.20911 65.4559
1758606 22.1568 3.56933 32.8175 6.9123 -16.9934 3.20911 65.4559
1758609 21.9355 3.5116 32.9287 6.97039 -16.9796 3.3174 65.3461
1758618 21.9355 3.5116 32.9287 6.97039 -16.9796 3.3174 65.3461
1758631 21.5988 3.54046 33.1308 7.01879 -16.9134 3.44861 65.2888
1758638 21.2428 3.38653 33.3026 7.15433 -16.9024 3.64769 65.0863
1758656 21.2428 3.38653 33.3026 7.15433 -16.9024 3.64769 65.0863
1758658 20.9542 3.31919 33.717 7.2221 -16.9177 3.83341 65.2124
1758673 20.704 3.50198 34 7.53189 -16.6077 3.9534 65.7379
1758690 20.6463 3.80985 34 7.75456 -16.267 3.91895 66.2107
1758699 20.6463 3.80985 34 7.75456 -16.267 3.91895 66.2107
1758709 20.7906 4.25241 34 8.01595 -15.8526 3.79657 67.059
1758719 21.0311 4.86814 34 8.22893 -15.3879 3.59535 68.1282
1758734 21.0311 4.86814 34 8.22893 -15.3879 3.59535 68.1282
1758741 21.3005 5.46463 34 8.41287 -14.9697 3.39293 69.178
1758758 21.6661 6.30164 33.9191 8.48064 -14.4964 3.07643 70.3675
1758763 21.6661 6.30164 33.9191 8.48064 -14.4964 3.07643 70.3675
1758770 21.8874 7.15789 32.3829 8.22893 -13.9553 2.49075 69.6571
1758786 22.0028 7.84097 30.2503 7.82232 -13.4687 1.81741 67.9164
1758792 22.0028 7.84097 30.2503 7.82232 -13.4687 1.81741 67.9164
1758802 22.0702 8.23543 27.8549 7.71583 -12.893 1.19887 65.8764
1758812 22.0702 8.23543 27.8549 7.71583 -12.893 1.19887 65.8764
1758822 22.0798 8.5914 25.8537 8.43223 -11.8963 0.83473 64.9572
1758837 22.0894 8.88964 24.2771 9.94248 -10.5579 0.745524 65.1986
1758842 22.0894 8.88964 24.2771 9.94248 -10.5579 0.745524 65.1986
1758862 22.1952 9.38031 22.852 11.6948 -9.06357 0.674018 66.1223
1758864 22.0702 9.68817 21.3966 13.2244 -7.74119 0.646868 66.3793
1758873 22.0702 9.68817 21.3966 13.2244 -7.74119 0.646868 66.3793
1758889 21.9259 10.0538 19.7592 14.4539 -6.48766 0.506127 66.1927
1758893 21.9259 10.0538 19.7592 14.4539 -6.48766 0.506127 66.1927
1758915 21.5988 10.3039 18.3543 15.8479 -5.21944 0.521813 66.1049
1758917 21.2428 10.5156 17.3841 17.5596 -3.95479 0.716314 66.702
1758932 21.2428 10.5156 17.3841 17.5596 -3.95479 0.716314 66.702
1758943 20.704 10.6695 16.8077 19.3252 -2.78383 1.05755 67.5065
1758949 20.0402 10.7849 16.4232 21.0426 -1.69711 1.45861 68.2909
1758954 20.0402 10.7849 16.4232 21.0426 -1.69711 1.45861 68.2909
1758968 19.1166 10.9389 16.15 22.5187 -0.658056 1.87996 68.7242
1758974 19.1166 10.9389 16.15 22.5187 -0.658056 1.87996 68.7242
1758995 17.9525 10.9966 15.8667 23.9274 0.401795 2.36641 68.7431
1758998 16.6038 11.2275 15.472 25.1623 1.57526 2.805 68.4656
1759006 16.6038 11.2275 15.472 25.1623 1.57526 2.805 68.4656
1759021 15.0671 11.4103 15.1786 26.4359 2.79054 3.33455 68.0918
1759028 13.3081 11.5354 14.7232 27.9217 4.23247 3.95654 67.4884
1759037 13.3081 11.5354 14.7232 27.9217 4.23247 3.95654 67.4884
1759048 11.4525 11.6412 14.3994 29.311 5.65095 4.62921 66.8041
1759057 11.4525 11.6412 14.3994 29.311 5.65095 4.62921 66.8041
1759076 9.49062 11.6508 14.0756 30.6907 7.12181 5.3768 65.9077
1759078 7.50938 11.9491 13.8024 32.0028 8.67257 6.05546 65.2637
1759087 7.50938 11.9491 13.8024 32.0028 8.67257 6.05546 65.2637
1759104 5.78908 12.1511 13.6 33.1992 10.0253 6.68658 64.7394
1759109 4.46504 12.5648 13.5696 34 11.0412 7.09134 64.5995
1759118 4.46504 12.5648 13.5696 34 11.0412 7.09134 64.5995
1759132 3.4116 13.0747 13.7821 34 11.6235 7.30432 64.2684
1759138 2.84139 13.5557 13.9238 34 11.9675 7.3522 64.3209
1759158 2.84139 13.5557 13.9238 34 11.9675 7.3522 64.3209
1759167 2.38715 14.0272 13.8429 34 12.3711 7.33658 64.2572
1759185 2.38715 14.0272 13.8429 34 12.3711 7.33658 64.2572
1759188 2.00057 14.5659 13.6202 34 12.8318 7.25705 64.1867
1759189 1.97157 15.0855 13.3369 34 13.1134 7.05343 64.3939
1759212 1.97157 15.0855 13.3369 34 13.1134 7.05343 64.3939
1759212 1.96191 15.6723 12.922 34 13.4721 6.80518 64.5563
1759220 2.05856 16.24 12.5375 33.4115 13.6408 6.45561 64.2475
1759240 2.05856 16.24 12.5375 33.4115 13.6408 6.45561 64.2475
1759243 2.24218 16.9327 12.0821 32.6782 13.7978 6.00268 63.9352
1759251 2.24218 16.9327 12.0821 32.6782 13.7978 6.00268 63.9352
1759270 2.4548 17.9184 11.6167 31.916 13.9905 5.43599 63.9059
1759272 2.6481 18.9994 10.9286 31.1442 14.3467 4.80817 63.7203
1759282 2.6481 18.9994 10.9286 31.1442 14.3467 4.80817 63.7203
1759300 3.00569 20.3866 10.2202 30.0153 14.6068 3.97073 63.6279
1759303 3.36327 21.8503 9.43095 28.9637 14.9429 3.10834 63.6082
1759312 3.36327 21.8503 9.43095 28.9637 14.9429 3.10834 63.6082
1759323 3.7112 23.5053 8.61131 27.7673 15.3118 2.16103 63.5952
1759332 3.7112 23.5053 8.61131 27.7673 15.3118 2.16103 63.5952
1759351 4.04946 25.0456 7.96369 26.8411 15.6 1.34032 63.8998
1759352 4.51336 26.7293 7.31607 25.9149 15.8261 0.462577 64.4736
1759367 4.51336 26.7293 7.31607 25.9149 15.8261 0.462577 64.4736
1759379 5.07391 28.2983 6.62798 24.9694 15.9943 -0.409769 64.9695
1759383 5.74076 29.8098 6.10179 23.9949 15.9802 -1.24618 65.6472
1759393 5.74076 29.8098 6.10179 23.9949 15.9802 -1.24618 65.6472
1759407 6.85219 31.2735 5.66667 22.7889 15.5988 -2.17857 66.5812
1759413 6.85219 31.2735 5.66667 22.7889 15.5988 -2.17857 66.5812
1759433 8.07959 32.6033 5.24167 21.4478 15.1137 -3.11554 67.3723
1759434 9.37464 33.78 4.96845 19.9523 14.4653 -4.01771 68.0754
1759444 9.37464 33.78 4.96845 19.9523 14.4653 -4.01771 68.0754
1759463 10.7084 34 4.82679 18.4376 13.5725 -4.73219 67.9727
1759464 11.9937 34 4.76607 17.0965 12.6505 -5.33433 67.8563
1759474 11.9937 34 4.76607 17.0965 12.6505 -5.33433 67.8563
1759489 13.0955 34 4.75595 15.8383 11.8138 -5.87267 67.6897
1759495 13.0955 34 4.75595 15.8383 11.8138 -5.87267 67.6897
1759505 13.8107 34 4.82679 14.754 11.1722 -6.28342 67.3915
1759518 14.5355 34 4.8875 13.7472 10.5419 -6.67727 67.1702
1759525 14.5355 34 4.8875 13.7472 10.5419 -6.67727 67.1702
1759535 15.1637 33.7417 5.12024 12.8178 9.82725 -6.94924 66.8434
1759549 15.9369 32.9859 5.41369 11.9949 8.90612 -7.12655 66.3314
1759557 15.9369 32.9859 5.41369 11.9949 8.90612 -7.12655 66.3314
1759574 16.7294 32.1823 6.1625 11.3172 7.7599 -7.10152 66.3914
1759577 16.7294 32.1823 6.1625 11.3172 7.7599 -7.10152 66.3914
1759587 17.4426 31.35 7.52857 10.8912 6.42371 -6.77839 67.2124
1759603 18.1449 30.4699 9.67381 10.7073 4.84033 -6.13812 68.9959
1759607 18.1449 30.4699 9.67381 10.7073 4.84033 -6.13812 68.9959
1759630 18.7125 29.5324 11.8696 10.6492 3.39136 -5.45322 70.7637
1759631 19.2417 28.3461 13.2256 10.1167 2.1132 -5.12732 70.9301
1759639 19.2417 28.3461 13.2256 10.1167 2.1132 -5.12732 70.9301
1759657 19.588 26.9398 13.944 9.43907 1.01801 -4.96589 69.9109
1759661 19.7035 25.2082 14.6827 8.60649 -0.209484 -4.7556 68.2009
1759685 19.7035 25.2082 14.6827 8.60649 -0.209484 -4.7556 68.2009
1759687 19.7323 23.2566 15.7857 7.92882 -1.62383 -4.33435 66.7035
1759689 19.7323 23.2566 15.7857 7.92882 -1.62383 -4.33435 66.7035
1759699 19.6842 21.1328 17.1516 7.38667 -3.1812 -3.73621 65.3553
1759714 19.665 18.8846 19.0517 7.04784 -4.94369 -2.88868 64.6492
1759719 19.665 18.8846 19.0517 7.04784 -4.94369 -2.88868 64.6492
1759729 19.7804 16.5286 21.3763 6.85421 -6.88491 -1.87756 64.5396
1759744 19.9825 14.2965 23.9132 6.73804 -8.80216 -0.838074 64.9302
1759773 20.2518 12.0549 26.3086 6.63155 -10.6802 0.145612 65.2468
1759775 20.2518 12.0549 26.3086 6.63155 -10.6802 0.145612 65.2468
1759781 20.4443 10.0153 28.5018 6.53474 -12.3656 1.04823 65.4961
1759801 20.5982 7.96604 30.6647 6.48633 -14.0038 1.96 65.7152
1759809 20.5982 7.96604 30.6647 6.48633 -14.0038 1.96 65.7152
1759812 20.8387 6.14771 32.5547 6.37984 -15.4981 2.71874 65.921
1759831 20.9445 4.77193 34 6.54442 -16.4608 3.35672 66.2609
1759835 20.9445 4.77193 34 6.54442 -16.4608 3.35672 66.2609
1759842 21.2332 3.79061 34 6.709 -17.0134 3.57932 65.7328
1759859 21.2332 3.79061 34 6.709 -17.0134 3.57932 65.7328
1759862 21.3967 3.0498 34 6.90262 -17.3852 3.77727 65.3491
1759872 21.3294 2.70345 34 6.89294 -17.6097 3.89524 64.9258
1759889 21.3294 2.70345 34 6.89294 -17.6097 3.89524 64.9258
1759892 21.1466 2.54952 34 6.90262 -17.684 3.9954 64.5987
1759918 20.9734 2.52066 34 6.71868 -17.8057 4.02364 64.2127
1759919 20.9734 2.52066 34 6.71868 -17.8057 4.02364 64.2127
1759923 20.7617 2.57838 34 6.66059 -17.7821 4.05944 64.0007
1759933 20.7617 2.57838 34 6.66059 -17.7821 4.05944 64.0007
1759947 20.6463 2.55914 33.8989 6.47665 -17.8943 4.05077 63.581
1759953 20.6078 2.56876 33.7473 6.54442 -17.8207 4.04497 63.4683
1759964 20.6078 2.56876 33.7473 6.54442 -17.8207 4.04497 63.4683
1759978 20.5308 2.60724 33.8282 6.54442 -17.7952 4.07046 63.5107
1759984 20.5501 2.56876 34 6.73804 -17.7128 4.13875 63.8569
1760013 20.6174 2.66497 34 6.8639 -17.5726 4.11126 64.1463
1760014 20.6174 2.66497 34 6.8639 -17.5726 4.11126 64.1463
1760036 20.704 2.92473 34 7.15433 -17.2209 4.05791 64.7831
1760038 20.8676 3.65591 34 7.44476 -16.5863 3.84759 65.9682
1760053 20.8676 3.65591 34 7.44476 -16.5863 3.84759 65.9682
1760066 21.0407 4.50255 34 7.69647 -15.9287 3.60349 67.2398
1760068 21.0985 4.92586 34 7.84169 -15.5936 3.49601 67.866
1760075 21.0985 4.92586 34 7.84169 -15.5936 3.49601 67.866
1760094 21.3679 5.49349 34 7.7836 -15.3292 3.26075 68.6449
1760123 21.5699 6.20543 33.808 7.76424 -14.9278 2.98429 69.3475
1760123 21.8585 6.88851 32.5446 7.63838 -14.4626 2.4886 68.93
1760127 21.8585 6.88851 32.5446 7.63838 -14.4626 2.4886 68.93
1760137 22.0509 7.53311 31.0386 7.37699 -14.0366 1.94815 67.9997
1760152 22.1952 8.1296 29.5125 7.12528 -13.6094 1.41413 66.9626
1760162 22.1952 8.1296 29.5125 7.12528 -13.6094 1.41413 66.9626
1760169 22.3107 8.49519 28.0369 6.96071 -13.256 0.955499 65.8035
1760183 22.3107 8.49519 28.0369 6.96071 -13.256 0.955499 65.8035
1760188 22.5127 8.86078 26.8746 7.38667 -12.6228 0.65995 65.6347
1760198 22.657 9.14941 26.8644 9.7779 -11.1741 1.05975 68.4488
1760211 22.657 9.14941 26.8644 9.7779 -11.1741 1.05975 68.4488
1760218 22.6955 9.38031 26.7128 12.6241 -9.59349 1.52518 71.4128
1760240 22.532 9.5631 25.126 13.8536 -8.52668 1.45297 71.0748
1760243 22.532 9.5631 25.126 13.8536 -8.52668 1.45297 71.0748
1760249 22.1664 9.70741 22.7004 13.7665 -7.8258 1.00813 68.3407
1760270 22.1664 9.70741 22.7004 13.7665 -7.8258 1.00813 68.3407
1760270 21.5891 9.73628 20.2949 13.9214 -6.95219 0.661615 65.5417
1760282 21.0023 9.8421 18.607 14.8798 -5.78542 0.616145 64.3312
1760300 21.0023 9.8421 18.607 14.8798 -5.78542 0.616145 64.3312
1760302 20.2711 9.93831 17.6974 16.6612 -4.40195 0.963902 64.5679
1760310 19.5495 9.82286 17.2122 18.7367 -3.13919 1.5102 65.3213
1760337 18.6933 9.76514 16.8381 20.8207 -1.87 2.08728 66.1172
1760342 17.8081 9.58234 16.7065 23.0494 -0.701073 2.76234 67.1464
1760360 17.8081 9.58234 16.7065 23.0494 -0.701073 2.76234 67.1464
1760370 16.7874 9.45727 16.7065 25.1237 0.399217 3.43422 68.0749
1760372 16.7874 9.45727 16.7065 25.1237 0.399217 3.43422 68.0749
1760390 15.502 9.41879 16.4333 26.9472 1.62174 4.05404 68.3013
1760394 14.033 9.25523 16.2917 28.5585 2.74774 4.74665 68.1383
1760419 12.3803 9.1013 16.1095 30.16 3.97465 5.48801 67.7512
1760423 10.7374 9.01471 15.8363 31.588 5.22097 6.17901 67.1763
1760433 10.7374 9.01471 15.8363 31.588 5.22097 6.17901 67.1763
1760452 8.9494 9.03396 15.4619 32.8326 6.58411 6.86001 66.2778
1760465 7.07447 9.0532 15.1887 33.9132 7.93475 7.58265 65.2295
1760480 5.54747 9.17827 14.9357 34 8.91241 8.0606 63.6615
1760484 5.54747 9.17827 14.9357 34 8.91241 8.0606 63.6615
1760494 4.22342 9.69779 14.9661 34 9.74295 8.35897 62.8873
1760511 3.13132 10.1885 15.0167 34 10.4435 8.58973 62.3364
1760514 3.13132 10.1885 15.0167 34 10.4435 8.58973 62.3364
1760524 2.1842 10.7849 15.0673 34 11.0957 8.72829 62.0364
1760541 2.1842 10.7849 15.0673 34 11.0957 8.72829 62.0364
1760545 1.67197 11.4007 15.1482 34 11.4835 8.69698 62.2209
1760555 1.35304 11.9779 15.0571 34 11.8483 8.58966 62.3881
1760574 1.35304 11.9779 15.0571 34 11.8483 8.58966 62.3881
1760575 1.20807 12.382 14.9863 34 12.0603 8.48473 62.5764
1760585 1.05344 12.7957 14.6726 34 12.4235 8.35473 62.5218
1760605 1.05344 12.7957 14.6726 34 12.4235 8.35473 62.5218
1760613 1.23707 13.142 14.3589 34 12.5705 8.12421 62.738
1760637 1.44002 13.5654 13.9339 34 12.7867 7.84769 62.9393
1760639 1.63331 13.9983 13.7619 34 12.8574 7.60258 63.3935
1760647 1.63331 13.9983 13.7619 34 12.8574 7.60258 63.3935
1760667 1.75895 14.5852 13.5393 34 13.0264 7.32471 63.8834
1760668 1.97157 15.2201 13.2357 33.8842 13.1769 6.98043 64.3117
1760683 1.97157 15.2201 13.2357 33.8842 13.1769 6.98043 64.3117
1760697 2.11654 15.8647 12.8512 33.4404 13.3561 6.60706 64.2729
1760699 2.11654 15.8647 12.8512 33.4404 13.3561 6.60706 64.2729
1760708 2.27118 16.4516 12.4869 32.9387 13.4969 6.24399 64.1484
1760729 2.38715 17.0574 11.981 32.3309 13.732 5.85054 63.7564
1760737 2.38715 17.0574 11.981 32.3309 13.732 5.85054 63.7564
1760759 2.56111 17.7749 11.5054 31.6459 13.9218 5.3905 63.4872
1760760 2.75441 18.722 11.0095 30.8933 14.1416 4.83433 63.3792
1760764 2.75441 18.722 11.0095 30.8933 14.1416 4.83433 63.3792
1760773 3.51791 19.9178 10.5036 30.2276 14.0742 4.04307 64.1669
1760790 4.69699 18.9707 10.1089 29.4654 13.2942 3.77279 63.242
1760792 4.69699 21.4198 10.1089 29.4654 13.7307 3.07291 65.6911
1760800 5.68277 22.8644 9.64345 28.5102 13.5112 2.16036 66.7008
1760822 5.68277 22.8644 9.64345 28.5102 13.5112 2.16036 66.7008
1760823 6.51393 24.4333 8.9756 27.3138 13.4813 1.19181 67.2367
1760830 7.57703 26.0214 8.22679 25.7219 13.3016 0.0777841 67.5471
1760853 7.57703 26.0214 8.22679 25.7219 13.3016 0.0777841 67.5471
1760854 8.64014 27.6669 7.42738 24.0914 13.1553 -1.05894 67.8257
1760862 9.4423 28.9966 6.83036 22.538 13.0008 -2.00654 67.8073
1760885 9.4423 28.9966 6.83036 22.538 13.0008 -2.00654 67.8073
1760887 10.3121 30.3647 6.20298 21.0329 12.8409 -2.96871 67.9127
1760892 10.3121 30.3647 6.20298 21.0329 12.8409 -2.96871 67.9127
1760918 11.0563 31.3118 5.80833 19.6532 12.5684 -3.73874 67.8296
1760920 11.8488 32.0771 5.65655 18.3507 12.1158 -4.39813 67.9332
1760923 11.8488 32.0771 5.65655 18.3507 12.1158 -4.39813 67.9332
1760933 12.564 32.5076 6.04107 17.3377 11.4098 -4.7537 68.4503
1760950 13.2211 32.7468 6.86071 16.5837 10.5344 -4.86732 69.4123
1760953 13.2211 32.7468 6.86071 16.5837 10.5344 -4.86732 69.4123
1760963 13.7817 32.5267 7.90298 15.8286 9.51979 -4.83514 70.04
1760983 13.7817 32.5267 7.90298 15.8286 9.51979 -4.83514 70.04
1760985 14.1973 32.0388 8.74286 14.8024 8.56285 -4.87756 69.7813
1760994 14.5549 31.2065 9.42083 13.7859 7.61827 -4.90546 68.9681
1761015 14.5549 31.2065 9.42083 13.7859 7.61827 -4.90546 68.9681
1761017 14.7868 30.0681 9.99762 12.7113 6.6585 -4.91669 67.5638
1761024 14.9028 28.7862 10.8982 11.8109 5.57098 -4.73955 66.3981
1761048 14.9028 28.7862 10.8982 11.8109 5.57098 -4.73955 66.3981
1761049 15.0478 27.4947 11.9405 11.0752 4.41654 -4.46782 65.5581
1761055 15.0478 27.4947 11.9405 11.0752 4.41654 -4.46782 65.5581
1761065 15.1444 26.1266 13.2762 10.4846 3.1487 -4.03884 65.0318
1761082 15.1734 24.8542 14.7131 10.049 1.93577 -3.53426 64.7897
1761085 15.1734 24.8542 14.7131 10.049 1.93577 -3.53426 64.7897
1761113 15.2314 23.6297 16.15 9.5746 0.705627 -3.05094 64.5857
1761113 15.3764 22.5008 17.4144 9.12927 -0.450405 -2.63894 64.4209
1761122 15.3764 22.5008 17.4144 9.12927 -0.450405 -2.63894 64.4209
1761146 15.6663 21.6781 18.5565 8.89692 -1.40735 -2.28966 64.7978
1761148 15.6663 21.6781 18.5565 8.89692 -1.40735 -2.28966 64.7978
1761151 16.0432 20.9319 19.7087 8.64522 -2.36295 -1.97949 65.329
1761159 16.4974 20.3005 20.7396 8.39351 -3.23938 -1.74383 65.9311
1761181 16.4974 20.3005 20.7396 8.39351 -3.23938 -1.74383 65.9311
1761182 16.9807 19.6021 21.629 8.12244 -4.10237 -1.54476 66.3343
1761188 17.6157 18.9038 22.5791 7.97722 -4.96223 -1.33354 67.0758
1761198 17.6157 18.9038 22.5791 7.97722 -4.96223 -1.33354 67.0758
1761216 18.2699 18.148 23.4281 7.73519 -5.8503 -1.16631 67.5812
1761219 18.8183 17.1148 24.4185 7.57061 -6.8282 -0.87099 67.9223
1761229 18.8183 17.1148 24.4185 7.57061 -6.8282 -0.87099 67.9223
1761248 19.4244 15.961 25.409 7.37699 -7.8829 -0.571947 68.1714
1761250 19.4244 15.961 25.409 7.37699 -7.8829 -0.571947 68.1714
1761259 19.7997 14.6333 26.6219 7.14465 -9.03365 -0.146573 68.1995
1761281 20.1749 13.1805 27.6528 7.01879 -10.1535 0.290219 68.027
1761283 20.1749 13.1805 27.6528 7.01879 -10.1535 0.290219 68.027
1761290 20.4443 11.545 28.714 6.76708 -11.4295 0.776314 67.4704
1761314 20.4346 9.73628 29.7955 6.52506 -12.7719 1.38731 66.4914
1761316 20.4346 9.73628 29.7955 6.52506 -12.7719 1.38731 66.4914
1761320 20.5212 7.92756 30.9881 6.38952 -14.1251 2.03463 65.8264
1761330 20.5212 7.92756 30.9881 6.38952 -14.1251 2.03463 65.8264
1761350 20.5693 6.26316 32.2919 6.30239 -15.3972 2.69656 65.4268
1761352 20.6271 4.99321 33.4947 6.3992 -16.3054 3.26806 65.5141
1761362 20.6271 4.99321 33.4947 6.3992 -16.3054 3.26806 65.5141
1761382 20.7714 4.10809 34 6.52506 -16.8712 3.58819 65.4045
1761384 20.9061 3.43463 34 6.65091 -17.2409 3.76438 64.9916
1761392 20.9061 3.43463 34 6.65091 -17.2409 3.76438 64.9916
1761418 20.9734 3.06904 34 6.67995 -17.4686 3.85589 64.7224
1761418 20.9734 3.06904 34 6.67995 -17.4686 3.85589 64.7224
1761423 21.137 2.96321 34 6.58314 -17.6207 3.82239 64.6833
1761433 21.3294 2.97284 34 6.41856 -17.7447 3.7352 64.7208
1761459 21.5025 3.0017 33.5957 6.30239 -17.7766 3.5854 64.4024
1761486 21.7046 3.10753 33.06 6.10877 -17.7976 3.36586 63.9809
1761487 21.7046 3.10753 33.06 6.10877 -17.7976 3.36586 63.9809
1761489 21.9355 3.17487 32.6153 6.00228 -17.7997 3.17928 63.728
1761495 21.9355 3.17487 32.6153 6.00228 -17.7997 3.17928 63.728
1761519 22.2049 3.22298 32.3829 5.89579 -17.8431 3.02579 63.7065
1761520 22.5224 3.34805 32.1302 5.84738 -17.799 2.84438 63.848
1761524 22.5224 3.34805 32.1302 5.84738 -17.799 2.84438 63.848
1761534 23.0996 4.14658 31.7967 6.041 -17.1735 2.44104 65.0839
1761552 23.85 5.4069 31.3924 6.26367 -16.2793 1.88285 66.913
1761554 23.85 5.4069 31.3924 6.26367 -16.2793 1.88285 66.913
1761586 24.4177 6.5133 30.8971 6.44761 -15.5084 1.40909 68.2757
1761588 24.7544 7.16752 30.038 6.64123 -14.9355 1.04023 68.6012
1761595 25.1873 8.38936 28.8252 6.709 -14.0767 0.424865 69.1109
1761622 25.1873 8.38936 28.8252 6.709 -14.0767 0.424865 69.1109
1761623 25.5433 9.73628 27.3597 6.79613 -13.0951 -0.242763 69.4354
1761628 25.8512 11.0447 25.6213 6.85421 -12.0992 -0.955806 69.3714
1761637 25.8512 11.0447 25.6213 6.85421 -12.0992 -0.955806 69.3714
1761657 25.9859 12.1415 23.5696 6.71868 -11.2165 -1.71871 68.4156
1761657 25.9859 12.1415 23.5696 6.71868 -11.2165 -1.71871 68.4156
1761667 26.0628 12.9208 21.437 6.56378 -10.4559 -2.45942 66.9844
1761692 26.0917 13.6423 19.3246 6.3508 -9.71694 -3.22399 65.4094
1761693 26.0917 13.6423 19.3246 6.3508 -9.71694 -3.22399 65.4094
1761698 26.0436 14.2484 17.4245 6.27335 -8.96481 -3.88988 63.9899
1761732 26.034 14.8257 15.9577 6.50569 -8.1567 -4.3577 63.3231
1761734 26.034 14.8257 15.9577 6.50569 -8.1567 -4.3577 63.3231
1761736 26.1783 15.5569 15.0369 7.75456 -6.93657 -4.40369 64.5266
1761738 26.1783 15.5569 15.0369 7.75456 -6.93657 -4.40369 64.5266
1761748 26.3707 16.2303 14.8649 10.2716 -5.43775 -3.86739 67.7375
1761768 26.592 16.7114 14.9155 12.8565 -4.19962 -3.2778 71.0753
1761770 26.592 16.7114 14.9155 12.8565 -4.19962 -3.2778 71.0753
1761779 26.438 16.9904 14.2071 14.2506 -3.27053 -3.12384 71.8861
1761806 25.7742 17.0861 13.4381 14.8605 -2.55264 -3.06955 71.1589
1761808 25.7742 17.0861 13.4381 14.8605 -2.55264 -3.06955 71.1589
1761811 24.9372 17.0191 12.6893 15.2961 -1.89844 -2.99626 69.9417
1761819 24.9372 17.0191 12.6893 15.2961 -1.89844 -2.99626 69.9417
1761844 23.6576 16.7499 12.2137 15.9932 -1.1398 -2.66722 68.6143
1761847 22.2434 16.3939 11.9 16.9032 -0.313713 -2.18728 67.4404
1761856 22.2434 16.3939 11.9 16.9032 -0.313713 -2.18728 67.4404
1761882 20.6271 16.0187 11.6571 18.0806 0.683555 -1.56093 66.3835
1761883 18.8761 15.4414 11.6875 19.5857 1.7013 -0.696201 65.5907
1761885 18.8761 15.4414 11.6875 19.5857 1.7013 -0.696201 65.5907
1761892 17 14.9508 11.7381 21.4671 2.94668 0.288786 65.1559
1761918 15.1154 14.9508 12.153 23.6186 4.29123 1.29988 65.8378
1761920 15.1154 14.4312 12.153 23.6186 4.12652 1.42953 65.3182
1761922 13.1342 14.1138 12.5375 25.9149 5.46305 2.55808 65.7003
1761956 11.1143 13.6904 13.003 28.2304 6.7399 3.73164 66.0381
1761957 9.24901 13.4884 13.4077 30.2565 7.93963 4.72733 66.4017
1761962 9.24901 13.4884 13.4077 30.2565 7.93963 4.72733 66.4017
1761999 7.23877 13.1902 13.6 31.945 9.2068 5.71045 65.9739
1762000 7.23877 13.1902 13.9137 31.945 9.04492 5.75441 66.2876
1762003 5.32518 13.0747 13.9137 33.4018 10.362 6.60019 65.7154
1762032 3.8755 13.1036 14.3185 34 11.0684 7.19921 65.2975
1762034 2.75441 13.2575 14.5512 34 11.5979 7.55988 64.5631
1762035 2.23252 13.575 14.6827 34 11.8854 7.64656 64.4902
1762048 2.23252 13.575 14.6827 34 11.8854 7.64656 64.4902
1762069 2.0199 13.8251 14.5411 34 12.1393 7.61719 64.3861
1762070 2.0199 13.8251 14.5411 34 12.1393 7.61719 64.3861
1762078 2.06822 14.21 14.4196 34 12.2578 7.4519 64.6978
1762084 2.24218 14.5371 14.1667 33.5851 12.2861 7.19945 64.5311
1762105 2.24218 14.5371 14.1667 33.5851 12.2861 7.19945 64.5311
1762107 2.4548 14.8834 13.9643 32.9387 12.2208 6.90323 64.2412
1762114 2.59977 15.2779 13.681 32.3405 12.2606 6.60662 63.8991
1762142 2.59977 15.2779 13.681 32.3405 12.2606 6.60662 63.8991
1762144 2.85105 15.7108 13.4482 31.7423 12.2167 6.26534 63.7524
1762146 2.85105 15.7108 13.4482 31.7423 12.2167 6.26534 63.7524
1762155 3.00569 16.3939 13.0131 31.0863 12.3866 5.83469 63.4989
1762178 3.31495 17.2774 12.6185 30.3627 12.4685 5.28256 63.5735
1762181 3.31495 17.2774 12.6185 30.3627 12.4685 5.28256 63.5735
1762185 3.61455 18.3393 12.1125 29.5715 12.6433 4.65056 63.6379
1762215 4.0108 19.7169 11.5054 28.8286 12.8897 3.88834 64.0617
1762217 4.0108 19.7169 11.5054 28.8286 12.8897 3.88834 64.0617
1762222 4.4747 21.2476 10.9387 27.941 13.0705 3.05502 64.602
1762230 4.91927 22.8548 10.2304 27.0437 13.3551 2.19068 65.0481
1762252 4.91927 22.8548 10.2304 27.0437 13.3551 2.19068 65.0481
1762254 5.38317 24.3568 9.7244 26.1657 13.4904 1.40564 65.6301
1762259 5.38317 24.3568 9.7244 26.1657 13.4904 1.40564 65.6301
