67831 0.9278 11.9587 14.4298 34 12.4768 8.69507 61.3162
67837 1.75895 12.5744 14.531 34 12.0436 8.15985 62.8643
67845 1.75895 12.5744 14.531 34 12.0436 8.15985 62.8643
67855 2.90904 13.2286 14.6827 34 11.4304 7.53121 64.8204
67870 3.74986 13.7674 14.6726 34 11.0836 7.06045 66.1899
67876 3.74986 13.7674 14.6726 34 11.0836 7.06045 66.1899
67885 4.62933 14.489 14.2982 34 10.9622 6.49246 67.4165
67900 4.62933 14.489 14.2982 34 10.9622 6.49246 67.4165
67906 5.90506 15.3452 14.1363 32.3695 10.2106 5.59112 67.7561
67916 7.36441 16.3073 13.7821 30.5846 9.45984 4.56249 68.0384
67931 7.36441 16.3073 13.7821 30.5846 9.45984 4.56249 68.0384
67937 8.85276 17.3827 13.3673 28.6453 8.72112 3.4676 68.248
67950 10.1865 18.3489 12.9524 26.7253 8.03928 2.45019 68.2131
67968 11.1626 19.2864 12.4161 24.651 7.53848 1.47032 67.5161
67977 11.1626 19.2864 12.4161 24.651 7.53848 1.47032 67.5161
67990 11.9648 20.0039 12.7298 22.7792 6.70171 0.786992 67.4777
67997 12.6026 20.6258 14.6119 21.5153 5.38045 0.62695 69.3556
68011 12.6026 20.6258 14.6119 21.5153 5.38045 0.62695 69.3556
68023 12.9505 20.9893 16.7673 20.3575 4.09101 0.672267 71.0647
68031 13.0569 21.1041 17.3032 18.4762 3.29574 0.347099 69.9403
68039 13.0569 21.1041 17.3032 18.4762 3.29574 0.347099 69.9403
68049 13.1148 20.9606 16.8482 16.2158 2.68597 -0.225962 67.1395
68059 13.1148 20.9606 16.8482 16.2158 2.68597 -0.225962 67.1395
68069 13.1922 20.7023 17.1516 14.512 1.85732 -0.51044 65.558
68087 13.0375 20.3101 18.6373 13.4083 0.781244 -0.298643 65.3932
68096 13.0375 20.3101 18.6373 13.4083 0.781244 -0.298643 65.3932
68105 12.9215 19.7648 20.6992 12.8081 -0.395752 0.186031 66.1936
68111 12.4963 19.1716 23.1046 12.6726 -1.39252 0.913909 67.4451
68130 12.158 18.3872 25.3383 12.4789 -2.42466 1.59561 68.3624
68145 12.158 18.3872 25.3383 12.4789 -2.42466 1.59561 68.3624
68151 11.8391 17.3827 27.2182 11.9949 -3.53612 2.18996 68.4348
68161 11.5105 16.1341 28.9667 11.5689 -4.68398 2.83608 68.1803
68188 11.2882 14.4505 30.5838 10.8235 -6.17986 3.50026 67.146
68191 11.0466 12.6129 32.393 10.2329 -7.76709 4.29198 66.2854
68202 11.0466 12.6129 32.393 10.2329 -7.76709 4.29198 66.2854
68211 10.9983 10.6695 34 9.74886 -9.39361 5.06318 65.4167
68226 10.9983 10.6695 34 9.74886 -9.39361 5.06318 65.4167
68233 11.2302 8.90889 34 9.44875 -10.5651 5.4986 63.5879
68244 11.4429 6.96548 34 9.35194 -11.7897 6.05816 61.7603
68265 11.7328 5.176 34 9.31321 -12.9702 6.57677 60.222
68272 12.0517 3.82909 34 9.47779 -13.7911 6.97379 59.3586
68287 12.0517 3.82909 34 9.47779 -13.7911 6.97379 59.3586
68294 12.4383 2.79966 34 9.51651 -14.5189 7.2195 58.7545
68302 12.4383 2.79966 34 9.51651 -14.5189 7.2195 58.7545
68318 12.8249 1.88568 34 9.60364 -15.1488 7.43208 58.3142
68324 13.1052 1.47199 34 9.44875 -15.5898 7.46346 58.0259
68334 13.1052 1.47199 34 9.44875 -15.5898 7.46346 58.0259
68345 13.3371 1.32767 34 9.19704 -15.9053 7.39665 57.8618
68355 13.3661 1.24109 34 8.92597 -16.1642 7.38324 57.5332
68364 13.3661 1.24109 34 8.92597 -16.1642 7.38324 57.5332
68375 13.4144 1.26033 34 8.78075 -16.2619 7.33767 57.4555
68384 13.4144 1.26033 34 8.78075 -16.2619 7.33767 57.4555
68402 13.2405 1.24109 34 8.53872 -16.4243 7.38084 57.0203
68407 13.2405 1.31805 34 8.38383 -16.481 7.32986 56.9424
68424 13.2405 1.31805 34 8.38383 -16.481 7.32986 56.9424
68427 13.4144 1.25071 34 8.1902 -16.6974 7.26186 56.8554
68435 13.5304 1.33729 34 8.16116 -16.6722 7.17885 57.0289
68456 13.5304 1.33729 34 8.16116 -16.6722 7.17885 57.0289
68458 13.8107 1.32767 34 8.11276 -16.7552 7.06739 57.2511
68478 14.0233 1.37578 34 8.1418 -16.7297 6.9714 57.5409
68486 14.4582 1.50085 34 8.16116 -16.6879 6.76239 58.1202
68496 14.4582 1.50085 34 8.16116 -16.6879 6.76239 58.1202
68506 14.9028 1.98189 34 8.50968 -16.1679 6.47158 59.3944
68518 15.4247 2.85739 34 8.97437 -15.3424 6.04646 61.2564
68526 15.4247 2.85739 34 8.97437 -15.3424 6.04646 61.2564
68541 16.1012 4.34861 34 9.27449 -14.3109 5.37268 63.7243
68547 16.1012 4.34861 34 9.27449 -14.3109 5.37268 63.7243
68560 16.6714 5.83022 34 9.47779 -13.3994 4.7688 65.9794
68571 17.3463 7.485 34 9.61333 -12.5094 4.11617 68.4447
68580 17.3463 7.485 34 9.61333 -12.5094 4.11617 68.4447
68587 18.0679 9.08206 32.8478 9.40034 -11.6838 3.26338 69.3981
68603 18.7702 10.5252 29.1284 8.86788 -10.5903 1.93951 67.2917
68607 18.7702 10.5252 29.1284 8.86788 -10.5903 1.93951 67.2917
68617 19.588 11.8048 25.1564 8.54841 -9.36718 0.53274 65.0975
68627 19.588 11.8048 25.1564 8.54841 -9.36718 0.53274 65.0975
68642 20.3962 12.863 22.0434 9.95216 -7.51836 -0.290469 65.2548
68650 21.1177 13.7385 19.8502 13.205 -5.16273 -0.397812 67.9114
68657 21.1177 13.7385 19.8502 13.205 -5.16273 -0.397812 67.9114
68672 21.3967 14.5852 17.849 15.6543 -3.24033 -0.535057 69.4852
68679 21.4448 15.2875 15.9679 17.0193 -1.83087 -0.805764 69.7195
68692 21.4448 15.2875 15.9679 17.0193 -1.83087 -0.805764 69.7195
68699 21.0119 15.7012 14.9964 18.1867 -0.758412 -0.757536 69.8962
68709 21.0119 15.7012 14.9964 18.1867 -0.758412 -0.757536 69.8962
68724 20.1556 15.8744 14.622 19.9137 0.35798 -0.317625 70.5658
68730 18.9338 15.9128 14.45 21.8048 1.52382 0.297069 71.1014
68740 18.9338 15.9128 14.45 21.8048 1.52382 0.297069 71.1014
68750 17.4426 15.884 14.0655 23.2616 2.70247 0.849332 70.6537
68760 15.618 15.6723 13.4887 24.7378 4.06501 1.49666 69.5168
68779 15.618 15.6723 13.4887 24.7378 4.06501 1.49666 69.5168
68785 13.5787 15.3741 13.0131 26.3297 5.53182 2.28199 68.2957
68804 11.3559 15.0277 12.6893 27.941 7.05956 3.18889 67.0139
68812 9.32632 14.7487 12.5881 29.6005 8.46421 4.10033 66.2636
68831 9.32632 14.7487 12.5881 29.6005 8.46421 4.10033 66.2636
68832 7.43206 14.5467 12.4363 31.1442 9.847 4.94249 65.5592
68844 5.51848 14.4793 12.6083 32.601 11.1006 5.79956 65.2072
68869 4.08812 14.4697 12.8714 33.7877 11.9976 6.46334 65.217
68872 4.08812 14.4697 12.8714 33.7877 11.9976 6.46334 65.217
68882 3.12166 14.5756 13.0536 34 12.5096 6.80062 64.7508
68892 2.20352 14.5756 13.0131 34 13.0733 7.10918 63.7922
68919 1.66231 14.7968 12.8917 34 13.5132 7.20572 63.3508
68924 1.556 14.9508 12.578 34 13.7976 7.1502 63.0847
68934 1.556 14.9508 12.578 34 13.7976 7.1502 63.0847
68944 1.56566 15.1432 12.3452 33.4501 13.872 6.98029 62.5041
68959 1.64298 15.326 12.1125 32.9001 13.9036 6.78677 61.9816
68965 1.64298 15.326 12.1125 32.9001 13.9036 6.78677 61.9816
68976 1.6913 15.5665 11.8393 32.4274 14.0039 6.58491 61.5244
68985 1.6913 15.5665 11.8393 32.4274 14.0039 6.58491 61.5244
68999 1.76862 15.8647 11.7583 32.1379 14.0078 6.4025 61.5296
69009 1.83627 16.3843 11.5054 31.9546 14.1849 6.13794 61.6805
69021 1.83627 16.3843 11.5054 31.9546 14.1849 6.13794 61.6805
69027 2.04889 17.0957 11.3738 32.0125 14.2671 5.81515 62.5309
69036 2.13587 17.6792 11.2625 31.8774 14.3588 5.55749 62.955
69046 2.13587 17.6792 11.2625 31.8774 14.3588 5.55749 62.955
69061 2.53212 18.502 10.9488 31.5011 14.3824 5.06014 63.484
69079 3.51791 19.6882 10.6149 30.9222 14.0855 4.247 64.7433
69089 4.94827 21.1232 10.3923 30.2469 13.5022 3.27556 66.7106
69097 4.94827 21.1232 10.3923 30.2469 13.5022 3.27556 66.7106
69111 6.13701 22.5391 10.0583 29.0988 13.0624 2.31766 67.8332
69117 7.27743 23.7254 9.73452 27.5068 12.536 1.37122 68.2441
69127 7.27743 23.7254 9.73452 27.5068 12.536 1.37122 68.2441
69142 8.8141 25.0743 9.21845 25.8087 11.9169 0.24787 68.9156
69157 8.8141 25.0743 9.21845 25.8087 11.9169 0.24787 68.9156
69161 10.3604 26.2797 8.88452 23.8309 11.1259 -0.848827 69.3555
69170 11.7231 27.3225 8.30774 21.7662 10.51 -1.94699 69.1195
69180 11.7231 27.3225 8.30774 21.7662 10.51 -1.94699 69.1195
69189 12.8056 28.2409 7.68036 19.5085 9.98876 -3.04627 68.2353
69207 13.6464 28.834 7.21488 17.4824 9.47306 -3.97076 67.1777
69209 13.6464 28.834 7.21488 17.4824 9.47306 -3.97076 67.1777
69223 14.2746 29.2836 6.95179 15.6446 8.957 -4.7529 66.1546
69230 14.2746 29.2836 6.95179 15.6446 8.957 -4.7529 66.1546
69240 14.8835 29.5132 7.36667 14.2215 8.13998 -5.18494 65.9849
69250 15.473 29.5993 9.27917 13.4664 6.75101 -4.93824 67.8179
69276 15.9079 29.5993 11.9607 13.1179 5.25906 -4.34123 70.5858
69281 16.1109 29.0062 13.7518 12.6629 4.12629 -3.92184 71.5317
69293 16.1109 29.0062 13.7518 12.6629 4.12629 -3.92184 71.5317
69301 16.2365 28.2026 14.8952 11.9174 3.15371 -3.71073 71.2517
69314 16.1495 27.0642 16.0083 11.2591 2.18691 -3.39372 70.4811
69322 16.1495 27.0642 16.0083 11.2591 2.18691 -3.39372 70.4811
69335 16.0819 25.6292 17.4346 10.6976 1.00593 -2.91628 69.8432
69342 16.0819 25.6292 17.4346 10.6976 1.00593 -2.91628 69.8432
69358 15.9562 23.8115 18.9507 10.1264 -0.351869 -2.32929 68.8448
69367 15.6953 21.8312 20.6891 9.63269 -1.81305 -1.59283 67.8482
69382 15.4343 19.583 22.7105 9.168 -3.51061 -0.703829 66.8958
69397 15.1637 17.1722 24.9845 8.84852 -5.33768 0.339389 66.169
69405 15.1637 17.1722 24.9845 8.84852 -5.33768 0.339389 66.169
69412 14.8835 14.6333 27.39 8.51936 -7.30627 1.46562 65.4261
69422 14.8835 14.6333 27.39 8.51936 -7.30627 1.46562 65.4261
69437 14.8061 12.0838 29.9673 8.26765 -9.37508 2.61307 65.1248
69444 14.6708 9.38031 32.5648 7.9385 -11.5859 3.82286 64.5544
69452 14.6708 9.38031 32.5648 7.9385 -11.5859 3.82286 64.5544
69467 14.7868 6.63837 34 7.77392 -13.5977 4.82967 63.1991
69485 14.9028 4.50255 34 7.82232 -14.9352 5.49188 61.2277
69496 15.27 3.04018 34 8.05467 -15.8102 5.90023 60.3649
69509 15.27 3.04018 34 8.05467 -15.8102 5.90023 60.3649
69519 15.5986 2.24165 34 8.24829 -16.2713 6.09301 60.0886
69527 16.0142 1.8953 34 8.37415 -16.4824 6.08738 60.2837
69540 16.0142 1.8953 34 8.37415 -16.4824 6.08738 60.2837
69545 16.4491 1.83758 34 8.17084 -16.7228 5.92585 60.4575
69564 16.4491 1.83758 34 8.17084 -16.7228 5.92585 60.4575
69567 16.797 1.91454 34 7.9869 -16.8437 5.75187 60.6985
69575 17.1539 2.04924 34 7.6287 -17.0453 5.52972 60.8319
69586 17.1539 2.04924 34 7.6287 -17.0453 5.52972 60.8319
69596 17.3848 2.06848 34 7.30923 -17.2833 5.39541 60.7625
69607 17.5965 2.15507 34 6.98975 -17.4723 5.24475 60.7413
69616 17.5965 2.15507 34 6.98975 -17.4723 5.24475 60.7413
69630 17.9621 2.32824 34 6.74772 -17.5653 5.02737 61.038
69641 18.3662 2.39559 34 6.61219 -17.6616 4.85152 61.3739
69653 18.3662 2.39559 34 6.61219 -17.6616 4.85152 61.3739
69660 18.7991 2.49179 34 6.46697 -17.7469 4.65757 61.7579
69671 18.7991 2.49179 34 6.46697 -17.7469 4.65757 61.7579
69679 19.386 2.59762 34 6.33144 -17.8356 4.41655 62.315
69687 20.1845 3.24222 34 6.53474 -17.3571 4.01211 63.9614
69700 20.1845 3.24222 34 6.53474 -17.3571 4.01211 63.9614
69707 21.137 4.25241 34 6.56378 -16.8001 3.45118 65.9531
69717 22.0702 4.25241 33.7271 6.56378 -16.8814 3.14538 66.6135
69729 22.0702 5.0798 33.7271 6.71868 -16.2728 2.95044 67.5958
69739 22.8879 5.78212 33.0398 6.64123 -15.9121 2.41642 68.3511
69749 22.8879 5.78212 33.0398 6.64123 -15.9121 2.41642 68.3511
69759 23.6191 6.69609 32.019 6.709 -15.2922 1.82772 69.0432
69774 24.2156 7.92756 30.7051 6.67027 -14.5008 1.12895 69.5186
69784 24.2156 7.92756 30.7051 6.67027 -14.5008 1.12895 69.5186
69790 24.7544 9.19751 29.0071 6.53474 -13.6808 0.34319 69.4938
69800 25.2066 10.2462 27.0565 6.30239 -12.9755 -0.456436 68.8116
69810 25.2066 10.2462 27.0565 6.30239 -12.9755 -0.456436 68.8116
69821 25.7068 11.189 25.0351 6.041 -12.3256 -1.28431 67.9719
69830 25.7068 11.189 25.0351 6.041 -12.3256 -1.28431 67.9719
69845 26.0147 11.9202 22.8823 5.69248 -11.7593 -2.11101 66.5097
69851 26.3514 12.6514 20.9316 5.60535 -11.072 -2.85304 65.5398
69860 26.3514 12.6514 20.9316 5.60535 -11.072 -2.85304 65.5398
69875 26.7459 13.3922 19.5672 6.27335 -10.097 -3.2505 65.9786
69881 26.996 14.0175 18.415 7.65774 -8.84522 -3.34066 67.0863
69910 27.1307 14.6044 17.4851 9.14863 -7.62877 -3.31321 68.3689
69919 27.1307 14.6044 17.4851 9.14863 -7.62877 -3.31321 68.3689
69921 27.0538 15.2009 16.4232 10.3491 -6.49274 -3.36442 69.027
69931 26.717 15.605 15.2393 11.3172 -5.45676 -3.43333 68.8785
69945 26.717 15.605 15.2393 11.3172 -5.45676 -3.43333 68.8785
69954 26.0436 15.9417 14.2173 12.1691 -4.44263 -3.42223 68.3717
69964 25.2932 16.0956 13.5494 13.4374 -3.40383 -3.15947 68.3756
69972 25.2932 16.0956 13.5494 13.4374 -3.40383 -3.15947 68.3756
69986 24.1579 16.2303 13.1244 14.6475 -2.34905 -2.77648 68.1601
69992 24.1579 16.2303 13.1244 14.6475 -2.34905 -2.77648 68.1601
70011 22.9168 16.3073 12.75 16.0125 -1.23075 -2.30816 67.9866
70014 21.3198 16.5093 12.497 17.521 0.0786901 -1.72691 67.8471
70022 21.3198 16.5093 12.497 17.521 0.0786901 -1.72691 67.8471
70035 19.5014 16.7883 12.2339 19.1612 1.55655 -1.08473 67.6849
70042 17.4329 16.9904 11.8696 20.8785 3.18824 -0.374071 67.1715
70059 17.4329 16.9904 11.8696 20.8785 3.18824 -0.374071 67.1715
70064 15.1154 17.3253 11.4851 22.7696 5.05819 0.40798 66.6954
70072 15.1154 17.3253 11.4851 22.7696 5.05819 0.40798 66.6954
70087 12.8539 17.6505 11.3637 24.6317 6.79123 1.23856 66.4998
70094 10.5827 17.8993 11.3232 26.4455 8.4674 2.10264 66.2507
70106 10.5827 17.8993 11.3232 26.4455 8.4674 2.10264 66.2507
70114 8.63047 18.1289 11.3333 27.9892 9.89465 2.85174 66.0819
70131 6.74588 18.3298 11.4446 29.3014 11.182 3.57109 65.8217
70137 6.74588 18.3298 11.4446 29.3014 11.182 3.57109 65.8217
70146 5.28653 18.5307 11.6976 30.4012 12.1168 4.16022 65.9161
70165 4.26208 18.7603 11.9911 31.2117 12.7289 4.57087 66.2251
70181 3.67254 18.9994 12.2339 31.4818 13.02 4.75475 66.3877
70185 3.67254 18.9994 12.2339 31.4818 13.02 4.75475 66.3877
70205 3.26663 19.1525 12.1935 31.2406 13.2617 4.78677 65.8532
70220 3.25696 19.1334 11.981 30.71 13.2932 4.6789 65.0813
70229 3.28596 19.0951 11.7077 30.0829 13.3175 4.53694 64.1717
70238 3.28596 19.0951 11.7077 30.0829 13.3175 4.53694 64.1717
70247 3.27629 18.942 11.5661 29.3785 13.2507 4.44714 63.1629
70266 3.30529 18.942 11.222 28.7225 13.3206 4.26837 62.1918
70275 3.30529 18.942 11.222 28.7225 13.3206 4.26837 62.1918
70288 3.28596 18.9899 11.0095 28.2883 13.3916 4.14674 61.5737
70294 3.37294 19.229 10.9893 28.0857 13.3569 4.00628 61.677
70303 3.37294 19.229 10.9893 28.0857 13.3569 4.00628 61.677
70314 3.45992 19.4204 10.8679 27.9796 13.3944 3.88006 61.7277
70321 3.48891 19.7074 10.7768 27.8927 13.4704 3.75165 61.8658
70331 3.48891 19.7074 10.7768 27.8927 13.4704 3.75165 61.8658
70341 3.61455 20.157 10.6554 27.8734 13.5475 3.55309 62.3004
70364 4.72598 20.9223 10.4429 27.6998 13.1105 2.93795 63.791
70370 6.11768 21.8599 10.5643 27.4586 12.3622 2.28301 66.0004
70388 6.11768 21.8599 10.5643 27.4586 12.3622 2.28301 66.0004
70391 6.98749 22.6061 10.4833 26.8893 11.9555 1.74247 66.9662
70400 7.85731 21.0084 10.2607 25.9245 11.074 1.68779 65.051
70415 7.85731 23.4575 10.2607 25.9245 11.5793 1.08232 67.5
70421 9.12337 24.4429 10.0887 24.6896 10.9447 0.266005 68.3445
70430 9.12337 24.4429 10.0887 24.6896 10.9447 0.266005 68.3445
70445 10.6987 25.2561 9.9369 23.223 10.0715 -0.606556 69.1147
70452 12.0131 26.031 9.69405 21.5539 9.33649 -1.47118 69.292
70462 12.0131 26.031 9.69405 21.5539 9.33649 -1.47118 69.292
70471 13.1632 26.6815 9.26905 19.8076 8.72622 -2.34354 68.9213
70489 13.1632 26.6815 9.26905 19.8076 8.72622 -2.34354 68.9213
70491 13.9363 27.1598 8.76309 18.0613 8.28972 -3.15187 67.9205
70501 14.4969 27.5616 8.30774 16.4385 7.93189 -3.88721 66.8047
70513 14.4969 27.5616 8.30774 16.4385 7.93189 -3.88721 66.8047
70526 14.8738 27.7434 7.97381 15.0154 7.58736 -4.48767 65.6064
70538 15.1057 27.8104 8.11548 13.8924 7.1166 -4.83063 64.9239
70542 15.1057 27.8104 8.11548 13.8924 7.1166 -4.83063 64.9239
70552 15.299 27.8486 9.71429 13.2728 6.08912 -4.57262 66.1347
70563 15.299 27.8486 13.5393 13.2728 4.38934 -3.5025 69.9597
70578 15.4827 27.6477 13.5393 13.4858 4.31597 -3.4435 70.1554
70588 15.473 27.1694 16.8988 13.4567 2.8269 -2.52477 72.9979
70594 15.473 27.1694 16.8988 13.4567 2.8269 -2.52477 72.9979
70604 15.27 26.184 17.8389 12.5467 1.95637 -2.31108 71.8396
70614 15.0961 25.0169 18.5868 11.6754 1.06906 -2.09962 70.3752
70624 15.0961 25.0169 18.5868 11.6754 1.06906 -2.09962 70.3752
70644 14.8835 23.4862 20.113 10.9977 -0.184397 -1.56713 69.4804
70646 14.5452 21.7355 22.003 10.6395 -1.51369 -0.791797 68.9232
70655 14.5452 21.7355 22.003 10.6395 -1.51369 -0.791797 68.9232
70667 14.2359 19.6308 23.6908 10.2039 -2.98549 0.00618696 67.7615
70692 13.83 17.5644 25.692 9.80695 -4.54105 0.920389 66.8934
70695 13.6271 15.1336 28.1581 9.5746 -6.42058 2.02399 66.4934
70705 13.6271 15.1336 28.1581 9.5746 -6.42058 2.02399 66.4934
70720 13.4628 12.6033 30.6849 9.25513 -8.44212 3.15289 66.0061
70726 13.3371 9.89021 33.3633 8.93565 -10.6349 4.36579 65.5262
70743 13.3371 9.89021 33.3633 8.93565 -10.6349 4.36579 65.5262
70746 13.3371 7.0232 34 8.76139 -12.4967 5.3233 63.1217
70756 13.3371 7.0232 34 8.76139 -12.4967 5.3233 63.1217
70770 13.3854 4.58913 34 8.78075 -13.9969 6.12444 60.7553
70776 13.772 2.78042 34 8.89692 -15.1787 6.64712 59.4494
70796 13.772 2.78042 34 8.89692 -15.1787 6.64712 59.4494
70797 14.1973 1.78947 34 8.99374 -15.8587 6.86846 58.9805
70808 14.6418 1.48161 34 9.00342 -16.1335 6.81923 59.1269
70821 14.6418 1.48161 34 9.00342 -16.1335 6.81923 59.1269
70827 15.1444 1.52009 34 8.76139 -16.3493 6.58726 59.4259
70837 15.1444 1.52009 34 8.76139 -16.3493 6.58726 59.4259
70852 15.647 1.49123 34 8.31606 -16.7522 6.35225 59.4542
70859 16.0335 1.55857 34 7.89009 -17.0576 6.12737 59.4822
70873 16.0335 1.55857 34 7.89009 -17.0576 6.12737 59.4822
70879 16.3428 1.69327 34 7.43508 -17.3254 5.90177 59.4712
70889 16.6327 1.73175 34 7.25114 -17.466 5.75855 59.6156
70900 16.6327 1.73175 34 7.25114 -17.466 5.75855 59.6156
70914 16.8164 1.80872 34 6.98007 -17.6275 5.62577 59.6052
70925 16.8164 1.80872 34 6.98007 -17.6275 5.62577 59.6052
70930 17 1.75099 34 6.87358 -17.7676 5.56547 59.6246
70953 17.1924 1.82796 34 6.82517 -17.7705 5.46527 59.8455
70955 17.1924 1.82796 34 6.82517 -17.7705 5.46527 59.8455
70960 17.3752 1.8953 34 6.81549 -17.7514 5.37853 60.086
70978 17.5195 1.8953 34 6.80581 -17.7756 5.32815 60.2206
70980 17.5195 1.8953 34 6.80581 -17.7756 5.32815 60.2206
70990 17.635 1.90492 34 6.78645 -17.7964 5.2829 60.3263
71019 17.8081 2.05886 34 6.92198 -17.6131 5.19543 60.789
71030 18.2315 2.70345 34 7.21241 -17.0223 4.89422 62.1473
71036 18.2315 2.70345 34 7.21241 -17.0223 4.89422 62.1473
71044 18.5874 3.43463 34 7.52221 -16.3786 4.60312 63.5443
71055 18.953 3.95416 34 7.9385 -15.83 4.40229 64.8457
71062 18.953 3.95416 34 7.9385 -15.83 4.40229 64.8457
71072 19.1454 4.40634 34 8.25797 -15.3781 4.2637 65.8098
71086 19.1454 4.40634 34 8.25797 -15.3781 4.2637 65.8098
71092 19.2801 4.85852 34 8.5 -14.9769 4.13304 66.6387
71108 19.3282 5.36842 34 8.75171 -14.5326 4.0153 67.4484
71117 19.3282 5.36842 34 8.75171 -14.5326 4.0153 67.4484
71124 19.1743 6.02264 34 8.86788 -14.0615 3.89429 68.0648
71135 18.953 6.47482 34 8.88724 -13.7565 3.83358 68.3151
71148 18.953 6.47482 34 8.88724 -13.7565 3.83358 68.3151
71161 18.6452 6.84041 33.6361 8.68394 -13.5523 3.72414 67.8057
71164 18.6452 6.84041 33.6361 8.68394 -13.5523 3.72414 67.8057
71174 18.4046 7.23486 32.1201 8.71298 -13.0042 3.42854 66.4726
71186 18.4143 7.6678 30.7253 9.5746 -12.0127 3.21274 66.382
71195 18.4143 7.6678 30.7253 9.5746 -12.0127 3.21274 66.382
71214 18.549 8.14884 29.4114 11.0461 -10.7085 3.07342 67.1553
71216 18.6067 8.51443 27.8044 12.4886 -9.42237 2.93082 67.4141
71225 18.6067 8.51443 27.8044 12.4886 -9.42237 2.93082 67.4141
71239 18.7606 9.03396 25.5606 13.5438 -8.12547 2.53589 66.8991
71250 18.9338 9.71703 23.0844 14.5023 -6.71783 2.0236 66.2375
71267 18.9819 10.2269 20.8508 15.664 -5.30316 1.66743 65.7236
71276 18.9819 10.2269 20.8508 15.664 -5.30316 1.66743 65.7236
71293 18.9434 10.6984 19.1932 17.3377 -3.816 1.56163 66.1727
71296 18.7799 11.1409 17.9501 19.2384 -2.36578 1.62444 67.1092
71306 18.7799 11.1409 17.9501 19.2384 -2.36578 1.62444 67.1092
71321 18.4239 11.6508 17.3335 21.2741 -1.03101 1.86357 68.6824
71331 17.7697 11.9298 17 23.1555 0.112972 2.24523 69.855
71349 16.884 12.2281 16.575 24.8536 1.28388 2.61902 70.5407
71359 16.884 12.2281 16.575 24.8536 1.28388 2.61902 70.5407
71372 15.7726 12.3724 16.0589 26.2043 2.39502 3.0078 70.4082
71385 14.1876 12.4397 15.4113 27.5647 3.73743 3.52325 69.6033
71399 14.1876 12.4397 15.4113 27.5647 3.73743 3.52325 69.6033
71403 12.0807 12.4012 14.5917 28.9058 5.38201 4.19586 67.9794
71412 9.86754 12.4205 13.8732 30.3337 7.14845 4.94449 66.4949
71425 9.86754 12.4205 13.8732 30.3337 7.14845 4.94449 66.4949
71429 7.47072 12.2762 13.3167 31.7906 8.97374 5.86555 64.8541
71439 7.47072 12.2762 13.3167 31.7906 8.97374 5.86555 64.8541
71452 5.28653 12.3531 13.0435 33.2185 10.6577 6.71868 63.9016
71464 3.58556 12.5744 13.2256 34 11.739 7.35158 63.3856
71470 3.58556 12.5744 13.2256 34 11.739 7.35158 63.3856
71481 2.4548 12.9304 13.6202 34 12.2431 7.67435 63.0054
71490 1.62365 13.2286 13.7821 34 12.7018 7.8862 62.6344
71507 1.62365 13.2286 13.7821 34 12.7018 7.8862 62.6344
71512 1.27572 13.7193 13.8024 34 12.9946 7.83648 62.7974
71534 1.27572 13.7193 13.8024 34 12.9946 7.83648 62.7974
71536 1.2274 14.0272 13.6304 34 13.1866 7.72263 62.8849
71541 1.17908 14.3158 13.3268 34 13.4547 7.60054 62.8217
71551 1.17908 14.3158 13.3268 34 13.4547 7.60054 62.8217
71562 1.24673 14.5082 12.9929 34 13.6533 7.46749 62.7478
71590 1.31438 14.5659 12.6792 34 13.8158 7.3847 62.5595
71592 1.31438 14.5659 12.6792 34 13.8158 7.3847 62.5595
71597 1.32405 14.7391 12.4565 34 13.979 7.29211 62.5197
71605 1.32405 14.7391 12.4565 34 13.979 7.29211 62.5197
71619 1.38204 14.7776 12.244 33.9904 14.0806 7.23021 62.394
71622 1.41103 14.9508 12.1327 33.807 14.1305 7.12133 62.3016
71646 1.41103 14.9508 12.1327 33.807 14.1305 7.12133 62.3016
71648 1.50767 15.2009 11.9506 33.5948 14.1908 6.94818 62.254
71654 1.527 15.528 11.8696 33.7491 14.3124 6.83629 62.6738
71664 1.527 15.528 11.8696 33.7491 14.3124 6.83629 62.6738
71675 1.65264 16.1245 11.6673 33.7299 14.4578 6.55804 63.1743
71684 2.30017 16.1245 11.303 33.5176 14.2457 6.26037 63.2452
71704 2.30017 16.9615 11.303 33.5176 14.3862 5.98267 64.0823
71707 3.32462 18.0428 11.1512 33.2185 13.9896 5.24871 65.7371
71716 3.32462 18.0428 11.1512 33.2185 13.9896 5.24871 65.7371
71732 4.08812 19.229 11.0196 32.6493 13.7232 4.55731 66.9861
71735 4.84196 20.4057 10.5137 31.7037 13.6196 3.773 67.4651
71764 5.85674 21.7259 9.92679 30.0925 13.3261 2.75952 67.602
71765 5.85674 21.7259 9.92679 30.0925 13.3261 2.75952 67.602
71775 6.94883 23.1035 9.33988 28.3076 12.9699 1.68282 67.6999
71788 8.22456 24.5864 8.68214 26.4359 12.5556 0.509444 67.929
71800 8.22456 24.5864 8.68214 26.4359 12.5556 0.509444 67.929
71816 9.54861 25.9257 8.06488 24.4677 12.0502 -0.648859 68.0069
71818 10.66 27.045 7.55893 22.6249 11.5818 -1.66182 67.8888
71825 10.66 27.045 7.55893 22.6249 11.5818 -1.66182 67.8888
71846 11.5685 28.0687 7.12381 20.8785 11.1824 -2.58018 67.6395
71847 11.5685 28.0687 7.12381 20.8785 11.1824 -2.58018 67.6395
71856 12.216 28.7575 6.54702 19.2577 10.9512 -3.40728 66.7782
71875 12.6606 29.3793 6.30417 17.7236 10.6475 -4.08947 66.0677
71877 12.6606 29.3793 6.30417 17.7236 10.6475 -4.08947 66.0677
71886 12.9699 29.5515 6.60774 16.6612 10.1212 -4.38951 65.7903
71904 13.2308 29.8481 7.99405 16.1868 9.22171 -4.21457 67.2597
71907 13.2308 29.8481 7.99405 16.1868 9.22171 -4.21457 67.2597
71916 13.4144 29.8194 10.6857 16.1771 7.80933 -3.50323 70.0966
71932 13.4144 29.8194 10.6857 16.1771 7.80933 -3.50323 70.0966
71941 13.4724 29.2358 12.9018 15.8964 6.55813 -2.91794 71.5064
71947 13.4434 28.3078 14.0554 15.0735 5.60189 -2.67123 70.8801
71974 13.3758 27.045 14.6827 13.9117 4.67224 -2.57037 69.0153
71978 13.3468 25.3039 15.7554 12.75 3.33244 -2.26606 67.156
71992 13.3468 25.3039 15.7554 12.75 3.33244 -2.26606 67.156
71997 13.3758 23.2853 17.3639 11.8303 1.66121 -1.70076 65.8552
72024 13.5401 21.1711 19.5268 10.988 -0.347915 -0.965036 65.226
72029 13.7624 18.8655 22.2658 10.5137 -2.54136 0.0347579 65.4073
72039 13.7624 18.8655 22.2658 10.5137 -2.54136 0.0347579 65.4073
72054 14.1393 16.5382 25.0553 10.0877 -4.77385 1.01766 65.8205
72058 14.6225 14.1138 27.865 9.73918 -7.02234 2.0051 66.3405
72085 14.6225 14.1138 27.865 9.73918 -7.02234 2.0051 66.3405
72086 14.9801 11.7085 30.5838 9.54556 -9.09553 3.01732 66.818
72089 14.9801 11.7085 30.5838 9.54556 -9.09553 3.01732 66.818
72115 15.3667 9.14941 32.9792 9.29385 -11.1929 3.98799 66.7891
72117 15.676 6.77306 34 9.10991 -12.8865 4.72725 65.5589
72125 15.676 6.77306 34 9.10991 -12.8865 4.72725 65.5589
72146 16.1109 5.03169 34 9.10023 -14.0012 5.12688 64.2428
72148 16.4878 3.87719 34 9.12927 -14.7578 5.37788 63.4942
72154 16.4878 3.87719 34 9.12927 -14.7578 5.37788 63.4942
72160 16.884 3.09791 34 9.11959 -15.3192 5.5001 63.1015
72177 16.884 3.09791 34 9.11959 -15.3192 5.5001 63.1015
72181 17.1539 2.80928 34 8.90661 -15.6824 5.47402 62.8698
72191 17.4522 2.92473 34 8.60649 -15.8458 5.29415 62.9834
72209 17.4522 2.92473 34 8.60649 -15.8458 5.29415 62.9834
72211 17.6446 2.95359 34 8.23861 -16.0942 5.16586 62.8368
72241 17.6735 2.88625 34 8.01595 -16.2888 5.14327 62.5757
72242 17.6735 2.88625 34 8.01595 -16.2888 5.14327 62.5757
72245 17.7312 2.87663 34 7.90945 -16.3735 5.11098 62.5173
72254 17.7312 2.87663 34 7.90945 -16.3735 5.11098 62.5173
72270 17.6446 2.8189 34 7.91913 -16.3934 5.15904 62.3826
72273 17.6927 2.94397 34 7.94818 -16.2981 5.10783 62.5849
72282 17.6927 2.94397 34 7.94818 -16.2981 5.10783 62.5849
72301 17.6157 2.8189 34 8.05467 -16.2997 5.1897 62.4893
72304 17.7312 2.96321 34 8.25797 -16.0876 5.13807 62.9524
72314 17.7312 2.96321 34 8.25797 -16.0876 5.13807 62.9524
72333 18.0872 4.07923 34 8.68394 -15.1595 4.74575 64.8503
72336 18.4624 4.07923 34 8.68394 -15.2161 4.63216 65.2255
72346 18.4624 5.3107 34 9.05182 -14.2536 4.32745 66.8249
72363 18.8376 6.21505 34 9.3713 -13.6105 4.01585 68.4239
72365 18.8376 6.21505 34 9.3713 -13.6105 4.01585 68.4239
72375 19.0685 7.11941 34 9.7779 -12.9246 3.77113 69.9658
72394 19.3282 8.3605 33.3633 10.4459 -11.8483 3.38201 71.4979
72396 19.3282 8.3605 33.3633 10.4459 -11.8483 3.38201 71.4979
72410 19.5591 9.89983 32.3323 10.9784 -10.6546 2.85525 72.7697
72430 19.6072 11.1121 30.8264 11.2397 -9.64542 2.33842 72.7854
72431 19.6072 11.1121 30.8264 11.2397 -9.64542 2.33842 72.7854
72436 19.5207 11.9875 28.9162 11.2204 -8.80347 1.80649 71.6448
72446 19.5207 11.9875 28.9162 11.2204 -8.80347 1.80649 71.6448
72464 19.2801 12.5167 26.7735 10.9009 -8.14582 1.26906 69.4712
72472 19.03 12.8534 24.8329 11.1526 -7.31442 0.906631 67.869
72494 19.03 12.8534 24.8329 11.1526 -7.31442 0.906631 67.869
72496 18.9049 12.8823 23.3674 12.3337 -6.31825 0.869912 67.4883
72499 18.9049 12.8823 23.3674 12.3337 -6.31825 0.869912 67.4883
72507 18.7029 12.9015 21.9828 13.6794 -5.2421 0.904847 67.2666
72526 18.395 12.8053 20.4768 14.8411 -4.21892 0.928525 66.5183
72527 18.395 12.8053 20.4768 14.8411 -4.21892 0.928525 66.5183
72537 18.116 12.9015 18.9001 15.8673 -3.13419 0.855035 65.785
72557 17.7889 13.0747 17.6064 17.1254 -1.98002 0.884566 65.5955
72558 17.7889 13.0747 17.6064 17.1254 -1.98002 0.884566 65.5955
72567 17.481 13.1709 16.4536 18.6209 -0.81505 1.0093 65.7264
72588 16.8647 13.2383 15.6845 20.5795 0.47783 1.39249 66.3669
72590 16.8647 13.2383 15.6845 20.5795 0.47783 1.39249 66.3669
72599 16.3235 13.3152 15.3304 22.4994 1.54176 1.82109 67.4685
72621 16.3235 13.3152 15.3304 22.4994 1.54176 1.82109 67.4685
72622 15.6953 13.2479 15.128 24.1975 2.42502 2.2812 68.2686
72634 14.8738 13.1132 15.0167 25.7509 3.26291 2.7883 68.7545
72653 14.8738 13.1132 15.0167 25.7509 3.26291 2.7883 68.7545
72655 13.8397 12.8919 14.875 26.8507 4.02731 3.28544 68.4573
72661 12.6316 12.5359 14.7232 27.8156 4.79891 3.84851 67.7063
72684 12.6316 12.5359 14.7232 27.8156 4.79891 3.84851 67.7063
72686 11.1819 12.1222 14.45 28.7804 5.73788 4.4923 66.5345
72691 11.1819 12.1222 14.45 28.7804 5.73788 4.4923 66.5345
72701 9.43263 11.6989 14.197 29.9381 6.89762 5.28683 65.2667
72718 7.47072 11.3333 13.8327 31.2406 8.32474 6.16869 63.8774
72726 7.47072 11.3333 13.8327 31.2406 8.32474 6.16869 63.8774
72732 5.28653 10.987 13.681 32.7457 9.87447 7.21366 62.7002
72752 3.34395 10.8715 13.519 34 11.3423 8.09196 61.7345
72755 3.34395 10.8715 13.519 34 11.3423 8.09196 61.7345
72764 1.7203 10.7753 13.8125 34 12.1221 8.78411 60.3081
72786 1.7203 10.7753 13.8125 34 12.1221 8.78411 60.3081
72788 0.879477 10.9581 14.3286 34 12.3616 9.09755 60.1662
72797 0.531552 11.1505 14.7435 34 12.3605 9.20009 60.4255
72804 0.531552 11.1505 14.7435 34 12.3605 9.20009 60.4255
72821 0.57021 11.5354 14.8244 34 12.367 9.03959 60.93
72832 0.599204 11.7374 14.6929 34 12.4716 8.93574 61.0295
72834 0.599204 11.7374 14.6929 34 12.4716 8.93574 61.0295
72854 0.579875 11.9587 14.3083 34 12.7658 8.81798 60.8469
72856 0.579875 11.9587 14.3083 34 12.7658 8.81798 60.8469
72865 0.579875 12.0934 13.8429 34 13.0836 8.71741 60.5161
72887 0.560546 12.103 13.5292 34 13.2962 8.6885 60.1927
72894 0.560546 12.103 13.5292 34 13.2962 8.6885 60.1927
72895 0.541217 12.18 13.2964 34 13.472 8.64127 60.0176
72920 0.531552 12.3435 13.1244 34 13.6199 8.56241 59.9995
72922 0.531552 12.3435 13.1244 34 13.6199 8.56241 59.9995
72927 0.541217 12.5071 12.9524 34 13.7555 8.47593 60.0007
72936 0.57021 12.7476 12.7196 34 13.932 8.34525 60.0374
72955 0.57021 12.7476 12.7196 34 13.932 8.34525 60.0374
72957 0.985787 13.4788 12.3149 34 14.0583 7.86047 60.7794
72966 0.985787 13.4788 12.3149 34 14.0583 7.86047 60.7794
72987 1.93292 14.691 11.8595 34 13.9631 7.0184 62.4834
72989 3.53724 16.519 11.4244 33.6141 13.5078 5.75676 65.0947
73001 3.53724 16.519 11.4244 33.6141 13.5078 5.75676 65.0947
73020 5.13189 18.8464 10.9488 31.8195 12.9539 4.2227 66.7466
73022 7.04548 21.305 10.4024 29.5136 12.2208 2.54126 68.2665
73027 7.04548 21.305 10.4024 29.5136 12.2208 2.54126 68.2665
73052 9.38431 23.8115 9.83571 27.0919 11.2956 0.798279 70.1234
73053 9.38431 23.8115 9.83571 27.0919 11.2956 0.798279 70.1234
73062 11.4429 25.9162 9.20833 24.4291 10.4562 -0.786299 70.9964
73069 12.8539 27.466 8.54048 21.853 9.87246 -2.10562 70.7133
73086 12.8539 27.466 8.54048 21.853 9.87246 -2.10562 70.7133
73089 13.743 28.5661 7.96369 19.5182 9.44876 -3.1868 69.791
73099 14.2939 29.0158 7.67024 17.4824 8.95894 -3.97818 68.4623
73119 14.2939 29.0158 7.67024 17.4824 8.95894 -3.97818 68.4623
73120 14.4679 29.0253 8.47976 16.2546 8.183 -4.12419 68.2275
73134 14.4679 29.0253 8.47976 16.2546 8.183 -4.12419 68.2275
73153 14.4582 28.614 10.4631 15.6543 6.99056 -3.67572 69.1896
73155 14.3132 27.8678 12.3655 15.2768 5.89553 -3.12333 69.8232
73160 14.3132 27.8678 12.3655 15.2768 5.89553 -3.12333 69.8232
73186 13.946 26.7389 13.4179 14.4732 5.04851 -2.79846 68.576
73190 13.6367 25.323 14.1768 13.4277 4.10776 -2.55887 66.5642
73191 13.6367 25.323 14.1768 13.4277 4.10776 -2.55887 66.5642
73220 13.4628 23.821 15.2798 12.5177 2.91796 -2.18643 65.0812
73227 13.4821 22.0416 17.1718 11.8787 1.2646 -1.50367 64.5743
73236 13.5884 19.9178 19.7794 11.2204 -0.864108 -0.582834 64.5061
73254 13.5884 19.9178 19.7794 11.2204 -0.864108 -0.582834 64.5061
73256 13.7914 17.7079 22.6903 10.7847 -3.07388 0.45611 64.9743
73262 14.1006 15.3548 25.9447 10.4265 -5.41724 1.57591 65.8267
73289 14.1006 15.3548 25.9447 10.4265 -5.41724 1.57591 65.8267
73291 14.3229 13.017 29.3002 10.049 -7.70636 2.70119 66.6891
73294 14.5452 10.8138 32.2414 9.79727 -9.70935 3.71222 67.3977
73323 14.6902 8.58178 34 9.48747 -11.4669 4.54217 66.7594
73325 14.6902 8.58178 34 9.48747 -11.4669 4.54217 66.7594
73334 14.7385 6.41709 34 9.168 -12.8854 5.13321 64.3236
73357 14.8448 4.65648 34 9.20672 -13.9462 5.67043 62.708
73359 14.8448 4.65648 34 9.20672 -13.9462 5.67043 62.708
73365 14.8448 3.22298 34 9.26481 -14.8196 6.1624 61.3326
73391 14.7965 2.40521 34 9.38098 -15.2726 6.48188 60.5827
73395 14.7965 2.40521 34 9.38098 -15.2726 6.48188 60.5827
73396 14.7482 2.06848 34 9.43907 -15.4511 6.62736 60.2557
73424 14.7482 2.06848 34 9.43907 -15.4511 6.62736 60.2557
73427 14.6515 2.02037 34 9.32289 -15.5465 6.66333 59.9948
73429 14.5839 2.04924 34 9.07118 -15.6871 6.64226 59.7043
73440 14.5839 2.04924 34 9.07118 -15.6871 6.64226 59.7043
73459 14.4775 2.03962 34 8.8098 -15.8563 6.64773 59.327
73461 14.4775 2.03962 34 8.8098 -15.8563 6.64773 59.327
73470 14.3906 2.05886 34 8.58713 -15.9836 6.64107 59.0365
73476 14.3036 2.11658 34 8.50968 -15.984 6.64083 58.9298
73496 14.3036 2.11658 34 8.50968 -15.984 6.64083 58.9298
73504 14.3132 2.1262 34 8.43223 -16.0327 6.62274 58.8717
73529 14.3519 2.16469 34 8.44191 -16.005 6.59582 58.9585
73530 14.4872 2.21279 34 8.43223 -15.999 6.52746 59.1322
73536 14.4872 2.21279 34 8.43223 -15.999 6.52746 59.1322
73546 14.7192 2.28976 34 8.47096 -15.9543 6.42117 59.4799
73566 15.0091 2.79004 34 9.02278 -15.289 6.2207 60.8219
73568 15.0091 2.79004 34 9.02278 -15.289 6.2207 60.8219
73576 15.6566 4.05037 34 9.33257 -14.3853 5.62161 63.0396
73601 16.3815 5.60894 34 9.68109 -13.3587 4.95436 65.6715
73614 17 6.75382 34 9.94248 -12.6682 4.47336 67.6963
73637 17 6.75382 34 9.94248 -12.6682 4.47336 67.6963
73639 17.5772 7.98529 34 10.0683 -12.0362 3.98655 69.6309
73641 18.1449 9.2841 31.9887 10.0683 -11.0746 3.15777 69.486
73648 18.1449 9.2841 31.9887 10.0683 -11.0746 3.15777 69.486
73672 18.751 10.4963 29.5428 9.95216 -10.1267 2.23611 68.7423
73673 19.2994 11.5065 26.824 9.64237 -9.28114 1.26215 67.2723
73679 19.2994 11.5065 26.824 9.64237 -9.28114 1.26215 67.2723
73707 19.8189 12.3531 24.2366 9.38098 -8.48211 0.329586 65.7896
73709 20.2711 12.3531 22.1142 9.76822 -7.85341 -0.172504 64.5066
73711 20.2711 13.0266 22.1142 9.76822 -7.51396 -0.325707 65.1801
73742 20.6271 13.4788 21.0024 11.9077 -6.05934 -0.267633 67.016
73743 20.6271 13.4788 21.0024 11.9077 -6.05934 -0.267633 67.016
73744 20.8772 13.8059 20.3252 15.1315 -4.37161 0.165458 70.1398
73750 20.9253 13.9502 19.2539 17.1737 -3.17494 0.3265 71.303
73777 20.9253 13.9502 19.2539 17.1737 -3.17494 0.3265 71.303
73779 20.5982 14.1811 17.3032 17.5789 -2.20402 0.022139 69.6614
73781 20.1556 14.412 15.4417 17.6464 -1.30768 -0.32803 67.6557
73814 19.4341 14.614 14.4298 18.1771 -0.402342 -0.324343 66.6549
73816 19.4341 14.614 14.4298 18.1771 -0.402342 -0.324343 66.6549
73821 18.6259 14.5852 13.7821 19.0647 0.469971 -0.0827113 66.0579
73849 17.7312 14.6814 13.6101 20.3093 1.37543 0.340755 66.332
73851 17.7312 14.6814 13.6101 20.3093 1.37543 0.340755 66.332
73853 16.7197 14.5467 13.6 21.5829 2.18581 0.884083 66.4493
73862 15.3764 14.3639 13.6202 23.3195 3.25691 1.61957 66.68
73889 13.9363 14.2677 13.7012 25.2877 4.43421 2.4076 67.1929
73894 13.9363 14.2677 13.7012 25.2877 4.43421 2.4076 67.1929
73902 12.1291 14.0945 13.772 27.2753 5.74866 3.30538 67.2708
73923 10.2348 14.1426 13.7012 29.2435 7.22278 4.13696 67.3221
73931 10.2348 14.1426 13.7012 29.2435 7.22278 4.13696 67.3221
73940 8.22456 14.2484 13.519 30.9415 8.75733 4.92748 66.9336
73961 6.13701 14.133 13.4381 32.4467 10.2051 5.80791 66.1548
73963 6.13701 14.133 13.4381 32.4467 10.2051 5.80791 66.1548
73966 4.21376 14.1426 13.2155 33.7202 11.6529 6.56572 65.2921
73975 4.21376 14.1426 13.2155 33.7202 11.6529 6.56572 65.2921
73999 2.90904 14.4409 13.1952 34 12.5248 6.93592 64.5451
74000 2.20352 14.9411 13.2155 34 13.0213 7.00841 64.3601
74005 2.20352 14.9411 13.2155 34 13.0213 7.00841 64.3601
74015 1.93292 15.5569 13.094 34 13.3663 6.87577 64.5838
74037 1.90392 16.0956 12.6893 34 13.7205 6.65255 64.6889
74039 1.90392 16.0956 12.6893 34 13.7205 6.65255 64.6889
74045 1.94258 16.6248 12.244 33.6527 13.9965 6.3592 64.4641
74075 1.94258 16.6248 12.244 33.6527 13.9965 6.3592 64.4641
74076 2.07789 17.067 11.8696 32.958 14.0988 6.02199 63.9725
74078 2.17453 17.354 11.4952 32.2247 14.1936 5.73725 63.2485
74090 2.17453 17.354 11.4952 32.2247 14.1936 5.73725 63.2485
74114 2.10688 17.5262 11.131 31.5976 14.3862 5.55523 62.3616
74116 2.10688 17.5262 11.131 31.5976 14.3862 5.55523 62.3616
74118 2.1842 17.8706 10.8274 31.1538 14.5129 5.30171 62.0359
74126 2.26151 18.1289 10.625 30.8451 14.5842 5.11143 61.8604
74151 2.26151 18.1289 10.625 30.8451 14.5842 5.11143 61.8604
74154 2.33883 18.7029 10.281 30.382 14.774 4.76979 61.7046
74156 2.50313 19.4299 9.87619 29.7741 14.9491 4.31543 61.5834
74169 2.50313 19.4299 9.87619 29.7741 14.9491 4.31543 61.5834
