252403 16.7197 12.9881 18.4756 7.79328 -6.43747 -0.921527 55.9767
252413 17.5484 11.0062 20.4566 7.24146 -8.78061 -0.228404 56.2527
252439 18.2315 9.01471 22.3163 6.79613 -10.973 0.496704 56.3586
252444 18.2315 9.01471 21.7503 6.79613 -10.8307 0.349574 55.7926
252454 18.6452 6.85965 24.3377 6.48633 -13.1535 1.41647 56.3288
252473 19.2128 4.68534 26.5713 6.29271 -15.3298 2.36934 56.7622
252476 19.2128 4.68534 26.5713 6.29271 -15.3298 2.36934 56.7622
252484 19.7035 3.07866 28.7444 6.22494 -16.9451 3.16542 57.7514
252498 20.2807 2.02037 30.5636 6.26367 -17.9949 3.68509 59.1284
252504 20.2807 2.02037 30.5636 6.26367 -17.9949 3.68509 59.1284
252515 20.6367 1.60668 32.019 6.57346 -18.2769 4.03113 60.8358
252525 20.6367 1.60668 32.8882 6.57346 -18.3716 4.18564 61.705
252535 20.8387 1.64516 32.8882 6.79613 -18.2109 4.15015 62.1682
252545 20.6174 1.60668 32.8882 6.8639 -18.1663 4.24227 61.9762
252558 20.6174 1.60668 32.8882 6.8639 -18.1663 4.24227 61.9762
252565 20.1845 1.50085 32.4738 6.69932 -18.2629 4.31028 60.8585
252584 19.6169 1.44312 31.918 6.65091 -18.213 4.40446 59.6289
252595 19.6169 1.44312 31.918 6.65091 -18.213 4.40446 59.6289
252602 18.9049 1.35654 31.1094 6.51538 -18.2005 4.49934 57.8862
252610 18.2122 1.23147 30.4929 6.31207 -18.2945 4.62978 56.2486
252619 18.2122 1.23147 30.4929 6.31207 -18.2945 4.62978 56.2486
252628 17.5195 1.1545 30.1897 6.30239 -18.2414 4.84483 55.1661
252637 17.5195 1.1545 30.1897 6.30239 -18.2414 4.84483 55.1661
252647 16.942 1.04867 29.9875 6.37016 -18.1747 5.06924 54.3484
252658 16.4395 1.02943 30.1998 6.40888 -18.1225 5.30898 54.0775
252672 16.4395 1.02943 30.1998 6.40888 -18.1225 5.30898 54.0775
252678 16.0335 0.971703 30.7759 6.66059 -17.9904 5.62929 54.4417
252688 15.8306 1.70289 31.5642 7.4254 -16.9252 5.69399 56.5231
252698 15.8306 1.70289 31.5642 7.4254 -16.9252 5.69399 56.5231
252708 15.8499 3.01132 31.7158 8.19989 -15.4629 5.37315 58.7769
252721 15.8499 3.01132 31.7158 8.19989 -15.4629 5.37315 58.7769
252737 15.6276 4.73345 31.2105 8.8098 -13.7852 4.88376 60.3813
252747 15.2314 6.2343 29.937 9.39066 -12.1491 4.40722 60.7933
252755 15.2314 6.2343 29.937 9.39066 -12.1491 4.40722 60.7933
252763 14.6998 7.90832 28.4108 10.9784 -9.76815 4.0601 61.9973
252769 14.1296 10.0345 27.9661 16.3417 -5.7394 4.41283 68.4719
252782 14.1296 10.0345 27.9661 16.3417 -5.7394 4.41283 68.4719
252789 12.8346 10.9774 24.5095 17.1737 -3.50906 4.09296 65.4951
252805 12.8346 10.9774 24.5095 17.1737 -3.50906 4.09296 65.4951
252810 10.9403 11.2275 19.1427 15.7995 -1.33774 3.35521 57.11
252820 9.7129 12.0068 14.703 15.8189 1.63176 2.52735 52.2416
252830 9.7129 12.0068 14.703 15.8189 1.63176 2.52735 52.2416
252840 9.00739 12.9977 11.9202 18.1288 4.89823 2.31795 52.0542
252850 8.56282 11.6508 10.6756 21.1776 6.52528 3.35326 52.0669
252860 8.56282 14.1138 10.6756 21.1776 7.35972 2.52431 54.5298
252870 8.26322 15.2009 10.3315 23.7923 8.85533 2.77655 57.588
252880 8.26322 15.2009 10.3315 23.7923 8.85533 2.77655 57.588
252895 7.75099 16.2496 10.4429 26.0789 9.9693 3.10328 60.5223
252902 6.7942 17.1435 10.5137 27.7673 11.0911 3.45796 62.2187
252912 6.7942 17.1435 10.5137 27.7673 11.0911 3.45796 62.2187
252922 5.33485 17.6218 10.4833 29.0119 12.3357 3.97231 62.4519
252932 3.94315 17.8801 10.1798 29.6776 13.5516 4.38568 61.6807
252950 3.94315 17.8801 10.1798 29.6776 13.5516 4.38568 61.6807
252959 2.76407 18.0619 9.76488 29.9285 14.6488 4.67637 60.5193
252970 2.76407 18.0619 9.76488 29.9285 14.6488 4.67637 60.5193
252977 2.0199 18.2724 9.4006 29.8802 15.4147 4.78116 59.5731
252985 1.91359 18.4828 9.28929 29.7066 15.5687 4.69744 59.3923
253004 1.88459 18.5402 9.14762 29.3689 15.6414 4.60416 58.9413
253014 1.91359 18.5307 8.88452 28.8672 15.7226 4.46099 58.196
253025 1.91359 18.5307 8.88452 28.8672 15.7226 4.46099 58.196
253035 1.8556 18.4541 8.64167 28.2883 15.8304 4.35543 57.2397
253044 1.8556 18.4541 8.64167 28.2883 15.8304 4.35543 57.2397
253055 1.81694 18.2915 8.39881 27.7673 15.9233 4.28018 56.2746
253064 1.74929 18.1193 8.24702 27.3717 15.9923 4.25777 55.4874
253078 1.74929 18.1193 8.24702 27.3717 15.9923 4.25777 55.4874
253089 1.68164 17.9471 8.16607 27.1402 16.0369 4.28075 54.935
253095 1.68164 17.8419 8.11548 27.2077 16.0686 4.32105 54.8467
253105 1.68164 17.8419 8.11548 27.2077 16.0686 4.32105 54.8467
253115 1.64298 17.7366 8.22679 27.3138 16.0145 4.41395 54.9202
253128 1.64298 17.7366 8.22679 27.3138 16.0145 4.41395 54.9202
253137 1.63331 17.6218 8.35833 27.584 15.9492 4.53477 55.1975
253147 1.61399 17.4401 8.54048 27.9796 15.864 4.71424 55.5741
253157 1.61399 17.4401 8.54048 27.9796 15.864 4.71424 55.5741
253167 1.64298 17.2966 9.15774 28.3751 15.4372 4.93869 56.4724
253177 3.53724 17.4209 9.83571 28.5006 13.7233 4.39622 59.2945
253187 3.53724 17.4209 9.83571 28.5006 13.7233 4.39622 59.2945
253202 5.46049 17.3157 10.3417 27.6901 12.0065 3.76322 60.808
253208 5.46049 17.3157 10.3417 27.6901 12.0065 3.76322 60.808
253218 7.22911 17.1913 10.5946 26.0499 10.4059 3.00274 61.065
253228 8.87209 16.9038 10.6756 23.5414 8.70834 2.11054 59.9929
253254 10.7084 16.4035 11.1714 20.647 6.43587 1.198 58.9303
253258 12.3997 15.7493 13.3875 17.7911 3.26715 0.766008 59.3276
253268 12.3997 15.7493 13.3875 17.7911 3.26715 0.766008 59.3276
253283 13.7044 14.5948 16.3929 14.7153 -0.331265 0.709244 59.4073
253289 13.7044 14.5948 16.3929 14.7153 -0.331265 0.709244 59.4073
253299 14.4486 13.0266 17.9298 11.3172 -3.54121 0.468573 56.7222
253309 15.4053 11.8721 19.9512 9.0615 -6.40564 0.462418 56.2902
253319 15.4053 11.8721 19.9512 9.0615 -6.40564 0.462418 56.2902
253338 16.5458 11.0928 22.8115 8.68394 -8.27803 0.978345 59.1341
253347 17.5195 10.1596 25.1159 8.59681 -9.72403 1.47421 61.3919
253359 17.5195 10.1596 25.1159 8.59681 -9.72403 1.47421 61.3919
253361 18.2603 9.01471 26.7027 8.38383 -11.0503 1.87892 62.3616
253370 18.7606 7.61007 27.5922 7.91913 -12.4526 2.21565 61.882
253389 18.7606 7.61007 27.5922 7.91913 -12.4526 2.21565 61.882
253393 19.0685 5.80136 28.2087 7.37699 -14.1008 2.65877 60.4555
253403 19.0685 5.80136 28.2087 7.37699 -14.1008 2.65877 60.4555
253417 19.2705 4.04075 28.5826 6.83485 -15.7408 3.09207 58.7288
253425 19.2898 2.59762 28.9667 6.61219 -16.9868 3.57379 57.4663
253432 19.2898 2.59762 28.9667 6.61219 -16.9868 3.57379 57.4663
253446 19.3763 1.90492 29.3205 6.54442 -17.6073 3.82798 57.1461
253452 19.3763 1.90492 29.3205 6.54442 -17.6073 3.82798 57.1461
253462 19.5207 1.80872 29.4316 6.48633 -17.7551 3.82252 57.2473
253472 19.4629 1.79909 29.2295 6.44761 -17.7583 3.79749 56.9391
253487 19.4629 1.79909 29.2295 6.44761 -17.7583 3.79749 56.9391
253493 19.2994 1.70289 28.9566 6.31207 -17.8782 3.80296 56.2709
253503 19.0396 1.70289 28.6837 6.25399 -17.8548 3.82412 55.6802
253516 19.0396 1.70289 28.6837 6.25399 -17.8548 3.82412 55.6802
253523 18.7317 1.64516 28.6029 6.25399 -17.8493 3.93236 55.2337
253533 18.3662 1.49123 28.6938 6.36048 -17.8506 4.15128 54.9117
253550 18.3662 1.49123 28.6938 6.36048 -17.8506 4.15128 54.9117
253554 18.1834 1.54895 28.7342 6.38952 -17.7643 4.20868 54.8561
253585 17.9717 1.52009 28.8151 6.43793 -17.7317 4.31856 54.7448
253588 17.7216 1.46237 28.8858 6.72836 -17.5265 4.49749 54.7981
253594 17.7216 1.46237 28.8858 6.72836 -17.5265 4.49749 54.7981
253607 17.7119 2.588 29.0476 7.31891 -16.2586 4.25292 56.6664
253614 17.7697 4.40634 28.5624 7.92882 -14.4872 3.66011 58.6672
253630 17.7697 4.40634 28.5624 7.92882 -14.4872 3.66011 58.6672
253635 17.6638 6.57102 27.4608 8.47096 -12.4997 2.91612 60.1666
253645 17.6638 6.57102 27.4608 8.47096 -12.4997 2.91612 60.1666
253655 17.5099 8.8223 25.9144 8.86788 -10.527 2.07399 61.1145
253665 17.2405 10.987 23.6504 9.22608 -8.46011 1.14125 61.104
253675 17.2405 10.987 23.6504 9.22608 -8.46011 1.14125 61.104
253685 16.6327 13.0362 21.0731 10.2136 -5.92894 0.398088 60.9556
253697 15.7823 15.3741 18.7485 13.2437 -2.34089 0.198557 63.1486
253719 15.7823 15.3741 18.7485 13.2437 -2.34089 0.198557 63.1486
253723 14.5935 17.22 15.4315 15.4897 1.06986 -0.213341 62.7349
253732 14.5935 17.22 15.4315 15.4897 1.06986 -0.213341 62.7349
253742 13.1052 18.4637 11.1815 15.877 4.28723 -1.15398 58.6274
253750 11.6845 19.8891 8.25714 16.7773 7.38624 -1.73274 56.6081
253764 11.6845 19.8891 8.25714 16.7773 7.38624 -1.73274 56.6081
253770 10.6504 21.4676 7.41726 18.7656 9.50484 -1.52703 58.3009
253779 9.61626 22.7974 7.225 20.4154 10.9783 -1.19223 60.0541
253790 9.61626 22.7974 7.225 20.4154 10.9783 -1.19223 60.0541
253800 8.63047 23.888 6.9619 21.4574 12.2063 -1.00902 60.9378
253818 7.26777 24.6438 6.50655 22.1328 13.6258 -0.810606 60.5509
253836 5.84707 25.4282 6.14226 22.7213 15.032 -0.601537 60.1389
253839 5.84707 25.4282 6.14226 22.7213 15.032 -0.601537 60.1389
253849 4.44571 25.897 5.76786 23.1652 16.3847 -0.356736 59.2757
253859 3.56623 26.4232 5.56548 23.3871 17.2536 -0.263873 58.942
253870 3.56623 26.4232 5.56548 23.3871 17.2536 -0.263873 58.942
253882 3.51791 26.825 5.4744 23.3967 17.4069 -0.372829 59.214
253889 3.51791 26.825 5.4744 23.3967 17.4069 -0.372829 59.214
253903 3.46958 27.0068 5.41369 23.1266 17.4739 -0.492088 59.0166
253914 3.50824 27.0642 5.23155 22.7889 17.5419 -0.653315 58.5928
253920 3.50824 27.0642 5.23155 22.7889 17.5419 -0.653315 58.5928
253930 3.50824 26.9398 5.06964 22.4319 17.5988 -0.762686 57.9496
253940 3.3826 26.6719 4.9381 22.2486 17.7319 -0.751517 57.2412
253971 3.33428 26.3275 4.9381 21.9109 17.6807 -0.74662 56.5108
253973 3.33428 26.3275 4.9381 21.9109 17.6807 -0.74662 56.5108
253982 3.21831 26.1458 4.76607 21.66 17.8443 -0.789908 55.7902
253995 3.22797 26.0979 4.68512 21.496 17.872 -0.849822 55.507
254021 3.20864 26.0692 4.63452 21.2934 17.8964 -0.910209 55.2058
254023 3.21831 25.9449 4.63452 21.2259 17.8641 -0.900366 55.0236
254032 3.21831 25.9449 4.63452 21.2259 17.8641 -0.900366 55.0236
254043 3.12166 25.8013 4.92798 21.3706 17.7115 -0.712882 55.2216
254053 3.12166 25.8013 4.92798 21.3706 17.7115 -0.712882 55.2216
254065 4.71632 26.0501 5.20119 21.2645 16.3357 -1.12718 57.2321
254082 6.07902 25.9736 5.43393 20.4926 15.0715 -1.58489 57.9791
254090 6.07902 25.9736 5.43393 20.4926 15.0715 -1.58489 57.9791
254093 7.85731 25.7727 5.33274 19.0454 13.6309 -2.39238 58.0081
254113 9.63559 25.3804 5.24167 17.2219 12.0587 -3.27571 57.4796
254114 9.63559 25.3804 5.24167 17.2219 12.0587 -3.27571 57.4796
254124 11.4332 24.7012 5.11012 14.8992 10.267 -4.30816 56.1437
254136 11.4332 24.7012 5.11012 14.8992 10.267 -4.30816 56.1437
254144 13.5111 23.6393 5.72738 12.5661 7.65048 -5.10163 55.4438
254159 15.9466 22.1373 8.96548 10.9106 3.50926 -4.71217 57.9599
254170 15.9466 22.1373 8.96548 10.9106 3.50926 -4.71217 57.9599
254175 18.751 20.5205 14.4905 10.1071 -1.02314 -3.44627 63.8691
254185 20.3577 18.3298 17.0809 8.80011 -3.99136 -2.97509 64.5684
254196 20.3577 18.3298 17.0809 8.80011 -3.99136 -2.97509 64.5684
254206 21.6276 16.0572 18.6677 7.85137 -6.38075 -2.60867 64.2038
254220 21.6276 16.0572 20.2241 7.85137 -6.82145 -2.19189 65.7603
254230 22.7629 13.9598 20.2241 7.14465 -8.53567 -2.18919 64.0915
254237 23.7442 11.7951 21.0024 6.41856 -10.5356 -1.93417 62.9603
254252 23.7442 11.7951 21.0024 6.41856 -10.5356 -1.93417 62.9603
254257 24.2926 9.72666 21.4067 5.66344 -12.4036 -1.70631 61.0893
254276 24.6774 7.58121 21.5684 4.94704 -14.342 -1.46575 58.774
254278 24.6774 7.58121 21.5684 4.94704 -14.342 -1.46575 58.774
254288 25.0911 5.65705 21.7301 4.46298 -16.1136 -1.19994 56.9412
254301 25.6299 4.07923 22.1344 4.25 -17.5756 -0.889074 56.0935
254308 25.6299 4.07923 22.1344 4.25 -17.5756 -0.889074 56.0935
254323 26.2264 3.30956 22.7004 4.31777 -18.2566 -0.667807 56.5541
254328 26.2264 3.30956 22.7004 4.31777 -18.2566 -0.667807 56.5541
254338 26.8517 3.37691 23.1451 4.37585 -18.2876 -0.703309 57.7496
254349 27.0922 3.43463 23.2562 4.39522 -18.2708 -0.741365 58.1783
254363 27.0922 3.43463 23.2562 4.39522 -18.2708 -0.741365 58.1783
254372 26.9672 3.41539 23.1451 4.44362 -18.2216 -0.722913 57.9713
254379 26.6112 3.35767 23.0945 4.46298 -18.2026 -0.628763 57.5264
254389 26.6112 3.35767 23.0945 4.46298 -18.2026 -0.628763 57.5264
254399 26.1205 3.27108 22.9328 4.44362 -18.2051 -0.532479 56.7681
254409 26.1205 3.27108 22.9328 4.44362 -18.2051 -0.532479 56.7681
254421 25.6972 3.18449 22.8115 4.36617 -18.2655 -0.455949 56.0594
254444 25.1585 3.13639 22.7105 4.38554 -18.2101 -0.324652 55.3909
254448 25.1585 3.13639 22.7105 4.38554 -18.2101 -0.324652 55.3909
254455 24.5908 3.0017 22.7509 4.43394 -18.2129 -0.111642 54.7774
254470 23.9559 2.87663 22.9935 4.57916 -18.1479 0.204061 54.4051
254473 23.9559 2.87663 22.9935 4.57916 -18.1479 0.204061 54.4051
254482 23.2439 2.83814 23.2057 5.3246 -17.5267 0.672444 54.6124
254494 23.2439 2.83814 23.2057 5.3246 -17.5267 0.672444 54.6124
254505 22.8495 4.98359 23.1249 6.14749 -15.2539 0.378063 57.1054
254518 22.4261 8.32201 22.003 6.95103 -12.209 -0.450778 59.7022
254522 22.4261 8.32201 22.003 6.95103 -12.209 -0.450778 59.7022
254532 21.6853 12.2377 20.1433 7.56093 -8.93679 -1.51365 61.6273
254543 20.4635 15.6242 17.5862 8.16116 -5.76708 -2.50837 61.8351
254552 20.4635 15.6242 17.5862 8.16116 -5.76708 -2.50837 61.8351
254567 18.7702 18.7411 14.6119 9.00342 -2.3057 -3.40998 61.1267
254577 18.7702 18.7411 14.6119 9.00342 -2.3057 -3.40998 61.1267
254584 16.8937 21.6685 12.0923 11.2591 1.59161 -3.68518 61.9136
254593 14.6032 23.9837 10.0179 15.1025 5.67642 -3.17072 63.7072
254603 14.6032 23.9837 10.0179 15.1025 5.67642 -3.17072 63.7072
254616 11.7811 25.4856 7.53869 16.8645 9.33611 -3.12882 61.6699
254623 9.04605 26.3562 5.25179 17.3473 12.6746 -3.31108 58.0014
254639 9.04605 26.3562 5.25179 17.3473 12.6746 -3.31108 58.0014
254652 6.81353 27.179 4.06786 18.1288 15.3172 -3.14895 56.1892
254665 6.81353 27.179 4.06786 18.1288 15.3172 -3.14895 56.1892
254670 5.33485 27.8582 3.54167 19.3927 17.0925 -2.74161 56.1274
254679 4.3104 28.5279 3.59226 20.6566 18.0784 -2.2569 57.0872
254690 4.3104 28.5279 3.59226 20.6566 18.0784 -2.2569 57.0872
254694 3.51791 28.9392 3.68333 21.8144 18.7872 -1.80124 57.9549
254704 3.18931 29.4271 3.72381 22.5284 19.1283 -1.62164 58.8686
254719 3.18931 29.4271 3.72381 22.5284 19.1283 -1.62164 58.8686
254725 3.06367 29.7715 3.70357 22.9915 19.3161 -1.54715 59.5303
254741 3.06367 29.7715 3.70357 22.9915 19.3161 -1.54715 59.5303
254745 3.04434 29.8481 3.72381 23.059 19.3292 -1.5357 59.6752
254755 2.99602 29.8576 3.65298 22.9915 19.4124 -1.56539 59.4981
254782 2.93803 29.6854 3.50119 22.702 19.527 -1.63707 58.8267
254794 2.85105 29.3506 3.50119 22.5766 19.5502 -1.57616 58.2794
254799 2.85105 29.3506 3.50119 22.5766 19.5502 -1.57616 58.2794
254809 2.68675 28.8627 3.53155 22.6442 19.6139 -1.39638 57.7251
254820 2.68675 28.8627 3.53155 22.6442 19.6139 -1.39638 57.7251
254829 2.6191 28.4705 3.58214 22.8757 19.6121 -1.20728 57.5474
254845 2.60944 28.0782 3.58214 22.8371 19.579 -1.12116 57.1069
254849 2.60944 28.0782 3.58214 22.8371 19.579 -1.12116 57.1069
254858 2.49346 27.7817 3.62262 22.8854 19.6145 -0.99514 56.7831
254870 2.50313 27.7338 3.64286 22.895 19.5874 -0.977305 56.7748
254878 2.50313 27.7338 3.64286 22.895 19.5874 -0.977305 56.7748
254896 2.52246 27.6477 3.63274 22.924 19.5747 -0.955497 56.7269
254920 2.54179 27.6286 3.84524 23.059 19.4047 -0.858378 57.0746
254922 2.59011 27.5808 3.92619 23.2327 19.3168 -0.788067 57.3297
254929 2.59011 27.5808 3.92619 23.2327 19.3168 -0.788067 57.3297
254947 2.55145 27.4564 3.91607 23.2906 19.348 -0.734391 57.2145
254954 2.66742 27.2842 4.18929 23.3002 19.0315 -0.642945 57.4411
254960 2.66742 27.2842 4.18929 23.3002 19.0315 -0.642945 57.4411
254971 3.86583 27.2364 4.57381 22.895 17.7954 -0.930506 58.571
254981 4.9386 26.7867 5.01905 21.882 16.5075 -1.23434 58.6263
254997 4.9386 26.7867 5.01905 21.882 16.5075 -1.23434 58.6263
255008 6.42695 26.0597 5.37321 20.4444 14.8805 -1.71574 58.3042
255012 6.42695 26.0597 5.37321 20.4444 14.8805 -1.71574 58.3042
255030 8.14724 25.103 7.61964 19.0454 11.8423 -1.64862 59.9153
255033 10.3991 24.0028 14.4298 18.9489 6.6844 -0.22644 67.7806
255052 10.3991 24.0028 14.4298 18.9489 6.6844 -0.22644 67.7806
255059 11.6362 21.9364 17.1819 16.2933 3.50929 -0.0217831 67.0478
255063 12.4287 19.1716 17.283 12.324 0.728679 -0.488487 61.2073
255077 12.4287 19.1716 17.283 12.324 0.728679 -0.488487 61.2073
255083 13.4628 16.5863 18.2533 9.75854 -2.31274 -0.526325 58.0609
255109 14.3326 14.1811 20.5375 8.90661 -5.08229 0.240793 57.9577
255117 15.1057 11.7951 22.4881 8.5 -7.47064 1.05907 57.889
255129 15.1057 11.7951 22.4881 8.5 -7.47064 1.05907 57.889
255134 15.5406 9.17827 24.176 8.20957 -9.77542 2.01384 57.1045
255144 16.0142 6.86927 26.0256 8.10308 -11.8692 2.95862 57.0121
255155 16.0142 6.86927 26.0256 8.10308 -11.8692 2.95862 57.0121
255182 16.4588 4.92586 27.7741 8.12244 -13.6103 3.80017 57.2812
255193 16.942 3.2326 29.5428 8.12244 -15.1841 4.53597 57.8399
255209 17.356 2.41483 30.9679 8.24829 -15.9615 4.94483 58.987
255210 17.356 2.41483 30.9679 8.24829 -15.9615 4.94483 58.987
255216 17.5965 2.15507 31.9988 8.49032 -16.1643 5.16368 60.2407
255230 17.5291 2.15507 32.3829 8.59681 -16.1382 5.26561 60.6639
255248 17.3079 2.00113 32.2616 8.54841 -16.2261 5.36461 60.119
255257 17.3079 2.00113 32.2616 8.54841 -16.2261 5.36461 60.119
255269 16.768 1.91454 32.0493 8.50968 -16.2019 5.53912 59.2416
255277 16.2365 1.82796 31.635 8.44191 -16.1682 5.67903 58.1413
255298 16.2365 1.82796 31.635 8.44191 -16.1682 5.67903 58.1413
255300 15.6856 1.63554 31.1801 8.30638 -16.2495 5.85274 56.8077
255307 15.0864 1.52971 30.6445 8.11276 -16.2932 5.99777 55.3734
255326 15.0864 1.52971 30.6445 8.11276 -16.2932 5.99777 55.3734
255328 14.5162 1.40464 30.0886 8.00626 -16.2887 6.15766 54.0157
255338 14.5162 1.40464 30.0886 8.00626 -16.2887 6.15766 54.0157
255353 13.9653 1.31805 30.1088 8.00626 -16.2691 6.41358 53.3984
255358 13.5787 1.25071 30.3918 8.17084 -16.177 6.66762 53.3921
255368 13.5787 1.25071 30.3918 8.17084 -16.177 6.66762 53.3921
255381 13.4434 1.45274 30.8264 8.92597 -15.5041 6.82256 54.6485
255388 13.6947 3.36729 30.9982 9.43907 -13.8639 6.09798 57.4993
255398 13.6947 3.36729 30.9982 9.43907 -13.8639 6.09798 57.4993
255409 13.8783 5.32032 30.5737 9.94248 -12.2203 5.35484 59.7149
255423 13.8783 5.32032 30.5737 9.94248 -12.2203 5.35484 59.7149
255438 13.7334 7.04244 29.563 10.4943 -10.5862 4.75436 60.8331
255440 13.6174 9.30334 27.3193 10.6492 -8.6157 3.707 60.8892
255449 13.6174 9.30334 27.3193 10.6492 -8.6157 3.707 60.8892
255463 13.4241 11.5546 24.4792 11.0268 -6.33297 2.61072 60.4847
255469 12.9892 13.3922 21.5077 12.7984 -3.42176 1.95874 60.6875
255489 12.9892 13.3922 21.5077 12.7984 -3.42176 1.95874 60.6875
255491 12.535 15.0951 18.3139 15.7318 -0.0089258 1.56033 61.6757
255500 12.535 15.0951 18.3139 15.7318 -0.0089258 1.56033 61.6757
255515 11.8101 15.9225 14.1464 16.4482 2.74919 0.736025 58.3272
255529 11.2109 16.6729 10.4429 16.6612 5.3104 -0.212716 54.9878
255549 10.7084 17.6218 8.36845 18.6884 7.77864 -0.344841 55.3871
255551 10.3411 18.5976 8.09524 21.7179 9.31001 0.223251 58.7519
255560 10.3411 18.5976 8.09524 21.7179 9.31001 0.223251 58.7519
255579 9.7419 19.4012 8.30774 24.265 10.3768 0.833572 61.7159
255584 9.7419 19.4012 8.30774 24.265 10.3768 0.833572 61.7159
255599 8.73678 19.7839 8.37857 25.9921 11.3929 1.39525 62.8913
255602 7.37408 19.87 8.13571 27.1691 12.6019 1.93307 62.5489
255612 7.37408 19.87 8.13571 27.1691 12.6019 1.93307 62.5489
255625 5.72143 19.7839 7.95357 27.9699 13.8692 2.54396 61.4288
255634 4.02047 19.5734 7.62976 28.597 15.2624 3.16769 59.8207
255643 4.02047 19.5734 7.62976 28.597 15.2624 3.16769 59.8207
255655 2.62877 19.2864 7.28571 29.3014 16.5264 3.76187 58.5023
255662 2.62877 19.2864 7.28571 29.3014 16.5264 3.76187 58.5023
255683 1.74929 18.9229 7.40714 29.7548 17.0839 4.27682 57.8342
255685 1.61399 18.8081 7.40714 29.9767 17.1971 4.40139 57.806
255693 1.61399 18.8081 7.40714 29.9767 17.1971 4.40139 57.806
255709 1.60432 18.6742 7.24524 29.6101 17.2554 4.35211 57.1338
255713 1.62365 18.7029 7.14405 29.4075 17.2925 4.2789 56.8781
255738 1.62365 18.7029 7.14405 29.4075 17.2925 4.2789 56.8781
255740 1.57533 18.655 7.11369 29.2628 17.3251 4.27848 56.6068
255744 1.57533 18.655 7.11369 29.2628 17.3251 4.27848 56.6068
255754 1.62365 18.5881 7.03274 29.0119 17.3063 4.22164 56.2564
255768 1.527 18.4254 6.99226 28.8768 17.3692 4.27702 55.8215
255774 1.527 18.4254 6.99226 28.8768 17.3692 4.27702 55.8215
255784 1.49801 18.2437 6.92143 28.6356 17.3873 4.28998 55.2988
255799 1.47868 18.0428 6.95179 28.5199 17.335 4.3506 54.9931
255805 1.47868 18.0428 6.95179 28.5199 17.335 4.3506 54.9931
255815 1.44002 17.9375 6.99226 28.5295 17.3202 4.41104 54.8993
255828 1.44002 17.9375 6.99226 28.5295 17.3202 4.41104 54.8993
255835 2.1552 17.8706 7.56905 28.5681 16.3428 4.30303 56.1629
255857 3.46958 17.9662 8.01429 28.0278 15.0102 3.8118 57.4779
255858 3.46958 17.9662 8.01429 28.0278 15.0102 3.8118 57.4779
255865 5.27686 18.0045 8.26726 26.7446 13.3828 3.01849 58.2932
255887 7.48039 17.8514 8.6619 24.8729 11.2891 2.09022 58.8666
255890 7.48039 17.8514 8.6619 24.8729 11.2891 2.09022 58.8666
255899 9.61626 17.3635 10.1089 22.6924 8.50216 1.46071 59.7811
255916 9.61626 17.3635 10.1089 22.6924 8.50216 1.46071 59.7811
255918 11.8971 16.6055 15.0167 20.8207 4.08472 1.70998 64.34
255927 13.6077 15.4318 18.0208 17.3956 0.464985 1.484 64.4559
255944 13.6077 15.4318 18.0208 17.3956 0.464985 1.484 64.4559
255954 14.3616 13.5076 18.0713 12.5757 -2.71272 0.712076 58.5163
255974 15.5213 11.7855 18.9203 9.09055 -6.13076 0.190911 55.3177
255975 15.5213 11.7855 18.9203 9.09055 -6.13076 0.190911 55.3177
255982 16.9323 10.5444 21.3561 7.94818 -8.71587 0.482782 56.7811
255990 16.9323 10.5444 21.3561 7.94818 -8.71587 0.482782 56.7811
256003 18.1737 9.58234 23.5595 7.832 -10.2789 0.921941 59.1475
256008 19.3475 8.60102 25.1058 7.7836 -11.5342 1.21822 60.8379
256018 19.3475 8.60102 25.1058 7.7836 -11.5342 1.21822 60.8379
256030 20.2134 7.62932 26.1468 7.61902 -12.6248 1.44214 61.6085
256043 20.8868 6.63837 26.7331 7.31891 -13.6668 1.5899 61.5771
256060 21.3679 5.26259 27.0969 6.93166 -14.9485 1.82944 60.659
256090 21.6565 3.84833 27.3698 6.709 -16.1407 2.15848 59.5836
256092 21.9355 3.27108 27.4709 6.63155 -16.6517 2.24987 59.309
256099 21.9355 3.27108 27.4709 6.63155 -16.6517 2.24987 59.309
256122 22.0606 3.18449 27.1576 6.5541 -16.7409 2.15411 58.9567
256125 21.8874 3.13639 26.824 6.46697 -16.7659 2.12654 58.3148
256130 21.8874 3.13639 26.824 6.46697 -16.7659 2.12654 58.3148
256153 21.6853 3.11715 26.3389 6.26367 -16.8293 2.03816 57.405
256154 21.6853 3.11715 26.3389 6.26367 -16.8293 2.03816 57.405
256162 21.416 3.0498 25.9144 6.11845 -16.8863 2.00901 56.4986
256170 21.1754 2.99208 25.3585 5.9926 -16.9084 1.94086 55.5186
256183 21.1754 2.99208 25.3585 5.9926 -16.9084 1.94086 55.5186
256195 20.9445 2.89587 25.0351 5.80866 -17.0411 1.92103 54.6841
256211 20.6463 2.82852 24.7622 5.77961 -17.032 1.96245 54.0166
256213 20.6463 2.82852 24.7622 5.77961 -17.032 1.96245 54.0166
256222 20.3673 2.78042 24.7521 5.79897 -17.0116 2.06802 53.6988
256241 20.3673 2.78042 24.7521 5.79897 -17.0116 2.06802 53.6988
256242 20.0498 2.73231 24.7521 5.82802 -16.979 2.192 53.3622
256252 19.9247 3.66553 25.0048 6.7574 -15.5849 2.21451 55.3524
256268 19.9247 3.66553 25.0048 6.7574 -15.5849 2.21451 55.3524
256272 19.9921 5.8687 24.6308 7.4738 -13.491 1.61574 57.9654
256283 19.8766 8.77419 23.3977 8.18052 -10.9248 0.729078 60.2291
256297 19.8766 8.77419 23.3977 8.18052 -10.9248 0.729078 60.2291
256303 19.4533 11.266 21.5684 8.73235 -8.6133 -0.102896 61.02
256325 19.4533 11.266 21.5684 8.73235 -8.6133 -0.102896 61.02
256328 18.6355 13.8155 19.173 9.10991 -6.12636 -1.02944 60.734
256342 17.5676 16.4035 16.4131 9.73918 -3.25914 -1.9507 60.1234
256356 17.5676 16.4035 16.4131 9.73918 -3.25914 -1.9507 60.1234
256357 16.1882 18.4924 13.8226 11.7432 0.0932723 -2.26938 60.2464
256365 14.6322 20.3866 11.9101 15.7221 3.81734 -1.7685 62.651
256390 14.6322 20.3866 11.9101 15.7221 3.81734 -1.7685 62.651
256392 12.8056 21.6398 9.4006 18.0516 7.06219 -1.6947 61.8977
256395 12.8056 21.6398 9.4006 18.0516 7.06219 -1.6947 61.8977
256404 10.892 22.673 7.0631 18.6595 9.85764 -1.98417 59.2876
256423 9.1137 23.6297 5.84881 19.605 12.145 -1.87886 58.1972
256429 9.1137 23.6297 5.84881 19.605 12.145 -1.87886 58.1972
256435 7.34508 24.3089 5.41369 20.975 14.0092 -1.36072 58.0427
256453 5.68277 24.9308 5.3125 22.4126 15.5763 -0.742678 58.3387
256458 5.68277 24.9308 5.3125 22.4126 15.5763 -0.742678 58.3387
256467 4.32007 25.323 5.18095 23.4835 16.8527 -0.251749 58.3076
256483 4.32007 25.323 5.18095 23.4835 16.8527 -0.251749 58.3076
256488 3.40193 25.8205 5.01905 24.2072 17.7963 0.00097096 58.4486
256497 2.98636 26.2319 4.86726 24.6896 18.3189 0.0864154 58.775
256513 2.98636 26.2319 4.86726 24.6896 18.3189 0.0864154 58.775
256517 2.80273 26.605 4.84702 25.0465 18.5501 0.122902 59.3012
256527 2.82206 26.8059 4.94821 25.3746 18.5194 0.173863 59.9507
256545 2.82206 26.8059 4.94821 25.3746 18.5194 0.173863 59.9507
256548 2.79306 26.7676 4.94821 25.4325 18.5426 0.205207 59.9413
256560 2.71575 26.5093 4.96845 25.3553 18.548 0.276756 59.5488
256575 2.71575 26.5093 4.96845 25.3553 18.548 0.276756 59.5488
256579 2.6481 26.0979 4.90774 25.2684 18.5883 0.364083 58.9222
256605 2.55145 25.543 4.8875 25.0465 18.5903 0.475509 58.0285
256609 2.4548 25.1508 4.78631 24.8922 18.6796 0.542784 57.2841
256619 2.4548 25.1508 4.78631 24.8922 18.6796 0.542784 57.2841
256640 2.3195 24.6246 4.85714 24.7571 18.6555 0.708141 56.5584
256648 2.16487 24.108 4.94821 24.786 18.6498 0.927025 56.0072
256671 2.16487 24.108 4.94821 24.786 18.6498 0.927025 56.0072
256672 2.09721 23.6967 4.98869 24.7571 18.6209 1.06732 55.5397
256679 2.09721 23.6967 4.98869 24.7571 18.6209 1.06732 55.5397
256681 2.00057 23.2662 5.02917 24.8536 18.6267 1.2555 55.1495
256705 1.95225 23.0461 5.05952 25.0851 18.6422 1.39989 55.143
256706 1.95225 23.0461 5.05952 25.0851 18.6422 1.39989 55.143
256715 2.0199 22.74 5.06964 25.1334 18.5506 1.48549 54.9629
256722 1.92325 22.5965 5.20119 25.2684 18.522 1.623 54.9894
256748 3.03468 22.9122 5.95 25.3456 17.1521 1.4016 57.2425
256752 3.03468 22.9122 5.95 25.3456 17.1521 1.4016 57.2425
256769 4.27175 23.0461 6.14226 24.4677 16.0112 0.852447 57.9278
256772 5.51848 23.1514 6.47619 23.1362 14.7098 0.242581 58.2823
256803 5.51848 23.1514 6.47619 23.1362 14.7098 0.242581 58.2823
256804 7.13246 23.1035 7.24524 21.3224 12.7748 -0.425588 58.8036
256805 9.01706 22.8261 10.9792 20.0102 9.08769 -0.203824 62.8326
256813 9.01706 22.8261 10.9792 20.0102 9.08769 -0.203824 62.8326
256837 11.1529 22.4339 15.8464 18.9007 5.24454 0.254697 68.3339
256839 11.1529 22.4339 15.8464 18.9007 5.24454 0.254697 68.3339
256844 11.8584 21.0276 16.0994 15.3252 3.26342 -0.340871 64.3106
256870 12.7089 19.2577 15.7048 11.8787 1.14305 -1.10408 59.5501
256871 12.7089 19.2577 15.7048 11.8787 1.14305 -1.10408 59.5501
256874 13.6464 17.4114 16.9899 10.2329 -1.28344 -0.987026 58.2806
