264162 19.7804 6.90775 25.2473 6.78645 -13.3398 1.36549 58.7219
264172 20.1268 5.3107 26.4298 6.44761 -14.9183 1.91374 58.3149
264182 20.1268 5.3107 26.4298 6.44761 -14.9183 1.91374 58.3149
264192 20.3865 3.88681 27.5315 6.23462 -16.2806 2.45336 58.0395
264202 20.6271 2.82852 28.5927 6.07973 -17.3374 2.89453 58.1281
264212 20.6271 2.82852 28.5927 6.07973 -17.3374 2.89453 58.1281
264227 20.8483 2.24165 29.5731 6.1959 -17.8324 3.23121 58.859
264235 20.9157 2.11658 30.3413 6.3508 -17.9113 3.43071 59.7243
264244 20.9157 2.11658 30.3413 6.3508 -17.9113 3.43071 59.7243
264253 20.7617 2.00113 30.8062 6.54442 -17.8921 3.64005 60.1135
264272 20.7617 2.00113 30.8062 6.54442 -17.8921 3.64005 60.1135
264273 20.2999 1.99151 30.9982 6.60251 -17.8254 3.83421 59.8922
264284 19.6169 1.8472 30.9982 6.72836 -17.756 4.12122 59.1906
264294 19.6169 1.8472 30.9982 6.72836 -17.756 4.12122 59.1906
264304 18.7414 1.63554 30.9982 6.74772 -17.7883 4.4825 58.1228
264314 17.8659 1.50085 30.604 6.74772 -17.7285 4.7564 56.7185
264324 17.8659 1.50085 30.604 6.74772 -17.7285 4.7564 56.7185
264343 17.0673 1.40464 30.3008 6.74772 -17.6582 5.01884 55.5205
264352 17.0673 1.40464 30.3008 6.74772 -17.6582 5.01884 55.5205
264362 16.2945 1.21222 30.1897 6.71868 -17.7126 5.34823 54.415
264369 15.5986 1.06791 30.4322 6.83485 -17.6736 5.72941 53.9336
264388 15.0671 1.01981 30.9073 7.41572 -17.2482 6.13016 54.4099
264398 15.0381 2.72269 31.1801 8.00626 -15.5799 5.64355 56.9472
264407 15.0381 2.72269 31.1801 8.00626 -15.5799 5.64355 56.9472
264417 14.9318 4.6661 30.6546 8.7033 -13.6615 5.0275 58.9558
264446 14.8061 6.50368 29.7652 9.27449 -11.9277 4.40679 60.3495
264448 14.3712 8.31239 28.1885 9.86503 -10.036 3.79583 60.7371
264462 14.3712 8.31239 28.1885 9.86503 -10.036 3.79583 60.7371
264469 13.9073 10.4194 25.8234 10.1651 -7.93591 2.90023 60.3153
264482 13.4434 12.4493 22.9631 10.6589 -5.58615 1.94806 59.5148
264488 13.4434 12.4493 22.9631 10.6589 -5.58615 1.94806 59.5148
264502 13.1632 14.2677 19.9917 12.3821 -2.71928 1.23977 59.8046
264510 13.1632 14.2677 19.9917 12.3821 -2.71928 1.23977 59.8046
264518 12.7283 15.961 17.1314 15.2671 0.560012 0.910807 61.0877
264530 12.0614 17.1913 13.6708 16.6999 3.42105 0.281262 59.6235
264538 12.0614 17.1913 13.6708 16.6999 3.42105 0.281262 59.6235
264551 11.1433 18.2341 10.4226 17.4342 6.15995 -0.398515 57.2341
264560 10.0608 19.0951 8.54048 18.9682 8.5865 -0.436049 56.6646
264571 10.0608 19.0951 8.54048 18.9682 8.5865 -0.436049 56.6646
264579 9.09437 19.9083 7.96369 21.1969 10.3361 0.0407428 58.1633
264591 9.09437 19.9083 7.96369 21.1969 10.3361 0.0407428 58.1633
264604 7.91529 20.4631 7.84226 23.2616 11.7544 0.687296 59.4823
264612 6.59125 20.8554 7.62976 24.6027 13.0854 1.2029 59.6791
264620 6.59125 20.8554 7.62976 24.6027 13.0854 1.2029 59.6791
264632 5.25753 21.1711 7.30595 25.5193 14.3986 1.6193 59.2539
264640 4.10745 21.4102 7.08333 26.3297 15.5051 2.00966 58.9308
264653 4.10745 21.4102 7.08333 26.3297 15.5051 2.00966 58.9308
264660 3.17965 21.5442 7.05298 27.0148 16.2975 2.38399 58.7916
264673 3.17965 21.5442 7.05298 27.0148 16.2975 2.38399 58.7916
264685 2.72541 21.5729 7.00238 27.5165 16.7305 2.60652 58.8171
264696 2.73508 21.6016 7.15417 27.748 16.6531 2.67532 59.2388
264720 2.69642 21.3146 7.11369 27.6708 16.6574 2.74856 58.7955
264722 2.54179 20.9032 7.09345 27.5647 16.7085 2.89481 58.1031
264732 2.54179 20.9032 7.09345 27.5647 16.7085 2.89481 58.1031
264750 2.39682 20.4153 7.10357 27.4875 16.7249 3.07796 57.4032
264752 2.39682 20.4153 7.10357 27.4875 16.7249 3.07796 57.4032
264762 2.30984 19.8987 7.07321 27.3331 16.7133 3.23179 56.6149
264773 2.17453 19.6404 7.0631 27.1981 16.7633 3.32929 56.0761
264783 2.17453 19.6404 7.0631 27.1981 16.7633 3.32929 56.0761
264793 2.26151 19.4682 7.0125 27.1112 16.6979 3.32854 55.8535
264803 2.1552 19.2386 7.08333 27.1305 16.6931 3.45817 55.6077
264830 2.07789 19.009 7.21488 27.3814 16.6557 3.63917 55.6832
264834 2.07789 19.009 7.21488 27.3814 16.6557 3.63917 55.6832
264844 2.08755 18.9325 7.2756 27.5743 16.6206 3.71307 55.87
264854 2.07789 18.9133 7.31607 27.6419 16.6049 3.74449 55.9492
264867 2.07789 18.9133 7.31607 27.6419 16.6049 3.74449 55.9492
264875 3.07334 19.1047 7.96369 27.6322 15.4481 3.48373 57.7739
264891 4.83229 19.4204 8.35833 26.5999 13.8613 2.71206 59.2109
264895 4.83229 19.4204 8.35833 26.5999 13.8613 2.71206 59.2109
264905 7.14213 19.5447 8.52024 24.651 11.9171 1.62493 59.8581
264921 9.24901 19.3438 8.6619 21.8144 9.83904 0.47829 59.0692
264925 9.24901 19.3438 8.6619 21.8144 9.83904 0.47829 59.0692
264935 11.3752 19.0377 8.62143 18.6305 7.66133 -0.82224 57.6649
264950 11.3752 19.0377 8.62143 18.6305 7.66133 -0.82224 57.6649
264957 13.83 18.5211 9.69405 15.6156 4.60133 -1.83178 57.6608
264967 16.2558 17.9567 13.175 13.4954 0.829992 -1.85817 60.8829
264977 16.2558 17.9567 13.175 13.4954 0.829992 -1.85817 60.8829
264987 18.0775 17.1435 17.2224 11.8206 -2.46474 -1.44204 64.264
264997 19.0204 15.6627 18.7081 9.66173 -4.9181 -1.5019 63.0529
265007 19.0204 15.6627 18.7081 9.66173 -4.9181 -1.5019 63.0529
265022 20.0306 14.0368 19.7996 8.3451 -7.01163 -1.428 62.2121
265028 20.0306 14.0368 19.7996 8.3451 -7.01163 -1.428 62.2121
265042 21.0407 12.4782 20.9923 7.60934 -8.8318 -1.18737 62.1206
265048 21.6853 10.708 21.5987 6.79613 -10.6024 -0.986665 60.7881
265058 21.6853 10.708 21.5987 6.79613 -10.6024 -0.986665 60.7881
265068 22.0606 8.91851 22.0131 6.06036 -12.3173 -0.738059 59.0525
265078 22.378 6.87889 22.8014 5.46014 -14.2739 -0.259578 57.5185
265108 22.9842 5.05093 23.6807 4.98576 -16.1495 0.167035 56.7016
265114 22.9842 5.05093 23.6807 4.98576 -16.1495 0.167035 56.7016
265123 23.5614 3.57895 24.5904 4.64692 -17.7047 0.557917 56.3776
265132 24.2445 3.06904 25.4495 4.6082 -18.3091 0.717469 57.3712
265139 24.2445 3.06904 25.4495 4.6082 -18.3091 0.717469 57.3712
265153 24.966 3.08829 25.8032 4.77278 -18.2961 0.645143 58.6303
265162 24.966 3.08829 25.8032 4.77278 -18.2961 0.645143 58.6303
265173 25.2354 3.11715 25.7426 4.67597 -18.3699 0.52729 58.7711
265179 25.3509 3.11715 25.2473 4.53075 -18.4348 0.337377 58.2461
265189 25.3509 3.11715 25.2473 4.53075 -18.4348 0.337377 58.2461
265199 25.4278 3.12677 24.7824 4.35649 -18.5146 0.15191 57.6935
265216 25.3605 3.09791 24.3276 4.21128 -18.5881 0.0211734 56.9973
265219 25.3605 3.09791 24.3276 4.21128 -18.5881 0.0211734 56.9973
265238 25.0911 3.0498 23.9738 4.08542 -18.652 -0.0217938 56.2002
265254 24.687 2.91511 23.8424 4.06606 -18.7119 0.0827837 55.5107
265280 24.1675 2.82852 23.9839 4.12415 -18.6913 0.302714 55.1041
265290 23.5037 2.69383 24.6914 4.4533 -18.5428 0.798819 55.3423
265314 23.3786 3.19411 25.1665 5.06321 -17.7315 0.965704 56.8024
265323 23.3786 3.19411 25.1665 5.06321 -17.7315 0.965704 56.8024
265332 23.4941 4.77193 25.2271 5.59567 -16.2271 0.649057 59.0888
265342 23.4652 6.49406 24.4489 6.03132 -14.6381 0.129288 60.4394
265354 23.4652 6.49406 24.4489 6.03132 -14.6381 0.129288 60.4394
265362 23.0707 7.62932 23.2562 6.3992 -13.3784 -0.259615 60.3555
265374 22.3396 8.81268 21.4067 6.9123 -11.7793 -0.714617 59.4712
265383 22.3396 8.81268 21.4067 6.9123 -11.7793 -0.714617 59.4712
265398 21.5507 10.4097 19.9715 9.50683 -8.79151 -0.605992 61.4387
265403 20.7233 12.2377 18.5868 13.3599 -5.28153 -0.234388 64.9077
265413 20.7233 12.2377 18.5868 13.3599 -5.28153 -0.234388 64.9077
265428 19.386 13.0939 15.3708 14.086 -3.05831 -0.732139 61.9367
265434 19.386 13.0939 15.3708 14.086 -3.05831 -0.732139 61.9367
265446 18.0294 13.9791 12.1732 14.3764 -0.788599 -1.39832 58.5581
265464 16.5168 14.8449 10.1696 15.7995 1.72597 -1.41089 57.3309
265469 16.5168 14.8449 10.1696 15.7995 1.72597 -1.41089 57.3309
265484 15.0284 15.6435 9.65357 18.3507 3.96762 -0.68194 58.6762
265486 13.4338 16.2015 9.50179 20.8978 5.89814 0.190986 60.0349
265497 13.4338 16.2015 9.50179 20.8978 5.89814 0.190986 60.0349
265505 11.7715 16.7306 9.28929 22.9915 7.67542 0.932508 60.7829
265516 11.7715 16.7306 9.28929 22.9915 7.67542 0.932508 60.7829
265525 9.80955 17.1531 8.89464 24.5834 9.52682 1.61699 60.4407
265540 7.722 17.4496 8.36845 25.9052 11.4662 2.29674 59.4453
265545 7.722 17.4496 8.36845 25.9052 11.4662 2.29674 59.4453
265562 5.52814 17.7271 7.93333 27.0244 13.4377 3.01544 58.2129
265567 3.69187 17.7845 7.63988 28.076 15.0933 3.73466 57.1923
265577 3.69187 17.7845 7.63988 28.076 15.0933 3.73466 57.1923
265587 2.25185 17.9184 7.4375 28.8768 16.423 4.28721 56.4846
265597 2.25185 17.9184 7.4375 28.8768 16.423 4.28721 56.4846
265611 1.98124 18.2341 7.5994 29.4943 16.6412 4.41773 57.3091
265617 1.9909 18.4637 7.62976 29.8224 16.693 4.40299 57.9067
265634 1.9909 18.4637 7.62976 29.8224 16.693 4.40299 57.9067
265637 1.95225 18.4541 7.52857 29.6776 16.7719 4.374 57.6126
265652 1.90392 18.3106 7.54881 29.311 16.7189 4.37462 57.0744
265659 1.90392 18.3106 7.54881 29.311 16.7189 4.37462 57.0744
265668 1.93292 18.2437 7.25536 28.9733 16.8551 4.26878 56.4053
265682 1.93292 18.2437 7.25536 28.9733 16.8551 4.26878 56.4053
265688 1.91359 18.0619 7.28571 28.6163 16.7683 4.27539 55.8775
265698 1.80728 17.9662 7.36667 28.5681 16.7661 4.35158 55.7083
265710 1.80728 17.9662 7.36667 28.5681 16.7661 4.35158 55.7083
265719 1.80728 17.7558 7.23512 28.5778 16.8354 4.40169 55.3759
265729 1.80728 17.6505 7.35655 28.5681 16.7268 4.45994 55.3825
265739 1.80728 17.6505 7.35655 28.5681 16.7268 4.45994 55.3825
265752 1.73962 17.4783 7.37679 28.6935 16.7556 4.57213 55.2883
265764 1.73962 17.4783 7.37679 28.6935 16.7556 4.57213 55.2883
265776 2.1552 17.3922 8.0244 28.8575 15.9802 4.60784 56.4294
265784 3.97214 17.6697 8.79345 28.5006 14.1699 3.98371 58.9358
265790 3.97214 17.6697 8.79345 28.5006 14.1699 3.98371 58.9358
265800 6.36896 17.7175 9.25893 26.8411 12.0171 2.99408 60.1865
265810 9.26833 17.5644 9.38036 24.2747 9.58475 1.69181 60.4878
265845 12.0614 17.2583 9.5119 21.0233 6.97866 0.304606 59.8549
265849 12.0614 17.2583 9.5119 21.0233 6.97866 0.304606 59.8549
265857 14.4775 16.2977 10.3417 17.3956 3.79152 -0.778804 58.5125
265868 16.9613 15.2779 12.2643 13.6794 -0.115314 -1.62304 58.1829
265872 16.9613 15.2779 12.2643 13.6794 -0.115314 -1.62304 58.1829
265882 19.2417 13.9887 14.6119 10.0587 -4.23405 -2.21752 57.9009
265893 21.3775 12.6514 16.4536 6.94134 -7.94023 -2.77776 57.4238
265908 21.3775 12.6514 16.4536 6.94134 -7.94023 -2.77776 57.4238
265916 23.4941 11.2179 18.3847 5.38269 -10.8065 -2.8073 58.4793
265939 25.399 9.71703 20.305 4.83087 -12.9274 -2.48461 60.2519
265943 27.0057 8.00453 21.4471 4.38554 -14.818 -2.26261 60.8428
265953 27.0057 8.00453 21.4471 4.38554 -14.818 -2.26261 60.8428
265968 28.2371 6.50368 22.0333 3.98861 -16.3662 -2.15236 60.7627
265974 29.1896 5.29145 22.4578 3.61105 -17.6486 -2.08395 60.5499
265988 29.1896 5.29145 22.4578 3.61105 -17.6486 -2.08395 60.5499
265994 30.1324 4.46406 22.3769 3.18508 -18.6425 -2.25267 60.1585
266004 30.1324 4.46406 22.3769 3.18508 -18.6425 -2.25267 60.1585
266015 30.9213 4.11771 22.0737 2.92369 -19.1357 -2.50888 60.0365
266024 31.3928 4.2043 21.7806 2.8172 -19.1677 -2.74091 60.1949
266050 31.5371 4.29089 21.2045 2.72039 -19.1331 -2.98807 59.7529
266055 31.5274 4.23316 20.6587 2.5074 -19.2806 -3.20596 58.9268
266065 31.5274 4.23316 20.6587 2.5074 -19.2806 -3.20596 58.9268
266075 31.1619 4.14658 19.9715 2.35251 -19.3616 -3.37947 57.6324
266088 31.1619 4.14658 19.9715 2.35251 -19.3616 -3.37947 57.6324
266095 30.7289 4.07923 19.4257 2.25569 -19.3928 -3.48563 56.4895
266109 30.2479 3.95416 19.0012 2.11048 -19.518 -3.54985 55.3137
266118 30.2479 3.95416 19.0012 2.11048 -19.518 -3.54985 55.3137
266131 29.6802 3.81947 18.9102 2.09112 -19.5776 -3.43985 54.5011
266136 29.2377 3.70402 19.1528 2.18793 -19.5729 -3.20573 54.2824
266146 29.2377 3.70402 19.1528 2.18793 -19.5729 -3.20573 54.2824
266156 29.0549 3.67516 19.5268 2.27506 -19.5443 -3.00601 54.5319
266175 28.8913 3.63667 20.022 2.44932 -19.4672 -2.74277 54.9993
266177 28.8913 3.63667 20.022 2.44932 -19.4672 -2.74277 54.9993
266198 28.7374 3.60781 20.4263 2.72039 -19.2981 -2.48646 55.4919
266199 28.7374 3.60781 20.4263 2.72039 -19.2981 -2.48646 55.4919
266208 28.9587 5.37804 20.7901 3.5336 -17.404 -2.56041 58.6605
266227 28.9202 7.07131 20.305 4.35649 -15.5794 -2.80201 60.653
266228 28.9202 7.07131 20.305 4.35649 -15.5794 -2.80201 60.653
266240 28.6123 9.24561 19.0618 4.918 -13.5478 -3.36642 61.8378
266257 28.6123 9.24561 19.0618 4.918 -13.5478 -3.36642 61.8378
266258 27.7657 11.2949 17 5.48918 -11.3655 -4.03853 61.5497
266268 26.3514 13.6135 14.5006 5.98292 -8.79082 -4.83422 60.4484
266278 26.3514 13.6135 14.5006 5.98292 -8.79082 -4.83422 60.4484
266293 24.5523 15.7493 12.0315 7.2221 -5.71423 -5.30129 59.5553
266298 22.3877 17.6792 10.4631 10.3685 -1.97175 -4.73789 60.8984
266316 22.3877 17.6792 10.4631 10.3685 -1.97175 -4.73789 60.8984
266319 20.0402 19.2577 9.24881 14.0763 1.61484 -3.82594 62.623
266330 20.0402 19.2577 9.24881 14.0763 1.61484 -3.82594 62.623
266341 17.2886 20.3962 7.95357 16.3126 4.62729 -3.249 61.951
266349 14.3616 21.4198 7.04286 17.8104 7.34968 -2.70342 60.6347
266367 14.3616 21.4198 7.04286 17.8104 7.34968 -2.70342 60.6347
266370 11.3559 22.1469 6.34464 19.3445 10.0482 -1.98007 59.1919
266379 8.46617 22.5295 6.14226 21.0136 12.4394 -0.990473 58.1516
266393 8.46617 22.5295 6.14226 21.0136 12.4394 -0.990473 58.1516
266404 6.10802 22.7113 5.90952 22.6538 14.5286 -0.0669184 57.3827
266417 6.10802 22.7113 5.90952 22.6538 14.5286 -0.0669184 57.3827
266420 4.25242 22.9887 5.70714 23.9177 16.243 0.628765 56.866
266442 3.083 23.4192 5.69702 24.8053 17.2988 1.05258 57.0046
266444 3.083 23.4192 5.69702 24.8053 17.2988 1.05258 57.0046
266450 3.07334 23.9932 5.83869 25.4807 17.368 1.09259 58.386
266469 3.16998 24.3855 5.7881 25.5579 17.3957 0.965304 58.9014
266483 3.05401 24.529 5.69702 25.3939 17.5427 0.896797 58.6739
266497 3.05401 24.529 5.69702 25.3939 17.5427 0.896797 58.6739
266502 3.083 24.5577 5.56548 24.979 17.5681 0.74859 58.1852
266512 3.02501 24.6438 5.41369 24.7185 17.7002 0.639278 57.801
266538 3.06367 24.6246 5.17083 24.4194 17.8119 0.498072 57.2786
266542 3.03468 24.5194 5.16071 24.0045 17.7755 0.426087 56.7193
266559 3.03468 24.5194 5.16071 24.0045 17.7755 0.426087 56.7193
266568 2.95736 24.2515 5.0494 23.6669 17.8415 0.404295 55.9252
266578 2.95736 24.2515 5.0494 23.6669 17.8415 0.404295 55.9252
266586 2.89937 24.0124 4.91786 23.2423 17.9027 0.340038 55.072
266603 2.88971 23.8497 4.84702 22.895 17.8997 0.276033 54.4815
266606 2.88971 23.8497 4.84702 22.895 17.8997 0.276033 54.4815
266614 2.88971 23.8593 4.8369 22.8275 17.9001 0.252331 54.4134
266633 2.96703 23.955 4.97857 22.9143 17.7523 0.265676 54.8149
266635 2.96703 23.955 4.97857 22.9143 17.7523 0.265676 54.8149
266652 4.54235 24.462 5.61607 22.9432 16.1764 -0.115971 57.5637
266654 4.54235 24.462 5.61607 22.9432 16.1764 -0.115971 57.5637
266664 6.07902 24.6533 6.06131 22.2196 14.7139 -0.623104 59.0133
266675 8.26322 24.816 6.34464 20.7628 12.8645 -1.48832 60.1866
266684 8.26322 24.816 6.34464 20.7628 12.8645 -1.48832 60.1866
266701 10.5054 24.5577 6.54702 18.5051 10.8169 -2.49794 60.1152
266704 13.0955 24.1463 7.09345 15.9448 8.25402 -3.53441 60.28
266725 13.0955 24.1463 7.09345 15.9448 8.25402 -3.53441 60.28
266727 15.676 23.3427 9.35 13.5826 4.80189 -3.89486 61.9512
266739 15.676 23.3427 9.35 13.5826 4.80189 -3.89486 61.9512
266751 17.7504 22.0895 13.7619 12.0336 0.994414 -3.20964 65.6354
266754 19.0589 20.0231 15.4923 9.8844 -1.80102 -3.18932 64.4586
266780 20.0113 17.6505 15.806 7.9385 -4.16416 -3.39967 61.4063
266785 20.983 15.326 16.575 6.82517 -6.4508 -3.24293 59.7092
266805 20.983 15.326 16.575 6.82517 -6.4508 -3.24293 59.7092
266806 21.9355 13.219 17.4952 6.05068 -8.5864 -2.96639 58.7004
266815 21.9355 13.219 17.4952 6.05068 -8.5864 -2.96639 58.7004
266831 22.5416 11.2179 18.5363 5.45046 -10.5676 -2.53855 57.7462
266840 23.2054 9.25523 19.648 4.88895 -12.5923 -2.08526 56.9977
266858 23.8019 7.39842 20.8508 4.4533 -14.5126 -1.56526 56.5044
266867 24.4658 5.74363 21.9322 4.17255 -16.1957 -1.09332 56.3142
266884 24.4658 5.74363 21.9322 4.17255 -16.1957 -1.09332 56.3142
266892 25.0815 4.36786 23.2663 4.15319 -17.5082 -0.535392 56.8689
266898 25.0815 4.36786 23.2663 4.15319 -17.5082 -0.535392 56.8689
266911 25.7261 3.54046 24.3882 4.21128 -18.302 -0.172913 57.8661
266925 26.2264 3.52122 24.8936 4.27904 -18.3807 -0.146378 58.9202
266938 26.2264 3.52122 24.8936 4.27904 -18.3807 -0.146378 58.9202
266944 26.6016 3.53084 24.742 4.19191 -18.4626 -0.304373 59.0663
266954 26.6304 3.55008 24.4994 4.14351 -18.4604 -0.392093 58.8234
266965 26.6304 3.55008 24.4994 4.14351 -18.4604 -0.392093 58.8234
266973 26.4477 3.50198 24.2164 4.00797 -18.5453 -0.44485 58.174
266991 26.0821 3.41539 24.0244 4.03702 -18.5263 -0.374241 57.5588
266999 25.3797 3.26146 23.7111 4.00797 -18.5509 -0.245431 56.3602
267009 25.3797 3.26146 23.7111 4.00797 -18.5509 -0.245431 56.3602
267020 24.6774 3.07866 23.7111 3.96925 -18.6432 -0.0205046 55.4364
267029 23.9751 2.92473 23.7313 4.03702 -18.6327 0.238289 54.6681
267049 23.9751 2.92473 23.7313 4.03702 -18.6327 0.238289 54.6681
267054 23.5229 2.80928 24.0143 4.15319 -18.6124 0.505117 54.4997
267062 23.5229 2.80928 24.0143 4.15319 -18.6124 0.505117 54.4997
267076 23.2247 2.86701 24.1962 4.25968 -18.4675 0.65013 54.5476
267080 22.9938 3.64629 24.4084 4.99544 -17.2902 0.739728 56.044
267090 22.9938 3.64629 24.4084 4.99544 -17.2902 0.739728 56.044
267105 23.09 5.37804 23.9132 5.34396 -15.7129 0.205058 57.7252
267115 22.811 7.34069 22.5083 5.76025 -13.7873 -0.483504 58.4202
267133 22.1664 9.23599 20.8002 6.65091 -11.503 -1.00705 58.8535
267142 22.1664 9.23599 20.8002 6.65091 -11.503 -1.00705 58.8535
267160 21.2139 11.4969 19.6177 11.0655 -7.20465 -0.479761 63.394
267165 20.223 14.1715 17.7075 15.5769 -3.02241 -0.246034 67.6788
267172 20.223 14.1715 17.7075 15.5769 -3.02241 -0.246034 67.6788
267188 18.3084 15.0181 13.0637 14.6669 -0.69081 -1.37478 61.0571
267192 16.3911 16.1534 9.31964 13.9021 1.9477 -2.50765 55.7662
267215 16.3911 16.1534 9.31964 13.9021 1.9477 -2.50765 55.7662
267218 14.6708 17.2774 7.58929 15.5091 4.78068 -2.41156 55.0467
267226 14.6708 17.2774 7.58929 15.5091 4.78068 -2.41156 55.0467
267231 13.0182 18.5881 7.4881 18.756 7.27642 -1.39037 57.8503
267247 11.4525 19.8126 7.63988 21.3127 9.14719 -0.576045 60.2177
267253 11.4525 19.8126 7.63988 21.3127 9.14719 -0.576045 60.2177
267265 9.65492 20.6927 7.63988 23.1266 10.8504 0.102788 61.1141
267273 9.65492 20.6927 7.63988 23.1266 10.8504 0.102788 61.1141
267294 7.74133 21.2954 7.4375 24.458 12.5445 0.703747 60.9323
267295 5.72143 21.812 7.26548 25.6158 14.2519 1.32777 60.4147
267303 5.72143 21.812 7.26548 25.6158 14.2519 1.32777 60.4147
267322 4.1751 22.1851 7.20476 26.4359 15.5169 1.82007 60.0009
267332 3.12166 22.4913 7.00238 26.7543 16.4737 2.05754 59.3696
267338 3.12166 22.4913 7.00238 26.7543 16.4737 2.05754 59.3696
267351 2.97669 22.74 6.97202 26.6481 16.6167 1.99795 59.3369
267358 2.97669 22.74 6.97202 26.6481 16.6167 1.99795 59.3369
267363 2.99602 22.8739 6.78988 26.1657 16.6823 1.80678 58.8256
267383 2.96703 22.7496 6.65833 25.7123 16.7147 1.71827 58.0872
267386 2.96703 22.7496 6.65833 25.7123 16.7147 1.71827 58.0872
267394 2.92837 22.5869 6.44583 25.3649 16.8238 1.64727 57.3261
267411 2.83172 22.3286 6.33452 25.0176 16.8901 1.64346 56.5125
267419 2.83172 22.3286 6.33452 25.0176 16.8901 1.64346 56.5125
267425 2.72541 21.9747 6.18274 24.6317 16.9767 1.65209 55.5145
267439 2.72541 21.9747 6.18274 24.6317 16.9767 1.65209 55.5145
267445 2.62877 21.6972 6.17262 24.5159 17.0009 1.73477 55.0145
267455 2.56111 21.3911 6.25357 24.7474 16.9798 1.92403 54.9532
267468 2.56111 21.3911 6.25357 24.7474 16.9798 1.92403 54.9532
267475 2.47413 21.1424 6.76964 25.2202 16.6882 2.25874 55.6064
267497 4.25242 21.1328 7.63988 25.5579 14.85 2.00038 58.583
267499 4.25242 21.1328 7.63988 25.5579 14.85 2.00038 58.583
267507 6.40762 20.9893 8.20655 25.0562 12.954 1.4505 60.6597
267527 6.40762 20.9893 8.20655 25.0562 12.954 1.4505 60.6597
267528 8.93007 20.5014 8.60119 24.0142 10.8726 0.769717 62.0469
267537 11.6652 19.8796 8.96548 22.3933 8.60137 -0.0443405 62.9035
267557 11.6652 19.8796 8.96548 22.3933 8.60137 -0.0443405 62.9035
267559 13.5884 18.942 9.30952 20.4251 6.61253 -0.673533 62.2651
267567 15.2604 17.928 9.81548 18.3411 4.56159 -1.23037 61.3449
267586 15.2604 17.928 9.81548 18.3411 4.56159 -1.23037 61.3449
267588 16.4781 16.7114 10.3214 16.1384 2.53574 -1.69231 59.6493
267598 16.4781 16.7114 10.3214 16.1384 2.53574 -1.69231 59.6493
267617 17.2886 15.4414 10.9286 13.9021 0.489169 -2.05855 57.5607
267618 18.0872 14.1041 11.6774 11.7528 -1.75631 -2.36268 55.6215
267628 18.0872 14.1041 11.6774 11.7528 -1.75631 -2.36268 55.6215
267645 18.8664 12.5552 13.0435 9.68109 -4.46644 -2.40933 54.1462
267657 19.7323 11.1602 15.1482 8.17084 -7.17077 -2.09552 54.2115
267674 19.7323 11.1602 15.1482 8.17084 -7.17077 -2.09552 54.2115
267675 20.704 9.794 18.041 7.13497 -9.79635 -1.43389 55.674
267683 20.704 9.794 20.9721 7.13497 -10.5567 -0.611976 58.605
267703 21.7431 8.42784 20.9721 6.48633 -12.0602 -0.706026 57.6293
267704 22.5801 6.87889 23.7515 6.14749 -14.0273 0.111192 59.358
267710 22.5801 6.87889 23.7515 6.14749 -14.0273 0.111192 59.358
267719 23.446 5.46463 25.8841 6.03132 -15.5501 0.741 60.826
267737 23.7827 4.11771 27.1879 5.91515 -16.7768 1.27926 61.0034
267739 23.7827 4.11771 27.1879 5.91515 -16.7768 1.27926 61.0034
267768 23.9366 3.32881 27.8954 5.78929 -17.52 1.57979 60.9501
267768 23.9366 3.32881 27.8954 5.78929 -17.52 1.57979 60.9501
267774 23.8885 2.95359 28.047 5.65376 -17.8915 1.69928 60.5428
267779 23.4556 2.7708 27.8448 5.59567 -17.989 1.8136 59.6669
267798 23.4556 2.7708 27.8448 5.59567 -17.989 1.8136 59.6669
267802 22.8783 2.54952 27.39 5.5279 -18.078 1.92561 58.3458
267810 22.1471 2.47255 26.9857 5.40205 -18.0934 2.04396 57.0075
267831 22.1471 2.47255 26.9857 5.40205 -18.0934 2.04396 57.0075
267834 21.4929 2.39559 26.5916 5.30524 -18.0978 2.15333 55.7853
267861 21.4929 2.39559 26.5916 5.30524 -18.0978 2.15333 55.7853
267862 21.0023 2.26089 26.2782 5.24715 -18.1482 2.26203 54.7886
267863 20.704 2.25127 26.2277 5.24715 -18.1119 2.34784 54.4302
267871 20.704 2.25127 26.2277 5.24715 -18.1119 2.34784 54.4302
267891 20.5308 2.23203 26.3288 5.34396 -18.0413 2.45516 54.4356
267893 20.5212 2.21279 26.7027 5.44077 -18.0267 2.57195 54.8775
267902 20.5212 2.21279 26.7027 5.44077 -18.0267 2.57195 54.8775
267927 20.4827 2.25127 26.915 5.87642 -17.6811 2.71697 55.5254
267939 20.6655 3.84833 26.8948 6.30239 -16.2056 2.25692 57.711
267943 20.6559 5.92643 25.9043 6.80581 -14.2632 1.55022 59.2924
267955 20.6559 5.92643 25.9043 6.80581 -14.2632 1.55022 59.2924
267963 20.2134 7.87946 24.2164 7.39636 -12.2074 0.884328 59.7056
267984 19.107 9.82286 21.8413 8.20957 -9.71327 0.285094 58.9807
267988 19.107 9.82286 21.8413 8.20957 -9.71327 0.285094 58.9807
267994 17.8755 12.5071 20.1837 12.779 -5.04105 0.61098 63.3453
268010 17.8755 12.5071 20.1837 12.779 -5.04105 0.61098 63.3453
268023 16.4878 15.0758 18.698 19.1129 -0.359274 1.35078 69.3745
268042 13.6657 15.807 13.4988 18.9682 3.07181 0.725128 61.9398
268043 13.6657 15.807 13.4988 18.9682 3.07181 0.725128 61.9398
268045 10.805 17.1435 9.28929 18.9489 7.11829 0.0773424 56.1867
268074 8.38886 18.5689 7.44762 20.8689 10.6746 0.368721 55.2743
268076 8.38886 18.5689 7.44762 20.8689 10.6746 0.368721 55.2743
268077 6.35929 19.9274 6.9619 22.9529 13.1487 0.968328 56.2015
268085 6.35929 19.9274 6.9619 22.9529 13.1487 0.968328 56.2015
268107 4.9386 21.1137 6.90119 24.7185 14.7352 1.44804 57.672
268108 3.88516 22.1564 6.78988 25.7509 15.8889 1.6641 58.5823
268142 3.23764 23.1514 6.62798 26.3201 16.6868 1.65808 59.3371
268144 3.2473 24.1559 6.71905 26.7253 16.8104 1.48926 60.8475
268147 3.2473 24.1559 6.71905 26.7253 16.8104 1.48926 60.8475
268157 3.45992 24.8638 6.62798 26.7639 16.8271 1.23181 61.7156
268176 3.45992 25.2178 6.4256 26.3008 16.9504 0.989029 61.4041
268208 3.5469 25.3708 6.17262 25.8763 17.0288 0.770375 60.9666
268209 3.5469 25.3708 6.17262 25.8763 17.0288 0.770375 60.9666
268210 3.45026 25.2752 6.06131 25.4904 17.1101 0.703307 60.2771
268218 3.36327 25.1891 5.90952 25.2395 17.234 0.652413 59.7014
268242 3.36327 25.1891 5.90952 25.2395 17.234 0.652413 59.7014
268243 3.31495 24.9116 5.6869 24.8343 17.3386 0.585873 58.7478
268248 3.2473 24.5864 5.5756 24.3712 17.3652 0.548564 57.7804
268258 3.2473 24.5864 5.5756 24.3712 17.3652 0.548564 57.7804
268273 3.083 24.2133 5.50476 24.13 17.4577 0.616125 56.931
268279 3.083 24.2133 5.50476 24.13 17.4577 0.616125 56.931
268289 3.04434 23.7636 5.41369 23.8405 17.4566 0.654511 56.0622
268303 2.90904 23.4097 5.39345 23.744 17.5144 0.762432 55.4562
268309 2.90904 23.4097 5.39345 23.744 17.5144 0.762432 55.4562
268319 2.82206 23.0653 5.46429 23.7923 17.4866 0.916484 55.1439
268334 2.76407 22.7974 5.43393 23.8309 17.5237 1.0132 54.8263
268339 2.76407 22.7974 5.43393 23.8309 17.5237 1.0132 54.8263
268371 3.17965 22.4339 6.17262 24.0528 16.6257 1.23889 55.8389
268373 3.17965 22.4339 6.17262 24.0528 16.6257 1.23889 55.8389
268374 4.1751 22.1469 6.65833 23.9274 15.4816 1.12385 56.9077
268403 5.52814 21.6303 7.07321 23.1845 14.0263 0.80968 57.4161
268404 5.52814 21.6303 7.07321 23.1845 14.0263 0.80968 57.4161
268405 7.16146 21.0371 7.4881 21.9205 12.285 0.315076 57.6072
268419 8.9494 20.2048 8.86429 20.2418 9.71198 -0.0124061 58.2603
268420 8.9494 20.2048 8.86429 20.2418 9.71198 -0.0124061 58.2603
268438 10.602 19.1142 13.9339 19.2384 5.4925 0.824318 62.8886
268442 10.602 19.1142 13.9339 19.2384 5.4925 0.824318 62.8886
268452 12.2257 17.5357 19.2842 17.7236 1.40389 1.62793 66.7692
268475 12.6413 15.0662 19.3044 13.5438 -1.37708 1.2734 60.5557
