495614 11.5009 14.8065 17.6671 13.9795 -0.164771 1.38194 57.9539
495622 11.5009 14.8065 17.6671 13.9795 -0.164771 1.38194 57.9539
495630 12.4383 13.1517 19.7794 11.7625 -3.19591 1.56269 57.1319
495640 13.3758 11.4199 22.2658 10.4265 -5.99911 2.06041 57.488
495666 14.004 9.59196 24.7723 9.76822 -8.34936 2.82385 58.1365
495675 14.3712 7.61007 27.2283 9.69077 -10.3135 3.80416 58.9004
495687 14.3712 7.61007 27.2283 9.69077 -10.3135 3.80416 58.9004
495694 14.7288 5.73401 29.4013 9.68109 -12.056 4.69044 59.5452
495701 14.9608 5.73401 30.978 9.55524 -12.5145 4.86014 61.228
495711 14.9608 4.05999 30.978 9.55524 -13.569 5.4184 59.554
495728 15.2121 2.94397 32.1706 9.46811 -14.6211 5.89083 59.7948
495733 15.2121 2.94397 32.1706 9.46811 -14.6211 5.89083 59.7948
495743 15.4537 2.11658 32.7568 9.33257 -15.4046 6.16476 59.6597
495753 15.4247 1.77023 33.0196 9.26481 -15.7236 6.32729 59.4793
495763 15.4247 1.77023 33.0196 9.26481 -15.7236 6.32729 59.4793
495774 15.3474 1.6644 32.8478 9.17768 -15.8176 6.35541 59.0372
495788 15.0671 1.64516 32.4839 9.05182 -15.8177 6.39254 58.248
495794 15.0671 1.64516 32.4839 9.05182 -15.8177 6.39254 58.248
495804 14.7771 1.55857 32.0999 8.96469 -15.8334 6.46221 57.4003
495814 14.7771 1.55857 32.0999 8.96469 -15.8334 6.46221 57.4003
495824 14.3519 1.44312 31.5743 8.82916 -15.8607 6.56826 56.1985
495836 13.8783 1.37578 31.0589 8.73235 -15.8184 6.68642 55.0453
495845 13.8783 1.37578 31.0589 8.73235 -15.8184 6.68642 55.0453
495856 13.3854 1.62592 30.5535 8.99374 -15.2677 6.74574 54.5586
495865 13.1342 2.69383 29.9471 9.46811 -13.9924 6.40455 55.2432
495878 13.1342 2.69383 29.9471 9.46811 -13.9924 6.40455 55.2432
495894 13.0182 4.57951 29.1486 9.89408 -12.2233 5.67925 56.6404
495903 13.0182 4.57951 29.1486 9.89408 -12.2233 5.67925 56.6404
495911 12.7862 6.71534 28.1076 10.6008 -10.1261 4.94936 58.21
495921 12.6219 8.99547 26.8644 11.2591 -8.04799 4.14443 59.741
495930 12.6219 8.99547 26.8644 11.2591 -8.04799 4.14443 59.741
495942 12.2933 11.0255 25.2878 12.2175 -5.89326 3.49857 60.8241
495948 11.9068 12.94 23.8323 14.1731 -3.43105 3.14039 62.8522
495956 11.9068 12.94 23.8323 14.1731 -3.43105 3.14039 62.8522
495971 11.3462 14.6044 21.7806 16.0416 -0.972536 2.79231 63.7728
495981 11.3462 14.6044 21.7806 16.0416 -0.972536 2.79231 63.7728
495988 10.5441 15.807 18.4251 16.2933 1.2818 2.05519 61.0694
495998 9.30699 16.8076 14.7536 16.1287 3.89308 1.25473 56.9968
496008 9.30699 16.8076 14.7536 16.1287 3.89308 1.25473 56.9968
496018 8.24389 17.8323 11.8899 16.8548 6.63676 0.730144 54.8209
496028 7.33542 18.8751 9.7244 18.0999 9.21404 0.447991 54.0348
496043 7.33542 18.8751 9.7244 18.0999 9.21404 0.447991 54.0348
496050 6.56225 19.7935 8.42917 19.8269 11.2746 0.52196 54.6118
496059 6.56225 19.7935 8.42917 19.8269 11.2746 0.52196 54.6118
496069 5.85674 20.6066 8.18631 21.7179 12.5433 0.915649 56.3676
496079 5.29619 21.4102 8.13571 23.1459 13.4184 1.18347 57.988
496094 5.29619 21.4102 8.13571 23.1459 13.4184 1.18347 57.988
496100 4.78397 21.8694 8.25714 24.13 13.9558 1.45672 59.0405
496111 4.43604 22.1756 8.2875 24.8536 14.3532 1.63912 59.7527
496120 4.43604 22.1756 8.2875 24.8536 14.3532 1.63912 59.7527
496131 4.24275 22.5008 8.15595 25.2491 14.6933 1.66126 60.1487
496140 4.24275 22.5008 8.15595 25.2491 14.6933 1.66126 60.1487
496151 4.10745 22.6061 8.1256 25.4904 14.8615 1.71618 60.3295
496160 4.06879 22.6061 8.15595 25.4711 14.8637 1.72933 60.3019
496172 4.06879 22.6061 8.15595 25.4711 14.8637 1.72933 60.3019
496181 4.04946 22.5774 8.08512 25.3746 14.9024 1.70575 60.0865
496194 3.94315 22.3478 8.04464 25.1816 14.9291 1.7479 59.5172
496218 3.85617 22.0416 7.93333 24.8825 14.9602 1.7674 58.7137
496221 3.85617 22.0416 7.78155 24.8825 15.0637 1.7331 58.5619
496239 3.75952 21.6207 7.78155 24.651 15.0186 1.82977 57.8127
496248 3.72086 21.305 7.87262 24.5062 14.902 1.92135 57.4047
496258 3.72086 21.305 7.87262 24.5062 14.902 1.92135 57.4047
496266 3.68221 20.8936 7.93333 24.4677 14.8068 2.06008 56.9768
496278 3.62422 20.5301 8.21667 24.4869 14.5873 2.25543 56.8579
496284 3.62422 20.5301 8.21667 24.4869 14.5873 2.25543 56.8579
496293 4.10745 20.1857 8.5506 24.3519 13.9344 2.25786 57.1956
496303 4.8033 19.7935 8.70238 23.7247 13.1579 2.05976 57.0239
496321 4.8033 19.7935 8.70238 23.7247 13.1579 2.05976 57.0239
496324 5.84707 19.4491 8.8744 22.7213 12.0619 1.66094 56.8919
496350 7.18078 19.1047 8.99583 21.1873 10.6764 1.03535 56.4686
496355 8.56282 18.6168 10.2708 19.4892 8.46174 0.679788 56.9396
496365 8.56282 18.6168 10.2708 19.4892 8.46174 0.679788 56.9396
496375 10.0608 18.215 15.047 18.6498 4.74279 1.31212 61.9727
496385 11.3752 17.4879 18.6778 16.8161 1.65133 1.54545 64.3569
496395 11.3752 17.4879 18.6778 16.8161 1.65133 1.54545 64.3569
496406 12.1774 16.0379 18.3341 13.0211 -0.609577 0.790637 59.5705
496420 12.1774 16.0379 18.3341 13.0211 -0.609577 0.790637 59.5705
496427 13.4821 14.489 18.9203 10.2039 -3.37576 0.302956 57.0953
496436 14.6128 12.9208 21.5583 9.25513 -5.99654 0.843172 58.347
496448 14.6128 12.9208 21.5583 9.25513 -5.99654 0.843172 58.347
496456 15.5503 11.4295 24.4084 9.22608 -7.96145 1.6468 60.6144
496470 16.2945 9.9768 26.5309 9.08087 -9.60187 2.26407 61.8831
496494 16.971 8.57216 28.1885 8.92597 -11.0367 2.77012 62.6576
496498 16.971 8.57216 28.1885 8.92597 -11.0367 2.77012 62.6576
496513 17.2309 6.85003 29.4013 8.66458 -12.5178 3.37547 62.1468
496518 17.356 5.06055 30.2099 8.35478 -14.0004 3.97208 60.9812
496528 17.356 5.06055 30.2099 8.35478 -14.0004 3.97208 60.9812
496538 17.3463 3.47312 30.7354 8.04499 -15.3371 4.52038 59.5999
496548 17.4522 2.29938 30.8163 7.75456 -16.3807 4.84015 58.3224
496559 17.4522 2.29938 30.8163 7.75456 -16.3807 4.84015 58.3224
496568 17.7023 2.02999 30.6344 7.57061 -16.7147 4.78258 57.9373
496585 17.7023 2.02999 30.6344 7.57061 -16.7147 4.78258 57.9373
496594 17.8563 2.03962 30.3109 7.35763 -16.8376 4.63117 57.5644
496603 17.8178 2.04924 29.5327 7.16401 -16.8559 4.46303 56.5637
496613 17.8178 2.04924 29.5327 7.16401 -16.8559 4.46303 56.5637
496625 17.7312 2.03962 28.805 6.90262 -16.9408 4.30892 55.4784
496630 17.558 2.03962 27.8853 6.67027 -16.9581 4.14322 54.1532
496640 17.558 2.03962 27.8853 6.67027 -16.9581 4.14322 54.1532
496649 17.3271 1.91454 27.3092 6.53474 -17.0418 4.12605 53.0855
496659 17.3271 1.91454 27.3092 6.53474 -17.0418 4.12605 53.0855
496672 17.0481 2.52066 27.1778 7.09624 -16.0695 4.09672 53.8428
496679 17.2213 4.82003 26.6926 7.80296 -13.8365 3.30429 56.5369
496690 17.2213 4.82003 26.6926 7.80296 -13.8365 3.30429 56.5369
496704 17.5003 7.69666 25.3282 8.36446 -11.3634 2.16397 58.8896
496711 17.5291 10.4386 22.8317 8.61617 -8.96486 0.8786 59.4157
496720 17.5291 10.4386 22.8317 8.61617 -8.96486 0.8786 59.4157
496731 17.5772 13.5365 19.8906 8.87756 -6.28478 -0.587551 59.8819
496745 17.5772 13.5365 19.8906 8.87756 -6.28478 -0.587551 59.8819
496753 17.2694 16.2688 17.0606 10.32 -3.17683 -1.51616 60.9189
496765 16.5844 18.5402 14.7435 13.3696 0.230062 -1.66316 63.2377
496776 16.5844 18.5402 14.7435 13.3696 0.230062 -1.66316 63.2377
496784 15.1927 20.0518 11.6673 14.754 3.22131 -2.14623 61.6657
496793 13.4724 20.9989 8.62143 14.8024 5.91907 -2.86228 57.8951
496801 13.4724 20.9989 8.62143 14.8024 5.91907 -2.86228 57.8951
496811 11.8198 22.0799 7.00238 15.5188 8.31985 -3.02508 56.4209
496821 11.8198 22.0799 7.00238 15.5188 8.31985 -3.02508 56.4209
496836 10.4088 23.1322 6.45595 16.8548 10.1678 -2.6992 56.8517
496846 9.10404 24.0315 6.1119 18.042 11.7201 -2.35165 57.2895
496853 9.10404 24.0315 6.1119 18.042 11.7201 -2.35165 57.2895
496863 7.94429 24.6342 5.96012 18.9682 12.9107 -1.99546 57.5068
496873 6.93917 25.2465 5.85893 20.0488 13.9849 -1.62099 58.0934
496893 6.93917 25.2465 5.85893 20.0488 13.9849 -1.62099 58.0934
496896 6.12735 25.7439 5.91964 21.2066 14.7903 -1.20642 58.9975
496904 6.12735 25.7439 5.91964 21.2066 14.7903 -1.20642 58.9975
496917 5.41217 26.2319 5.87917 22.2389 15.5531 -0.884989 59.7621
496924 4.7743 26.2988 5.82857 22.7985 16.1199 -0.614577 59.7002
496934 4.7743 26.2988 5.82857 22.7985 16.1199 -0.614577 59.7002
496953 4.49403 26.2319 6.02083 23.1652 16.2247 -0.38554 59.9119
496964 4.34906 26.0023 5.87917 23.1845 16.3925 -0.325094 59.4149
496971 4.34906 26.0023 5.87917 23.1845 16.3925 -0.325094 59.4149
496981 4.29107 25.8492 5.96012 23.0494 16.3345 -0.286756 59.1498
496990 4.29107 25.8492 5.96012 23.0494 16.3345 -0.286756 59.1498
496999 4.16543 25.6483 5.8994 23.0108 16.4304 -0.230792 58.7239
497012 4.16543 25.2943 5.96012 23.059 16.3426 -0.113017 58.4789
497018 4.16543 25.2943 5.96012 23.059 16.3426 -0.113017 58.4789
497026 4.12678 24.9499 6.02083 23.2327 16.3016 0.0454742 58.3302
497035 3.95281 24.4046 6.18274 23.3581 16.2471 0.306598 57.8983
497049 3.95281 24.4046 6.18274 23.3581 16.2471 0.306598 57.8983
497058 3.76919 23.7062 6.25357 23.5125 16.2452 0.600252 57.2415
497066 3.76919 23.7062 6.25357 23.5125 16.2452 0.600252 57.2415
497080 3.53724 23.0079 6.41548 23.58 16.1986 0.915374 56.5406
497086 3.4116 22.2808 6.54702 23.5704 16.0781 1.1893 55.8098
497113 3.53724 21.6972 6.78988 23.5704 15.7121 1.38298 55.5947
497118 4.15577 21.2189 7.19464 23.6283 14.9013 1.45422 56.1976
497144 4.639 20.6162 7.9131 23.3388 13.8933 1.59184 56.5071
497151 4.639 20.6162 7.9131 23.3388 13.8933 1.59184 56.5071
497158 5.48948 20.0135 11.6976 23.3002 10.796 2.35407 60.5008
497168 7.41273 19.6404 17.2628 22.6345 6.5718 2.87768 66.9504
497178 7.41273 19.6404 17.2628 22.6345 6.5718 2.87768 66.9504
497188 8.29221 18.3872 16.7268 18.4086 4.76294 2.05195 61.8148
497199 9.34565 17.3444 15.8464 14.3474 2.85656 0.923924 56.8839
497222 9.34565 17.3444 15.8464 14.3474 2.85656 0.923924 56.8839
497226 10.5731 16.1822 16.5143 11.3946 0.223884 0.316563 54.6642
497235 10.5731 16.1822 16.5143 11.3946 0.223884 0.316563 54.6642
497247 11.9261 15.1143 18.8395 9.7779 -2.63815 0.425 55.6578
497249 13.2501 14.0849 21.6391 9.22608 -4.97347 0.909834 58.2002
497275 14.3906 12.8053 24.459 9.22608 -6.90616 1.59882 60.8809
497279 15.3474 11.1313 26.824 9.20672 -8.73203 2.29216 62.5094
497297 15.3474 11.1313 26.824 9.20672 -8.73203 2.29216 62.5094
497300 16.0432 9.27448 28.4816 9.00342 -10.4482 2.90608 62.8027
497310 16.0432 9.27448 28.4816 9.00342 -10.4482 2.90608 62.8027
497321 16.3911 7.42728 29.8056 8.72266 -12.0483 3.53904 62.3467
497330 16.5168 5.5416 30.5737 8.31606 -13.6316 4.14239 60.9481
497345 16.5168 5.5416 30.5737 8.31606 -13.6316 4.14239 60.9481
497351 16.5071 3.86757 31.0083 8.02563 -14.9903 4.71125 59.4086
497361 16.5748 2.68421 31.3924 7.82232 -16.016 5.11916 58.4737
497380 16.5748 2.68421 31.3924 7.82232 -16.016 5.11916 58.4737
497396 16.6231 2.19355 31.6754 7.73519 -16.4741 5.30524 58.2272
497398 16.6231 2.19355 31.6754 7.73519 -16.4741 5.30524 58.2272
497402 16.7197 1.88568 31.5339 7.69647 -16.7161 5.34919 57.8358
497411 16.6617 1.94341 31.4429 7.64806 -16.6879 5.32596 57.6961
497423 16.6617 1.94341 31.4429 7.64806 -16.6879 5.32596 57.6961
497433 16.5264 1.88568 31.2711 7.58998 -16.7277 5.35564 57.2732
497446 16.2752 1.86644 30.887 7.49317 -16.7204 5.37101 56.5218
497453 16.2752 1.86644 30.887 7.49317 -16.7204 5.37101 56.5218
497469 15.8113 1.75099 30.5333 7.40604 -16.7507 5.50716 55.5016
497478 15.3184 1.67402 30.1492 7.35763 -16.714 5.64626 54.4992
497484 15.3184 1.67402 30.1492 7.35763 -16.714 5.64626 54.4992
497494 14.7675 1.77985 29.8157 7.61902 -16.2944 5.80398 53.982
497504 14.7675 1.77985 29.8157 7.61902 -16.2944 5.80398 53.982
497517 14.2166 2.71307 29.4114 8.35478 -14.8824 5.71429 54.6959
497524 13.83 5.07018 28.5018 9.168 -12.4154 4.97691 56.57
497550 13.5787 8.44709 27.107 10.2523 -9.25585 3.87306 59.3851
497555 12.9699 11.5642 26.4096 15.1896 -4.77279 3.87062 66.1334
497570 12.9699 11.5642 26.4096 15.1896 -4.77279 3.87062 66.1334
497575 12.0711 14.3447 25.1159 20.9171 -0.664333 4.06163 72.4488
497585 12.0711 14.3447 25.1159 20.9171 -0.664333 4.06163 72.4488
497595 9.89653 15.3452 19.931 20.1742 2.17756 3.41183 65.347
497610 7.66401 16.6248 15.3911 19.1998 5.42186 2.62452 58.8796
497621 7.66401 16.6248 15.3911 19.1998 5.42186 2.62452 58.8796
497626 5.63445 17.574 12.0821 19.6243 8.86904 2.32122 54.9149
497639 4.20409 18.4637 9.50179 20.811 12.0652 2.16447 52.9806
497648 4.20409 18.4637 9.50179 20.811 12.0652 2.16447 52.9806
497658 3.2473 19.2195 7.84226 22.3258 14.4656 2.19472 52.6348
497672 3.2473 19.2195 7.84226 22.3258 14.4656 2.19472 52.6348
497678 2.70608 19.9465 7.04286 24.0142 15.9244 2.34718 53.7097
497688 2.57078 20.7884 6.88095 25.7605 16.5611 2.48629 56.0006
497698 2.57078 20.7884 6.88095 25.7605 16.5611 2.48629 56.0006
497708 2.50313 21.5059 7.14405 27.0533 16.713 2.62558 58.2064
497722 2.62877 22.166 7.44762 28.0471 16.6433 2.66214 60.2895
497738 2.62877 22.166 7.44762 28.0471 16.6433 2.66214 60.2895
497739 2.73508 22.5582 7.54881 28.5199 16.6203 2.63404 61.362
497749 2.73508 22.5582 7.54881 28.5199 16.6203 2.63404 61.362
497760 2.65776 22.6443 7.58929 28.6067 16.6688 2.65713 61.4981
497772 2.6191 22.5678 7.36667 28.1436 16.7741 2.55119 60.6972
497796 2.49346 22.166 7.13393 27.5647 16.8904 2.53693 59.3581
497800 2.43547 21.6398 6.9619 27.063 16.9128 2.56873 58.1002
497813 2.43547 21.6398 6.9619 27.063 16.9128 2.56873 58.1002
497824 2.35816 21.2954 6.82024 26.6095 16.9605 2.56892 57.0834
497830 2.35816 21.2954 6.82024 26.6095 16.9605 2.56892 57.0834
497840 2.24218 20.9893 6.82024 26.4359 16.9784 2.66199 56.4876
497859 2.28084 20.6736 6.83036 26.4069 16.8928 2.74493 56.1917
497860 2.28084 20.6736 6.83036 26.4069 16.8928 2.74493 56.1917
497876 2.1842 20.4057 6.92143 26.4359 16.8623 2.88683 55.9472
497884 2.1842 20.224 7.05298 26.7253 16.7799 3.03546 56.1865
497901 2.1842 20.0613 7.12381 27.0437 16.7501 3.17 56.413
497912 2.1842 20.0613 7.12381 27.0437 16.7501 3.17 56.413
497924 2.16487 19.7935 7.54881 27.3621 16.4596 3.4164 56.8692
497931 2.96703 19.8126 7.99405 27.256 15.5556 3.22345 58.0296
497949 2.96703 19.8126 7.99405 27.256 15.5556 3.22345 58.0296
497954 3.92382 19.7169 8.18631 26.4938 14.6177 2.83929 58.3208
497963 5.12223 19.5926 9.47143 25.6351 12.8023 2.60569 59.8213
497974 5.12223 19.5926 9.47143 25.6351 12.8023 2.60569 59.8213
497983 6.6589 19.296 13.6202 25.0369 9.307 2.94888 64.612
498009 7.98294 18.6359 16.2815 22.895 6.56064 2.8629 65.7954
498014 8.61114 17.4018 16.0792 19.1226 4.83302 2.25162 61.2147
498029 8.61114 17.4018 16.0792 19.1226 4.83302 2.25162 61.2147
498034 9.47129 16.1919 16.0792 15.5769 2.71212 1.5683 57.3192
498044 10.4667 14.893 17.3942 12.8565 -0.0500724 1.31924 55.6104
498056 10.4667 14.893 17.3942 12.8565 -0.0500724 1.31924 55.6104
498065 11.5009 13.6712 19.6177 11.2978 -2.74104 1.53604 56.0876
498084 12.3513 12.4493 22.0636 10.4653 -5.01501 2.02204 57.3296
498086 12.3513 12.4493 22.0636 10.4653 -5.01501 2.02204 57.3296
498095 13.2211 10.9774 24.4691 10.1167 -7.05806 2.65053 58.7843
498115 13.2211 10.9774 24.4691 10.1167 -7.05806 2.65053 58.7843
498116 13.9557 9.34182 26.5612 10.0296 -8.82704 3.32954 59.8883
498134 14.7771 7.79287 28.1379 9.76822 -10.481 3.80385 60.4762
498136 14.7771 7.79287 28.1379 9.76822 -10.481 3.80385 60.4762
498146 15.2604 6.0996 29.371 9.47779 -12.0638 4.35704 60.2088
498161 15.56 4.70458 30.412 9.18736 -13.3971 4.84469 59.8639
498166 15.56 4.70458 30.412 9.18736 -13.3971 4.84469 59.8639
498189 15.8306 3.45388 31.0285 8.96469 -14.5251 5.24028 59.2777
498199 16.1399 2.79966 31.4328 8.73235 -15.2444 5.3868 59.1047
498217 16.3041 2.45331 31.4227 8.53872 -15.6401 5.41665 58.7189
498219 16.3041 2.45331 31.4227 8.53872 -15.6401 5.41665 58.7189
498231 16.1882 2.33786 31.2408 8.39351 -15.7743 5.44398 58.1603
498244 16.1012 2.32824 30.8769 8.27734 -15.7912 5.39862 57.5837
498259 15.8113 2.25127 30.1593 8.06435 -15.8365 5.37285 56.2862
498271 15.8113 2.25127 30.1593 8.06435 -15.8365 5.37285 56.2862
498279 15.415 2.14544 29.5327 7.89009 -15.874 5.41865 54.9832
498299 14.9608 2.02999 29.0375 7.63838 -15.9922 5.50204 53.6666
498300 14.9608 2.02999 29.0375 7.63838 -15.9922 5.50204 53.6666
498309 14.5452 1.96265 28.8454 7.74487 -15.8589 5.67321 53.0981
498326 14.3712 2.66497 28.8858 8.37415 -14.8344 5.58708 54.2962
498330 14.3712 2.66497 28.8858 8.37415 -14.8344 5.58708 54.2962
498340 14.4099 4.52179 28.7545 9.00342 -13.0708 4.98139 56.6896
498353 14.3036 4.52179 28.3805 9.00342 -12.9689 4.95253 56.2093
498365 14.3036 6.82117 28.3805 9.87471 -10.9415 4.32733 59.38
498381 13.9943 9.13978 27.5517 10.8138 -8.77748 3.715 61.4996
498382 13.9943 9.13978 27.5517 10.8138 -8.77748 3.715 61.4996
498395 13.6271 11.8721 26.2075 12.7984 -5.87708 3.14086 64.5051
498408 13.1052 14.4697 24.8127 16.4966 -2.52292 2.99076 68.8842
498411 13.1052 14.4697 24.8127 16.4966 -2.52292 2.99076 68.8842
498421 11.9261 16.0572 21.5178 17.7429 0.132403 2.51565 67.244
498434 11.9261 16.0572 21.5178 17.7429 0.132403 2.51565 67.244
498442 10.1478 16.923 16.9595 16.7483 2.69996 1.63799 60.7787
498463 8.23422 17.7558 12.8815 16.2739 5.85448 0.861034 55.1455
498470 8.23422 17.7558 12.8815 16.2739 5.85448 0.861034 55.1455
498480 6.59125 18.6168 9.52202 16.9903 9.4227 0.378283 51.7204
498493 5.27686 19.4969 7.3869 18.9007 12.5995 0.444707 51.0614
498509 4.38772 20.6353 6.84048 21.4574 14.4711 0.921265 53.321
498522 4.38772 20.6353 6.84048 21.4574 14.4711 0.921265 53.321
498528 3.76919 21.6111 6.98214 23.609 15.3957 1.39646 55.9714
498536 3.43093 22.6539 7.31607 25.2877 15.8441 1.66616 58.6887
498549 3.43093 22.6539 7.31607 25.2877 15.8441 1.66616 58.6887
498554 3.31495 23.4958 7.33631 26.1368 16.1657 1.65775 60.2838
498564 3.31495 24.0219 7.29583 26.3683 16.3028 1.55586 61.0011
498590 3.37294 24.4046 7.16429 26.2429 16.389 1.38016 61.1847
498594 3.42126 24.6055 6.94167 25.7701 16.4692 1.15702 60.7386
498609 3.42126 24.6055 6.94167 25.7701 16.4692 1.15702 60.7386
498615 3.31495 24.6246 6.76964 25.1913 16.5822 1.007 59.9005
498637 3.31495 24.6246 6.76964 25.1913 16.5822 1.007 59.9005
498638 3.36327 24.4429 6.5369 24.6799 16.6133 0.866779 59.023
498645 3.26663 24.242 6.25357 24.1879 16.7859 0.75914 57.95
498665 3.26663 24.242 6.25357 24.1879 16.7859 0.75914 57.95
498666 3.21831 23.955 6.2131 23.8405 16.7596 0.754976 57.2269
498675 3.21831 23.955 6.2131 23.8405 16.7596 0.754976 57.2269
498695 3.03468 23.4671 6.1625 23.5125 16.8141 0.847297 56.1767
498696 3.03468 23.2279 6.14226 23.5221 16.7956 0.912387 55.927
498705 3.03468 23.2279 6.14226 23.5221 16.7956 0.912387 55.927
498724 2.96703 22.9122 6.29405 23.5993 16.6975 1.0796 55.7726
498727 2.9477 22.6922 6.52679 23.7826 16.533 1.2519 55.9493
498735 2.9477 22.6922 6.52679 23.7826 16.533 1.2519 55.9493
498752 3.99147 22.7304 7.03274 24.0817 15.4695 1.13922 57.8364
498757 3.99147 22.7304 7.03274 24.0817 15.4695 1.13922 57.8364
498767 4.75497 22.5678 7.49821 23.9467 14.5749 1.05213 58.7677
498783 5.82774 22.2808 7.71071 23.609 13.6094 0.810506 59.4282
498786 5.82774 22.2808 7.71071 23.609 13.6094 0.810506 59.4282
498799 6.94883 21.8694 8.56071 22.8468 12.1238 0.644875 60.2258
498814 8.29221 21.1998 11.9304 22.4705 9.17462 1.15244 63.8928
498818 8.29221 21.1998 11.9304 22.4705 9.17462 1.15244 63.8928
498843 9.7129 20.2527 15.6643 21.689 6.1515 1.64613 67.3189
498844 10.0898 20.2527 15.9679 21.689 5.83976 1.61347 67.9993
498848 10.0898 18.3872 15.9679 18.7656 4.38816 1.48468 63.2105
498873 10.3798 16.2592 15.4315 15.5866 2.61653 1.13928 57.6571
498875 10.3798 16.2592 15.4315 15.5866 2.61653 1.13928 57.6571
498879 10.8533 14.1522 16.3929 13.2728 0.0817776 1.27857 54.6712
498889 11.5588 12.3147 18.4958 11.627 -2.8303 1.73604 53.9963
498905 11.5588 12.3147 18.4958 11.627 -2.8303 1.73604 53.9963
498909 12.506 10.631 20.8205 10.4072 -5.65084 2.23233 54.3646
498924 13.4628 9.03396 23.327 9.65205 -8.15841 2.8343 55.4758
498936 13.4628 9.03396 23.327 9.65205 -8.15841 2.8343 55.4758
498940 14.4679 7.63894 25.8537 9.35194 -10.177 3.42827 57.3125
498950 14.4679 7.63894 25.8537 9.35194 -10.177 3.42827 57.3125
498963 15.4343 6.37861 28.0975 9.2164 -11.8122 3.93247 59.1269
498975 16.2848 5.21449 29.6944 9.20672 -13.062 4.32161 60.4004
498989 16.2848 5.21449 29.6944 9.20672 -13.062 4.32161 60.4004
498991 17.0481 4.25241 30.6344 8.88724 -14.1983 4.4937 60.8221
499005 17.635 3.55008 31.0488 8.59681 -15.0158 4.55211 60.8306
499018 17.635 3.55008 31.0488 8.59681 -15.0158 4.55211 60.8306
499026 18.1737 3.13639 31.0892 8.37415 -15.53 4.48054 60.7735
499031 18.1737 3.13639 31.0892 8.37415 -15.53 4.48054 60.7735
499046 18.3277 2.99208 30.8567 8.19989 -15.7315 4.40657 60.3764
499053 18.2699 2.85739 30.4524 7.96754 -15.9107 4.35603 59.5473
499063 18.2699 2.85739 30.4524 7.96754 -15.9107 4.35603 59.5473
499076 18.039 2.82852 29.9168 7.7836 -15.9403 4.31109 58.5679
499083 17.7119 2.62649 29.3103 7.5803 -16.0825 4.33841 57.2291
499107 17.7119 2.62649 29.3103 7.5803 -16.0825 4.33841 57.2291
499109 17.3175 2.63611 28.805 7.4254 -16.0459 4.34558 56.184
499113 17.3175 2.63611 28.805 7.4254 -16.0459 4.34558 56.184
499138 16.971 2.45331 28.3502 7.28018 -16.1602 4.41544 55.0547
499140 16.4491 2.39559 28.2188 7.28986 -16.0903 4.59878 54.3534
499149 16.4491 2.39559 28.2188 7.28986 -16.0903 4.59878 54.3534
499170 16.1688 2.51104 28.2491 7.6287 -15.7073 4.72837 54.5577
499170 15.9272 3.56933 28.3603 8.42255 -14.3461 4.60727 56.2794
499183 15.9272 3.56933 28.3603 8.42255 -14.3461 4.60727 56.2794
499200 15.8596 5.71477 28.047 9.26481 -12.2809 4.00878 58.8861
499201 15.8596 5.71477 28.047 9.26481 -12.2809 4.00878 58.8861
499210 15.7243 8.39898 27.299 10.0877 -9.97262 3.23447 61.51
499233 15.1734 10.4771 26.0963 11.5011 -7.62534 2.83337 63.2479
499235 15.1734 10.4771 26.0963 11.5011 -7.62534 2.83337 63.2479
499238 14.4872 12.2569 24.7117 13.6407 -5.10829 2.67484 65.0965
499245 13.5014 13.6616 22.6296 15.5285 -2.65649 2.52486 65.3211
499263 13.5014 13.6616 22.6296 15.5285 -2.65649 2.52486 65.3211
499265 11.9937 14.4409 19.0517 15.6156 -0.404654 2.02106 61.1019
499292 10.2638 15.1432 14.9863 15.4801 2.40417 1.35827 55.8733
499296 8.62081 15.7974 11.5357 16.5256 5.79583 1.0413 52.4795
499306 8.62081 15.7974 11.5357 16.5256 5.79583 1.0413 52.4795
499328 7.33542 16.7883 9.16786 18.7753 9.15185 1.10032 52.0669
499328 6.46561 17.9662 8.05476 21.1101 11.4541 1.32462 53.5967
499360 6.07902 19.1334 7.83214 23.5028 12.6995 1.6241 56.5474
499362 6.07902 19.1334 7.83214 23.5028 12.6995 1.6241 56.5474
499368 5.75043 20.3101 8.0244 25.3456 13.411 1.84489 59.4305
499394 5.21887 21.3146 7.98393 26.5227 14.1851 1.95933 61.0401
499395 5.21887 21.3146 7.98393 26.5227 14.1851 1.95933 61.0401
499398 4.37806 21.9364 7.82202 27.1016 15.0388 2.10877 61.2381
499408 3.69187 22.5104 7.66012 27.2656 15.7146 2.14062 61.128
499424 3.69187 22.5104 7.66012 27.2656 15.7146 2.14062 61.128
499428 3.18931 22.9887 7.37679 27.1981 16.304 2.07318 60.7529
499455 3.18931 22.9887 7.37679 27.1981 16.304 2.07318 60.7529
499457 3.083 23.4766 7.14405 26.8121 16.5501 1.83337 60.5158
499459 3.2473 23.7828 6.91131 26.4262 16.586 1.56726 60.3676
499469 3.2473 23.7828 6.91131 26.4262 16.586 1.56726 60.3676
499484 3.14099 23.7445 6.7494 25.9824 16.7051 1.47096 59.6173
499489 3.112 23.6584 6.57738 25.5 16.7674 1.35272 58.8478
499518 3.05401 23.4001 6.39524 25.0851 16.8449 1.30136 57.9345
499519 3.05401 23.4001 6.39524 25.0851 16.8449 1.30136 57.9345
499529 2.9187 22.9505 6.31429 24.7281 16.8883 1.3635 56.9116
499542 2.84139 22.4147 6.24345 24.5352 16.8936 1.47833 56.0348
499550 2.84139 22.4147 6.24345 24.5352 16.8936 1.47833 56.0348
499568 2.62877 21.8886 6.27381 24.4484 16.9418 1.68489 55.2395
499579 2.54179 21.2859 6.61786 24.6413 16.6862 2.02358 55.0868
499580 2.54179 21.2859 6.61786 24.6413 16.6862 2.02358 55.0868
499598 3.73053 20.9415 7.13393 24.7281 15.3912 1.90772 56.5341
499600 3.73053 20.9415 7.13393 24.7281 15.3912 1.90772 56.5341
499610 5.03525 20.4823 7.56905 24.1879 13.9966 1.63408 57.2744
499630 6.6299 20.0326 7.89286 23.4546 12.4825 1.21141 58.01
