4563996 28.6412 19.9178 21.437 10.9381 -5.93761 -2.99946 80.9341
4564006 28.3718 16.5079 22.0838 10.0021 -7.77804 -2.4934 76.9656
4564019 28.3718 16.5079 22.0838 10.0021 -7.77804 -2.4934 76.9656
4564026 28.1505 13.7019 22.8924 9.2087 -9.51014 -1.97786 73.9535
4564044 28.1505 13.7019 22.8924 9.2087 -9.51014 -1.97786 73.9535
4564045 28.0543 11.6039 24.1153 8.99476 -10.8464 -1.34978 72.7683
4564059 28.1698 10.2311 25.4596 9.05716 -11.7739 -0.79901 72.9176
4564085 28.4007 9.52311 26.6926 9.29785 -12.2684 -0.392342 73.9143
4564086 28.7855 9.48857 27.5922 9.62769 -12.3392 -0.20947 75.4939
4564096 28.7855 9.48857 27.5922 9.62769 -12.3392 -0.20947 75.4939
4564110 29.1607 9.58354 27.9156 9.6366 -12.4043 -0.234369 76.2965
4564117 29.1607 9.58354 27.9156 9.6366 -12.4043 -0.234369 76.2965
4564126 29.2569 9.53174 27.8145 9.52963 -12.4815 -0.284608 76.1328
4564144 29.2281 9.4713 27.3193 9.28002 -12.5487 -0.418352 75.2987
4564148 29.2281 9.4713 27.3193 9.28002 -12.5487 -0.418352 75.2987
4564157 29.0934 9.33316 26.9352 9.03041 -12.6576 -0.496208 74.3922
4564167 28.7759 9.17776 26.4602 8.81647 -12.7139 -0.548341 73.2303
4564178 28.7759 9.17776 26.4602 8.81647 -12.7139 -0.548341 73.2303
4564188 28.4007 9.05688 26.2378 8.656 -12.7591 -0.531521 72.3514
4564198 28.4007 9.05688 26.2378 8.656 -12.7591 -0.531521 72.3514
4564209 28.1409 8.93601 26.0963 8.58469 -12.7918 -0.500835 71.7579
4564217 27.9581 8.8324 25.9851 8.51337 -12.8342 -0.482266 71.289
4564229 27.9581 8.8324 25.9851 8.51337 -12.8342 -0.482266 71.289
4564243 28.0351 9.10005 26.0761 8.90561 -12.5163 -0.447904 72.1169
4564251 28.3814 10.3088 26.1165 9.52071 -11.6607 -0.61612 74.3275
4564259 28.3814 10.3088 26.1165 9.52071 -11.6607 -0.61612 74.3275
4564269 28.7759 12.1564 25.7527 10.1804 -10.4702 -0.975586 76.8654
4564289 29.1896 14.0731 25.0957 10.7866 -9.29484 -1.39878 79.145
4564307 29.3339 15.6013 24.085 11.2412 -8.27806 -1.79582 80.2615
4564319 29.3339 15.6013 24.085 11.2412 -8.27806 -1.79582 80.2615
4564325 29.2858 17.0478 22.5589 11.4552 -7.26271 -2.29993 80.3476
4564334 29.103 18.8464 20.8002 11.7048 -6.01338 -2.87946 80.4544
4564343 29.103 18.8464 20.8002 11.7048 -6.01338 -2.87946 80.4544
4564355 28.7566 20.4249 18.8799 11.892 -4.7902 -3.45382 79.9534
4564361 28.7566 20.4249 18.8799 11.892 -4.7902 -3.45382 79.9534
4564371 28.0543 21.9651 16.7945 12.0168 -3.44629 -4.03551 78.8307
4564386 26.9768 23.4097 15.0665 12.4001 -2.00168 -4.41599 77.8531
4564392 26.9768 23.4097 15.0665 12.4001 -2.00168 -4.41599 77.8531
4564401 25.5337 24.9116 13.3198 13.247 -0.225557 -4.65094 77.0121
4564411 23.85 26.6719 11.9654 14.9675 1.8798 -4.56829 77.4548
4564421 23.85 26.6719 11.9654 14.9675 1.8798 -4.56829 77.4548
4564431 21.8104 28.3939 11.3209 18.2928 4.24574 -3.86954 79.8181
4564450 21.8104 28.3939 11.0967 18.2928 4.32811 -3.92268 79.5939
4564452 19.4533 29.5037 11.0967 23.0301 6.61493 -2.67745 83.0838
4564463 16.6109 29.9724 10.9753 27.5068 8.7853 -1.42854 85.0655
4564473 16.6109 29.9724 10.9753 27.5068 8.7853 -1.42854 85.0655
4564483 13.7522 29.7237 10.3681 30.3144 10.6697 -0.497879 84.1585
4564493 10.8174 29.2454 9.53681 32.1765 12.5549 0.302755 81.7761
4564502 10.8174 29.2454 9.53681 32.1765 12.5549 0.302755 81.7761
4564518 8.19552 28.8627 8.86429 33.2764 14.2298 0.962602 79.1989
4564524 6.5801 28.8627 8.49066 34 15.331 1.35652 77.9334
4564534 6.5801 28.7288 8.49066 34 15.3144 1.38468 77.7995
4564544 5.73433 28.7957 8.30385 34 15.8646 1.51765 76.8339
4564555 5.73433 28.7957 8.30385 34 15.8646 1.51765 76.8339
4564564 5.43831 28.8723 8.23846 34 16.0667 1.55349 76.549
4564579 5.52289 28.9488 8.07967 34 16.1154 1.49076 76.5513
4564585 5.52289 28.9488 8.07967 34 16.1154 1.49076 76.5513
4564595 5.4806 28.8723 7.79011 32.9291 16.1614 1.27204 75.072
4564605 5.34527 28.5853 7.40714 31.8292 16.2854 1.08774 73.1668
4564615 5.34527 28.5853 7.40714 31.8292 16.2854 1.08774 73.1668
4564625 5.31144 28.3557 7.08022 30.7679 16.3363 0.876946 71.5152
4564635 5.31144 28.3557 7.08022 30.7679 16.3363 0.876946 71.5152
4564645 5.21841 28.1452 6.87473 30.0925 16.4027 0.768576 70.3308
4564666 5.2607 28.0878 6.76264 29.5715 16.3728 0.642698 69.6826
4564672 5.2607 28.0878 6.76264 29.5715 16.3728 0.642698 69.6826
4564681 5.27761 28.26 6.5478 29.2821 16.4763 0.495679 69.3675
4564690 5.3199 28.5661 6.41703 28.9058 16.5206 0.311404 69.2088
4564700 5.3199 28.5661 6.41703 28.9058 16.5206 0.311404 69.2088
4564708 5.49751 28.9392 6.58517 28.4716 16.3066 0.133835 69.4935
4564730 5.49751 28.9392 6.58517 28.4716 16.3066 0.133835 69.4935
4564731 6.77463 29.6663 7.02418 27.6033 15.2919 -0.382757 71.0684
4564737 9.48109 31.2065 7.70604 26.2622 13.4891 -1.35007 74.6559
4564751 9.48109 31.2065 7.70604 26.2622 13.4891 -1.35007 74.6559
4564757 13.008 32.9668 8.19176 24.3808 11.5051 -2.55938 78.5473
4564768 15.9174 34 8.61209 22.2775 9.82218 -3.53208 80.807
4564777 15.9174 34 8.61209 22.2775 9.82218 -3.53208 80.807
4564795 19.107 34 9.26593 19.933 7.76376 -4.35716 82.3059
4564799 19.107 34 9.26593 19.933 7.76376 -4.35716 82.3059
4564811 22.5512 34 10.1813 17.7815 5.63485 -5.07402 84.514
4564819 25.2932 33.7704 11.4516 15.9837 3.75997 -5.48472 86.4989
4564829 25.2932 33.7704 11.4516 15.9837 3.75997 -5.48472 86.4989
4564839 27.2943 31.7901 13.3104 14.5396 1.64635 -5.3893 86.9344
4564849 28.5642 28.9871 15.9725 13.6214 -0.553189 -4.8122 87.1452
4564863 28.5642 28.9871 15.9725 13.6214 -0.553189 -4.8122 87.1452
4564874 28.8625 25.543 18.3139 12.7567 -2.59624 -4.09499 85.4761
4564885 28.8625 25.543 18.3139 12.7567 -2.59624 -4.09499 85.4761
4564892 28.4488 21.8216 20.113 11.8474 -4.52773 -3.34 82.2308
4564900 27.9581 18.1193 21.5987 11.0005 -6.49398 -2.56967 78.6766
4564913 27.9581 18.1193 21.5987 11.0005 -6.49398 -2.56967 78.6766
4564921 27.4482 14.997 23.1855 10.3408 -8.32414 -1.76095 75.9715
4564930 26.996 12.5967 24.9037 10.1358 -9.77029 -0.915145 74.6323
4564940 26.996 12.5967 24.9037 10.1358 -9.77029 -0.915145 74.6323
4564955 26.6882 10.87 26.6421 10.323 -10.7809 -0.119367 74.5233
4564961 26.6882 10.87 26.6421 10.323 -10.7809 -0.119367 74.5233
4564976 26.3418 9.79076 28.1885 10.7955 -11.2971 0.569392 75.1165
4564981 25.9859 9.40224 29.4114 11.4463 -11.3281 1.07604 76.2458
4565004 25.4856 9.35907 30.3413 11.8741 -11.2229 1.43475 77.06
4565030 24.7736 9.09142 30.6849 12.0346 -11.2074 1.73425 76.5845
4565038 24.1194 8.90147 30.3109 11.9365 -11.1575 1.83874 75.2684
4565041 24.1194 8.90147 30.3109 11.9365 -11.1575 1.83874 75.2684
4565060 23.6576 8.72016 29.846 11.7048 -11.186 1.86119 73.9286
4565064 23.1958 8.56475 29.179 11.4284 -11.1864 1.83371 72.3679
4565071 23.1958 8.56475 29.179 11.4284 -11.1864 1.83371 72.3679
4565086 23.0707 8.46115 28.5927 11.1253 -11.2551 1.72341 71.25
4565093 22.8783 8.45251 28.0065 10.8935 -11.2268 1.61665 70.2309
4565107 22.8783 8.45251 28.0065 10.8935 -11.2268 1.61665 70.2309
4565113 22.9457 8.45251 27.6629 10.7777 -11.2324 1.51256 69.8388
4565123 22.9457 8.45251 27.6629 10.7777 -11.2324 1.51256 69.8388
4565133 22.8976 8.52158 27.5113 10.7509 -11.171 1.47308 69.6814
4565142 22.8976 8.45251 27.481 10.6796 -11.238 1.46966 69.5107
4565157 22.8976 8.45251 27.481 10.6796 -11.238 1.46966 69.5107
4565164 23.4267 9.92026 27.4203 11.4106 -10.2234 1.13967 72.1779
4565174 24.0424 12.26 26.9251 12.4625 -8.66857 0.611399 75.6901
4565184 24.0424 12.26 26.9251 12.4625 -8.66857 0.611399 75.6901
4565198 24.4369 14.902 26.1165 13.8175 -6.88568 0.112617 79.2729
4565204 24.4369 14.902 26.1165 13.8175 -6.88568 0.112617 79.2729
4565220 24.5042 17.3444 24.5702 15.2171 -5.05688 -0.378766 81.6359
4565226 24.3214 21.0563 22.2051 16.1531 -2.78171 -1.25743 83.736
4565235 24.3214 21.0563 22.2051 16.1531 -2.78171 -1.25743 83.736
4565245 23.5133 23.4862 19.3246 16.7861 -0.771762 -1.96526 83.1102
4565255 22.3203 25.3613 16.4302 17.1737 1.16393 -2.59783 81.2855
4565267 22.3203 25.3613 16.4302 17.1737 1.16393 -2.59783 81.2855
4565275 21.0311 26.758 13.7121 17.4921 3.00876 -3.14932 78.9933
4565285 21.0311 26.758 13.7121 17.4921 3.00876 -3.14932 78.9933
4565295 19.6938 27.6669 11.4984 18.1964 4.7599 -3.43895 77.0554
4565305 18.2603 28.4705 10.1253 19.6918 6.45893 -3.31433 76.5479
4565324 18.2603 28.4705 10.1253 19.6918 6.45893 -3.31433 76.5479
4565332 16.8562 29.0158 9.68626 21.7758 7.83907 -2.795 77.3341
4565342 15.5876 29.3028 9.6022 24.0142 8.95694 -2.15407 78.5067
4565350 15.5876 29.3028 9.6022 24.0142 8.95694 -2.15407 78.5067
4565370 14.2512 29.2645 9.81703 26.4455 9.91552 -1.36375 79.7783
4565373 14.2512 29.2645 9.81703 26.4455 9.91552 -1.36375 79.7783
4565386 12.8642 29.0732 9.96648 28.79 10.8535 -0.59128 80.6938
4565390 11.3333 28.5853 10.0973 31.1731 11.802 0.249746 81.1889
4565399 11.3333 28.5853 10.0973 31.1731 11.802 0.249746 81.1889
4565408 9.74328 28.04 10.228 33.3343 12.7244 1.06565 81.3455
4565427 8.29702 27.5425 10.2841 34 13.4047 1.58091 80.1236
4565436 8.29702 27.5425 10.2841 34 13.4047 1.58091 80.1236
4565444 7.0199 27.0642 10.2467 34 13.9784 1.9461 78.3308
4565459 6.15721 26.605 10.3121 34 14.316 2.24782 77.0742
4565467 5.71741 25.9927 10.4709 34 14.3751 2.51259 76.181
4565483 5.71741 25.9927 10.4709 34 14.3751 2.51259 76.181
4565489 5.62438 25.2847 10.4242 34 14.3483 2.69105 75.3333
4565499 5.45522 24.6629 10.3121 34 14.408 2.86052 74.4302
4565509 5.45522 24.6629 10.3121 34 14.408 2.86052 74.4302
4565519 5.30299 24.0028 9.9478 34 14.5904 2.99822 73.2536
4565533 5.30299 24.0028 9.9478 34 14.5904 2.99822 73.2536
4565539 5.16766 23.4001 9.79835 34 14.6595 3.15698 72.3661
4565549 4.99851 22.7591 9.63022 33.9132 14.7416 3.32093 71.301
4565559 4.99851 22.7591 9.63022 33.9132 14.7416 3.32093 71.301
4565569 4.86318 22.233 9.43407 33.3729 14.7735 3.37126 69.9031
4565584 4.71095 21.7833 9.29396 33.0159 14.8226 3.44795 68.8041
4565590 4.71095 21.7833 9.29396 33.0159 14.8226 3.44795 68.8041
4565603 4.69403 21.4485 9.19121 32.7361 14.8007 3.47836 68.0698
4565610 4.69403 21.4485 9.19121 32.7361 14.8007 3.47836 68.0698
4565620 5.16766 21.3911 9.78901 32.7457 14.1765 3.46834 69.0935
4565630 7.34129 21.946 10.5082 32.466 12.6493 2.84112 72.2615
4565656 10.4284 22.6061 11.3863 31.2406 10.584 1.90173 75.6613
4565661 12.7711 22.52 12.0681 28.79 8.6904 1.0966 76.1493
4565673 12.7711 22.52 12.0681 28.79 8.6904 1.0966 76.1493
4565681 15.8244 22.4626 12.5912 24.9018 6.25126 -0.157153 75.78
4565691 15.8244 22.4626 12.5912 24.9018 6.25126 -0.157153 75.78
4565706 19.5976 22.3191 13.0582 20.0488 3.23631 -1.76137 75.0238
4565712 22.4743 22.166 14.7863 15.8946 0.265563 -2.77998 75.3211
4565724 22.4743 22.166 14.7863 15.8946 0.265563 -2.77998 75.3211
4565732 25.2835 21.8503 21.1944 15.2706 -2.7982 -1.91429 83.5988
4565747 26.9287 21.2285 28.3097 16.8841 -4.58641 -0.476155 93.351
4565753 26.9287 21.2285 28.3097 16.8841 -4.58641 -0.476155 93.351
4565763 26.9576 19.4682 28.6837 15.6539 -5.65183 -0.345097 90.7634
4565781 26.9576 19.4682 28.6837 15.6539 -5.65183 -0.345097 90.7634
4565784 27.3905 17.0861 27.8246 13.6749 -7.11073 -0.519405 85.9761
4565794 27.8812 14.7638 27.5719 12.1238 -8.67296 -0.537274 82.3407
4565806 27.8812 14.7638 27.5719 12.1238 -8.67296 -0.537274 82.3407
4565817 28.189 12.8299 27.9863 11.2947 -9.97846 -0.32463 80.2999
4565824 28.4199 11.5434 28.9263 11.2056 -10.7988 0.0315553 80.0952
4565850 28.4488 10.7836 29.7146 11.3393 -11.2225 0.340308 80.2863
4565855 28.4488 10.7836 29.7146 11.3393 -11.2225 0.340308 80.2863
4565867 28.3045 10.3002 30.0684 11.3928 -11.4531 0.535158 80.0658
4565879 28.2564 10.1793 30.1694 11.4908 -11.4724 0.603892 80.0959
4565890 28.2564 10.1793 30.1694 11.4908 -11.4724 0.603892 80.0959
4565895 27.9196 10.0325 30.1795 11.6067 -11.4311 0.721257 79.7384
4565905 27.2847 9.903 29.9875 11.5176 -11.3897 0.822966 78.6927
4565918 27.2847 9.903 29.9875 11.5176 -11.3897 0.822966 78.6927
4565925 26.592 9.73895 29.3912 11.3749 -11.3069 0.862917 77.0971
4565942 26.592 9.73895 29.3912 11.3749 -11.3069 0.862917 77.0971
4565946 25.6587 9.40224 28.6231 11.1432 -11.2714 0.94322 74.8272
4565956 24.6582 9.05688 28.0166 10.8222 -11.3005 1.05931 72.5539
4565967 24.6582 9.05688 28.0166 10.8222 -11.3005 1.05931 72.5539
4565977 23.7346 8.73743 27.5719 10.635 -11.2955 1.21711 70.679
4565990 22.7917 8.37481 27.5214 10.6529 -11.2796 1.51593 69.3408
4566005 22.7917 8.37481 27.5214 10.6529 -11.2796 1.51593 69.3408
4566016 21.9932 8.1158 27.6528 10.7063 -11.2548 1.80744 68.4681
4566024 21.9932 8.1158 27.6528 10.7063 -11.2548 1.80744 68.4681
4566033 21.5891 7.91722 28.047 10.7866 -11.3156 2.04724 68.3399
4566041 21.3871 7.80498 28.4816 11.0184 -11.2987 2.25088 68.692
4566048 21.3871 7.80498 28.4816 11.0184 -11.2987 2.25088 68.692
4566057 21.6276 8.66836 29.2295 11.7493 -10.6768 2.24824 71.2748
4566068 21.7719 9.94617 29.563 12.6586 -9.71404 2.13083 73.9397
4566090 21.7719 9.94617 29.563 12.6586 -9.71404 2.13083 73.9397
4566092 22.0509 11.9665 29.4721 13.7284 -8.3621 1.78385 77.2178
4566115 22.2049 13.7191 28.5624 14.6911 -7.05913 1.38857 79.1776
4566124 22.1952 15.6186 26.9655 15.4845 -5.62446 0.866432 80.2639
4566132 22.1952 15.6186 26.9655 15.4845 -5.62446 0.866432 80.2639
4566142 21.7527 17.287 24.8633 15.8946 -4.20889 0.322974 79.7975
4566152 21.2813 18.9038 22.4073 16.2779 -2.69646 -0.285251 78.8702
4566172 20.8676 20.2048 19.8097 16.4027 -1.31648 -0.94325 77.2849
4566181 20.4154 20.2048 17.4144 16.7771 -0.283308 -1.28898 74.8118
4566191 20.4154 21.018 17.4144 16.7771 -0.0114501 -1.43641 75.6249
4566200 19.8766 21.5059 15.9445 19.4024 1.6575 -1.17992 76.7294
4566215 19.8766 21.5059 15.9445 19.4024 1.6575 -1.17992 76.7294
4566220 19.0685 21.4389 15.7016 24.3422 3.4174 -0.0863197 80.5513
4566242 17.9332 20.9032 14.9824 26.9665 4.62772 0.577923 80.7854
4566242 17.9332 20.9032 14.9824 26.9665 4.62772 0.577923 80.7854
4566251 16.6025 20.5588 13.9176 28.2208 5.75649 0.941439 79.2997
4566267 15.1139 20.4057 13.3478 29.9478 6.94402 1.4799 78.8153
4566272 15.1139 20.4057 13.3478 29.9478 6.94402 1.4799 78.8153
4566281 13.49 20.3483 12.8714 31.916 8.23612 2.08883 78.6258
4566293 13.49 20.3483 12.8714 31.916 8.23612 2.08883 78.6258
4566306 11.6124 20.2431 12.6566 34 9.54441 2.82779 78.5121
4566320 9.69254 20.2048 12.6566 34 10.403 3.2838 76.554
4566323 9.69254 20.2048 12.6566 34 10.403 3.2838 76.554
4566332 7.8403 20.0996 12.7313 34 11.2252 3.77483 74.6712
4566344 6.27562 19.9944 12.7126 34 11.9912 4.20154 72.9826
4566352 6.27562 19.9944 12.7126 34 11.9912 4.20154 72.9826
4566371 5.07463 19.9848 12.5165 34 12.7116 4.49671 71.5759
4566375 5.07463 19.9848 12.5165 34 12.7116 4.49671 71.5759
4566384 4.35572 20.2144 12.4324 34 13.1778 4.61863 71.0025
4566396 4.09353 20.2431 12.283 34 13.4051 4.66152 70.6196
4566404 4.09353 20.2431 12.283 34 13.4051 4.66152 70.6196
4566422 4.10199 20.2431 12.0308 34 13.5381 4.62211 70.3759
4566424 4.18657 20.2335 11.6852 34 13.6801 4.54996 70.1053
4566448 4.18657 20.2335 11.6852 34 13.6801 4.54996 70.1053
4566450 4.13582 20.1379 11.1434 34 13.9946 4.50963 69.4171
4566455 4.13582 20.1379 11.1434 34 13.9946 4.50963 69.4171
4566470 4.14428 20.0326 10.639 34 14.2588 4.46018 68.8159
4566475 4.12736 20.0326 10.228 34 14.5045 4.40165 68.388
4566485 4.12736 20.0326 10.228 34 14.5045 4.40165 68.388
4566504 4.07662 19.9848 9.99451 34 14.6621 4.39339 68.0559
4566512 4.10199 19.8604 9.87308 34 14.6993 4.4027 67.8355
4566524 4.10199 19.8604 9.87308 34 14.6993 4.4027 67.8355
4566530 4.00896 19.7074 9.80769 34 14.7691 4.46316 67.524
4566537 4.00896 19.7074 9.80769 34 14.7691 4.46316 67.524
4566549 3.92438 19.7456 9.83571 34 14.8082 4.48089 67.5057
4566556 4.81244 19.9752 10.6577 34 13.8617 4.29187 69.4454
4566566 4.81244 19.9752 10.6577 34 13.8617 4.29187 69.4454
4566579 6.76617 20.6449 11.5824 34 12.4314 3.73417 72.9935
4566588 9.52338 21.4389 12.7126 33.5272 10.5988 2.96835 77.2022
4566607 11.7647 21.6781 13.8055 30.6617 8.58993 2.12253 77.91
4566628 11.7647 21.6781 13.8055 30.6617 8.58993 2.12253 77.91
4566630 14.5726 21.7259 14.7769 26.349 6.04635 0.935242 77.4245
4566655 17.76 21.4581 16.122 21.2741 2.8879 -0.356728 76.6142
4566655 17.76 21.4581 16.122 21.2741 2.8879 -0.356728 76.6142
4566658 20.3577 20.664 19.0416 17.4535 -0.41339 -0.875932 77.5168
4566671 22.4454 20.664 24.6308 16.2779 -3.01549 -0.392898 84.0182
4566683 22.4454 19.6308 24.6308 16.2779 -3.36429 -0.211033 82.9849
4566688 23.446 18.2532 28.5018 16.1264 -5.08765 0.508929 86.3273
4566697 23.446 18.2532 28.5018 16.1264 -5.08765 0.508929 86.3273
4566710 24.3503 16.7842 29.0375 15.1012 -6.30398 0.528456 85.2731
4566718 25.3605 15.1955 29.1284 13.7551 -7.65173 0.418416 83.4396
4566737 25.3605 15.1955 29.1284 13.7551 -7.65173 0.418416 83.4396
4566740 26.1879 13.935 29.4114 12.828 -8.75289 0.385467 82.3623
4566749 26.7363 13.935 30.2705 12.828 -9.02587 0.434629 83.7698
4566766 26.7363 12.6831 30.2705 12.3734 -9.73345 0.589396 82.0632
4566769 26.9768 11.6988 31.453 12.4358 -10.3844 0.947109 82.5644
4566779 26.9768 11.6988 31.453 12.4358 -10.3844 0.947109 82.5644
4566794 27.0634 10.8182 32.4435 12.4536 -10.9434 1.27126 82.7787
4566800 27.073 10.2052 32.8377 12.3466 -11.326 1.43813 82.4625
4566820 27.073 10.2052 32.8377 12.3466 -11.326 1.43813 82.4625
4566821 26.9768 9.81666 33.0297 12.3912 -11.4939 1.57408 82.2144
4566830 26.8613 9.81666 33.151 12.4447 -11.4712 1.62586 82.2737
4566847 26.8613 9.76486 33.151 12.4447 -11.4941 1.63633 82.2219
4566850 26.3611 9.60081 32.8074 12.311 -11.4876 1.69396 81.0802
4566879 25.7838 9.38497 32.1504 11.9455 -11.5448 1.68936 79.2647
4566888 25.2739 9.15185 31.1599 11.473 -11.6174 1.59758 77.0587
4566905 25.2739 9.15185 31.1599 11.473 -11.6174 1.59758 77.0587
4566907 24.6967 8.84104 30.0886 10.9381 -11.7369 1.50655 74.5644
4566914 24.129 8.61656 29.1082 10.4122 -11.8342 1.40622 72.266
4566930 24.129 8.61656 29.1082 10.4122 -11.8342 1.40622 72.266
4566935 23.6287 8.34891 28.3805 9.99318 -11.9639 1.36373 70.3513
4566942 23.6287 8.34891 28.3805 9.99318 -11.9639 1.36373 70.3513
4566957 23.2439 8.17623 27.7539 9.69009 -12.0278 1.31211 68.8641
4566962 23.1188 7.95175 27.6124 9.55637 -12.1715 1.34046 68.2393
4566972 23.1188 7.95175 27.6124 9.55637 -12.1715 1.34046 68.2393
4566987 23.0515 7.92585 27.8145 9.53854 -12.2206 1.39961 68.3304
4566994 23.1188 7.87405 28.3097 9.69009 -12.271 1.52341 68.9927
4567014 23.1188 7.87405 28.3097 9.69009 -12.271 1.52341 68.9927
4567015 23.4363 8.39208 28.9263 10.3052 -11.844 1.56271 71.0599
4567024 23.4363 8.39208 28.9263 10.3052 -11.844 1.56271 71.0599
4567042 23.5806 8.95328 29.2699 10.6529 -11.4704 1.52964 72.4567
4567049 23.571 9.59218 29.563 11.1521 -10.9605 1.53331 73.8783
4567055 23.571 9.59218 29.563 11.1521 -10.9605 1.53331 73.8783
4567069 23.6576 10.3433 29.3205 12.0703 -10.1352 1.47028 75.3917
4567075 23.9847 12.3464 28.7848 13.5144 -8.55545 1.13851 78.6303
4567085 23.9847 12.3464 28.7848 13.5144 -8.55545 1.13851 78.6303
4567099 24.4465 14.5394 27.5012 14.5752 -7.04184 0.571886 81.0623
4567110 24.4465 14.5394 27.5012 14.5752 -7.04184 0.571886 81.0623
4567131 24.6582 16.5942 25.7122 15.4756 -5.54966 -0.01174 82.4402
4567131 24.4754 18.0428 24.1558 17.6078 -3.85035 -0.134291 84.2818
4567136 24.4754 18.0428 24.1558 17.6078 -3.85035 -0.134291 84.2818
4567146 23.7634 19.1525 22.4073 19.8944 -2.08987 -0.108122 85.2176
4567161 22.4743 19.9465 19.83 20.3961 -0.593348 -0.398325 82.6469
4567166 22.4743 19.9465 19.83 20.3961 -0.593348 -0.398325 82.6469
4567188 20.8098 20.7119 16.9066 19.7883 0.889754 -0.925664 78.2166
4567190 20.8098 20.7119 16.9066 19.7883 0.889754 -0.925664 78.2166
4567197 18.7991 21.4198 14.7396 19.9716 2.62004 -1.10257 74.9301
4567214 16.7632 22.3095 13.2637 21.1969 4.5828 -0.940802 73.5334
4567221 16.7632 22.3095 13.2637 21.1969 4.5828 -0.940802 73.5334
4567230 14.9701 23.2662 12.0588 22.8854 6.53268 -0.674808 73.1805
4567243 13.4478 24.3855 11.4423 25.2106 8.29214 -0.237705 74.4861
4567258 13.4478 24.3855 11.4423 25.2106 8.29214 -0.237705 74.4861
4567259 11.807 25.4761 10.9659 28.0085 10.0684 0.332701 76.2575
4567272 10.1577 26.3849 10.4709 30.8161 11.7476 0.914376 77.8296
4567279 10.1577 26.3849 10.4709 30.8161 11.7476 0.914376 77.8296
4567300 8.45771 27.179 9.97582 33.122 13.2939 1.42146 78.7345
4567306 8.45771 27.179 9.97582 33.122 13.2939 1.42146 78.7345
4567315 7.20597 27.9252 9.48077 34 14.3866 1.5932 78.6119
4567328 6.52935 28.7862 9.11648 34 15.0259 1.49193 78.432
4567330 6.52935 28.7862 9.11648 34 15.0259 1.49193 78.432
4567341 6.32637 29.695 8.92033 34 15.3431 1.3109 78.9417
4567361 6.56318 30.5273 8.64945 34 15.4611 1.04571 79.7399
4567365 6.56318 30.5273 8.64945 34 15.4611 1.04571 79.7399
4567371 6.71542 31.1491 8.16374 33.2185 15.6121 0.665835 79.2468
4567387 6.71542 31.1491 8.16374 33.2185 15.6121 0.665835 79.2468
4567393 6.76617 31.4457 7.72473 31.6652 15.6633 0.227703 77.6017
4567402 6.76617 31.5127 7.13626 30.0539 15.7893 -0.216376 75.469
4567421 6.76617 31.5127 7.13626 30.0539 15.7893 -0.216376 75.469
4567423 6.68159 31.3309 6.64121 28.7418 15.924 -0.537398 73.3955
4567432 6.52935 31.0343 6.18352 27.6708 16.0997 -0.779075 71.418
4567450 6.52935 31.0343 6.18352 27.6708 16.0997 -0.779075 71.418
4567452 6.32637 30.7282 5.97802 27.0051 16.2159 -0.871979 70.0377
4567462 6.32637 30.7282 5.97802 27.0051 16.2159 -0.871979 70.0377
4567477 6.17413 30.1829 5.84725 26.7736 16.2861 -0.812483 68.9778
4567484 5.97114 29.7811 5.88462 26.8411 16.3434 -0.662958 68.4779
4567510 6.57164 29.7141 6.61319 27.1691 15.5914 -0.535934 70.0681
4567514 8.54229 30.3264 7.74341 27.3138 13.9851 -0.77336 73.9259
4567526 8.54229 30.3264 7.74341 27.3138 13.9851 -0.77336 73.9259
4567535 11.4095 31.1204 9.25659 26.9183 11.8712 -1.21118 78.7048
4567548 11.4095 31.1204 9.25659 26.9183 11.8712 -1.21118 78.7048
4567554 13.8453 31.2448 10.8165 25.5096 9.85451 -1.61466 81.4162
4567573 17.1058 31.0917 12.1335 22.9722 7.45006 -2.35738 83.3033
4567575 17.1058 31.0917 12.1335 22.9722 7.45006 -2.35738 83.3033
4567585 20.348 30.1446 13.3198 20.1742 4.95645 -3.03596 83.9867
4567604 22.455 28.2313 14.6835 17.714 2.64996 -3.30188 83.0838
4567606 22.455 28.2313 14.6835 17.714 2.64996 -3.30188 83.0838
4567615 24.2541 25.964 15.8698 15.4043 0.381756 -3.48696 81.4922
4567634 24.2541 25.964 15.8698 15.4043 0.381756 -3.48696 81.4922
4567636 25.2739 23.1514 17.1213 13.5233 -1.80868 -3.37309 79.0699
4567645 26.2456 20.157 18.9911 12.0168 -4.21871 -2.98308 77.4105
4567661 26.2456 20.157 18.9911 12.0168 -4.21871 -2.98308 77.4105
4567666 26.8902 17.3635 21.6088 11.3214 -6.41779 -2.20062 77.184
4567676 27.3616 15.161 24.9845 11.6245 -8.07535 -1.12096 79.1317
4567702 27.4097 13.3393 28.0369 12.1059 -9.27209 -0.112411 80.8918
4567707 27.4097 13.3393 28.0369 12.1059 -9.27209 -0.112411 80.8918
4567722 27.3713 12.1219 29.8662 12.4268 -9.99213 0.513521 81.7862
4567726 27.3039 11.3017 30.5232 12.4447 -10.4448 0.80215 81.5734
4567752 27.2558 10.8441 30.4423 12.3644 -10.6572 0.872653 80.9067
4567758 27.15 10.8268 29.9976 12.2575 -10.614 0.799863 80.2319
4567768 27.15 10.8268 29.9976 12.2575 -10.614 0.799863 80.2319
4567782 26.8998 10.8354 29.2699 12.0614 -10.5206 0.682207 79.0666
4567787 26.8998 10.8354 29.2699 12.0614 -10.5206 0.682207 79.0666
4567811 26.5535 10.7059 28.5624 11.8028 -10.5015 0.600164 77.6247
4567812 26.0821 10.6196 27.8246 11.4373 -10.4819 0.505562 75.9636
4567819 26.0821 10.6196 27.8246 11.4373 -10.4819 0.505562 75.9636
4567843 25.6587 10.3606 27.0969 11.161 -10.5127 0.452068 74.2772
4567844 25.1104 10.1879 26.7432 10.9649 -10.513 0.495113 73.0063
4567851 25.1104 10.1879 26.7432 10.9649 -10.513 0.495113 73.0063
4567873 24.6293 9.93753 26.5309 10.8311 -10.5631 0.582912 71.9289
4567874 24.1771 9.68715 26.4501 10.6796 -10.656 0.689927 70.9939
4567887 24.1771 9.68715 26.4501 10.6796 -10.656 0.689927 70.9939
4567905 23.9174 9.56628 26.4804 10.6439 -10.6884 0.773427 70.608
4567906 23.9174 9.56628 26.4804 10.6439 -10.6884 0.773427 70.608
4567911 23.6865 9.37633 26.5612 10.5905 -10.7816 0.873513 70.2145
4567921 23.571 9.16912 26.8038 10.5815 -10.9176 0.993619 70.1255
4567940 23.571 9.16912 26.8038 10.5815 -10.9176 0.993619 70.1255
4567942 23.6576 9.97207 26.8442 11.1699 -10.2451 0.917968 71.6438
4567967 23.7731 11.0858 26.8948 11.9455 -9.37478 0.810322 73.6991
4567979 23.9366 12.7349 26.6522 13.0687 -8.11116 0.598762 76.3924
4567999 23.9366 12.7349 26.6522 13.0687 -8.11116 0.598762 76.3924
4568000 24.1868 14.5307 25.8032 14.3524 -6.69013 0.273499 78.8731
4568006 24.4273 16.9482 24.1052 15.5291 -4.95471 -0.322394 81.0098
4568030 24.283 19.3438 21.8716 16.3047 -3.21077 -0.999453 81.803
4568032 23.4652 20.7023 19.3347 16.7147 -1.6776 -1.51802 80.217
4568042 23.4652 20.7023 19.3347 16.7147 -1.6776 -1.51802 80.217
4568061 22.3203 21.5729 16.9253 17.2894 -0.122674 -1.85867 78.1079
4568064 22.3203 21.5729 16.9253 17.2894 -0.122674 -1.85867 78.1079
4568074 21.0792 21.8886 15.5522 18.891 1.33966 -1.65182 77.411
4568095 19.5495 21.8599 14.9451 21.3802 2.81263 -0.981047 77.7347
4568096 19.5495 21.8599 14.9451 21.3802 2.81263 -0.981047 77.7347
4568104 17.7216 21.6494 14.6462 24.3712 4.35424 -0.0676721 78.3883
4568127 15.8413 21.372 14.1885 26.9472 5.83589 0.750951 78.349
4568129 15.8413 21.372 14.1885 26.9472 5.83589 0.750951 78.349
4568135 13.8876 21.3815 13.6467 29.311 7.401 1.47429 78.2268
4568158 13.8876 21.3815 13.6467 29.311 7.401 1.47429 78.2268
4568159 11.9085 21.3815 13.3478 31.8292 8.90644 2.27235 78.467
4568165 9.82786 21.2954 13.189 34 10.3044 3.07724 78.3123
4568186 9.82786 21.2954 13.189 34 10.3044 3.07724 78.3123
4568187 8.03483 21.3146 13.0956 34 11.1793 3.48215 76.445
4568195 6.64776 21.5537 13.0022 34 11.9355 3.74995 75.2037
4568217 6.64776 21.5537 13.0022 34 11.9355 3.74995 75.2037
4568219 5.91194 21.9173 12.9555 34 12.3855 3.83627 74.7847
4568226 5.91194 21.9173 12.9555 34 12.3855 3.83627 74.7847
4568251 5.57363 22.4147 12.6659 34 12.784 3.75281 74.6543
4568251 5.59055 22.8644 12.4791 34 12.9429 3.60801 74.9341
4568256 5.59055 22.8644 12.4791 34 12.9429 3.60801 74.9341
4568266 5.74279 23.381 12.0027 34 13.1896 3.37011 75.1265
4568285 5.81045 23.6488 11.3582 34 13.5263 3.18754 74.8175
