4615793 24.6389 14.453 26.1772 13.5947 -7.21765 0.129311 78.8638
4615801 24.6389 14.453 26.1772 13.5947 -7.21765 0.129311 78.8638
4615811 23.9655 12.4068 27.9055 13.7729 -8.22901 1.01975 78.0507
4615826 23.9655 12.4068 27.9055 13.7729 -8.22901 1.01975 78.0507
4615832 23.3497 11.0686 28.997 14.085 -8.77199 1.67683 77.5003
4615842 22.7629 10.5592 29.4518 14.397 -8.8306 2.04613 77.1708
4615856 22.7629 10.5592 29.4518 14.397 -8.8306 2.04613 77.1708
4615866 22.0125 10.257 29.4114 14.5307 -8.73759 2.29742 76.2115
4615873 21.3486 10.0498 28.997 14.3346 -8.68504 2.39526 74.73
4615884 21.3486 10.0498 28.997 14.3346 -8.68504 2.39526 74.73
4615892 20.6463 9.75622 28.2592 14.0315 -8.6383 2.45308 72.6932
4615907 20.6463 9.75622 28.2592 14.0315 -8.6383 2.45308 72.6932
4615914 19.9344 9.51447 27.6225 13.7195 -8.58972 2.52006 70.7908
4615931 19.3956 9.28136 27.3294 13.5233 -8.60074 2.62674 69.5297
4615940 19.3956 9.28136 27.3294 13.5233 -8.60074 2.62674 69.5297
4615949 18.7702 8.99644 27.5719 13.6927 -8.56604 2.93301 69.0313
4615955 18.2699 8.74606 28.1885 14.1652 -8.48612 3.3165 69.3697
4615969 18.2699 8.74606 28.1885 14.1652 -8.48612 3.3165 69.3697
4615976 17.6831 8.57339 29.4923 14.8427 -8.41436 3.84151 70.5914
4615985 17.2886 8.44388 30.7152 15.6093 -8.30961 4.28661 72.0571
4615995 17.2886 8.44388 30.7152 15.6093 -8.30961 4.28661 72.0571
4616005 17.1828 8.89284 31.918 16.5899 -7.91662 4.5115 74.5835
4616020 17.1828 8.89284 31.918 16.5899 -7.91662 4.5115 74.5835
4616026 17.2213 9.66988 32.585 17.357 -7.41198 4.50017 76.8332
4616036 17.4618 11.2067 32.5042 18.1674 -6.48847 4.15989 79.3401
4616063 17.7985 13.6587 31.5541 18.7077 -5.19652 3.45169 81.7191
4616068 18.1737 16.8619 29.5731 18.9393 -3.57451 2.41959 83.548
4616077 18.1737 16.8619 29.5731 18.9393 -3.57451 2.41959 83.548
4616087 18.3181 20.0996 26.349 18.3218 -1.87922 1.12888 83.0884
4616097 18.3181 20.0996 26.349 18.3218 -1.87922 1.12888 83.0884
4616107 18.3277 22.8931 21.9828 16.795 -0.1945 -0.458076 79.9985
4616126 18.3854 24.8638 17.1314 15.2082 1.50657 -2.16493 75.5888
4616128 18.3854 24.8638 17.1314 15.2082 1.50657 -2.16493 75.5888
4616138 18.3373 26.6337 13.1984 13.9958 3.15035 -3.69503 72.1651
4616152 18.2603 28.1165 10.6203 13.9512 4.64671 -4.6101 70.9484
4616161 18.2603 28.1165 10.6203 13.9512 4.64671 -4.6101 70.9484
4616172 17.8081 29.5037 9.33132 15.333 6.1469 -4.7198 71.9761
4616179 17.8081 29.5037 9.33132 15.333 6.1469 -4.7198 71.9761
4616189 16.9577 30.623 9.01374 18.9103 7.80144 -3.90504 75.5047
4616199 15.6806 31.3022 9.38736 24.8343 9.56491 -2.35723 81.2044
4616209 15.6806 31.3022 9.38736 24.8343 9.56491 -2.35723 81.2044
4616219 13.8537 31.0248 9.71429 30.4881 11.1496 -0.824414 85.0809
4616234 11.1134 29.7524 9.26593 34 12.8884 0.42792 84.1318
4616253 8.17015 28.4226 8.72418 34 14.3501 1.15954 79.3169
4616259 8.17015 28.4226 8.72418 34 14.3501 1.15954 79.3169
4616275 5.58209 27.5712 8.49066 34 15.698 1.85158 75.6439
4616280 4.0005 27.1694 8.59341 34 16.4633 2.32301 73.7633
4616290 4.0005 27.1694 8.59341 34 16.4633 2.32301 73.7633
4616300 3.5607 27.0163 8.87363 34 16.5356 2.5112 73.4506
4616310 3.70448 26.9398 8.85495 34 16.4561 2.492 73.4992
4616325 3.70448 26.9398 8.85495 34 16.4561 2.492 73.4992
4616331 3.75522 26.5954 8.39725 34 16.6475 2.48392 72.7479
4616342 3.75522 26.5954 8.39725 34 16.6475 2.48392 72.7479
4616351 3.6791 26.0692 7.75275 34 17.0058 2.51837 71.5011
4616365 3.69602 25.5718 7.17363 34 17.2846 2.53527 70.4414
4616371 3.69602 25.5718 7.17363 34 17.2846 2.53527 70.4414
4616387 3.72985 25.4187 6.76264 33.2764 17.4174 2.36108 69.1876
4616395 3.83134 25.4474 6.51978 32.0897 17.3763 2.06164 67.8882
4616407 3.83134 25.4474 6.51978 32.0897 17.3763 2.06164 67.8882
4616412 3.93284 25.8205 6.39835 31.3178 17.3438 1.77032 67.4695
4616422 3.93284 25.8205 6.39835 31.3178 17.3438 1.77032 67.4695
4616437 3.96667 26.2701 6.27692 30.9608 17.4093 1.55636 67.4745
4616443 4.07662 26.7485 6.17418 30.6521 17.4238 1.33062 67.6513
4616457 4.07662 26.7485 6.17418 30.6521 17.4238 1.33062 67.6513
4616467 5.36219 27.7721 6.88407 30.6617 16.3368 0.936234 70.6801
4616476 8.78756 30.0011 8.30385 30.4591 13.9806 -0.00497192 77.5517
4616485 8.78756 30.0011 8.30385 30.4591 13.9806 -0.00497192 77.5517
4616494 12.5512 31.8666 9.65824 28.819 11.6039 -1.07497 82.8951
4616504 12.5512 31.8666 9.65824 28.819 11.6039 -1.07497 82.8951
4616522 15.5791 32.4598 10.6764 25.2877 9.37229 -2.15613 84.003
4616532 19.9344 32.9477 11.3769 20.6856 6.56957 -3.67643 84.9445
4616541 19.9344 32.9477 11.3769 20.6856 6.56957 -3.67643 84.9445
4616549 22.8398 32.8233 12.0868 16.3849 4.24364 -4.84783 84.1348
4616555 25.2932 32.3928 13.2077 14.3256 2.41072 -5.30736 85.2193
4616566 25.2932 32.3928 13.2077 14.3256 2.41072 -5.30736 85.2193
4616576 27.0249 31.2639 14.4687 13.3361 0.902066 -5.3112 86.0936
4616593 28.0158 29.0732 15.711 12.5249 -0.623724 -5.07234 85.3249
4616604 28.0158 29.0732 15.711 12.5249 -0.623724 -5.07234 85.3249
4616610 28.4392 25.9257 17.0101 11.9455 -2.27378 -4.57438 83.3204
4616616 28.4392 25.9257 17.0101 11.9455 -2.27378 -4.57438 83.3204
4616627 28.1602 22.1277 18.1825 11.268 -4.05921 -3.91984 79.7384
4616636 27.6695 18.2915 19.3549 10.7777 -5.89907 -3.12019 76.0936
4616649 27.6695 18.2915 19.3549 10.7777 -5.89907 -3.12019 76.0936
4616656 27.1211 15.5754 20.588 10.8133 -7.19332 -2.28655 74.0978
4616671 26.717 15.5754 22.1344 10.8133 -7.46365 -1.86299 75.2401
4616681 26.717 14.0127 22.1344 11.4641 -7.86196 -1.43915 74.3282
4616687 26.3995 13.6932 23.3068 12.3466 -7.81111 -0.879132 75.7462
4616697 26.3995 13.6932 23.3068 12.3466 -7.81111 -0.879132 75.7462
4616710 25.8896 13.5896 24.0547 12.8993 -7.67185 -0.495583 76.4333
4616719 25.2643 13.3479 24.3074 13.2648 -7.53401 -0.204767 76.1844
4616727 25.2643 13.3479 24.3074 13.2648 -7.53401 -0.204767 76.1844
4616751 24.3214 13.0112 24.2164 13.2648 -7.43909 0.029794 74.8139
4616752 23.5229 12.5449 23.6908 12.9974 -7.44661 0.127897 72.7561
4616761 23.5229 12.5449 23.6908 12.9974 -7.44661 0.127897 72.7561
4616769 22.6667 12.1564 22.9227 12.5784 -7.41372 0.144619 70.3242
4616795 22.0028 11.837 22.4376 12.302 -7.40069 0.19681 68.5794
4616799 21.6565 11.6384 22.3264 12.2218 -7.41515 0.27711 67.8431
4616809 21.6565 11.6384 22.3264 12.2218 -7.41515 0.27711 67.8431
4616819 21.4448 11.5607 22.3971 12.2753 -7.39014 0.369456 67.678
4616837 21.2428 11.4225 22.6498 12.409 -7.40542 0.53013 67.7242
4616846 21.2428 11.4225 22.6498 12.409 -7.40542 0.53013 67.7242
4616856 21.2332 11.3448 22.9227 12.5873 -7.42558 0.645931 68.088
4616876 21.3294 11.9233 23.3775 13.4074 -6.91633 0.756512 70.0377
4616885 21.9162 14.0904 23.5696 13.8799 -5.96121 0.294632 73.4561
4616890 21.9162 14.0904 23.5696 13.8799 -5.96121 0.294632 73.4561
4616900 22.4261 17.4975 23.3472 14.9229 -4.26919 -0.317191 78.1937
4616921 22.6667 20.731 22.3163 15.6361 -2.64778 -1.00405 81.35
4616930 22.5608 24.7681 20.0927 15.9481 -0.580955 -2.03098 83.3698
4616945 22.5608 24.7681 20.0927 15.9481 -0.580955 -2.03098 83.3698
4616951 21.9836 28.6522 16.8786 15.5915 1.61889 -3.27878 83.1059
4616965 20.7617 31.4744 13.5346 15.1814 3.81691 -4.35814 80.9522
4616971 20.7617 31.4744 13.5346 15.1814 3.81691 -4.35814 80.9522
4616981 19.4918 33.9809 10.7698 15.3419 5.98773 -5.15698 79.5843
4616996 18.039 34 9.14451 16.6078 7.5279 -5.06871 77.7913
4617002 18.039 34 9.14451 16.6078 7.5279 -5.06871 77.7913
4617013 16.2811 34 8.19176 19.3734 9.2813 -4.37707 77.8463
4617022 16.2811 34 8.19176 19.3734 9.2813 -4.37707 77.8463
4617036 14.3697 34 7.52857 22.8371 11.0938 -3.42996 78.7353
4617047 12.0776 34 7.00549 26.9858 13.0833 -2.26423 80.0689
4617059 12.0776 34 7.00549 26.9858 13.0833 -2.26423 80.0689
4617064 9.62488 34 6.67857 30.9415 14.9665 -1.10864 81.245
4617074 7.32438 34 6.39835 33.7877 16.5822 -0.209473 81.5105
4617085 7.32438 34 6.39835 33.7877 16.5822 -0.209473 81.5105
4617099 5.69204 34 6.17418 34 17.5712 0.0905532 79.8662
4617108 5.69204 34 6.17418 34 17.5712 0.0905532 79.8662
4617115 4.75323 34 6.05275 34 18.1439 0.24735 78.806
4617125 4.38955 34 5.91264 34 18.4215 0.291771 78.3022
4617136 4.38955 34 5.91264 34 18.4215 0.291771 78.3022
4617146 4.37264 34 5.62308 34 18.5921 0.240483 77.9957
4617156 4.22886 33.9617 5.28681 32.5721 18.7438 -0.0654235 76.0495
4617166 4.22886 33.9617 5.28681 32.5721 18.7438 -0.0654235 76.0495
4617176 4.11045 33.1677 4.91319 30.5942 18.8012 -0.364922 72.7855
4617186 4.10199 34 4.5956 28.9251 18.9282 -0.959466 71.6227
4617205 4.10199 32.5459 4.5956 28.9251 18.8024 -0.668496 70.1685
4617215 4.05124 32.2589 4.34341 27.7384 18.8628 -0.927376 68.3919
4617225 4.05124 32.2589 4.34341 27.7384 18.8628 -0.927376 68.3919
4617234 4.05124 32.278 4.26868 27.227 18.8666 -1.06897 67.8249
4617242 4.01741 32.2302 4.31538 27.5165 18.8801 -0.972923 68.0794
4617252 4.01741 32.2302 4.31538 27.5165 18.8801 -0.972923 68.0794
4617261 4.07662 32.2302 4.40879 28.0568 18.8308 -0.837815 68.7723
4617272 4.11891 32.2302 4.53022 28.4813 18.7651 -0.721789 69.3606
4617278 4.11891 32.5746 4.53022 28.4813 18.7959 -0.792334 69.705
4617296 4.20348 33.3112 4.48352 28.3365 18.8245 -1.0012 70.3347
4617311 5.63284 34 5.0533 27.8252 17.6314 -1.39723 72.5113
4617320 8.40697 34 6.01538 26.5613 15.383 -1.96649 74.9836
4617329 8.40697 34 6.01538 26.5613 15.383 -1.96649 74.9836
4617344 11.4687 34 7.15494 24.5641 12.9362 -2.67197 77.1877
4617349 11.4687 34 7.15494 24.5641 12.9362 -2.67197 77.1877
4617359 14.2174 34 8.03297 21.6118 10.7117 -3.57798 77.8622
4617369 17.5099 34 8.67747 18.2832 8.31389 -4.69269 78.4706
4617379 17.5099 34 8.67747 18.2832 8.31389 -4.69269 78.4706
4617394 19.9344 34 9.3967 15.8589 6.48058 -5.43226 79.19
4617400 21.8585 34 10.1626 14.3524 5.07979 -5.84959 80.3735
4617418 21.8585 34 10.1626 14.3524 5.07979 -5.84959 80.3735
4617420 23.292 34 11.1247 13.033 3.87241 -6.10209 81.4498
4617435 24.1771 34 12.5352 12.2307 2.86897 -6.04232 82.943
4617444 24.1771 34 12.5352 12.2307 2.86897 -6.04232 82.943
4617451 24.7063 30.4795 15.328 12.2486 0.81369 -5.00394 82.7623
4617467 24.7063 30.4795 15.328 12.2486 0.81369 -5.00394 82.7623
4617472 24.6774 25.7248 18.8496 12.7745 -1.53233 -3.43392 82.0263
4617491 24.1579 20.7884 21.8413 13.0598 -3.80444 -1.88709 79.8473
4617493 24.1579 20.7884 21.8413 13.0598 -3.80444 -1.88709 79.8473
4617502 23.8308 16.5079 24.2063 13.3361 -5.84002 -0.538557 77.8811
4617518 23.5806 13.7709 26.258 13.764 -7.20649 0.517706 77.3736
4617527 23.5806 13.7709 26.258 13.764 -7.20649 0.517706 77.3736
4617533 23.4844 12.1737 27.6427 14.3702 -7.91261 1.22725 77.671
4617545 23.3113 11.5952 28.2491 14.7625 -8.08628 1.56031 77.918
4617554 23.3113 11.5952 28.2491 14.7625 -8.08628 1.56031 77.918
4617574 23.1381 11.6125 28.2289 14.9318 -7.96504 1.61918 77.9113
4617578 23.1381 11.6125 28.2289 14.9318 -7.96504 1.61918 77.9113
4617585 22.8687 11.5952 27.6326 14.5752 -7.93343 1.51501 76.6718
4617604 22.5224 11.4312 26.8139 14.1563 -7.92433 1.40476 74.9237
4617605 22.5224 11.4312 26.8139 14.1563 -7.92433 1.40476 74.9237
4617621 22.099 11.2412 25.7729 13.5412 -7.94499 1.23333 72.6543
4617626 21.5988 10.9995 24.9643 13.1133 -7.9413 1.16292 70.6758
4617644 21.5988 10.9995 24.9643 13.1133 -7.9413 1.16292 70.6758
4617647 21.1466 10.8095 24.5499 12.935 -7.9031 1.19428 69.441
4617656 21.1466 10.8095 24.5499 12.935 -7.9031 1.19428 69.441
4617669 20.6944 10.611 24.6914 13.0063 -7.88681 1.38958 69.0031
4617677 20.3865 10.421 24.8936 13.2202 -7.8491 1.59013 68.9214
4617693 20.3865 10.421 24.8936 13.2202 -7.8491 1.59013 68.9214
4617697 20.2037 10.3002 25.2574 13.3361 -7.89641 1.75614 69.0975
4617707 19.8959 10.2138 25.5303 13.4253 -7.88642 1.92121 69.0653
4617720 19.8959 10.2138 25.5303 13.4253 -7.88642 1.92121 69.0653
4617732 19.8285 10.0239 25.6415 13.4074 -7.99647 2.00211 68.9013
4617746 19.8285 10.0239 25.6415 13.4074 -7.99647 2.00211 68.9013
4617751 20.2518 12.2687 25.6415 13.7819 -6.89524 1.43922 71.9439
4617761 20.9157 15.1955 25.1361 14.3435 -5.46125 0.668417 75.5908
4617772 20.9157 15.1955 25.1361 14.3435 -5.46125 0.668417 75.5908
4617779 21.1947 18.2628 23.9941 14.9229 -3.82874 -0.103448 78.3745
4617797 21.6372 22.6539 21.3359 14.8605 -1.69552 -1.50857 80.4876
4617806 21.6372 22.6539 21.3359 14.8605 -1.69552 -1.50857 80.4876
4617824 21.9066 27.9634 17.657 14.3256 0.832438 -3.27798 81.8526
4617827 21.3679 31.5988 14.0577 14.2989 3.21929 -4.5393 81.3232
4617831 21.3679 31.5988 14.0577 14.2989 3.21929 -4.5393 81.3232
4617851 20.3769 34 11.4703 15.3419 5.38701 -5.09268 81.1891
4617853 20.3769 34 11.4703 15.3419 5.38701 -5.09268 81.1891
4617860 18.7221 34 10.0132 17.8587 7.17279 -4.62508 80.594
4617876 16.7124 34 9.37802 22.3451 9.17523 -3.45531 82.4355
4617881 16.7124 34 9.37802 22.3451 9.17523 -3.45531 82.4355
4617891 14.4627 34 8.66813 26.542 11.1778 -2.37578 83.6728
4617904 14.4627 34 8.66813 26.542 11.1778 -2.37578 83.6728
4617911 11.7308 34 7.70604 28.9154 13.1989 -1.65922 82.3523
4617929 8.80448 34 6.61319 30.3241 15.3327 -1.10367 79.7417
4617940 8.80448 34 6.61319 30.3241 15.3327 -1.10367 79.7417
4617941 6.51244 34 5.94066 31.916 17.0548 -0.50832 78.3691
4617955 5.1 34 5.92198 33.5755 17.9883 0.0758547 78.5975
4617962 5.1 34 5.92198 33.5755 17.9883 0.0758547 78.5975
4617972 4.50796 33.8661 6.13681 34 18.2208 0.336792 78.5108
4617982 4.38955 33.3782 6.37033 34 18.1148 0.499619 78.138
4617992 4.38955 33.3782 6.37033 34 18.1148 0.499619 78.138
4618008 4.37264 32.9668 6.2022 34 18.1812 0.553787 77.5416
4618033 4.25423 32.4119 6.00604 33.9132 18.3014 0.637141 76.5854
4618035 4.17811 31.8092 5.75385 32.5431 18.3149 0.466379 74.2843
4618044 4.17811 31.8092 5.75385 32.5431 18.3149 0.466379 74.2843
4618058 4.12736 31.3787 5.45495 31.1056 18.3518 0.219467 72.0666
4618067 4.05124 31.0535 5.21209 29.9188 18.4055 0.00560045 70.2356
4618084 4.05124 31.0535 5.21209 29.9188 18.4055 0.00560045 70.2356
4618087 4.06816 30.9961 4.98791 29.0312 18.4455 -0.226919 69.0833
4618095 4.06816 30.9961 4.98791 29.0312 18.4455 -0.226919 69.0833
4618110 4.09353 30.8717 5.03462 28.5681 18.3437 -0.298064 68.5679
4618115 4.08507 30.6708 4.96923 28.2883 18.3437 -0.330449 68.0134
4618125 4.08507 30.6708 4.96923 28.2883 18.3437 -0.330449 68.0134
4618137 4.18657 30.9769 4.82912 27.8252 18.353 -0.554982 67.8178
4618150 4.28806 31.704 4.72637 27.3524 18.3786 -0.862318 68.0709
4618162 4.28806 31.704 4.72637 27.3524 18.3786 -0.862318 68.0709
4618166 5.08308 32.852 5.16538 26.9279 17.6826 -1.2513 70.0284
4618176 5.08308 32.852 5.16538 26.9279 17.6826 -1.2513 70.0284
4618190 7.68806 34 6.03407 26.2622 15.7263 -1.90414 73.9843
4618196 11.7478 34 7.33242 24.8439 12.7572 -2.61243 77.9241
4618222 15.0294 34 8.18242 22.2196 10.3888 -3.51762 79.4314
4618227 18.6644 34 8.62143 18.5726 7.91613 -4.78415 79.8585
4618241 18.6644 34 8.62143 18.5726 7.91613 -4.78415 79.8585
4618247 21.5891 34 9.08846 15.44 5.85463 -5.81534 80.1176
4618267 21.5891 34 9.08846 15.44 5.85463 -5.81534 80.1176
4618269 23.6672 34 9.75165 13.4342 4.33357 -6.39705 80.8531
4618279 25.3316 34 10.7137 12.2753 3.10673 -6.62214 82.3207
4618293 25.3316 34 10.7137 12.2753 3.10673 -6.62214 82.3207
4618307 26.3995 34 11.8159 11.3214 2.12659 -6.69084 83.5369
4618320 26.794 32.7755 13.4412 10.9292 1.03332 -6.29005 83.9399
4618326 26.794 32.7755 13.4412 10.9292 1.03332 -6.29005 83.9399
4618335 26.5631 28.9392 15.0758 10.7687 -0.593431 -5.46876 81.3469
4618344 25.957 24.6916 17.3436 10.9827 -2.41416 -4.23975 78.9749
4618352 25.957 24.6916 17.3436 10.9827 -2.41416 -4.23975 78.9749
4618360 25.3509 20.4344 20.6082 11.8652 -4.36354 -2.55151 78.2588
4618371 25.3509 20.4344 20.6082 11.8652 -4.36354 -2.55151 78.2588
4618380 24.6967 16.5597 23.4786 12.6141 -6.14149 -1.00137 77.349
4618395 24.2252 13.8746 25.5505 13.2024 -7.38386 0.127482 76.8527
4618401 24.2252 13.8746 25.5505 13.2024 -7.38386 0.127482 76.8527
4618411 23.8693 12.1478 27.0565 13.6303 -8.19635 0.913201 76.7038
4618423 23.6384 11.388 28.0773 14.1028 -8.4918 1.38985 77.2065
4618436 23.6384 11.388 28.0773 14.1028 -8.4918 1.38985 77.2065
4618451 23.5325 11.224 28.522 14.5218 -8.45396 1.59779 77.8003
4618453 23.5325 11.224 28.522 14.5218 -8.45396 1.59779 77.8003
4618463 23.1958 11.1808 28.4411 14.4683 -8.40639 1.65608 77.286
4618478 22.6282 11.0168 27.9358 14.2276 -8.34989 1.68552 75.8083
4618482 22.6282 11.0168 27.9358 14.2276 -8.34989 1.68552 75.8083
4618506 22.1568 10.7318 27.3092 13.8532 -8.39993 1.67595 74.0509
4618508 21.6372 10.4728 26.8038 13.5679 -8.41601 1.70973 72.4818
4618512 21.6372 10.4728 26.8038 13.5679 -8.41601 1.70973 72.4818
4618533 21.3198 10.2656 26.4703 13.2826 -8.49536 1.71735 71.3383
4618537 21.3198 10.2656 26.4703 13.2826 -8.49536 1.71735 71.3383
4618544 21.0504 10.0584 26.2883 13.1757 -8.53893 1.77588 70.5728
4618560 20.8387 9.94617 26.3187 13.1044 -8.5841 1.84555 70.2079
4618587 20.6944 9.79076 26.4501 13.1044 -8.65559 1.94231 70.0396
4618589 20.5982 9.70442 26.6522 13.0865 -8.73036 2.02083 70.0413
4618593 20.5982 9.70442 26.6522 13.0865 -8.73036 2.02083 70.0413
4618615 20.5693 9.70442 26.915 13.4877 -8.59276 2.14971 70.6764
4618616 20.5693 9.70442 26.915 13.4877 -8.59276 2.14971 70.6764
4618625 20.9349 11.1204 27.2485 13.8621 -7.92753 1.85646 73.1659
4618641 21.3005 13.132 27.0868 14.4504 -6.84641 1.4028 75.9698
4618650 21.3005 13.132 27.0868 14.4504 -6.84641 1.4028 75.9698
4618655 21.7719 16.1194 26.3389 14.8605 -5.41497 0.627403 79.0907
4618673 22.2337 19.4491 24.5803 14.9051 -3.83766 -0.406094 81.1682
4618682 22.2337 19.4491 24.5803 14.9051 -3.83766 -0.406094 81.1682
4618698 22.4454 22.8261 22.0333 14.4772 -2.19345 -1.6069 81.782
4618700 22.4454 22.8261 22.0333 14.4772 -2.19345 -1.6069 81.782
4618709 22.1856 25.8683 18.7788 14.0047 -0.337538 -2.83353 80.8375
4618726 21.3198 28.5661 15.4027 13.7105 1.75767 -3.9442 78.9992
4618728 21.3198 28.5661 15.4027 13.7105 1.75767 -3.9442 78.9992
4618737 19.944 30.623 12.4698 14.0493 3.97559 -4.67942 77.086
4618755 18.1256 32.2589 10.3308 15.7698 6.39741 -4.76249 76.4851
4618757 18.1256 32.2589 10.3308 15.7698 6.39741 -4.76249 76.4851
4618767 16.4164 33.5695 9.20989 19.084 8.6316 -4.15663 78.2798
4618783 16.4164 33.5695 9.20989 19.084 8.6316 -4.15663 78.2798
4618787 14.801 34 8.85495 23.3195 10.3931 -3.07992 80.9755
4618799 13.0587 34 8.62143 27.1788 11.9174 -2.03813 82.8589
4618812 13.0587 34 8.62143 27.1788 11.9174 -2.03813 82.8589
4618819 11.1219 34 7.97692 29.5619 13.4475 -1.37607 82.6607
4618840 9.07512 34 7.12692 30.7196 14.9891 -0.969189 80.9217
4618842 9.07512 34 7.12692 30.7196 14.9891 -0.969189 80.9217
4618849 7.05373 34 6.37033 31.4625 16.4915 -0.612434 78.8866
4618869 5.76816 34 6.07143 31.4625 17.342 -0.43353 77.3021
4618874 5.76816 34 6.07143 32.1958 17.414 -0.288508 78.0354
4618880 5.12537 34 5.97802 32.8712 17.8801 -0.0531283 77.9746
4618898 5.12537 34 5.97802 32.8712 17.8801 -0.0531283 77.9746
4618900 5.02388 34 6.12747 33.1703 17.8811 0.0524479 78.3216
4618910 5.03234 34 6.09945 32.8326 17.861 -0.0192994 77.9644
4618924 5.03234 34 6.09945 32.8326 17.861 -0.0192994 77.9644
4618935 5.08308 34 5.80989 31.9546 17.9126 -0.257379 76.8476
4618954 4.99851 34 5.71648 31.0091 17.925 -0.450243 75.7241
4618955 4.99851 33.8948 5.71648 31.0091 17.9151 -0.429996 75.6188
4618965 4.96468 33.3782 5.63242 30.353 17.8714 -0.475743 74.3283
4618971 4.96468 33.3782 5.63242 30.353 17.8714 -0.475743 74.3283
4618985 4.90547 32.7468 5.55769 29.996 17.8536 -0.429989 73.206
4618991 4.8209 32.0484 5.58571 29.832 17.8019 -0.301209 72.287
4619016 4.8209 32.0484 5.58571 29.832 17.8019 -0.301209 72.287
4619018 4.74478 31.5605 5.55769 29.8224 17.8141 -0.193599 71.6853
4619022 4.69403 31.1013 5.62308 29.8224 17.759 -0.0736713 71.2408
4619051 4.57562 30.7569 5.64176 29.8417 17.786 0.031963 70.8159
4619052 4.57562 30.7569 5.64176 29.8417 17.786 0.031963 70.8159
4619074 5.05771 30.5369 6.16483 29.8031 17.1589 0.0782526 71.5625
4619081 6.70696 30.9865 6.96813 29.0891 15.7288 -0.332788 73.7507
4619084 6.70696 30.9865 6.96813 29.0891 15.7288 -0.332788 73.7507
4619102 10.0985 31.6849 7.93022 27.3331 13.3001 -1.26936 77.0467
4619104 13.8706 32.1919 8.61209 24.4387 10.7908 -2.46705 79.1133
4619114 13.8706 32.1919 8.61209 24.4387 10.7908 -2.46705 79.1133
4619132 17.0289 32.0484 9.02308 20.5698 8.4423 -3.71508 78.6701
4619140 17.0289 32.0484 9.02308 20.5698 8.4423 -3.71508 78.6701
4619149 20.4731 31.7805 9.43407 16.3671 5.84219 -5.08345 78.0548
4619163 23.6191 31.2735 10.4055 13.0776 3.2939 -6.01133 78.3757
4619168 23.6191 31.2735 10.4055 13.0776 3.2939 -6.01133 78.3757
4619175 26.6304 30.7665 12.7967 11.4997 0.868812 -6.07769 81.6934
4619194 29.0741 29.6663 17.7479 12.1683 -1.40639 -4.87682 88.6567
4619200 29.0741 29.6663 17.7479 12.1683 -1.40639 -4.87682 88.6567
4619206 30.1228 27.8486 21.7099 12.7745 -3.03105 -3.81053 92.4558
4619222 30.1228 27.8486 21.7099 12.7745 -3.03105 -3.81053 92.4558
4619226 30.0939 25.036 23.3573 12.2842 -4.44276 -3.22047 90.7715
4619236 29.6225 21.085 23.893 11.259 -6.16457 -2.7176 85.8595
4619253 29.6225 21.085 23.893 11.259 -6.16457 -2.7176 85.8595
4619256 29.1607 16.8532 24.3276 10.1715 -8.21718 -2.14528 80.513
4619285 28.6604 13.7278 25.1766 9.77923 -9.8036 -1.44143 77.344
4619288 28.6604 13.7278 25.1766 9.77923 -9.8036 -1.44143 77.344
4619290 28.2179 11.5952 26.1266 9.82381 -10.8646 -0.764749 75.7635
4619297 27.7753 11.5952 27.0969 10.0912 -10.8367 -0.427592 76.5587
4619315 27.7753 10.3692 27.0969 10.0912 -11.4199 -0.190433 75.3327
4619318 27.3616 9.75622 27.7337 10.3498 -11.6319 0.192595 75.2013
4619329 27.3616 9.75622 27.7337 10.3498 -11.6319 0.192595 75.2013
4619348 26.9191 9.58354 28.1581 10.6529 -11.5652 0.459756 75.3136
4619353 26.4669 9.4713 28.2996 10.7598 -11.5122 0.624277 74.9977
4619360 26.4669 9.4713 28.2996 10.7598 -11.5122 0.624277 74.9977
4619376 25.9185 9.25546 28.1784 10.6885 -11.5318 0.74815 74.0408
4619383 25.322 9.03098 27.9661 10.7153 -11.4815 0.888975 73.0344
4619390 25.322 9.03098 27.9661 10.7153 -11.4815 0.888975 73.0344
4619408 24.6678 8.87557 27.8246 10.6885 -11.4245 1.03456 72.0565
4619412 24.6678 8.87557 27.8246 10.6885 -11.4245 1.03456 72.0565
4619420 23.9751 8.67699 27.673 10.6974 -11.3604 1.20772 71.0225
4619440 23.446 8.46978 27.6124 10.6796 -11.3623 1.36229 70.2077
4619443 23.446 8.46978 27.6124 10.6796 -11.3623 1.36229 70.2077
4619451 22.9361 8.31437 27.5214 10.6529 -11.3397 1.49598 69.4247
4619468 22.5705 8.2194 27.5517 10.635 -11.3327 1.60857 68.9766
4619501 22.6282 9.15185 27.582 10.8935 -10.734 1.42954 70.2556
4619502 22.6282 9.15185 27.582 10.8935 -10.734 1.42954 70.2556
4619504 22.9264 10.7146 27.0969 11.1432 -9.79591 0.959723 71.8811
4619513 23.4941 13.7019 26.2782 11.8117 -8.05551 0.178131 75.2859
4619531 23.4941 13.7019 26.2782 11.8117 -8.05551 0.178131 75.2859
4619534 24.0809 17.507 24.651 12.4447 -5.967 -0.856394 78.6837
4619544 24.5235 22.1947 22.195 12.7299 -3.6114 -2.16673 81.6431
4619564 24.5235 22.1947 22.195 12.7299 -3.6114 -2.16673 81.6431
4619566 24.4369 25.5526 19.3549 12.8102 -1.65208 -3.25443 82.1546
4619579 23.9751 28.2887 16.5049 12.8369 0.197771 -4.2133 81.6056
4619598 23.9751 28.2887 16.5049 12.8369 0.197771 -4.2133 81.6056
4619600 23.4363 30.3838 13.8242 12.7745 1.83347 -5.07744 80.4188
4619605 23.4363 30.3838 13.8242 12.7745 1.83347 -5.07744 80.4188
4619615 22.6089 31.8092 11.6385 12.9795 3.33435 -5.65567 79.0362
4619632 21.5218 32.9668 10.3214 14.0136 4.80098 -5.73816 78.8236
4619635 21.5218 32.9668 10.3214 14.0136 4.80098 -5.73816 78.8236
4619645 20.0979 33.7895 9.79835 17.2509 6.53107 -4.97394 80.9366
4619665 18.2603 34 9.79835 21.689 8.24808 -3.72064 83.7477
4619670 18.2603 34 9.79835 21.689 8.24808 -3.72064 83.7477
4619676 16.0358 33.8948 9.48077 24.7571 9.84195 -2.79666 84.1685
4619694 16.0358 33.8948 9.48077 24.7571 9.84195 -2.79666 84.1685
4619696 13.5493 33.493 8.52802 26.5323 11.5551 -2.18906 82.1026
4619729 10.809 33.1964 7.50055 27.9603 13.4797 -1.61286 79.4662
4619731 10.809 33.1964 7.50055 27.9603 13.4797 -1.61286 79.4662
4619733 8.15323 32.9859 6.72527 29.2917 15.3582 -0.995808 77.1562
4619744 6.20796 33.0146 6.36099 30.7968 16.7721 -0.405493 76.3804
4619760 6.20796 33.0146 6.36099 30.7968 16.7721 -0.405493 76.3804
4619766 5.30299 33.3877 6.42637 32.1572 17.4106 -0.020797 77.2743
4619769 5.30299 33.3877 6.42637 32.1572 17.4106 -0.020797 77.2743
4619777 5.10846 33.7895 6.47308 32.9194 17.6035 0.094741 78.2905
4619796 5.18458 34 6.53846 32.8905 17.5439 0.0466222 78.6135
4619801 5.18458 34 6.53846 32.8905 17.5439 0.0466222 78.6135
4619808 5.24378 34 6.2489 31.916 17.5766 -0.209062 77.4087
4619826 5.15075 34 5.92198 30.4977 17.6739 -0.542083 75.5704
4619828 5.15075 34 5.92198 30.4977 17.6739 -0.542083 75.5704
4619838 5.11692 33.9713 5.50165 29.0891 17.794 -0.915621 73.679
4619852 5.11692 33.9713 5.50165 29.0891 17.794 -0.915621 73.679
4619858 5.05771 33.6843 5.18407 27.9506 17.8755 -1.1702 71.8767
4619869 4.98159 33.5504 5.03462 27.3138 17.9344 -1.30858 70.8804
4619886 4.98159 33.5504 5.03462 27.3138 17.9344 -1.30858 70.8804
4619888 4.93085 33.5312 4.95989 27.0341 17.9809 -1.37706 70.456
4619899 4.98159 33.5121 5.00659 26.9955 17.9158 -1.38128 70.4957
4619917 4.98159 33.5121 5.00659 26.9955 17.9158 -1.38128 70.4957
4619918 5.01542 33.646 4.93187 27.0533 17.9598 -1.41753 70.6467
4619933 5.01542 33.646 4.93187 27.0533 17.9598 -1.41753 70.6467
4619953 5.32836 34 5.34286 26.9665 17.552 -1.46968 71.6377
4619956 6.84229 34 5.95934 26.5516 16.274 -1.70367 73.3533
4619960 6.84229 34 5.95934 26.5516 16.274 -1.70367 73.3533
4619985 9.3204 34 6.60385 25.4807 14.4409 -2.2351 75.4049
4619987 11.7393 34 7.31374 23.7151 12.5905 -2.87433 76.7681
4619991 11.7393 34 7.31374 23.7151 12.5905 -2.87433 76.7681
4620000 14.3443 34 8.08901 21.4188 10.5924 -3.62927 77.8521
4620015 14.3443 34 8.08901 21.4188 10.5924 -3.62927 77.8521
4620021 17.3656 34 8.87363 18.8524 8.41214 -4.48332 79.0917
4620031 19.9825 34 9.93846 16.4919 6.39543 -5.1395 80.4128
4620047 19.9825 34 9.93846 16.4919 6.39543 -5.1395 80.4128
4620055 21.9547 34 11.4703 14.7446 4.66096 -5.42897 82.1697
4620079 23.2343 34 14.1978 14.0225 3.09826 -5.09287 85.4547
4620082 23.6672 32.3928 16.5236 13.4698 1.64775 -4.54367 86.0535
4620092 23.6672 32.3928 16.5236 13.4698 1.64775 -4.54367 86.0535
4620113 23.5229 28.7479 18.4655 12.7745 -0.139511 -3.77749 83.5108
4620115 23.4075 24.7777 20.2444 12.1238 -2.095 -2.94533 80.5533
4620127 23.4075 24.7777 20.2444 12.1238 -2.095 -2.94533 80.5533
4620149 23.0996 20.5684 21.9221 11.4819 -4.20757 -1.9976 77.072
4620151 23.0034 16.6719 23.6201 10.9203 -6.4108 -1.03784 74.2157
4620166 22.9361 13.6414 25.3282 10.9114 -8.14075 -0.0696123 72.817
4620188 22.9361 13.6414 25.3282 10.9114 -8.14075 -0.0696123 72.817
