5082132 15.6129 17.641 23.893 16.5097 -1.81764 1.45584 73.6566
5082139 15.8328 16.6374 24.9946 15.2617 -3.06918 1.6059 72.7265
5082147 16.0612 15.6445 26.2277 14.3078 -4.26924 1.83341 72.2412
5082157 16.0612 15.6445 26.2277 14.3078 -4.26924 1.83341 72.2412
5082165 16.2303 14.4444 27.7033 13.5679 -5.53241 2.20926 71.946
5082174 16.408 13.0198 29.563 13.0865 -6.89005 2.75158 72.0773
5082192 16.408 13.0198 29.563 13.0865 -6.89005 2.75158 72.0773
5082196 16.7124 11.7334 31.6754 12.8191 -8.16948 3.30037 72.9403
5082205 16.7124 11.7334 31.6754 12.8191 -8.16948 3.30037 72.9403
5082215 16.8647 10.2915 33.9394 12.6586 -9.44146 3.95404 73.7542
5082225 17.0385 8.78923 34 12.516 -10.275 4.28958 72.3437
5082255 17.0577 7.33875 34 12.311 -11.1049 4.64898 70.7074
5082259 17.0866 6.10411 34 12.2307 -11.7945 4.97829 69.4214
5082268 17.0866 6.10411 34 12.2307 -11.7945 4.97829 69.4214
5082277 17.1058 5.3098 34 12.1505 -12.2675 5.1924 68.5661
5082287 17.1058 5.3098 34 12.1505 -12.2675 5.1924 68.5661
5082299 16.9408 4.6968 34 12.1505 -12.5736 5.42416 67.7881
5082307 16.8731 4.67953 34 12.2396 -12.5213 5.46234 67.7923
5082333 16.5602 4.52412 34 12.1683 -12.5897 5.59472 67.2527
5082338 16.1881 4.45505 34 11.9187 -12.7003 5.69597 66.5618
5082348 16.1881 4.45505 34 11.9187 -12.7003 5.69597 66.5618
5082358 15.8244 4.33418 34 11.7939 -12.7729 5.83041 65.9525
5082368 15.8244 4.33418 34 11.7939 -12.7729 5.83041 65.9525
5082378 15.4776 4.27374 34 11.7137 -12.7893 5.94875 65.465
5082388 15.3169 4.1874 34 11.6959 -12.8196 6.02565 65.2002
5082403 15.3169 4.1874 34 11.6959 -12.8196 6.02565 65.2002
5082409 15.1224 4.14424 34 11.8028 -12.7461 6.1172 65.0695
5082419 15.1393 4.66227 34 12.4625 -12.0784 6.03516 66.2641
5082450 15.2239 5.75876 34 13.0776 -11.162 5.75115 68.0602
5082452 15.3254 5.75876 34 11.785 -11.882 5.54087 66.8691
5082459 15.3254 7.25241 34 14.0671 -9.91078 5.41214 70.6449
5082471 15.1647 8.87557 34 15.0477 -8.63391 5.13234 73.088
5082488 15.1647 8.87557 34 15.0477 -8.63391 5.13234 73.088
5082497 14.7418 10.1275 34 16.1175 -7.50028 5.05053 74.9867
5082505 14.1751 11.3362 32.1807 17.5499 -5.8045 4.82829 75.242
5082515 14.1751 11.3362 32.1807 17.5499 -5.8045 4.82829 75.242
5082524 13.4055 12.2859 29.5529 20.0681 -3.52012 4.76607 75.3124
5082535 12.4498 13.0975 26.8746 23.4739 -0.906803 4.9017 75.8957
5082542 12.4498 13.0975 26.8746 23.4739 -0.906803 4.9017 75.8957
5082551 11.494 13.7537 23.6504 26.2333 1.61134 4.91858 75.1314
5082568 11.494 13.7537 23.6504 26.2333 1.61134 4.91858 75.1314
5082573 10.6905 14.2285 20.1231 28.2015 3.96498 4.79334 73.2436
5082582 9.94627 14.6602 17.192 30.0346 6.11018 4.72348 71.8332
5082591 9.94627 14.6602 17.192 30.0346 6.11018 4.72348 71.8332
5082602 9.26965 15.1351 15.1786 32.0993 7.9469 4.78634 71.6826
5082616 8.67761 15.5754 14.0951 34 9.26174 4.94319 72.3481
5082625 8.67761 15.5754 14.0951 34 9.26174 4.94319 72.3481
5082633 8.09403 15.9726 13.544 34 9.8919 4.91771 71.6106
5082643 8.09403 15.9726 13.544 34 9.8919 4.91771 71.6106
5082653 7.51045 16.1712 13.3291 34 10.3265 4.9952 71.0107
5082671 6.8 16.2316 13.1984 34 10.7622 5.16164 70.2299
5082674 6.8 16.2316 13.1984 34 10.7622 5.16164 70.2299
5082687 5.95423 16.1884 12.9275 34 11.3315 5.38253 69.0701
5082697 4.98159 16.0934 12.6005 34 12.01 5.65762 67.6756
5082705 4.98159 16.0934 12.6005 34 12.01 5.65762 67.6756
5082718 4.06816 16.0157 12.367 34 12.6336 5.9329 66.4509
5082742 3.41692 16.0244 12.2456 34 13.0779 6.12093 65.6869
5082745 3.13781 16.1194 12.0775 34 13.3559 6.1576 65.3346
5082764 3.13781 16.1194 12.0775 34 13.3559 6.1576 65.3346
5082768 3.1209 16.2402 11.8626 34 13.5137 6.09476 65.2238
5082777 3.22239 16.4906 11.7319 34 13.5749 5.96354 65.4449
5082787 3.22239 16.4906 11.7319 34 13.5749 5.96354 65.4449
5082799 3.29005 16.7064 11.6385 34 13.6276 5.86013 65.635
5082808 3.33234 16.8101 11.3209 34 13.8081 5.7693 65.4633
5082818 3.33234 16.8101 11.3209 34 13.8081 5.7693 65.4633
5082836 3.38308 16.9396 11.1995 34 13.8721 5.69506 65.5221
5082855 3.29851 17.0765 10.994 34 14.0679 5.64922 65.369
5082865 3.4 17.3922 10.7418 34 14.2104 5.48178 65.534
5082874 3.4 17.3922 10.7418 34 14.2104 5.48178 65.534
5082879 3.54378 17.7749 10.5082 34 14.3265 5.28421 65.8269
5082889 3.56915 18.1863 10.3681 34 14.4612 5.12965 66.1236
5082901 3.56915 18.1863 10.3681 34 14.4612 5.12965 66.1236
5082910 4.16119 18.6837 10.8165 34 13.9319 4.87092 67.6614
5082920 4.16119 18.6837 10.8165 34 13.9319 4.87092 67.6614
5082930 5.25224 19.3534 11.4236 34 13.0936 4.45913 70.0293
5082942 7.10448 20.0709 12.2082 34 11.8413 3.89042 73.3836
5082950 7.10448 20.0709 12.2082 34 11.8413 3.89042 73.3836
5082965 9.14279 20.4631 13.217 33.7588 10.4013 3.40223 76.5818
5082970 10.6483 20.4344 14.2258 30.7293 8.64361 2.73661 76.0378
5082988 10.6483 20.4344 14.2258 30.7293 8.64361 2.73661 76.0378
5082992 11.9169 20.1283 15.2346 27.1691 6.76501 2.08704 74.449
5083004 11.9169 20.1283 15.2346 27.1691 6.76501 2.08704 74.449
5083013 12.9995 19.6882 16.8412 24.3036 4.79164 1.71817 73.8326
5083022 13.6592 19.1238 19.3448 21.9398 2.72035 1.72173 74.0677
5083034 13.6592 19.1238 19.3448 21.9398 2.72035 1.72173 74.0677
5083042 14.1413 18.3106 21.7705 19.798 0.741953 1.84744 74.0204
5083057 14.3612 17.354 23.6201 17.7333 -0.990187 1.97859 73.0685
5083063 14.3612 17.354 23.6201 17.7333 -0.990187 1.97859 73.0685
5083076 14.5388 16.1453 25.4697 16.2601 -2.62489 2.28804 72.4138
5083083 14.6149 14.8243 27.7337 15.2438 -4.23951 2.80425 72.4167
5083098 14.6149 14.8243 27.7337 15.2438 -4.23951 2.80425 72.4167
5083105 14.894 13.4947 30.3615 14.5574 -5.86686 3.38236 73.3076
5083114 14.894 13.4947 30.3615 14.5574 -5.86686 3.38236 73.3076
5083132 15.1139 12.0356 32.8983 14.085 -7.38262 4.01316 74.1328
5083143 15.4015 10.5592 34 13.6392 -8.56085 4.41819 73.5999
5083154 15.5537 9.10868 34 13.3272 -9.41727 4.72251 71.9896
5083166 15.5537 9.10868 34 13.3272 -9.41727 4.72251 71.9896
5083174 15.5284 7.69274 34 13.0152 -10.2584 5.08158 70.2363
5083194 15.503 6.38903 34 12.7745 -11.0459 5.43551 68.6665
5083194 15.503 6.38903 34 12.7745 -11.0459 5.43551 68.6665
5083214 15.2915 5.30117 34 12.6943 -11.6278 5.81871 67.287
5083221 15.1816 4.57593 34 12.6408 -12.0353 6.07318 66.3983
5083229 15.1816 4.57593 34 12.6408 -12.0353 6.07318 66.3983
5083239 14.9871 4.1615 34 12.721 -12.1849 6.27887 65.8696
5083246 14.9871 4.1615 34 12.721 -12.1849 6.27887 65.8696
5083255 14.9279 4.07517 34 12.7834 -12.1869 6.33422 65.7865
5083266 14.8433 4.04926 34 12.7121 -12.2255 6.36073 65.6047
5083275 14.8433 4.04926 34 12.7121 -12.2255 6.36073 65.6047
5083290 14.708 3.98883 34 12.5784 -12.3097 6.40709 65.2752
5083297 14.5557 3.96293 34 12.4625 -12.3614 6.45045 64.9812
5083311 14.5557 3.96293 34 12.4625 -12.3614 6.45045 64.9812
5083317 14.5896 3.95429 34 12.3288 -12.45 6.4245 64.8726
5083327 14.6488 3.95429 34 12.2396 -12.5129 6.39315 64.8427
5083360 14.8348 4.04926 34 12.1951 -12.5196 6.29487 65.0792
5083363 14.8348 4.04926 34 12.1951 -12.5196 6.29487 65.0792
5083368 14.9955 4.23057 34 12.3912 -12.3343 6.20989 65.6173
5083384 15.3169 5.00762 34 12.8102 -11.7298 5.91772 67.1347
5083388 15.3169 5.00762 34 12.8102 -11.7298 5.91772 67.1347
5083398 15.5706 6.27679 34 13.14 -10.9273 5.49939 68.9874
5083408 15.892 7.87405 34 13.6749 -9.91837 5.01997 71.441
5083420 15.892 7.87405 34 13.6749 -9.91837 5.01997 71.441
5083432 16.0274 9.42814 34 14.3613 -8.88616 4.65459 73.8168
5083439 16.0274 9.42814 34 14.3613 -8.88616 4.65459 73.8168
5083454 16.002 10.8614 31.3317 15.3686 -7.17193 4.04487 73.5637
5083459 15.799 12.3809 28.4614 17.1737 -4.98063 3.54707 73.8149
5083469 15.799 12.3809 28.4614 17.1737 -4.98063 3.54707 73.8149
5083480 15.4607 13.7019 25.9144 20.0874 -2.52307 3.36048 75.1644
5083494 14.8856 14.6602 23.2057 22.9625 -0.154696 3.29314 75.7141
5083504 14.8856 14.6602 23.2057 22.9625 -0.154696 3.29314 75.7141
5083510 14.2005 15.2042 20.1736 24.786 1.88804 3.13759 74.3643
5083520 14.2005 15.2042 20.1736 24.786 1.88804 3.13759 74.3643
5083531 13.4139 15.6186 17.5862 26.4745 3.7941 3.08404 73.0932
5083540 12.5343 16.0416 15.7297 28.2497 5.52246 3.18448 72.5554
5083559 12.5343 16.0416 15.7297 28.2497 5.52246 3.18448 72.5554
5083562 11.6294 16.4561 14.5341 30.2276 7.04223 3.43382 72.8471
5083570 10.6483 16.8446 13.7681 31.9932 8.33447 3.74077 73.2542
5083590 9.70945 17.3731 13.1703 33.6816 9.52699 4.01086 73.9345
5083609 9.70945 17.3731 13.1703 33.6816 9.52699 4.01086 73.9345
5083615 8.84677 17.7749 12.7407 34 10.2871 4.11362 73.3623
5083628 8.05174 18.2245 12.3764 34 10.9412 4.1499 72.6526
5083632 8.05174 18.2245 12.3764 34 10.9412 4.1499 72.6526
5083642 7.23134 18.5594 11.9374 34 11.6379 4.21313 71.7281
5083652 6.25871 18.7794 11.5264 34 12.398 4.35522 70.5645
5083662 6.25871 18.7794 11.5264 34 12.398 4.35522 70.5645
5083676 5.33682 19.1142 11.1621 34 13.1496 4.46274 69.6131
5083681 5.33682 19.1142 11.1621 34 13.1496 4.46274 69.6131
5083703 4.78706 19.3917 10.8538 34 13.6714 4.49247 69.0326
5083705 4.35572 19.7648 10.611 34 14.1122 4.47186 68.7315
5083728 4.35572 19.7648 10.611 34 14.1122 4.47186 68.7315
5083730 4.29652 19.9848 10.5082 34 14.2391 4.41061 68.7896
5083733 4.27114 19.9848 10.4429 34 14.2909 4.4077 68.6988
5083743 4.27114 20.2814 10.4429 34 14.337 4.32428 68.9954
5083753 4.28806 20.4918 10.2374 34 14.477 4.22883 69.0173
5083777 4.28806 20.4918 10.2374 34 14.477 4.22883 69.0173
5083780 4.34726 20.7406 10.1626 34 14.5236 4.1317 69.2505
5083788 4.42338 21.0084 9.98516 34 14.6217 4.0091 69.417
5083794 4.42338 21.0084 9.98516 34 14.6217 4.0091 69.417
5083804 4.51642 21.2572 9.78901 34 14.7176 3.88472 69.5626
5083814 4.50796 21.2572 9.59286 34 14.8348 3.85559 69.358
5083827 4.50796 21.4963 9.59286 34 14.8697 3.79079 69.5972
5083834 4.54179 21.7451 9.48077 34 14.9505 3.69668 69.7676
5083844 4.54179 21.7451 9.48077 34 14.9505 3.69668 69.7676
5083855 4.74478 22.0321 9.41538 34 14.9133 3.55563 70.1922
5083864 5.43831 22.2425 9.72363 34 14.3831 3.37012 71.4045
5083879 5.43831 22.2425 9.72363 34 14.3831 3.37012 71.4045
5083885 6.43632 22.5295 10.144 33.5369 13.5884 3.03833 72.6467
5083902 7.88259 22.5295 10.667 32.2923 12.3591 2.56514 73.3714
5083906 7.88259 22.9026 10.667 32.2923 12.4231 2.47627 73.7446
5083915 9.43881 23.1609 11.2555 30.3916 11.0639 1.82783 74.2468
5083933 9.43881 23.1609 11.2555 30.3916 11.0639 1.82783 74.2468
5083941 10.6652 23.1418 11.9374 28.1146 9.69886 1.2683 73.859
5083953 11.9 23.0174 12.9555 25.9535 8.16626 0.810993 73.8264
5083960 11.9 23.0174 12.9555 25.9535 8.16626 0.810993 73.8264
5083969 12.9826 22.7496 14.4126 23.9949 6.52459 0.541282 74.1397
5083980 13.9468 22.2808 16.4115 22.2389 4.72817 0.485369 74.8781
5083986 13.9468 22.2808 16.4115 22.2389 4.72817 0.485369 74.8781
5084002 14.6826 21.4102 18.4453 20.483 2.92096 0.56693 75.0211
5084006 14.6826 21.4102 18.4453 20.483 2.92096 0.56693 75.0211
5084016 15.004 20.2431 20.1635 18.6691 1.26376 0.726015 74.0797
5084032 15.2662 18.8942 21.3359 17 -0.244108 0.863948 72.4963
5084051 15.4861 17.4496 22.6296 15.7698 -1.71593 1.14888 71.3351
5084058 15.6806 16.2489 24.3074 14.8873 -3.11141 1.53222 71.1241
5084068 15.6806 16.2489 24.3074 14.8873 -3.11141 1.53222 71.1241
5084078 16.1627 15.0488 26.6017 14.4326 -4.59646 2.03946 72.2457
5084093 16.1627 15.0488 26.6017 14.4326 -4.59646 2.03946 72.2457
5084102 16.5348 13.7709 28.8454 13.9245 -6.05017 2.55847 73.0757
5084109 16.907 12.4672 31.0993 13.666 -7.37564 3.11394 74.1395
5084119 16.907 12.4672 31.0993 13.666 -7.37564 3.11394 74.1395
5084129 17.1636 10.9909 33.0297 13.3629 -8.66552 3.6698 74.547
5084139 17.2309 9.57491 34 13.0954 -9.66173 4.11826 73.9012
5084151 17.2309 9.57491 34 13.0954 -9.66173 4.11826 73.9012
5084162 17.3079 8.27984 34 12.8013 -10.439 4.39574 72.389
5084178 17.3079 8.27984 34 12.8013 -10.439 4.39574 72.389
5084180 17.2213 6.9934 34 12.6319 -11.1494 4.74629 70.8466
5084190 17.2117 6.06094 34 12.4447 -11.7281 4.98558 69.7173
5084203 17.2117 6.06094 34 12.4447 -11.7281 4.98558 69.7173
5084210 17.0962 5.45658 34 12.2753 -12.1187 5.16995 68.8281
5084226 17.0289 5.16303 34 12.3377 -12.2313 5.28512 68.5296
5084230 17.0289 5.16303 34 12.3377 -12.2313 5.28512 68.5296
5084252 16.8985 5.10259 34 12.5071 -12.1478 5.36563 68.5082
5084254 16.8985 5.10259 34 12.5071 -12.1478 5.36563 68.5082
5084261 16.7294 5.10259 34 12.5427 -12.0966 5.42104 68.3747
5084276 16.4333 4.97308 34 12.5606 -12.1013 5.55141 67.967
5084282 16.4333 4.97308 34 12.5606 -12.1013 5.55141 67.967
5084292 16.1711 4.89538 34 12.5427 -12.1038 5.65223 67.6093
5084310 15.9005 4.73134 34 12.4536 -12.1918 5.77363 67.0854
5084315 15.9005 4.73134 34 12.4536 -12.1918 5.77363 67.0854
5084326 15.596 4.66227 34 12.3912 -12.2066 5.88142 66.6495
5084333 15.596 4.66227 34 12.3912 -12.2066 5.88142 66.6495
5084343 15.3846 4.58456 34 12.3377 -12.2394 5.96512 66.3068
5084353 15.2239 4.55866 34 12.5695 -12.093 6.05564 66.352
5084379 15.2662 4.94718 34 13.1222 -11.5826 5.99435 67.3355
5084383 15.2493 5.78466 34 13.7016 -10.8252 5.81963 68.7355
5084402 15.2493 5.78466 34 13.7016 -10.8252 5.81963 68.7355
5084410 15.3507 6.9934 34 14.2098 -9.97379 5.49912 70.5539
5084426 15.3507 6.9934 34 14.2098 -9.97379 5.49912 70.5539
5084428 15.393 8.45251 34 14.8694 -8.96346 5.16205 72.715
5084434 15.3592 9.73895 33.4037 16.1353 -7.66664 4.91193 74.6371
5084451 15.3592 9.73895 33.4037 16.1353 -7.66664 4.91193 74.6371
5084455 15.2662 11.0858 30.5838 18.3121 -5.46593 4.49394 75.248
5084465 15.1901 12.3118 27.3698 21.3802 -2.90739 4.17986 76.2519
5084478 15.1901 12.3118 27.3698 21.3802 -2.90739 4.17986 76.2519
5084485 15.0378 13.3134 23.6403 23.5125 -0.613305 3.73522 75.504
5084495 15.0378 13.3134 23.6403 23.5125 -0.613305 3.73522 75.504
5084506 14.6657 14.1767 19.8199 24.8053 1.53011 3.2224 73.4676
5084520 14.0652 14.9279 16.9066 26.4552 3.5973 2.9788 72.3548
5084529 14.0652 14.9279 16.9066 26.4552 3.5973 2.9788 72.3548
5084537 13.3716 15.6186 15.1599 28.4813 5.35868 3.02574 72.6314
5084554 12.5682 16.2575 14.1978 30.5267 6.80427 3.24245 73.5501
5084556 12.5682 16.2575 14.1978 30.5267 6.80427 3.24245 73.5501
5084567 11.6294 16.8446 13.4973 32.2826 8.0806 3.49597 74.2538
5084580 11.6294 16.8446 13.4973 32.2826 8.0806 3.49597 74.2538
5084586 10.5975 17.2774 13.0209 33.9035 9.21217 3.82011 74.7993
5084606 9.50647 17.507 12.6005 34 9.98451 3.99116 73.6141
5084608 9.50647 17.507 12.6005 34 9.98451 3.99116 73.6141
5084618 8.2801 17.6601 12.1242 34 10.843 4.20124 72.0644
5084631 6.95224 17.8323 11.5731 34 11.8349 4.43204 70.3576
5084638 6.95224 17.8323 11.5731 34 11.8349 4.43204 70.3576
5084648 5.64129 18.0141 11.1434 34 12.8016 4.68498 68.7988
5084659 4.89702 18.0141 10.9753 34 13.3097 4.87525 67.8864
5084685 4.89702 18.435 10.9753 34 13.3817 4.75277 68.3073
5084687 4.4403 18.9994 10.8165 34 13.8239 4.69776 68.2562
5084694 4.4403 18.9994 10.8165 34 13.8239 4.69776 68.2562
5084711 4.34726 19.5352 10.6764 34 14.0432 4.54951 68.5588
5084713 4.42338 19.8796 10.6764 34 14.0549 4.43033 68.9793
5084721 4.42338 19.8796 10.6764 34 14.0549 4.43033 68.9793
5084736 4.48259 20.1187 10.5643 34 14.1226 4.32938 69.1656
5084740 4.49104 20.2048 10.5082 34 14.163 4.29433 69.2041
5084750 4.49104 20.2048 10.5082 34 14.163 4.29433 69.2041
5084763 4.53333 20.4153 10.3681 34 14.2512 4.20234 69.3168
5084770 4.53333 20.4153 10.3681 34 14.2512 4.20234 69.3168
5084789 4.4995 20.5492 10.1253 34 14.429 4.13664 69.174
5084791 4.56716 20.7884 9.9011 34 14.5546 4.0167 69.2567
5084805 4.56716 20.7884 9.9011 34 14.5546 4.0167 69.2567
5084816 4.64328 21.0754 9.77967 34 14.6235 3.89814 69.4984
5084821 5.01542 21.2954 9.92912 34 14.3618 3.76244 70.24
5084831 5.01542 21.2954 9.92912 34 14.3618 3.76244 70.24
5084844 5.66667 21.5537 10.256 34 13.8616 3.57509 71.4765
5084852 5.66667 21.5537 10.256 34 13.8616 3.57509 71.4765
5084869 6.60547 21.7833 10.6764 34 13.1737 3.34377 73.0652
5084871 7.90796 22.1277 11.022 33.1896 12.2521 2.86391 74.2472
5084896 7.90796 22.1277 11.022 33.1896 12.2521 2.86391 74.2472
5084898 9.33731 22.386 11.3489 31.2599 11.0853 2.19665 74.3322
5084903 10.5214 22.5965 11.7692 28.9251 9.90045 1.53967 73.8122
5084913 10.5214 22.5965 11.7692 28.9251 9.90045 1.53967 73.8122
5084923 11.5194 22.6635 12.2456 26.4938 8.70524 0.93726 72.9222
5084933 11.5194 22.6635 12.2456 26.4938 8.70524 0.93726 72.9222
5084948 12.4413 22.5678 13.2918 24.1879 7.25031 0.51122 72.4887
5084958 13.3547 22.3956 15.3093 22.181 5.4316 0.356367 73.2407
5084964 13.3547 22.3956 15.3093 22.181 5.4316 0.356367 73.2407
5084975 14.2851 21.946 17.6468 20.483 3.52908 0.383019 74.3609
5084984 15.0463 21.3146 20.0119 18.8042 1.6829 0.489893 75.1769
5084999 15.0463 21.3146 20.0119 18.8042 1.6829 0.489893 75.1769
5085004 15.4692 20.1953 21.8312 17.0579 -0.0158101 0.648787 74.5535
5085014 15.4692 20.1953 21.8312 17.0579 -0.0158101 0.648787 74.5535
5085037 15.7144 18.4924 23.7515 15.6628 -1.80339 1.061 73.6211
5085041 15.9682 16.6115 26.1974 14.7714 -3.66517 1.71094 73.5484
5085053 15.9682 16.6115 26.1974 14.7714 -3.66517 1.71094 73.5484
5085060 16.2557 14.7897 28.714 14.0671 -5.45633 2.38444 73.8266
5085078 16.5771 13.0112 31.2004 13.6036 -7.11188 3.06799 74.3922
5085081 16.5771 13.0112 31.2004 13.6036 -7.11188 3.06799 74.3922
5085088 16.8816 11.0945 32.9792 13.0152 -8.70317 3.65383 73.9705
5085105 16.8816 11.0945 32.9792 13.0152 -8.70317 3.65383 73.9705
5085106 17.1636 9.38497 34 12.5695 -9.98697 4.10726 73.118
5085132 17.4041 7.89995 34 12.1327 -10.9788 4.37352 71.4367
5085137 17.7216 6.76892 34 11.7939 -11.7945 4.54655 70.2844
5085146 18.0006 5.9487 34 11.6156 -12.3756 4.67183 69.5649
5085159 18.0006 5.9487 34 11.6156 -12.3756 4.67183 69.5649
5085172 18.2988 5.53428 34 11.4997 -12.7158 4.68753 69.3328
5085186 18.2988 5.53428 34 11.4997 -12.7158 4.68753 69.3328
5085188 18.549 5.37024 34 11.5621 -12.8152 4.6724 69.4813
5085198 18.7895 5.44794 34 11.5087 -12.844 4.57472 69.7461
5085224 18.8568 5.51701 34 11.3928 -12.8812 4.51912 69.7666
5085229 18.828 5.43931 34 11.2947 -12.9719 4.53425 69.562
5085240 18.828 5.43931 34 11.2947 -12.9719 4.53425 69.562
5085249 18.7125 5.44794 34 11.2145 -12.991 4.55223 69.3749
5085266 18.7125 5.44794 34 11.2145 -12.991 4.55223 69.3749
5085269 18.674 5.44794 34 11.1788 -13.0039 4.55771 69.3008
5085279 18.5105 5.3357 34 11.1164 -13.0717 4.62647 68.9626
5085292 18.5105 5.3357 34 11.1164 -13.0717 4.62647 68.9626
5085304 18.3084 5.32707 34 11.0094 -13.1007 4.67054 68.6449
5085319 18.2411 5.64652 34 11.4195 -12.6881 4.66011 69.3071
5085321 18.2411 5.64652 34 11.4195 -12.6881 4.66011 69.3071
5085330 18.193 6.5099 34 11.7404 -12.0461 4.47968 70.4433
5085347 18.193 6.5099 34 11.7404 -12.0461 4.47968 70.4433
5085350 18.4431 7.96039 34 12.2129 -11.1097 4.09192 72.6164
5085360 18.5393 9.52311 32.6356 12.8993 -9.76681 3.56109 73.5973
5085374 18.5393 9.52311 32.6356 12.8993 -9.76681 3.56109 73.5973
5085385 18.2122 10.7664 30.7051 13.8799 -8.24832 3.18223 73.5636
5085403 17.9909 12.191 28.4512 15.4132 -6.36021 2.77175 74.0464
5085406 17.9909 12.191 28.4512 15.4132 -6.36021 2.77175 74.0464
5085412 17.5003 13.486 26.4096 18.4183 -3.95889 2.73859 75.8142
5085432 16.9239 14.4617 24.4185 22.4126 -1.42814 2.96208 78.2167
5085460 16.095 14.8674 21.6189 24.7089 0.602397 2.982 77.2902
5085462 16.095 14.8674 21.6189 24.7089 0.602397 2.982 77.2902
5085463 15.207 15.0919 18.7182 25.8087 2.33058 2.85223 74.8258
5085473 14.0905 15.2473 16.4022 27.2753 4.11895 2.94587 73.0153
5085487 14.0905 15.2473 16.4022 27.2753 4.11895 2.94587 73.0153
5085493 12.9403 15.4114 15.0478 29.0216 5.67682 3.25548 72.421
5085503 11.7393 15.5582 14.1698 31.038 7.13296 3.70532 72.5053
5085518 11.7393 15.5582 14.1698 31.038 7.13296 3.70532 72.5053
5085524 10.5552 15.7567 13.6374 32.9773 8.41306 4.17599 72.9266
5085534 10.5552 15.7567 13.6374 32.9773 8.41306 4.17599 72.9266
5085547 9.27811 15.9035 13.2637 34 9.44217 4.57216 72.4454
5085554 8.04328 16.0416 12.9742 34 10.2113 4.83173 71.0591
5085564 8.04328 16.0416 12.9742 34 10.2113 4.83173 71.0591
5085575 6.49552 16.0503 12.6192 34 11.1818 5.22087 69.165
5085584 4.98159 15.9726 12.4511 34 12.0687 5.67395 67.4053
5085610 4.10199 16.1366 12.3857 34 12.6264 5.88684 66.6243
5085616 4.10199 16.1366 12.3857 34 12.6264 5.88684 66.6243
5085634 3.6791 16.2748 12.4511 34 12.8547 5.98537 66.405
5085637 3.66219 16.5251 12.5632 34 12.8463 5.92711 66.7505
5085647 3.66219 16.5251 12.5632 34 12.8463 5.92711 66.7505
5085662 3.77214 16.7669 12.4978 34 12.8649 5.80847 67.0368
5085667 3.74677 16.7496 12.4044 34 12.929 5.8089 66.9008
5085688 3.74677 16.7496 12.4044 34 12.929 5.8089 66.9008
5085690 3.73831 16.8014 12.1989 34 13.06 5.76709 66.7386
5085696 3.73831 16.8014 12.1989 34 13.06 5.76709 66.7386
5085714 3.72985 16.8187 11.956 34 13.2069 5.73062 66.5046
5085718 3.73831 16.7583 11.7038 34 13.3368 5.71159 66.2004
5085730 3.73831 16.7583 11.7038 34 13.3368 5.71159 66.2004
5085744 3.72985 16.7583 11.4516 34 13.4884 5.67872 65.9398
5085748 3.74677 16.9309 11.2275 34 13.6396 5.58752 65.9052
5085758 3.74677 16.9309 11.2275 34 13.6396 5.58752 65.9052
5085777 3.78905 17.1626 11.1714 34 13.6874 5.49424 66.1231
5085779 3.78905 17.1626 11.1714 34 13.6874 5.49424 66.1231
5085788 4.19502 17.4879 11.3489 34 13.4056 5.29584 67.0318
5085807 4.72786 17.9375 11.7412 34 12.9624 5.06 68.4066
5085815 4.72786 17.9375 11.7412 34 12.9624 5.06 68.4066
5085831 5.33682 18.435 12.1429 34 12.4993 4.79964 69.9147
5085833 6.25871 18.8081 12.6192 34 11.8329 4.50975 71.686
5085839 6.25871 18.8081 12.6192 34 11.8329 4.50975 71.686
5085858 7.29055 19.1908 13.0489 34 11.1693 4.19574 73.5302
5085860 7.29055 19.1908 13.0489 34 11.1693 4.19574 73.5302
5085874 8.68607 19.4778 13.8709 32.3502 9.83768 3.64131 74.3849
5085890 10.0393 19.7265 14.8797 29.2724 8.14416 2.91938 73.9179
5085896 10.0393 19.7265 14.8797 29.2724 8.14416 2.91938 73.9179
5085900 11.0711 19.7361 16.5984 26.1368 6.18805 2.43287 73.5423
5085920 11.9507 19.6213 18.7586 23.3195 4.15187 2.13974 73.6502
5085922 11.9507 19.6213 18.7586 23.3195 4.15187 2.13974 73.6502
5085935 12.7965 19.3821 20.588 20.9075 2.34312 1.89691 73.6741
5085946 12.7965 19.3821 20.588 20.9075 2.34312 1.89691 73.6741
5085952 13.5408 19.0473 21.8413 18.6981 0.807935 1.63097 73.1274
5085961 14.1836 18.5402 22.9935 17.0965 -0.528857 1.51746 72.8138
5085973 14.1836 18.5402 22.9935 17.0965 -0.528857 1.51746 72.8138
5085981 14.8771 17.8706 24.6813 16.0461 -1.9196 1.62908 73.4752
5086002 15.5622 16.9482 26.6118 15.44 -3.28109 1.91948 74.5621
5086004 15.5622 16.9482 26.6118 15.44 -3.28109 1.91948 74.5621
5086013 16.0104 15.8517 28.8151 14.9675 -4.62899 2.36377 75.6447
5086028 16.1881 14.4703 30.9578 14.5485 -5.94996 2.92418 76.1646
5086033 16.1881 14.4703 30.9578 14.5485 -5.94996 2.92418 76.1646
5086043 16.1289 12.8385 32.7771 14.2276 -7.1868 3.5613 75.972
5086059 16.1289 12.8385 32.7771 14.2276 -7.1868 3.5613 75.972
5086068 15.9682 11.2499 34 13.8443 -8.28446 4.12182 75.0623
5086074 15.6468 9.72169 34 13.5768 -9.03015 4.56679 72.9453
5086090 15.6468 9.72169 34 13.5768 -9.03015 4.56679 72.9453
5086094 15.2154 8.30574 34 13.3183 -9.73729 5.03896 70.8395
5086104 14.8433 6.95023 34 13.1935 -10.4003 5.52278 68.987
5086120 14.8433 6.95023 34 13.1935 -10.4003 5.52278 68.987
5086131 14.4881 5.90554 34 13.0687 -10.9372 5.93111 67.4623
5086152 14.4881 5.90554 34 13.0687 -10.9372 5.93111 67.4623
5086153 14.1751 4.96445 34 13.033 -11.4011 6.32289 66.1726
5086158 13.9806 4.38598 34 12.9795 -11.7127 6.56802 65.3461
5086168 13.9806 4.38598 34 12.9795 -11.7127 6.56802 65.3461
5086185 13.8706 4.11833 34 13.14 -11.7506 6.71384 65.129
5086187 13.8706 4.11833 34 13.14 -11.7506 6.71384 65.129
5086195 13.7522 3.98883 34 13.2292 -11.7493 6.80806 64.9702
5086213 13.6677 3.97156 34 13.2916 -11.7065 6.85014 64.9308
5086215 13.6677 3.97156 34 13.2916 -11.7065 6.85014 64.9308
5086225 13.7438 3.93702 34 13.3094 -11.7315 6.8384 64.9902
5086242 13.8114 4.00609 34 13.247 -11.7416 6.78468 65.0645
5086246 13.8114 4.00609 34 13.247 -11.7416 6.78468 65.0645
5086257 13.9975 4.10107 34 13.1044 -11.8063 6.6728 65.2029
5086273 13.9975 4.10107 34 13.1044 -11.8063 6.6728 65.2029
5086277 14.1751 4.23057 34 13.033 -11.8093 6.56202 65.4387
5086303 14.4711 4.28238 34 12.9439 -11.8897 6.43641 65.6974
5086305 14.4711 4.28238 34 12.9439 -11.8897 6.43641 65.6974
5086307 14.6826 4.44642 34 13.2826 -11.6521 6.35889 66.4117
5086333 14.9871 5.3098 34 13.7462 -10.9971 6.05117 68.0431
5086334 14.9871 5.3098 34 13.7462 -10.9971 6.05117 68.0431
5086337 15.41 6.79482 34 14.2722 -10.054 5.54807 70.4769
5086363 15.41 6.79482 34 14.2722 -10.054 5.54807 70.4769
5086367 15.7144 8.7288 34 14.6911 -8.98842 4.97329 73.1344
5086368 15.6721 10.1706 34 15.0031 -8.18293 4.64161 74.8459
5086378 15.6721 10.1706 34 15.0031 -8.18293 4.64161 74.8459
5086396 15.5706 11.2844 31.736 15.1547 -7.07416 4.07528 73.7458
5086403 15.4184 12.4068 28.6635 15.645 -5.55569 3.42765 72.1337
5086409 15.4184 12.4068 28.6635 15.645 -5.55569 3.42765 72.1337
5086426 15.2746 13.4774 25.9649 17.0772 -3.7207 2.98564 71.7941
5086429 14.9448 14.4444 23.9435 19.5182 -1.69035 2.89753 72.8508
5086439 14.9448 14.4444 23.9435 19.5182 -1.69035 2.89753 72.8508
5086457 14.5811 15.1265 21.8008 21.9688 0.242701 2.8707 73.4772
5086461 14.5811 15.1265 21.8008 21.9688 0.242701 2.8707 73.4772
5086490 14.2512 15.5582 19.4964 23.5704 1.84588 2.72875 72.8762
5086491 13.8199 15.7222 17.4043 25.1237 3.33763 2.70277 72.0701
5086499 13.8199 15.7222 17.4043 25.1237 3.33763 2.70277 72.0701
5086501 13.2786 16.0157 15.8698 27.0919 4.8298 2.83728 72.2561
5086522 13.2786 16.0157 15.8698 27.0919 4.8298 2.83728 72.2561
5086529 12.7289 16.2316 14.9264 29.118 6.05932 3.09924 73.0049
5086532 12.1453 16.4215 14.422 31.1924 7.093 3.44715 74.1812
5086540 12.1453 16.4215 14.422 31.1924 7.093 3.44715 74.1812
5086556 11.4179 16.6287 13.9923 32.9677 8.06135 3.78233 75.0066
5086560 10.5806 16.6719 13.6841 34 8.80987 4.08977 74.9366
5086587 10.5806 16.6719 13.6841 34 8.80987 4.08977 74.9366
5086589 9.67562 16.7583 13.3852 34 9.38019 4.25729 73.819
5086592 9.67562 16.7583 15.3841 34 8.47377 4.54052 75.8179
5086602 8.56766 16.7151 12.9929 34 10.0845 4.50569 72.2756
5086619 7.27363 16.6374 12.5819 34 10.9167 4.82407 70.4929
5086622 7.27363 16.6374 12.5819 34 10.9167 4.82407 70.4929
5086652 5.9796 16.646 12.1055 34 11.8436 5.12429 68.7311
5086654 5.05771 16.646 11.9187 34 12.4477 5.37136 67.6224
5086655 5.05771 16.646 11.9187 34 12.4477 5.37136 67.6224
5086663 4.4403 16.7928 11.7412 34 12.9196 5.489 66.9743
5086684 4.06816 17.0096 11.7319 34 13.1753 5.53532 66.8096
5086699 4.01741 17.2296 11.8159 34 13.1952 5.49534 67.0629
5086715 4.01741 17.2296 11.8159 34 13.1952 5.49534 67.0629
5086717 4.0597 17.287 11.9 34 13.1335 5.47684 67.2467
5086724 4.12736 17.2583 11.9093 34 13.0848 5.46631 67.295
5086746 4.12736 17.2583 11.9093 34 13.0848 5.46631 67.295
5086747 4.10199 17.22 11.956 34 13.0659 5.49228 67.2781
5086760 4.05124 17.1052 11.928 34 13.0902 5.53888 67.0845
5086778 4.0005 17.0478 11.9093 34 13.1195 5.56942 66.9577
5086785 4.0005 17.0478 11.9093 34 13.1195 5.56942 66.9577
5086795 3.94975 16.9223 11.8907 34 13.1368 5.62109 66.7627
5086811 3.99204 16.8187 11.9467 34 13.0622 5.6479 66.7574
5086843 4.38109 16.9137 12.2549 34 12.6861 5.54263 67.5497
5086844 4.99005 16.9655 12.6846 34 12.1251 5.40408 68.6401
5086847 4.99005 16.9655 12.6846 34 12.1251 5.40408 68.6401
5086874 5.81045 17.0478 13.2451 34 11.409 5.21804 70.1033
5086875 5.81045 17.0478 13.2451 34 11.409 5.21804 70.1033
5086876 6.92687 16.9309 14.1885 34 10.346 5.06563 72.0463
5086886 8.11095 16.7237 15.5429 34 9.09882 4.983 74.3775
5086915 8.99055 16.4906 17.8187 33.7009 7.59158 5.07237 77.0007
5086920 9.68408 16.1453 20.5678 31.6073 5.60887 5.0662 78.0044
5086934 9.68408 16.1453 20.5678 31.6073 5.60887 5.0662 78.0044
5086938 10.1323 15.8344 21.8413 28.3076 3.9967 4.76553 76.1156
5086948 10.1323 15.8344 21.8413 28.3076 3.9967 4.76553 76.1156
5086963 10.5975 15.4114 22.1748 24.6606 2.50524 4.28857 72.8443
5086977 11.2318 15.0401 22.7307 21.4574 0.899461 3.81411 70.4601
5086996 11.2318 15.0401 22.7307 21.4574 0.899461 3.81411 70.4601
