5395287 15.6891 22.9505 19.7289 16.9554 1.48956 -0.389362 75.3239
5395299 15.9682 21.3528 21.2551 15.44 -0.145379 -0.126863 74.016
5395306 15.9682 21.3528 21.2551 15.44 -0.145379 -0.126863 74.016
5395316 16.1881 19.3056 23.044 14.3435 -1.91511 0.389779 72.8811
5395326 16.4333 16.9827 25.5404 13.6838 -3.89151 1.19937 72.6403
5395353 16.6617 14.6257 28.5523 13.345 -5.89032 2.17463 73.1848
5395358 16.6617 14.6257 28.5523 13.345 -5.89032 2.17463 73.1848
5395368 16.6532 12.1996 31.453 13.14 -7.74947 3.21466 73.4459
5395378 16.6871 9.81666 34 12.9617 -9.49722 4.17707 73.4654
5395388 16.6871 9.81666 34 12.9617 -9.49722 4.17707 73.4654
5395408 16.5856 7.87405 34 12.9617 -10.4135 4.72592 71.4213
5395411 16.3234 6.37176 34 12.9261 -11.1408 5.22059 69.6212
5395419 16.3234 6.37176 34 12.9261 -11.1408 5.22059 69.6212
5395430 16.1119 5.2839 34 13.0509 -11.6065 5.62226 68.4467
5395450 16.1119 5.2839 34 13.0509 -11.6065 5.62226 68.4467
5395456 15.9174 4.83494 34 13.1311 -11.767 5.82883 67.8835
5395465 15.7905 4.75724 34 13.1489 -11.7747 5.89419 67.6967
5395471 15.7905 4.75724 34 13.1489 -11.7747 5.89419 67.6967
5395480 15.6806 4.67953 34 12.9082 -11.9272 5.91989 67.2684
5395490 15.5876 4.61046 34 12.6319 -12.0998 5.93309 66.8299
5395511 15.5791 4.65363 34 12.3912 -12.2082 5.88943 66.6239
5395521 15.6383 4.65363 34 12.3912 -12.2195 5.87088 66.6831
5395531 15.6383 4.61046 34 12.2129 -12.3436 5.85995 66.4617
5395543 15.706 4.65363 34 12.2129 -12.3322 5.82522 66.5725
5395551 15.706 4.65363 34 12.2129 -12.3322 5.82522 66.5725
5395564 15.7736 4.63636 34 12.2842 -12.3148 5.8193 66.6942
5395571 15.8328 4.63636 34 12.4893 -12.2118 5.829 66.9585
5395581 15.8328 4.63636 34 12.4893 -12.2118 5.829 66.9585
5395600 15.9597 5.2062 34 13.1311 -11.5753 5.70271 68.297
5395610 16.1542 5.2062 34 11.4641 -12.5268 5.41051 66.8245
5395621 16.1542 6.35449 34 13.7462 -10.6945 5.38841 70.2549
5395625 16.2896 8.33164 34 14.5931 -9.34409 4.91131 73.2143
5395634 16.2896 8.33164 34 14.5931 -9.34409 4.91131 73.2143
5395643 16.2896 10.4815 33.4744 15.6717 -7.77518 4.42097 75.9172
5395652 16.0358 12.2859 29.9976 17.0482 -5.53927 3.72656 75.3676
5395663 16.0358 12.2859 29.9976 17.0482 -5.53927 3.72656 75.3676
5395678 15.6721 13.935 26.066 19.4892 -2.76532 3.18273 75.1623
5395684 15.0716 15.1178 22.4073 22.8661 0.167298 2.99827 75.4628
5395694 15.0716 15.1178 22.4073 22.8661 0.167298 2.99827 75.4628
5395704 14.2682 15.7395 19.0113 25.828 2.76833 2.97241 74.847
5395719 14.2682 15.7395 19.0113 25.828 2.76833 2.97241 74.847
5395726 13.2194 16.0848 16.206 28.0085 4.9878 3.04215 73.5188
5395736 12.1453 16.3525 14.6742 30.3434 6.75926 3.37069 73.5153
5395745 12.1453 16.3525 14.6742 30.3434 6.75926 3.37069 73.5153
5395759 11.0204 16.6115 13.8522 32.7168 8.23969 3.82821 74.2009
5395765 9.87861 16.6287 13.4692 34 9.21944 4.25037 73.9766
5395780 9.87861 16.6287 13.4692 34 9.21944 4.25037 73.9766
5395785 8.71144 16.4906 13.189 34 9.87351 4.55587 72.3911
5395800 8.71144 16.4906 13.189 34 9.87351 4.55587 72.3911
5395807 7.64577 16.3697 13.1423 34 10.393 4.87511 71.1578
5395816 6.70696 16.4215 13.189 34 10.8528 5.13254 70.3175
5395826 6.70696 16.4215 13.189 34 10.8528 5.13254 70.3175
5395836 5.75124 16.482 13.0022 34 11.4568 5.36625 69.2354
5395846 4.82935 16.551 12.75 34 12.0987 5.58553 68.1304
5395856 4.82935 16.551 12.75 34 12.0987 5.58553 68.1304
5395867 4.15274 16.6546 12.4978 34 12.6306 5.72551 67.3052
5395876 4.15274 16.6546 12.4978 34 12.6306 5.72551 67.3052
5395891 3.85672 16.8273 12.311 34 12.9337 5.7378 66.995
5395897 3.95821 17.0574 12.1522 34 13.0073 5.61353 67.1678
5395912 3.95821 17.0574 12.1522 34 13.0073 5.61353 67.1678
5395918 3.97512 17.2296 12.0214 34 13.1024 5.53729 67.2262
5395928 4.03433 17.22 11.9467 34 13.1095 5.51159 67.2011
5395946 4.03433 17.22 11.9467 34 13.1095 5.51159 67.2011
5395948 4.00896 17.3253 11.8346 34 13.2062 5.47138 67.1688
5395957 4.00896 17.3253 11.8346 34 13.2062 5.47138 67.1688
5395978 4.03433 17.2774 11.6945 34 13.2632 5.45831 67.0063
5395984 4.04279 17.4018 11.4797 34 13.403 5.38708 66.9243
5395990 4.04279 17.4018 11.4797 34 13.403 5.38708 66.9243
5396001 4.02587 17.6792 11.1247 34 13.6648 5.25655 66.8298
5396009 4.11891 17.8801 10.8725 34 13.7909 5.13077 66.8716
5396019 4.11891 17.8801 10.8725 34 13.7909 5.13077 66.8716
5396056 4.76169 18.5307 11.0593 34 13.4267 4.77683 68.3517
5396069 8.24627 20.0613 12.1055 33.2667 11.1891 3.47408 73.6798
5396071 8.24627 20.0613 12.1055 33.2667 11.1891 3.47408 73.6798
5396083 10.4791 20.9415 12.8247 30.8837 9.49078 2.45334 75.129
5396091 12.3398 21.2763 13.8055 27.8059 7.62252 1.59422 75.2275
5396106 12.3398 21.2763 13.8055 27.8059 7.62252 1.59422 75.2275
5396111 14.3104 21.5633 14.8143 24.1975 5.55384 0.628565 74.8855
5396121 15.6552 21.5633 16.8599 24.1975 4.23045 0.735641 78.2759
5396131 15.6552 21.372 16.8599 21.332 3.3864 0.232261 75.2191
5396144 16.7716 20.798 20.3656 19.1226 0.902984 0.373473 77.0578
5396161 17.4714 19.6691 23.2765 17.2701 -1.22563 0.657653 77.6871
5396176 17.7023 17.9662 24.9643 15.5648 -2.99735 0.956828 76.1976
5396183 17.7023 17.9662 24.9643 15.5648 -2.99735 0.956828 76.1976
5396196 17.7504 16.0675 26.5208 14.1295 -4.72488 1.37623 74.4683
5396201 17.7504 16.0675 26.5208 14.1295 -4.72488 1.37623 74.4683
5396218 17.6638 14.1336 27.8448 13.033 -6.30959 1.87418 72.6753
5396223 17.6446 12.1564 29.4518 12.2842 -7.9175 2.50256 71.5371
5396233 17.6446 12.1564 29.4518 12.2842 -7.9175 2.50256 71.5371
5396242 17.5772 10.2138 31.3621 11.892 -9.44242 3.26475 71.0451
5396253 17.6638 8.57339 33.2622 11.8385 -10.6935 3.96636 71.3379
5396279 17.5965 7.19198 34 11.9544 -11.4676 4.48793 70.7428
5396286 17.5965 7.19198 34 11.9544 -11.4676 4.48793 70.7428
5396301 17.4329 6.04368 34 12.1594 -11.9298 4.886 69.636
5396310 17.2405 5.3357 34 12.311 -12.1916 5.16818 68.8872
5396319 17.2405 5.3357 34 12.311 -12.1916 5.16818 68.8872
5396331 17.279 5.2321 34 12.5517 -12.1249 5.22146 69.0628
5396336 17.2886 5.18029 34 12.5606 -12.1498 5.23508 69.0295
5396345 17.2886 5.18029 34 12.5606 -12.1498 5.23508 69.0295
5396354 17.1443 5.08532 34 12.409 -12.2562 5.28406 68.6387
5396364 17.1443 5.08532 34 12.409 -12.2562 5.28406 68.6387
5396377 17.0577 5.14576 34 12.3288 -12.2509 5.28043 68.5323
5396389 16.7632 5.05079 34 12.204 -12.316 5.37873 68.018
5396400 16.7632 5.05079 34 12.204 -12.316 5.37873 68.018
5396405 16.594 4.99898 34 12.0792 -12.3817 5.42753 67.6722
5396415 16.4164 4.90401 34 11.8831 -12.5103 5.48245 67.2035
5396426 16.4164 4.90401 34 11.8831 -12.5103 5.48245 67.2035
5396435 16.4672 4.92128 34 11.8207 -12.5449 5.45288 67.2091
5396461 16.5264 4.97308 34 11.785 -12.5468 5.41408 67.2845
5396470 16.7209 4.95582 34 12.0792 -12.4291 5.40229 67.7559
5396476 16.7209 4.95582 34 12.0792 -12.4291 5.40229 67.7559
5396486 17.0673 5.62925 34 12.5784 -11.8584 5.17109 69.275
5396496 17.5869 6.59624 34 13.2202 -11.1236 4.83951 71.4034
5396507 17.5869 6.59624 34 13.2202 -11.1236 4.83951 71.4034
5396516 17.8947 8.04672 34 13.9512 -10.1149 4.46792 73.8927
5396543 18.116 9.69578 34 14.7268 -9.04558 4.09891 76.5386
5396546 18.0487 11.0686 31.8068 15.3865 -7.66619 3.55312 76.3105
5396561 18.0487 11.0686 31.8068 15.3865 -7.66619 3.55312 76.3105
5396569 17.8274 12.3895 28.2693 16.1799 -5.86856 2.85918 74.6661
5396578 17.635 13.5983 24.2872 17.4245 -3.73547 2.15473 72.9449
5396588 17.635 13.5983 24.2872 17.4245 -3.73547 2.15473 72.9449
5396598 17.2309 14.8415 20.6891 19.4506 -1.25595 1.67574 72.2121
5396607 17.2309 14.8415 20.6891 19.4506 -1.25595 1.67574 72.2121
5396618 16.704 16.0244 17.9602 22.2293 1.23067 1.53483 72.9178
5396631 15.9597 17.0765 16.2714 25.2877 3.39604 1.71383 74.5954
5396638 15.9597 17.0765 16.2714 25.2877 3.39604 1.71383 74.5954
5396655 14.708 17.7749 15.0291 28.0278 5.31694 2.0997 75.5398
5396661 13.1602 18.1002 14.0951 30.2565 6.97689 2.59705 75.612
5396670 13.1602 18.1002 14.0951 30.2565 6.97689 2.59705 75.612
5396679 11.5109 18.2054 13.3665 32.0028 8.43397 3.12702 75.0857
5396697 11.5109 18.2054 13.3665 32.0028 8.43397 3.12702 75.0857
5396705 9.88706 18.0619 12.8901 33.6334 9.70765 3.74122 74.4724
5396709 8.18707 17.8132 12.4885 34 10.7388 4.2396 72.4887
5396719 8.18707 17.8132 12.4885 34 10.7388 4.2396 72.4887
5396738 6.5801 17.574 12.1989 34 11.6537 4.70018 70.353
5396752 5.30299 17.1913 12.1429 34 12.2913 5.16816 68.6372
5396755 5.30299 17.1913 12.1429 34 12.2913 5.16816 68.6372
5396764 4.38109 17.0957 12.0868 34 12.813 5.46375 67.5636
5396777 4.38109 17.0957 12.0868 34 12.813 5.46375 67.5636
5396781 3.91592 16.9482 12.1148 34 13.033 5.65492 66.979
5396791 3.67065 17.0191 12.2176 34 13.1267 5.72309 66.9074
5396801 3.67065 17.0191 12.2176 34 13.1267 5.72309 66.9074
5396811 3.66219 17 12.2363 34 13.1175 5.73423 66.8985
5396824 3.56915 16.9914 12.2456 34 13.1637 5.76708 66.8061
5396831 3.56915 16.9914 12.2456 34 13.1637 5.76708 66.8061
5396849 3.59453 16.9137 12.0681 34 13.2371 5.75879 66.5763
5396853 3.59453 16.9137 12.0681 34 13.2371 5.75879 66.5763
5396862 3.59453 16.9914 11.956 34 13.3152 5.71898 66.5419
5396873 3.60299 16.9741 11.9187 34 13.3288 5.71651 66.4958
5396886 3.60299 16.9741 11.9187 34 13.3288 5.71651 66.4958
5396895 3.5607 16.9396 11.9747 34 13.3148 5.74828 66.475
5396904 3.49303 16.9568 11.9654 34 13.3623 5.76272 66.4153
5396916 3.49303 16.9568 11.9654 34 13.3623 5.76272 66.4153
5396924 3.55224 17.0861 12.0308 34 13.3132 5.71309 66.6691
5396937 3.69602 17.2487 12.0121 34 13.27 5.61571 66.9568
5396944 3.69602 17.2487 12.0121 34 13.27 5.61571 66.9568
5396957 4.36418 17.8514 12.2363 34 12.8744 5.2637 68.4519
5396969 4.36418 17.8514 12.2363 34 12.8744 5.2637 68.4519
5396977 5.3791 18.4254 12.3577 34 12.3602 4.82164 70.1622
5396987 7.01144 19.1142 12.5071 34 11.5635 4.20914 72.6328
5396999 7.01144 19.1142 12.5071 34 11.5635 4.20914 72.6328
5397005 8.74527 19.6213 12.9275 33.4115 10.4945 3.60865 74.7055
5397015 9.9801 19.6882 13.3571 30.6328 9.15844 2.9165 73.6583
5397034 9.9801 19.6882 13.3571 30.6328 9.15844 2.9165 73.6583
5397036 11.0204 19.6595 14.6742 27.8156 7.44179 2.42104 73.1697
5397046 11.0204 19.6595 14.6742 27.8156 7.44179 2.42104 73.1697
5397070 12.1706 19.8604 17.4144 25.6158 5.29274 2.19802 75.0612
5397072 13.0756 19.9561 20.1332 23.1073 3.23007 2.00769 76.2722
5397085 13.0756 19.9561 20.1332 23.1073 3.23007 2.00769 76.2722
5397087 13.5746 19.5256 21.2247 20.1839 1.6475 1.67263 74.5088
5397096 13.7692 18.7698 22.2253 18.0034 0.267547 1.58513 72.7677
5397107 13.7692 18.7698 22.2253 18.0034 0.267547 1.58513 72.7677
5397116 13.9637 17.5836 24.0244 16.7236 -1.27285 1.909 72.2953
5397131 13.9637 17.5836 24.0244 16.7236 -1.27285 1.909 72.2953
5397137 14.2512 16.1971 26.3187 15.9124 -2.91019 2.4318 72.6794
5397149 14.5726 14.8156 28.6029 15.3865 -4.42007 2.98477 73.3776
5397157 14.5726 14.8156 28.6029 15.3865 -4.42007 2.98477 73.3776
5397172 15.0547 13.0889 30.7759 14.914 -6.03646 3.5647 73.8335
5397177 15.4438 11.3189 32.9388 14.6377 -7.54177 4.19974 74.3391
5397204 15.7652 9.54901 34 14.3702 -8.76914 4.69354 73.6844
5397209 15.7652 9.54901 34 14.3702 -8.76914 4.69354 73.6844
5397219 15.9851 7.99492 34 14.1919 -9.62917 5.03214 72.1719
5397229 16.1035 6.69121 34 14.1117 -10.3307 5.35572 70.9064
5397239 16.1035 6.69121 34 14.1117 -10.3307 5.35572 70.9064
5397249 16.1035 5.78466 34 14.0047 -10.8431 5.60499 69.8929
5397264 15.9174 5.31844 34 13.9512 -11.0742 5.79199 69.1871
5397270 15.9174 5.31844 34 13.9512 -11.0742 5.79199 69.1871
5397281 15.7313 5.13713 34 13.8175 -11.202 5.88527 68.686
5397290 15.7313 5.13713 34 13.8175 -11.202 5.88527 68.686
5397303 15.6637 5.07669 34 13.5412 -11.3668 5.88756 68.2815
5397313 15.5453 5.07669 34 13.3005 -11.472 5.89169 67.9224
5397325 15.5453 5.07669 34 13.3005 -11.472 5.89169 67.9224
5397331 15.6299 5.09396 34 13.033 -11.6235 5.82433 67.7568
5397340 15.6891 5.04215 34 12.8993 -11.7357 5.80391 67.6305
5397354 15.6891 5.04215 34 12.8993 -11.7357 5.80391 67.6305
5397361 15.8498 5.12849 34 12.7389 -11.8074 5.70623 67.7171
5397371 15.8498 5.12849 34 12.7389 -11.8074 5.70623 67.7171
5397386 16.0697 5.18893 34 12.7745 -11.798 5.62578 68.0331
5397392 16.2726 5.38751 34 13.0687 -11.5732 5.54539 68.7288
5397408 16.2726 5.38751 34 13.0687 -11.5732 5.54539 68.7288
5397411 16.6109 6.23362 34 13.6749 -10.8844 5.28159 70.5194
5397436 17.0866 7.83088 34 14.3702 -9.85346 4.80014 73.2877
5397439 17.0866 7.83088 34 14.3702 -9.85346 4.80014 73.2877
5397449 17.5099 9.96343 33.7372 15.1547 -8.55396 4.20713 76.3652
5397463 17.5099 9.96343 33.7372 15.1547 -8.55396 4.20713 76.3652
5397463 17.4041 11.6298 31.3216 15.8768 -6.95873 3.57419 76.2322
5397473 17.0289 13.0371 28.1581 16.5632 -5.21036 2.93942 74.7873
5397488 17.0289 13.0371 28.1581 16.5632 -5.21036 2.93942 74.7873
5397493 16.4841 14.3753 25.126 17.6368 -3.25922 2.42524 73.6222
5397518 15.892 15.2042 22.1748 19.6532 -1.10026 2.20746 72.9242
5397524 15.1731 16.0416 19.4257 22.046 1.19995 2.11667 72.6864
5397536 15.1731 16.0416 19.4257 22.046 1.19995 2.11667 72.6864
5397544 14.3358 16.7151 16.6824 24.2747 3.46195 2.06356 72.008
5397562 13.3886 17.3827 14.6555 26.2333 5.43256 2.11782 71.66
5397564 13.3886 17.3827 14.6555 26.2333 5.43256 2.11782 71.66
5397574 12.306 18.0715 13.4319 28.4137 7.1817 2.38182 72.223
5397589 11.2826 18.8177 12.8434 30.7196 8.62415 2.74142 73.6633
5397595 11.2826 18.8177 12.8434 30.7196 8.62415 2.74142 73.6633
5397613 10.1831 19.4491 12.4137 32.4852 9.84068 3.07257 74.5311
5397625 9.14279 19.8891 12.1242 33.8263 10.8187 3.38451 74.9824
5397638 8.20398 20.2431 11.8533 34 11.5026 3.51402 74.3004
5397645 8.20398 20.2431 11.8533 34 11.5026 3.51402 74.3004
5397663 7.42587 20.5971 11.6385 34 12.0595 3.58713 73.6614
5397670 6.77463 20.7501 11.4797 34 12.4978 3.68914 73.0044
5397676 6.77463 20.7501 11.4797 34 12.4978 3.68914 73.0044
5397689 6.08109 20.8745 11.2181 34 13.0156 3.79554 72.1737
5397696 6.08109 20.8745 11.2181 34 13.0156 3.79554 72.1737
5397714 5.46368 20.951 10.9286 34 13.5117 3.89256 71.3433
5397716 4.99005 21.018 10.6484 34 13.9335 3.95724 70.6564
5397728 4.99005 21.018 10.6484 34 13.9335 3.95724 70.6564
5397740 4.89702 21.2285 10.5363 34 14.0795 3.90822 70.6618
5397751 4.94776 21.4102 10.5923 34 14.0486 3.85502 70.9503
5397766 4.94776 21.4102 10.5923 34 14.0486 3.85502 70.9503
5397778 4.94776 21.6111 10.4429 34 14.1618 3.77821 71.0018
5397791 4.99005 21.7259 10.2374 34 14.2694 3.70413 70.9534
5397806 4.98159 21.9364 10.0132 34 14.4301 3.61516 70.9312
5397820 5.08308 22.233 9.79835 33.8939 14.5213 3.45935 71.0083
5397829 5.16766 22.5774 9.53681 33.3343 14.5884 3.21302 70.6161
5397844 5.16766 22.5774 9.53681 33.3343 14.5884 3.21302 70.6161
5397849 5.2607 22.9122 9.26593 32.7554 14.6525 2.95931 70.1942
5397859 5.2607 22.9122 9.26593 32.7554 14.6525 2.95931 70.1942
5397873 5.21841 23.1801 9.11648 32.4081 14.7495 2.81582 69.923
5397900 5.4806 23.3905 9.24725 32.2054 14.5286 2.68363 70.3238
5397901 5.4806 23.3905 9.24725 32.2054 14.5286 2.68363 70.3238
5397903 6.32637 23.9167 9.53681 32.0318 13.955 2.36567 71.8117
5397910 7.69652 24.7012 9.82637 31.2985 13.0833 1.78051 73.5226
5397927 7.69652 24.7012 9.82637 31.2985 13.0833 1.78051 73.5226
5397930 9.3204 25.3995 10.1066 29.9478 12.0096 1.0701 74.7743
5397940 9.3204 25.3995 10.6297 29.9478 11.7525 1.16688 75.2974
5397954 10.9697 25.8013 10.6297 28.0182 10.6804 0.373279 75.4188
5397965 12.4075 25.6387 11.2368 25.664 9.226 -0.229231 74.947
5397981 12.4075 25.6387 11.2368 25.664 9.226 -0.229231 74.947
5397983 13.6085 25.2752 12.1615 23.3774 7.68671 -0.674129 74.4226
5397991 14.6403 24.6342 14.422 21.4671 5.66731 -0.675617 75.1636
5398019 15.7229 23.7445 17.7681 19.9427 3.3028 -0.341403 77.1782
5398034 16.3826 22.5295 20.3252 18.3893 1.3562 -0.0381812 77.6267
5398036 16.3826 22.5295 20.3252 18.3893 1.3562 -0.0381812 77.6267
5398045 16.4756 20.9989 21.2449 16.4651 -0.0853106 0.0470012 75.1846
5398063 16.4756 20.9989 21.2449 16.4651 -0.0853106 0.0470012 75.1846
5398065 16.3234 19.2577 21.9019 14.8249 -1.43231 0.23766 72.3079
5398073 16.2303 17.4401 23.0743 13.5768 -2.94639 0.635805 70.3216
5398090 16.2303 17.4401 23.0743 13.5768 -2.94639 0.635805 70.3216
5398094 16.2388 15.7913 25.1058 12.9885 -4.47951 1.29717 70.1244
5398104 16.3149 14.1681 27.764 12.8726 -5.98928 2.1415 71.1196
5398116 16.3149 14.1681 27.764 12.8726 -5.98928 2.1415 71.1196
5398124 16.3657 12.4154 30.5939 12.9439 -7.46702 3.06076 72.3189
5398144 16.3657 12.4154 30.5939 12.9439 -7.46702 3.06076 72.3189
5398153 16.2642 10.7577 33.3026 13.1222 -8.74337 3.96264 73.4467
5398172 16.1119 9.16912 34 13.3629 -9.49148 4.5596 72.6439
5398174 16.1119 9.16912 34 13.3629 -9.49148 4.5596 72.6439
5398180 15.8582 7.72727 34 13.4877 -10.0753 5.04456 71.0732
5398200 15.6383 6.49264 34 13.5322 -10.6274 5.46945 69.6632
5398201 15.6383 6.49264 34 13.5322 -10.6274 5.46945 69.6632
5398205 15.3507 5.51701 34 13.5322 -11.0751 5.84748 68.4
5398227 15.3507 5.51701 34 13.5322 -11.0751 5.84748 68.4
5398229 14.9786 4.86084 34 13.5857 -11.3207 6.17268 67.4252
5398236 14.8348 4.7227 34 13.5768 -11.371 6.26042 67.1343
5398253 14.8348 4.7227 34 13.5768 -11.371 6.26042 67.1343
5398257 14.7249 4.63636 34 13.354 -11.5171 6.29378 66.7152
5398266 14.4711 4.66227 34 13.2113 -11.5298 6.34819 66.3447
5398279 14.4711 4.66227 34 13.2113 -11.5298 6.34819 66.3447
5398291 14.3697 4.55003 34 13.0687 -11.6501 6.39863 65.9884
5398306 14.3697 4.55003 34 13.0687 -11.6501 6.39863 65.9884
5398308 14.1836 4.42052 34 13.0063 -11.7195 6.49338 65.6104
5398318 14.1244 4.40325 34 12.9528 -11.7471 6.51153 65.4804
5398332 14.1244 4.40325 34 12.9528 -11.7471 6.51153 65.4804
5398338 14.2343 4.37735 34 13.0063 -11.7539 6.49089 65.618
5398358 14.302 4.47232 34 13.033 -11.6995 6.44124 65.8074
5398360 14.302 4.47232 34 13.033 -11.6995 6.44124 65.8074
5398369 14.7333 5.06805 34 13.3807 -11.2696 6.15774 67.1821
5398383 14.7333 5.06805 34 13.3807 -11.2696 6.15774 67.1821
5398392 15.3085 6.19045 34 13.9067 -10.522 5.70727 69.4056
5398399 15.8159 7.86541 34 14.3524 -9.5782 5.1374 72.0337
5398413 15.8159 7.86541 34 14.3524 -9.5782 5.1374 72.0337
5398419 16.002 9.4713 34 14.8694 -8.62938 4.7206 74.3427
5398429 16.1119 11.1376 31.9584 15.5737 -7.14046 4.06834 74.7816
5398455 16.298 13.0284 28.0874 16.3671 -5.07919 3.07559 73.7809
5398468 16.298 13.0284 28.0874 16.3671 -5.07919 3.07559 73.7809
5398471 16.4333 14.712 24.2669 18.4858 -2.5381 2.35609 73.8981
5398480 16.3826 16.0848 21.2348 22.9529 0.463206 2.29346 76.6551
5398495 16.3826 16.0848 21.2348 22.9529 0.463206 2.29346 76.6551
5398500 15.7821 16.8273 18.3746 26.7736 3.03644 2.41881 77.7575
5398523 14.7502 17.3922 15.9632 28.9347 5.06667 2.48352 77.0404
5398524 14.7502 17.3922 15.9632 28.9347 5.06667 2.48352 77.0404
5398531 13.5408 17.6218 14.7209 30.7775 6.56712 2.80503 76.661
5398550 13.5408 17.6218 14.7209 30.7775 6.56712 2.80503 76.661
5398554 12.2299 17.6888 14.0764 32.437 7.7911 3.25676 76.432
5398563 10.6483 17.5262 13.628 33.8649 8.95855 3.82963 75.6674
5398577 10.6483 17.5262 13.628 33.8649 8.95855 3.82963 75.6674
5398581 9.14279 17.067 13.3291 34 9.72107 4.3078 73.5389
5398607 7.83184 16.6546 13.1516 34 10.3545 4.74576 71.6381
5398610 7.83184 16.6546 13.1516 34 10.3545 4.74576 71.6381
5398611 6.67313 16.1971 13.0115 34 10.9157 5.1819 69.8817
5398635 6.67313 16.1971 13.0115 34 10.9157 5.1819 69.8817
5398637 5.7597 15.8085 13.1049 34 11.2649 5.57788 68.6732
5398642 5.0408 15.5322 13.2824 34 11.4984 5.90432 67.8555
5398662 5.0408 15.5322 13.2824 34 11.4984 5.90432 67.8555
5398662 4.61791 15.3337 13.189 34 11.7391 6.08516 67.1406
5398672 4.09353 15.1783 13.161 34 12.0135 6.29716 66.4328
5398691 4.09353 15.1783 13.161 34 12.0135 6.29716 66.4328
5398694 3.73831 15.0833 13.161 34 12.1941 6.44247 65.9826
5398703 3.73831 15.0833 13.161 34 12.1941 6.44247 65.9826
5398719 3.54378 15.066 13.0489 34 12.3644 6.49703 65.6587
5398722 3.54378 15.1265 12.9181 34 12.4506 6.46027 65.5884
5398732 3.54378 15.1265 12.9181 34 12.4506 6.46027 65.5884
5398748 3.64527 15.4286 12.806 34 12.5142 6.31424 65.88
5398754 3.70448 15.679 12.6473 34 12.6181 6.19342 66.0308
5398774 3.70448 15.679 12.6473 34 12.6181 6.19342 66.0308
5398776 3.81443 16.0244 12.5632 34 12.6678 6.03695 66.402
5398784 3.81443 16.0244 12.5632 34 12.6678 6.03695 66.402
5398801 3.87363 16.4215 12.4604 34 12.7658 5.87934 66.7556
5398809 4.10199 16.9309 12.4791 34 12.7199 5.6537 67.512
5398815 4.10199 16.9309 12.4791 34 12.7199 5.6537 67.512
5398831 4.11891 17.3922 12.3951 34 12.8406 5.49668 67.9062
5398835 4.26269 17.7366 12.3016 34 12.874 5.33719 68.301
5398845 4.26269 17.7366 12.3016 34 12.874 5.33719 68.301
5398859 4.25423 18.1002 12.2082 34 12.9946 5.2187 68.5626
5398886 4.40647 18.5881 11.9934 34 13.114 5.00063 68.9879
5398892 4.91393 19.3056 11.9467 34 12.9852 4.6448 70.1662
5398901 4.91393 19.3056 11.9467 34 12.9852 4.6448 70.1662
5398916 5.60746 20.1379 11.8159 34 12.8262 4.20701 71.5613
5398921 6.47861 20.9989 11.8626 34 12.4958 3.76025 73.3401
5398930 6.47861 20.9989 11.8626 34 12.4958 3.76025 73.3401
5398946 7.56965 22.0512 11.7412 34 12.1879 3.20858 75.3621
5398949 8.68607 22.8548 11.7599 31.9353 11.4121 2.42323 75.2361
5398958 8.68607 22.8548 11.7599 31.9353 11.4121 2.42323 75.2361
5398973 9.64179 23.4384 12.4044 29.6873 10.3361 1.79818 75.1719
5398979 9.64179 23.4384 12.4044 29.6873 10.3361 1.79818 75.1719
5398989 10.4368 23.4958 14.6835 27.7384 8.55019 1.66774 76.3545
5399003 11.0965 23.2279 18.1825 25.9921 6.35069 1.88222 78.499
5399009 11.0965 23.2279 18.1825 25.9921 6.35069 1.88222 78.499
5399019 11.4687 22.2808 20.6385 23.6669 4.43293 2.02856 78.0548
5399034 11.5955 20.8554 22.2759 21.2355 2.70513 2.18408 75.9623
5399044 11.5955 20.8554 22.2759 21.2355 2.70513 2.18408 75.9623
5399061 11.6294 19.1047 24.085 19.3831 0.934401 2.5742 74.2021
5399062 11.6294 19.1047 24.085 19.3831 0.934401 2.5742 74.2021
5399070 11.6547 17.0287 26.4501 17.6175 -1.18851 3.17194 72.751
5399090 11.8239 15.0229 29.1385 16.3938 -3.29714 3.87245 72.3791
5399106 11.9 12.8644 32.3121 15.7965 -5.33503 4.80512 72.8731
5399122 11.9761 10.68 34 15.4845 -6.86559 5.57835 72.1407
5399124 11.9761 10.68 34 15.4845 -6.86559 5.57835 72.1407
5399131 11.8662 8.59066 34 15.2082 -7.91909 6.19063 69.665
5399157 11.7647 6.67395 34 15.0834 -8.88871 6.80773 67.522
5399162 11.6294 5.22346 34 15.0745 -9.60582 7.33118 65.9273
5399182 11.6294 5.22346 34 15.0745 -9.60582 7.33118 65.9273
5399184 11.5617 4.21331 34 15.1279 -10.0999 7.70834 64.9029
5399192 11.494 3.5226 34 15.1101 -10.472 7.97487 64.1268
5399212 11.494 3.5226 34 15.1101 -10.472 7.97487 64.1268
5399213 11.3925 3.38446 34 15.1012 -10.5305 8.06007 63.8782
5399227 11.3925 3.38446 34 15.1012 -10.5305 8.06007 63.8782
5399244 11.4687 3.34992 34 14.914 -10.6714 8.02464 63.7326
5399246 11.4602 3.37583 34 14.7535 -10.745 8.00073 63.5896
5399254 11.4602 3.37583 34 14.7535 -10.745 8.00073 63.5896
5399272 11.4856 3.34992 34 14.5128 -10.9012 7.97433 63.3483
5399282 11.5786 3.37583 34 14.2543 -11.054 7.90236 63.2088
5399284 11.5786 3.37583 34 14.2543 -11.054 7.90236 63.2088
5399301 11.6294 3.38446 34 14.1652 -11.1112 7.87082 63.179
5399313 11.6294 3.38446 34 14.1652 -11.1112 7.87082 63.179
5399333 11.7478 3.40173 34 14.2008 -11.107 7.82585 63.3503
5399334 11.8831 3.43626 34 14.1919 -11.122 7.7638 63.5113
5399336 11.8831 3.43626 34 14.1919 -11.122 7.7638 63.5113
5399345 11.9846 3.4708 34 14.2989 -11.0639 7.72737 63.7543
5399362 12.2045 3.5744 34 14.4059 -10.9933 7.62494 64.1848
5399365 12.2045 3.5744 34 14.4059 -10.9933 7.62494 64.1848
5399375 12.5682 4.37735 34 14.7625 -10.4357 7.26326 65.708
5399393 12.5682 4.37735 34 14.7625 -10.4357 7.26326 65.708
5399396 12.9234 5.38751 34 14.9675 -9.87256 6.83502 67.2784
5399406 13.4478 6.95886 34 15.2082 -9.07879 6.20591 69.6148
5399422 13.4478 6.95886 34 15.2082 -9.07879 6.20591 69.6148
5399426 13.8368 8.53885 34 15.4578 -8.29703 5.65519 71.8335
5399437 14.1244 10.2483 33.434 15.7252 -7.33858 5.05627 73.532
5399452 14.1244 10.2483 33.434 15.7252 -7.33858 5.05627 73.532
5399461 14.3104 11.9751 29.0476 16.2779 -5.27327 3.9882 71.611
5399481 14.505 13.5896 24.7824 18.7367 -2.43008 3.23076 71.6137
5399487 14.7841 15.0833 21.3157 22.9818 0.662494 2.91853 74.1649
5399498 14.7841 15.0833 21.3157 22.9818 0.662494 2.91853 74.1649
5399513 14.6995 16.2057 18.2432 26.2622 3.15779 2.70523 75.4106
5399518 14.2935 16.905 16.3275 28.7032 4.91518 2.72181 76.2292
5399528 14.2935 16.905 16.3275 28.7032 4.91518 2.72181 76.2292
5399542 13.6085 17.5357 15.4588 31.0766 6.2903 2.97206 77.6796
5399547 13.6085 17.5357 15.4588 31.0766 6.2903 2.97206 77.6796
5399572 12.4244 17.8801 14.7022 32.8712 7.5839 3.32614 77.8779
5399575 10.9274 17.8801 14.1231 34 8.7188 3.76617 76.9306
5399579 10.9274 17.8801 14.1231 34 8.7188 3.76617 76.9306
5399589 9.36269 17.6123 13.6467 34 9.58263 4.15531 74.6217
5399607 7.8403 17.22 13.3385 34 10.3735 4.61571 72.3988
5399609 7.8403 17.22 13.3385 34 10.3735 4.61571 72.3988
5399619 6.47861 16.9741 13.0022 34 11.175 5.01374 70.4549
5399637 6.47861 16.9741 13.0022 34 11.175 5.01374 70.4549
5399647 5.3199 16.6892 12.8527 34 11.805 5.41163 68.8618
5399665 4.56716 16.6546 12.5538 34 12.3694 5.60645 67.7757
5399666 4.56716 16.6546 12.5538 34 12.3694 5.60645 67.7757
5399671 4.17811 16.741 12.4511 34 12.6583 5.68471 67.3702
5399680 4.12736 16.9137 12.4885 34 12.6974 5.65252 67.5295
5399698 4.12736 16.9137 12.4885 34 12.6974 5.65252 67.5295
5399705 4.22886 17.067 12.3951 34 12.7207 5.56188 67.6909
5399711 4.22886 17.067 12.3203 34 12.7624 5.55145 67.6161
5399729 4.22886 17.067 12.3203 34 12.7624 5.55145 67.6161
5399734 4.23731 17.3061 12.1522 34 12.8947 5.45281 67.6956
5399742 4.23731 17.3061 12.1522 34 12.8947 5.45281 67.6956
5399760 4.31343 17.5836 11.9841 34 12.9956 5.32263 67.8811
5399763 4.41493 17.9758 11.7973 34 13.1121 5.14897 68.188
5399772 4.41493 17.9758 11.7973 34 13.1121 5.14897 68.188
5399790 4.41493 18.3202 11.6291 34 13.2658 5.02324 68.3642
5399792 4.52488 18.6359 11.461 34 13.3522 4.87459 68.6218
5399808 4.52488 18.6359 11.461 34 13.3522 4.87459 68.6218
5399824 4.59254 18.9325 11.3582 34 13.4219 4.7544 68.8832
5399826 4.59254 18.9325 11.3582 34 13.4219 4.7544 68.8832
5399834 4.63483 19.3247 11.3956 34 13.4432 4.63615 69.3551
5399856 5.59055 20.1092 11.6104 34 12.9393 4.18819 71.3102
5399858 5.59055 20.1092 11.6104 34 12.9393 4.18819 71.3102
5399864 6.5801 20.6449 11.9093 34 12.3593 3.83219 73.1343
5399887 7.8403 21.3241 12.1055 34 11.7505 3.37606 75.2699
5399888 7.8403 21.3241 12.1055 34 11.7505 3.37606 75.2699
5399895 9.10896 21.7546 12.3203 32.3695 10.8184 2.74499 75.5534
5399918 9.10896 21.7546 12.3203 32.3695 10.8184 2.74499 75.5534
5399924 10.4537 21.9747 12.4511 30.1793 9.74208 2.03881 75.0588
5399927 11.9169 22.0608 12.6192 27.1595 8.36677 1.17977 73.7564
5399947 11.9169 22.0608 12.6192 27.1595 8.36677 1.17977 73.7564
5399949 13.1433 22.0321 13.0022 23.8791 6.8577 0.355128 72.0567
5399955 14.3443 21.9842 14.4687 21.0426 4.94637 -0.170646 71.8398
5399978 14.3443 21.9842 14.4687 21.0426 4.94637 -0.170646 71.8398
5399982 15.6045 21.9842 17.2729 19.084 2.76922 -0.249878 73.9456
5400011 16.5771 21.6398 20.4364 17.3473 0.649232 -0.0855061 76.0007
5400013 17.4041 20.8171 22.4376 15.8233 -1.04641 0.00778019 76.482
5400019 17.4041 20.8171 22.4376 15.8233 -1.04641 0.00778019 76.482
5400026 17.8466 19.3534 23.7818 14.4504 -2.59325 0.205261 75.4323
5400045 18.2026 17.5166 25.2069 13.1935 -4.28342 0.542607 74.1196
