5021189 15.4269 13.3134 26.6623 15.6807 -4.60558 2.87045 71.0832
5021199 15.4269 13.3134 26.6623 15.6807 -4.60558 2.87045 71.0832
5021209 15.9935 12.3377 28.7646 14.5396 -6.2402 3.13523 71.6354
5021220 16.6871 11.4053 30.9881 13.764 -7.72394 3.43055 72.8445
5021234 16.6871 11.4053 30.9881 13.764 -7.72394 3.43055 72.8445
5021242 17.2886 10.6023 33.3329 13.4788 -8.88203 3.79921 74.7027
5021251 17.7216 9.76486 34 13.2648 -9.59579 3.96884 74.7512
5021263 17.7216 9.76486 34 13.2648 -9.59579 3.96884 74.7512
5021272 18.0872 8.93601 34 13.033 -10.1673 4.05298 74.0562
5021282 18.0872 8.93601 34 13.033 -10.1673 4.05298 74.0562
5021292 18.1834 8.05536 34 12.7656 -10.7399 4.2176 73.0043
5021303 18.2411 7.08837 34 12.5249 -11.3521 4.42467 71.8544
5021312 18.2411 7.08837 34 12.5249 -11.3521 4.42467 71.8544
5021324 18.3373 6.30269 34 12.1148 -11.985 4.55266 70.7548
5021332 18.3373 5.67242 34 11.8296 -12.4698 4.68644 69.8393
5021344 18.3373 5.67242 34 11.8296 -12.4698 4.68644 69.8393
5021352 18.2315 5.258 34 11.5978 -12.8011 4.80009 69.0873
5021362 18.2315 5.258 34 11.5978 -12.8011 4.80009 69.0873
5021374 18.0872 5.00762 34 11.6245 -12.8985 4.91778 68.7193
5021383 17.8947 4.95582 34 11.6959 -12.8537 4.99924 68.5464
5021393 17.8947 4.95582 34 11.6959 -12.8537 4.99924 68.5464
5021403 17.7697 4.89538 34 11.6245 -12.9045 5.04312 68.2896
5021413 17.6254 4.84358 34 11.5532 -12.9475 5.09046 68.0222
5021423 17.6254 4.84358 34 11.5532 -12.9475 5.09046 68.0222
5021433 17.6446 4.83494 34 11.4195 -13.0304 5.06781 67.899
5021452 17.6446 4.83494 34 11.4195 -13.0304 5.06781 67.899
5021453 17.7216 4.81767 34 11.3393 -13.0986 5.03842 67.8785
5021463 17.8081 4.80904 34 11.2323 -13.1787 4.99969 67.8495
5021483 17.8081 4.80904 34 11.2323 -13.1787 4.99969 67.8495
5021486 18.039 4.93855 34 11.1432 -13.1962 4.8808 68.1208
5021503 18.3662 4.98172 34 11.0184 -13.2983 4.75465 68.3662
5021504 18.3662 4.98172 34 11.0184 -13.2983 4.75465 68.3662
5021518 18.6259 5.09396 34 11.1075 -13.2304 4.66114 68.8274
5021524 18.6259 5.09396 34 11.1075 -13.2304 4.66114 68.8274
5021534 19.0204 5.51701 34 11.4284 -12.8902 4.47884 69.9658
5021544 19.3667 6.37176 34 11.8117 -12.2932 4.20822 71.5502
5021554 19.3667 6.37176 34 11.8117 -12.2932 4.20822 71.5502
5021569 19.6265 7.5805 34 12.5873 -11.3351 3.93939 73.7943
5021576 19.7708 8.65109 32.5951 13.5233 -10.1259 3.56114 74.5404
5021586 19.7708 8.65109 32.5951 13.5233 -10.1259 3.56114 74.5404
5021596 19.7612 9.60081 30.3008 14.9229 -8.56004 3.18997 74.5857
5021606 19.7612 9.60081 30.3008 14.9229 -8.56004 3.18997 74.5857
5021616 19.4437 10.5419 27.5719 16.8217 -6.60534 2.90566 74.3792
5021626 18.9723 11.388 24.5803 19.0551 -4.42914 2.69104 73.9956
5021641 18.9723 11.388 24.5803 19.0551 -4.42914 2.69104 73.9956
5021648 18.2411 12.3809 21.6593 21.1487 -2.16901 2.48932 73.43
5021657 17.4137 13.2098 19.3246 23.3967 -0.0449419 2.47418 73.3448
5021668 17.4137 13.2098 19.3246 23.3967 -0.0449419 2.47418 73.3448
5021689 16.3318 13.9868 17.475 25.7894 2.0281 2.63902 73.5831
5021691 16.3318 13.9868 17.475 25.7894 2.0281 2.63902 73.5831
5021697 15.0801 14.6257 16.3275 28.0857 3.81273 2.97644 74.119
5021715 13.5746 15.0833 15.4214 30.1697 5.47378 3.42089 74.249
5021720 13.5746 15.0833 15.4214 30.1697 5.47378 3.42089 74.249
5021730 11.9846 15.5063 14.7302 31.8485 6.96643 3.86551 74.0696
5021739 10.3607 15.8517 14.1698 33.7299 8.45041 4.38942 74.112
5021748 10.3607 15.8517 14.1698 33.7299 8.45041 4.38942 74.112
5021758 8.6607 16.0503 13.8148 34 9.50515 4.77841 72.5258
5021768 8.6607 16.0503 13.8148 34 9.50515 4.77841 72.5258
5021778 7.04527 16.2489 13.628 34 10.4254 5.14661 70.9221
5021793 5.88657 16.4561 13.5159 34 11.113 5.4052 69.8586
5021798 5.88657 16.4561 13.5159 34 11.113 5.4052 69.8586
5021818 5.11692 16.6805 13.2357 34 11.7074 5.5274 69.0332
5021825 4.61791 16.8273 13.1516 34 12.0478 5.62119 68.5969
5021834 4.61791 16.8273 13.1516 34 12.0478 5.62119 68.5969
5021843 4.37264 16.905 13.0769 34 12.236 5.66149 68.3546
5021852 4.37264 16.905 13.0769 34 12.236 5.66149 68.3546
5021860 4.44876 17.1913 12.9555 34 12.3139 5.5358 68.5956
5021873 4.52488 17.4592 12.7874 34 12.4132 5.40994 68.7714
5021883 4.52488 17.4592 12.7874 34 12.4132 5.40994 68.7714
5021890 4.56716 17.5549 12.694 34 12.4585 5.35601 68.816
5021902 4.4995 17.4975 12.5819 34 12.5462 5.37736 68.5788
5021910 4.4995 17.4975 12.5819 34 12.5462 5.37736 68.5788
5021920 4.49104 17.4209 12.4791 34 12.5933 5.38823 68.3911
5021930 4.49104 17.4209 12.4791 34 12.5933 5.38823 68.3911
5021941 4.37264 17.2966 12.4885 34 12.6308 5.46217 68.1577
5021955 4.35572 17.3635 12.4791 34 12.6574 5.44585 68.1984
5021962 4.35572 17.3635 12.4791 34 12.6574 5.44585 68.1984
5021972 4.37264 17.4783 12.5071 34 12.6534 5.41037 68.3581
5021982 4.63483 17.6601 12.722 34 12.4257 5.30893 69.0169
5021992 4.63483 17.6601 12.722 34 12.4257 5.30893 69.0169
5022002 5.30299 17.928 13.0022 34 11.9683 5.07693 70.2332
5022017 5.30299 17.928 13.0022 34 11.9683 5.07693 70.2332
5022023 6.06418 18.0715 13.2451 34 11.4745 4.85623 71.3807
5022033 6.97761 18.1863 13.572 34 10.8738 4.62112 72.7359
5022044 6.97761 18.1863 13.572 34 10.8738 4.62112 72.7359
5022054 7.85721 18.0906 14.0577 34 10.1937 4.4814 74.0055
5022068 8.71144 17.9949 14.4874 32.1476 9.18435 4.07585 73.3413
5022074 8.71144 17.9949 14.4874 32.1476 9.18435 4.07585 73.3413
5022088 9.58259 17.7271 15.4121 29.8417 7.77735 3.70933 72.5634
5022094 10.5637 17.5453 16.8505 27.4972 6.08233 3.36174 72.4567
5022110 10.5637 17.5453 16.8505 27.4972 6.08233 3.36174 72.4567
5022116 11.5194 17.2774 19.1831 25.1623 4.01178 3.1887 73.1423
5022126 11.5194 17.2774 19.1831 25.1623 4.01178 3.1887 73.1423
5022136 12.1453 16.7496 21.6897 22.7117 1.91905 3.17338 73.2962
5022146 12.7289 16.0503 23.9031 20.2128 -0.126496 3.15593 72.8951
5022158 12.7289 16.0503 23.9031 20.2128 -0.126496 3.15593 72.8951
5022166 13.2363 15.161 25.7729 18.0516 -2.00652 3.20413 72.2218
5022180 13.8537 14.1422 28.2693 16.376 -3.9939 3.438 72.6412
5022186 13.8537 14.1422 28.2693 16.376 -3.9939 3.438 72.6412
5022204 14.2682 12.9335 30.7961 15.2349 -5.76787 3.85676 73.2326
5022214 14.2682 12.9335 30.7961 15.2349 -5.76787 3.85676 73.2326
5022229 14.6488 11.5003 33.6564 14.602 -7.4599 4.45709 74.4074
5022232 14.9279 10.1879 34 14.2098 -8.36346 4.72427 73.3255
5022241 14.9279 10.1879 34 14.2098 -8.36346 4.72427 73.3255
5022253 15.1562 8.84967 34 13.7551 -9.24995 4.96423 71.761
5022257 15.3846 8.84967 34 13.2916 -9.52221 4.83545 71.5258
5022267 15.3846 7.59777 34 13.2916 -10.1372 5.18882 70.2739
5022277 15.4269 6.44083 34 13.0241 -10.8728 5.47737 68.8918
5022301 15.4269 6.44083 34 13.0241 -10.8728 5.47737 68.8918
5022305 15.41 5.45658 34 12.7567 -11.5333 5.74288 67.6232
5022310 15.2746 4.61046 34 12.6051 -12.054 6.02797 66.4902
5022328 15.0378 4.04063 34 12.516 -12.3796 6.27436 65.5944
5022338 14.8264 3.71254 34 12.5338 -12.5168 6.45314 65.0727
5022352 14.8264 3.71254 34 12.5338 -12.5168 6.45314 65.0727
5022358 14.6318 3.74708 34 12.5249 -12.4645 6.50485 64.9038
5022384 14.3866 3.64347 34 12.4803 -12.5029 6.61528 64.5104
5022396 14.2512 3.56577 34 12.4179 -12.5584 6.67882 64.2349
5022401 14.2512 3.56577 34 12.4179 -12.5584 6.67882 64.2349
5022409 14.1836 3.5744 34 12.4001 -12.5507 6.69645 64.1581
5022422 14.1836 3.51397 34 12.3199 -12.6332 6.70653 64.0174
5022429 14.1836 3.51397 34 12.3199 -12.6332 6.70653 64.0174
5022445 14.1498 3.53987 34 12.311 -12.6167 6.70807 64.0006
5022451 14.1498 3.53987 34 12.311 -12.6167 6.70807 64.0006
5022461 14.1751 3.53123 34 12.2307 -12.6738 6.69198 63.9371
5022471 14.2428 3.4967 34 12.1594 -12.7493 6.67146 63.8989
5022481 14.2428 3.4967 34 12.1594 -12.7493 6.67146 63.8989
5022492 14.4035 3.5485 34 12.1238 -12.7705 6.59495 64.0757
5022501 14.691 3.67801 34 12.2396 -12.6815 6.47063 64.6087
5022514 14.691 3.67801 34 12.2396 -12.6815 6.47063 64.6087
5022521 15.1139 4.61046 34 12.7567 -11.9383 6.09925 66.4811
5022531 15.1139 4.61046 34 12.7567 -11.9383 6.09925 66.4811
5022549 15.5453 5.68969 34 13.247 -11.174 5.69756 68.4819
5022563 16.002 7.21788 34 13.8264 -10.1897 5.19518 71.0463
5022568 16.002 7.21788 34 13.8264 -10.1897 5.19518 71.0463
5022577 16.3234 8.49568 34 14.602 -9.2704 4.85888 73.4211
5022588 16.298 9.46267 33.1611 16.0551 -7.98293 4.69255 74.9769
5022595 16.298 9.46267 33.1611 16.0551 -7.98293 4.69255 74.9769
5022604 16.1965 10.4815 29.7551 17.9938 -5.87032 4.24662 74.4268
5022613 16.1965 10.4815 29.7551 17.9938 -5.87032 4.24662 74.4268
5022623 15.8582 11.5348 26.0963 20.2225 -3.45849 3.85131 73.7118
5022635 15.207 12.6745 22.3466 22.4222 -0.845444 3.48673 72.6503
5022645 15.207 12.6745 22.3466 22.4222 -0.845444 3.48673 72.6503
5022657 14.5896 13.6414 19.3246 24.6413 1.51273 3.26917 72.1969
5022663 13.6592 14.6516 17.0404 27.1788 3.8366 3.29003 72.53
5022682 13.6592 14.6516 17.0404 27.1788 3.8366 3.29003 72.53
5022684 12.6781 15.6186 15.5522 29.639 5.79256 3.44843 73.4879
5022694 12.6781 15.6186 15.5522 29.639 5.79256 3.44843 73.4879
5022705 11.4517 16.387 14.5621 31.7713 7.46387 3.74021 74.1721
5022714 10.2846 16.9741 13.8335 33.6044 8.85597 4.05225 74.6966
5022741 9.12587 17.4018 13.3198 34 9.80269 4.22332 73.8475
5022751 7.84876 17.6123 12.8808 34 10.6725 4.44136 72.3418
5022755 7.84876 17.6123 12.8808 34 10.6725 4.44136 72.3418
5022766 6.73234 17.9375 12.4044 34 11.5375 4.587 71.0743
5022777 6.73234 17.9375 12.4044 34 11.5375 4.587 71.0743
5022791 5.60746 18.1097 12.1055 34 12.3158 4.80967 69.8227
5022801 4.88856 18.4637 11.8813 34 12.8889 4.8811 69.2336
5022807 4.88856 18.4637 11.8813 34 12.8889 4.8811 69.2336
5022817 4.47413 18.8368 11.6198 34 13.326 4.85462 68.9307
5022828 4.32189 19.1429 11.433 34 13.5665 4.78277 68.8978
5022837 4.32189 19.1429 11.433 34 13.5665 4.78277 68.8978
5022848 4.33881 19.4108 11.2835 34 13.6849 4.67904 69.0331
5022874 4.32189 19.4873 11.0407 34 13.8434 4.62559 68.8499
5022878 4.30498 19.5926 10.8165 34 13.9968 4.56652 68.714
5022888 4.30498 19.5926 10.8165 34 13.9968 4.56652 68.714
5022899 4.35572 19.8222 10.6203 34 14.116 4.45704 68.7982
5022908 4.42338 20.09 10.3962 34 14.2471 4.328 68.9096
5022928 4.42338 20.09 10.3962 34 14.2471 4.328 68.9096
5022932 4.42338 20.3962 10.2747 34 14.3637 4.22361 69.0943
5022947 4.48259 20.6258 10.2374 34 14.3866 4.13775 69.3457
5022958 4.48259 20.6258 10.2374 34 14.3866 4.13775 69.3457
5022961 4.50796 20.951 10.2654 34 14.4059 4.04587 69.7244
5022973 4.50796 20.951 10.2654 34 14.4059 4.04587 69.7244
5022979 4.52488 21.0467 10.2467 34 14.4214 4.01223 69.8183
5022998 4.58408 21.0945 10.5363 34 14.2328 4.02855 70.2149
5023007 4.58408 21.0945 10.5363 34 14.2328 4.02855 70.2149
5023015 4.99005 21.2667 10.8632 34 13.8546 3.9243 71.12
5023022 5.81891 21.2667 11.1341 34 13.2629 3.74865 72.2197
5023031 5.81891 21.5155 11.1341 34 13.3032 3.6843 72.4684
5023047 7.04527 21.7451 11.6758 34 12.4298 3.4013 74.4662
5023053 7.04527 21.7451 11.6758 34 12.4298 3.4013 74.4662
5023062 8.56766 22.0703 12.2736 32.7361 11.2248 2.84973 75.6477
5023073 9.87861 21.879 13.0022 30.3916 9.77687 2.32255 75.1514
5023082 9.87861 21.879 13.0022 30.3916 9.77687 2.32255 75.1514
5023098 10.8766 21.4007 13.983 27.6419 8.18074 1.89728 73.9021
5023102 11.6463 20.6832 16.2154 25.0176 6.06258 1.81551 73.5624
5023112 11.6463 20.6832 16.2154 25.0176 6.06258 1.81551 73.5624
5023127 12.4413 19.7552 19.8097 22.7889 3.44041 2.08613 74.7951
5023147 13.0841 18.4446 22.8014 20.454 1.00726 2.35213 74.7841
5023155 13.3716 16.8532 24.5398 17.714 -1.15354 2.48948 72.4787
5023163 13.3716 16.8532 24.5398 17.714 -1.15354 2.48948 72.4787
5023178 13.7269 15.1696 26.6421 15.7252 -3.3236 2.83541 71.2638
5023184 14.3104 13.6414 29.1688 14.4504 -5.37486 3.2836 71.5712
5023199 14.3104 13.6414 29.1688 14.4504 -5.37486 3.2836 71.5712
5023204 15.0124 12.2169 31.9078 13.7908 -7.16895 3.79882 72.9279
5023214 15.0124 12.2169 31.9078 13.7908 -7.16895 3.79882 72.9279
5023229 15.7398 10.8268 34 13.3807 -8.63192 4.22208 73.9473
5023236 16.3995 9.41087 34 12.8726 -9.67079 4.34673 72.6829
5023249 16.3995 9.41087 34 12.8726 -9.67079 4.34673 72.6829
5023256 16.7716 7.94312 34 12.5695 -10.6121 4.59878 71.2842
5023273 16.8816 6.63078 34 12.3734 -11.4034 4.90679 69.8857
5023276 16.8816 6.63078 34 12.3734 -11.4034 4.90679 69.8857
5023286 17.0192 5.49975 34 12.1683 -12.1388 5.16457 68.6873
5023304 17.0192 5.49975 34 12.1683 -12.1388 5.16457 68.6873
5023320 16.9323 4.66227 34 11.9365 -12.7103 5.40683 67.5312
5023323 16.8478 4.21331 34 11.9009 -12.9676 5.56431 66.962
5023332 16.8478 4.21331 34 11.9009 -12.9676 5.56431 66.962
5023345 16.7294 4.1874 34 11.8207 -13.0067 5.59744 66.7374
5023347 16.6363 4.1356 34 11.6602 -13.1113 5.61963 66.4321
5023357 16.6363 4.1356 34 11.6602 -13.1113 5.61963 66.4321
5023370 16.3488 4.12697 34 11.5443 -13.1314 5.69568 66.02
5023381 15.9851 4.04063 34 11.4908 -13.1469 5.83024 65.5165
5023393 15.9851 4.04063 34 11.4908 -13.1469 5.83024 65.5165
5023398 15.6637 3.97156 34 11.5087 -13.1184 5.9576 65.1439
5023408 15.6637 3.97156 34 11.5087 -13.1184 5.9576 65.1439
5023419 15.4522 3.88522 34 11.5443 -13.1095 6.05876 64.8818
5023428 15.2408 3.83342 34 11.6335 -13.0487 6.15674 64.7077
5023445 15.2408 3.83342 34 11.6335 -13.0487 6.15674 64.7077
5023453 15.1478 3.85932 34 11.9009 -12.8596 6.21506 64.908
5023460 15.1478 4.23921 34 12.3823 -12.3638 6.15682 65.7692
5023471 15.1478 4.23921 34 12.3823 -12.3638 6.15682 65.7692
5023479 15.1393 5.02489 34 13.0152 -11.5732 5.99537 67.1794
5023495 15.1393 5.02489 34 13.0152 -11.5732 5.99537 67.1794
5023499 15.004 6.13002 34 14.0047 -10.4389 5.82974 69.1387
5023510 14.7672 7.29558 34 15.1279 -9.25108 5.70268 71.1907
5023522 14.7672 7.29558 34 15.1279 -9.25108 5.70268 71.1907
5023534 14.395 8.07263 34 16.5008 -8.16161 5.76272 72.9684
5023547 13.9806 8.91011 34 18.7753 -6.70554 5.92431 75.666
5023560 13.9806 8.91011 34 18.7753 -6.70554 5.92431 75.666
5023561 13.49 9.57491 32.8781 21.332 -5.00202 6.04564 77.2751
5023572 13.49 9.57491 32.8781 21.332 -5.00202 6.04564 77.2751
5023587 12.805 10.0584 29.8359 22.8661 -3.21457 5.92307 75.5654
5023595 12.1791 10.6282 26.2075 23.9467 -1.30607 5.62217 72.9615
5023609 12.1791 10.6282 26.2075 23.9467 -1.30607 5.62217 72.9615
5023620 11.5448 11.4398 22.8014 25.3939 0.873661 5.31275 71.1799
5023627 11.0965 12.3205 19.8199 27.063 3.01106 5.00695 70.2998
5023633 11.0965 12.3205 19.8199 27.063 3.01106 5.00695 70.2998
5023646 10.7244 13.2184 17.475 28.8768 4.94199 4.78182 70.2946
5023653 10.7244 13.2184 17.475 28.8768 4.94199 4.78182 70.2946
5023672 10.4368 14.1422 15.7857 30.7968 6.57535 4.63807 71.1616
5023682 10.1746 15.0229 14.8984 32.7168 7.78253 4.61822 72.8126
5023695 10.1746 15.0229 14.8984 32.7168 7.78253 4.61822 72.8126
5023700 9.85323 16.0157 14.4033 34 8.67053 4.55102 74.2723
5023709 9.3796 16.8446 14.0016 34 9.24992 4.40092 74.2258
5023720 9.3796 16.8446 14.0016 34 9.24992 4.40092 74.2258
5023724 8.90597 17.6123 13.4973 34 9.86586 4.25161 74.0155
5023734 8.90597 17.6123 13.4973 34 9.86586 4.25161 74.0155
5023746 8.2209 18.3106 12.9462 34 10.5963 4.16751 73.4777
5023754 7.44279 18.8464 12.3297 34 11.3861 4.13953 72.6188
5023771 7.44279 18.8464 12.3297 34 11.3861 4.13953 72.6188
5023774 6.50398 19.2003 11.7412 34 12.2314 4.20675 71.4455
5023784 5.63284 19.4491 11.3582 34 12.9394 4.31778 70.4401
5023795 5.63284 19.4491 11.3582 34 12.9394 4.31778 70.4401
5023804 5.06617 19.7265 11.0967 34 13.4368 4.35775 69.8894
5023820 5.06617 19.7265 11.0967 34 13.4368 4.35775 69.8894
5023829 4.75323 19.9178 10.9005 34 13.7499 4.36158 69.5716
5023836 4.67711 20.2527 10.8352 34 13.8825 4.27981 69.765
5023846 4.67711 20.2527 10.8352 34 13.8825 4.27981 69.765
5023856 4.7194 20.5971 10.7978 34 13.9343 4.16776 70.1143
5023871 4.78706 20.798 10.6764 34 13.9958 4.07578 70.2614
5023881 4.78706 20.798 10.6764 34 13.9958 4.07578 70.2614
5023887 4.82935 21.0563 10.5082 34 14.1059 3.96823 70.3939
5023897 4.82935 21.0563 10.5082 34 14.1059 3.96823 70.3939
5023907 4.87164 21.2285 10.256 34 14.2492 3.87086 70.3562
5023920 4.99005 21.4963 9.93846 34 14.4011 3.71717 70.4249
5023927 4.99005 21.4963 9.93846 34 14.4011 3.71717 70.4249
5023946 4.91393 21.6494 9.80769 33.9035 14.5256 3.66019 70.2746
5023948 5.04925 21.8694 9.77967 33.4694 14.4332 3.49099 70.1677
5023958 5.04925 21.8694 9.77967 33.4694 14.4332 3.49099 70.1677
5023972 5.53134 22.0512 10.0599 33.3632 14.0211 3.34633 71.0057
5023977 5.53134 22.0512 10.0599 33.3632 14.0211 3.34633 71.0057
5023998 6.43632 22.2043 10.5269 33.0255 13.2515 3.09833 72.1931
5023999 7.78109 22.4243 11.1247 32.3695 12.1737 2.70465 73.6996
5024009 7.78109 22.4243 11.1247 32.3695 12.1737 2.70465 73.6996
5024024 9.33731 22.4339 11.7038 31.2406 10.9192 2.24316 74.7157
5024028 10.5806 22.1756 12.4324 29.4461 9.58289 1.8334 74.6347
5024050 10.5806 22.1756 12.4324 29.4461 9.58289 1.8334 74.6347
5024056 11.9338 21.8981 13.0115 27.1016 8.13251 1.27415 73.9451
5024064 11.9338 21.8981 13.0115 27.1016 8.13251 1.27415 73.9451
5024076 13.1264 21.5155 13.8522 24.651 6.55817 0.791849 73.145
5024079 14.1836 21.0658 15.5242 22.3837 4.69596 0.545073 73.1573
5024089 14.1836 21.0658 15.5242 22.3837 4.69596 0.545073 73.1573
5024102 15.1731 20.5014 18.2331 20.5023 2.55258 0.617012 74.4099
5024110 15.6975 19.5352 21.3056 18.8042 0.443399 0.970986 75.3425
5024136 16.0104 18.3298 23.2663 16.8485 -1.37619 1.16337 74.455
5024141 16.0104 18.3298 23.2663 16.8485 -1.37619 1.16337 74.455
5024155 16.095 16.6978 24.7117 15.0655 -3.11537 1.44365 72.57
5024161 16.2219 15.1006 26.5208 13.8977 -4.78959 1.90186 71.741
5024171 16.2219 15.1006 26.5208 13.8977 -4.78959 1.90186 71.741
5024186 16.4418 13.5896 28.5927 13.0954 -6.39625 2.43799 71.7196
5024192 16.8055 12.2082 30.9073 12.8013 -7.80478 3.03102 72.7222
5024209 16.8055 12.2082 30.9073 12.8013 -7.80478 3.03102 72.7222
5024212 17.1539 10.9563 33.0499 12.6586 -9.00479 3.57598 73.8188
5024236 17.3656 9.79939 34 12.6408 -9.79781 3.95819 73.8058
5024239 17.3656 9.79939 34 12.6408 -9.79781 3.95819 73.8058
5024243 17.5099 8.54749 34 12.6141 -10.4403 4.24307 72.6714
5024261 17.5099 8.54749 34 12.6141 -10.4403 4.24307 72.6714
5024268 17.3079 7.19198 34 12.516 -11.1242 4.65026 71.0158
5024273 17 5.96597 34 12.4447 -11.7379 5.07387 69.4107
5024288 17 5.96597 34 12.4447 -11.7379 5.07387 69.4107
5024294 16.6871 4.94718 34 12.2664 -12.3244 5.44151 67.9006
5024314 16.5179 4.43779 34 12.2218 -12.6003 5.64165 67.1775
5024316 16.5179 4.43779 34 12.2218 -12.6003 5.64165 67.1775
5024324 16.4333 4.41188 34 12.1862 -12.6192 5.67069 67.0314
5024341 16.4333 4.41188 34 12.1862 -12.6192 5.67069 67.0314
5024345 16.2642 4.32555 34 12.0614 -12.707 5.73246 66.6511
5024356 16.0104 4.34281 34 11.9365 -12.7211 5.78897 66.2898
5024369 16.0104 4.34281 34 11.9365 -12.7211 5.78897 66.2898
5024376 15.6721 4.19604 34 11.9365 -12.7421 5.94221 65.8047
5024386 15.3592 4.12697 34 11.8385 -12.7799 6.05108 65.3247
5024404 15.3592 4.12697 34 11.8385 -12.7799 6.05108 65.3247
5024406 15.2746 4.01473 34 11.8831 -12.8033 6.12077 65.1724
5024420 15.2746 4.01473 34 11.8831 -12.8033 6.12077 65.1724
5024427 15.2662 3.95429 34 11.99 -12.7747 6.15765 65.2105
5024449 15.3423 4.1874 34 12.3288 -12.4608 6.10379 65.8585
5024451 15.3423 4.1874 34 12.3288 -12.4608 6.10379 65.8585
5024457 15.503 4.96445 34 12.8458 -11.7706 5.87813 67.3133
5024467 15.7144 6.25089 34 13.5768 -10.7441 5.52431 69.5421
5024493 15.9682 7.75317 34 14.4415 -9.6218 5.13842 72.1629
5024506 15.9682 7.75317 34 14.4415 -9.6218 5.13842 72.1629
5024508 15.9766 8.86694 34 15.1279 -8.78099 4.92441 73.9715
5024518 15.8582 9.77349 34 16.0283 -7.94885 4.83676 75.66
5024532 15.8582 9.77349 34 16.0283 -7.94885 4.83676 75.66
5024543 15.5284 10.5764 31.6855 17.2219 -6.47078 4.55978 75.0122
5024560 14.9786 11.1981 29.1284 18.92 -4.71168 4.42001 74.2251
5024562 14.9786 11.1981 29.1284 18.92 -4.71168 4.42001 74.2251
5024569 14.3697 11.8283 26.4905 20.483 -2.92082 4.25893 73.1714
5024586 13.7438 12.3809 23.8728 21.6697 -1.24393 4.06416 71.6671
5024594 13.7438 12.3809 23.8728 21.6697 -1.24393 4.06416 71.6671
5024601 13.304 12.8817 21.5886 22.6056 0.211236 3.83814 70.3798
5024614 13.304 12.8817 21.5886 22.6056 0.211236 3.83814 70.3798
5024621 13.0418 13.4429 19.5065 23.744 1.66292 3.60634 69.7352
5024631 12.8896 14.1422 17.7883 25.2588 3.11188 3.428 70.0789
5024646 12.8896 14.1422 17.7883 25.2588 3.11188 3.428 70.0789
5024652 12.8134 14.7379 16.4209 26.5516 4.27347 3.27999 70.5239
5024671 12.6697 15.2473 15.6176 28.3558 5.32615 3.35019 71.8904
5024674 12.6697 15.2473 15.6176 28.3558 5.32615 3.35019 71.8904
5024682 12.399 15.7395 15.1319 30.353 6.30289 3.53416 73.6233
5024701 12.399 15.7395 15.1319 30.353 6.30289 3.53416 73.6233
5024704 11.9 16.0416 14.833 32.4563 7.23272 3.85765 75.2309
5024717 11.3502 16.3525 14.7863 34 7.91485 4.13463 76.489
5024730 11.3502 16.3525 14.7863 34 7.91485 4.13463 76.489
5024734 10.6483 16.6633 14.4126 34 8.45251 4.17986 75.7242
5024743 9.7602 16.9482 13.9456 34 9.12288 4.26713 74.654
5024763 8.5592 17.1148 13.4412 34 9.95497 4.46567 73.1152
5024786 8.5592 17.1148 13.4412 34 9.95497 4.46567 73.1152
5024791 7.28209 17.1435 12.9835 34 10.8102 4.73846 71.4091
5024799 6.05572 16.9914 12.5165 34 11.6509 5.06071 69.5636
5024815 6.05572 16.9914 12.5165 34 11.6509 5.06071 69.5636
5024815 5.05771 16.9741 12.1522 34 12.3798 5.30632 68.184
5024844 4.39801 16.8705 12.0121 34 12.8047 5.5165 67.2806
5024846 4.39801 16.8705 12.0121 34 12.8047 5.5165 67.2806
5024851 4.15274 16.8446 12.0495 34 12.9172 5.60477 67.0468
5024861 4.15274 16.8446 12.0495 34 12.9172 5.60477 67.0468
5024873 4.05124 16.8446 12.0588 34 12.9694 5.63731 66.9546
5024879 4.0005 16.8101 12.0868 34 12.9761 5.66755 66.8974
5024888 4.0005 16.8101 12.0868 34 12.9761 5.66755 66.8974
5024904 4.01741 16.9655 11.9841 34 13.0527 5.60004 66.9669
5024907 4.04279 17.1626 11.8533 34 13.1476 5.51335 67.0587
5024917 4.04279 17.1626 11.8533 34 13.1476 5.51335 67.0587
5024929 4.01741 17.3061 11.8346 34 13.198 5.47463 67.1582
5024937 4.11891 17.4688 11.7692 34 13.206 5.3851 67.3569
5024957 4.11891 17.4688 11.7692 34 13.206 5.3851 67.3569
5024962 4.06816 17.6123 11.7319 34 13.2811 5.35172 67.4123
5024985 4.41493 17.861 11.8533 34 13.0608 5.19102 68.1292
5024988 4.91393 18.0619 12.0681 34 12.702 5.01687 69.044
5024998 4.91393 18.0619 12.0681 34 12.702 5.01687 69.044
5025016 5.78507 18.3106 12.2549 34 12.1785 4.72474 70.3507
5025019 6.90995 18.6072 12.6753 34 11.4354 4.39619 72.1924
5025029 6.90995 18.6072 12.6753 34 11.4354 4.39619 72.1924
5025042 8.28856 19.0186 12.9929 34 10.6787 3.97424 74.3
5025051 8.28856 19.0186 12.9929 34 10.6787 3.97424 74.3
5025071 9.48955 19.2577 13.2544 31.559 9.5407 3.27609 73.5607
5025073 10.6398 19.3725 13.7495 29.0505 8.25197 2.63437 72.8123
5025081 10.6398 19.3725 13.7495 29.0505 8.25197 2.63437 72.8123
5025101 11.7139 19.3438 14.6462 26.6674 6.78831 2.12566 72.3713
5025106 12.6697 19.1047 16.1033 24.5738 5.14328 1.84319 72.4514
5025112 12.6697 19.1047 16.1033 24.5738 5.14328 1.84319 72.4514
5025129 13.6423 18.7603 18.0713 22.5573 3.28762 1.68958 73.0312
5025141 14.4035 18.2437 19.7996 20.7242 1.62794 1.61471 73.171
5025143 14.4035 18.2437 19.7996 20.7242 1.62794 1.61471 73.171
5025156 15.1647 17.8036 21.0327 19.0454 0.22302 1.46 73.0464
5025169 15.1647 17.8036 21.0327 19.0454 0.22302 1.46 73.0464
5025186 15.7652 17.2583 21.8716 17.3473 -1.04894 1.28639 72.2424
5025187 16.5179 16.7755 22.6599 15.7965 -2.30167 1.07938 71.7499
5025198 16.5179 16.7755 22.6599 15.7965 -2.30167 1.07938 71.7499
5025217 17.202 16.0675 23.802 14.709 -3.56209 1.0953 71.7806
5025219 17.8851 16.0675 25.308 13.8888 -4.52386 1.07536 73.1495
5025224 17.8851 15.2301 25.308 13.8888 -4.86579 1.26154 72.312
5025233 18.4816 14.3235 26.9958 13.4431 -6.04514 1.56337 73.2441
5025249 18.4816 14.3235 26.9958 13.4431 -6.04514 1.56337 73.2441
5025254 19.03 13.2098 28.5725 12.9082 -7.28581 1.88028 73.7205
5025264 19.4148 12.0874 30.1897 12.4358 -8.45885 2.25083 74.1276
5025280 19.4148 12.0874 30.1897 12.4358 -8.45885 2.25083 74.1276
5025285 19.8093 10.8268 31.6046 12.1059 -9.57715 2.63787 74.3467
5025294 20.0209 9.58354 32.6356 11.6513 -10.631 2.98053 73.8913
5025310 20.0209 9.58354 32.6356 11.6513 -10.631 2.98053 73.8913
5025319 20.3192 8.34891 33.6867 11.2858 -11.6686 3.32107 73.6406
5025325 20.3192 8.34891 33.6867 11.2858 -11.6686 3.32107 73.6406
5025343 20.4731 7.17471 34 11.0897 -12.445 3.59687 72.7375
5025346 20.6271 6.36313 34 10.9203 -12.9827 3.74009 71.9105
5025356 20.6271 6.36313 34 10.9203 -12.9827 3.74009 71.9105
5025372 20.6271 5.90554 34 10.9292 -13.2212 3.86149 71.4618
5025380 20.5212 5.62062 34 11.0808 -13.2752 3.98868 71.2226
5025387 20.5212 5.62062 34 11.0808 -13.2752 3.98868 71.2226
5025401 20.1364 5.60335 34 11.1788 -13.168 4.11156 70.9186
5025432 19.6938 5.46521 34 11.0808 -13.2218 4.25436 70.2398
5025433 19.3763 5.40477 34 11.0718 -13.2062 4.35716 69.853
5025442 19.3763 5.40477 34 11.0718 -13.2062 4.35716 69.853
5025448 19.03 5.3098 34 10.947 -13.2684 4.46129 69.2868
5025464 18.7221 5.30117 34 10.9916 -13.1962 4.55734 69.0149
5025468 18.7221 5.30117 34 10.9916 -13.1962 4.55734 69.0149
5025479 18.5201 5.21483 34 10.9203 -13.2492 4.62865 68.6552
5025508 18.5201 5.21483 34 10.9203 -13.2492 4.62865 68.6552
5025509 18.395 5.18893 34 11.0718 -13.1578 4.6947 68.6558
5025537 18.3565 6.50127 34 12.2664 -11.8064 4.51504 71.1242
5025558 18.395 8.15033 34 13.0687 -10.5877 4.18195 73.614
5025559 18.395 8.15033 34 13.0687 -10.5877 4.18195 73.614
5025566 18.3277 9.74759 32.7265 14.0315 -9.11197 3.74487 74.8332
5025591 18.3277 9.74759 32.7265 14.0315 -9.11197 3.74487 74.8332
5025592 17.7793 10.8786 30.3109 14.8873 -7.5567 3.35929 73.8561
5025594 17.1924 12.001 27.6225 16.1175 -5.72317 2.99174 72.9334
5025600 17.1924 12.001 27.6225 16.1175 -5.72317 2.99174 72.9334
5025619 16.5433 12.8299 25.0856 18.6016 -3.48939 2.93881 73.0603
5025625 15.9851 13.5724 22.8317 22.2196 -1.01356 3.11503 74.6088
5025632 15.9851 13.5724 22.8317 22.2196 -1.01356 3.11503 74.6088
5025648 15.2408 14.0041 20.2949 24.7764 1.09154 3.19441 74.3161
5025652 14.3697 14.2717 17.7883 26.6674 3.00324 3.24522 73.0971
5025662 14.3697 14.2717 17.7883 26.6674 3.00324 3.24522 73.0971
5025680 13.3716 14.548 15.8698 28.5006 4.77491 3.41348 72.29
5025687 13.3716 14.548 15.8698 28.5006 4.77491 3.41348 72.29
5025693 12.4244 14.8329 14.8143 30.6232 6.26504 3.75133 72.6947
5025716 11.4771 15.1783 14.3192 32.6589 7.48329 4.13998 73.6335
5025718 11.4771 15.1783 14.3192 32.6589 7.48329 4.13998 73.6335
5025728 10.6736 15.4977 14.039 34 8.3496 4.42007 74.2104
5025742 9.78557 15.774 13.8522 34 8.90056 4.55498 73.4118
5025745 9.78557 15.774 13.8522 34 8.90056 4.55498 73.4118
5025754 9.01592 15.9208 13.6841 34 9.37087 4.69853 72.6208
5025770 9.01592 15.9208 13.6841 34 9.37087 4.69853 72.6208
5025774 8.22935 16.1884 13.6467 34 9.82189 4.83503 72.0645
5025798 7.44279 16.387 13.5346 34 10.3026 4.98249 71.3644
5025800 7.44279 16.387 13.5346 34 10.3026 4.98249 71.3644
5025805 6.53781 16.4215 13.3758 34 10.8438 5.20717 70.3352
5025828 5.62438 16.292 13.1236 34 11.4224 5.47665 69.04
5025829 5.62438 16.292 13.1236 34 11.4224 5.47665 69.04
5025836 4.64328 16.0934 12.9648 34 11.9958 5.81111 67.7016
5025860 4.64328 16.0934 12.9648 34 11.9958 5.81111 67.7016
5025862 4.0597 15.774 12.8621 34 12.3142 6.07873 66.6958
5025869 3.84826 15.5409 12.7313 34 12.4626 6.20281 66.1205
5025892 3.84826 15.5409 12.7313 34 12.4626 6.20281 66.1205
5025893 3.73831 15.5754 12.5912 34 12.6113 6.20837 65.9049
5025906 3.71294 15.6877 12.3484 34 12.7859 6.14788 65.7489
5025907 3.71294 15.6877 12.3484 34 12.7859 6.14788 65.7489
5025926 3.71294 15.7481 12.3016 34 12.824 6.12215 65.7627
5025927 3.71294 15.7481 12.3016 34 12.824 6.12215 65.7627
5025942 3.69602 15.8862 12.2456 34 12.8914 6.0757 65.8279
5025959 3.66219 15.9812 12.2549 34 12.923 6.05741 65.8983
5025961 3.66219 15.9812 12.2549 34 12.923 6.05741 65.8983
5025968 3.70448 16.1798 12.0681 34 13.0424 5.95517 65.9524
5025992 3.73831 16.482 11.9187 34 13.1636 5.82827 66.139
5025994 3.73831 16.482 11.9187 34 13.1636 5.82827 66.139
5025999 3.93284 16.9655 11.7973 34 13.2075 5.59984 66.6956
5026024 4.16965 17.3827 11.9374 34 13.0671 5.41973 67.4897
5026025 4.16965 17.3827 11.9374 34 13.0671 5.41973 67.4897
5026029 4.6602 17.9662 12.0027 34 12.8602 5.10926 68.6292
5026039 4.6602 17.9662 12.0027 34 12.8602 5.10926 68.6292
5026054 5.44677 18.4637 12.3484 34 12.336 4.79041 70.2588
5026064 6.53781 18.9707 12.806 34 11.6252 4.41768 72.3146
5026084 6.53781 18.9707 12.806 34 11.6252 4.41768 72.3146
5026085 7.95025 19.3343 13.3104 34 10.7492 4.02693 74.595
5026091 9.02438 19.4204 14.067 32.7457 9.65841 3.66103 75.2575
5026117 9.02438 19.4204 14.067 32.7457 9.65841 3.66103 75.2575
5026120 9.86169 19.1908 15.5522 30.6135 8.10654 3.41272 75.2182
5026121 9.86169 19.1908 15.5522 30.6135 8.10654 3.41272 75.2182
5026131 10.5045 18.7029 17.566 28.3751 6.32333 3.34014 75.1485
5026147 11.1557 17.928 19.5975 25.9921 4.40814 3.31562 74.6732
5026153 11.1557 17.928 19.5975 25.9921 4.40814 3.31562 74.6732
5026162 11.5617 17.1148 20.8306 23.5607 2.83411 3.22607 73.0678
5026182 12.103 16.292 21.9727 21.1005 1.16025 3.08069 71.4681
5026182 12.103 16.292 21.9727 21.1005 1.16025 3.08069 71.4681
5026192 12.6697 15.4459 23.519 19.0647 -0.593381 3.06966 70.6993
5026216 12.6697 15.4459 23.519 19.0647 -0.593381 3.06966 70.6993
5026218 13.3801 14.4099 25.6213 17.2798 -2.58581 3.20644 70.691
5026223 14.0821 13.2616 28.4411 16.0372 -4.6032 3.57858 71.822
5026251 14.894 12.096 31.3722 15.0923 -6.49311 3.97684 73.4545
5026261 15.5114 10.8009 34 14.4772 -8.10051 4.44544 74.7895
5026284 15.892 9.51447 34 13.9245 -9.01838 4.6061 73.331
5026285 15.892 9.51447 34 13.9245 -9.01838 4.6061 73.331
5026294 16.0443 8.15033 34 13.4342 -9.93307 4.86667 71.6288
5026317 16.095 6.9934 34 13.1222 -10.6748 5.13464 70.2106
5026319 16.095 6.9934 34 13.1222 -10.6748 5.13464 70.2106
