5170234 11.8493 20.8649 14.7489 24.7185 6.57553 1.40338 72.1816
5170244 13.0164 20.7693 18.1522 22.2582 3.99579 1.3393 74.1961
5170254 13.9299 20.3675 21.154 19.7304 1.66731 1.31423 75.1817
5170267 13.9299 20.3675 21.154 19.7304 1.66731 1.31423 75.1817
5170282 14.4289 19.5926 22.8924 17.2412 -0.164342 1.23636 74.155
5170293 14.4289 19.5926 22.8924 17.2412 -0.164342 1.23636 74.155
5170301 14.8602 18.5211 25.0351 15.7252 -1.90478 1.49289 74.1416
5170311 15.3423 17.1626 27.39 14.8249 -3.59503 1.94927 74.7198
5170320 15.3423 17.1626 27.39 14.8249 -3.59503 1.94927 74.7198
5170331 15.7229 15.6186 29.6136 14.0939 -5.2046 2.47158 75.0489
5170339 15.9935 13.935 32.1403 13.6571 -6.78163 3.14335 75.7259
5170347 15.9935 13.935 32.1403 13.6571 -6.78163 3.14335 75.7259
5170356 16.0527 12.0183 34 13.2113 -8.24334 3.8137 75.2823
5170366 16.0527 12.0183 34 13.2113 -8.24334 3.8137 75.2823
5170376 15.9935 9.9807 34 12.7923 -9.35199 4.29141 72.7666
5170396 15.7821 8.1417 34 12.6943 -10.2474 4.83668 70.6181
5170399 15.7821 8.1417 34 12.6943 -10.2474 4.83668 70.6181
5170407 15.4353 6.55307 34 12.5695 -11.0537 5.37818 68.5579
5170418 15.1816 5.34434 34 12.3912 -11.7481 5.7979 66.9171
5170427 15.1816 5.34434 34 12.3912 -11.7481 5.7979 66.9171
5170443 15.0547 4.47232 34 12.302 -12.2592 6.10102 65.8291
5170448 15.0547 4.47232 34 12.302 -12.2592 6.10102 65.8291
5170462 14.9025 4.0579 34 12.3288 -12.4507 6.28781 65.2892
5170469 14.9871 4.06653 34 12.4268 -12.4059 6.27056 65.4804
5170482 14.9871 4.06653 34 12.4268 -12.4059 6.27056 65.4804
5170489 14.9786 4.09243 34 12.4536 -12.3742 6.26846 65.5246
5170503 14.8687 4.06653 34 12.4179 -12.3882 6.3079 65.3531
5170510 14.8687 4.06653 34 12.4179 -12.3882 6.3079 65.3531
5170519 14.8348 4.07517 34 12.3377 -12.4226 6.30545 65.2477
5170534 14.8348 4.07517 34 12.3377 -12.4226 6.30545 65.2477
5170540 14.6995 3.99746 34 12.2486 -12.4926 6.36339 64.9455
5170550 14.6149 3.91976 34 12.2218 -12.5367 6.41336 64.7565
5170560 14.6149 3.91976 34 12.2218 -12.5367 6.41336 64.7565
5170575 14.6149 3.92839 34 12.1862 -12.5524 6.40578 64.7295
5170581 14.6318 3.86795 34 12.1683 -12.6011 6.41781 64.6681
5170593 14.6318 3.86795 34 12.1683 -12.6011 6.41781 64.6681
5170601 14.6318 3.92839 34 12.1683 -12.566 6.39782 64.7286
5170616 14.6741 3.94566 34 12.2307 -12.5279 6.38644 64.8505
5170638 15.004 4.32555 34 12.6675 -12.1259 6.21346 65.9971
5170642 15.004 4.32555 34 12.6675 -12.1259 6.21346 65.9971
5170652 15.2915 5.04215 34 13.2292 -11.4783 5.97121 67.5629
5170670 15.503 6.24225 34 13.9156 -10.5314 5.63524 69.6608
5170680 15.503 6.24225 34 13.9156 -10.5314 5.63524 69.6608
5170688 15.5453 7.71001 34 14.7357 -9.41075 5.30909 71.991
5170696 15.3085 8.84104 34 15.4934 -8.47806 5.1622 73.6429
5170706 15.3085 8.84104 34 15.4934 -8.47806 5.1622 73.6429
5170714 14.9617 9.9289 34 16.2958 -7.56023 5.06844 75.1863
5170725 14.9617 9.9289 34 16.2958 -7.56023 5.06844 75.1863
5170734 14.505 10.7923 31.3924 17.8876 -5.77168 4.82374 74.5773
5170763 13.9637 11.483 27.8853 20.7145 -3.25857 4.69025 74.0465
5170772 13.4985 12.0874 23.9435 23.1555 -0.756407 4.43968 72.6849
5170781 13.0418 12.6227 19.9411 25.0948 1.67414 4.10991 70.7004
5170800 12.7289 13.2616 17.0303 27.227 3.81841 3.90054 70.2477
5170812 12.7289 13.2616 17.0303 27.227 3.81841 3.90054 70.2477
5170819 12.2806 13.9523 15.7951 30.1311 5.54598 4.09373 72.159
5170827 11.79 14.5912 15.3093 33.2185 6.91181 4.4347 74.9091
5170836 11.79 14.5912 15.3093 33.2185 6.91181 4.4347 74.9091
5170845 10.8512 14.9797 14.9824 34 7.73459 4.64185 74.8133
5170860 9.64179 15.2473 14.7769 34 8.42607 4.86407 73.666
5170879 8.29702 15.2905 14.5995 34 9.14086 5.19732 72.187
5170886 8.29702 15.2905 14.5995 34 9.14086 5.19732 72.187
5170896 6.94378 15.2991 14.3473 34 9.91927 5.54702 70.5902
5170911 5.61592 15.1869 13.9549 34 10.7682 5.92343 68.7578
5170917 5.61592 15.1869 13.9549 34 10.7682 5.92343 68.7578
5170928 4.59254 15.1351 13.7401 34 11.4138 6.22797 67.4677
5170937 3.87363 15.0142 13.3478 34 11.9999 6.44516 66.2357
5170948 3.87363 15.0142 13.3478 34 11.9999 6.44516 66.2357
5170958 3.56915 14.9883 13.1423 34 12.2819 6.52624 65.6998
5170973 3.56915 14.9883 13.1423 34 12.2819 6.52624 65.6998
5170979 3.50995 14.9624 13.3011 34 12.2205 6.57455 65.7735
5170992 3.51841 14.9365 13.3852 34 12.1632 6.59102 65.8401
5170999 3.51841 14.9365 13.3852 34 12.1632 6.59102 65.8401
5171013 3.48458 14.8588 13.3571 34 12.183 6.62409 65.7005
5171019 3.4 14.7379 13.217 34 12.2871 6.67411 65.355
5171029 3.4 14.7379 13.217 34 12.2871 6.67411 65.355
5171047 3.4 14.6602 13.0676 34 12.3575 6.68087 65.1278
5171051 3.4 14.6602 13.0676 34 12.3575 6.68087 65.1278
5171060 3.34925 14.7379 12.9462 34 12.4715 6.65634 65.0333
5171070 3.38308 14.8156 12.7967 34 12.5531 6.6 64.9954
5171080 3.38308 14.8156 12.7967 34 12.5531 6.6 64.9954
5171090 3.44229 15.1351 12.6473 34 12.6661 6.45535 65.2246
5171100 3.51841 15.4632 12.5725 34 12.727 6.31332 65.5541
5171115 3.51841 15.4632 12.5725 34 12.727 6.31332 65.5541
5171122 3.63682 15.8172 12.5071 34 12.7625 6.15207 65.9611
5171135 3.72139 16.1021 12.3764 34 12.8415 6.01653 66.1999
5171144 3.72139 16.1021 12.3764 34 12.8415 6.01653 66.1999
5171152 4.02587 16.6978 12.4044 34 12.762 5.73844 67.1281
5171165 4.02587 16.6978 12.4044 34 12.762 5.73844 67.1281
5171173 4.8209 17.574 12.311 34 12.5324 5.22141 68.7059
5171187 6.21642 18.8272 12.2176 34 12.0659 4.45697 71.2612
5171192 6.21642 18.8272 12.2176 34 12.0659 4.45697 71.2612
5171210 8.26318 20.2335 12.339 32.9869 11.0462 3.41953 73.8227
5171217 10.3607 21.4007 12.722 30.0346 9.51201 2.21327 74.518
5171224 10.3607 21.4007 12.722 30.0346 9.51201 2.21327 74.518
5171234 12.0184 22.3765 13.1049 26.7157 8.07405 1.09662 74.2155
5171244 12.0184 22.3765 13.1049 26.7157 8.07405 1.09662 74.2155
5171254 13.3209 23.1131 13.5813 23.4353 6.68688 0.118981 73.4506
5171263 14.4796 23.5436 15.5242 20.8593 4.83797 -0.330574 74.4066
5171276 14.4796 23.5436 15.5242 20.8593 4.83797 -0.330574 74.4066
5171289 15.3761 23.4671 19.1528 19.248 2.64945 -0.0859076 77.244
5171299 16.0781 22.673 22.3466 17.9552 0.696841 0.294224 79.0529
5171305 16.0781 22.673 22.3466 17.9552 0.696841 0.294224 79.0529
5171315 16.2642 21.1998 23.8526 16.3403 -0.829494 0.527111 77.6568
5171325 16.2642 21.1998 23.8526 16.3403 -0.829494 0.527111 77.6568
5171335 16.1373 19.2673 25.1159 14.8783 -2.35667 0.913074 75.3989
5171345 16.0781 16.9568 26.8948 13.8175 -4.13525 1.56155 73.7472
5171355 16.0781 16.9568 26.8948 13.8175 -4.13525 1.56155 73.7472
5171370 15.9512 14.5912 28.9667 13.1044 -5.92949 2.38151 72.6135
5171376 16.0104 12.1564 31.3722 12.5873 -7.84695 3.28436 72.1264
5171409 16.1289 9.93753 33.8686 12.311 -9.60226 4.17598 72.246
5171411 16.1289 9.93753 33.8686 12.311 -9.60226 4.17598 72.246
5171416 16.3741 8.15896 34 12.4268 -10.4948 4.62805 70.9599
5171426 16.7209 7.00203 34 12.6141 -11.0556 4.88174 70.337
5171445 16.7209 7.00203 34 12.6141 -11.0556 4.88174 70.337
5171455 16.8647 6.37176 34 12.623 -11.405 5.02149 69.8594
5171464 16.9493 6.01778 34 12.6943 -11.5693 5.10913 69.6613
5171476 16.9493 6.01778 34 12.6943 -11.5693 5.10913 69.6613
5171482 16.8562 5.64652 34 12.6943 -11.7474 5.24406 69.197
5171489 16.8562 5.64652 34 12.6943 -11.7474 5.24406 69.197
5171498 16.5264 5.10259 34 12.5962 -12.0291 5.48931 68.2252
5171512 16.1881 4.99035 34 12.3912 -12.138 5.59707 67.5696
5171521 16.1881 4.99035 34 12.3912 -12.138 5.59707 67.5696
5171529 15.9766 4.88674 34 12.1772 -12.2734 5.66385 67.0406
5171543 15.7652 4.80041 34 11.9009 -12.4363 5.71761 66.4665
5171549 15.7652 4.80041 34 11.9009 -12.4363 5.71761 66.4665
5171559 15.5791 4.7486 34 11.8117 -12.4807 5.77961 66.1395
5171574 15.5791 4.7486 34 11.8117 -12.4807 5.77961 66.1395
5171580 15.5622 4.6968 34 11.6869 -12.5779 5.78382 65.9459
5171590 15.6975 4.73134 34 11.7226 -12.5634 5.73542 66.1515
5171600 15.6975 4.73134 34 11.7226 -12.5634 5.73542 66.1515
5171615 15.8751 4.73997 34 11.6602 -12.6272 5.66843 66.2753
5171621 16.1373 4.73997 34 11.7226 -12.6407 5.5958 66.5999
5171635 16.1373 4.73997 34 11.7226 -12.6407 5.5958 66.5999
5171641 16.4672 4.96445 34 12.0346 -12.4018 5.47007 67.4662
5171657 16.8985 5.90554 34 12.3912 -11.7789 5.11317 69.1952
5171663 16.8985 5.90554 34 12.3912 -11.7789 5.11317 69.1952
5171672 17.4329 7.32148 34 12.7656 -10.957 4.61644 71.52
5171704 17.8563 8.89284 34 13.14 -10.0906 4.1395 73.8891
5171706 18.0775 10.8959 32.1605 13.6571 -8.58563 3.37825 74.791
5171713 18.0775 10.8959 32.1605 13.6571 -8.58563 3.37825 74.791
5171726 18.2411 13.1407 28.5321 14.3435 -6.49398 2.32175 74.2573
5171737 18.0968 14.997 24.2872 14.9051 -4.31685 1.2655 72.286
5171748 18.0968 14.997 24.2872 14.9051 -4.31685 1.2655 72.286
5171754 17.8851 16.5597 20.1332 16.0818 -1.90236 0.375785 70.6598
5171773 17.8851 16.5597 20.1332 16.0818 -1.90236 0.375785 70.6598
5171774 17.5676 18.0619 17.566 20.2804 1.09173 0.45256 73.4759
5171784 17 19.0855 16.5236 26.5806 3.83336 1.32947 79.1898
5171804 15.9682 19.4873 15.5615 30.0636 5.55657 1.88139 81.0806
5171819 14.505 19.3917 14.3286 31.6748 6.95648 2.27285 79.9
5171825 14.505 19.3917 14.3286 31.6748 6.95648 2.27285 79.9
5171835 12.6612 19.0664 13.2637 32.7072 8.31697 2.74972 77.6985
5171845 12.6612 19.0664 13.2637 32.7072 8.31697 2.74972 77.6985
5171855 10.7751 18.5498 12.5445 33.9711 9.62587 3.40003 75.8405
5171866 9.08358 18.1863 12.1615 34 10.534 3.85905 73.4314
5171891 7.51045 17.6984 11.9747 34 11.3134 4.37585 71.1835
5171895 6.37711 17.1052 11.9 34 11.8287 4.84655 69.3823
5171914 6.37711 17.1052 11.9 34 11.8287 4.84655 69.3823
5171916 5.599 16.6028 12.1429 34 12.0203 5.25447 68.3447
5171926 5.599 16.6028 12.1429 34 12.0203 5.25447 68.3447
5171937 5.10846 16.3784 12.1709 34 12.2303 5.47256 67.6577
5171951 5.03234 16.6115 12.1615 34 12.3211 5.42385 67.8054
5171961 5.03234 16.6115 12.1615 34 12.3211 5.42385 67.8054
5171967 4.93085 16.8101 12.1615 34 12.414 5.39465 67.9024
5171983 4.76169 16.9137 12.0121 34 12.6094 5.39319 67.6874
5171988 4.76169 16.9137 12.0121 34 12.6094 5.39319 67.6874
5171997 4.47413 16.8791 11.9187 34 12.816 5.47749 67.2719
5172012 4.05124 16.8791 11.7225 34 13.1672 5.57939 66.6529
5172018 4.05124 16.6892 11.7225 34 13.1334 5.6382 66.463
5172031 3.76368 16.5942 11.7132 34 13.2877 5.75637 66.0711
5172039 3.76368 16.5942 11.7132 34 13.2877 5.75637 66.0711
5172055 3.42537 16.3784 11.5637 34 13.5347 5.9112 65.3675
5172064 3.31542 16.2575 11.3302 34 13.7173 5.95286 64.9031
5172069 3.31542 16.2575 11.3302 34 13.7173 5.95286 64.9031
5172079 3.34925 16.2143 11.2088 34 13.7621 5.93892 64.7724
5172104 3.29005 16.2143 11.1527 34 13.8312 5.95024 64.6571
5172107 3.29005 16.1971 11.1527 34 13.8283 5.95584 64.6398
5172112 3.34925 16.1884 11.3582 34 13.6684 5.96815 64.8959
5172129 3.34925 16.1884 11.3582 34 13.6684 5.96815 64.8959
5172133 3.27313 16.3179 11.4797 34 13.664 5.9678 65.0707
5172141 3.22239 16.1798 11.7412 34 13.5149 6.06486 65.1434
5172152 3.22239 16.1798 11.7412 34 13.5149 6.06486 65.1434
5172170 3.11244 15.9898 11.928 34 13.4358 6.18767 65.0303
5172177 3.06169 15.9985 12.0775 34 13.3791 6.22159 65.1376
5172181 3.06169 15.9985 12.0775 34 13.3791 6.22159 65.1376
5172191 3.08706 16.0848 12.1709 34 13.3247 6.19786 65.3428
5172206 3.08706 16.0848 12.1709 34 13.3247 6.19786 65.3428
5172212 3.02786 16.2402 12.2923 34 13.316 6.18305 65.5604
5172224 3.06169 16.2057 12.3484 34 13.2574 6.19081 65.6157
5172233 3.06169 16.2057 12.3484 34 13.2574 6.19081 65.6157
5172248 2.9602 16.0934 12.3484 34 13.2966 6.26006 65.402
5172254 3.1801 16.1366 12.5071 34 13.0839 6.19618 65.8239
5172264 3.1801 16.1366 12.5071 34 13.0839 6.19618 65.8239
5172274 3.53532 15.9294 12.5538 34 12.8147 6.15488 66.0186
5172286 3.53532 15.9294 12.5538 34 12.8147 6.15488 66.0186
5172298 4.16965 15.9812 12.5912 34 12.4436 5.94236 66.7421
5172304 5.1592 16.1453 13.9736 34 11.1913 5.77437 69.2781
5172314 5.1592 16.1453 13.9736 34 11.1913 5.77437 69.2781
5172324 6.42786 16.4992 19.2134 34 8.16186 5.96653 76.1405
5172339 7.4005 16.5769 23.327 34 6.10344 6.15272 81.3044
5172348 7.4005 16.5769 23.327 34 6.10344 6.15272 81.3044
5172355 7.72189 16.1021 23.3977 31.7423 5.29506 5.9488 78.9641
5172372 7.72189 16.1021 23.3977 31.7423 5.29506 5.9488 78.9641
5172380 7.98408 15.4459 23.2765 25.9728 3.49417 5.32874 72.6792
5172386 8.55075 14.6516 25.4394 21.9881 0.937837 5.1448 70.6298
5172396 8.55075 14.6516 25.4394 21.9881 0.937837 5.1448 70.6298
5172406 9.36269 13.7969 28.714 19.576 -1.64585 5.27586 71.4496
5172420 10.1493 12.4931 32.6962 18.3218 -4.0831 5.77833 73.6604
5172431 10.1493 12.4931 32.6962 18.3218 -4.0831 5.77833 73.6604
5172443 10.7582 11.0254 34 17.0772 -5.71488 6.03073 72.8608
5172447 11.0542 9.28136 34 15.9392 -7.05577 6.31882 70.2748
5172458 11.0542 9.28136 34 15.9392 -7.05577 6.31882 70.2748
5172473 11.1557 7.6323 34 15.2438 -8.18719 6.71505 68.0319
5172479 11.1557 7.6323 34 15.2438 -8.18719 6.71505 68.0319
5172495 11.3418 6.14728 34 14.8873 -9.15509 7.09549 66.3763
5172499 11.7139 5.12849 34 14.7625 -9.84035 7.29825 65.6049
5172520 11.7139 5.12849 34 14.7625 -9.84035 7.29825 65.6049
5172522 11.993 4.31691 34 14.807 -10.3157 7.48585 65.117
5172529 12.1876 3.78162 34 14.7357 -10.6909 7.59599 64.7049
5172544 12.1876 3.78162 34 14.7357 -10.6909 7.59599 64.7049
5172551 12.2045 3.47943 34 14.6198 -10.9267 7.68289 64.3037
5172560 12.2045 3.47943 34 14.6198 -10.9267 7.68289 64.3037
5172570 12.1368 3.39309 34 14.602 -10.9703 7.73533 64.1319
5172580 12.0607 3.37583 34 14.4148 -11.0687 7.74728 63.8513
5172594 12.0607 3.37583 34 14.4148 -11.0687 7.74728 63.8513
5172605 12.0353 3.34992 34 14.2722 -11.1587 7.74935 63.6574
5172611 11.8323 3.31539 34 14.1919 -11.1798 7.82548 63.3397
5172623 11.8323 3.31539 34 14.1919 -11.1798 7.82548 63.3397
5172631 11.6294 3.37583 34 14.0582 -11.1774 7.86186 63.0634
5172646 11.5025 3.29812 34 13.9512 -11.2559 7.92422 62.7518
5172652 11.5025 3.29812 34 13.9512 -11.2559 7.92422 62.7518
5172670 11.4348 3.26359 34 13.8621 -11.3127 7.95159 62.5605
5172673 11.4348 3.26359 34 13.8621 -11.3127 7.95159 62.5605
5172687 11.4517 3.28949 34 13.7462 -11.3687 7.92279 62.4874
5172696 11.5701 3.26359 34 13.7462 -11.4096 7.8889 62.5799
5172704 11.5701 3.26359 34 13.7462 -11.4096 7.8889 62.5799
5172722 11.8323 3.34992 34 13.7105 -11.4369 7.75803 62.8928
5172725 12.2383 3.47943 34 13.7105 -11.4493 7.5659 63.4283
5172733 12.2383 3.47943 34 13.7105 -11.4493 7.5659 63.4283
5172748 12.8557 4.20467 34 14.1474 -10.928 7.15106 65.2077
5172756 12.8557 4.20467 34 14.1474 -10.928 7.15106 65.2077
5172768 13.5323 5.39614 34 14.7535 -10.1145 6.60997 67.682
5172775 14.2597 6.79482 34 15.2706 -9.31186 6.01835 70.3251
5172785 14.2597 6.79482 34 15.2706 -9.31186 6.01835 70.3251
5172795 14.7925 8.36618 34 15.7252 -8.47276 5.46757 72.8839
5172810 15.4353 10.1965 34 16.2155 -7.58868 4.8618 75.8474
5172821 15.4353 10.1965 34 16.2155 -7.58868 4.8618 75.8474
5172826 15.8244 12.0356 31.6855 16.6167 -6.18997 4.02607 76.1621
5172836 15.8244 12.0356 31.6855 16.6167 -6.18997 4.02607 76.1621
5172848 15.8244 13.1838 27.5922 17.4149 -4.32945 3.24233 74.0153
5172856 15.6468 14.2544 23.7515 19.5182 -1.92209 2.74053 73.1709
5172875 15.6468 14.2544 23.7515 19.5182 -1.92209 2.74053 73.1709
5172885 15.4607 15.0833 20.5273 22.3933 0.506553 2.52706 73.4646
5172900 15.3423 15.8431 17.8995 24.8053 2.50595 2.33851 73.8902
5172903 15.3423 15.8431 17.8995 24.8053 2.50595 2.33851 73.8902
5172911 14.9955 16.3093 16.0099 26.5131 4.00152 2.27925 73.8278
5172927 14.3612 16.6805 14.8984 28.2497 5.28062 2.44771 74.1898
5172929 14.3612 16.6805 14.8984 28.2497 5.28062 2.44771 74.1898
5172939 13.4816 17 13.983 29.8995 6.53372 2.7031 74.3641
5172954 13.4816 17 13.983 29.8995 6.53372 2.7031 74.3641
5172959 12.3905 17.2487 13.3665 31.5494 7.72619 3.07355 74.5551
5172979 11.1811 17.5262 12.9929 33.2185 8.86652 3.50462 74.9186
5172983 11.1811 17.5262 12.9929 33.2185 8.86652 3.50462 74.9186
5172990 9.85323 17.354 12.7407 34 9.72309 3.96228 73.9479
5173005 8.37313 17.1244 12.6659 34 10.4226 4.4001 72.1634
5173030 7.08756 16.8532 12.5538 34 11.0689 4.81166 70.4946
5173032 7.08756 16.8532 12.5538 34 11.0689 4.81166 70.4946
5173040 5.9796 16.6201 12.6099 34 11.5701 5.2038 69.2096
5173056 5.1592 16.4906 12.4978 34 12.045 5.4693 68.1476
5173061 5.1592 16.4906 12.4978 34 12.045 5.4693 68.1476
5173071 4.57562 16.4474 12.4511 34 12.3828 5.65284 67.4742
5173082 4.20348 16.3438 12.4791 34 12.5552 5.80334 67.0264
5173091 4.20348 16.3438 12.4791 34 12.5552 5.80334 67.0264
5173107 3.89055 16.2748 12.4137 34 12.7557 5.91367 66.579
5173111 3.89055 16.2748 12.4137 34 12.7557 5.91367 66.579
5173132 3.63682 16.1366 12.4978 34 12.8268 6.04886 66.2712
5173134 3.58607 16.1625 12.4604 34 12.8819 6.05171 66.209
5173142 3.58607 16.1625 12.4604 34 12.8819 6.05171 66.209
5173158 3.61144 16.0934 12.3016 34 12.9458 6.04412 66.0065
5173162 3.57761 16.0244 12.2363 34 12.9904 6.06811 65.8383
5173172 3.57761 16.0244 12.2363 34 12.9904 6.06811 65.8383
5173187 3.58607 15.9985 12.0401 34 13.0943 6.04702 65.6247
5173211 3.58607 16.0848 12.0401 34 13.1099 6.01936 65.711
5173214 3.64527 16.1884 11.8813 34 13.1864 5.94559 65.715
5173224 3.64527 16.1884 11.8813 34 13.1864 5.94559 65.715
5173237 3.66219 16.5251 11.5451 34 13.4325 5.78658 65.7324
5173254 3.90746 17.1722 11.1341 34 13.6417 5.44926 66.2137
5173255 3.90746 17.1722 11.1341 34 13.6417 5.44926 66.2137
5173266 4.12736 18.1576 10.9379 34 13.7945 5.05475 67.2228
5173291 4.12736 18.1576 10.9379 34 13.7945 5.05475 67.2228
5173291 4.41493 19.3917 10.6016 34 14.0243 4.55977 68.4082
5173295 4.89702 20.664 10.5363 34 13.9915 4.06047 70.0973
5173305 4.89702 20.664 10.5363 34 13.9915 4.06047 70.0973
5173318 6.00498 22.2138 10.4429 34 13.6819 3.34923 72.6617
5173334 7.88259 23.8593 10.4615 32.0704 12.651 2.1791 74.2738
5173346 7.88259 23.8593 10.4615 32.0704 12.651 2.1791 74.2738
5173351 10.2254 25.4187 10.5456 29.3593 11.2533 0.845967 75.5489
5173360 10.2254 25.4187 10.5456 29.3593 11.2533 0.845967 75.5489
5173374 12.0861 26.4615 10.9099 26.1175 9.78598 -0.301717 75.5749
5173379 13.6677 26.9972 11.8253 22.9529 8.10451 -1.17042 75.443
5173388 13.6677 26.9972 11.8253 22.9529 8.10451 -1.17042 75.443
5173402 15.0209 27.1981 14.4033 20.7821 5.99319 -1.36303 77.4043
5173411 16.0104 26.9876 19.1932 20.2514 3.64961 -0.646527 82.4427
5173417 16.0104 26.9876 19.1932 20.2514 3.64961 -0.646527 82.4427
5173431 16.391 25.8875 22.5285 18.9296 1.76072 -0.14695 83.7367
5173437 16.2726 23.8497 23.5898 16.7147 0.218233 0.0339675 80.4269
5173458 16.2726 23.8497 23.5898 16.7147 0.218233 0.0339675 80.4269
5173460 15.9851 21.3337 24.4893 14.8694 -1.3926 0.399063 76.6775
5173469 15.9851 21.3337 24.4893 14.8694 -1.3926 0.399063 76.6775
5173485 15.7144 18.4446 25.8133 13.5501 -3.24156 1.0618 73.5224
5173489 15.596 15.4459 28.0268 12.7656 -5.36348 2.03602 71.8343
5173512 15.596 15.4459 28.0268 12.7656 -5.36348 2.03602 71.8343
5173515 15.5453 12.3809 30.2907 12.3555 -7.47443 3.12872 70.5724
5173520 15.5622 9.903 32.6457 12.3199 -9.2236 4.15309 70.4307
5173546 15.6721 8.15896 34 12.623 -10.2514 4.85249 70.4541
5173551 15.6721 8.15896 34 12.623 -10.2514 4.85249 70.4541
5173567 15.9174 7.17471 34 12.9706 -10.6234 5.11224 70.0628
5173571 16.0527 6.62214 34 13.2826 -10.7737 5.27629 69.9575
5173594 16.0527 6.62214 34 13.2826 -10.7737 5.27629 69.9575
5173596 16.205 6.26816 34 13.3094 -10.9725 5.33864 69.7825
5173604 16.2134 5.64652 34 13.1044 -11.4054 5.49075 68.9643
5173621 16.2134 5.64652 34 13.1044 -11.4054 5.49075 68.9643
5173624 16.2642 5.2062 34 12.8726 -11.7735 5.57531 68.3429
5173650 16.2642 5.2062 34 12.8726 -11.7735 5.57531 68.3429
5173652 16.3572 5.22346 34 12.6319 -11.912 5.50878 68.2126
5173654 16.2219 5.17166 34 12.409 -12.0354 5.53418 67.8026
5173665 16.2219 5.17166 34 12.409 -12.0354 5.53418 67.8026
5173675 16.0697 5.18893 34 12.2396 -12.0896 5.55149 67.4982
5173682 16.0274 5.12849 34 12.204 -12.1344 5.57783 67.3598
5173692 16.0274 5.12849 34 12.204 -12.1344 5.57783 67.3598
5173703 16.1796 5.2321 34 12.1327 -12.1457 5.48994 67.5444
5173717 16.1796 5.2321 34 12.1327 -12.1457 5.48994 67.5444
5173729 16.298 5.27527 34 12.1683 -12.1249 5.44607 67.7416
5173734 16.5433 5.32707 34 12.3199 -12.0605 5.37823 68.1902
5173744 16.5433 5.32707 34 12.3199 -12.0605 5.37823 68.1902
5173758 16.7801 5.37024 34 12.4714 -12 5.31633 68.6218
5173763 17.0385 5.47384 34 12.623 -11.912 5.23118 69.1353
5173774 17.0385 5.47384 34 12.623 -11.912 5.23118 69.1353
5173789 17.1347 5.48248 34 12.7121 -11.8781 5.21315 69.3293
5173795 17.1347 5.48248 34 12.7121 -11.8781 5.21315 69.3293
5173816 17.4041 5.88827 34 13.2113 -11.4549 5.08888 70.5037
5173817 17.6638 6.76892 34 13.7462 -10.7887 4.84493 72.179
5173830 17.6638 6.76892 34 13.7462 -10.7887 4.84493 72.179
5173846 17.7889 7.98629 34 14.1652 -10.0207 4.54217 73.9404
5173848 17.7889 9.51447 34 14.7892 -9.0302 4.23546 76.0926
5173856 17.7889 9.51447 34 14.7892 -9.0302 4.23546 76.0926
5173874 17.6157 11.2412 33.3026 15.6628 -7.71445 3.87584 77.8224
5173877 16.9662 12.6399 30.321 16.3671 -5.99004 3.35845 76.2942
5173888 16.9662 12.6399 30.321 16.3671 -5.99004 3.35845 76.2942
5173900 16.3572 13.8228 26.8644 17.4921 -3.99363 2.85294 74.5365
5173908 16.3572 13.8228 26.8644 17.4921 -3.99363 2.85294 74.5365
5173928 15.5284 14.9451 23.519 20.4444 -1.22851 2.71839 74.4369
5173930 14.6488 15.8085 20.2039 24.1589 1.70902 2.7878 74.8201
5173943 14.6488 15.8085 20.2039 24.1589 1.70902 2.7878 74.8201
5173957 13.5323 16.4992 16.9066 26.2719 4.21122 2.69366 73.21
5173962 12.7035 17 14.3099 27.9313 6.22629 2.61404 71.9447
5173969 12.7035 17 14.3099 27.9313 6.22629 2.61404 71.9447
5173987 12.103 17.8227 13.0582 30.1407 7.79568 2.72273 73.1247
5173989 12.103 17.8227 13.0582 30.1407 7.79568 2.72273 73.1247
5173999 11.3672 18.4063 12.6379 32.5238 8.98278 3.08032 74.9352
5174017 10.5045 18.9038 12.283 34 9.9471 3.34412 75.6912
5174027 10.5045 18.9038 12.283 34 9.9471 3.34412 75.6912
5174043 9.51493 19.1334 11.9654 34 10.6056 3.48135 74.6137
5174046 8.53383 19.2577 11.7786 34 11.1952 3.66732 73.5701
5174055 8.53383 19.2577 11.7786 34 11.1952 3.66732 73.5701
5174060 7.61194 19.1142 11.5637 34 11.737 3.90875 72.2899
5174075 7.61194 19.1142 11.5637 34 11.737 3.90875 72.2899
5174082 6.79154 18.8177 11.4797 34 12.149 4.19274 71.0889
5174103 6.02189 18.4446 11.2929 34 12.5897 4.4782 69.7593
5174105 6.02189 18.4446 11.2929 34 12.5897 4.4782 69.7593
5174111 5.28607 17.928 11.2368 34 12.9308 4.82597 68.4509
5174132 4.601 17.4975 11.1527 34 13.2874 5.14213 67.2512
5174134 4.601 17.4975 11.1527 34 13.2874 5.14213 67.2512
5174142 4.10199 17.1339 11.1154 34 13.5327 5.39842 66.3513
5174158 3.54378 16.836 11.0407 34 13.8533 5.65441 65.4204
5174167 3.54378 16.836 11.0407 34 13.8533 5.65441 65.4204
5174174 3.30697 16.7583 11.05 34 13.9757 5.75552 65.1152
5174187 3.30697 16.7583 11.05 34 13.9757 5.75552 65.1152
5174194 3.28159 16.7496 11.0033 34 14.0175 5.75973 65.0345
5174218 3.31542 16.8101 10.9473 34 14.041 5.7217 65.0727
5174226 3.29851 16.8705 10.7511 34 14.1793 5.67977 64.9201
5174250 3.37463 17.0574 10.6577 34 14.2208 5.58283 65.0897
5174252 3.37463 17.0574 10.6577 34 14.2208 5.58283 65.0897
5174255 3.3408 17.1722 10.4896 34 14.3617 5.53284 65.0026
5174282 3.3408 17.1722 10.4896 34 14.3617 5.53284 65.0026
5174283 3.40846 17.4401 10.3775 34 14.4322 5.41094 65.226
5174287 3.42537 17.7462 10.228 34 14.5616 5.28821 65.3996
5174296 3.42537 17.7462 10.228 34 14.5616 5.28821 65.3996
5174312 3.58607 18.3106 10.172 34 14.5881 5.0573 66.0687
5174317 3.69602 19.0568 10.256 34 14.5894 4.8135 67.0089
5174342 3.91592 19.8413 10.1813 34 14.625 4.50939 67.9385
5174347 4.0597 20.6927 10.1626 34 14.6813 4.2248 68.9151
5174369 4.0597 20.6927 10.1626 34 14.6813 4.2248 68.9151
5174371 4.37264 21.4772 10.2093 34 14.5931 3.93085 70.0592
5174377 4.37264 21.4772 10.2093 34 14.5931 3.93085 70.0592
5174396 4.88856 22.3382 10.172 34 14.4532 3.55998 71.3987
5174399 5.31144 22.9696 10.2374 34 14.2794 3.30047 72.5184
5174408 5.31144 22.9696 10.2374 34 14.2794 3.30047 72.5184
5174426 5.68358 23.4862 10.2 34 14.1757 3.07283 73.3698
5174432 5.68358 23.4862 10.2 34 14.1757 3.07283 73.3698
5174439 6.38557 23.7732 10.0786 34 13.9111 2.81256 74.2374
5174455 7.28209 23.8784 10.0599 33.3246 13.3681 2.45972 74.5451
5174458 7.28209 23.8784 10.0599 33.3246 13.3681 2.45972 74.5451
5174469 8.17015 24.0411 10.6951 30.517 12.1531 1.83883 73.4233
5174482 9.39652 24.2133 13.4786 27.8445 9.73628 1.54404 74.9329
5174489 9.39652 24.2133 13.4786 27.8445 9.73628 1.54404 74.9329
5174509 10.7075 24.395 16.6357 24.979 7.17925 1.27329 76.7172
5174521 11.8154 23.9454 18.8698 21.7758 4.91974 0.958972 76.4065
5174539 12.7204 22.9696 21.0125 19.084 2.74479 0.872149 75.7865
5174540 12.7204 22.9696 21.0125 19.084 2.74479 0.872149 75.7865
5174550 13.5408 21.3241 23.3573 17.2026 0.539821 1.13258 75.4249
5174568 14.2766 19.3343 25.8335 15.7341 -1.67659 1.58758 75.1786
5174570 14.2766 19.3343 25.8335 15.7341 -1.67659 1.58758 75.1786
5174585 14.8264 17.1722 27.9661 14.5842 -3.70097 2.12311 74.5488
5174599 14.8264 17.1722 27.9661 14.5842 -3.70097 2.12311 74.5488
5174604 15.0632 14.9711 30.0987 13.8799 -5.50949 2.82607 74.0128
5174614 15.1647 12.6831 32.3121 13.354 -7.29106 3.63571 73.5138
5174630 15.1647 12.6831 32.3121 13.354 -7.29106 3.63571 73.5138
5174632 15.3085 10.5505 34 13.2024 -8.74453 4.38195 73.0614
5174660 15.393 8.64246 34 13.2113 -9.66333 4.87934 71.2468
5174661 15.393 8.64246 34 13.2113 -9.66333 4.87934 71.2468
5174666 15.4015 7.14017 34 13.2381 -10.3982 5.30879 69.7797
5174672 15.4015 7.14017 34 13.2381 -10.3982 5.30879 69.7797
5174688 15.4692 6.02641 34 13.1668 -11.0235 5.60814 68.6623
5174693 15.6637 5.42204 34 13.0954 -11.4204 5.72219 68.1812
5174717 15.6637 5.42204 34 13.0954 -11.4204 5.72219 68.1812
5174720 15.6806 5.02489 34 12.9617 -11.7095 5.8203 67.6672
5174729 15.8075 4.80904 34 12.9082 -11.8809 5.84047 67.5247
5174747 15.8075 4.80904 34 12.9082 -11.8809 5.84047 67.5247
5174750 15.8582 4.93855 34 12.8369 -11.859 5.77526 67.6337
5174756 15.8328 4.94718 34 12.7478 -11.898 5.76824 67.5278
5174779 15.8328 4.94718 34 12.7478 -11.898 5.76824 67.5278
5174781 15.8159 4.94718 34 12.5606 -11.9973 5.74778 67.3237
5174784 15.8159 4.94718 34 12.5606 -11.9973 5.74778 67.3237
5174810 15.6891 4.86948 34 12.4625 -12.0697 5.79757 67.021
5174812 15.6552 4.86948 34 12.2842 -12.1621 5.78355 66.8089
5174815 15.6552 4.86948 34 12.2842 -12.1621 5.78355 66.8089
5174825 15.6975 4.90401 34 12.311 -12.1362 5.76337 66.9125
5174842 15.8413 4.90401 34 12.3734 -12.1292 5.72748 67.1187
5174845 15.8413 4.92128 34 12.3734 -12.1197 5.72215 67.1359
5174855 15.9851 4.96445 34 12.3377 -12.1431 5.65966 67.2872
5174881 16.3149 5.05079 34 12.2664 -12.1975 5.52267 67.6321
5174885 16.8308 5.22346 34 12.2575 -12.205 5.31457 68.3118
5174903 16.8308 5.22346 34 12.2575 -12.205 5.31457 68.3118
5174906 17.356 5.35297 34 12.2129 -12.2567 5.11535 68.9218
5174916 17.9044 5.69832 34 12.5427 -11.9977 4.90553 70.1454
5174931 17.9044 5.69832 34 12.5427 -11.9977 4.90553 70.1454
5174937 18.4431 6.20772 34 12.7656 -11.7164 4.64489 71.4164
5174947 18.4431 6.20772 34 12.7656 -11.7164 4.64489 71.4164
5174962 18.8761 7.05383 34 12.8637 -11.3192 4.31366 72.7936
5174967 19.2224 8.1676 34 13.1489 -10.7011 3.97623 74.5389
5174977 19.2224 8.1676 34 13.1489 -10.7011 3.97623 74.5389
5174994 19.4437 9.52311 33.9495 13.5144 -9.92914 3.63017 76.4307
5175004 19.6553 10.7232 31.4328 13.7195 -8.81941 2.93398 75.5308
5175009 19.6553 10.7232 31.4328 13.7195 -8.81941 2.93398 75.5308
5175024 19.8478 11.9233 28.2188 13.978 -7.49152 2.11423 73.9678
5175028 19.8478 11.9233 28.2188 13.978 -7.49152 2.11423 73.9678
5175039 19.6361 13.0802 24.9138 14.914 -5.70537 1.47044 72.5441
5175057 19.2705 14.2113 21.7604 17.2412 -3.30367 1.14229 72.4834
5175067 19.2705 14.2113 21.7604 17.2412 -3.30367 1.14229 72.4834
5175069 18.5971 15.1869 18.8799 20.0585 -0.76717 1.06317 72.7223
5175087 17.8178 15.9208 16.1407 22.8854 1.66554 1.08998 72.7646
5175097 17.8178 15.9208 16.1407 22.8854 1.66554 1.08998 72.7646
5175100 16.7716 16.5079 14.1791 25.6061 3.81964 1.33561 73.0648
5175119 16.7716 16.5079 14.1791 25.6061 3.81964 1.33561 73.0648
5175121 15.596 17.0861 13.2824 28.6839 5.65703 1.86558 74.6484
5175130 14.2005 17.6601 12.8901 31.4336 7.22035 2.45387 76.1843
5175149 14.2005 17.6601 12.8901 31.4336 7.22035 2.45387 76.1843
5175151 12.5259 17.9184 12.6659 33.9325 8.65075 3.14516 77.0427
5175160 10.5468 17.8514 12.3484 34 9.68483 3.6022 74.7466
5175180 10.5468 17.8514 12.3484 34 9.68483 3.6022 74.7466
5175181 8.48308 17.641 12.0681 34 10.7663 4.14395 72.1922
5175195 8.48308 17.641 12.0681 34 10.7663 4.14395 72.1922
5175213 6.7408 17.4018 11.9093 34 11.6883 4.66084 70.0519
5175214 5.30299 17.2487 11.9374 34 12.4138 5.12176 68.4891
5175221 5.30299 17.2487 11.9374 34 12.4138 5.12176 68.4891
5175245 4.30498 17.2105 11.928 34 12.9655 5.42957 67.4435
5175247 3.7806 17.2774 12.0214 34 13.2214 5.5822 67.0795
5175278 3.71294 17.3922 12.0027 34 13.2907 5.56512 67.1079
5175280 3.71294 17.3922 12.0027 34 13.2907 5.56512 67.1079
5175289 3.66219 17.4975 11.956 34 13.3647 5.54186 67.1157
5175312 3.6791 17.5836 11.7319 34 13.4983 5.47863 66.9945
5175313 3.6791 17.5836 11.7319 34 13.4983 5.47863 66.9945
5175315 3.6791 17.6984 11.5637 34 13.6148 5.41959 66.9412
5175322 3.71294 17.7366 11.3676 34 13.7151 5.36943 66.8172
5175345 3.71294 17.7366 11.3676 34 13.7151 5.36943 66.8172
5175346 3.67065 17.7462 11.2462 34 13.8118 5.36189 66.663
5175354 3.67065 17.7462 11.2462 34 13.8118 5.36189 66.663
5175378 3.73831 17.794 11.106 34 13.862 5.30634 66.6384
5175380 3.72985 17.9662 11.0313 34 13.9392 5.24565 66.7274
5175389 3.72985 17.9662 11.0313 34 13.9392 5.24565 66.7274
5175395 3.78905 18.1863 10.7885 34 14.0828 5.12549 66.7638
5175411 3.899 18.7316 10.6203 34 14.2051 4.90471 67.2509
5175415 3.899 18.7316 10.6203 34 14.2051 4.90471 67.2509
5175443 4.08507 19.4012 10.5082 34 14.2688 4.63756 67.9946
5175445 4.19502 20.0518 10.4242 34 14.3556 4.4074 68.671
5175451 4.19502 20.0518 10.4242 34 14.3556 4.4074 68.671
5175477 4.28806 20.6832 10.3214 34 14.4581 4.1888 69.2927
5175479 4.28806 20.6832 10.3214 34 14.4581 4.1888 69.2927
5175480 4.61791 21.5633 10.3681 34 14.379 3.86685 70.5493
5175489 5.4806 22.5678 10.4148 34 14.0321 3.38788 72.4632
5175511 5.4806 22.5678 10.4148 34 14.0321 3.38788 72.4632
5175513 6.70696 23.7445 10.4522 34 13.5458 2.80375 74.9037
5175517 8.34776 24.7586 10.5736 32.1765 12.5282 1.90698 75.8565
5175527 8.34776 24.7586 10.5736 32.1765 12.5282 1.90698 75.8565
5175544 9.72637 25.6579 10.7511 29.34 11.4343 0.93544 75.4753
5175547 9.72637 25.6579 10.7511 29.34 11.4343 0.93544 75.4753
5175577 10.8597 26.1266 11.2181 26.0692 10.1375 0.0607985 74.2737
5175579 11.9507 26.1649 13.7495 23.5897 7.9698 -0.154366 75.4548
5175580 11.9507 26.1649 13.7495 23.5897 7.9698 -0.154366 75.4548
5175589 13.0418 25.8205 19.3044 22.6924 4.99842 0.581478 80.8591
5175608 13.3463 24.6246 22.6195 21.139 2.99706 1.06222 81.7295
5175610 13.3463 24.6246 22.6195 21.139 2.99706 1.06222 81.7295
5175624 13.4308 23.0079 23.6605 18.9393 1.53589 1.16925 79.0385
5175642 13.4308 23.0079 23.6605 18.9393 1.53589 1.16925 79.0385
5175644 13.1687 20.9128 24.5702 16.8217 -0.00143498 1.45292 75.4733
5175650 12.9826 18.4254 26.1367 15.5469 -1.76045 2.10879 73.0917
5175673 12.9826 18.4254 26.1367 15.5469 -1.76045 2.10879 73.0917
5175675 12.9065 16.0589 27.8954 14.6644 -3.52272 2.85097 71.5251
5175685 12.7711 13.6069 30.3514 14.388 -5.31781 3.87275 71.1175
5175691 12.7711 13.6069 30.3514 14.388 -5.31781 3.87275 71.1175
5175707 12.602 11.2412 32.7771 14.29 -6.99751 4.91265 70.9103
5175712 12.3313 11.3017 34 14.6822 -7.03429 5.19584 72.3152
