4959717 15.41 17.1531 26.2883 14.7268 -3.33606 1.72309 73.5782
4959729 15.41 14.997 28.4512 14.1028 -5.058 2.49732 72.9609
4959755 15.41 12.9076 30.786 13.6749 -6.7374 3.32722 72.7784
4959765 15.4607 10.9304 32.8276 13.3094 -8.28937 4.08377 72.5281
4959773 15.4607 10.9304 32.8276 13.3094 -8.28937 4.08377 72.5281
4959780 15.6383 9.23819 34 13.14 -9.46315 4.63717 72.0165
4959788 15.9005 7.77908 34 12.9171 -10.3419 4.93739 70.5967
4959799 15.9005 7.77908 34 12.9171 -10.3419 4.93739 70.5967
4959808 16.1119 6.61351 34 12.7567 -11.061 5.18793 69.4821
4959818 16.1119 6.61351 34 12.7567 -11.061 5.18793 69.4821
4959828 16.2726 5.60335 34 12.6408 -11.6864 5.42162 68.5168
4959843 16.3403 4.75724 34 12.721 -12.114 5.66736 67.8186
4959850 16.3403 4.75724 34 12.721 -12.114 5.66736 67.8186
4959861 16.4164 4.47232 34 12.9617 -12.1526 5.76407 67.8505
4959870 16.3826 4.50686 34 13.1222 -12.0397 5.78564 68.0116
4959883 16.3826 4.50686 34 13.1222 -12.0397 5.78564 68.0116
4959890 16.2642 4.55003 34 13.033 -12.0422 5.79659 67.8472
4959903 16.002 4.36872 34 12.9617 -12.1307 5.92382 67.3324
4959911 16.002 4.36872 34 12.9617 -12.1307 5.92382 67.3324
4959921 15.9682 4.43779 34 12.8726 -12.1353 5.90084 67.2785
4959931 15.9682 4.43779 34 12.8726 -12.1353 5.90084 67.2785
4959941 15.8582 4.39462 34 12.8013 -12.1776 5.93889 67.0541
4959956 15.892 4.39462 34 12.7923 -12.189 5.92712 67.079
4959962 15.892 4.39462 34 12.7923 -12.189 5.92712 67.079
4959972 15.8498 4.33418 34 12.6408 -12.2989 5.93872 66.8247
4959982 15.9682 4.40325 34 12.5427 -12.3375 5.86677 66.9141
4959993 15.9682 4.40325 34 12.5427 -12.3375 5.86677 66.9141
4960002 16.1881 4.43779 34 12.4714 -12.3995 5.77793 67.0973
4960017 16.1881 4.43779 34 12.4714 -12.3995 5.77793 67.0973
4960023 16.4164 4.52412 34 12.2842 -12.4984 5.65499 67.2248
4960032 16.704 4.55003 34 12.1683 -12.6018 5.54289 67.4223
4960047 16.704 4.55003 34 12.1683 -12.6018 5.54289 67.4223
4960053 17.1443 5.01625 34 12.4803 -12.255 5.31456 68.6409
4960063 17.5484 5.71559 34 12.8904 -11.7392 5.05167 70.1544
4960074 17.5484 5.71559 34 12.8904 -11.7392 5.05167 70.1544
4960092 17.9044 6.91569 34 13.4609 -10.9046 4.69851 72.281
4960093 17.9044 6.91569 34 13.4609 -10.9046 4.69851 72.281
4960105 17.9236 8.21077 34 14.1741 -9.93788 4.44897 74.3085
4960113 17.7793 9.26409 33.3633 15.3062 -8.77401 4.2845 75.7129
4960131 17.7793 9.26409 33.3633 15.3062 -8.77401 4.2845 75.7129
4960136 17.3271 10.0843 30.8769 16.8217 -7.08894 4.0515 75.1101
4960147 16.8308 10.9477 28.0571 19.0551 -4.96897 3.87236 74.8907
4960155 16.8308 10.9477 28.0571 19.0551 -4.96897 3.87236 74.8907
4960168 16.3149 11.837 25.2372 21.2162 -2.84796 3.67967 74.6053
4960191 15.6468 12.7867 22.2051 22.8371 -0.758098 3.39066 73.4757
4960196 14.9871 13.5637 19.4055 24.5255 1.27506 3.18291 72.4818
4960206 14.9871 13.5637 19.4055 24.5255 1.27506 3.18291 72.4818
4960216 14.2512 14.4099 17 26.3201 3.29207 3.05476 71.9812
4960226 13.3547 15.2214 15.2346 28.433 5.21329 3.13345 72.2438
4960245 13.3547 15.2214 15.2346 28.433 5.21329 3.13345 72.2438
4960255 12.5343 16.0589 13.9082 30.7389 6.9481 3.28793 73.2404
4960265 12.5343 16.0589 13.9082 30.7389 6.9481 3.28793 73.2404
4960271 11.5025 16.8014 12.9462 33.1317 8.56543 3.58433 74.3817
4960277 10.293 17.6123 11.9467 34 9.94304 3.66437 73.852
4960287 10.293 17.6123 11.9467 34 9.94304 3.66437 73.852
4960302 8.94826 18.2915 11.1527 34 11.1167 3.71164 72.3925
4960310 7.42587 18.722 10.3027 34 12.4177 3.86545 70.4506
4960318 7.42587 18.722 10.3027 34 12.4177 3.86545 70.4506
4960328 5.95423 19.1429 9.45275 34 13.7622 4.01654 68.5499
4960339 5.95423 19.1429 9.45275 34 13.7622 4.01654 68.5499
4960348 4.62637 19.4969 8.92033 34 14.8971 4.20556 67.0436
4960363 3.70448 19.8891 8.61209 34 15.6983 4.30895 66.2057
4960381 2.99403 20.3388 8.36923 34 16.3524 4.34608 65.702
4960393 2.53731 20.7214 8.18242 34 16.8096 4.33756 65.4412
4960402 2.53731 20.7214 8.18242 34 16.8096 4.33756 65.4412
4960408 2.39353 21.1424 7.98626 34 17.0792 4.22384 65.5222
4960423 2.39353 21.1424 7.98626 34 17.0792 4.22384 65.5222
4960430 2.43582 21.7738 7.89286 34 17.1874 4.01269 66.1025
4960460 2.47811 22.2138 7.75275 34 17.3012 3.8515 66.4447
4960467 2.47811 22.2138 7.75275 34 17.3012 3.8515 66.4447
4960488 2.52886 22.8931 7.50055 34 17.5067 3.60386 66.9225
4960498 2.60498 23.1609 7.22967 34 17.6602 3.46226 66.9956
4960501 2.60498 23.1609 7.22967 34 17.6602 3.46226 66.9956
4960510 2.5204 23.3236 7.01484 34 17.8691 3.40363 66.8588
4960522 2.5204 23.6584 6.8 34 18.0423 3.27444 66.9788
4960531 2.5204 23.6584 6.8 34 18.0423 3.27444 66.9788
4960541 2.5796 24.0506 6.64121 34 18.1466 3.12413 67.2715
4960551 2.62189 24.5098 6.51978 34 18.2436 2.96846 67.6515
4960562 2.62189 24.5098 6.51978 34 18.2436 2.96846 67.6515
4960571 2.73184 25.2369 6.40769 34 18.3168 2.72878 68.3764
4960585 2.73184 25.2369 6.40769 34 18.3168 2.72878 68.3764
4960596 2.72338 25.7822 6.26758 34 18.4633 2.56539 68.7732
4960602 2.85871 26.3275 6.33297 34 18.3891 2.40511 69.5192
4960611 2.85871 26.3275 6.33297 34 18.3891 2.40511 69.5192
4960632 3.29851 26.9111 6.59451 34 18.0138 2.20007 70.8041
4960634 3.97512 26.9111 6.85604 34 17.4513 2.08451 71.7423
4960646 3.97512 27.3129 6.85604 34 17.4934 1.98936 72.1441
4960655 4.70249 27.5138 7.32308 34 16.8237 1.85754 73.5394
4960662 4.70249 27.5138 7.32308 34 16.8237 1.85754 73.5394
4960672 5.69204 27.4468 7.95824 34 15.9116 1.7616 75.0971
4960687 6.78308 26.9015 8.90165 32.3405 14.5333 1.51299 74.9268
4960693 6.78308 26.9015 8.90165 32.3405 14.5333 1.51299 74.9268
4960704 7.98408 26.1458 10.1626 30.0732 12.799 1.23162 74.3657
4960713 9.09204 25.4761 12.3297 27.748 10.6511 1.10714 74.6458
4960725 9.09204 25.4761 12.3297 27.748 10.6511 1.10714 74.6458
4960733 10.3438 24.4811 15.5242 25.5579 7.96075 1.23647 75.907
4960750 10.3438 24.4811 15.5242 25.5579 7.96075 1.23647 75.907
4960754 11.3925 23.1609 18.9911 23.3485 5.24293 1.51888 76.893
4960765 12.2468 21.4294 21.7402 20.8689 2.72376 1.75649 76.2852
4960775 12.2468 21.4294 21.7402 20.8689 2.72376 1.75649 76.2852
4960785 12.7796 19.3725 23.7818 18.4762 0.4325 2.03719 74.4101
4960796 13.3716 17.1052 26.1064 16.6523 -1.95277 2.51555 73.2356
4960813 13.3716 17.1052 26.1064 16.6523 -1.95277 2.51555 73.2356
4960822 13.9806 14.9797 28.4917 15.333 -4.17655 3.06335 72.7849
4960831 13.9806 14.9797 28.4917 15.333 -4.17655 3.06335 72.7849
4960845 14.3781 12.9248 31.1498 14.4504 -6.22491 3.76472 72.9032
4960848 14.8179 10.8614 33.7776 13.8799 -8.13176 4.49535 73.3368
4960859 14.8179 10.8614 33.7776 13.8799 -8.13176 4.49535 73.3368
4960867 15.0632 8.90147 34 13.559 -9.29857 4.94823 71.5237
4960877 15.1224 7.17471 34 13.5055 -10.1866 5.41708 69.8026
4960896 15.1224 7.17471 34 13.5055 -10.1866 5.41708 69.8026
4960899 15.0547 5.93144 34 13.4877 -10.82 5.80547 68.4738
4960912 15.0547 5.93144 34 13.4877 -10.82 5.80547 68.4738
4960917 14.7841 4.82631 34 13.5412 -11.3239 6.23905 67.1516
4960935 14.3866 3.94566 34 13.6927 -11.6426 6.67032 66.0249
4960943 14.3866 3.94566 34 13.6927 -11.6426 6.67032 66.0249
4960951 13.9721 3.60894 34 14.0225 -11.5621 6.96032 65.6036
4960958 13.507 3.58304 34 14.2008 -11.381 7.14744 65.2908
4960972 13.507 3.58304 34 14.2008 -11.381 7.14744 65.2908
4960981 12.9065 3.38446 34 14.3702 -11.271 7.44171 64.6611
4960987 12.9065 3.38446 34 14.3702 -11.271 7.44171 64.6611
4961006 12.2891 3.14271 34 14.4059 -11.2553 7.74796 63.8376
4961009 11.7055 2.97004 34 14.5128 -11.1661 8.0325 63.1884
4961018 11.7055 2.97004 34 14.5128 -11.1661 8.0325 63.1884
4961029 11.198 2.78873 34 14.5842 -11.1174 8.29397 62.5709
4961040 10.9866 2.70239 34 14.5842 -11.1204 8.40536 62.2731
4961051 10.9866 2.70239 34 14.5842 -11.1204 8.40536 62.2731
4961060 10.9104 2.70239 34 14.5396 -11.1293 8.4293 62.1524
4961075 11.0035 2.70239 34 14.5663 -11.1345 8.39712 62.2722
4961098 11.2572 2.78009 34 14.495 -11.1871 8.26558 62.5323
4961102 11.2572 2.78009 34 14.495 -11.1871 8.26558 62.5323
4961115 11.5617 2.91823 34 14.5218 -11.1591 8.10498 63.0017
4961123 11.9423 3.11681 34 14.7357 -11.0079 7.91834 63.7948
4961131 11.9423 3.11681 34 14.7357 -11.0079 7.91834 63.7948
4961145 12.399 3.82478 34 14.9853 -10.5771 7.53611 65.2091
4961151 12.399 3.82478 34 14.9853 -10.5771 7.53611 65.2091
4961161 12.7458 4.68817 34 15.3152 -10.016 7.16442 66.7491
4961171 13.0249 5.86237 34 16.1353 -9.06487 6.79084 69.0225
4961198 13.1095 6.94159 34 17.8973 -7.7384 6.6394 71.9483
4961207 12.8642 7.95175 34 20.9557 -5.92461 6.75842 75.7717
4961216 12.8642 7.95175 34 20.9557 -5.92461 6.75842 75.7717
4961226 12.4413 9.09142 31.7057 24.3133 -3.46295 6.67031 77.5517
4961234 12.4413 9.09142 31.7057 24.3133 -3.46295 6.67031 77.5517
4961243 11.8323 10.0239 27.8549 26.214 -1.13581 6.36404 75.9251
4961253 11.0796 10.8354 23.9132 27.6708 1.19508 6.05497 73.4991
4961268 11.0796 10.8354 23.9132 27.6708 1.19508 6.05497 73.4991
4961277 10.3184 11.6211 20.4667 29.4847 3.58901 5.84466 71.8909
4961283 9.61642 12.3636 17.7176 31.6748 5.85114 5.76112 71.3725
4961294 9.61642 12.3636 17.7176 31.6748 5.85114 5.76112 71.3725
4961303 8.97363 13.227 15.7297 33.807 7.78212 5.71586 71.7374
4961318 8.34776 14.2199 14.3379 34 9.0029 5.45167 70.9056
4961325 8.34776 14.2199 14.3379 34 9.0029 5.45167 70.9056
4961333 7.70498 15.1265 13.4692 34 9.94025 5.25695 70.3007
4961350 7.70498 15.1265 13.4692 34 9.94025 5.25695 70.3007
4961355 6.97761 15.7999 12.778 34 10.7987 5.17583 69.5555
4961366 6.36866 16.4647 12.2176 34 11.5416 5.07978 69.0509
4961375 6.36866 16.4647 12.2176 34 11.5416 5.07978 69.0509
4961392 5.57363 16.8446 11.6571 34 12.3443 5.12056 68.0754
4961399 4.80398 17.2679 11.078 34 13.1742 5.13914 67.1499
4961406 4.80398 17.2679 11.078 34 13.1742 5.13914 67.1499
4961416 4.04279 17.6888 10.6297 34 13.945 5.17578 66.3613
4961426 4.04279 17.6888 10.6297 34 13.945 5.17578 66.3613
4961436 3.52687 18.0523 10.2654 34 14.5267 5.16812 65.8446
4961452 3.05323 18.5211 9.91978 34 15.096 5.11774 65.4941
4961463 3.05323 18.5211 9.91978 34 15.096 5.11774 65.4941
4961471 2.89254 18.8942 9.71429 34 15.3766 5.0215 65.501
4961477 2.87562 19.3343 9.53681 34 15.5604 4.8657 65.7467
4961488 2.87562 19.3343 9.53681 34 15.5604 4.8657 65.7467
4961497 2.90945 19.7552 9.55549 34 15.5883 4.73213 66.2202
4961512 2.90945 19.7552 9.55549 34 15.5883 4.73213 66.2202
4961521 3.01095 20.0039 9.58352 34 15.5445 4.63268 66.5984
4961536 2.98557 20.1092 9.50879 34 15.6203 4.59751 66.6035
4961540 2.98557 20.1092 9.50879 34 15.6203 4.59751 66.6035
4961548 3.05323 20.2622 9.38736 34 15.6746 4.51373 66.7028
4961567 3.10398 20.4057 9.28462 34 15.7263 4.44085 66.7943
4961568 3.10398 20.4057 9.28462 34 15.7263 4.44085 66.7943
4961585 3.09552 20.5779 9.06044 34 15.8922 4.35768 66.7339
4961598 3.09552 20.5779 9.06044 34 15.8922 4.35768 66.7339
4961600 3.08706 20.6927 8.91099 34 16.0047 4.30296 66.6908
4961610 3.11244 20.8745 8.74286 34 16.1169 4.21609 66.7298
4961620 3.11244 20.8745 8.74286 34 16.1169 4.21609 66.7298
4961635 3.14627 20.9797 8.64011 34 16.1734 4.15947 66.7661
4961640 3.23085 21.1615 8.7522 34 16.0767 4.10156 67.1446
4961659 3.23085 21.1615 8.7522 34 16.0767 4.10156 67.1446
4961662 3.71294 21.3433 9.11648 34 15.5905 3.97379 68.1727
4961671 3.71294 21.3433 9.11648 34 15.5905 3.97379 68.1727
4961686 4.4403 21.4294 9.65824 34 14.8612 3.83772 69.5279
4961691 5.56517 21.5155 10.2934 34 13.8905 3.61744 71.3741
4961701 5.56517 21.5155 10.2934 34 13.8905 3.61744 71.3741
4961716 6.80846 21.4294 10.9753 34 12.8548 3.42919 73.2131
4961722 7.92488 20.9319 11.7879 34 11.7956 3.40234 74.6447
4961736 7.92488 20.9319 11.7879 34 11.7956 3.40234 74.6447
4961742 9.07512 20.3101 12.6753 31.6555 10.2472 3.04118 73.716
4961752 10.2254 19.6978 13.9456 29.118 8.44155 2.70058 72.9868
4961770 10.2254 19.6978 13.9456 29.118 8.44155 2.70058 72.9868
4961775 11.3418 19.0473 15.4027 26.6095 6.53036 2.40808 72.4013
4961785 11.3418 19.0473 15.4027 26.6095 6.53036 2.40808 72.4013
4961793 12.3905 18.4446 17.657 24.1975 4.33163 2.27392 72.6896
4961810 13.3209 17.6505 20.9215 21.9495 1.81387 2.41722 73.8424
4961818 13.3209 17.6505 20.9215 21.9495 1.81387 2.41722 73.8424
4961825 14.0736 16.6633 24.3175 19.8558 -0.62474 2.6905 74.9102
4961835 14.6149 15.5495 26.7331 17.6368 -2.73756 2.85883 74.5343
4961845 14.6149 15.5495 26.7331 17.6368 -2.73756 2.85883 74.5343
4961859 15.0124 14.1854 28.8252 15.8946 -4.65304 3.14986 73.9176
4961865 15.0124 14.1854 28.8252 15.8946 -4.65304 3.14986 73.9176
4961875 15.3677 12.709 30.887 14.7179 -6.38824 3.56838 73.6816
4961890 15.596 11.1376 33.0095 13.9423 -7.98175 4.11577 73.6855
4961896 15.596 11.1376 33.0095 13.9423 -7.98175 4.11577 73.6855
4961908 15.6214 9.57491 34 13.3718 -9.18954 4.58373 72.5681
4961916 15.6045 8.01219 34 13.0241 -10.1104 4.97038 70.6408
4961926 15.6045 8.01219 34 13.0241 -10.1104 4.97038 70.6408
4961945 15.5284 6.71712 34 12.9528 -10.7873 5.35577 69.1983
4961960 15.5284 6.71712 34 12.9528 -10.7873 5.35577 69.1983
4961962 15.2831 5.54292 34 12.9261 -11.3702 5.77844 67.7521
4961967 15.0378 4.65363 34 12.8904 -11.8252 6.12756 66.5818
4961985 15.0378 4.65363 34 12.8904 -11.8252 6.12756 66.5818
4961992 14.7841 3.96293 34 12.7923 -12.2174 6.41874 65.5394
4961998 14.5557 3.55714 34 12.8904 -12.3487 6.64064 65.0033
4962012 14.5557 3.55714 34 12.8904 -12.3487 6.64064 65.0033
4962022 14.3527 3.39309 34 13.0954 -12.2855 6.78957 64.8413
4962028 14.3527 3.39309 34 13.0954 -12.2855 6.78957 64.8413
4962038 14.0736 3.41899 34 13.1935 -12.1592 6.8873 64.6861
4962052 13.7776 3.35856 34 13.2113 -12.1247 7.0108 64.3475
4962062 13.7776 3.35856 34 13.2113 -12.1247 7.0108 64.3475
4962068 13.4562 3.20315 34 13.2559 -12.1243 7.18057 63.9153
4962078 13.1771 3.15135 34 13.2292 -12.1137 7.29276 63.5576
4962089 13.1771 3.15135 34 13.2292 -12.1137 7.29276 63.5576
4962098 12.9657 3.06501 34 13.2559 -12.1056 7.40091 63.2866
4962117 12.9657 3.06501 34 13.2559 -12.1056 7.40091 63.2866
4962126 12.7373 3.03911 34 13.2737 -12.0636 7.49339 63.0501
4962135 12.4328 2.92687 34 13.3094 -12.046 7.64724 62.6691
4962151 12.2214 2.91823 34 13.4164 -11.944 7.73948 62.556
4962161 12.1368 2.86643 34 13.4698 -11.9254 7.79534 62.4731
4962170 12.1368 2.86643 34 13.4698 -11.9254 7.79534 62.4731
4962190 12.1453 2.84916 34 13.5679 -11.8794 7.80984 62.5623
4962192 12.1453 2.84916 34 13.5679 -11.8794 7.80984 62.5623
4962208 12.1537 3.07364 34 13.7551 -11.6401 7.74685 62.9825
4962211 12.3652 3.36719 34 14.1384 -11.2961 7.61054 63.8708
4962237 12.4159 3.91976 34 14.8427 -10.6068 7.48109 65.1784
4962242 12.4582 4.85221 34 16.6612 -9.17469 7.35987 67.9717
4962255 12.4582 4.85221 34 16.6612 -9.17469 7.35987 67.9717
4962263 12.2383 6.04368 34 19.2577 -7.31656 7.33349 71.5396
4962279 11.8239 6.90706 34 21.5539 -5.84335 7.43549 74.2849
4962291 11.8239 6.90706 34 21.5539 -5.84335 7.43549 74.2849
4962302 11.198 7.66684 34 23.223 -4.70119 7.56195 76.0879
4962318 10.4622 8.38344 30.5333 24.7185 -2.66323 7.36993 74.0974
4962329 9.87861 9.18639 26.5815 26.8507 -0.145842 7.11073 72.4972
4962337 9.87861 9.18639 26.5815 26.8507 -0.145842 7.11073 72.4972
4962345 9.27811 10.2224 22.67 29.4171 2.68602 6.82797 71.5877
4962355 8.84677 11.2671 19.2842 32.1572 5.34321 6.56712 71.5553
4962365 8.84677 11.2671 19.2842 32.1572 5.34321 6.56712 71.5553
4962379 8.32239 12.1823 16.7665 34 7.39901 6.36901 71.2712
4962385 8.32239 12.1823 16.7665 34 7.39901 6.36901 71.2712
4962395 7.84876 13.0371 15.1692 34 8.5715 6.05596 70.0551
4962410 7.30746 13.6846 14.1044 34 9.50583 5.88576 69.0965
4962416 7.30746 13.6846 14.1044 34 9.50583 5.88576 69.0965
4962431 6.69005 14.2026 13.4319 34 10.2748 5.82642 68.3246
4962436 6.08955 14.6171 12.8901 34 10.9611 5.81023 67.5967
4962446 6.08955 14.6171 12.8901 34 10.9611 5.81023 67.5967
4962456 5.54826 14.9711 12.4885 34 11.5413 5.81332 67.0078
4962482 5.06617 15.2387 12.1802 34 12.0299 5.83785 66.4851
4962487 4.601 15.5063 11.9187 34 12.49 5.8639 66.026
4962504 4.601 15.5063 11.9187 34 12.49 5.8639 66.026
4962508 3.99204 15.7999 11.461 34 13.1591 5.90067 65.2529
4962529 3.37463 16.1453 11.1247 34 13.7853 5.9413 64.6446
4962532 3.37463 16.1453 11.1247 34 13.7853 5.9413 64.6446
4962538 2.96866 16.551 10.6951 34 14.3609 5.88074 64.2148
4962555 2.64726 16.9568 10.2467 34 14.9031 5.78911 63.8508
4962559 2.64726 16.9568 10.2467 34 14.9031 5.78911 63.8508
4962582 2.57114 17.4305 9.91978 34 15.2295 5.6127 63.9214
4962582 2.57114 17.4305 9.91978 34 15.2295 5.6127 63.9214
4962590 2.66418 18.0715 9.6956 34 15.4085 5.34522 64.4313
4962607 2.7995 18.5689 9.45275 34 15.5492 5.11044 64.8212
4962611 2.7995 18.5689 9.45275 34 15.5492 5.11044 64.8212
4962621 2.95174 19.1238 9.23791 34 15.6683 4.86018 65.3135
4962633 3.05323 19.7935 9.06044 34 15.81 4.6005 65.9072
4962641 3.05323 19.7935 9.06044 34 15.81 4.6005 65.9072
4962658 3.19701 20.3388 8.85495 34 15.9235 4.36488 66.3907
4962661 3.19701 20.3388 8.85495 34 15.9235 4.36488 66.3907
4962672 3.31542 20.9128 8.64945 34 16.0547 4.13171 66.8776
4962683 3.36617 21.5059 8.47198 34 16.2107 3.92015 67.3441
4962708 3.36617 21.5059 8.47198 34 16.2107 3.92015 67.3441
4962710 3.4592 21.9555 8.33187 34 16.2977 3.74568 67.7466
4962714 3.53532 22.386 8.17308 34 16.4028 3.57996 68.0944
4962733 3.53532 22.386 8.17308 34 16.4028 3.57996 68.0944
4962734 3.76368 22.8644 8.27582 34 16.2635 3.40643 68.9039
4962744 4.2204 22.8644 8.42527 34 15.9037 3.31042 69.5101
4962759 4.2204 23.381 8.42527 34 15.9708 3.17534 70.0267
4962764 4.78706 23.9167 8.53736 34 15.6484 2.91269 71.2411
4962774 4.78706 23.9167 8.53736 34 15.6484 2.91269 71.2411
4962789 5.40448 24.3089 8.56538 34 15.3361 2.66716 72.2788
4962799 6.36866 24.8064 8.87363 34 14.7079 2.36977 74.0487
4962811 6.36866 24.8064 8.87363 34 14.7079 2.36977 74.0487
4962817 7.4597 25.0647 9.53681 32.1476 13.5482 1.85152 74.2088
4962826 8.71144 24.9212 10.5082 29.6101 11.9699 1.31911 73.751
4962838 8.71144 24.9212 10.5082 29.6101 11.9699 1.31911 73.751
4962845 10.107 24.462 11.8813 27.0726 10.0466 0.894615 73.5229
4962855 10.107 24.462 11.8813 27.0726 10.0466 0.894615 73.5229
4962870 11.5532 23.9263 13.9269 24.7667 7.82388 0.649996 74.1732
4962876 12.9403 23.2183 16.5516 22.8661 5.48864 0.646842 75.5764
4962892 12.9403 23.2183 16.5516 22.8661 5.48864 0.646842 75.5764
4962900 14.1159 22.0799 19.7188 21.168 3.05296 0.912842 77.0826
4962906 14.6826 20.4057 22.5993 19.3734 0.810173 1.34005 77.0611
4962918 14.6826 20.4057 22.5993 19.3734 0.810173 1.34005 77.0611
4962926 15.1224 18.3106 24.7015 17.4921 -1.32931 1.7376 75.6266
4962952 15.4945 16.2057 26.5107 15.8946 -3.3415 2.16686 74.1055
4962956 15.799 14.2026 28.239 14.495 -5.27264 2.62575 72.7357
4962973 15.799 14.2026 28.239 14.495 -5.27264 2.62575 72.7357
4962977 16.1204 12.2169 30.0886 13.3985 -7.16803 3.16394 71.8244
4962987 16.3149 10.3261 32.201 12.6408 -8.93538 3.81927 71.4827
4963001 16.3149 10.3261 32.201 12.6408 -8.93538 3.81927 71.4827
4963007 16.6109 8.74606 34 12.2486 -10.3401 4.37638 71.6056
4963027 16.6109 8.74606 34 12.2486 -10.3401 4.37638 71.6056
4963034 16.7124 7.36465 34 12.0346 -11.1655 4.69769 70.1117
4963043 16.7632 6.21635 34 12.0346 -11.7774 5.01095 69.0141
4963056 16.7632 6.21635 34 12.0346 -11.7774 5.01095 69.0141
4963062 16.7547 5.258 34 12.204 -12.2011 5.31936 68.2167
4963071 16.6194 4.51549 34 12.4625 -12.4418 5.62025 67.5974
4963085 16.6194 4.51549 34 12.4625 -12.4418 5.62025 67.5974
4963090 16.3065 4.1356 34 12.8013 -12.4063 5.87995 67.2433
4963100 16.3065 4.1356 34 12.8013 -12.4063 5.87995 67.2433
4963112 16.095 4.032 34 13.0865 -12.2656 6.01653 67.2135
4963122 15.7144 3.99746 34 13.1044 -12.2024 6.1495 66.8162
4963140 15.7144 3.99746 34 13.1044 -12.2024 6.1495 66.8162
4963142 15.3846 3.81615 34 12.9706 -12.3157 6.295 66.1714
4963151 15.1224 3.77298 34 12.7389 -12.4213 6.36333 65.6342
4963166 15.1224 3.77298 34 12.7389 -12.4213 6.36333 65.6342
4963176 14.8264 3.69528 34 12.5249 -12.5319 6.45767 65.0466
4963182 14.7249 3.70391 34 12.3466 -12.6106 6.46491 64.7754
4963194 14.7249 3.70391 34 12.3466 -12.6106 6.46491 64.7754
4963202 14.8602 3.63484 34 12.1148 -12.8117 6.41229 64.6099
4963220 14.8602 3.63484 34 12.1148 -12.8117 6.41229 64.6099
4963225 14.8348 3.72118 34 11.8741 -12.8975 6.35994 64.4302
4963234 15.004 3.70391 34 11.7226 -13.0286 6.28927 64.4305
4963247 15.004 3.70391 34 11.7226 -13.0286 6.28927 64.4305
4963253 15.2239 3.70391 34 11.58 -13.1535 6.19744 64.5078
4963263 15.3846 3.87659 34 11.9544 -12.8626 6.13962 65.2155
4963289 15.7652 4.88674 34 12.6675 -11.962 5.79675 67.3195
4963304 15.7652 4.88674 34 12.6675 -11.962 5.79675 67.3195
4963306 16.1373 6.31133 34 13.3272 -10.9274 5.34825 69.7759
4963315 16.3995 8.2194 34 14.076 -9.66507 4.84019 72.6949
4963331 16.3995 8.2194 34 14.076 -9.66507 4.84019 72.6949
4963337 16.2134 9.73032 34 14.7803 -8.59925 4.58417 74.724
4963346 15.7821 11.0427 32.7265 15.7787 -7.19741 4.3171 75.33
4963358 15.7821 11.0427 32.7265 15.7787 -7.19741 4.3171 75.33
4963366 15.2662 12.6831 29.7247 17.3473 -4.98541 3.82347 75.0213
4963385 15.2662 12.6831 29.7247 17.3473 -4.98541 3.82347 75.0213
4963388 14.6995 14.0645 26.915 19.5085 -2.67381 3.52309 75.1875
4963396 14.2343 15.1955 23.9536 21.3224 -0.558878 3.1817 74.7058
4963412 14.2343 15.1955 23.9536 21.3224 -0.558878 3.1817 74.7058
4963417 13.71 16.1366 20.679 22.6249 1.49438 2.7595 73.1504
4963439 12.9318 16.8878 17.5559 24.101 3.6729 2.48417 71.4765
4963443 12.9318 16.8878 17.5559 24.101 3.6729 2.48417 71.4765
4963452 12.1368 17.8897 15.2813 25.9535 5.76225 2.35926 71.2613
4963466 11.2318 17.8897 13.656 25.8473 6.86673 2.26925 68.6249
4963471 11.2318 18.7794 13.656 28.3173 7.71303 2.49263 71.9845
4963481 10.3945 19.6787 12.6566 30.874 9.34108 2.74253 73.6038
4963495 10.3945 19.6787 12.6566 30.874 9.34108 2.74253 73.6038
4963500 9.61642 20.4153 11.9093 33.0352 10.6449 2.98351 74.9762
4963508 8.6607 20.8841 11.3582 34 11.6368 3.16679 74.903
4963524 8.6607 20.8841 11.3582 34 11.6368 3.16679 74.903
4963530 7.81493 21.2285 10.8725 34 12.359 3.21226 73.9159
4963539 7.01144 21.2572 10.5736 34 12.9293 3.3576 72.8422
4963552 7.01144 21.2572 10.5736 34 12.9293 3.3576 72.8422
4963560 6.15721 21.2954 10.3027 34 13.5305 3.5224 71.7554
4963586 5.31144 21.0658 10.0225 34 14.1094 3.75965 70.3998
4963591 4.55025 20.8362 9.73297 34 14.6677 3.98147 69.1195
4963607 4.55025 20.8362 9.73297 34 14.6677 3.98147 69.1195
4963611 3.80597 20.377 9.54615 34 15.143 4.28836 67.7292
4963636 3.24776 19.87 9.43407 34 15.4722 4.57905 66.5518
4963636 3.24776 19.87 9.43407 34 15.4722 4.57905 66.5518
4963642 2.95174 19.2482 9.52747 34 15.5068 4.86728 65.7274
4963661 2.95174 19.2482 9.52747 34 15.5068 4.86728 65.7274
4963663 2.77413 18.6359 9.73297 34 15.4003 5.14014 65.143
4963672 2.63881 18.148 9.6956 34 15.4358 5.32908 64.4824
4963690 2.63881 18.148 9.6956 34 15.4358 5.32908 64.4824
4963692 2.61343 17.7845 9.80769 34 15.3271 5.4691 64.2056
4963717 2.5796 17.4783 9.91978 34 15.2315 5.59457 63.9777
4963721 2.5796 17.4783 9.91978 34 15.2315 5.59457 63.9777
4963723 2.54577 17.3253 9.97582 34 15.194 5.66311 63.8469
4963748 2.5204 17.1722 10.1346 34 15.0865 5.7441 63.8272
4963757 2.53731 17.1244 10.1907 34 15.0333 5.76227 63.8523
4963773 2.53731 17.1244 10.1907 34 15.0333 5.76227 63.8523
4963775 2.53731 17.22 10.256 34 15.0073 5.74068 64.0134
4963785 2.57114 17.4114 10.144 34 15.0859 5.65167 64.1265
4963800 2.57114 17.4114 10.144 34 15.0859 5.65167 64.1265
4963812 2.5796 17.6984 10.0973 34 15.1539 5.55011 64.3752
4963815 2.5796 17.6984 10.0973 34 15.1539 5.55011 64.3752
4963829 2.76567 17.8801 10.3027 34 14.9394 5.46362 64.9486
4963835 3.11244 18.1384 10.5549 34 14.6154 5.31201 65.8058
4963845 3.11244 18.1384 10.5549 34 14.6154 5.31201 65.8058
4963858 3.66219 18.3393 10.8538 34 14.1437 5.12726 66.8554
4963866 4.42338 18.5881 11.2835 34 13.5007 4.89174 68.295
4963876 4.42338 18.5881 11.2835 34 13.5007 4.89174 68.295
4963890 5.50597 18.7698 11.844 34 12.6284 4.61385 70.1198
4963896 5.50597 18.7698 11.844 34 12.6284 4.61385 70.1198
4963906 6.60547 18.9229 12.4604 34 11.7577 4.36153 71.9888
4963921 7.62886 18.8177 12.9648 34 10.9738 4.19247 73.4114
4963927 7.62886 18.8177 12.9648 34 10.9738 4.19247 73.4114
4963949 8.57612 18.5881 13.7495 31.9932 9.68897 3.82237 72.9068
4963950 9.49801 18.2915 15.1412 29.3882 7.96489 3.4721 72.3189
4963957 9.49801 18.2915 15.1412 29.3882 7.96489 3.4721 72.3189
4963980 10.4284 18.0619 17.0707 27.2174 6.10764 3.25602 72.7784
4963982 11.2403 17.8323 19.4055 25.1527 4.18956 3.1547 73.6307
4964009 11.8662 17.3922 21.4168 22.895 2.38014 3.06919 73.5702
4964011 11.8662 17.3922 21.4168 22.895 2.38014 3.06919 73.5702
4964018 12.4836 16.836 23.2057 20.7821 0.657755 3.00139 73.3073
4964039 12.9488 16.1884 24.9542 18.891 -0.967196 3.02293 72.9824
4964041 12.9488 16.1884 24.9542 18.891 -0.967196 3.02293 72.9824
4964054 13.4139 15.325 26.7634 17.4245 -2.5463 3.17762 72.9269
4964071 13.8114 14.4358 28.7241 16.2423 -4.04896 3.42543 73.2136
4964072 13.8114 14.4358 28.7241 16.2423 -4.04896 3.42543 73.2136
4964079 14.1836 13.3565 30.786 15.5113 -5.45176 3.8105 73.8373
4964107 14.5388 12.0874 32.5446 14.9229 -6.77289 4.21926 74.0937
4964111 14.8095 10.9132 34 14.4326 -7.91033 4.59375 74.1552
4964128 14.8095 10.9132 34 14.4326 -7.91033 4.59375 74.1552
4964137 15.0801 9.65262 34 13.9601 -8.75854 4.79292 72.6929
4964146 15.1731 8.26257 34 13.7016 -9.56212 5.11671 71.1373
4964159 15.1731 8.26257 34 13.7016 -9.56212 5.11671 71.1373
4964163 15.3 7.01067 34 13.5857 -10.2665 5.42412 69.8964
4964173 15.3 7.01067 34 13.5857 -10.2665 5.42412 69.8964
4964192 15.1985 5.80193 34 13.4966 -10.9129 5.80233 68.497
4964196 15.207 4.87811 34 13.4164 -11.4488 6.07349 67.5014
4964202 15.207 4.87811 34 13.4164 -11.4488 6.07349 67.5014
4964221 15.1478 4.29964 34 13.4253 -11.7473 6.27563 66.8727
4964226 15.2239 4.22194 34 13.4609 -11.7854 6.28078 66.9068
4964232 15.2239 4.22194 34 13.4609 -11.7854 6.28078 66.9068
4964250 15.2746 4.35145 34 13.4253 -11.7439 6.21893 67.0514
4964256 15.2746 4.35145 34 13.4253 -11.7439 6.21893 67.0514
4964262 15.3592 4.31691 34 13.1311 -11.9415 6.16437 66.8072
4964277 15.393 4.34281 34 12.9706 -12.0227 6.12417 66.7065
4964281 15.393 4.34281 34 12.9706 -12.0227 6.12417 66.7065
4964303 15.3507 4.36872 34 12.7923 -12.0992 6.10558 66.5118
4964305 15.3507 4.36872 34 12.7923 -12.0992 6.10558 66.5118
4964312 15.2746 4.30828 34 12.6943 -12.1731 6.13591 66.2772
4964331 15.1478 4.28238 34 12.7032 -12.1581 6.18593 66.1333
4964333 15.1478 4.28238 34 12.7032 -12.1581 6.18593 66.1333
4964347 15.2154 4.645 34 13.042 -11.7815 6.0943 66.9024
4964362 15.2493 5.62062 34 13.7195 -10.9015 5.87182 68.5893
4964363 15.2493 5.62062 34 13.7195 -10.9015 5.87182 68.5893
4964396 15.2493 7.14881 34 14.7268 -9.62169 5.55264 71.1249
4964396 15.2493 7.14881 34 14.7268 -9.62169 5.55264 71.1249
4964398 15.1478 9.3418 34 16.1531 -7.92202 5.15728 74.6427
4964403 14.6572 11.5607 31.7461 17.2894 -5.83136 4.54816 75.2535
4964430 14.1159 13.5983 28.1379 18.563 -3.39064 3.82719 74.4151
4964433 13.4139 15.3164 24.7925 20.5988 -0.772814 3.37167 74.1216
4964458 13.4139 15.3164 24.7925 20.5988 -0.772814 3.37167 74.1216
4964460 12.6527 16.7237 21.7806 23.8309 2.04074 3.24753 74.9879
4964465 12.6527 16.7237 21.7806 23.8309 2.04074 3.24753 74.9879
4964475 11.6716 17.928 18.8597 27.1498 4.80976 3.25554 75.6091
4964489 10.5214 18.8081 15.9912 29.3785 7.25377 3.22097 74.6992
4964495 10.5214 18.8081 15.9912 29.3785 7.25377 3.22097 74.6992
4964506 9.41343 19.5065 13.5533 31.038 9.37876 3.19776 73.5112
4964520 8.47463 20.2144 11.8907 32.4177 11.0507 3.20957 72.9974
4964526 8.47463 20.2144 11.8907 32.4177 11.0507 3.20957 72.9974
4964553 7.68806 20.9128 10.7044 33.643 12.3935 3.23789 72.9482
4964555 7.02836 20.9128 10.0786 33.643 13.0643 3.30307 71.6627
4964557 7.02836 21.5442 10.0786 34 13.2267 3.20147 72.6511
4964571 6.41095 22.1373 9.75165 34 13.8225 3.15423 72.2999
4964589 6.41095 22.1373 9.75165 34 13.8225 3.15423 72.2999
4964590 6.00498 22.5965 9.53681 34 14.2278 3.10556 72.1383
4964597 5.43831 22.8357 9.33132 34 14.6868 3.15424 71.6053
4964621 5.43831 22.8357 9.33132 34 14.6868 3.15424 71.6053
4964623 4.92239 23.0653 9.0978 34 15.1385 3.18844 71.0855
4964632 4.4403 23.1896 8.92033 34 15.5311 3.25095 70.5503
4964639 4.4403 23.1896 8.92033 34 15.5311 3.25095 70.5503
4964653 3.97512 23.1609 8.8456 34 15.8399 3.36721 69.9817
4964662 3.97512 23.1609 8.8456 34 15.8399 3.36721 69.9817
4964668 3.68756 23.0079 8.69615 34 16.0769 3.45879 69.3916
4964686 3.44229 22.7591 8.48132 34 16.3198 3.55545 68.6828
4964696 3.44229 22.7591 8.48132 34 16.3198 3.55545 68.6828
4964719 3.29005 22.4626 8.34121 34 16.4594 3.6542 68.0938
4964720 3.29005 22.4626 8.34121 34 16.4594 3.6542 68.0938
4964721 3.20547 22.1564 8.42527 34 16.4211 3.77579 67.7872
4964728 3.13781 21.8025 8.37857 34 16.4464 3.8856 67.3189
4964751 3.13781 21.8025 8.37857 34 16.4464 3.8856 67.3189
4964752 3.05323 21.4102 8.40659 34 16.4313 4.02492 66.8701
4964760 2.90945 20.951 8.49066 34 16.4093 4.21172 66.3512
4964784 2.90945 20.951 8.49066 34 16.4093 4.21172 66.3512
4964786 2.85025 20.5588 8.46264 34 16.4129 4.3388 65.8717
4964790 2.85025 20.5588 8.46264 34 16.4129 4.3388 65.8717
4964816 2.7995 20.3579 8.49066 34 16.401 4.41748 65.6481
4964816 2.7995 20.3962 8.70549 34 16.271 4.4407 65.9012
4964820 2.7995 20.3962 8.70549 34 16.271 4.4407 65.9012
4964847 2.77413 20.4823 8.95769 34 16.141 4.46309 66.2141
4964848 2.80796 20.4344 9.07912 34 16.0383 4.48649 66.3215
4964851 2.80796 20.4344 9.07912 34 16.0383 4.48649 66.3215
4964861 2.84179 20.4249 9.21923 34 15.9296 4.50153 66.4859
4964878 2.84179 20.4249 9.21923 34 15.9296 4.50153 66.4859
4964887 2.83333 20.4249 9.16319 34 15.9694 4.49516 66.4214
4964911 2.83333 20.4727 9.20055 34 15.9529 4.48704 66.5066
4964912 2.83333 20.4727 9.20055 34 15.9529 4.48704 66.5066
4964916 2.94328 20.5397 9.18187 34 15.9059 4.43238 66.6648
4964922 3.25622 20.7501 9.32198 34 15.6591 4.3033 67.3283
4964948 3.77214 20.8745 9.56484 34 15.2238 4.16019 68.2115
4964952 4.45721 20.8362 10.0225 34 14.5553 4.05298 69.316
4964976 4.45721 20.8362 10.0225 34 14.5553 4.05298 69.316
4964978 5.5398 20.6449 10.583 34 13.6087 3.89972 70.7677
4964983 5.5398 20.6449 10.583 34 13.6087 3.89972 70.7677
4964993 6.89303 20.3005 11.1621 34 12.5233 3.72505 72.3556
4965007 7.8995 19.7648 11.9093 34 11.5381 3.71976 73.5736
4965015 7.8995 19.7648 11.9093 34 11.5381 3.71976 73.5736
4965038 8.70298 18.9899 12.806 32.3695 10.2412 3.59882 72.8684
4965040 9.48955 18.1193 14.5995 30.8547 8.51491 3.66368 73.063
4965045 9.48955 18.1193 14.5995 30.8547 8.51491 3.66368 73.063
4965068 10.3015 17.2774 17.3841 29.7259 6.46607 3.92248 74.6889
4965070 10.3015 17.2774 17.3841 29.7259 6.46607 3.92248 74.6889
4965075 10.902 16.4906 20.5779 28.7514 4.48443 4.28888 76.7219
4965100 11.2403 15.7999 22.104 27.2463 3.17509 4.38081 76.3905
4965100 11.2403 15.7999 22.104 27.2463 3.17509 4.38081 76.3905
4965106 11.308 15.0315 22.6498 25.2202 2.12032 4.35199 74.2095
4965116 11.3756 14.3321 23.6201 23.1748 0.865909 4.36269 72.5027
4965132 11.3756 14.3321 23.6201 23.1748 0.865909 4.36269 72.5027
4965141 11.5701 13.6587 24.934 21.496 -0.470775 4.43794 71.6589
4965147 11.5701 13.6587 24.934 21.496 -0.470775 4.43794 71.6589
