5059790 14.9109 10.0929 34 12.8013 -9.05811 4.55344 71.8051
5059796 15.0463 8.7547 34 12.4447 -9.91054 4.83526 70.2456
5059810 15.0463 8.7547 34 12.4447 -9.91054 4.83526 70.2456
5059815 14.9955 7.29558 34 12.2396 -10.7471 5.24185 68.5307
5059832 14.8856 6.11275 34 12.1059 -11.4251 5.61237 67.1042
5059837 14.8856 6.11275 34 12.1059 -11.4251 5.61237 67.1042
5059847 14.8687 4.93855 34 11.9544 -12.1559 5.96408 65.7616
5059857 14.5473 4.04926 34 11.8385 -12.6715 6.34173 64.435
5059867 14.5473 4.04926 34 11.8385 -12.6715 6.34173 64.435
5059880 14.302 3.42763 34 11.8117 -13.0083 6.62925 63.5414
5059888 14.302 3.42763 34 11.8117 -13.0083 6.62925 63.5414
5059898 14.1498 3.22042 34 11.892 -13.0557 6.76277 63.2621
5059908 14.0567 3.12544 34 11.9276 -13.0739 6.83225 63.1098
5059918 14.0567 3.12544 34 11.9276 -13.0739 6.83225 63.1098
5059928 14.0398 3.13408 34 11.99 -13.0279 6.84318 63.1639
5059943 13.9891 3.11681 34 11.9009 -13.0825 6.85522 63.0068
5059949 13.9891 3.11681 34 11.9009 -13.0825 6.85522 63.0068
5059961 14.0144 3.16861 34 11.892 -13.0614 6.82733 63.075
5059969 14.0144 3.16861 34 11.892 -13.0614 6.82733 63.075
5059983 14.099 3.15998 34 11.8207 -13.1256 6.79181 63.0796
5059989 14.1582 3.14271 34 11.7672 -13.1795 6.77036 63.0681
5060004 14.1582 3.14271 34 11.7672 -13.1795 6.77036 63.0681
5060009 14.2512 3.17725 34 11.6513 -13.2462 6.71121 63.0798
5060024 14.4711 3.58304 34 12.0168 -12.8261 6.54648 64.071
5060033 14.4711 3.58304 34 12.0168 -12.8261 6.54648 64.071
5060044 14.7756 4.47232 34 12.3823 -12.1594 6.20164 65.6302
5060052 14.7756 4.47232 34 12.3823 -12.1594 6.20164 65.6302
5060061 15.0632 5.91417 34 12.8013 -11.1937 5.71506 67.7786
5060070 15.41 7.39055 34 13.3272 -10.2285 5.24615 70.1277
5060080 15.41 7.39055 34 13.3272 -10.2285 5.24615 70.1277
5060100 15.5537 8.43525 34 14.183 -9.33031 5.02841 72.172
5060110 15.503 9.4454 33.4744 15.7252 -8.02678 4.90598 74.148
5060118 15.503 9.4454 33.4744 15.7252 -8.02678 4.90598 74.148
5060131 15.3846 10.5505 30.5838 18.2543 -5.73856 4.59449 74.7732
5060138 15.3846 10.5505 30.5838 18.2543 -5.73856 4.59449 74.7732
5060143 14.9532 11.4139 27.4608 20.9461 -3.36146 4.42126 74.774
5060153 14.3527 12.0874 23.9839 22.8757 -1.15062 4.17864 73.2997
5060163 14.3527 12.0874 23.9839 22.8757 -1.15062 4.17864 73.2997
5060173 13.6254 12.6313 20.8407 24.6124 0.968358 4.01544 71.7097
5060183 12.8219 13.2616 18.5161 26.8893 3.08193 4.05419 71.4888
5060197 12.8219 13.2616 18.5161 26.8893 3.08193 4.05419 71.4888
5060203 12.2045 13.9436 16.7385 29.1856 4.92086 4.11586 72.0722
5060218 12.2045 13.9436 16.7385 29.1856 4.92086 4.11586 72.0722
5060223 11.5532 14.643 15.6269 31.3757 6.43402 4.26368 73.1988
5060238 10.7751 15.2214 14.9264 33.2089 7.665 4.47959 74.1318
5060259 10.0055 15.7999 14.3473 34 8.57932 4.5599 74.1526
5060264 9.1597 16.2143 13.8989 34 9.26526 4.61116 73.2729
5060274 9.1597 16.2143 13.8989 34 9.26526 4.61116 73.2729
5060284 8.21244 16.6028 13.4412 34 10.0161 4.697 72.2565
5060294 8.21244 16.6028 13.4412 34 10.0161 4.697 72.2565
5060304 7.0791 16.7842 13.0302 34 10.8172 4.90178 70.8935
5060314 5.89502 16.9482 12.5912 34 11.688 5.1303 69.4344
5060329 5.89502 16.9482 12.5912 34 11.688 5.1303 69.4344
5060336 4.8801 17.0096 12.1522 34 12.484 5.34873 68.0419
5060348 4.15274 17.1818 11.9093 34 13.0568 5.48188 67.2438
5060355 4.15274 17.1818 11.9093 34 13.0568 5.48188 67.2438
5060369 3.70448 17.3061 11.6198 34 13.5006 5.54008 66.6304
5060376 3.70448 17.3061 11.6198 34 13.5006 5.54008 66.6304
5060385 3.5607 17.4879 11.4984 34 13.6854 5.51109 66.547
5060403 3.5607 17.7653 11.4423 34 13.7649 5.4179 66.7683
5060412 3.5607 17.7653 11.4423 34 13.7649 5.4179 66.7683
5060421 3.62836 17.9949 11.3302 34 13.8291 5.3112 66.9535
5060432 3.67065 18.1576 11.1621 34 13.9292 5.22476 66.9903
5060439 3.67065 18.1576 11.1621 34 13.9292 5.22476 66.9903
5060448 3.73831 18.3298 10.9005 34 14.0704 5.11414 66.9686
5060458 3.73831 18.3298 10.9005 34 14.0704 5.11414 66.9686
5060467 3.76368 18.6646 10.6297 34 14.268 4.96616 67.058
5060477 3.80597 19.0951 10.4615 34 14.4099 4.80099 67.3626
5060487 3.80597 19.0951 10.4615 34 14.4099 4.80099 67.3626
5060502 3.86517 19.4204 10.3962 34 14.4644 4.67865 67.6817
5060508 3.96667 19.8126 10.2934 34 14.5258 4.52035 68.0727
5060518 3.96667 19.8126 10.2934 34 14.5258 4.52035 68.0727
5060528 4.46567 20.1857 10.5456 34 14.1532 4.31252 69.197
5060538 4.46567 20.1857 10.5456 34 14.1532 4.31252 69.197
5060548 5.48905 20.9128 10.9566 34 13.4767 3.90033 71.3584
5060560 7.11294 21.525 11.5731 34 12.4102 3.42303 74.2111
5060573 7.11294 21.525 11.5731 34 12.4102 3.42303 74.2111
5060583 9.00746 21.9173 12.3203 32.2923 10.8826 2.7181 75.5374
5060599 10.4453 22.0129 13.1984 29.4654 9.26317 2.03779 75.1219
5060611 11.7224 21.7642 14.7582 26.4745 7.27993 1.55504 74.7193
5060622 11.7224 21.7642 14.7582 26.4745 7.27993 1.55504 74.7193
5060634 12.9657 21.4868 17.3639 23.9949 4.99667 1.36648 75.8112
5060640 13.8199 20.8554 20.4566 21.689 2.69063 1.45865 76.8209
5060650 13.8199 20.8554 20.4566 21.689 2.69063 1.45865 76.8209
5060660 14.3527 19.7648 22.4073 19.1805 0.721636 1.48013 75.7052
5060679 14.4542 18.2819 23.7818 16.9465 -1.02348 1.63184 73.4645
5060680 14.4542 18.2819 23.7818 16.9465 -1.02348 1.63184 73.4645
5060691 14.5388 16.5424 25.5707 15.431 -2.82178 2.06441 72.083
5060704 14.7418 16.5424 27.8044 14.4415 -3.93113 2.23617 73.5301
5060710 14.7418 14.8588 27.8044 14.4415 -4.60908 2.64007 71.8465
5060730 15.0547 13.0371 30.2099 13.6303 -6.46347 3.28402 71.932
5060733 15.0547 13.0371 30.2099 13.6303 -6.46347 3.28402 71.932
5060744 15.3846 11.2326 32.7872 13.0865 -8.22607 3.9846 72.4909
5060752 15.6383 9.41087 34 12.6586 -9.61151 4.52031 71.7078
5060780 15.9005 7.75317 34 12.409 -10.6113 4.87178 70.0627
5060800 15.9851 6.25952 34 12.2664 -11.4796 5.2594 68.511
5060802 16.002 5.22346 34 12.2396 -12.0577 5.56159 67.4651
5060814 16.002 5.22346 34 12.2396 -12.0577 5.56159 67.4651
5060822 16.0274 4.47232 34 12.0079 -12.6103 5.75307 66.5076
5060837 16.0866 4.00609 34 11.9811 -12.902 5.87717 66.0738
5060843 16.0866 4.00609 34 11.9811 -12.902 5.87717 66.0738
5060853 16.095 3.91112 34 11.9365 -12.9838 5.8984 65.9427
5060863 16.095 3.91112 34 11.9365 -12.9838 5.8984 65.9427
5060873 15.9766 3.91112 34 11.9722 -12.9416 5.94089 65.8599
5060883 15.8159 3.90249 34 11.9544 -12.9274 5.99243 65.6728
5060898 15.8159 3.90249 34 11.9544 -12.9274 5.99243 65.6728
5060907 15.6891 3.84205 34 11.7761 -13.0426 6.02805 65.3072
5060914 15.6468 3.83342 34 11.6424 -13.1179 6.02607 65.1226
5060930 15.6468 3.83342 34 11.6424 -13.1179 6.02607 65.1226
5060934 15.6637 3.81615 34 11.4373 -13.2516 5.99784 64.9172
5060944 15.6299 3.80752 34 11.3214 -13.319 5.9955 64.7588
5060959 15.6299 3.80752 34 11.3214 -13.319 5.9955 64.7588
5060965 15.8413 3.87659 34 11.3393 -13.3058 5.90743 65.0572
5060975 15.8413 3.87659 34 11.3393 -13.3058 5.90743 65.0572
5060985 16.0866 4.23921 34 11.7315 -12.9115 5.76902 66.0573
5060996 16.3234 5.03352 34 12.204 -12.243 5.5166 67.5609
5061011 16.3234 5.03352 34 12.204 -12.243 5.5166 67.5609
5061018 16.4587 6.32859 34 12.8815 -11.2133 5.18759 69.6688
5061027 16.4333 7.75317 34 14.0315 -9.91744 4.95271 72.218
5061040 16.4333 7.75317 34 14.0315 -9.91744 4.95271 72.218
5061049 16.2134 8.95328 33.8585 15.9659 -8.38524 4.93213 74.9911
5061058 16.2134 8.95328 33.8585 15.9659 -8.38524 4.93213 74.9911
5061068 15.892 10.1102 31.6451 19.1226 -5.96077 4.83889 76.7699
5061078 15.2915 11.1808 28.8555 22.3837 -3.40446 4.78053 77.7115
5061088 15.2915 11.1808 28.8555 22.3837 -3.40446 4.78053 77.7115
5061098 14.5642 11.9319 25.2574 23.9852 -1.28878 4.50493 75.7388
5061110 13.7861 12.7004 21.6391 25.0948 0.809184 4.14792 73.2203
5061123 13.7861 12.7004 21.6391 25.0948 0.809184 4.14792 73.2203
5061133 13.0587 13.3479 18.7687 26.6385 2.84031 3.96872 71.8138
5061148 13.0587 13.3479 18.7687 26.6385 2.84031 3.96872 71.8138
5061157 12.3229 13.9954 16.7852 28.4523 4.6606 3.96597 71.5558
5061165 11.5448 14.6689 15.5148 30.4012 6.2424 4.09729 72.1297
5061184 10.792 15.325 14.6368 32.08 7.54326 4.24248 72.8339
5061193 9.90398 15.9812 13.983 33.4597 8.71223 4.40981 73.3279
5061202 9.90398 15.9812 13.983 33.4597 8.71223 4.40981 73.3279
5061210 8.45771 16.2748 13.3291 34 9.88319 4.70361 72.0616
5061227 8.45771 16.2748 13.3291 34 9.88319 4.70361 72.0616
5061230 7.05373 16.5856 12.9742 34 10.8186 4.95689 70.6135
5061240 5.83582 16.9223 12.7874 34 11.6108 5.18278 69.5455
5061250 5.83582 16.9223 12.7874 34 11.6108 5.18278 69.5455
5061260 5.00697 17.3827 12.6659 34 12.2039 5.27321 69.0556
5061273 4.46567 17.7749 12.5445 34 12.6353 5.29997 68.7851
5061297 4.24577 18.1576 12.4698 34 12.865 5.24147 68.8731
5061302 4.24577 18.1576 12.4698 34 12.865 5.24147 68.8731
5061312 4.23731 18.3967 12.283 34 13.0144 5.14726 68.917
5061322 4.33881 18.5498 12.0121 34 13.1345 5.03409 68.9007
5061332 4.33881 18.5498 12.0121 34 13.1345 5.03409 68.9007
5061343 4.30498 18.5402 11.8346 34 13.2501 5.021 68.6798
5061352 4.37264 18.4063 11.5544 34 13.3461 4.99949 68.3333
5061370 4.37264 18.4063 11.5544 34 13.3461 4.99949 68.3333
5061380 4.41493 18.5115 11.2742 34 13.4978 4.91514 68.2006
5061389 4.41493 18.5115 11.2742 34 13.4978 4.91514 68.2006
5061394 4.49104 18.7698 10.9192 34 13.6988 4.76496 68.1801
5061403 4.6602 19.0855 10.7324 34 13.7609 4.59709 68.4781
5061416 4.6602 19.0855 10.7324 34 13.7609 4.59709 68.4781
5061423 4.64328 19.2195 10.7698 34 13.7713 4.56934 68.6325
5061435 5.3199 19.3821 11.3302 34 13.1125 4.4183 70.0322
5061443 5.3199 19.3821 11.3302 34 13.1125 4.4183 70.0322
5061459 6.60547 19.5447 12.3203 34 11.9424 4.17482 72.4705
5061468 6.60547 19.5447 12.3203 34 11.9424 4.17482 72.4705
5061474 8.21244 19.6021 13.628 33.5562 10.4395 3.87399 74.9988
5061484 10.1662 19.5543 15.3934 31.7809 8.38017 3.40476 76.8948
5061494 10.1662 19.5543 15.3934 31.7809 8.38017 3.40476 76.8948
5061507 12.196 19.1334 17.3335 28.9733 5.98211 2.89378 77.6363
5061523 13.9045 18.4541 19.173 25.6254 3.56483 2.41841 77.157
5061525 13.9045 18.4541 19.173 25.6254 3.56483 2.41841 77.157
5061534 14.9701 17.4879 20.497 22.181 1.39805 2.0403 75.1361
5061557 14.9701 17.4879 20.497 22.181 1.39805 2.0403 75.1361
5061560 15.6045 16.551 21.3662 18.92 -0.517552 1.68357 72.4417
5061565 16.1796 15.774 22.0636 16.2066 -2.22952 1.34925 70.2238
5061583 16.1796 15.774 22.0636 16.2066 -2.22952 1.34925 70.2238
5061586 16.7632 15.1955 23.0036 14.2008 -3.74852 1.13768 69.1631
5061595 17.4618 14.7811 23.9031 12.8013 -4.99749 0.970622 68.9473
5061622 18.0679 14.5221 24.9138 12.0524 -5.89709 0.943746 69.5562
5061633 18.0679 14.5221 24.9138 12.0524 -5.89709 0.943746 69.5562
5061637 18.5586 14.2285 26.0963 11.7583 -6.60661 1.07602 70.6417
5061647 19.0011 13.9868 27.7438 11.8741 -7.19086 1.36972 72.6058
5061658 19.0011 13.9868 27.7438 11.8741 -7.19086 1.36972 72.6058
5061667 19.3571 13.6414 29.4923 12.1059 -7.7423 1.72923 74.5967
5061684 19.5688 13.0975 31.4429 12.3199 -8.37191 2.17781 76.4291
5061688 19.5688 13.0975 31.4429 12.3199 -8.37191 2.17781 76.4291
5061698 19.7804 12.3982 32.7669 12.3466 -8.99269 2.51028 77.2922
5061710 19.7804 12.3982 32.7669 12.3466 -8.99269 2.51028 77.2922
5061718 19.9728 11.5175 33.4947 12.1683 -9.65015 2.75541 77.1533
5061734 20.0787 10.4469 33.9697 11.8563 -10.3944 3.00591 76.3516
5061738 20.0787 10.4469 33.9697 11.8563 -10.3944 3.00591 76.3516
5061753 19.9825 9.24683 34 11.4552 -11.1404 3.25889 74.6844
5061763 19.7612 7.89132 34 11.054 -11.9714 3.59009 72.7065
5061769 19.7612 7.89132 34 11.054 -11.9714 3.59009 72.7065
5061779 19.6457 6.71712 34 10.6974 -12.7466 3.87022 71.0603
5061791 19.5399 5.94007 34 10.5281 -13.2384 4.08126 70.008
5061800 19.5399 5.94007 34 10.5281 -13.2384 4.08126 70.008
5061811 19.7612 5.75876 34 10.6885 -13.2868 4.09536 70.2085
5061820 19.7612 5.75876 34 10.6885 -13.2868 4.09536 70.2085
5061835 19.9632 5.9228 34 10.742 -13.2024 4.00464 70.628
5061840 20.0883 6.02641 34 10.742 -13.1674 3.94331 70.8567
5061850 20.0883 6.02641 34 10.742 -13.1674 3.94331 70.8567
5061865 20.2711 6.19909 34 10.7242 -13.1147 3.84596 71.1943
5061875 20.4058 6.23362 34 10.6707 -13.1473 3.79286 71.3101
5061893 20.5405 6.32859 34 10.6439 -13.1333 3.72832 71.513
5061903 20.5405 6.32859 34 10.6439 -13.1333 3.72832 71.513
5061913 20.6271 6.32859 34 10.5281 -13.2094 3.68736 71.4837
5061922 20.6271 6.4063 34 10.4657 -13.2013 3.65718 71.499
5061936 20.6271 6.4063 34 10.4657 -13.2013 3.65718 71.499
5061944 20.5116 6.35449 33.7574 10.3141 -13.2512 3.63815 70.9376
5061959 20.348 6.41493 33.4138 10.4924 -13.0377 3.63876 70.6692
5061963 20.348 6.41493 33.4138 10.4924 -13.0377 3.63876 70.6692
5061973 20.146 6.87252 32.9893 10.8935 -12.4713 3.56784 70.9014
5061988 20.146 6.87252 32.9893 10.8935 -12.4713 3.56784 70.9014
5061993 19.9632 7.78771 32.1908 11.7939 -11.3515 3.39451 71.7357
5062006 19.7323 9.43677 30.7759 12.9439 -9.6474 2.99442 72.8888
5062013 19.7323 9.43677 30.7759 12.9439 -9.6474 2.99442 72.8888
5062023 19.5591 11.0427 28.9869 14.9942 -7.54501 2.69083 74.583
5062035 19.1358 12.7176 27.0262 18.1095 -4.97954 2.58782 76.9891
5062044 19.1358 12.7176 27.0262 18.1095 -4.97954 2.58782 76.9891
5062055 18.549 14.4271 24.1962 21.1487 -2.28845 2.36887 78.321
5062064 18.549 14.4271 24.1962 21.1487 -2.28845 2.36887 78.321
5062079 17.2309 15.4632 20.7699 23.1652 0.204724 2.2004 76.6292
5062084 15.7483 16.2748 17.3234 24.6896 2.66513 2.02401 74.036
5062094 15.7483 16.2748 17.3234 24.6896 2.66513 2.02401 74.036
5062108 14.1328 17.0574 14.889 26.2526 4.93839 2.06368 72.3318
5062117 12.6697 17.7653 13.3104 27.8348 6.85248 2.2444 71.5803
5062131 12.6697 17.7653 13.3104 27.8348 6.85248 2.2444 71.5803
5062135 11.3756 18.5307 12.4044 29.1277 8.35627 2.44108 71.4384
5062145 11.3756 18.5307 12.4044 29.1277 8.35627 2.44108 71.4384
5062156 10.3015 19.1334 12.0868 30.4398 9.44425 2.72892 71.9615
5062165 9.23582 19.6117 11.8066 31.3564 10.3893 2.98195 72.0105
5062182 9.23582 19.6117 11.8066 31.3564 10.3893 2.98195 72.0105
5062186 8.22935 19.8796 11.7786 32.3984 11.1606 3.33427 72.2859
5062197 7.41741 20.2144 11.8813 33.2378 11.7364 3.60558 72.7509
5062209 7.41741 20.2144 11.8813 33.2378 11.7364 3.60558 72.7509
5062219 6.81692 20.5779 11.9467 33.9614 12.2013 3.78837 73.303
5062234 6.81692 20.5779 11.9467 33.9614 12.2013 3.78837 73.303
5062238 6.34328 21.0084 12.0121 34 12.4902 3.81531 73.3638
5062259 6.08955 21.3528 11.9467 34 12.7119 3.7821 73.3891
5062265 6.08955 21.3528 11.9467 34 12.7119 3.7821 73.3891
5062273 6.03035 21.659 11.9187 34 12.8077 3.71482 73.608
5062284 6.12338 21.9173 11.872 34 12.8266 3.61873 73.9126
5062290 6.12338 21.9173 11.872 34 12.8266 3.61873 73.9126
5062302 6.19104 22.2712 11.5637 33.7781 12.9717 3.43061 73.8041
5062312 6.29254 22.5487 11.2555 32.9484 12.9882 3.15476 73.0451
5062320 6.29254 22.5487 11.2555 32.9484 12.9882 3.15476 73.0451
5062337 6.34328 22.7304 10.9473 32.2151 13.0319 2.92554 72.2361
5062341 6.34328 22.7304 10.9473 32.2151 13.0319 2.92554 72.2361
5062350 6.47015 23.0748 10.7137 31.5494 13.0349 2.65669 71.8081
5062365 6.50398 23.381 10.4148 30.9608 13.1289 2.41874 71.2606
5062372 6.50398 23.381 10.4148 30.9608 13.1289 2.41874 71.2606
5062386 6.5209 23.601 10.2467 30.5942 13.1856 2.26577 70.9628
5062391 6.61393 23.7732 10.0599 30.3144 13.2183 2.11708 70.7614
5062402 6.61393 23.7732 10.0599 30.3144 13.2183 2.11708 70.7614
5062413 6.59701 23.955 9.91978 29.996 13.2806 1.99321 70.4678
5062421 6.59701 23.955 9.91978 29.996 13.2806 1.99321 70.4678
5062439 6.60547 24.2037 9.89176 29.861 13.3101 1.90121 70.5619
5062443 6.73234 24.462 9.70494 29.6198 13.3455 1.72939 70.5191
5062453 6.73234 24.462 9.70494 29.6198 13.3455 1.72939 70.5191
5062464 6.8592 24.7586 9.83571 29.34 13.2087 1.60139 70.7935
5062473 7.41741 25.0934 10.0599 28.9154 12.7757 1.35645 71.4862
5062490 7.41741 25.0934 10.0599 28.9154 12.7757 1.35645 71.4862
5062498 8.42388 25.5239 10.4709 28.0568 11.9647 0.947873 72.4754
5062504 9.7602 26.0788 11.5824 26.8507 10.6322 0.523918 74.2721
5062516 9.7602 26.0788 11.5824 26.8507 10.6322 0.523918 74.2721
5062524 11.2149 26.2988 13.217 25.2299 8.91801 0.184268 75.9606
5062542 11.2149 26.2988 13.217 25.2299 8.91801 0.184268 75.9606
5062546 12.2637 26.1936 15.5615 23.3678 7.02193 0.0914955 77.3866
5062555 13.0587 25.4856 17.8692 21.361 5.11694 0.132267 77.7745
5062568 13.0587 25.4856 17.8692 21.361 5.11694 0.132267 77.7745
5062576 13.4985 24.3759 19.3549 19.1322 3.48824 0.120365 76.3616
5062594 13.693 23.1514 20.0725 16.9554 2.14601 0.0372702 73.8724
5062597 13.693 23.1514 20.0725 16.9554 2.14601 0.0372702 73.8724
5062605 13.8791 21.7546 20.8205 15.4489 0.8706 0.132591 71.9031
5062624 13.8791 21.7546 20.8205 15.4489 0.8706 0.132591 71.9031
5062634 14.0567 20.4631 21.8716 14.495 -0.342146 0.390782 70.8865
5062647 14.2851 19.1621 23.1451 14.0047 -1.50975 0.786713 70.5969
5062653 14.2851 19.1621 23.1451 14.0047 -1.50975 0.786713 70.5969
5062663 14.5219 17.7366 24.7723 13.6571 -2.79415 1.30945 70.6879
5062673 14.7841 16.3352 26.9352 13.6571 -4.08826 1.98147 71.7115
5062682 14.7841 16.3352 26.9352 13.6571 -4.08826 1.98147 71.7115
5062690 15.1139 14.7897 29.5226 13.7373 -5.50462 2.73829 73.1635
5062701 15.1139 14.7897 29.5226 13.7373 -5.50462 2.73829 73.1635
5062708 15.4607 13.0802 32.1403 13.9423 -6.89408 3.52604 74.6236
5062718 15.9935 11.4312 34 13.9156 -8.17848 4.07966 75.3403
5062729 15.9935 11.4312 34 13.9156 -8.17848 4.07966 75.3403
5062738 16.5264 9.85983 34 13.6392 -9.12772 4.30657 74.0254
5062753 16.8562 8.44388 34 13.3896 -9.98172 4.55832 72.6897
5062758 16.8562 8.44388 34 13.3896 -9.98172 4.55832 72.6897
5062768 17 7.10564 34 13.1757 -10.7738 4.85472 71.2813
5062780 17 7.10564 34 13.1757 -10.7738 4.85472 71.2813
5062793 17.0577 6.15592 34 13.1578 -11.2773 5.10381 70.3715
5062806 17.1539 5.76739 34 13.1133 -11.5205 5.18143 70.0346
5062809 17.1539 5.76739 34 13.1133 -11.5205 5.18143 70.0346
5062819 17.3945 5.68106 34 13.0954 -11.6209 5.13459 70.1709
5062834 17.5484 5.75013 34 12.9082 -11.7118 5.04433 70.2067
5062839 17.5484 5.75013 34 12.9082 -11.7118 5.04433 70.2067
5062861 17.7119 5.76739 34 12.5784 -11.9067 4.94572 70.0577
5062864 17.7119 5.76739 34 12.5784 -11.9067 4.94572 70.0577
5062870 17.837 5.75876 34 12.3288 -12.0664 4.87662 69.9246
5062887 18.0487 5.82783 34 12.0881 -12.1964 4.76203 69.9646
5062891 18.0487 5.82783 34 12.0881 -12.1964 4.76203 69.9646
5062901 18.2315 5.88827 34 11.7939 -12.3543 4.6502 69.9137
5062913 18.4624 5.8969 34 11.6156 -12.4866 4.55657 69.9749
5062926 18.4624 5.8969 34 11.6156 -12.4866 4.55657 69.9749
5062932 18.6933 6.00914 33.6058 11.3482 -12.5408 4.36104 69.6564
5062953 18.8568 6.12138 33.343 11.366 -12.4529 4.24702 69.6873
5062969 19.232 6.82072 33.2117 11.8207 -11.888 4.00497 71.0851
5062995 19.6169 8.02946 32.5143 12.3823 -10.9313 3.5669 72.5429
5063001 20.0306 9.60081 31.4935 12.9974 -9.75613 3.00709 74.1222
5063009 20.0306 9.60081 31.4935 12.9974 -9.75613 3.00709 74.1222
5063023 20.2037 10.8786 30.0785 13.7819 -8.54711 2.55755 74.9427
5063026 20.0017 10.8786 28.3805 13.7819 -8.11913 2.31687 73.0427
5063034 20.0017 11.6902 28.3805 14.9942 -7.22617 2.33449 75.0666
5063051 19.7227 12.6054 26.4602 17.0772 -5.43736 2.21628 75.8654
5063057 19.7227 12.6054 26.4602 17.0772 -5.43736 2.21628 75.8654
5063065 19.1839 13.4342 24.4084 19.3541 -3.53623 2.18859 76.3807
5063077 18.3854 14.1249 21.8312 21.0136 -1.68469 2.05715 75.3551
5063089 18.3854 14.1249 21.8312 21.0136 -1.68469 2.05715 75.3551
5063103 17.3945 14.6948 19.2842 22.2872 0.102937 1.93091 73.6606
5063105 16.3065 15.161 17.0202 23.6572 1.90295 1.91489 72.1449
5063115 16.3065 15.161 17.0202 23.6572 1.90295 1.91489 72.1449
5063131 15.2323 15.5322 15.6549 25.1141 3.41065 2.09785 71.5336
5063140 15.2323 15.5322 15.6549 25.1141 3.41065 2.09785 71.5336
5063146 14.1498 15.8517 14.5995 26.7736 4.8603 2.38984 71.3745
5063158 13.0164 16.0934 14.0951 28.5295 6.10289 2.82598 71.7344
5063167 13.0164 16.0934 14.0951 28.5295 6.10289 2.82598 71.7344
5063186 11.9085 16.3093 13.9082 30.5267 7.23279 3.34823 72.6527
5063188 10.7582 16.5424 13.7775 32.5914 8.34746 3.88252 73.6695
5063201 10.7582 16.5424 13.7775 32.5914 8.34746 3.88252 73.6695
5063214 9.71791 16.6719 13.7401 34 9.17776 4.32017 74.1299
5063218 9.71791 16.6719 13.7401 34 9.17776 4.32017 74.1299
5063228 8.70298 16.7842 13.5346 34 9.7733 4.52895 73.0218
5063245 7.67114 16.8101 13.2918 34 10.3964 4.76723 71.773
5063254 7.67114 16.8101 13.2918 34 10.3964 4.76723 71.773
5063269 6.64776 16.9655 12.9648 34 11.1057 4.96293 70.5781
5063270 5.61592 17.0574 12.6659 34 11.8171 5.19026 69.3393
5063280 5.61592 17.0574 12.6659 34 11.8171 5.19026 69.3393
5063297 4.92239 17.2487 12.3764 34 12.3819 5.29675 68.5475
5063308 4.57562 17.5931 12.3297 34 12.6601 5.29083 68.4984
5063324 4.48259 18.0619 12.2643 34 12.8309 5.17081 68.8088
5063332 4.48259 18.0619 12.2643 34 12.8309 5.17081 68.8088
5063351 4.61791 18.4159 12.1802 34 12.8651 5.01628 69.214
5063352 4.65174 18.789 12.0775 34 12.9677 4.88435 69.5182
5063361 4.65174 18.789 12.0775 34 12.9677 4.88435 69.5182
5063379 4.72786 19.1238 11.7973 34 13.1368 4.72633 69.6489
5063382 4.8209 19.4682 11.6665 34 13.2158 4.58378 69.9556
5063392 4.8209 19.4682 11.6665 34 13.2158 4.58378 69.9556
5063405 4.94776 19.8222 11.489 34 13.3027 4.42344 70.2589
5063412 4.94776 19.8222 11.489 34 13.3027 4.42344 70.2589
5063432 4.88856 20.0422 11.1901 34 13.535 4.3338 70.1209
5063433 5.03234 20.3196 10.9379 34 13.6397 4.17968 70.2899
5063442 5.03234 20.3196 10.9379 34 13.6397 4.17968 70.2899
5063459 5.04925 20.731 10.667 34 13.8454 4.02147 70.4473
5063463 5.43831 21.4294 10.6016 33.5562 13.7083 3.65154 71.0255
5063473 5.43831 21.4294 10.6016 33.5562 13.7083 3.65154 71.0255
5063492 6.27562 22.1947 10.639 32.6686 13.2174 3.10066 71.7779
5063494 6.27562 22.1947 10.639 32.6686 13.2174 3.10066 71.7779
5063503 7.29055 22.9505 10.9192 31.5494 12.4777 2.52255 72.7096
5063519 8.57612 23.3905 11.4984 30.2565 11.3849 1.99159 73.7215
5063524 8.57612 23.3905 11.4984 30.2565 11.3849 1.99159 73.7215
5063534 10.0985 23.6775 12.2176 28.4427 10.0099 1.38727 74.4363
5063549 11.2826 23.668 12.8154 25.9728 8.65989 0.780644 73.7387
5063554 11.2826 23.668 12.8154 25.9728 8.65989 0.780644 73.7387
5063564 12.1537 23.3427 13.656 23.5607 7.25235 0.354887 72.7132
5063579 12.1537 23.3427 13.656 23.5607 7.25235 0.354887 72.7132
5063588 12.991 23.027 15.2626 21.3995 5.56302 0.132936 72.6802
5063597 13.7776 22.7017 17.5256 19.5953 3.73433 0.130751 73.6003
5063610 13.7776 22.7017 17.5256 19.5953 3.73433 0.130751 73.6003
5063615 14.4119 22.0512 19.9614 17.8973 1.87536 0.281643 74.3218
5063626 14.8264 21.1328 21.7503 16.4919 0.353098 0.461513 74.2013
5063638 14.8264 21.1328 21.7503 16.4919 0.353098 0.461513 74.2013
5063645 15.1139 20.0039 23.327 15.44 -1.01409 0.740831 73.8848
5063669 15.1139 20.0039 23.327 15.44 -1.01409 0.740831 73.8848
5063670 15.3677 18.6933 24.8835 14.5396 -2.38768 1.09454 73.484
5063677 15.5622 17.287 26.3086 13.9601 -3.63235 1.5221 73.1179
5063698 15.5622 17.287 26.3086 13.9601 -3.63235 1.5221 73.1179
5063702 15.7313 15.938 27.8448 13.5412 -4.82407 1.99505 73.0554
5063715 15.7736 14.6861 29.5428 13.3718 -5.88029 2.54615 73.3744
5063729 15.7736 14.6861 29.5428 13.3718 -5.88029 2.54615 73.3744
5063733 15.8244 13.2616 30.9477 13.1311 -6.96354 3.07379 73.1647
5063742 15.8836 11.9751 32.3121 13.0954 -7.89079 3.59283 73.2663
5063758 15.8836 11.9751 32.3121 13.0954 -7.89079 3.59283 73.2663
5063761 15.9682 10.7318 33.8686 13.2113 -8.77393 4.14339 73.7799
5063769 15.9682 10.7318 33.8686 13.2113 -8.77393 4.14339 73.7799
5063786 16.002 9.56628 34 13.3361 -9.29285 4.47871 72.9044
5063789 15.9428 8.40071 34 13.3718 -9.82018 4.81661 71.7153
5063818 15.8328 7.26105 34 13.2737 -10.4089 5.15433 70.3676
5063819 15.799 6.19045 34 13.0776 -11.0512 5.44865 69.0671
5063829 15.799 6.19045 34 13.0776 -11.0512 5.44865 69.0671
5063848 15.8244 5.3616 34 13.0063 -11.5323 5.6796 68.1923
5063854 15.8244 5.3616 34 13.0063 -11.5323 5.6796 68.1923
5063860 15.9766 4.99035 34 12.8547 -11.8441 5.72555 67.8217
5063879 16.3572 5.03352 34 12.7478 -11.9521 5.5821 68.1385
5063882 16.3572 5.03352 34 12.7478 -11.9521 5.5821 68.1385
5063891 16.7124 5.07669 34 12.5695 -12.0929 5.43758 68.3586
5063907 16.9154 5.18029 34 12.4536 -12.1378 5.33 68.5493
5063911 16.9154 5.18029 34 12.4536 -12.1378 5.33 68.5493
5063937 17.0962 5.18029 34 12.4268 -12.1861 5.27274 68.7034
5063939 17.0962 5.18029 34 12.4268 -12.1861 5.27274 68.7034
5063948 17.1058 5.19756 34 12.409 -12.1882 5.26229 68.7124
5063952 17.2309 5.24073 34 12.2396 -12.2798 5.18867 68.7113
5063966 17.2309 5.24073 34 12.2396 -12.2798 5.18867 68.7113
5063972 17.2694 5.24937 34 12.0881 -12.3646 5.15314 68.6068
5063996 17.4041 5.2839 34 12.0257 -12.4045 5.09456 68.7137
5063998 17.4041 5.2839 34 12.0257 -12.4045 5.09456 68.7137
5064003 17.7023 5.71559 34 12.1327 -12.1689 4.8989 69.5506
5064013 17.7023 5.71559 34 12.1327 -12.1689 4.8989 69.5506
5064025 18.1641 6.42357 34 12.3555 -11.7647 4.60252 70.9432
5064033 18.7029 7.62367 33.9798 12.8102 -11.0265 4.19811 73.1165
5064055 18.7029 7.62367 33.9798 12.8102 -11.0265 4.19811 73.1165
5064056 19.0204 8.96191 32.4941 13.4342 -9.84918 3.6421 73.9105
5064064 19.0396 9.80802 30.8466 14.3702 -8.67757 3.31519 74.0645
5064085 19.0396 9.80802 30.8466 14.3702 -8.67757 3.31519 74.0645
5064085 18.7895 10.6887 28.896 16.0729 -7.02643 3.12115 74.447
5064094 18.7895 10.6887 28.896 16.0729 -7.02643 3.12115 74.447
5064116 18.3373 11.5607 27.0464 18.7463 -4.9797 3.14993 75.6907
5064116 17.7119 12.1737 24.8127 21.3513 -2.95848 3.21074 76.0497
5064132 17.7119 12.1737 24.8127 21.3513 -2.95848 3.21074 76.0497
5064149 16.89 12.7522 22.1142 22.7213 -1.18515 3.05997 74.4777
5064150 16.1542 13.1838 19.6076 23.773 0.410828 2.89661 72.7187
5064156 16.1542 13.1838 19.6076 23.773 0.410828 2.89661 72.7187
5064179 15.3677 13.5378 17.4649 24.8825 1.96054 2.82976 71.2529
5064181 15.3677 13.5378 17.4649 24.8825 1.96054 2.82976 71.2529
5064186 14.6488 13.9695 16.0473 26.1271 3.31978 2.87235 70.7927
5064195 13.9721 14.4789 15.1879 27.6515 4.54843 3.02741 71.2905
5064211 13.9721 14.4789 15.1879 27.6515 4.54843 3.02741 71.2905
5064217 13.3547 14.997 14.6742 28.9926 5.54048 3.18983 72.0185
5064237 12.7119 15.5236 14.394 30.546 6.47884 3.42417 73.1755
5064247 12.0522 15.869 14.2725 32.08 7.27856 3.72231 74.2738
5064266 12.0522 15.869 14.2725 32.08 7.27856 3.72231 74.2738
5064268 11.2572 16.2834 14.1137 33.6816 8.16146 4.03288 75.336
5064277 10.3184 16.646 13.9736 34 8.79192 4.20531 74.938
5064296 10.3184 16.646 13.9736 34 8.79192 4.20531 74.938
5064298 9.23582 17.0287 13.5813 34 9.55083 4.32999 73.8458
5064308 8.01791 17.1435 13.133 34 10.3717 4.55877 72.2944
5064325 8.01791 17.1435 13.133 34 10.3717 4.55877 72.2944
5064329 6.75771 17.2966 12.6473 34 11.2768 4.79331 70.7015
5064356 5.67512 17.4114 12.311 34 12.0412 5.01989 69.3975
5064360 4.98159 17.5931 12.1242 34 12.5502 5.14188 68.6989
5064386 4.98159 17.5931 12.1242 34 12.5502 5.14188 68.6989
5064387 4.63483 17.7366 11.9374 34 12.8697 5.17486 68.3088
5064390 4.50796 18.0715 11.9654 34 12.9835 5.11766 68.5448
5064398 4.50796 18.0715 11.9654 34 12.9835 5.11766 68.5448
5064417 4.56716 18.435 11.7319 34 13.1434 4.96036 68.734
5064423 4.56716 18.435 11.7319 34 13.1434 4.96036 68.734
5064429 4.58408 18.9038 11.5264 34 13.3282 4.79 69.0142
5064447 4.72786 19.4299 11.2555 34 13.4868 4.55915 69.4133
5064456 4.72786 19.4299 11.2555 34 13.4868 4.55915 69.4133
5064464 4.84627 19.9178 11.05 34 13.6153 4.35855 69.8141
5064479 4.99851 20.4249 10.7885 34 13.7576 4.13714 70.2118
5064483 4.99851 20.4249 10.7885 34 13.7576 4.13714 70.2118
5064491 5.10846 20.8745 10.5082 34 13.9229 3.94204 70.4912
5064508 5.10846 20.8745 10.5082 34 13.9229 3.94204 70.4912
5064519 5.20149 21.305 10.2841 34 14.0624 3.76694 70.7906
5064522 5.49751 21.8312 10.2841 33.7974 13.95 3.51899 71.4101
5064538 5.49751 21.8312 10.2841 33.7974 13.95 3.51899 71.4101
5064545 5.86965 22.3478 10.4709 33.2957 13.6499 3.24012 71.984
5064553 6.60547 22.7304 10.583 32.5238 13.1365 2.8514 72.4427
5064570 6.60547 22.7304 10.583 32.5238 13.1365 2.8514 72.4427
5064580 7.8403 23.1035 10.7978 31.3275 12.2463 2.29538 73.0691
5064582 7.8403 23.1035 10.7978 31.3275 12.2463 2.29538 73.0691
5064602 9.42189 23.668 11.2088 29.6583 11.0522 1.57739 73.957
5064602 11.0711 24.2133 11.5544 27.4682 9.77564 0.754611 74.307
5064612 11.0711 24.2133 11.5544 27.4682 9.77564 0.754611 74.307
5064634 12.4244 24.3568 11.9 24.7764 8.44324 -0.0213933 73.4576
5064635 13.6 24.2898 12.7313 22.2196 6.92543 -0.605197 72.8408
5064646 13.6 24.2898 12.7313 22.2196 6.92543 -0.605197 72.8408
5064665 14.7164 23.9741 14.3846 20.1839 5.13826 -0.844 73.259
5064667 14.7164 23.9741 14.3846 20.1839 5.13826 -0.844 73.259
5064673 15.596 23.247 16.8786 18.6016 3.15313 -0.678706 74.3232
5064683 16.1881 22.1182 19.5672 17.2316 1.19649 -0.30108 75.105
5064697 16.1881 22.1182 19.5672 17.2316 1.19649 -0.30108 75.105
5064703 16.3657 20.6162 21.5178 15.9303 -0.449097 0.093956 74.43
5064728 16.3318 18.6837 23.2663 14.8605 -2.06923 0.63806 73.1424
5064730 16.3318 18.6837 23.2663 14.8605 -2.06923 0.63806 73.1424
5064734 16.4418 16.7064 24.9542 13.9869 -3.7116 1.20535 72.0894
5064760 16.5856 15.0574 26.8746 13.4966 -5.17473 1.81802 72.0141
5064765 16.6955 13.4601 28.9465 13.2648 -6.53512 2.49886 72.367
5064776 16.6955 13.4601 28.9465 13.2648 -6.53512 2.49886 72.367
5064791 17.0577 12.0442 30.8062 13.0865 -7.78592 3.03943 72.9946
