453111 10.2155 32.2302 8.14583 24.2072 12.7262 -2.02396 74.7986
453129 12.6799 32.1249 8.98571 21.5732 10.626 -2.83543 75.3638
453131 12.6799 32.1249 8.98571 21.5732 10.626 -2.83543 75.3638
453141 15.4247 31.6944 12.3351 19.248 7.36404 -2.96103 78.7022
453151 15.4247 31.6944 12.3351 19.248 7.36404 -2.96103 78.7022
453166 17.7312 30.5177 17.3841 17.2219 3.80918 -2.46991 82.8549
453172 19.3282 28.1165 20.5273 14.5797 0.860256 -2.2418 82.5518
453181 19.3282 28.1165 20.5273 14.5797 0.860256 -2.2418 82.5518
453196 20.3865 25.0073 22.0838 12.4499 -1.56803 -2.03812 79.9276
453205 21.3679 22.2904 24.0749 11.4237 -3.70426 -1.54623 79.1568
453212 21.3679 22.2904 24.0749 11.4237 -3.70426 -1.54623 79.1568
453222 22.4646 20.0326 25.9043 10.6879 -5.5786 -1.11995 79.0895
453232 22.4646 20.0326 25.9043 10.6879 -5.5786 -1.11995 79.0895
453247 23.1477 17.3444 27.4507 9.98121 -7.4665 -0.589084 77.924
453253 23.6095 14.2196 29.0071 9.20672 -9.59667 0.0758958 76.0429
453262 23.6095 14.2196 29.0071 9.20672 -9.59667 0.0758958 76.0429
453277 24.1868 11.1986 30.5737 8.77107 -11.6388 0.794739 74.7302
453283 24.7351 8.66836 32.1201 8.54841 -13.3784 1.4712 74.072
453292 24.7351 8.66836 32.1201 8.54841 -13.3784 1.4712 74.072
453307 25.1488 7.01358 33.3936 8.50968 -14.5206 1.97274 74.0657
453313 25.1488 7.01358 33.3936 8.50968 -14.5206 1.97274 74.0657
453327 25.5241 6.43633 34 8.72266 -14.8511 2.16159 74.6831
453333 25.9859 6.53254 34 8.71298 -14.8676 2.03265 75.2314
453362 26.4188 6.63837 33.8888 8.59681 -14.9162 1.87215 75.5428
453364 26.4765 6.61913 33.1005 8.19989 -15.0405 1.65426 74.396
453374 26.4765 6.61913 33.1005 8.19989 -15.0405 1.65426 74.396
453384 26.6304 6.64799 32.0898 7.89977 -15.0722 1.37395 73.268
453394 26.6304 6.64799 32.0898 7.89977 -15.0722 1.37395 73.268
453409 26.8036 6.77306 31.0488 7.6287 -15.034 1.05892 72.2541
453415 27.0922 6.83079 29.8258 7.2221 -15.0996 0.660453 70.9709
453425 27.0922 6.83079 29.8258 7.2221 -15.0996 0.660453 70.9709
453434 27.7272 7.09055 28.5321 6.78645 -15.1071 0.107101 70.1363
453449 28.3911 7.33107 27.1879 6.33144 -15.1342 -0.477204 69.2414
453458 28.3911 7.33107 27.1879 6.33144 -15.1342 -0.477204 69.2414
453467 29.1607 7.58121 26.0862 6.07973 -15.0875 -0.996113 68.9079
453475 29.1607 7.58121 26.0862 6.07973 -15.0875 -0.996113 68.9079
453494 29.7476 7.77363 25.3989 5.87642 -15.0794 -1.36181 68.7966
453498 30.2286 7.8987 25.1766 5.76993 -15.1058 -1.55938 69.0738
453510 30.2286 7.8987 25.1766 5.76993 -15.1058 -1.55938 69.0738
453525 30.4018 7.93718 25.2878 5.77961 -15.1185 -1.57153 69.4064
453535 30.4788 7.92756 25.6617 5.94419 -15.0933 -1.45698 70.0122
453537 30.4788 7.92756 25.6617 5.94419 -15.0933 -1.45698 70.0122
453547 30.3345 7.88908 26.0963 5.9926 -15.1286 -1.30872 70.3125
453557 30.3345 7.88908 26.0963 5.9926 -15.1286 -1.30872 70.3125
453567 30.2575 7.84097 26.6522 6.20558 -15.102 -1.10787 70.9563
453577 30.2864 7.74477 27.3496 6.40888 -15.1423 -0.892745 71.7896
453592 30.2864 7.74477 27.3496 6.40888 -15.1423 -0.892745 71.7896
453599 30.142 7.68704 28.1379 6.62187 -15.1439 -0.634247 72.5889
453608 29.7957 7.45614 29.179 6.95103 -15.1834 -0.229321 73.3818
453621 29.7957 7.45614 29.179 6.95103 -15.1834 -0.229321 73.3818
453628 29.5456 8.4086 30.2604 7.99658 -14.237 0.059604 76.2111
453638 29.5456 8.4086 30.2604 7.99658 -14.237 0.059604 76.2111
453653 29.2473 10.8715 30.695 8.72266 -12.6823 -0.132236 79.5365
453659 28.5065 13.931 30.0279 9.41002 -10.746 -0.549523 81.8754
453688 26.9095 16.1822 28.3603 9.91344 -8.9639 -0.888205 81.3654
453692 25.3413 18.9038 25.5202 10.0393 -6.86628 -1.63252 79.8045
453701 25.3413 18.9038 25.5202 10.0393 -6.86628 -1.63252 79.8045
453712 23.5903 21.6494 22.4275 10.3878 -4.47778 -2.38763 78.055
453721 23.5903 21.6494 22.4275 10.3878 -4.47778 -2.38763 78.055
453734 21.7238 23.6967 19.7188 12.1788 -1.80007 -2.62349 77.3181
453743 19.7804 25.4761 17.8692 16.758 1.43472 -1.9959 79.8837
453756 19.7804 25.4761 17.8692 16.758 1.43472 -1.9959 79.8837
453771 17.6061 26.5763 16.0589 22.3258 4.61351 -1.05327 82.5671
453774 14.7288 26.6432 13.0536 24.9983 7.51006 -0.627049 79.4239
453782 14.7288 26.6432 13.0536 24.9983 7.51006 -0.627049 79.4239
453795 11.8101 26.6337 10.2506 26.3683 10.3051 -0.364664 75.0627
453802 11.8101 26.6337 10.2506 26.3683 10.3051 -0.364664 75.0627
453817 9.09437 26.6624 9.09702 28.7804 12.6474 0.432 73.6341
453826 7.03582 26.8633 9.07679 31.202 14.1392 1.29009 74.1779
453834 7.03582 26.8633 9.07679 31.202 14.1392 1.29009 74.1779
453846 5.29619 26.8633 9.36012 33.286 15.2037 2.10279 74.8056
453862 3.68221 26.7485 9.69405 34 15.9772 2.684 74.1247
453879 2.55145 26.4902 9.88631 34 16.4726 3.0533 72.9279
453884 2.55145 26.4902 9.88631 34 16.4726 3.0533 72.9279
453898 2.11654 26.4136 10.2 34 16.5327 3.23178 72.7302
453905 2.27118 26.4328 10.5845 34 16.2294 3.25029 73.2885
453914 2.27118 26.4328 10.5845 34 16.2294 3.25029 73.2885
453924 2.26151 26.2797 10.7565 34 16.1197 3.31839 73.2977
453935 2.28084 26.0214 10.8173 34 16.0434 3.38795 73.1195
453961 2.24218 25.7057 10.7464 34 16.0663 3.46627 72.6943
453967 2.1842 25.3039 10.5339 34 16.1707 3.55013 72.022
453979 2.1842 25.3039 10.5339 34 16.1707 3.55013 72.022
453986 2.12621 24.9021 10.3518 34 16.2595 3.6404 71.3801
453996 2.12621 24.9021 10.3518 34 16.2595 3.6404 71.3801
454011 2.02956 24.4046 10.0583 34 16.4261 3.75022 70.4925
454017 1.9909 24.0506 9.85595 34 16.5255 3.82297 69.8975
454046 1.95225 23.7062 9.65357 33.8842 16.6138 3.87578 69.1963
454048 1.88459 23.6967 9.5119 33.4115 16.682 3.79728 68.5046
454057 1.88459 23.6967 9.5119 33.4115 16.682 3.79728 68.5046
454069 1.95225 23.955 9.4006 33.0641 16.6977 3.63252 68.372
454077 1.95225 23.955 9.4006 33.0641 16.6977 3.63252 68.372
454092 2.11654 24.4333 9.29941 32.8036 16.6857 3.39822 68.6529
454098 2.23252 24.9212 9.24881 32.7554 16.6992 3.22099 69.1579
454112 2.23252 24.9212 9.24881 32.7554 16.6992 3.22099 69.1579
454118 2.42581 25.3326 9.30952 32.9677 16.6219 3.10959 70.0356
454128 2.47413 25.7344 9.42083 33.1896 16.6018 3.05043 70.8189
454147 2.47413 25.7344 9.42083 33.1896 16.6018 3.05043 70.8189
454150 2.51279 26.0501 9.31964 33.0834 16.6633 2.92539 70.9659
454168 2.51279 26.0501 9.31964 33.0834 16.6633 2.92539 70.9659
454170 2.66742 26.318 9.25893 32.8036 16.6068 2.76092 71.0479
454180 2.62877 26.5093 9.16786 32.6493 16.6873 2.68037 70.9552
454202 2.62877 26.5093 9.16786 32.6493 16.6873 2.68037 70.9552
454205 2.69642 26.6815 9.21845 32.63 16.6359 2.62625 71.2263
454210 2.75441 26.7485 9.20833 32.6107 16.6136 2.59026 71.3219
454223 2.75441 26.7485 9.20833 32.6107 16.6136 2.59026 71.3219
454239 2.7834 26.7963 9.21845 32.3116 16.561 2.52083 71.1097
454245 2.7834 26.7963 9.21845 32.3116 16.561 2.52083 71.1097
454253 4.39738 27.1311 9.89643 31.9546 15.2604 2.11009 73.3795
454262 6.31097 27.4564 10.5744 31.1827 13.8213 1.58686 75.5245
454270 6.31097 27.4564 10.5744 31.1827 13.8213 1.58686 75.5245
454281 9.278 27.4086 11.131 29.34 11.7745 0.735708 77.1575
454290 11.5395 26.4041 11.4952 26.4262 9.8186 -0.00437021 75.865
454305 11.5395 26.4041 11.4952 26.4262 9.8186 -0.00437021 75.865
454313 14.5645 24.7777 12.0518 22.9336 7.09528 -0.879254 74.3276
454320 14.5645 24.7777 12.0518 22.9336 7.09528 -0.879254 74.3276
454336 17.4714 22.5104 13.7619 19.0647 3.55103 -1.47412 72.8084
454342 19.8381 19.937 19.2337 15.7608 -1.12813 -0.959076 74.7696
454352 19.8381 19.937 19.2337 15.7608 -1.12813 -0.959076 74.7696
454362 22.0028 17.3731 29.2194 14.115 -5.96482 0.717893 82.7104
454372 22.8206 14.768 34 12.1788 -8.91571 1.53823 83.7674
454387 22.8206 14.768 34 12.1788 -8.91571 1.53823 83.7674
454393 23.3305 12.1415 34 11.0945 -10.5796 1.79154 80.5665
454402 23.3305 12.1415 34 11.0945 -10.5796 1.79154 80.5665
454417 23.7538 9.72666 34 10.9784 -11.8052 2.1982 78.4588
454423 23.7923 7.50424 34 10.6976 -13.0242 2.64515 75.9942
454433 23.7923 7.50424 34 10.6976 -13.0242 2.64515 75.9942
454447 23.6865 5.48387 34 10.1361 -14.3461 3.0623 73.3064
454457 23.6865 5.48387 34 10.1361 -14.3461 3.0623 73.3064
454466 23.4844 4.07923 34 9.44875 -15.4749 3.35542 71.0124
454480 23.7538 3.86757 34 8.96469 -15.9102 3.26055 70.5861
454485 23.7538 3.86757 34 8.96469 -15.9102 3.26055 70.5861
454493 24.1579 3.99264 34 8.40319 -16.2153 3.03017 70.5537
454508 24.4946 4.03113 34 7.95786 -16.4952 2.85856 70.4836
454514 24.4946 4.03113 34 7.95786 -16.4952 2.85856 70.4836
454527 24.7448 4.10809 34 7.37699 -16.8232 2.67496 70.2299
454535 24.9468 4.04075 34 7.05752 -17.0778 2.58476 70.0451
454551 24.9468 4.04075 34 7.05752 -17.0778 2.58476 70.0451
454560 24.9949 3.94454 34 6.76708 -17.3166 2.54516 69.7065
454576 24.9949 3.94454 34 6.76708 -17.3166 2.54516 69.7065
454579 25.1104 3.9253 34 6.50569 -17.5002 2.47408 69.5413
454587 25.5433 3.89643 34 6.33144 -17.6704 2.34159 69.7712
454598 25.5433 3.89643 34 6.33144 -17.6704 2.34159 69.7712
454615 26.0532 3.91568 34 6.06036 -17.8772 2.16156 70.0292
454622 26.0532 3.91568 34 6.06036 -17.8772 2.16156 70.0292
454625 26.7363 3.90606 34 5.90547 -18.0462 1.96954 70.5478
454635 27.3328 3.99264 34 5.58599 -18.2461 1.74737 70.9114
454645 27.3328 3.99264 34 5.58599 -18.2461 1.74737 70.9114
454667 28.0447 3.93492 33.626 5.36333 -18.4491 1.48158 70.969
454670 28.5739 4.02151 33.1813 5.1213 -18.5521 1.2075 70.898
454677 28.5739 4.02151 33.1813 5.1213 -18.5521 1.2075 70.898
454689 29.103 4.05999 32.6457 4.85023 -18.6949 0.919819 70.6589
454697 29.3531 4.1562 32.1908 4.63724 -18.7491 0.707751 70.3374
454712 29.3531 4.1562 32.1908 4.63724 -18.7491 0.707751 70.3374
454718 29.738 4.2043 31.7967 4.56948 -18.7605 0.517123 70.3084
454737 30.0074 4.28127 31.5238 4.55011 -18.7244 0.380588 70.3625
454752 29.9208 4.31975 31.544 4.71469 -18.5925 0.429402 70.4992
454762 29.9208 4.31975 31.544 4.71469 -18.5925 0.429402 70.4992
454767 29.7957 4.37748 31.7967 4.80182 -18.5148 0.514044 70.7717
454779 29.7957 4.37748 31.7967 4.80182 -18.5148 0.514044 70.7717
454788 29.9208 4.39672 31.8876 4.95672 -18.4281 0.532629 71.1618
454807 30.0843 4.56027 31.9786 5.01481 -18.317 0.491806 71.638
454809 30.0843 4.56027 31.9786 5.01481 -18.317 0.491806 71.638
454818 30.0074 4.56989 31.9382 5.05353 -18.2768 0.506042 71.5689
454832 29.8246 4.59875 32.1908 5.25683 -18.1436 0.631204 71.871
454838 29.8246 4.59875 32.1908 5.25683 -18.1436 0.631204 71.871
454854 29.4975 5.06055 32.8983 6.31207 -17.2917 0.946013 73.7684
454859 29.4975 5.06055 32.8983 6.31207 -17.2917 0.946013 73.7684
454869 28.9587 6.06112 33.1106 6.63155 -16.5113 0.947472 74.7619
454879 27.833 8.09111 33.2622 7.52221 -14.823 0.950394 76.7086
454906 25.8608 10.0538 33.151 8.51936 -13.0305 1.11281 77.5849
454910 23.5422 12.5552 32.7366 9.85535 -10.7601 1.23803 78.6893
454929 23.5422 12.5552 32.7366 9.85535 -10.7601 1.23803 78.6893
454932 21.5795 15.6242 31.544 11.1236 -8.25569 1.02612 79.8713
454945 21.5795 15.6242 31.544 11.1236 -8.25569 1.02612 79.8713
454959 19.9632 18.2915 28.8858 12.2272 -5.77386 0.540209 79.3678
454961 18.2796 20.5301 25.5303 14.5797 -2.75598 0.247157 78.9197
454972 18.2796 20.5301 25.5303 14.5797 -2.75598 0.247157 78.9197
454984 16.2655 21.9938 22.4679 20.1067 1.04137 0.80077 80.8339
454994 14.5065 22.6539 18.8294 25.8666 4.63758 1.38087 81.8565
455002 14.5065 22.6539 18.8294 25.8666 4.63758 1.38087 81.8565
455017 12.9119 22.6826 14.6625 27.7577 7.32743 1.31238 78.0147
455022 12.9119 22.6826 14.6625 27.7577 7.32743 1.31238 78.0147
455032 11.2109 22.7591 12.831 29.5329 9.25218 1.64943 76.3339
455050 9.38431 23.1035 12.7702 32.2633 10.7107 2.42753 77.5214
455052 9.38431 23.1035 12.7702 32.2633 10.7107 2.42753 77.5214
455065 7.37408 23.1514 12.9119 34 11.9017 3.17414 77.4374
455073 5.2672 22.6539 13.2661 34 12.6752 3.85936 75.1872
455090 5.2672 22.6539 13.2661 34 12.6752 3.85936 75.1872
455093 3.33428 21.8981 13.6304 34 13.3585 4.61098 72.8628
455103 3.33428 21.8981 13.6304 34 13.3585 4.61098 72.8628
455114 2.54179 21.3815 14.531 34 13.2183 5.09445 72.4543
455123 2.59011 20.8362 15.3506 34 12.6742 5.34323 72.7769
455139 2.59011 20.8362 15.3506 34 12.6742 5.34323 72.7769
455143 2.54179 20.1474 15.5429 34 12.4816 5.57653 72.2321
455163 2.36782 19.363 15.3101 34 12.5579 5.82326 71.0409
455165 2.36782 19.363 15.3101 34 12.5579 5.82326 71.0409
455174 2.21319 18.6933 14.8548 34 12.7669 6.00941 69.7613
455187 2.21319 18.6933 14.3994 34 13.015 5.95034 69.3059
455196 2.11654 18.3106 14.3994 34 13.0018 6.09624 68.8266
455211 2.10688 17.9662 13.9339 34 13.2065 6.14513 68.007
455214 2.10688 17.9662 13.9339 34 13.2065 6.14513 68.007
455235 2.07789 17.641 13.5899 34 13.3613 6.21116 67.3087
455237 2.04889 17.3731 13.3369 34 13.4766 6.27218 66.7589
455246 2.04889 17.3731 13.3369 34 13.4766 6.27218 66.7589
455258 2.05856 17.1913 13.0637 34 13.5979 6.29143 66.3136
455271 2.02956 17.1052 12.7804 34 13.7659 6.29117 65.9152
455285 2.02956 17.1052 12.7804 34 13.7659 6.29117 65.9152
455287 2.09721 17.2009 12.5476 34 13.8794 6.20758 65.8457
455310 2.09721 17.2009 12.5476 34 13.8794 6.20758 65.8457
455312 2.09721 17.3061 12.4869 34 13.933 6.16561 65.8903
455317 2.17453 17.507 12.7095 34 13.7906 6.10653 66.3911
455335 2.17453 17.507 12.7095 34 13.7906 6.10653 66.3911
455338 2.21319 17.574 12.9018 34 13.6676 6.09874 66.689
455347 2.20352 17.574 13.0435 34 13.5912 6.12067 66.821
455359 2.20352 17.6984 13.0435 34 13.6124 6.08143 66.9453
455372 2.22285 18.0045 13.1548 34 13.5892 5.99434 67.3821
455383 2.22285 18.0045 13.1548 34 13.5892 5.99434 67.3821
455388 2.25185 18.1671 13.175 34 13.5886 5.93751 67.594
455399 2.24218 18.368 13.4381 34 13.4786 5.91371 68.0483
455409 2.24218 18.368 13.4381 34 13.4786 5.91371 68.0483
455423 2.36782 18.5211 13.6708 34 13.3032 5.85954 68.5598
455434 2.30984 18.7316 13.8732 34 13.2586 5.84023 68.9146
455438 2.30984 18.7316 13.8732 34 13.2586 5.84023 68.9146
455458 2.39682 18.9325 13.9238 34 13.2167 5.76029 69.2531
455466 2.39682 18.9325 13.9238 34 13.2167 5.76029 69.2531
455473 2.71575 19.2195 14.106 34 12.9916 5.60472 70.0412
455484 5.42183 19.937 15.4518 34 11.049 4.8308 74.8106
455494 5.42183 19.937 15.4518 34 11.049 4.8308 74.8106
455500 7.74133 20.3005 16.2917 34 9.65982 4.2606 78.3335
455510 10.3508 20.1953 16.3018 34 8.51684 3.66536 80.8478
455524 10.3508 20.1953 16.3018 34 8.51684 3.66536 80.8478
455534 12.4673 19.65 16.3119 31.7906 7.06227 2.98901 80.2198
455541 12.4673 19.65 16.3119 31.7906 7.06227 2.98901 80.2198
455551 14.8158 18.8655 16.0893 27.8541 5.09327 1.98303 77.6247
455561 17 18.2724 15.3101 22.7599 2.9731 0.572181 73.3424
455575 17 18.2724 15.3101 22.7599 2.9731 0.572181 73.3424
455587 18.6933 17.3635 14.3387 17.2991 0.602219 -0.979181 67.6946
455591 17.8659 17.3635 15.1685 17.2991 0.601321 -0.611962 67.697
455615 20.3288 16.5767 15.1685 12.8371 -2.34299 -2.05664 64.9111
455616 22.3492 15.8263 20.1029 10.6298 -5.80335 -1.62014 68.9081
455622 22.3492 15.8263 20.1029 10.6298 -5.80335 -1.62014 68.9081
455644 24.4946 15.0277 28.9667 10.6589 -8.77304 0.019564 79.1479
455647 25.7838 13.7482 34 10.5718 -10.5417 0.898851 84.1037
455673 26.5823 11.747 34 10.2329 -11.6889 1.07256 82.5623
455677 26.6497 11.7374 34 10.0296 -11.7945 1.02695 82.4167
455684 26.6497 9.27448 34 10.0296 -12.928 1.52065 79.9538
455698 26.4958 6.96548 34 9.60364 -14.2499 1.97413 77.0649
455712 26.4958 6.96548 34 9.60364 -14.2499 1.97413 77.0649
455713 25.957 5.14714 34 9.08087 -15.4105 2.42166 74.185
455724 25.3124 3.9253 34 8.37415 -16.4124 2.7516 71.6118
455734 25.3124 3.9253 34 8.37415 -16.4124 2.7516 71.6118
455751 25.0334 3.53084 34 7.7836 -16.9582 2.81872 70.3478
455754 24.9276 3.48274 34 7.18337 -17.3369 2.75307 69.5937
455764 24.9276 3.48274 34 7.18337 -17.3369 2.75307 69.5937
455779 24.764 3.4635 34 6.64123 -17.6638 2.70378 68.8687
455786 24.764 3.4635 34 6.64123 -17.6638 2.70378 68.8687
455802 24.2349 3.48274 34 6.50569 -17.6796 2.81167 68.2233
455809 23.6384 3.37691 34 6.57346 -17.639 3.00897 67.5887
455816 23.6384 3.37691 34 6.57346 -17.639 3.00897 67.5887
455829 22.9457 3.27108 34 6.78645 -17.4947 3.26172 67.0032
455839 22.1375 3.27108 34 7.09624 -17.2056 3.53831 66.5048
455846 22.1375 3.15563 34 7.09624 -17.279 3.57054 66.3894
455856 21.2716 3.09791 34 7.56093 -16.9166 3.91125 65.9305
455869 21.2716 3.09791 34 7.56093 -16.9166 3.91125 65.9305
455882 20.3192 2.94397 34 8.05467 -16.5807 4.3154 65.3178
455885 19.232 2.72269 34 8.64522 -16.2013 4.8043 64.5999
455895 19.232 2.72269 34 8.64522 -16.2013 4.8043 64.5999
455910 18.1545 2.45331 34 9.12927 -15.9138 5.30024 63.7371
455920 17.0673 2.45331 34 9.12927 -15.7561 5.65251 62.6499
455927 17.0673 2.28014 34 9.55524 -15.5923 5.77266 62.9027
455939 16.1109 1.97227 34 9.9328 -15.4016 6.25235 62.0159
455951 16.1109 1.97227 34 9.9328 -15.4016 6.25235 62.0159
455963 15.3474 1.8472 34 10.291 -15.1292 6.61044 61.4856
455968 14.8255 1.69327 34 10.6008 -14.9426 6.89192 61.1195
455977 14.8255 1.69327 34 10.6008 -14.9426 6.89192 61.1195
455991 14.3712 1.62592 34 10.7847 -14.7908 7.10432 60.7819
456002 14.2843 1.55857 34 10.988 -14.6873 7.18678 60.8309
456017 14.2843 1.55857 34 10.988 -14.6873 7.18678 60.8309
456021 14.2359 1.57782 34 11.1139 -14.5846 7.21351 60.9276
456045 14.2359 1.57782 34 11.1139 -14.5846 7.21351 60.9276
456048 14.3326 1.65478 34 11.0558 -14.5889 7.14292 61.0432
456049 14.4872 1.69327 34 10.9106 -14.6844 7.05425 61.0911
456073 14.4872 1.69327 34 10.9106 -14.6844 7.05425 61.0911
456073 14.5742 1.68364 34 10.717 -14.8314 7.00104 60.9748
456087 14.5742 1.68364 34 10.717 -14.8314 7.00104 60.9748
456089 14.5355 1.65478 34 10.4943 -14.99 6.99617 60.6846
456101 14.6322 2.76118 34 11.8013 -13.4781 6.74296 63.1946
456109 14.6322 2.76118 34 11.8013 -13.4781 6.74296 63.1946
456129 14.4486 3.9253 34 12.6048 -12.2804 6.51697 64.9786
456132 14.5065 7.31183 34 13.5342 -9.97099 5.56197 69.3525
456139 14.5065 7.31183 34 13.5342 -9.97099 5.56197 69.3525
456156 14.2456 10.9389 34 14.6959 -7.65116 4.77355 73.8804
456159 14.2456 10.9389 34 14.6959 -7.65116 4.77355 73.8804
456169 13.4048 13.0747 34 17.6368 -5.34245 4.83074 78.1163
456184 12.3997 14.8353 34 24.6896 -2.00024 5.49108 85.9245
456195 12.3997 14.8353 34 24.6896 -2.00024 5.49108 85.9245
456200 11.7038 15.6242 32.1605 28.2497 0.00273883 5.65584 87.7383
456212 11.6845 16.0187 24.0345 26.4166 2.14841 4.36596 78.1542
456224 11.6845 16.0187 24.0345 26.4166 2.14841 4.36596 78.1542
456238 11.7135 16.8268 18.1724 25.8666 4.41157 3.20313 72.5793
456241 11.7135 16.8268 18.1724 25.8666 4.41157 3.20313 72.5793
456251 11.2592 17.4688 16.2411 28.2401 6.21798 3.2277 73.2091
456266 10.4088 18.0332 16.0589 30.9608 7.46284 3.69283 75.4617
456293 8.7851 18.3106 15.9173 32.9966 8.75049 4.30566 76.0096
456295 6.93917 18.4159 15.9071 34 9.82219 4.89332 75.2622
456302 6.93917 18.4159 15.9071 34 9.82219 4.89332 75.2622
456320 5.29619 18.6455 15.7452 34 10.7224 5.25268 73.6869
456331 5.29619 18.6455 15.7452 34 10.7224 5.25268 73.6869
456334 3.66288 18.655 15.3506 34 11.7351 5.65786 71.6685
456351 2.25185 18.5498 15.4518 34 12.4002 6.11717 70.2534
456358 2.25185 18.5498 15.4518 34 12.4002 6.11717 70.2534
456363 2.26151 18.8559 15.8363 34 12.2467 6.07132 70.9538
456376 2.28084 19.0951 15.8869 34 12.253 6.00123 71.2628
456383 2.28084 19.0951 15.8869 34 12.253 6.00123 71.2628
456404 2.32916 19.2482 15.5732 34 12.4194 5.90211 71.1506
456411 2.32916 19.2482 15.5732 34 12.4194 5.90211 71.1506
456419 2.30984 19.2482 15.2393 34 12.6061 5.8649 70.7973
456431 2.3195 19.1047 14.7435 34 12.8413 5.84015 70.1676
456438 2.3195 19.1047 14.7435 34 12.8413 5.84015 70.1676
456447 2.19386 18.8177 14.3893 34 13.0526 5.91731 69.4008
456459 2.1842 18.6646 13.8935 34 13.3058 5.90132 68.7422
456464 2.1842 18.6646 13.8935 34 13.3058 5.90132 68.7422
456487 2.20352 18.6263 13.6 34 13.4528 5.86808 68.4299
456494 2.22285 18.7411 13.3167 34 13.6208 5.7892 68.2807
456514 2.32916 18.9516 13.2458 33.9035 13.6198 5.67044 68.4301
456524 2.38715 19.076 13.2458 33.9711 13.619 5.62473 68.68
456542 2.40648 19.1621 13.1851 34 13.6613 5.58877 68.7537
456557 2.37749 19.3056 13.3976 34 13.5821 5.5836 69.0807
456571 2.37749 19.3056 13.3976 34 13.5821 5.5836 69.0807
456575 2.40648 19.363 13.4179 34 13.5641 5.56065 69.1873
456586 2.50313 19.6978 13.4482 34 13.5488 5.43738 69.6491
456601 2.50313 19.6978 13.4482 34 13.5488 5.43738 69.6491
456607 2.57078 20.157 13.4179 34 13.6033 5.27974 70.1456
456626 2.62877 20.511 13.3875 34 13.6453 5.15711 70.5272
456642 2.57078 20.6162 13.4988 34 13.6331 5.15913 70.6858
456655 2.57078 20.6162 13.4988 34 13.6331 5.15913 70.6858
456657 2.55145 20.6832 13.5696 34 13.6157 5.15541 70.8043
456667 2.60944 20.8171 13.5696 34 13.6057 5.10093 70.9962
456681 2.60944 20.8171 13.5696 34 13.6057 5.10093 70.9962
456692 2.6481 21.1424 13.5595 34 13.6422 4.997 71.35
456710 2.77374 21.6494 13.8125 34 13.5194 4.85689 72.2356
456712 2.77374 21.6494 13.8125 34 13.5194 4.85689 72.2356
456726 4.67766 22.5295 14.2577 34 12.4542 4.18417 75.4649
456740 4.67766 22.5295 14.2577 34 12.4542 4.18417 75.4649
456744 5.7021 23.027 14.4298 34 11.9543 3.82989 77.1589
456752 7.96362 23.668 14.0655 33.0834 11.0187 2.95453 78.7805
456768 7.96362 23.668 14.0655 33.0834 11.0187 2.95453 78.7805
456772 10.1092 24.0219 13.4583 30.4302 9.89644 1.87596 78.0196
456782 12.2547 23.9837 12.6387 26.7832 8.54924 0.631147 75.6603
456796 12.2547 23.9837 12.6387 26.7832 8.54924 0.631147 75.6603
456800 13.714 23.1322 11.7179 22.3258 7.0624 -0.59303 70.8899
456825 13.714 23.1322 11.7179 22.3258 7.0624 -0.59303 70.8899
456827 14.5259 21.2859 12.4161 17.6947 4.56544 -1.29721 65.9225
456831 15.618 18.7985 17.9905 14.512 -0.111313 -0.429037 66.9189
456840 15.618 18.7985 17.9905 14.512 -0.111313 -0.429037 66.9189
456855 17.5388 16.4324 27.9762 13.7084 -5.08031 1.52933 75.6558
456861 19.309 14.1138 34 13.0017 -8.14228 2.53262 80.4245
456884 19.309 14.1138 34 13.0017 -8.14228 2.53262 80.4245
456884 20.8483 11.5642 34 12.053 -9.95059 2.60759 78.4655
456890 20.8483 11.5642 34 12.053 -9.95059 2.60759 78.4655
456913 22.1183 8.69723 34 11.1623 -11.9307 2.83243 75.9778
456916 23.2247 6.35937 34 10.5524 -13.5942 3.02854 74.1364
456922 23.2247 6.35937 34 10.5524 -13.5942 3.02854 74.1364
456943 24.0617 4.7142 34 10.0974 -14.8374 3.15373 72.8733
456945 24.5523 3.93492 34 9.61333 -15.6046 3.14687 72.1006
456957 24.5523 3.93492 34 9.61333 -15.6046 3.14687 72.1006
456973 24.9083 3.9734 34 9.12927 -15.9023 2.96779 72.011
456976 25.2354 3.98302 34 8.33542 -16.3922 2.74974 71.5539
456984 25.2354 3.98302 34 8.33542 -16.3922 2.74974 71.5539
457004 25.0045 4.00226 34 7.43508 -16.8817 2.6465 70.4419
457006 25.0045 4.00226 34 7.43508 -16.8817 2.6465 70.4419
457013 24.7159 3.95416 34 6.79613 -17.2622 2.61841 69.4662
457035 24.3599 3.94454 34 6.48633 -17.4184 2.65628 68.7908
457037 24.3599 3.94454 34 6.48633 -17.4184 2.65628 68.7908
457044 24.0136 4.02151 34 6.33144 -17.4284 2.69789 68.3665
457065 24.0136 4.05999 33.4744 6.29271 -17.3698 2.58552 67.8407
457069 24.0136 4.05999 33.4744 6.29271 -17.3698 2.58552 67.8407
457075 24.0617 4.22354 33.3734 6.34112 -17.2318 2.52117 67.9997
457102 24.0617 4.33899 33.5856 6.47665 -17.1011 2.55501 68.4629
457107 24.004 4.44482 34 6.76708 -16.9008 2.66954 69.2159
457122 24.004 4.44482 34 6.76708 -16.9008 2.66954 69.2159
457134 23.8885 4.4352 34 6.92198 -16.7994 2.72904 69.2457
457153 23.7538 4.3871 34 7.0672 -16.7247 2.80161 69.2081
457155 23.7538 4.3871 34 7.0672 -16.7247 2.80161 69.2081
457160 23.5518 4.30051 34 7.18337 -16.6826 2.89657 69.0357
457169 23.5518 4.30051 34 7.18337 -16.6826 2.89657 69.0357
457184 23.3594 4.1562 34 7.31891 -16.6647 3.00794 68.8345
457188 23.1573 4.03113 34 7.40604 -16.6632 3.10905 68.5945
457198 23.1573 4.03113 34 7.40604 -16.6632 3.10905 68.5945
457215 22.9938 4.03113 34 7.60934 -16.5199 3.18743 68.6342
457219 22.8976 3.91568 34 7.68679 -16.5311 3.25698 68.5
457228 22.8976 3.91568 34 7.68679 -16.5311 3.25698 68.5
457245 22.7725 3.98302 34 7.76424 -16.4278 3.28563 68.5198
457248 22.7725 3.98302 34 7.76424 -16.4278 3.28563 68.5198
457258 22.734 3.95416 34 7.89009 -16.3644 3.32509 68.5783
457276 22.6667 4.02151 34 7.99658 -16.2513 3.34319 68.6848
457279 22.6667 4.02151 34 7.99658 -16.2513 3.34319 68.6848
457292 22.6186 4.03113 34 7.89977 -16.2976 3.33703 68.5495
457306 22.4261 4.40634 34 9.23576 -15.2651 3.51157 70.0682
457310 22.4261 4.40634 34 9.23576 -15.2651 3.51157 70.0682
457320 22.5512 6.61913 34 9.47779 -13.9213 2.95413 72.6481
457334 22.4165 9.72666 34 10.7557 -11.6823 2.46022 76.8989
457340 22.4165 9.72666 34 10.7557 -11.6823 2.46022 76.8989
457351 21.5891 12.4782 32.5345 12.2175 -9.33396 2.03339 78.8194
457365 21.5891 12.4782 32.5345 12.2175 -9.33396 2.03339 78.8194
457379 20.5212 15.5184 30.4929 13.7859 -6.75743 1.53871 80.3184
457397 19.2994 18.2628 28.5523 16.1287 -4.09158 1.29838 82.2432
457400 19.2994 18.2628 28.5523 16.1287 -4.09158 1.29838 82.2432
457403 19.0204 20.3101 26.6219 20.6856 -1.34081 1.38109 86.6379
457412 19.1647 21.1806 24.1254 24.622 0.705028 1.41461 89.0928
457430 19.1647 21.1806 24.1254 24.622 0.705028 1.41461 89.0928
457446 18.7221 21.1806 19.4358 24.0817 2.12911 0.649976 83.4203
457447 18.7221 21.1806 19.4358 24.0817 2.12911 0.649976 83.4203
457463 17.837 21.4389 15.4214 23.2713 3.67192 -0.112208 77.9687
457467 16.3138 21.6494 13.4482 24.3519 5.35855 -0.0322992 75.7633
457473 16.3138 21.6494 13.4482 24.3519 5.35855 -0.0322992 75.7633
457498 14.4196 21.7355 12.6893 26.378 6.98085 0.580718 75.2223
457503 12.1097 21.592 12.4869 28.4234 8.51698 1.44921 74.612
457507 12.1097 21.592 12.4869 28.4234 8.51698 1.44921 74.612
457527 9.92553 21.3337 12.5679 30.546 9.878 2.3909 74.3731
457528 9.92553 21.3337 12.5679 30.546 9.878 2.3909 74.3731
457542 7.52871 21.0371 12.5982 32.8036 11.3948 3.41419 73.9677
457561 5.19955 20.8362 12.5476 34 12.7746 4.23895 72.5834
457562 5.19955 20.8362 12.5476 34 12.7746 4.23895 72.5834
457568 3.17965 20.5779 12.3958 34 13.899 4.84044 70.1534
457574 1.76862 20.4249 12.4464 34 14.6452 5.30003 68.6399
457592 1.76862 20.4249 12.4464 34 14.6452 5.30003 68.6399
457597 1.64298 20.5397 12.9625 34 14.4385 5.37562 69.1451
457605 1.64298 20.5397 12.9625 34 14.4385 5.37562 69.1451
457626 1.53667 20.6258 12.9423 34 14.5239 5.37875 69.1047
457628 1.48835 20.7501 12.8512 34 14.6225 5.34364 69.0897
457635 1.48835 20.7501 12.8512 34 14.6225 5.34364 69.0897
457658 1.46902 20.8841 12.5375 34 14.8342 5.26583 68.8906
457661 1.43036 20.8075 12.0619 34 15.1228 5.23223 68.2998
457667 1.43036 20.8075 12.0619 34 15.1228 5.23223 68.2998
457689 1.47868 20.7693 11.6268 34 15.3458 5.16661 67.8747
457702 1.40136 20.7693 10.9893 34 15.7753 5.09649 67.1599
457720 1.38204 20.8841 10.4226 34 16.1494 4.98357 66.6887
457727 1.3917 21.1806 9.88631 34 16.515 4.81065 66.4586
457737 1.41103 21.525 9.5119 34 16.7808 4.6448 66.448
457756 1.41103 21.525 9.5119 34 16.7808 4.6448 66.448
457762 1.54633 22.0895 9.26905 34 16.9173 4.40175 66.9049
457768 1.54633 22.0895 9.26905 34 16.9173 4.40175 66.9049
457788 1.67197 22.7878 9.06667 34 17.0486 4.13323 67.5265
457790 1.81694 23.4958 9.12738 34 17.0045 3.90443 68.4401
457798 1.81694 23.4958 9.12738 34 17.0045 3.90443 68.4401
457822 2.06822 24.2324 8.91488 34 17.066 3.60055 69.2155
457824 2.1842 24.8829 8.82381 34 17.1249 3.3817 69.891
457829 2.1842 24.8829 8.82381 34 17.1249 3.3817 69.891
457857 2.29051 25.3708 8.76309 34 17.1522 3.21658 70.4245
457857 2.29051 25.3708 8.76309 34 17.1522 3.21658 70.4245
457861 2.30984 25.5526 8.82381 34 17.1246 3.17488 70.6863
457888 2.26151 25.6483 8.88452 34 17.1279 3.17287 70.7943
457890 2.26151 25.6483 8.88452 34 17.1279 3.17287 70.7943
457895 2.29051 25.8205 8.81369 34 17.1718 3.1095 70.9247
457904 2.33883 25.9353 8.83393 34 17.1438 3.07134 71.108
457921 2.33883 25.9353 8.83393 34 17.1438 3.07134 71.108
457923 2.32916 26.0788 8.85417 34 17.1534 3.04079 71.2621
457932 2.32916 26.0788 8.85417 34 17.1534 3.04079 71.2621
457955 2.36782 26.0979 8.76309 33.9325 17.1791 2.99949 71.1613
457956 2.40648 25.9066 9.19821 33.6816 16.8498 3.06915 71.1929
457987 4.26208 25.8875 9.73452 33.4115 15.4519 2.65974 73.2955
457988 5.74076 25.1413 10.5643 32.9098 14.0358 2.54022 74.3561
457993 5.74076 25.1413 10.5643 32.9098 14.0358 2.54022 74.3561
458003 8.26322 24.1559 11.1107 31.4432 12.0794 2.0277 74.9731
458023 11.2979 23.1992 11.475 29.0312 9.81874 1.20177 75.0033
458031 11.2979 23.1992 11.475 29.0312 9.81874 1.20177 75.0033
458035 14.5065 22.6635 11.9101 25.2588 7.23229 -0.000221729 74.3389
458057 14.5065 22.6635 11.9101 25.2588 7.23229 -0.000221729 74.3389
458059 17.7119 22.386 13.3673 21.0812 4.15446 -1.13679 74.5464
458064 20.5982 22.233 18.5464 18.235 0.415567 -1.13987 79.6125
458090 22.8206 22.4052 24.9845 16.6224 -2.52714 -0.625133 86.8328
458094 22.8206 22.4052 24.9845 16.6224 -2.52714 -0.625133 86.8328
458104 23.85 21.6398 27.5315 15.1025 -4.15301 -0.486109 88.1239
458123 24.5235 19.7265 29.2396 13.5923 -5.86928 -0.244277 87.0818
458124 24.5235 19.7265 29.2396 13.5923 -5.86928 -0.244277 87.0818
458134 25.12 16.9615 30.9376 12.0046 -7.96587 0.151836 85.0236
458158 25.2932 13.6135 31.8775 10.4556 -10.1864 0.632662 81.2397
458160 25.2932 13.6135 31.8775 10.4556 -10.1864 0.632662 81.2397
458166 25.2739 10.4386 32.9287 9.35194 -12.3126 1.2632 77.9931
458174 25.2739 10.4386 32.9287 9.35194 -12.3126 1.2632 77.9931
458193 24.9757 7.85059 34 8.90661 -13.9366 1.99656 75.7329
458196 24.9468 6.48444 34 9.04214 -14.5758 2.3386 74.4734
458204 24.9468 6.48444 34 9.04214 -14.5758 2.3386 74.4734
458228 25.2835 6.31126 34 9.0615 -14.7043 2.3039 74.6563
458229 25.6491 6.39785 34 9.00342 -14.7394 2.18982 75.0504
458244 25.6491 6.39785 34 9.00342 -14.7394 2.18982 75.0504
458268 25.678 6.49406 33.9191 8.86788 -14.7531 2.12416 74.9591
458269 25.678 6.49406 33.9191 8.86788 -14.7531 2.12416 74.9591
458270 25.4182 6.54216 32.9994 8.55809 -14.7302 1.95811 73.5179
458284 25.0334 6.52292 32.0999 8.38383 -14.6538 1.85884 72.04
458285 25.0334 6.52292 32.0999 8.38383 -14.6538 1.85884 72.04
458305 24.6101 6.54216 31.4429 8.1902 -14.5936 1.79717 70.7854
458307 24.6101 6.54216 30.6849 8.1902 -14.481 1.65425 70.0273
458320 24.408 6.54216 30.6849 8.02563 -14.5438 1.67103 69.6607
458341 24.408 6.64799 29.5529 7.72551 -14.483 1.36587 68.3344
458343 24.408 6.64799 29.5529 7.72551 -14.483 1.36587 68.3344
458351 24.3503 6.67685 28.4816 7.32859 -14.5227 1.07343 66.8373
458357 24.3022 6.69609 27.9863 7.14465 -14.5351 0.937409 66.1293
458374 24.3022 6.69609 27.9863 7.14465 -14.5351 0.937409 66.1293
458377 24.2733 6.63837 27.8246 7.08656 -14.5743 0.911413 65.8229
458387 24.3792 6.60951 27.9863 7.19305 -14.5701 0.950012 66.1681
458409 24.3792 6.60951 27.9863 7.19305 -14.5701 0.950012 66.1681
458410 24.8217 6.77306 28.6231 7.30923 -14.5729 0.963503 67.5271
458445 25.4663 6.98472 29.3912 7.58998 -14.5044 0.978681 69.4322
458447 26.0628 7.07131 30.2503 7.82232 -14.542 1.04031 71.2067
458449 26.0628 7.07131 30.2503 7.82232 -14.542 1.04031 71.2067
458458 26.5439 7.16752 31.1801 8.06435 -14.5609 1.13763 72.9559
458480 26.8517 7.18676 32.1605 8.37415 -14.5667 1.30667 74.5732
458481 26.8517 7.18676 32.1605 8.37415 -14.5667 1.30667 74.5732
458489 26.8998 7.09055 33.0196 8.53872 -14.6562 1.5026 75.5487
458516 26.8998 7.09055 33.0196 8.53872 -14.6562 1.5026 75.5487
458518 26.7074 6.90775 33.4845 8.60649 -14.7536 1.67936 75.7062
458524 26.2937 6.63837 33.808 8.61617 -14.8784 1.88944 75.3562
458552 25.4182 6.29202 34 9.25513 -14.6304 2.31004 74.9654
458554 24.5331 7.57159 34 10.0974 -13.4065 2.3607 76.2021
458560 24.5331 7.57159 34 10.0974 -13.4065 2.3607 76.2021
458587 23.3401 9.25523 33.5755 10.6202 -12.0588 2.26595 76.791
458589 23.3401 9.25523 33.5755 10.6202 -12.0588 2.26595 76.791
458599 22.4743 12.4782 30.7759 10.4749 -9.93952 1.23978 76.2033
458621 22.3011 15.528 27.4102 11.4721 -7.4015 0.205947 76.7114
458622 22.3011 15.528 27.4102 11.4721 -7.4015 0.205947 76.7114
458625 22.6282 18.0619 26.9756 20.647 -3.08419 1.1775 88.3127
458635 23.1188 19.8317 25.4293 27.748 -0.25184 1.59579 96.1279
458654 23.1188 19.8317 25.4293 27.748 -0.25184 1.59579 96.1279
458655 22.4454 20.5588 19.0214 24.2168 0.959161 0.0407016 86.2424
458663 22.4454 20.5588 19.0214 24.2168 0.959161 0.0407016 86.2424
458691 21.2909 21.6207 14.106 21.5539 2.47475 -1.38442 78.5715
458691 19.6553 22.5582 12.4768 22.5477 4.19928 -1.39616 77.2381
458693 19.6553 22.5582 12.4768 22.5477 4.19928 -1.39616 77.2381
458704 17.7985 23.3905 11.8292 23.7344 5.69923 -1.09941 76.7526
458719 15.6276 23.4766 11.4345 25.2684 7.15068 -0.475147 75.8072
458728 15.6276 23.4766 11.4345 25.2684 7.15068 -0.475147 75.8072
458734 12.7572 23.3714 11.0601 26.7253 8.88848 0.336222 73.9141
458754 12.7572 23.3714 11.0601 26.7253 8.88848 0.336222 73.9141
458756 9.72257 23.2566 10.7464 28.2401 10.7786 1.25212 71.9657
458766 6.6589 23.027 10.6452 30.5074 12.7862 2.42807 70.8385
458790 6.6589 23.027 10.6452 30.5074 12.7862 2.42807 70.8385
458791 4.27175 23.1801 10.7161 32.8712 14.451 3.40702 71.0391
458795 2.58044 23.4288 10.6452 34 15.6406 3.95643 70.6545
458805 2.58044 23.4288 10.6452 34 15.6406 3.95643 70.6545
458826 2.16487 24.0506 10.9792 34 15.7689 3.95331 71.1947
458828 2.3195 24.5481 11.2827 34 15.5737 3.82849 72.1504
458837 2.3195 24.5481 11.2827 34 15.5737 3.82849 72.1504
458862 2.34849 24.7394 11.3131 34 15.5653 3.77587 72.401
458864 2.34849 24.7394 11.3131 34 15.5653 3.77587 72.401
458868 2.33883 24.6342 11.2119 34 15.6139 3.79003 72.185
458878 2.32916 24.462 10.8375 34 15.8091 3.77914 71.6287
458905 2.20352 24.1654 10.4732 34 16.0528 3.83336 70.8422
458913 2.16487 23.8976 10.119 34 16.2485 3.85927 70.1815
458933 2.16487 23.8976 10.119 34 16.2485 3.85927 70.1815
458934 2.07789 23.821 9.79524 33.3825 16.4058 3.7521 69.0767
458938 2.07789 23.821 9.79524 33.3825 16.4058 3.7521 69.0767
458967 2.08755 23.9645 9.54226 32.8133 16.4996 3.57492 68.4076
458968 2.17453 24.242 9.43095 32.466 16.5057 3.39913 68.3134
458979 2.21319 24.529 9.39048 32.4274 16.5376 3.29835 68.56
459002 2.29051 24.7777 9.37024 32.3888 16.529 3.20167 68.8272
459003 2.29051 24.7777 9.37024 32.3888 16.529 3.20167 68.8272
459009 2.30984 25.1604 9.33988 32.601 16.6082 3.12717 69.4111
459038 2.30984 25.1604 9.33988 32.601 16.6082 3.12717 69.4111
459040 2.41615 25.5813 9.28929 32.6686 16.6336 2.99342 69.9553
459040 2.46447 26.1075 9.23869 32.8422 16.7178 2.86803 70.6529
459051 2.46447 26.1075 9.23869 32.8422 16.7178 2.86803 70.6529
459073 2.56111 26.8154 9.0869 32.7843 16.8257 2.63055 71.2478
459076 2.56111 27.2746 8.98571 32.63 16.9198 2.473 71.4514
459081 2.56111 27.2746 8.98571 32.63 16.9198 2.473 71.4514
459107 2.60944 27.686 8.90476 32.6203 16.984 2.34536 71.8205
459108 2.60944 27.686 8.90476 32.6203 16.984 2.34536 71.8205
459112 2.56111 27.686 8.89464 32.6203 17.0182 2.35525 71.7621
459121 2.4838 27.4947 8.72262 32.4274 17.1224 2.35592 71.1284
459140 2.4838 27.4947 8.72262 32.4274 17.1224 2.35592 71.1284
459141 2.4838 27.4755 8.94524 32.0607 16.9474 2.33494 70.9653
459156 2.4838 27.4755 8.94524 32.0607 16.9474 2.33494 70.9653
459175 5.15122 28.1452 9.25893 31.2503 15.2378 1.46591 73.8056
459176 9.00739 28.901 9.86607 29.2049 12.7412 0.226543 76.9793
459184 9.00739 28.901 9.86607 29.2049 12.7412 0.226543 76.9793
