224787 3.42126 20.5492 15.4518 34 12.1476 5.20577 73.4223
224792 4.40705 20.7693 15.8161 34 11.5166 4.92845 74.9924
224807 4.40705 20.7693 15.8161 34 11.5166 4.92845 74.9924
224813 5.2672 20.9415 16.7774 34 10.6827 4.78698 76.9861
224824 6.24332 20.9989 19.0315 34 9.25709 4.81901 80.2737
224850 7.11313 20.7119 21.6795 33.4597 7.64754 4.93844 82.9643
224853 7.83798 20.0326 22.4073 30.681 6.32063 4.67231 80.9589
224872 7.83798 20.0326 22.4073 30.681 6.32063 4.67231 80.9589
224883 8.4855 19.0377 21.4471 26.7639 5.23839 4.09744 75.7342
224901 9.22001 17.8419 21.2449 22.5766 3.51053 3.5466 70.8834
224910 10.3411 16.4035 22.9126 19.0743 0.808999 3.32649 68.7316
224919 10.3411 16.4035 22.9126 19.0743 0.808999 3.32649 68.7316
224925 11.6555 14.893 26.3187 16.2933 -2.45366 3.48394 69.1605
224935 13.2211 13.3056 30.6748 14.0957 -5.78377 3.83824 71.2972
224945 13.2211 13.3056 30.6748 14.0957 -5.78377 3.83824 71.2972
224955 14.7578 11.6701 34 12.8371 -8.27497 4.17851 73.265
224965 14.7578 11.6701 34 12.8371 -8.27497 4.17851 73.265
224980 16.0819 9.75552 34 12.3047 -9.71059 4.25562 72.1421
224986 17.1251 8.07187 34 12.2563 -10.7752 4.42093 71.4532
224996 17.1251 8.07187 34 12.2563 -10.7752 4.42093 71.4532
225006 17.7793 6.4652 34 12.2272 -11.7376 4.67906 70.4717
225017 18.3469 5.11828 34 11.8981 -12.7339 4.85117 69.3633
225026 18.3469 5.11828 34 11.8981 -12.7339 4.85117 69.3633
225039 19.2705 4.2043 34 11.2107 -13.7786 4.74683 68.6855
225053 19.2705 4.2043 34 11.2107 -13.7786 4.74683 68.6855
225064 20.0402 3.61743 34 10.5427 -14.6187 4.59347 68.2003
225073 21.0215 3.63667 34 9.91344 -15.1197 4.21208 68.5716
225078 21.0215 3.63667 34 9.91344 -15.1197 4.21208 68.5716
225087 22.3588 3.9253 34 9.12927 -15.5965 3.64019 69.4134
225097 23.3305 4.12733 34 8.3451 -16.066 3.19913 69.8029
225107 23.3305 4.12733 34 8.3451 -16.066 3.19913 69.8029
225117 24.3792 4.30051 34 7.53189 -16.5738 2.74575 70.2116
225132 24.3792 4.30051 34 7.53189 -16.5738 2.74575 70.2116
225139 25.245 4.52179 34 6.84453 -16.9515 2.35324 70.6114
225149 26.0051 4.64686 32.9185 6.31207 -17.159 1.84138 69.8826
225159 26.0051 4.64686 32.9185 6.31207 -17.159 1.84138 69.8826
225168 26.5535 4.88738 31.9078 6.00228 -17.1489 1.39924 69.351
225182 26.5535 4.88738 31.9078 6.00228 -17.1489 1.39924 69.351
225190 26.996 4.9451 31.2913 5.8377 -17.1943 1.12665 69.0702
225199 27.3039 4.95473 31.17 5.82802 -17.2154 1.02649 69.2567
225211 27.3039 4.95473 31.17 5.82802 -17.2154 1.02649 69.2567
225218 27.2943 4.96435 31.3924 5.84738 -17.2216 1.07509 69.4984
225231 27.0826 4.897 31.6754 5.94419 -17.2117 1.21552 69.5992
225239 27.0826 4.897 31.6754 5.94419 -17.2117 1.21552 69.5992
225257 26.8517 4.87776 32.0291 6.07973 -17.1551 1.37017 69.8383
225260 26.8517 4.87776 32.0291 6.07973 -17.1551 1.37017 69.8383
225270 26.6208 4.82003 32.3728 6.12813 -17.1734 1.51413 69.9418
225284 26.2841 4.74307 32.9388 6.3992 -17.0825 1.77165 70.3651
225294 26.2841 4.74307 32.9388 6.3992 -17.0825 1.77165 70.3651
225309 26.0243 4.68534 33.8686 6.69932 -17.0139 2.07462 71.2776
225310 25.6106 4.57951 34 7.02847 -16.8505 2.28276 71.2186
225325 25.6106 4.57951 34 7.02847 -16.8505 2.28276 71.2186
225330 25.12 4.50255 34 7.21241 -16.7308 2.45427 70.8349
225343 25.12 4.50255 34 7.21241 -16.7308 2.45427 70.8349
225352 24.5523 4.40634 34 7.55125 -16.5206 2.67889 70.5099
225365 24.0905 4.27165 34 7.87073 -16.3556 2.88508 70.2329
225371 24.0905 4.27165 34 7.87073 -16.3556 2.88508 70.2329
225381 23.446 4.2043 34 8.17084 -16.138 3.11953 69.8211
225395 22.6378 4.00226 34 8.63554 -15.8786 3.46344 69.2756
225413 21.416 3.75212 34 9.10023 -15.5869 3.94007 68.2683
225424 19.9632 3.41539 34 9.43907 -15.3809 4.5034 66.8177
225445 18.5105 3.0498 34 10.291 -14.8705 5.17774 65.8513
225454 18.5105 3.0498 34 10.291 -14.8705 5.17774 65.8513
225466 17.5388 5.10866 34 11.2688 -12.9429 4.99616 67.9162
225475 16.4878 7.46576 34 12.4886 -10.8363 4.79863 70.4421
225483 16.4878 7.46576 34 12.4886 -10.8363 4.79863 70.4421
225495 15.4053 10.0922 34 13.3502 -8.90997 4.49965 72.8478
225503 14.1489 12.2954 34 14.8314 -6.98169 4.46101 75.2758
225518 14.1489 12.2954 34 14.8314 -6.98169 4.46101 75.2758
225523 13.0279 14.8738 34 19.4217 -3.91412 4.70714 81.3233
225539 13.0279 14.8738 34 19.4217 -3.91412 4.70714 81.3233
225545 11.8874 16.6729 34 27.227 -0.553398 5.45734 89.7873
225555 9.81922 17.0191 29.6843 28.8093 1.85303 5.56449 85.332
225565 9.81922 17.0191 29.6843 28.8093 1.85303 5.56449 85.332
225575 7.62536 17.574 22.4982 27.4007 4.9439 4.93344 75.0983
225587 5.60546 18.1671 17.5256 27.9506 8.29861 4.70122 69.2488
225607 4.24275 19.1716 14.6018 29.7934 11.1048 4.64112 67.8096
225629 4.24275 19.1716 14.6018 29.7934 11.1048 4.64112 67.8096
225631 3.36327 20.224 12.9929 31.9257 13.0622 4.67069 68.5058
225636 2.89937 21.3337 12.8512 34 13.9212 4.77281 71.0843
225655 2.89937 21.3337 12.8512 34 13.9212 4.77281 71.0843
225656 2.59977 22.4817 13.0232 34 14.1665 4.56456 72.1047
225666 2.44514 23.4384 13.3167 34 14.2338 4.39203 73.2002
225696 2.79306 24.3089 13.5696 34 14.0436 4.11153 74.6717
225696 2.79306 24.3089 13.5696 34 14.0436 4.11153 74.6717
225707 2.99602 24.8829 13.4482 34 14.0848 3.89685 75.3272
225717 3.083 25.323 13.2863 34 14.1869 3.74152 75.6923
225727 3.083 25.323 13.2863 34 14.1869 3.74152 75.6923
225741 3.12166 25.457 12.8411 34 14.4174 3.63217 75.4197
225747 3.15065 25.5718 12.3655 34 14.668 3.52449 75.0879
225764 3.15065 25.5718 12.3655 34 14.668 3.52449 75.0879
225772 3.14099 25.6961 11.7482 34 15.0187 3.40103 74.5853
225778 3.14099 25.6961 11.7482 34 15.0187 3.40103 74.5853
225788 3.16998 25.8109 11.1917 33.3536 15.2336 3.17527 73.5261
225798 3.16032 25.8683 10.706 32.3019 15.3755 2.91087 72.0365
225810 3.16032 25.8683 10.706 32.3019 15.3755 2.91087 72.0365
225818 3.23764 26.0023 10.2607 31.3564 15.4749 2.62019 70.857
225833 3.31495 26.2701 9.87619 30.4591 15.567 2.30625 69.9204
225854 3.43093 26.6528 9.60298 29.8224 15.6243 2.01592 69.509
225870 3.59522 27.1503 9.33988 29.3593 15.6867 1.71799 69.4446
225880 3.73053 27.6669 9.22857 29.0023 15.6941 1.47213 69.6282
225890 3.73053 27.6669 9.22857 29.0023 15.6941 1.47213 69.6282
225905 3.94315 28.2313 9.0869 28.7514 15.6945 1.21347 70.0128
225911 4.13644 28.6905 9.01607 28.597 15.664 1.01921 70.44
225921 4.13644 28.6905 9.01607 28.597 15.664 1.01921 70.44
225937 4.24275 29.1497 8.94524 28.3558 15.6724 0.82935 70.6935
225946 4.24275 29.1497 8.94524 28.3558 15.6724 0.82935 70.6935
225955 4.32973 29.5515 8.88452 28.2111 15.6912 0.679327 70.9769
225967 4.42638 29.9437 8.75298 28.1146 15.7497 0.525883 71.2377
225980 4.42638 29.9437 8.75298 28.1146 15.7497 0.525883 71.2377
225984 4.52302 30.2499 8.70238 28.0375 15.7531 0.412574 71.5127
225991 4.60034 30.4795 8.61131 27.8927 15.7719 0.298442 71.5838
226013 4.60034 30.4795 8.61131 27.8927 15.7719 0.298442 71.5838
226014 4.62933 30.776 8.59107 27.912 15.8075 0.228989 71.9085
226037 4.75497 31.0152 8.61131 27.9796 15.7642 0.170127 72.361
226042 4.85162 31.3118 8.67202 28.0471 15.7223 0.114378 72.8825
226052 4.85162 31.3118 8.67202 28.0471 15.7223 0.114378 72.8825
226062 4.90961 31.4361 8.77321 28.1532 15.663 0.118883 73.2722
226073 4.89994 31.5509 8.8744 28.1725 15.6294 0.121651 73.4978
226087 4.89994 31.5509 8.8744 28.1725 15.6294 0.121651 73.4978
226093 4.94827 31.5988 8.72262 28.0182 15.6732 0.0396556 73.2878
226106 4.94827 31.5988 8.72262 28.0182 15.6732 0.0396556 73.2878
226117 5.07391 31.6466 9.0869 27.7963 15.3804 0.0331485 73.6037
226124 6.53326 32.1154 9.64345 27.584 14.34 -0.280952 75.8761
226132 6.53326 32.1154 9.64345 27.584 14.34 -0.280952 75.8761
226152 8.62081 32.5172 10.5036 26.7157 12.7967 -0.750168 78.3572
226165 10.4474 32.3641 11.1208 25.1527 11.3639 -1.24006 79.085
226176 12.2933 31.9719 11.5762 22.7696 9.81793 -1.89276 78.611
226189 12.2933 31.9719 11.5762 22.7696 9.81793 -1.89276 78.611
226198 14.4486 31.1587 12.6994 20.2804 7.72745 -2.41022 78.587
226203 16.1882 29.9437 14.6625 17.9745 5.41696 -2.56985 78.7689
226213 16.1882 29.9437 14.6625 17.9745 5.41696 -2.56985 78.7689
226228 17.4041 27.8486 17.1819 15.664 2.85749 -2.3829 78.0986
226235 17.4041 27.8486 17.1819 15.664 2.85749 -2.3829 78.0986
226245 18.4239 25.1795 19.9007 13.6891 0.176179 -1.94582 77.1932
226255 19.0492 22.5582 22.4073 12.111 -2.22894 -1.39687 76.1258
226265 19.0492 22.5582 22.4073 12.111 -2.22894 -1.39687 76.1258
226280 19.5303 20.7693 24.56 11.1429 -4.00583 -0.907187 76.0025
226289 19.9921 19.1142 27.0059 10.5911 -5.63622 -0.295148 76.7034
226295 19.9921 19.1142 27.0059 10.5911 -5.63622 -0.295148 76.7034
226312 20.3962 17.4209 29.6034 10.4169 -7.11798 0.424581 77.8374
226316 20.3962 17.4209 29.6034 10.4169 -7.11798 0.424581 77.8374
226326 20.8098 15.4607 31.8169 10.1264 -8.64286 1.08794 78.2138
226336 21.137 13.219 34 9.71982 -10.3099 1.79899 78.0758
226365 21.2909 10.3905 34 9.08087 -11.9778 2.28715 74.7622
226373 21.0311 6.9751 34 8.36446 -14.1009 3.06056 70.3707
226383 21.0311 6.9751 34 8.36446 -14.1009 3.06056 70.3707
226392 20.7617 4.11771 34 8.02563 -15.9249 3.84414 66.9051
226401 20.7617 4.11771 34 8.02563 -15.9249 3.84414 66.9051
226410 20.8098 3.25184 34 8.48064 -16.1842 4.15201 66.5423
226418 20.6655 3.13639 34 8.91629 -15.9675 4.29741 66.7182
226432 20.6655 3.13639 34 8.91629 -15.9675 4.29741 66.7182
226438 20.6367 3.09791 34 9.04214 -15.91 4.33704 66.7767
226456 20.6271 3.08829 34 8.89692 -16.0038 4.31938 66.6123
226458 20.6271 3.08829 34 8.89692 -16.0038 4.31938 66.6123
226467 20.6655 3.10753 34 8.62585 -16.1645 4.25898 66.3989
226482 20.6655 3.10753 34 8.62585 -16.1645 4.25898 66.3989
226489 20.5886 3.07866 34 8.31606 -16.3654 4.23944 65.9833
226500 20.4539 3.08829 34 7.99658 -16.5433 4.2237 65.5387
226508 20.4539 3.08829 34 7.99658 -16.5433 4.2237 65.5387
226524 20.5886 3.0498 34 7.55125 -16.8691 4.12172 65.1896
226529 21.0311 3.12677 34 7.05752 -17.1918 3.88703 65.2154
226539 21.0311 3.12677 34 7.05752 -17.1918 3.88703 65.2154
226554 21.4929 3.29994 34 6.61219 -17.4225 3.628 65.4051
226560 21.4929 3.29994 34 6.61219 -17.4225 3.628 65.4051
226571 21.9932 3.34805 34 6.43793 -17.5615 3.44258 65.7792
226580 22.3492 3.45388 34 6.33144 -17.602 3.29519 66.1345
226594 22.3492 3.45388 34 6.33144 -17.602 3.29519 66.1345
226605 22.378 3.4635 34 6.37984 -17.5679 3.29311 66.2214
226618 22.2337 3.42501 34 6.67027 -17.39 3.39479 66.329
226621 22.2337 3.42501 34 6.67027 -17.39 3.39479 66.329
226631 21.8778 3.33843 34 6.98007 -17.2061 3.57208 66.1963
226642 21.8778 3.33843 34 6.98007 -17.2061 3.57208 66.1963
226655 21.5603 3.19411 34 7.31891 -17.0444 3.76049 66.0733
226666 21.262 3.05942 34 7.56093 -16.9399 3.92506 65.8824
226670 21.262 3.05942 34 7.56093 -16.9399 3.92506 65.8824
226689 21.0792 2.91511 34 7.71583 -16.9107 4.04538 65.7102
226693 20.7136 2.76118 34 7.95786 -16.8091 4.23711 65.4327
226701 20.7136 2.76118 34 7.95786 -16.8091 4.23711 65.4327
226720 20.3962 2.67459 34 8.1418 -16.7068 4.38667 65.2125
226724 20.3962 2.67459 34 8.1418 -16.7068 4.38667 65.2125
226736 19.9632 2.53028 34 8.37415 -16.5949 4.5972 64.8676
226741 19.4052 2.52066 34 8.51936 -16.4346 4.79326 64.4452
226760 19.4052 2.52066 34 8.51936 -16.4346 4.79326 64.4452
226761 18.6644 2.31862 34 8.74203 -16.3216 5.12177 63.725
226771 18.6644 2.31862 34 8.74203 -16.3216 5.12177 63.725
226786 17.4714 2.0781 34 9.13895 -16.0533 5.64444 62.6885
226792 16.1495 2.45331 34 10.1845 -14.936 6.11151 62.7873
226804 16.1495 2.45331 34 10.1845 -14.936 6.11151 62.7873
226812 14.7965 3.73288 34 11.4431 -13.1387 6.31062 63.9724
226822 13.2501 5.39728 34 13.1953 -10.8811 6.50365 65.8428
226832 13.2501 5.39728 34 13.1953 -10.8811 6.50365 65.8428
226853 12.0904 7.26372 34 16.332 -8.07 6.66802 69.6861
226856 12.0904 7.26372 34 16.332 -8.07 6.66802 69.6861
226862 10.9016 9.46689 34 24.1203 -3.60384 7.21474 78.4889
226877 9.92553 11.4199 34 28.597 -1.16406 7.3714 83.9425
226884 9.92553 11.4199 34 28.597 -1.16406 7.3714 83.9425
226892 8.16657 12.2281 33.8181 26.5902 -0.979647 7.42801 80.803
226907 6.50426 13.7385 25.9851 25.4228 2.32794 6.52439 71.6508
226913 6.50426 13.7385 25.9851 25.4228 2.32794 6.52439 71.6508
226922 4.9676 15.1047 20.0321 26.4359 6.21461 5.95031 66.5403
226932 4.9676 15.1047 20.0321 26.4359 6.21461 5.95031 66.5403
226947 4.07845 16.6055 15.806 28.5681 9.71795 5.46206 65.0581
226954 3.72086 18.081 14.0655 31.7616 11.8501 5.32875 67.629
226969 3.72086 18.081 14.0655 31.7616 11.8501 5.32875 67.629
226982 3.4116 19.5639 14.369 34 12.5389 5.33894 71.3445
226985 3.12166 20.9319 15.1988 34 12.495 5.14903 73.2524
226996 3.12166 20.9319 15.1988 34 12.495 5.14903 73.2524
227009 2.58044 21.8407 15.644 34 12.697 5.10824 74.0652
227018 2.58044 21.8407 15.644 34 12.697 5.10824 74.0652
227023 2.05856 22.1564 15.7756 34 12.9484 5.18186 73.9906
227034 2.03923 22.2712 15.7351 34 12.9977 5.15047 74.0456
227048 2.03923 22.2712 15.7351 34 12.9977 5.15047 74.0456
227055 2.05856 22.1373 15.4315 34 13.1226 5.14123 73.6274
227066 2.05856 22.1373 15.4315 34 13.1226 5.14123 73.6274
227090 2.0199 21.9173 14.9762 34 13.345 5.15112 72.9134
227091 1.8556 21.4963 14.2476 34 13.7547 5.21561 71.5996
227100 1.8556 21.4963 14.2476 34 13.7547 5.21561 71.5996
227114 1.77828 21.2763 13.5899 34 14.1229 5.2096 70.6445
227117 1.79761 21.2667 12.9524 34 14.4668 5.11764 70.0167
227126 1.79761 21.2667 12.9524 34 14.4668 5.11764 70.0167
227138 1.84594 21.4102 12.3958 34 14.7765 4.98327 69.652
227146 1.84594 21.4102 12.3958 34 14.7765 4.98327 69.652
227162 1.91359 21.7738 11.8292 34 15.1155 4.77767 69.5165
227166 2.06822 22.1277 11.4244 33.1992 15.1971 4.45243 68.8196
227176 2.06822 22.1277 11.4244 33.1992 15.1971 4.45243 68.8196
227191 2.22285 22.5391 11.2423 32.765 15.2099 4.19781 68.7693
227197 2.42581 22.9026 11.2625 32.5238 15.0974 4.00592 69.1148
227210 2.42581 22.9026 11.2625 32.5238 15.0974 4.00592 69.1148
227225 2.4838 23.2566 11.0905 32.3984 15.1962 3.84559 69.2293
227236 2.4838 23.2566 11.0905 32.3984 15.1962 3.84559 69.2293
227239 2.59977 23.6106 10.9286 32.1186 15.2333 3.64657 69.2575
227247 2.69642 23.9263 10.8071 31.7713 15.2432 3.45855 69.2011
227259 2.69642 23.9263 10.8071 31.7713 15.2432 3.45855 69.2011
227273 2.75441 24.1846 10.7363 31.6941 15.2762 3.34977 69.3694
227284 2.84139 24.6246 10.7565 31.723 15.2796 3.21969 69.9456
227288 2.84139 24.6246 10.7565 31.723 15.2796 3.21969 69.9456
227309 2.85105 24.8925 10.8476 31.8774 15.2803 3.18897 70.4686
227309 2.85105 24.8925 10.8476 31.8774 15.2803 3.18897 70.4686
227317 2.9477 25.0264 10.9185 32.0897 15.2327 3.17699 70.9823
227334 2.97669 25.1317 11.1208 32.5528 15.1803 3.25261 71.782
227339 2.97669 25.1317 11.1208 32.5528 15.1803 3.25261 71.782
227351 3.083 25.1891 11.4042 33.1413 15.0524 3.35223 72.8176
227366 3.10233 25.3134 11.6875 33.6334 14.9712 3.43895 73.7366
227369 3.10233 25.3134 11.6875 33.6334 14.9712 3.43895 73.7366
227378 3.15065 25.5239 11.8292 33.8939 14.9326 3.4373 74.3976
227390 3.15065 25.5239 11.8292 33.8939 14.9326 3.4373 74.3976
227398 3.16032 25.6483 11.7583 33.836 14.9744 3.38408 74.4029
227413 3.16032 25.7344 11.6875 33.7395 15.0111 3.33664 74.3217
227420 3.16032 25.7344 11.6875 33.7395 15.0111 3.33664 74.3217
227428 3.10233 25.7248 11.8393 33.7299 14.9581 3.37557 74.3963
227447 4.73565 26.0692 12.4768 33.7974 13.8346 3.01041 77.079
227463 4.73565 26.0692 12.4768 33.7974 13.8346 3.01041 77.079
227466 5.2672 25.9257 12.7399 33.0641 13.3066 2.84643 76.9969
227475 5.2672 25.9257 12.7399 33.0641 13.3066 2.84643 76.9969
227488 6.55259 25.6196 12.6792 31.6941 12.4377 2.39095 76.5454
227493 8.0216 24.9499 12.7905 29.9188 11.2501 1.93004 75.6808
227501 8.0216 24.9499 12.7905 29.9188 11.2501 1.93004 75.6808
227512 9.82888 23.8402 13.6506 27.912 9.39522 1.57385 75.2317
227525 11.4332 22.2425 16.231 25.7605 6.71985 1.64848 75.6672
227537 11.4332 22.2425 16.231 25.7605 6.71985 1.64848 75.6672
227540 13.2791 20.2144 21.2753 23.9852 3.06183 2.24121 78.7541
227555 13.2791 20.2144 21.2753 23.9852 3.06183 2.24121 78.7541
227564 14.9898 18.2341 25.9548 21.7565 -0.294665 2.68501 80.9352
227572 16.2075 16.3265 27.6023 18.0227 -3.02605 2.51236 78.159
227590 16.2075 16.3265 27.6023 18.0227 -3.02605 2.51236 78.159
227594 17.3175 14.3062 28.7949 14.328 -5.84582 2.30765 74.7466
227601 18.6836 12.6033 30.8062 11.9658 -8.41246 2.3262 74.0589
227620 18.6836 12.6033 30.8062 11.9658 -8.41246 2.3262 74.0589
227629 20.0787 11.1409 33.1712 10.9784 -10.326 2.57333 75.3692
227641 20.0787 11.1409 33.1712 10.9784 -10.326 2.57333 75.3692
227646 21.1562 9.794 34 10.5814 -11.512 2.70706 75.5316
227652 21.9836 8.43746 34 10.5137 -12.3549 2.82098 74.9347
227665 21.9836 8.43746 34 10.5137 -12.3549 2.82098 74.9347
227673 22.4646 6.98472 34 10.4362 -13.2109 3.04258 73.8856
227691 22.7725 5.69553 34 10.1845 -14.0712 3.24486 72.6525
227693 22.7725 5.69553 34 10.1845 -14.0712 3.24486 72.6525
227704 23.0707 5.13752 34 10.1555 -14.4332 3.30563 72.3637
227717 23.0707 5.13752 34 10.1555 -14.4332 3.30563 72.3637
227728 23.2054 5.04131 34 10.32 -14.4157 3.32245 72.5668
227735 22.8976 5.02207 34 10.4749 -14.2968 3.43022 72.3946
227747 22.8976 5.02207 34 10.4749 -14.2968 3.43022 72.3946
227758 22.4935 4.99321 34 10.3878 -14.3001 3.52721 71.8745
227771 22.3396 4.96435 34 10.1748 -14.41 3.54041 71.4787
227775 22.3396 4.96435 34 10.1748 -14.41 3.54041 71.4787
227785 22.378 5.00283 34 9.75854 -14.625 3.45329 71.1394
227811 22.4646 5.13752 34 9.3713 -14.7787 3.33276 70.9734
227823 22.6089 5.19525 34 8.95501 -15.0011 3.21177 70.7592
227830 22.6089 5.19525 34 8.95501 -15.0011 3.21177 70.7592
227848 22.657 5.32994 34 8.59681 -15.1346 3.10478 70.5838
227853 23.0419 5.46463 32.8074 8.25797 -15.1378 2.70774 69.5719
227873 23.3882 5.6378 31.736 7.89977 -15.1418 2.31783 68.6618
227877 23.3882 5.6378 31.736 7.89977 -15.1418 2.31783 68.6618
227886 24.0136 5.83022 30.9275 7.64806 -15.1502 1.91431 68.4193
227901 24.3407 5.96491 30.412 7.51253 -15.1235 1.67498 68.2301
227906 24.3407 5.96491 30.412 7.51253 -15.1235 1.67498 68.2301
227923 24.6197 6.0996 30.2907 7.46412 -15.0957 1.54121 68.4742
227928 24.6486 6.08998 30.2907 7.54157 -15.0602 1.55177 68.5708
227936 24.6486 6.08998 30.2907 7.54157 -15.0602 1.55177 68.5708
227951 24.9564 6.21505 30.3109 7.52221 -15.0461 1.44809 69.0046
227957 24.9564 6.21505 30.3109 7.52221 -15.0461 1.44809 69.0046
227974 25.2835 6.31126 30.412 7.55125 -15.0353 1.37334 69.5581
227977 25.4375 6.36899 30.8567 7.61902 -15.0487 1.42339 70.2822
228000 25.4375 6.36899 30.8567 7.61902 -15.0487 1.42339 70.2822
228002 25.4663 6.37861 31.5036 7.86105 -15.0016 1.58399 71.2095
228009 25.3797 6.27278 32.4132 8.16116 -15.0079 1.85288 72.2269
228027 25.3797 6.27278 32.4132 8.16116 -15.0079 1.85288 72.2269
228034 25.3605 6.29202 33.3127 8.45159 -14.959 2.06597 73.4168
228040 25.3605 6.29202 33.3127 8.45159 -14.959 2.06597 73.4168
228052 25.3797 6.19581 34 8.69362 -14.976 2.2455 74.2692
228064 25.1585 6.07074 34 8.89692 -14.9039 2.36106 74.1261
228078 24.7351 6.01302 34 9.10991 -14.7622 2.51057 73.8581
228090 24.0521 6.01302 34 9.35194 -14.5358 2.71467 73.417
228102 24.0521 5.78212 34 9.35194 -14.6606 2.77056 73.1861
228113 23.4267 5.45501 34 9.73918 -14.5387 3.06884 72.6209
228127 23.4267 5.45501 34 9.73918 -14.5387 3.06884 72.6209
228130 22.4646 5.21449 34 9.99089 -14.3921 3.41393 71.67
228140 21.7142 6.48444 34 11.0752 -13.0178 3.45482 73.2738
228152 21.7142 6.48444 34 11.0752 -13.0178 3.45482 73.2738
228165 20.5212 7.6678 34 11.9562 -11.7665 3.59439 74.1452
228178 18.8761 9.7459 34 12.6822 -10.1083 3.59746 75.3042
228190 17.5484 12.6321 34 14.2603 -7.85816 3.45733 78.4408
228210 17.5484 12.6321 34 14.2603 -7.85816 3.45733 78.4408
228211 16.3428 16.1534 33.1712 20.0488 -3.88254 3.62659 85.7162
228230 14.7288 18.3489 29.3609 24.7378 -0.287637 3.61697 87.1764
228235 14.7288 18.3489 29.3609 24.7378 -0.287637 3.61697 87.1764
228243 12.3513 19.8987 22.1344 25.1334 3.31573 2.83289 79.5178
228257 12.3513 19.8987 22.1344 25.1334 3.31573 2.83289 79.5178
228262 9.91586 21.3815 15.4923 24.6027 7.2053 1.84843 71.3924
228273 7.86697 22.7304 12.153 26.542 10.554 1.75291 69.2924
228286 7.86697 22.7304 12.153 26.542 10.554 1.75291 69.2924
228292 6.48493 24.242 11.7887 29.5812 12.327 2.2143 72.0968
228302 5.4025 25.3134 12.2946 32.466 13.2764 2.79119 75.4765
228316 5.4025 25.3134 12.2946 32.466 13.2764 2.79119 75.4765
228327 4.48437 26.0405 12.6792 34 13.8843 3.13862 77.204
228345 3.53724 26.4328 12.6589 34 14.4321 3.26683 76.6289
228354 3.42126 26.8059 12.9827 34 14.377 3.25521 77.2099
228370 3.42126 26.8059 12.9827 34 14.377 3.25521 77.2099
228374 3.51791 26.9589 12.9726 34 14.354 3.19482 77.4494
228384 3.5759 27.0642 12.75 34 14.4522 3.12249 77.39
228410 3.56623 26.9972 12.3655 34 14.6452 3.08117 76.9289
228422 3.45026 26.7676 11.9506 33.9614 14.8851 3.09225 76.1298
228425 3.45026 26.7676 11.9506 33.9614 14.8851 3.09225 76.1298
228435 3.48891 26.3658 11.6065 32.8133 14.8381 2.94148 74.2745
228450 3.48891 26.3658 11.6065 32.8133 14.8381 2.94148 74.2745
228456 3.31495 25.7535 11.222 31.7037 14.9041 2.88717 71.9942
228465 3.16998 25.1125 10.8476 30.6135 14.9506 2.83437 69.7437
228484 3.16998 25.1125 10.8476 30.6135 14.9506 2.83437 69.7437
228492 3.083 24.6533 10.4226 29.7355 15.054 2.74436 67.8945
228504 3.083 24.6725 10.0685 28.9637 15.1543 2.53265 66.7876
228511 3.083 24.6725 10.0685 28.9637 15.1543 2.53265 66.7876
228530 3.18931 25.0073 9.88631 28.3848 15.1639 2.27354 66.4677
228533 3.18931 25.0073 9.88631 28.3848 15.1639 2.27354 66.4677
228537 3.34395 25.4378 9.88631 28.298 15.1217 2.10611 66.966
228547 3.46958 25.9449 10.0179 28.4523 15.0659 2.00099 67.8846
228566 3.46958 25.9449 10.0179 28.4523 15.0659 2.00099 67.8846
228587 3.63388 26.3945 10.0381 28.6839 15.0568 1.89678 68.7503
228589 3.72086 26.7198 10.119 28.7997 15.023 1.83352 69.3593
228594 3.72086 26.7198 10.119 28.7997 15.023 1.83352 69.3593
228601 3.81751 27.112 10.1595 29.0988 15.0431 1.77996 70.1878
228616 3.81751 27.112 10.1595 29.0988 15.0431 1.77996 70.1878
228619 3.94315 27.6095 10.2607 29.3014 15.0134 1.68941 71.1147
228628 3.99147 28.1643 10.2101 29.3978 15.1053 1.55765 71.7638
228644 3.99147 28.1643 10.2101 29.3978 15.1053 1.55765 71.7638
228654 4.11711 28.3939 10.3012 29.7934 15.0708 1.56673 72.6056
228660 4.11711 28.5087 10.5946 30.4205 15.0112 1.70883 73.641
228686 4.10745 28.6714 10.7869 30.9126 15.0009 1.79664 74.4783
228701 4.15577 28.9488 10.7565 31.0284 15.0438 1.73864 74.8895
228710 4.28141 29.3984 10.625 30.8451 15.0822 1.55494 75.1499
228727 4.28141 29.3984 10.625 30.8451 15.0822 1.55494 75.1499
228730 4.25242 29.6567 10.5542 30.5942 15.1365 1.44674 75.0575
228740 4.22342 29.7428 10.372 30.3723 15.232 1.36087 74.7106
228766 5.18022 29.7715 10.7869 30.2469 14.4933 1.20063 75.9855
228780 5.18022 29.7715 10.7869 30.2469 14.4933 1.20063 75.9855
228781 5.93405 29.628 10.969 29.8899 13.9408 1.03967 76.421
228791 6.7942 29.4941 10.9792 29.2531 13.3865 0.773124 76.5206
228817 7.50938 29.2454 10.9994 28.2497 12.8238 0.492287 76.0039
228822 8.65947 28.8053 11.303 26.7928 11.7904 0.125279 75.5606
228837 8.65947 28.8053 11.303 26.7928 11.7904 0.125279 75.5606
228842 10.1575 28.26 12.4667 24.9886 10.0907 -0.190217 75.8728
228852 10.1575 28.26 12.4667 24.9886 10.0907 -0.190217 75.8728
228868 11.4139 27.1024 15.9476 23.0204 7.34386 0.0874543 77.4843
228873 12.5833 25.2943 21.8109 20.84 3.64469 0.889118 80.5285
228883 12.5833 25.2943 21.8109 20.84 3.64469 0.889118 80.5285
228896 13.7817 22.9026 26.3389 18.0034 0.242352 1.41767 81.0266
228911 14.9318 20.1187 29.1587 14.57 -2.98357 1.65239 78.7793
228927 14.9318 20.1187 29.1587 14.57 -2.98357 1.65239 78.7793
228931 16.2655 17.1818 32.2717 12.1304 -6.17379 2.11078 77.8494
228940 16.2655 17.1818 32.2717 12.1304 -6.17379 2.11078 77.8494
228956 17.4714 14.2773 34 10.9784 -8.54188 2.58637 76.7271
228958 18.674 11.6797 34 10.4556 -10.2055 2.82757 74.8093
228966 18.674 11.6797 34 10.4556 -10.2055 2.82757 74.8093
228984 19.7323 8.91851 34 10.0683 -11.9451 3.18022 72.7192
228986 20.4443 6.43633 34 9.59396 -13.6269 3.55732 70.4745
229013 21.0311 4.56989 34 9.15831 -15.0172 3.83016 68.7593
229015 21.0311 4.56989 34 9.15831 -15.0172 3.83016 68.7593
229025 21.6565 3.55971 34 8.87756 -15.8675 3.89053 68.0938
229041 22.378 3.55971 34 8.80011 -16.0095 3.67971 68.7379
229046 22.378 3.55971 34 8.80011 -16.0095 3.67971 68.7379
229055 22.8687 3.64629 34 8.41287 -16.2523 3.45968 68.9279
229070 23.3113 3.52122 34 8.03531 -16.6096 3.31131 68.8678
229076 23.3113 3.52122 34 8.03531 -16.6096 3.31131 68.8678
229096 23.8789 3.59819 34 7.49317 -16.9593 3.04829 68.9702
229097 23.8789 3.59819 34 7.49317 -16.9593 3.04829 68.9702
229106 24.5908 3.79061 34 7.10592 -17.1593 2.74679 69.4874
229126 25.5048 3.93492 34 6.67027 -17.4367 2.40277 70.11
229128 25.5048 3.93492 34 6.67027 -17.4367 2.40277 70.11
229136 26.4765 4.18506 34 6.15718 -17.6981 2.01125 70.8187
229155 27.3713 4.46406 32.6659 5.76993 -17.7182 1.40893 70.2711
229157 27.3713 4.46406 32.6659 5.76993 -17.7182 1.40893 70.2711
229167 28.189 4.59875 31.1599 5.33428 -17.8314 0.802465 69.282
229185 28.189 4.59875 31.1599 5.33428 -17.8314 0.802465 69.282
229187 28.7855 4.79117 29.8763 5.01481 -17.839 0.287973 68.4678
229197 29.2762 4.91624 29.0273 4.73405 -17.8994 -0.0951415 67.9538
229214 29.2762 4.91624 29.0273 4.73405 -17.8994 -0.0951415 67.9538
229218 29.7668 5.05093 28.148 4.56948 -17.8775 -0.46648 67.5353
229227 30.296 5.1279 27.7741 4.34681 -17.9863 -0.733512 67.5448
229242 30.296 5.1279 27.7741 4.34681 -17.9863 -0.733512 67.5448
229248 30.7674 5.20487 27.5315 4.30809 -17.9858 -0.914149 67.8119
229271 30.7674 5.20487 27.5315 4.30809 -17.9858 -0.914149 67.8119
229274 31.0175 5.25297 27.481 4.22096 -18.0311 -1.00818 67.9725
229288 31.4697 5.37804 27.9358 4.35649 -17.9603 -0.988316 69.14
229302 31.4697 5.37804 27.9358 4.35649 -17.9603 -0.988316 69.14
229305 32.1239 5.43577 28.2895 4.30809 -18.0557 -1.06092 70.1573
229317 32.605 5.51273 28.9869 4.48235 -18.0189 -0.974014 71.587
229333 32.605 5.51273 28.9869 4.48235 -18.0189 -0.974014 71.587
229335 33.0475 5.46463 29.7753 4.63724 -18.0738 -0.843265 72.9247
229341 33.0475 5.46463 29.7753 4.63724 -18.0738 -0.843265 72.9247
229362 33.0668 5.3588 30.7051 4.83087 -18.1115 -0.586035 73.9616
229363 32.7493 5.22411 31.2307 4.88895 -18.1754 -0.375294 74.093
229392 32.2682 5.09904 31.1903 4.84055 -18.229 -0.273133 73.3981
229394 31.5948 4.90662 31.3621 4.9664 -18.2219 -0.0356188 72.8299
229401 31.5948 4.90662 31.3621 4.9664 -18.2219 -0.0356188 72.8299
229421 31.0272 4.77193 33.06 5.46982 -18.1105 0.551083 74.329
229422 31.0272 4.77193 33.06 5.46982 -18.1105 0.551083 74.329
229436 30.3345 4.63724 34 6.3508 -17.706 1.07121 75.3225
229452 30.142 6.68647 34 7.03816 -16.1871 0.81093 77.8667
229454 30.142 6.68647 34 7.03816 -16.1871 0.81093 77.8667
229461 29.2184 8.08149 34 7.7836 -14.9694 0.850428 79.0835
229483 27.833 9.98642 34 7.81264 -13.8242 0.752179 79.6321
229484 27.833 9.98642 34 7.81264 -13.8242 0.752179 79.6321
229492 26.5246 12.661 32.8074 8.26765 -11.9621 0.353113 80.2607
229513 26.5246 12.661 32.8074 8.26765 -11.9621 0.353113 80.2607
229521 24.9949 15.9706 30.6849 12.4692 -8.09561 0.390278 84.1196
229530 23.1092 19.1429 28.4108 18.2543 -3.97079 0.744442 88.9172
229544 23.1092 19.1429 28.4108 18.2543 -3.97079 0.744442 88.9172
229548 19.8285 20.5397 22.2455 18.8042 -0.838327 0.125563 81.4179
229558 16.1978 21.5824 15.6339 18.0902 2.74141 -0.85088 71.5044
229575 16.1978 21.5824 15.6339 18.0902 2.74141 -0.85088 71.5044
229578 13.0569 22.5965 12.4565 19.7883 6.21203 -0.753002 67.8982
229607 10.8437 23.9358 12.2845 23.2327 8.5496 0.157413 70.2967
229609 9.04605 25.1508 13.1345 26.5709 9.99332 1.11808 73.9023
229616 9.04605 25.1508 13.1345 26.5709 9.99332 1.11808 73.9023
229635 7.35475 26.031 13.5899 28.9444 11.2061 1.80754 75.92
229636 6.30131 26.5954 13.7417 30.2855 11.9722 2.17042 76.9238
229661 6.30131 26.5954 13.7417 30.2855 11.9722 2.17042 76.9238
229664 6.06936 26.9494 14.0452 30.9415 12.1069 2.30139 78.0055
229672 6.20466 27.3129 14.1869 31.4529 12.1196 2.29712 79.1573
229694 6.30131 27.6573 14.0048 31.2599 12.1843 2.14068 79.2233
229701 6.30131 27.6573 14.0048 31.2599 12.1843 2.14068 79.2233
229710 6.27231 27.6764 13.5899 30.5846 12.2879 1.96338 78.1232
229727 6.195 27.4564 13.0637 29.5522 12.3742 1.76311 76.2673
229728 6.195 27.4564 13.0637 29.5522 12.3742 1.76311 76.2673
229739 5.99204 27.0642 12.6286 28.6453 12.4744 1.65835 74.3301
229758 5.78908 26.5476 12.1935 27.7866 12.5668 1.58541 72.3167
229767 5.78908 26.5476 12.1935 27.7866 12.5668 1.58541 72.3167
229789 5.68277 26.1362 11.7988 27.0533 12.6317 1.4928 70.6711
229790 5.68277 26.1362 11.7988 27.0533 12.6317 1.4928 70.6711
229796 5.50881 25.8492 11.4649 26.4455 12.7479 1.41892 69.2684
229801 5.50881 25.7535 11.3232 26.0403 12.7364 1.33357 68.6258
229818 5.50881 25.7535 11.3232 26.0403 12.7364 1.33357 68.6258
229821 5.51848 25.9162 11.1714 25.8956 12.8179 1.23334 68.5016
229835 5.5668 26.0884 11.1613 25.9631 12.8393 1.19278 68.7796
229850 5.5668 26.0884 11.1613 25.9631 12.8393 1.19278 68.7796
229852 5.53781 26.3371 11.2726 26.2815 12.8938 1.22699 69.429
229865 5.53781 26.3371 11.2726 26.2815 12.8938 1.22699 69.429
229881 5.5668 26.4232 11.4345 26.8121 12.8971 1.3362 70.2366
229883 5.64412 26.6145 11.5964 27.1981 12.8679 1.37978 71.0531
229891 5.64412 26.6145 11.5964 27.1981 12.8679 1.37978 71.0531
229912 5.7021 26.7389 11.6774 27.4103 12.8514 1.39386 71.5287
229914 5.62479 26.892 11.6571 27.7094 12.9792 1.42936 71.8833
229922 5.62479 26.892 11.6571 27.7094 12.9792 1.42936 71.8833
229942 5.54747 26.9398 11.8595 28.0471 12.9776 1.53729 72.3939
229944 5.54747 26.9398 11.8595 28.0471 12.9776 1.53729 72.3939
229951 5.47982 26.8537 11.9202 28.2787 13.0053 1.6266 72.5324
229970 5.44116 26.7963 11.9405 28.4137 13.0278 1.67721 72.5917
229973 5.44116 26.7963 11.9405 28.4137 13.0278 1.67721 72.5917
229985 5.44116 26.6911 12.0619 28.7225 12.9979 1.77988 72.9166
230003 5.37351 26.7389 12.2036 29.1759 13.0415 1.89146 73.4919
230005 5.37351 26.7389 12.2036 29.1759 13.0415 1.89146 73.4919
230012 5.35418 26.6624 12.4869 29.7741 12.9903 2.06883 74.2776
230035 5.35418 26.6624 12.4869 29.7741 12.9903 2.06883 74.2776
230040 5.29619 26.4615 12.6387 30.2855 12.9925 2.24282 74.6818
230049 5.13189 26.184 12.8411 30.71 12.9967 2.45138 74.867
230067 5.13189 26.184 12.8411 30.71 12.9967 2.45138 74.867
230068 5.02558 25.8875 12.9827 31.0573 12.9869 2.62705 74.9531
230075 4.79363 25.5335 13.1446 31.2889 13.0029 2.83031 74.7606
230098 4.79363 25.5335 13.1446 31.2889 13.0029 2.83031 74.7606
230099 5.57646 25.2273 13.7113 31.4047 12.2973 2.82775 75.9198
230131 6.18533 24.8255 13.9238 31.1249 11.7807 2.76845 76.0596
230133 6.9585 24.2898 14.8952 30.7582 10.7911 2.80978 76.9018
230135 6.9585 24.2898 14.8952 30.7582 10.7911 2.80978 76.9018
230145 7.69301 23.5436 18.6576 30.9994 8.71283 3.41566 80.8936
230163 8.59181 22.807 24.6207 31.1152 5.94186 4.18957 87.1347
230172 8.59181 22.807 24.6207 31.1152 5.94186 4.18957 87.1347
230195 8.9494 21.6877 25.1564 28.1725 4.69072 4.05375 83.966
230197 8.9494 21.6877 25.1564 28.1725 4.69072 4.05375 83.966
230198 9.13303 19.9274 23.3169 23.4642 3.60677 3.50481 75.8416
230206 9.25867 17.9567 23.8222 19.3348 1.49583 3.39801 70.3724
230227 9.25867 17.9567 23.8222 19.3348 1.49583 3.39801 70.3724
230228 9.91586 15.7782 26.9756 16.3223 -1.73607 3.82739 68.992
230236 10.747 13.4884 31.0892 13.8924 -5.22106 4.49589 69.217
230261 10.747 13.4884 31.0892 13.8924 -5.22106 4.49589 69.217
230262 11.6555 11.1986 34 12.0723 -8.11899 5.05282 68.9265
230266 11.6555 11.1986 34 12.0723 -8.11899 5.05282 68.9265
230293 12.448 9.03396 34 11.1817 -9.83759 5.33268 66.6636
230295 13.0375 6.95586 34 11.4237 -10.952 5.83112 65.4171
230298 13.0375 6.95586 34 11.4237 -10.952 5.83112 65.4171
230307 13.2018 5.06055 34 11.869 -11.8009 6.45705 64.1314
230323 13.0762 3.33843 34 11.9562 -12.739 7.10466 62.3708
230327 13.0762 3.33843 34 11.9562 -12.739 7.10466 62.3708
230337 13.0569 2.00113 34 11.7625 -13.685 7.57258 60.8205
230364 13.2791 1.36616 34 11.656 -14.2024 7.71395 60.3013
230368 13.7044 1.41426 34 11.4334 -14.3912 7.50959 60.552
230391 13.7044 1.41426 34 11.4334 -14.3912 7.50959 60.552
230392 14.2843 1.45274 34 10.9396 -14.7882 7.21925 60.6766
230417 14.7965 1.58744 34 10.3781 -15.1537 6.91078 60.762
230436 14.7965 1.58744 34 10.3781 -15.1537 6.91078 60.762
230443 16.1012 1.92417 34 8.94533 -16.0863 6.13081 60.9707
230451 16.6907 2.0781 34 8.35478 -16.4657 5.7881 61.1236
230469 16.6907 2.0781 34 8.35478 -16.4657 5.7881 61.1236
230471 17.202 2.24165 34 7.95786 -16.6944 5.50006 61.4016
230485 17.6735 2.309 34 7.58998 -16.9615 5.26393 61.5724
230505 17.6735 2.309 34 7.58998 -16.9615 5.26393 61.5724
230507 18.2507 2.50141 34 7.32859 -17.0829 4.9717 62.0807
230511 18.2507 2.50141 34 7.32859 -17.0829 4.9717 62.0807
230520 18.8857 2.588 34 7.09624 -17.2613 4.70415 62.5699
230538 19.6361 2.68421 34 6.97039 -17.3728 4.4201 63.2907
230542 19.6361 2.68421 34 6.97039 -17.3728 4.4201 63.2907
230550 20.2903 2.71307 34 6.79613 -17.5476 4.18328 63.7995
230573 20.2903 2.71307 34 6.79613 -17.5476 4.18328 63.7995
230575 20.9349 2.79966 34 6.85421 -17.5267 3.97584 64.5888
230581 21.5122 2.90549 34 6.74772 -17.5933 3.75891 65.1654
230601 21.5122 2.90549 34 6.74772 -17.5933 3.75891 65.1654
230606 22.1952 2.97284 34 6.76708 -17.614 3.54871 65.9352
230613 22.9745 3.07866 34 6.74772 -17.645 3.29962 66.8009
230635 22.9745 3.07866 34 6.74772 -17.645 3.29962 66.8009
230637 23.5518 3.16525 34 6.74772 -17.6532 3.11956 67.4648
230642 24.0713 3.31919 34 6.69932 -17.6432 2.9319 68.0898
230667 24.0713 3.31919 34 6.69932 -17.6432 2.9319 68.0898
230669 24.4465 3.40577 34 6.65091 -17.6597 2.80248 68.5032
230677 24.4465 3.40577 34 6.65091 -17.6597 2.80248 68.5032
230683 24.841 3.45388 34 6.48633 -17.774 2.65875 68.7812
230700 25.245 3.55971 34 6.34112 -17.8406 2.50261 69.1459
230707 25.245 3.55971 34 6.34112 -17.8406 2.50261 69.1459
230715 25.5337 3.58857 34 6.00228 -18.0626 2.36096 69.1245
230736 25.5337 3.58857 34 6.00228 -18.0626 2.36096 69.1245
230739 25.6491 3.63667 34 5.82802 -18.1528 2.28801 69.1138
230743 25.5914 3.61743 34 5.76993 -18.1955 2.2966 68.9788
230771 25.5914 3.61743 34 5.76993 -18.1955 2.2966 68.9788
230773 25.2932 3.55008 34 5.78929 -18.1961 2.39232 68.6325
230780 25.1007 3.71364 34 6.40888 -17.6885 2.51242 69.2233
230789 25.1007 3.71364 34 6.40888 -17.6885 2.51242 69.2233
230807 25.2932 4.80079 34 7.13497 -16.6215 2.32511 71.2289
230812 25.3701 7.06169 34 8.08371 -14.8374 1.94293 74.5155
230821 25.3701 7.06169 34 8.08371 -14.8374 1.94293 74.5155
230843 25.2835 10.3713 34 9.53588 -12.4309 1.49281 79.1907
230845 25.2835 10.3713 34 9.53588 -12.4309 1.49281 79.1907
230848 24.129 13.4018 34 16.0609 -8.18178 2.14577 87.5918
230856 21.8393 14.8546 34 26.185 -3.81913 3.6372 96.8788
230874 21.8393 14.8546 34 26.185 -3.81913 3.6372 96.8788
230881 18.7317 14.9989 29.3609 26.5613 -1.8216 3.71292 89.6528
230887 15.4053 15.4895 21.5987 24.4001 0.93818 2.94639 76.8937
230910 15.4053 15.4895 21.5987 24.4001 0.93818 2.94639 76.8937
230911 12.3803 15.8359 16.8786 25.5772 4.2995 3.02232 70.672
230917 12.3803 15.8359 16.8786 25.5772 4.2995 3.02232 70.672
230944 9.61626 16.4035 15.1685 28.9637 7.33497 3.87281 70.1519
230946 7.06481 16.8461 15.2899 33.0834 9.53694 5.0763 72.2842
230948 7.06481 16.8461 15.2899 33.0834 9.53694 5.0763 72.2842
230982 4.91927 17.2009 15.8464 34 10.5727 5.77898 71.9666
230982 4.91927 17.2009 15.8464 34 10.5727 5.77898 71.9666
230984 3.16998 17.3827 15.9375 34 11.4467 6.25297 70.4902
230987 1.93292 17.5166 16.1702 34 11.9985 6.61897 69.6198
231019 1.93292 17.5166 16.1702 34 11.9985 6.61897 69.6198
231020 1.70097 17.6697 16.5446 34 11.9516 6.68824 69.9153
231022 1.82661 17.8514 16.8077 34 11.7815 6.62468 70.4858
231032 1.82661 17.8514 16.8077 34 11.7815 6.62468 70.4858
231054 1.88459 17.9854 16.656 34 11.8555 6.5478 70.5259
231055 1.88459 17.9854 16.656 34 11.8555 6.5478 70.5259
231063 1.86526 17.9471 16.231 34 12.0821 6.51424 70.0433
231090 1.98124 18.1002 15.5935 34 12.3881 6.35352 69.6749
231092 1.90392 18.1576 14.956 34 12.7858 6.27982 69.0174
231098 1.96191 18.3489 14.4601 34 13.0603 6.1398 68.7709
231127 2.02956 18.3489 14.1363 34 13.2026 6.07705 68.5148
231162 1.97157 18.148 13.853 34 13.3596 6.12013 67.9725
231163 1.9909 17.9567 13.6506 34 13.4305 6.14729 67.5982
231166 1.9909 17.9567 13.6506 34 13.4305 6.14729 67.5982
231172 1.98124 18.0141 13.5494 34 13.5034 6.11908 67.5447
231197 2.00057 18.1767 13.8935 34 13.3254 6.10751 68.0707
231199 2.00057 18.1767 13.8935 34 13.3254 6.10751 68.0707
231201 2.12621 18.3585 14.1869 34 13.1224 6.05102 68.6716
231210 2.12621 18.3585 14.1869 34 13.1224 6.05102 68.6716
231235 2.1842 18.4063 14.3286 34 13.0202 6.0371 68.9191
231235 2.17453 18.3776 14.5613 34 12.8925 6.07895 69.1134
231241 2.17453 18.3776 14.5613 34 12.8925 6.07895 69.1134
231251 2.13587 18.3298 14.6827 34 12.8388 6.12099 69.1484
231271 2.02956 18.3106 14.7637 34 12.8493 6.16973 69.1039
231286 2.03923 18.1958 14.8851 34 12.7573 6.21745 69.1202
231308 2.03923 18.1958 14.8851 34 12.7573 6.21745 69.1202
231309 1.91359 18.0619 14.9256 34 12.7802 6.30254 68.9011
231311 1.8556 17.9567 14.8952 34 12.81 6.3493 68.7075
231337 1.89426 17.8227 14.8851 34 12.7705 6.37767 68.6021
231342 1.8556 17.9184 14.7435 34 12.887 6.34206 68.5175
231352 1.8556 17.9184 14.7435 34 12.887 6.34206 68.5175
231369 1.87493 18.2628 14.5714 34 13.0319 6.2074 68.7092
231372 1.87493 18.2628 14.5714 34 13.0319 6.2074 68.7092
