250754 12.7862 16.519 23.1754 16.758 -0.969365 2.30251 69.2386
250766 13.946 13.9887 25.9447 14.6185 -4.11822 2.76545 68.4978
250775 15.1154 13.9887 29.2295 12.8468 -6.14966 2.73366 71.1804
250787 15.1154 11.8144 29.2295 12.8468 -7.13115 3.29243 69.0061
250795 16.2268 9.48613 33.1207 11.3946 -10.1336 4.01598 70.2283
250808 16.2268 9.48613 33.1207 11.3946 -10.1336 4.01598 70.2283
250815 17.3271 7.2541 34 10.3104 -12.2521 4.2957 68.8916
250825 18.3565 5.46463 34 9.82631 -13.6981 4.4359 67.6475
250840 18.3565 5.46463 34 9.82631 -13.6981 4.4359 67.6475
250846 19.2994 4.14658 34 9.71014 -14.6832 4.52621 67.1561
250856 20.1749 3.31919 34 9.55524 -15.3993 4.48801 67.0493
250866 20.1749 3.31919 34 9.55524 -15.3993 4.48801 67.0493
250876 20.9253 2.82852 34 9.34226 -15.9303 4.37919 67.0961
250886 20.9253 2.82852 34 9.34226 -15.9303 4.37919 67.0961
250901 21.2043 2.50141 34 9.0615 -16.3409 4.34849 66.7672
250907 21.3775 2.44369 34 8.7033 -16.6219 4.25756 66.5245
250916 21.3775 2.44369 34 8.7033 -16.6219 4.25756 66.5245
250931 21.3967 2.49179 34 8.27734 -16.862 4.1688 66.1658
250937 21.339 2.38596 34 7.79328 -17.2317 4.13663 65.5182
250963 21.262 2.41483 34 7.44476 -17.4299 4.09263 65.1216
250972 21.262 2.41483 34 7.44476 -17.4299 4.09263 65.1216
250981 20.9638 2.28014 34 7.15433 -17.6749 4.17179 64.3982
250990 20.7425 2.15507 34 6.96071 -17.8625 4.24294 63.8583
251000 20.7425 2.15507 34 6.96071 -17.8625 4.24294 63.8583
251017 20.2903 2.15507 34 6.98007 -17.7985 4.38342 63.4255
251023 20.0306 2.13582 34 6.95103 -17.8016 4.46422 63.1174
251045 19.7419 2.09734 34 7.0672 -17.7157 4.58488 62.9065
251063 19.5591 2.10696 34 7.29954 -17.5304 4.67718 62.9656
251073 19.2032 2.05886 34 7.43508 -17.4287 4.82631 62.6971
251080 19.2032 2.05886 34 7.43508 -17.4287 4.82631 62.6971
251090 18.6548 1.97227 34 7.51253 -17.3682 5.04159 62.1396
251106 17.9621 1.8953 34 7.73519 -17.1821 5.32803 61.5926
251111 17.9621 1.8953 34 7.73519 -17.1821 5.32803 61.5926
251121 17.1539 1.73175 34 7.97722 -17.0239 5.69104 60.8629
251151 16.1785 1.6163 34 8.19989 -16.8191 6.10181 59.9947
251154 15.1347 1.42388 34 8.58713 -16.537 6.60111 59.1457
251178 14.2456 1.31805 34 8.8582 -16.2907 7.00797 58.4218
251182 13.4531 1.19298 34 9.25513 -15.9776 7.41152 57.9012
251194 13.4531 1.19298 34 9.25513 -15.9776 7.41152 57.9012
251202 12.8829 1.1064 34 9.67141 -15.6541 7.72159 57.6607
251215 12.8829 1.1064 34 9.67141 -15.6541 7.72159 57.6607
251227 12.303 1.04867 34 9.94248 -15.4081 8.00888 57.2942
251233 11.9648 1.03905 34 10.2426 -15.1464 8.18535 57.2464
251243 11.9648 1.03905 34 10.2426 -15.1464 8.18535 57.2464
251253 11.7618 1.00057 34 10.4943 -14.962 8.31308 57.2567
251263 11.6265 1.02943 34 10.6782 -14.79 8.37781 57.3342
251273 11.6265 1.02943 34 10.6782 -14.79 8.37781 57.3342
251283 11.4525 0.990945 34 10.7654 -14.7251 8.47471 57.2089
251295 11.2496 0.990945 34 10.7654 -14.6885 8.55829 57.0059
251305 11.2496 0.846633 34 10.7654 -14.7892 8.61808 56.8616
251315 11.1046 0.875495 34 10.6202 -14.8449 8.65015 56.6003
251328 11.1046 0.875495 34 10.6202 -14.8449 8.65015 56.6003
251335 11.1046 0.846633 34 10.8331 -14.7157 8.68599 56.7844
251345 11.7618 2.72269 34 14.8024 -11.1543 8.13389 63.2869
251363 11.7618 2.72269 34 14.8024 -11.1543 8.13389 63.2869
251372 13.2405 7.01358 34 18.7656 -7.34778 6.67866 73.0197
251381 11.9551 6.01302 34 19.5664 -7.12092 7.46457 71.5345
251392 11.9551 6.01302 34 19.5664 -7.12092 7.46457 71.5345
251397 11.4525 7.31183 34 21.9302 -5.4256 7.46356 74.6945
251406 11.4525 7.31183 34 21.9302 -5.4256 7.46356 74.6945
251421 10.9596 8.60102 34 21.4478 -4.96972 7.17662 75.0084
251427 10.2638 9.44765 34 20.9075 -4.65989 7.07516 74.6189
251437 10.2638 9.44765 34 20.9075 -4.65989 7.07516 74.6189
251447 9.49062 10.2462 30.5939 22.0267 -2.699 6.81696 72.3574
251457 8.62081 11.2467 27.3395 24.1879 -0.184076 6.65169 71.3949
251467 8.62081 11.2467 27.3395 24.1879 -0.184076 6.65169 71.3949
251477 7.75099 12.305 23.8728 26.7157 2.61766 6.48297 70.6445
251487 7.75099 12.305 23.8728 26.7157 2.61766 6.48297 70.6445
251500 7.08414 13.4788 20.3151 29.1277 5.43071 6.18804 70.0057
251508 6.39795 14.8738 17.6873 31.7037 7.95762 5.96904 70.6628
251518 6.39795 14.8738 17.6873 31.7037 7.95762 5.96904 70.6628
251528 6.06936 16.3554 16.2512 34 9.64379 5.74326 72.6759
251540 5.4315 17.507 16.0792 34 10.2702 5.57549 73.0177
251553 5.4315 17.507 16.0792 34 10.2702 5.57549 73.0177
251561 4.71632 18.3298 16.4536 34 10.5986 5.59339 73.4997
251574 4.71632 18.3298 16.4536 34 10.5986 5.59339 73.4997
251583 3.97214 18.8655 16.7369 34 10.9265 5.68795 73.5746
251590 3.18931 19.0951 16.7065 34 11.371 5.84089 72.991
251600 3.18931 19.0951 16.7065 34 11.371 5.84089 72.991
251610 2.34849 19.0664 16.3827 34 11.9555 6.05198 71.7976
251620 1.94258 18.9994 16.2714 34 12.2117 6.17778 71.2134
251630 1.94258 18.9994 16.2714 34 12.2117 6.17778 71.2134
251647 1.9909 18.789 15.9173 34 12.3346 6.18216 70.6971
251651 1.9909 18.789 15.9173 34 12.3346 6.18216 70.6971
251662 1.8556 18.4541 15.5125 34 12.5626 6.27367 69.8222
251671 1.77828 17.9758 14.9964 34 12.8003 6.3801 68.7505
251698 1.62365 17.5262 14.6119 34 13.0201 6.52184 67.7617
251706 1.57533 17.3061 14.3083 34 13.18 6.5695 67.1898
251715 1.57533 17.3061 14.3083 34 13.18 6.5695 67.1898
251723 1.65264 17.4783 14.1464 34 13.2583 6.46921 67.2774
251736 1.65264 17.4783 14.1464 34 13.2583 6.46921 67.2774
251751 1.73962 17.641 13.9744 34 13.3349 6.36786 67.355
251755 1.81694 17.8993 13.9744 34 13.3356 6.26192 67.6906
251763 1.81694 17.8993 13.9744 34 13.3356 6.26192 67.6906
251774 1.8556 18.1097 13.8732 34 13.4072 6.1708 67.8385
251783 1.92325 18.5211 13.681 34 13.5474 5.99702 68.1253
251793 1.92325 18.5211 13.681 34 13.5474 5.99702 68.1253
251803 2.04889 19.0951 13.5494 34 13.6464 5.76592 68.6934
251830 2.22285 20.0231 13.2762 34 13.8532 5.4005 69.5221
251835 2.37749 20.8649 13.094 34 14.0018 5.08661 70.3365
251861 2.58044 21.6972 12.7804 34 14.1914 4.7502 71.058
251866 2.69642 22.4339 12.6589 34 14.3053 4.4983 71.7892
251876 2.69642 22.4339 12.6589 34 14.3053 4.4983 71.7892
251886 2.83172 23.2088 12.3958 33.836 14.4652 4.19067 72.2723
251896 2.97669 23.8689 12.1429 33.4211 14.5597 3.87761 72.4095
251906 2.97669 23.8689 12.1429 33.4211 14.5597 3.87761 72.4095
251926 2.99602 24.4429 11.9607 33.0062 14.6716 3.63121 72.4059
251929 2.99602 24.4429 11.9607 33.0062 14.6716 3.63121 72.4059
251937 3.16032 24.8925 11.647 32.4949 14.7449 3.34285 72.1947
251951 3.18931 25.2847 11.5256 32.0414 14.7871 3.14257 72.0411
251961 3.18931 25.2847 11.5256 32.0414 14.7871 3.14257 72.0411
251967 3.22797 25.323 11.2119 31.5494 14.8756 2.98903 71.3123
251977 4.9676 25.6005 11.8798 31.4143 13.5954 2.58441 73.8621
251993 4.9676 25.6005 11.8798 31.4143 13.5954 2.58441 73.8621
251998 5.52814 25.4091 11.819 30.4977 13.1596 2.33015 73.254
252007 5.52814 25.4091 11.819 30.4977 13.1596 2.33015 73.254
252017 7.84764 25.3804 11.556 28.7128 11.7997 1.43694 73.4968
252032 10.1961 24.9595 12.244 26.7253 9.86328 0.771752 74.125
252038 10.1961 24.9595 12.244 26.7253 9.86328 0.771752 74.125
252048 13.2888 24.462 18.3442 25.4132 5.59519 1.1054 81.5082
252058 17.4137 23.5532 26.4905 23.8695 0.963148 1.54277 91.3268
252077 17.4137 23.5532 26.4905 23.8695 0.963148 1.54277 91.3268
252086 19.1454 21.525 24.9239 19.084 -1.0216 0.591191 84.6784
252095 19.1454 21.525 24.9239 19.084 -1.0216 0.591191 84.6784
252103 19.4341 18.3011 22.9025 14.2022 -3.28479 -0.126365 74.8398
252115 19.9344 14.7006 24.2467 10.988 -6.61675 0.128766 69.8698
252123 19.9344 14.7006 24.2467 10.988 -6.61675 0.128766 69.8698
252131 21.3679 11.6027 27.0868 9.02278 -10.0713 0.681601 69.0802
252141 22.9649 9.17827 30.3008 7.69647 -12.9708 1.25194 70.1405
252151 22.9649 9.17827 30.3008 7.69647 -12.9708 1.25194 70.1405
252161 24.8891 7.59083 33.0904 6.9123 -14.9954 1.55681 72.4826
252187 26.6882 6.49406 34 6.69932 -16.0713 1.52618 73.8815
252193 28.2852 5.79174 34 6.67995 -16.6585 1.32489 74.7569
252203 28.2852 5.79174 34 6.67995 -16.6585 1.32489 74.7569
252212 29.382 5.29145 34 6.709 -17.0403 1.20098 75.3825
252226 30.0458 5.07018 34 6.72836 -17.2219 1.10997 75.8444
252237 30.0458 5.07018 34 6.72836 -17.2219 1.10997 75.8444
252248 30.0939 5.11828 34 6.7574 -17.1839 1.09488 75.9696
252253 30.0939 5.11828 34 6.7574 -17.1839 1.09488 75.9696
252263 29.4686 4.95473 34 6.60251 -17.2978 1.23541 75.0258
252274 28.4392 4.74307 34 6.27335 -17.5013 1.44804 73.4556
252289 28.4392 4.74307 34 6.27335 -17.5013 1.44804 73.4556
252301 27.5444 4.50255 34 5.94419 -17.7444 1.64545 71.9912
252303 26.9768 4.42558 34 5.72153 -17.8666 1.75451 71.1239
252318 26.9768 4.42558 34 5.72153 -17.8666 1.75451 71.1239
252326 26.7555 4.40634 34 5.61503 -17.9205 1.79151 70.7769
252335 26.7555 4.40634 34 5.61503 -17.9205 1.79151 70.7769
252347 26.6304 4.35823 34 5.54727 -17.9784 1.82005 70.5359
252355 26.3226 4.33899 34 5.69248 -17.8707 1.92546 70.3541
252370 26.3226 4.33899 34 5.69248 -17.8707 1.92546 70.3541
252375 26.1494 4.36786 34 5.74089 -17.806 1.96923 70.2581
252393 26.1109 4.36786 34 5.76025 -17.7903 1.98212 70.239
252396 26.1109 4.36786 34 5.76025 -17.7903 1.98212 70.239
252406 26.2841 4.45444 34 5.79897 -17.7319 1.92673 70.5375
252417 26.515 4.45444 34 5.71184 -17.8084 1.85532 70.6813
252426 26.515 4.53141 34 5.71184 -17.7618 1.83698 70.7582
252445 26.6112 4.54103 34 5.73121 -17.7541 1.81544 70.8834
252454 26.6112 4.54103 34 5.73121 -17.7541 1.81544 70.8834
252463 26.5246 4.50255 34 5.62472 -17.833 1.82533 70.6519
252471 26.159 4.46406 34 5.66344 -17.7956 1.92932 70.2865
252480 26.159 4.46406 34 5.66344 -17.7956 1.92932 70.2865
252489 25.8512 4.41596 34 5.72153 -17.7578 2.02627 69.9886
252498 25.6876 4.31013 34 5.8377 -17.7345 2.11353 69.8354
252509 25.6876 4.31013 34 5.8377 -17.7345 2.11353 69.8354
252518 25.5433 4.35823 34 5.94419 -17.6249 2.15675 69.8457
252540 25.2835 4.30051 34 6.07973 -17.5498 2.25993 69.6638
252554 25.0911 4.27165 34 6.24431 -17.4462 2.34492 69.6071
252568 25.0911 4.27165 34 6.24431 -17.4462 2.34492 69.6071
252572 24.8121 4.16582 34 6.40888 -17.3799 2.47114 69.3868
252580 24.5523 4.09847 34 6.57346 -17.2918 2.58348 69.2243
252592 24.5523 4.09847 34 6.57346 -17.2918 2.58348 69.2243
252601 24.4561 4.06961 34 6.63155 -17.2632 2.62571 69.1573
252610 24.4561 4.06961 34 6.63155 -17.2632 2.62571 69.1573
252622 24.3311 4.02151 34 6.68964 -17.243 2.68033 69.0422
252635 24.2637 3.9734 34 6.76708 -17.2175 2.72374 69.0042
252652 23.9847 3.89643 34 6.73804 -17.2511 2.81048 68.6192
252661 23.5325 3.84833 34 7.44476 -16.7959 3.06511 68.8256
252671 23.5325 3.84833 34 7.44476 -16.7959 3.06511 68.8256
252681 23.2247 5.42615 34 7.97722 -15.5113 2.83027 70.628
252696 23.2247 5.42615 34 7.97722 -15.5113 2.83027 70.628
252702 22.3492 6.44595 34 9.0131 -14.2359 2.96999 71.8082
252711 21.1947 8.76457 34 12.7306 -10.9856 3.28036 76.6899
252737 19.6938 11.545 34 23.5704 -5.22988 4.44744 88.8092
252742 17.077 12.0164 33.808 28.7418 -2.76255 5.47608 91.6431
252756 17.077 12.0164 33.808 28.7418 -2.76255 5.47608 91.6431
252762 13.9363 12.9785 27.0666 27.6226 -0.123104 5.10533 81.604
252772 13.9363 12.9785 27.0666 27.6226 -0.123104 5.10533 81.604
252787 11.0949 14.0945 20.6891 26.5227 3.05009 4.56256 72.4012
252794 8.58215 15.1336 16.6661 28.6356 6.70881 4.69142 69.0174
252803 8.58215 15.1336 16.6661 28.6356 6.70881 4.69142 69.0174
252826 6.52359 16.2207 14.3185 31.7906 9.8649 5.09011 68.8533
252829 4.71632 16.8942 13.5393 34 11.8 5.62449 69.1498
252833 4.71632 16.8942 13.5393 34 11.8 5.62449 69.1498
252849 3.34395 17.4592 13.7113 34 12.5535 5.89106 68.5145
252863 2.35816 18.0236 14.1464 34 12.9578 6.07734 68.5282
252882 1.556 18.5498 14.4804 34 13.3093 6.2056 68.5862
252886 1.556 18.5498 14.4804 34 13.3093 6.2056 68.5862
252895 0.908471 18.8655 14.4601 34 13.7383 6.30612 68.2341
252905 0.840819 19.1621 14.4702 34 13.8197 6.23617 68.4731
252931 0.860148 19.229 14.5512 34 13.7739 6.21981 68.6404
252935 0.860148 19.229 14.5512 34 13.7739 6.21981 68.6404
252951 0.860148 19.229 14.3994 34 13.8598 6.20035 68.4886
252956 0.879477 19.0568 14.2071 34 13.9303 6.22308 68.1435
252982 0.840819 18.7316 14.0554 34 13.9866 6.31759 67.6277
252991 0.753837 18.3585 13.8631 34 14.0878 6.43911 66.9754
252997 0.753837 18.3585 13.8631 34 14.0878 6.43911 66.9754
253013 0.657192 17.8323 13.7214 34 14.1418 6.62246 66.2109
253017 0.657192 17.8323 13.7214 34 14.1418 6.62246 66.2109
253027 0.541217 17.2487 13.6405 34 14.1628 6.84327 65.4304
253042 0.483229 16.8846 13.5899 34 14.1675 6.97888 64.9577
253048 0.483229 16.8846 13.5899 34 14.1675 6.97888 64.9577
253059 0.367254 16.721 13.428 34 14.3087 7.05398 64.5162
253069 0.376919 16.7499 13.3268 34 14.3693 7.02832 64.4536
253083 0.376919 16.7499 13.3268 34 14.3693 7.02832 64.4536
253089 0.415577 16.9134 13.2661 34 14.4097 6.95187 64.5951
253108 0.415577 16.9134 13.2661 34 14.4097 6.95187 64.5951
253111 0.434906 17.1148 13.175 34 14.4863 6.86569 64.7247
253120 0.434906 17.3348 13.1952 34 14.5096 6.79416 64.965
253132 0.434906 17.3348 13.1952 34 14.5096 6.79416 64.965
253140 0.541217 17.641 13.175 34 14.5067 6.65408 65.3572
253150 0.521887 17.9949 12.9929 34 14.6849 6.52027 65.5097
253162 0.521887 17.9949 12.9929 34 14.6849 6.52027 65.5097
253183 0.647527 18.368 12.9018 34 14.7225 6.34572 65.9174
253185 0.705514 18.8081 12.7702 34 14.8348 6.16816 66.2839
253191 0.705514 18.8081 12.7702 34 14.8348 6.16816 66.2839
253201 0.763502 19.2864 12.7298 34 14.8972 5.9928 66.7797
253220 0.763502 19.2864 12.7298 34 14.8972 5.9928 66.7797
253233 0.831154 19.7169 12.7095 34 14.9337 5.8346 67.2576
253238 0.889142 20.0135 12.6185 34 14.9975 5.71284 67.5211
253247 0.889142 20.0135 12.6185 34 14.9975 5.71284 67.5211
253258 0.966458 20.2909 12.3958 34 15.1244 5.57367 67.6532
253265 0.860148 20.4631 12.1327 34 15.3694 5.51681 67.456
253274 0.860148 20.4631 12.1327 34 15.3694 5.51681 67.456
253284 0.869812 20.4536 11.7988 34 15.563 5.4696 67.1222
253293 0.869812 20.4536 11.7988 34 15.563 5.4696 67.1222
253307 0.898806 20.4823 11.4952 34 15.7336 5.40868 66.8763
253319 0.840819 20.2144 11.7179 34 15.596 5.54025 66.7731
253332 0.840819 20.2144 11.7179 34 15.596 5.54025 66.7731
253334 2.27118 20.2431 12.1226 34 14.5145 5.1594 68.6369
253349 3.56623 20.1092 12.497 34 13.5544 4.87833 70.1724
253359 3.56623 20.1092 12.497 34 13.5544 4.87833 70.1724
253367 5.8664 20.2909 12.7196 34 12.2483 4.23226 72.877
253383 5.8664 20.2909 12.7196 34 12.2483 4.23226 72.877
253385 8.1859 20.3196 13.7518 32.2537 10.2789 3.52295 74.511
253400 10.7567 20.2335 17.5155 30.1504 7.028 3.1801 78.6561
253415 13.4821 19.9083 26.1468 28.5488 2.50554 3.62803 88.086
253432 14.9898 18.7411 29.4013 24.5159 -0.323467 3.45466 87.6481
253437 14.9898 18.7411 29.4013 24.5159 -0.323467 3.45466 87.6481
253446 16.0915 16.9711 27.5214 18.6112 -2.53505 2.47552 79.1953
253458 16.0915 16.9711 27.5214 18.6112 -2.53505 2.47552 79.1953
253471 16.9227 14.9411 27.8347 14.1634 -5.29799 2.0581 73.862
253482 17.8659 13.2094 30.3918 11.2591 -8.17765 2.18126 72.7262
253491 17.8659 13.2094 30.3918 11.2591 -8.17765 2.18126 72.7262
253497 18.9049 11.7663 32.9994 9.95216 -10.2502 2.50202 73.6228
253509 19.7708 10.2558 34 9.27449 -11.678 2.71099 73.3011
253521 19.7708 10.2558 34 9.27449 -11.678 2.71099 73.3011
253532 20.7425 8.60102 34 8.75171 -12.9654 2.78968 72.0952
253547 21.4929 6.80192 34 8.31606 -14.2949 2.97855 70.6109
253566 22.0125 5.02207 34 7.91913 -15.616 3.23796 68.9537
253568 22.0125 5.02207 34 7.91913 -15.616 3.23796 68.9537
253582 22.6378 3.85795 34 7.56093 -16.6108 3.32043 68.0567
253587 23.2535 3.85795 34 7.4738 -16.7389 3.14112 68.5853
253597 23.2535 3.29994 34 7.4738 -17.0813 3.28993 68.0273
253608 23.9559 3.30956 34 7.4254 -17.186 3.09211 68.6908
253633 24.5427 3.29994 34 7.0672 -17.4778 2.87866 68.9099
253637 24.8891 3.36729 34 6.69932 -17.7007 2.70673 68.9557
253659 24.8891 3.36729 34 6.69932 -17.7007 2.70673 68.9557
253659 25.1777 3.41539 34 6.37984 -17.8992 2.56334 68.9729
253667 25.1777 3.41539 34 6.37984 -17.8992 2.56334 68.9729
253684 25.4567 3.42501 34 5.97323 -18.1753 2.41628 68.855
253687 25.8608 3.53084 34 5.67312 -18.3367 2.23301 69.0647
253708 25.8608 3.53084 34 5.67312 -18.3367 2.23301 69.0647
253708 26.0917 3.66553 34 5.41173 -18.4383 2.09368 69.1689
253717 26.2552 3.59819 34 5.22779 -18.6119 2.03551 69.0812
253733 26.2552 3.59819 34 5.22779 -18.6119 2.03551 69.0812
253739 26.3514 3.62705 34 5.04385 -18.7188 1.97009 69.0223
253756 26.3514 3.62705 34 5.04385 -18.7188 1.97009 69.0223
253759 26.5246 3.68478 34 4.9664 -18.747 1.89886 69.1758
253768 26.6786 3.68478 34 4.93736 -18.7792 1.85583 69.3007
253780 26.6786 3.68478 34 4.93736 -18.7792 1.85583 69.3007
253791 26.7844 3.70402 34 4.9664 -18.7582 1.83098 69.4548
253805 26.8132 3.58857 34 4.95672 -18.8398 1.85015 69.3585
253830 26.8036 3.66553 34 4.92768 -18.8086 1.82829 69.3968
253831 26.8036 3.66553 34 4.92768 -18.8086 1.82829 69.3968
253841 26.7459 3.56933 34 5.04385 -18.7909 1.8877 69.3591
253860 26.7459 3.55008 34 5.1697 -18.7237 1.91614 69.4657
253861 26.7459 3.55008 34 5.1697 -18.7237 1.91614 69.4657
253879 26.8902 3.58857 34 5.18907 -18.7004 1.87539 69.6678
253881 26.9768 3.60781 34 5.21811 -18.678 1.85526 69.8027
253893 26.9768 3.60781 34 5.21811 -18.678 1.85526 69.8027
253907 27.0826 3.63667 34 5.17939 -18.6937 1.81551 69.8987
253912 27.0826 3.63667 34 5.17939 -18.6937 1.81551 69.8987
253931 27.0057 3.57895 34 5.34396 -18.62 1.87892 69.9286
253933 27.1019 3.58857 34 5.34396 -18.6228 1.85342 70.0344
253942 27.1019 3.58857 34 5.34396 -18.6228 1.85342 70.0344
253957 27.2366 3.72326 34 5.30524 -18.5754 1.78156 70.2651
253963 27.2654 3.70402 34 5.33428 -18.572 1.78472 70.3037
253983 27.2654 3.70402 34 5.33428 -18.572 1.78472 70.3037
253985 27.3809 3.73288 34 5.28588 -18.5946 1.74123 70.3996
253997 27.3809 3.73288 34 5.28588 -18.5946 1.74123 70.3996
254009 27.2943 3.78098 34 5.31492 -18.5389 1.75585 70.3902
254013 27.0345 3.78098 34 5.42141 -18.449 1.8379 70.2369
254040 26.8902 3.7425 34 5.48918 -18.4174 1.89452 70.1219
254043 26.5823 3.67516 34 5.51822 -18.4122 1.99082 69.7757
254058 26.5823 3.67516 34 5.51822 -18.4122 1.99082 69.7757
254065 26.2264 3.54046 34 5.91515 -18.2152 2.18456 69.682
254093 25.9185 4.82003 34 7.17369 -16.6609 2.17664 71.9122
254095 25.5048 6.85003 34 8.61617 -14.6852 2.05306 74.971
254109 25.5048 6.85003 34 8.61617 -14.6852 2.05306 74.971
254120 24.7544 9.85173 34 11.4915 -11.6768 2.03852 80.0976
254133 23.4556 12.026 34 18.2253 -7.7543 2.86358 87.7069
254136 23.4556 12.026 34 18.2253 -7.7543 2.86358 87.7069
254146 21.339 13.3729 34 24.2264 -4.77187 3.79518 92.9384
254158 18.5105 11.5835 27.9257 23.7633 -3.38987 3.9608 81.783
254166 18.5105 14.0464 27.9257 23.7633 -2.55989 3.40648 84.2459
254184 15.56 15.1624 21.6492 22.8564 0.269058 2.74829 75.228
254188 15.56 15.1624 21.6492 22.8564 0.269058 2.74829 75.228
254197 12.7669 16.163 17.192 23.937 3.61876 2.6119 70.0589
254210 10.3894 17.287 14.3994 26.2526 6.86052 2.84849 68.3284
254220 10.3894 17.287 14.3994 26.2526 6.86052 2.84849 68.3284
254237 8.32121 18.2054 12.831 29.3496 9.60702 3.41754 68.7072
254239 6.44628 18.8559 12.5881 32.8615 11.5485 4.27142 70.7518
254248 6.44628 18.8559 12.5881 32.8615 11.5485 4.27142 70.7518
254264 4.84196 19.4873 12.8107 34 12.593 4.74025 71.14
254277 4.84196 19.4873 12.8107 34 12.593 4.74025 71.14
254280 3.37294 19.8317 13.3167 34 13.167 5.12866 70.5213
254291 2.21319 20.1474 13.6 34 13.6985 5.41148 69.9606
254300 2.21319 20.1474 13.6 34 13.6985 5.41148 69.9606
254319 1.36271 20.4057 13.6506 34 14.1865 5.59259 69.419
254326 0.734508 20.6258 13.4988 34 14.6649 5.69392 68.8591
254330 0.734508 20.6258 13.4988 34 14.6649 5.69392 68.8591
254345 0.599204 20.8267 13.5393 34 14.7495 5.67969 68.9652
254355 0.599204 20.8267 13.5393 34 14.7495 5.67969 68.9652
254361 0.69585 20.7884 13.5292 34 14.694 5.66083 69.0134
254373 0.705514 20.5875 13.3369 34 14.7695 5.69224 68.6299
254381 0.705514 20.5875 13.3369 34 14.7695 5.69224 68.6299
254400 0.666856 20.2144 13.1446 34 14.8484 5.79118 68.0259
254402 0.541217 19.7169 12.8714 34 15.0099 5.9467 67.1296
254416 0.541217 19.7169 12.8714 34 15.0099 5.9467 67.1296
254429 0.550881 19.363 12.6589 34 15.0787 6.02613 66.5728
254433 0.550881 19.363 12.6589 34 15.0787 6.02613 66.5728
254442 0.618533 19.1429 12.2946 34 15.2256 6.02514 66.0561
254456 0.560546 19.0855 12.1833 34 15.3205 6.04682 65.8294
254462 0.560546 19.0855 12.1833 34 15.3205 6.04682 65.8294
254473 0.57021 19.1047 12.072 34 15.3857 6.02244 65.7469
254485 0.58954 19.0473 12.1833 34 15.2971 6.04979 65.8201
254501 0.58954 19.0473 12.1833 34 15.2971 6.04979 65.8201
254512 0.473565 19.0568 12.3149 34 15.289 6.10168 65.8453
254515 0.473565 19.0568 12.3149 34 15.289 6.10168 65.8453
254524 0.57021 19.0473 12.244 34 15.2718 6.06422 65.8615
254537 0.58954 19.0855 12.3857 34 15.1793 6.06501 66.0608
254555 0.599204 19.2386 12.3554 34 15.2146 6.00913 66.1932
254571 0.628198 19.4491 12.406 34 15.1974 5.9403 66.4832
254579 0.628198 19.4491 12.406 34 15.1974 5.9403 66.4832
254585 0.666856 19.6595 12.578 34 15.1017 5.88562 66.9044
254599 0.666856 19.6595 12.578 34 15.1017 5.88562 66.9044
254605 0.69585 19.7265 12.6792 34 15.0337 5.8695 67.1015
254615 0.666856 19.7552 12.8714 34 14.9409 5.89568 67.2935
254627 0.666856 19.7552 12.8714 34 14.9409 5.89568 67.2935
254652 0.608869 19.7743 12.7702 34 15.0384 5.89405 67.1534
254654 0.686185 19.8222 12.7702 34 14.9995 5.85518 67.2786
254661 0.686185 19.8222 12.7702 34 14.9995 5.85518 67.2786
254680 0.724844 19.8317 12.5982 34 15.0803 5.81678 67.1548
254681 0.724844 19.8317 12.5982 34 15.0803 5.81678 67.1548
254687 0.637862 19.87 12.5476 34 15.1682 5.82497 67.0555
254706 0.666856 19.8413 12.3351 34 15.2743 5.79571 66.8433
254709 0.666856 19.8413 12.3351 34 15.2743 5.79571 66.8433
254717 0.666856 19.7743 13.0131 34 14.8598 5.90887 67.4543
254733 2.13587 20.0039 13.0131 34 14.0468 5.39528 69.1529
254740 2.13587 20.0039 13.0131 34 14.0468 5.39528 69.1529
254748 3.47925 20.1092 12.8815 34 13.3917 4.9581 70.47
254762 5.4025 20.2718 13.2661 34 12.2029 4.44029 72.9404
254789 7.2871 20.1283 17.3436 34 9.36323 4.55724 78.759
254792 7.2871 20.1283 17.3436 34 9.36323 4.55724 78.759
254800 8.76578 19.3917 26.8644 34 4.98794 5.51106 89.0219
254817 9.7129 17.8993 29.28 30.2083 2.61613 5.48955 87.1005
254820 9.7129 17.8993 29.28 30.2083 2.61613 5.48955 87.1005
254845 10.0705 15.6723 27.4304 23.6476 0.591946 4.94694 76.8208
254847 10.6504 13.3056 27.9459 18.8235 -2.28602 4.83845 70.7254
254855 10.6504 13.3056 27.9459 18.8235 -2.28602 4.83845 70.7254
254861 11.6941 11.0736 30.5535 15.5866 -5.65521 5.08775 68.9078
254875 11.6941 11.0736 30.5535 15.5866 -5.65521 5.08775 68.9078
254881 12.9602 8.89926 33.808 13.1663 -8.97185 5.47292 68.8337
254891 14.4872 6.94624 34 11.1429 -11.4147 5.34187 66.5764
254917 16.4878 5.36842 34 9.71014 -13.5013 4.99965 65.5663
254932 18.5971 4.14658 34 8.8582 -15.0881 4.59924 65.6018
254936 18.5971 4.14658 34 8.8582 -15.0881 4.59924 65.6018
254941 20.6367 3.41539 34 8.66458 -15.9468 4.18468 66.7166
254960 20.6367 3.41539 34 8.66458 -15.9468 4.18468 66.7166
254963 22.1183 2.79004 34 8.33542 -16.7275 3.88745 67.2437
254972 23.2535 2.69383 34 8.07403 -17.0849 3.55623 68.0214
254998 24.1002 2.79004 34 7.79328 -17.2956 3.25473 68.6835
255018 24.8506 2.86701 34 7.4254 -17.5572 2.97379 69.143
255020 24.8506 2.86701 34 7.4254 -17.5572 2.97379 69.143
255025 25.4567 3.01132 34 6.92198 -17.8424 2.69217 69.39
255033 25.4567 3.01132 34 6.92198 -17.8424 2.69217 69.39
255052 25.957 3.09791 34 6.38952 -18.169 2.44828 69.4444
255053 26.5727 3.29994 34 5.81834 -18.4581 2.14066 69.691
255075 26.5727 3.29994 34 5.81834 -18.4581 2.14066 69.691
255077 26.9768 3.39615 34 5.38269 -18.7074 1.93742 69.7556
255088 27.3809 3.42501 34 4.94704 -18.9988 1.75071 69.7529
255105 27.3809 3.42501 34 4.94704 -18.9988 1.75071 69.7529
255106 27.987 3.59819 34 4.6082 -19.1544 1.50079 70.1934
255115 27.987 3.59819 34 4.6082 -19.1544 1.50079 70.1934
255134 28.7085 3.81947 33.06 4.4049 -19.1249 1.05802 69.993
255141 29.5167 4.04075 32.2515 4.26936 -19.0708 0.634307 70.0783
255167 30.2864 4.23316 31.6249 4.12415 -19.0533 0.262451 70.2685
255169 31.0368 4.45444 31.0791 4.03702 -18.9868 -0.0796956 70.6073
255176 31.0368 4.45444 31.0791 4.03702 -18.9868 -0.0796956 70.6073
255196 31.6333 4.57951 30.7759 3.98861 -18.9642 -0.306081 70.9773
255201 32.1432 4.76231 30.5232 3.86276 -18.9508 -0.530124 71.2914
255207 32.1432 4.76231 30.5232 3.86276 -18.9508 -0.530124 71.2914
255224 32.4703 4.78155 30.3109 3.80467 -18.9845 -0.659173 71.3674
255232 32.4703 4.78155 30.3109 3.80467 -18.9845 -0.659173 71.3674
255239 32.6338 4.82003 30.22 3.78531 -18.9788 -0.723894 71.4592
255254 32.9321 4.8489 30.2402 3.82403 -18.9642 -0.775992 71.8452
255257 32.9321 4.8489 30.2402 3.82403 -18.9642 -0.775992 71.8452
255284 33.2207 4.95473 30.038 3.7369 -18.96 -0.9174 71.9504
255287 33.6344 5.01245 29.7551 3.67882 -18.9712 -1.08482 72.0807
255290 33.6344 5.01245 29.7551 3.67882 -18.9712 -1.08482 72.0807
255298 34 5.16638 29.4114 3.59169 -18.9323 -1.281 72.1695
255314 34 5.16638 29.4114 3.59169 -18.9323 -1.281 72.1695
255320 34 5.14714 29.1587 3.59169 -18.9227 -1.33455 71.8976
255329 34 5.28183 29.3609 3.65945 -18.8167 -1.29903 72.3022
255343 34 5.28183 29.3609 3.65945 -18.8167 -1.29903 72.3022
255351 33.9711 5.24335 29.8359 3.83371 -18.7729 -1.14117 72.8841
255373 33.5959 5.24335 30.321 4.02733 -18.6665 -0.920421 73.1877
255377 33.5959 5.20487 30.321 4.02733 -18.6895 -0.913014 73.1492
255386 33.4805 5.23373 30.3514 4.0467 -18.6533 -0.885518 73.1123
255405 33.4709 5.33956 29.9269 4.00797 -18.5752 -1.00534 72.7453
255414 33.1341 5.32032 28.9869 4.02733 -18.4603 -1.1418 71.4687
255430 33.1341 5.32032 28.9869 4.02733 -18.4603 -1.1418 71.4687
255432 32.7108 6.58065 28.1278 5.39237 -16.7781 -1.18895 72.8117
255460 32.047 8.47595 26.8847 7.6287 -14.2688 -1.20133 75.0363
255474 32.047 8.47595 26.8847 7.6287 -14.2688 -1.20133 75.0363
255484 29.5648 13.9502 29.1183 27.3524 -4.34574 1.94364 99.9858
255504 26.2552 13.9021 24.2669 27.0533 -2.6145 1.83044 91.4776
255506 26.2552 13.9021 24.2669 27.0533 -2.6145 1.83044 91.4776
255512 22.176 15.0181 18.6778 24.5931 -0.386064 1.1328 80.465
255522 17.7312 15.4414 15.7554 25.4904 2.50114 1.62724 74.4183
255537 17.7312 15.4414 15.7554 25.4904 2.50114 1.62724 74.4183
255547 13.6947 15.8359 14.4399 28.0182 5.459 2.69364 71.9886
255553 13.6947 15.8359 14.4399 28.0182 5.459 2.69364 71.9886
255569 10.2348 16.1149 13.853 30.7582 8.02743 3.8602 70.9609
255573 7.24844 16.0475 14.2375 34 9.9819 5.23004 71.5335
255583 7.24844 16.0475 14.2375 34 9.9819 5.23004 71.5335
255598 4.66799 15.9417 14.8548 34 10.9477 6.09918 69.4645
255608 2.69642 15.6916 15.5833 34 11.5533 6.88423 67.9713
255615 2.69642 15.6916 15.5833 34 11.5533 6.88423 67.9713
255630 1.20807 15.326 16.0589 34 12.0354 7.55145 66.593
255635 1.20807 15.326 16.0589 34 12.0354 7.55145 66.593
255645 0.212621 15.1047 16.4536 34 12.3301 8.01333 65.7709
255661 0 14.9027 16.5952 34 12.3315 8.17414 65.4979
255665 0 14.9027 16.5952 34 12.3315 8.17414 65.4979
255693 0 15.0374 16.6256 34 12.3402 8.12975 65.6629
255696 0 15.1239 16.6458 34 12.3454 8.10142 65.7698
255699 0 15.1239 16.6458 34 12.3454 8.10142 65.7698
255710 0 15.1528 16.6863 34 12.328 8.09553 65.8391
255724 0 15.1528 16.6863 34 12.328 8.09553 65.8391
255726 0 14.9411 16.5851 34 12.3447 8.15947 65.5263
255756 0 14.5082 16.3321 34 12.4059 8.28742 64.8403
255758 0 14.5082 16.3321 34 12.4059 8.28742 64.8403
255760 0 13.9887 16.1702 34 12.3983 8.45905 64.1589
255788 0 13.5461 15.7554 34 12.5553 8.58019 63.3015
255793 0 13.3056 15.381 34 12.7319 8.63232 62.6866
255802 0 13.3056 15.381 34 12.7319 8.63232 62.6866
255821 0 13.3441 14.956 34 12.9968 8.57428 62.3
255822 0 13.5942 14.5411 34 13.2989 8.43647 62.1353
255828 0 13.5942 14.5411 34 13.2989 8.43647 62.1353
255852 0 14.0464 14.1464 34 13.627 8.22443 62.1928
255855 0 14.5274 13.9845 34 13.8145 8.02816 62.512
255862 0 14.5274 13.9845 34 13.8145 8.02816 62.512
255867 0 15.2779 13.7619 34 14.0847 7.72941 63.0398
255893 0 15.9802 13.681 34 14.2549 7.46941 63.6611
255898 0.115975 16.9327 13.6304 34 14.3734 7.09235 64.679
255919 0.115975 16.9327 13.6304 34 14.3734 7.09235 64.679
255921 0.347925 17.8993 13.3976 34 14.5304 6.66094 65.6448
255928 0.502558 18.7316 13.2155 34 14.6779 6.31637 66.4496
255952 0.502558 18.7316 13.2155 34 14.6779 6.31637 66.4496
255954 0.57021 19.4204 13.0333 34 14.8517 6.05219 67.0239
255960 0.57021 19.4204 13.0333 34 14.8517 6.05219 67.0239
255987 0.686185 19.9657 12.831 34 14.9848 5.81906 67.4828
255990 0.792496 20.2431 12.5577 34 15.1246 5.66375 67.5933
255992 0.792496 20.2431 12.5577 34 15.1246 5.66375 67.5933
256005 0.850483 20.3101 12.4363 34 15.172 5.60879 67.5969
256022 0.80216 20.2431 12.2238 34 15.318 5.61444 67.2691
256030 0.80216 20.2431 12.1732 34 15.3484 5.60737 67.2185
256053 0.80216 20.2431 12.1732 34 15.3484 5.60737 67.2185
256054 0.763502 20.2335 12.1833 34 15.3641 5.62358 67.1804
256061 0.821489 20.2431 12.244 34 15.2943 5.61134 67.3086
256084 0.821489 20.2431 12.244 34 15.2943 5.61134 67.3086
256086 1.10176 20.1474 12.5476 34 14.9336 5.59726 67.7968
256092 1.44969 19.9848 12.8714 34 14.5169 5.58596 68.3059
256101 1.44969 19.9848 12.8714 34 14.5169 5.58596 68.3059
256120 2.35816 20.0422 13.4988 34 13.6573 5.386 69.8992
256128 2.35816 20.0422 13.4988 34 13.6573 5.386 69.8992
256151 3.7112 20.0996 14.622 34 12.3447 5.13812 72.4328
256154 5.61512 20.1857 17.2426 34 10.1657 4.95339 77.0434
256155 5.61512 20.1857 17.2426 34 10.1657 4.95339 77.0434
256163 7.35475 20.157 20.5273 34 8.00683 4.93952 82.0391
256183 8.38886 19.5734 21.6088 33.2378 6.88742 4.86982 82.8089
256186 8.38886 19.5734 21.6088 33.2378 6.88742 4.86982 82.8089
256195 8.9784 18.5211 20.5375 29.2917 5.91532 4.33145 77.3287
256215 8.9784 18.5211 20.5375 29.2917 5.91532 4.33145 77.3287
256218 9.76123 17.1339 19.931 25.4614 4.46241 3.83827 72.2876
256225 10.9113 15.5473 20.6992 21.9881 2.14216 3.52053 69.1458
256248 10.9113 15.5473 20.6992 21.9881 2.14216 3.52053 69.1458
256249 12.4383 13.9694 22.9025 18.8138 -0.938554 3.37074 68.1241
256255 14.2263 12.2954 26.9453 15.8576 -4.69477 3.52283 69.3246
256280 14.2263 12.2954 26.9453 15.8576 -4.69477 3.52283 69.3246
256280 16.2945 10.2366 31.8068 13.0888 -8.67178 3.85666 71.4267
256289 16.2945 10.2366 31.8068 13.0888 -8.67178 3.85666 71.4267
256313 18.5008 7.73514 34 10.6976 -12.007 3.90399 70.9336
256315 20.6944 5.58008 34 9.49715 -14.1953 3.70265 69.7716
256317 20.6944 5.58008 34 9.49715 -14.1953 3.70265 69.7716
256326 22.7917 4.22354 34 9.04214 -15.5323 3.43151 70.0574
256347 24.5523 3.65591 34 8.73235 -16.2686 3.07104 70.9406
256349 24.5523 3.65591 34 8.73235 -16.2686 3.07104 70.9406
256356 25.6299 3.45388 34 8.59681 -16.5942 2.82777 71.6806
256380 25.6299 3.45388 34 8.59681 -16.5942 2.82777 71.6806
256382 26.3803 3.49236 34 8.50968 -16.7093 2.61881 72.3823
256386 26.9479 3.58857 34 7.87073 -17.0869 2.34802 72.4072
256415 26.9479 3.58857 34 7.87073 -17.0869 2.34802 72.4072
256416 27.4194 3.61743 34 7.14465 -17.5451 2.10051 72.1814
256424 27.631 3.55971 34 6.41856 -18.0328 1.93296 71.6093
256448 27.631 3.55971 34 6.41856 -18.0328 1.93296 71.6093
256448 27.429 3.54046 34 5.84738 -18.3717 1.88047 70.8168
256450 27.429 3.54046 34 5.84738 -18.3717 1.88047 70.8168
256462 27.1596 3.44426 34 5.37301 -18.6999 1.87973 69.9769
256483 26.794 3.41539 34 5.1213 -18.8435 1.92813 69.3307
256487 26.794 3.41539 34 5.1213 -18.8435 1.92813 69.3307
256490 26.6786 3.31919 34 4.918 -19.0237 1.94156 68.9157
256498 26.7267 3.39615 34 4.82118 -19.0406 1.89249 68.944
256517 26.7267 3.39615 34 4.82118 -19.0406 1.89249 68.944
256520 26.8036 3.42501 34 4.918 -18.9672 1.88498 69.1466
256530 26.8036 3.42501 34 4.918 -18.9672 1.88498 69.1466
256551 26.5342 3.39615 34 4.95672 -18.9373 1.96546 68.8871
256552 26.0917 3.29994 34 5.10194 -18.8667 2.12654 68.4936
256560 26.0917 3.29994 34 5.10194 -18.8667 2.12654 68.4936
256587 25.8319 3.2807 34 5.13098 -18.837 2.20205 68.2436
256588 25.7934 3.22298 34 5.16002 -18.852 2.23177 68.1764
256590 25.7934 3.22298 34 5.16002 -18.852 2.23177 68.1764
256600 26.1783 3.27108 34 5.07289 -18.9115 2.10666 68.5222
256622 26.1783 3.27108 34 5.07289 -18.9115 2.10666 68.5222
256622 26.6401 3.27108 34 5.08257 -18.9461 1.99397 68.9937
256635 27.0441 3.35767 34 5.06321 -18.9388 1.87031 69.465
256654 27.0441 3.35767 34 5.06321 -18.9388 1.87031 69.465
256655 27.3809 3.37691 34 5.1697 -18.8889 1.80443 69.9275
256663 27.6887 3.49236 34 5.20843 -18.8195 1.71062 70.3895
256692 27.6887 3.49236 34 5.20843 -18.8195 1.71062 70.3895
256693 27.9293 3.43463 34 5.18907 -18.8885 1.66368 70.553
256695 27.9293 3.43463 34 5.18907 -18.8885 1.66368 70.553
256702 28.4295 3.54046 34 5.13098 -18.902 1.51073 71.101
256725 28.9298 3.56933 34 5.06321 -18.9685 1.37588 71.5624
256727 28.9298 3.56933 34 5.06321 -18.9685 1.37588 71.5624
256737 29.3916 3.66553 34 5.06321 -18.9485 1.24917 72.1204
256758 29.5937 3.70402 34 5.10194 -18.9185 1.20255 72.3996
256760 29.5937 3.70402 34 5.10194 -18.9185 1.20255 72.3996
256763 29.5167 3.6944 34 5.1697 -18.8768 1.23485 72.3808
256773 29.5167 3.6944 34 5.1697 -18.8768 1.23485 72.3808
256792 29.4397 3.65591 34 5.00513 -18.9938 1.22942 72.1008
256793 29.3435 3.63667 34 4.918 -19.0508 1.23879 71.8982
256803 29.3435 3.63667 34 4.918 -19.0508 1.23879 71.8982
256825 28.9587 3.57895 34 4.75342 -19.1561 1.30783 71.2911
256827 28.4584 3.42501 34 4.69533 -19.2473 1.44773 70.5788
256833 28.4584 3.42501 34 4.69533 -19.2473 1.44773 70.5788
256859 27.8715 4.13696 34 5.57631 -18.2156 1.58578 71.5848
256862 27.8715 4.13696 34 5.57631 -18.2156 1.58578 71.5848
256871 27.3616 5.67629 33.8888 9.13895 -15.2615 1.96998 76.0657
256894 27.0153 9.13978 34 21.525 -8.27621 3.16916 91.68
256896 27.0153 9.13978 34 21.525 -8.27621 3.16916 91.68
256898 24.966 11.0447 32.8175 24.8439 -5.84349 3.46698 93.6722
256906 21.4833 12.5552 26.3288 23.9563 -3.35037 2.89004 84.3236
256929 21.4833 12.5552 26.3288 23.9563 -3.35037 2.89004 84.3236
256931 17.5484 13.9406 20.9721 23.3485 -0.406083 2.53891 75.8095
256936 17.5484 13.9406 20.9721 23.3485 -0.406083 2.53891 75.8095
256946 13.4724 14.9508 17.5054 25.9052 3.43787 3.12959 71.8338
256966 9.78056 15.9802 15.0571 29.3014 7.28896 3.97846 70.1193
256982 6.75554 16.8942 13.9238 33.672 10.4873 5.0416 71.2455
257004 4.61967 17.9184 13.9238 34 11.8415 5.40414 70.4619
257005 4.61967 17.9184 13.9238 34 11.8415 5.40414 70.4619
257007 3.19898 18.8942 14.0048 34 12.7288 5.54472 70.0979
257016 3.19898 18.8942 14.0048 34 12.7288 5.54472 70.0979
257038 2.01023 19.3534 14.0857 34 13.4117 5.77156 69.4494
257041 1.38204 19.5639 14.197 34 13.7342 5.91191 69.1429
257050 1.38204 19.5639 14.197 34 13.7342 5.91191 69.1429
257073 1.35304 19.6021 14.2881 34 13.7057 5.92106 69.2433
257073 1.26606 19.5926 13.9643 34 13.9351 5.90769 68.8229
257078 1.26606 19.5926 13.9643 34 13.9351 5.90769 68.8229
257088 1.16941 19.516 13.5595 34 14.2088 5.90682 68.245
257111 1.16941 19.516 13.5595 34 14.2088 5.90682 68.245
257112 1.21774 19.4586 13.0435 34 14.4704 5.84033 67.7198
257124 1.20807 19.5543 12.4565 34 14.8357 5.73369 67.2189
257147 1.20807 19.5543 12.4565 34 14.8357 5.73369 67.2189
257148 1.26606 19.8317 11.7988 34 15.235 5.53862 66.8966
257150 1.33371 20.0613 11.3131 34 15.5208 5.37821 66.7081
257160 1.33371 20.0613 11.3131 34 15.5208 5.37821 66.7081
257185 1.49801 20.2622 10.9792 34 15.6523 5.21856 66.7394
257187 1.49801 20.664 10.7768 34 15.8313 5.06763 66.9388
257191 1.49801 20.664 10.7768 34 15.8313 5.06763 66.9388
257201 1.6913 21.2763 10.544 34 15.9383 4.79394 67.5117
257220 1.6913 21.2763 10.544 34 15.9383 4.79394 67.5117
257230 1.89426 22.2043 10.5339 34 15.9458 4.46627 68.6325
257232 2.20352 23.2375 10.4327 34 15.9578 4.07701 69.8737
257253 2.20352 23.2375 10.4327 34 15.9578 4.07701 69.8737
257254 2.3195 24.1463 10.3113 33.8842 16.0624 3.76367 70.6613
257269 2.47413 24.7681 10.1899 33.8553 16.1176 3.53559 71.2874
257296 2.47413 24.7681 10.1899 33.8553 16.1176 3.53559 71.2874
257297 2.59011 25.2465 10.2 33.6334 16.0771 3.34801 71.67
257299 2.59011 25.2465 10.2 33.6334 16.0771 3.34801 71.67
257302 2.68675 25.5813 9.96726 33.4404 16.1727 3.16835 71.6757
257331 2.66742 25.7344 9.96726 33.3439 16.1908 3.11855 71.713
257335 2.57078 25.6196 10.028 33.3632 16.1997 3.18535 71.5816
257345 2.53212 25.4378 10.0685 33.7491 16.2237 3.31137 71.7875
257366 2.53212 25.2943 10.2708 34 16.1211 3.42129 72.0973
257379 2.53212 25.2943 10.2708 34 16.1211 3.42129 72.0973
257401 2.42581 25.1987 10.3214 34 16.1411 3.48115 71.9459
257402 2.37749 25.0934 10.3214 34 16.1558 3.52068 71.7923
257405 2.37749 25.0934 10.3214 34 16.1558 3.52068 71.7923
