2293615 6.74588 12.9304 7.90298 20.9268 9.89997 2.83063 48.506
2293625 7.17112 12.7572 8.01429 20.2032 9.22977 2.58251 48.1458
2293632 7.17112 12.7572 8.01429 20.2032 9.22977 2.58251 48.1458
2293645 7.5577 12.5648 8.43929 19.6339 8.40414 2.47451 48.1957
2293652 7.99261 12.4109 9.19821 19.0936 7.34859 2.42992 48.6953
2293662 7.99261 12.4109 9.19821 19.0936 7.34859 2.42992 48.6953
2293672 8.35986 12.2473 9.9875 18.6595 6.37481 2.44847 49.2542
2293682 8.35986 12.2473 9.9875 18.6595 6.37481 2.44847 49.2542
2293700 8.8141 12.0645 10.625 18.0034 5.36733 2.34809 49.507
2293708 9.09437 11.8913 11.0399 17.2412 4.5661 2.22118 49.2668
2293717 9.09437 11.8913 11.0399 17.2412 4.5661 2.22118 49.2668
2293727 9.28766 11.545 11.394 16.574 3.81004 2.19323 48.8007
2293737 9.50995 11.1505 11.728 15.906 3.01207 2.16594 48.2945
2293748 9.50995 11.1505 11.728 15.906 3.01207 2.16594 48.2945
2293753 9.76123 10.8619 12.2238 15.1993 2.12097 2.12295 48.0463
2293768 9.76123 10.8619 12.2238 15.1993 2.12097 2.12295 48.0463
2293773 10.0898 10.6406 12.7095 14.6378 1.28911 2.06443 48.0778
2293783 10.3701 10.5444 13.2256 13.9795 0.482252 1.96092 48.1196
2293798 10.3701 10.5444 13.2256 13.9795 0.482252 1.96092 48.1196
2293807 10.7374 10.275 13.7012 13.4567 -0.366813 1.91368 48.1703
2293816 11.1239 9.91907 14.4399 12.8081 -1.46852 1.92737 48.291
2293825 11.1239 9.91907 14.4399 12.8081 -1.46852 1.92737 48.291
2293836 11.4042 9.43803 15.0268 12.0626 -2.57154 1.95503 47.9317
2293845 11.4042 9.43803 15.0268 12.0626 -2.57154 1.95503 47.9317
2293856 11.7328 8.98585 15.6137 11.3075 -3.70127 1.95295 47.6399
2293865 12.1001 8.49519 16.2208 10.3394 -5.02926 1.89744 47.1555
2293880 12.1001 8.49519 16.2208 10.3394 -5.02926 1.89744 47.1555
2293886 12.4866 7.96604 16.7268 9.13895 -6.53543 1.75299 46.3184
2293896 13.0085 7.37917 17.3942 7.97722 -8.22039 1.63367 45.7591
2293922 13.5208 6.96548 18.6879 7.0672 -9.82669 1.70913 46.2413
2293927 14.3326 6.62875 20.3252 6.65091 -11.149 1.88208 47.9374
2293937 14.3326 6.62875 20.3252 6.65091 -11.149 1.88208 47.9374
2293947 15.3377 6.4652 22.0434 6.709 -11.9705 2.06195 50.5553
2293957 15.3377 6.4652 22.0434 6.709 -11.9705 2.06195 50.5553
2293967 16.0915 6.18619 23.5291 7.00911 -12.5082 2.34603 52.816
2293977 16.7004 5.93605 24.6308 7.0672 -13.0341 2.5016 54.3344
2293987 16.7004 5.93605 24.6308 7.0672 -13.0341 2.5016 54.3344
2294002 17.202 5.66667 25.0957 6.99943 -13.4778 2.51796 54.9639
2294011 17.4426 5.34918 25.217 6.88326 -13.8577 2.54368 54.892
2294019 17.4426 5.34918 25.217 6.88326 -13.8577 2.54368 54.892
2294029 17.5195 4.9451 24.9744 6.68964 -14.2527 2.54933 54.1287
2294038 17.5195 4.9451 24.9744 6.68964 -14.2527 2.54933 54.1287
2294057 17.4618 4.618 24.5095 6.37016 -14.6259 2.49244 52.9595
2294066 17.3752 4.25241 23.8222 6.07005 -14.9821 2.40625 51.5199
2294084 17.2405 4.02151 23.0844 5.76993 -15.2313 2.27241 50.1164
2294093 17.0962 3.78098 22.4578 5.53759 -15.4665 2.18471 48.8726
2294113 17 3.63667 21.9727 5.37301 -15.6115 2.09733 47.9823
2294121 17 3.63667 21.9727 5.37301 -15.6115 2.09733 47.9823
2294131 16.9807 3.68478 21.5684 5.2762 -15.5694 1.95089 47.51
2294141 16.9517 3.65591 21.3258 5.26651 -15.5483 1.90193 47.1999
2294167 16.9613 3.66553 21.154 5.18907 -15.5742 1.82548 46.9699
2294172 16.913 3.7425 21.1136 5.18907 -15.4899 1.80387 46.9581
2294182 16.913 3.7425 21.1136 5.18907 -15.4899 1.80387 46.9581
2294192 16.8937 3.65591 21.3258 5.22779 -15.57 1.91197 47.1032
2294202 16.8937 3.65591 21.3258 5.22779 -15.57 1.91197 47.1032
2294212 16.8647 3.66553 21.6189 5.35364 -15.5067 2.0343 47.5028
2294225 16.8454 3.66553 21.9625 5.46014 -15.4809 2.16292 47.9336
2294233 16.8454 3.66553 21.9625 5.46014 -15.4809 2.16292 47.9336
2294245 16.8067 3.62705 22.2556 5.61503 -15.4335 2.30939 48.3044
2294262 16.7584 3.58857 22.4578 5.75057 -15.383 2.42859 48.5553
2294268 16.7584 3.58857 22.4578 5.75057 -15.383 2.42859 48.5553
2294274 16.7101 3.56933 22.6599 5.72153 -15.4535 2.49751 48.6608
2294283 16.7101 3.56933 22.6599 5.72153 -15.4535 2.49751 48.6608
2294293 16.6134 3.5116 22.8419 5.75057 -15.494 2.6071 48.7174
2294303 16.5554 3.72326 22.9631 5.8377 -15.2597 2.60459 49.0795
2294313 16.5554 3.72326 22.9631 5.8377 -15.2597 2.60459 49.0795
2294326 16.4008 3.79061 23.0238 5.95387 -15.0908 2.68042 49.1691
2294335 16.3621 4.02151 23.0541 6.07973 -14.8003 2.65064 49.5175
2294361 16.1978 4.4833 22.7509 6.20558 -14.2331 2.50072 49.6376
2294364 16.1978 4.4833 22.7509 6.20558 -14.2331 2.50072 49.6376
2294380 15.9949 4.97397 22.4881 6.31207 -13.6616 2.3603 49.769
2294385 15.8306 5.67629 22.1546 6.40888 -12.9318 2.114 50.0703
2294400 15.8306 5.67629 22.1546 6.40888 -12.9318 2.114 50.0703
2294406 15.5406 6.26316 21.629 6.51538 -12.2082 1.90415 49.9482
2294417 15.1444 6.76344 21.3258 6.72836 -11.4979 1.8453 49.962
2294434 15.1444 6.76344 21.3258 6.72836 -11.4979 1.8453 49.962
2294442 14.7192 7.206 21.2146 7.69647 -10.3427 2.0613 50.8363
2294451 14.4002 7.7159 21.4067 9.83599 -8.55295 2.56561 53.3588
2294461 14.4002 7.7159 21.4067 9.83599 -8.55295 2.56561 53.3588
2294469 13.714 8.03339 20.9114 11.0849 -7.2135 2.86048 53.7437
2294477 13.714 8.03339 20.9114 11.0849 -7.2135 2.86048 53.7437
2294488 12.7766 8.08149 19.6278 11.1429 -6.38208 2.87999 51.6288
2294498 11.8391 8.02377 18.3341 11.0171 -5.65508 2.89196 49.2141
2294508 11.8391 8.02377 18.3341 11.0171 -5.65508 2.89196 49.2141
2294519 10.9693 7.98529 17.3234 11.3172 -4.72224 3.05263 47.5952
2294531 10.3508 8.21619 16.7065 11.9852 -3.62681 3.21363 47.2587
2294550 9.77089 8.42784 16.0387 12.7597 -2.45869 3.38307 46.9971
2294560 9.77089 8.42784 16.0387 12.7597 -2.45869 3.38307 46.9971
2294570 9.30699 8.73571 15.4214 13.844 -1.13551 3.55838 47.3081
2294580 8.76578 8.94737 14.9054 14.9863 0.137889 3.83739 47.6048
2294606 8.27288 9.2841 14.2071 16.0609 1.49765 3.98675 47.8251
2294615 7.75099 9.63045 13.4381 17.2894 2.97803 4.16121 48.109
2294621 7.75099 9.63045 13.4381 17.2894 2.97803 4.16121 48.109
2294631 7.08414 10.0538 12.4768 18.5919 4.71138 4.33472 48.2066
2294643 7.08414 10.0538 12.4768 18.5919 4.71138 4.33472 48.2066
2294652 6.30131 10.6214 11.3333 19.7497 6.63279 4.42458 48.0057
2294662 5.47982 11.1986 10.1292 20.7724 8.59713 4.48396 47.58
2294672 5.47982 11.1986 10.1292 20.7724 8.59713 4.48396 47.58
2294682 4.79363 11.7085 8.98571 21.8627 10.4496 4.54468 47.3505
2294692 4.27175 12.4493 8.20655 22.8661 11.9457 4.50421 47.7937
2294706 4.27175 12.4493 8.20655 22.8661 11.9457 4.50421 47.7937
2294714 3.74986 13.0555 7.77143 23.8309 13.0997 4.58512 48.4076
2294727 3.37294 13.5654 7.66012 25.0465 13.888 4.76434 49.645
2294734 3.37294 13.5654 7.66012 25.0465 13.888 4.76434 49.645
2294743 3.10233 14.0272 7.95357 26.4359 14.2701 5.02532 51.5189
2294753 3.10233 14.0272 7.95357 26.4359 14.2701 5.02532 51.5189
2294763 2.80273 14.4216 8.15595 27.4296 14.6244 5.21528 52.8099
2294773 2.49346 14.8738 8.16607 27.7673 15.0006 5.22493 53.3006
2294783 2.49346 14.8738 8.16607 27.7673 15.0006 5.22493 53.3006
2294794 2.44514 15.2875 8.01429 27.5068 15.1796 5.01048 53.2537
2294803 2.44514 15.2875 8.01429 27.5068 15.1796 5.01048 53.2537
2294822 2.28084 15.5088 7.75119 26.899 15.4347 4.82283 52.4398
2294832 2.20352 15.7782 7.46786 26.1464 15.6278 4.54472 51.596
2294842 2.20352 15.7782 7.46786 26.1464 15.6278 4.54472 51.596
2294851 2.1842 15.884 7.25536 25.3649 15.6887 4.30633 50.6885
2294855 2.1842 15.807 6.94167 24.6606 15.7993 4.11679 49.5935
2294883 2.1842 15.7685 6.68869 24.0238 15.8838 3.93293 48.6653
2294890 2.1842 15.7685 6.68869 24.0238 15.8838 3.93293 48.6653
2294900 2.17453 15.7204 6.48631 23.4353 15.9437 3.77274 47.8166
2294909 2.07789 15.6435 6.44583 23.1941 16.0014 3.77479 47.3613
2294916 2.07789 15.6435 6.44583 23.1941 16.0014 3.77479 47.3613
2294929 2.09721 15.4318 6.35476 23.1555 16.016 3.82061 47.0393
2294936 2.00057 15.5473 6.375 23.2809 16.1283 3.84761 47.2038
2294950 2.00057 15.5473 6.375 23.2809 16.1283 3.84761 47.2038
2294958 2.07789 15.5376 6.43571 23.3581 16.0212 3.85314 47.4094
2294967 2.0199 15.5376 6.49643 23.3581 16.0188 3.89047 47.4121
2294977 2.0199 15.5665 6.49643 23.5897 16.0679 3.93299 47.6725
2294987 2.06822 15.7974 6.56726 23.8019 16.0485 3.88834 48.2348
2294997 2.06822 15.7974 6.56726 23.8019 16.0485 3.88834 48.2348
2295007 2.08755 15.9321 6.55714 23.9852 16.0993 3.86807 48.562
2295020 2.12621 16.1053 6.60774 24.101 16.0769 3.82424 48.9402
2295027 2.12621 16.1053 6.60774 24.101 16.0769 3.82424 48.9402
2295042 2.16487 16.3073 6.61786 24.0045 16.0553 3.71229 49.0946
2295048 2.1842 16.24 6.59762 23.9467 16.0332 3.71263 48.9684
2295058 2.1842 16.24 6.59762 23.9467 16.0332 3.71263 48.9684
2295068 2.24218 16.3362 6.59762 23.9274 15.9988 3.64944 49.1033
2295095 2.1842 16.24 6.57738 23.8791 16.0378 3.69236 48.8806
2295098 2.08755 16.0668 6.57738 23.937 16.098 3.80944 48.6687
2295113 2.08755 16.0668 6.57738 23.937 16.098 3.80944 48.6687
2295119 2.09721 15.884 6.60774 24.0817 16.0573 3.91661 48.6707
2295131 2.03923 15.605 6.66845 24.3036 16.0445 4.11216 48.6163
2295142 2.03923 15.605 6.66845 24.3036 16.0445 4.11216 48.6163
2295152 1.91359 15.2009 6.8506 24.6027 15.9774 4.4285 48.5678
2295160 1.91359 15.2009 6.8506 24.6027 15.9774 4.4285 48.5678
2295178 2.09721 14.9027 7.05298 24.6992 15.6156 4.53898 48.7521
2295187 2.41615 14.7391 7.12381 24.6799 15.2572 4.48798 48.959
2295206 2.41615 14.7391 7.12381 24.6799 15.2572 4.48798 48.959
2295209 2.79306 14.7006 7.29583 24.5352 14.773 4.36009 49.3247
2295217 3.22797 14.614 7.35655 24.2264 14.2923 4.17025 49.425
2295222 3.22797 14.614 7.35655 24.2264 14.2923 4.17025 49.425
2295231 3.5759 14.5852 7.47798 23.9852 13.8624 4.02086 49.6243
2295246 3.5759 14.5852 7.47798 23.9852 13.8624 4.02086 49.6243
2295251 3.96248 14.5371 7.71071 23.744 13.3161 3.89012 49.9543
2295261 4.34906 14.3254 8.10536 23.4353 12.5989 3.84332 50.2151
2295276 4.34906 14.3254 8.10536 23.4353 12.5989 3.84332 50.2151
2295283 4.48437 14.133 8.37857 23.0397 12.1462 3.83755 50.0357
2295292 4.72598 13.7193 8.64167 22.5091 11.5235 3.84269 49.596
2295319 4.89994 13.4788 8.72262 21.8916 11.0974 3.7461 48.9929
2295327 4.89994 13.4788 8.72262 21.8916 11.0974 3.7461 48.9929
2295333 5.04491 13.296 8.80357 21.1873 10.6735 3.61562 48.3318
2295343 5.15122 13.1517 8.93512 20.5312 10.2558 3.50543 47.7692
2295353 5.15122 13.1517 8.93512 20.5312 10.2558 3.50543 47.7692
2295370 5.45082 13.0074 9.1375 20.0102 9.67803 3.36813 47.6059
2295375 5.69244 12.8246 9.48155 19.5953 9.05889 3.32812 47.5939
2295383 5.69244 12.8246 9.48155 19.5953 9.05889 3.32812 47.5939
2295393 6.0307 12.6514 9.94702 19.3734 8.35742 3.32432 48.0025
2295403 6.0307 12.6514 9.94702 19.3734 8.35742 3.32432 48.0025
2295415 6.40762 12.6129 10.3315 18.92 7.66163 3.17917 48.272
2295428 6.77487 12.5456 10.7768 18.3218 6.87524 3.02923 48.419
2295437 6.77487 12.5456 10.7768 18.3218 6.87524 3.02923 48.419
2295444 7.13246 12.5456 11.0095 17.5789 6.20641 2.76913 48.2664
2295458 7.60603 12.5648 11.3435 16.6612 5.33284 2.43914 48.1754
2295465 7.60603 12.5648 11.3435 16.6612 5.33284 2.43914 48.1754
2295474 8.04093 12.661 11.6976 15.5769 4.42891 2.05493 47.9764
2295490 8.04093 12.661 11.6976 15.5769 4.42891 2.05493 47.9764
2295494 8.54349 12.6418 12.0821 14.4732 3.39824 1.68728 47.7406
2295510 9.10404 12.5456 12.5577 13.1856 2.14664 1.2957 47.393
2295516 9.10404 12.5456 12.5577 13.1856 2.14664 1.2957 47.393
2295533 9.79989 12.4878 13.3268 11.9271 0.677443 0.935867 47.5416
2295547 10.4764 12.382 14.2071 10.6008 -0.892007 0.613493 47.6664
2295551 10.4764 12.382 14.2071 10.6008 -0.892007 0.613493 47.6664
2295561 11.1916 12.3147 15.1786 9.23576 -2.51444 0.28425 47.9206
2295570 11.1916 12.3147 15.1786 9.23576 -2.51444 0.28425 47.9206
2295580 11.9068 12.0838 16.2107 8.25797 -4.01149 0.14801 48.4592
2295592 12.5543 11.6316 17.5458 7.5803 -5.52006 0.285995 49.3119
2295597 12.5543 11.6316 17.5458 7.5803 -5.52006 0.285995 49.3119
2295616 13.1245 11.0543 18.9709 7.50285 -6.68189 0.679597 50.6525
2295618 13.5691 10.2173 20.4768 7.63838 -7.7985 1.25106 51.9016
2295627 13.5691 10.2173 20.4768 7.63838 -7.7985 1.25106 51.9016
2295642 13.7817 9.39955 21.5987 7.70615 -8.70454 1.75006 52.4861
2295648 13.7817 9.39955 21.5987 7.70615 -8.70454 1.75006 52.4861
2295659 13.917 8.44709 22.5184 7.82232 -9.56554 2.27019 52.7048
2295668 13.9653 7.52349 23.327 7.79328 -10.4428 2.74614 52.6091
2295683 13.9653 7.52349 23.327 7.79328 -10.4428 2.74614 52.6091
2295689 13.9267 6.5614 23.8222 7.60934 -11.3532 3.16167 51.9196
2295698 13.8107 5.57046 24.2568 7.57061 -12.1691 3.64577 51.2086
2295713 13.8107 5.57046 24.2568 7.57061 -12.1691 3.64577 51.2086
2295718 13.6754 4.75269 24.5297 7.50285 -12.8563 4.04409 50.4606
2295733 13.6754 4.75269 24.5297 7.50285 -12.8563 4.04409 50.4606
2295738 13.6077 4.05037 24.742 7.36731 -13.529 4.35562 49.7674
2295753 13.5401 3.58857 24.843 7.35763 -13.905 4.58308 49.3293
2295760 13.5401 3.58857 24.843 7.35763 -13.905 4.58308 49.3293
2295774 13.5401 3.27108 24.8936 7.35763 -14.1682 4.72054 49.0624
2295782 13.5401 3.16525 24.8329 7.29954 -14.2862 4.73828 48.8378
2295791 13.5401 3.16525 24.8329 7.29954 -14.2862 4.73828 48.8378
2295801 13.5401 3.17487 24.6914 7.31891 -14.2317 4.70866 48.7253
2295811 13.5401 3.17487 24.6914 7.31891 -14.2317 4.70866 48.7253
2295821 13.5111 3.16525 24.5297 7.16401 -14.3227 4.65703 48.3701
2295831 13.4628 3.09791 24.5297 7.23178 -14.3117 4.71859 48.3222
2295843 13.4628 3.09791 24.5297 7.23178 -14.3117 4.71859 48.3222
2295851 13.5014 3.17487 24.5196 7.2221 -14.2633 4.6673 48.418
2295867 13.4531 3.11715 24.6308 7.25114 -14.3005 4.74025 48.4522
2295872 13.4531 3.11715 24.6308 7.25114 -14.3005 4.74025 48.4522
2295882 13.4241 3.04018 24.6712 7.26082 -14.3577 4.79409 48.3963
2295892 13.4241 3.04018 24.6712 7.26082 -14.3577 4.79409 48.3963
2295913 13.3854 2.99208 24.742 7.31891 -14.3566 4.85669 48.4384
2295920 13.4821 3.05942 24.7117 7.31891 -14.3166 4.78332 48.5721
2295935 13.4821 3.05942 24.7117 7.31891 -14.3166 4.78332 48.5721
2295940 13.5208 3.11715 24.7824 7.28018 -14.3252 4.75088 48.7005
2295948 13.5497 3.02094 24.8228 7.28986 -14.4103 4.7887 48.6834
2295958 13.5497 3.02094 24.8228 7.28986 -14.4103 4.7887 48.6834
2295965 13.5497 3.0498 24.8532 7.24146 -14.4328 4.77318 48.6942
2295980 13.5884 3.17487 24.9946 7.43508 -14.216 4.77704 49.193
2295985 13.5884 3.17487 24.9946 7.43508 -14.216 4.77704 49.193
2295995 13.5981 3.39615 25.025 7.54157 -13.9653 4.7131 49.5608
2296010 13.5981 3.39615 25.025 7.54157 -13.9653 4.7131 49.5608
2296016 13.6464 3.6944 25.0149 7.66743 -13.6434 4.60033 50.0231
2296028 13.685 4.05999 24.8026 7.85137 -13.183 4.43727 50.399
2296036 13.685 4.05999 24.8026 7.85137 -13.183 4.43727 50.399
2296046 13.7044 4.78155 24.5297 7.89009 -12.5538 4.10579 50.9057
2296056 13.7044 5.55122 24.0143 7.95786 -11.8147 3.72353 51.2277
2296066 13.7044 5.55122 24.0143 7.95786 -11.8147 3.72353 51.2277
2296081 13.6271 6.11885 23.4483 8.03531 -11.1855 3.43679 51.2295
2296087 13.6271 6.11885 23.4483 8.03531 -11.1855 3.43679 51.2295
2296099 13.4144 6.53254 22.8419 8.13212 -10.6006 3.24827 50.921
2296107 13.0665 6.88851 22.1849 8.57745 -9.7528 3.19634 50.7174
2296121 13.0665 6.88851 22.1849 8.57745 -9.7528 3.19634 50.7174
2296127 12.6993 7.33107 21.5583 9.23576 -8.70188 3.17673 50.8244
2296143 12.2354 7.61007 20.8306 9.82631 -7.73704 3.21117 50.5023
2296152 12.2354 7.61007 20.8306 9.82631 -7.73704 3.21117 50.5023
2296157 11.6845 7.81211 20.0422 10.3297 -6.81033 3.2712 49.8685
2296167 11.6845 7.81211 20.0422 10.3297 -6.81033 3.2712 49.8685
2296190 11.1529 8.03339 19.1629 10.4653 -6.05209 3.20863 48.8145
2296192 10.7084 8.29315 18.2836 10.6879 -5.21692 3.11738 47.973
2296215 10.2541 8.56254 17.6165 11.0849 -4.32639 3.12031 47.518
2296218 9.82888 8.8223 17.0202 11.7335 -3.31892 3.19667 47.4049
2296236 9.82888 8.8223 17.0202 11.7335 -3.31892 3.19667 47.4049
2296239 9.49062 9.23599 16.4839 12.3531 -2.30506 3.18848 47.5636
2296250 9.49062 9.23599 16.4839 12.3531 -2.30506 3.18848 47.5636
2296268 8.98806 9.515 15.9274 13.2147 -1.14689 3.34945 47.6451
2296270 8.58215 9.90945 15.1685 14.328 0.253639 3.43988 47.9881
2296304 8.04093 10.2558 14.4095 15.6931 1.80705 3.65889 48.3993
2296308 7.23877 10.5733 13.3167 17.2316 3.7476 3.9504 48.3603
2296318 7.23877 10.5733 13.3167 17.2316 3.7476 3.9504 48.3603
2296327 6.3303 11.1024 12.1125 18.8331 5.939 4.18976 48.3784
2296332 6.3303 11.1024 12.1125 18.8331 5.939 4.18976 48.3784
2296341 5.45082 11.4295 10.6655 20.2418 8.13758 4.40288 47.7876
2296351 4.59068 11.7855 9.30952 21.5346 10.2816 4.59589 47.2203
2296366 4.59068 11.7855 9.30952 21.5346 10.2816 4.59589 47.2203
2296376 3.8465 12.1126 8.21667 22.9432 12.1993 4.83906 47.119
2296382 3.29562 12.4205 7.80179 24.4773 13.439 5.17645 47.9952
2296408 3.03468 12.8149 7.83214 25.9728 14.0576 5.42406 49.6545
2296413 3.03468 12.8149 7.83214 25.9728 14.0576 5.42406 49.6545
2296423 2.80273 13.1613 8.08512 27.256 14.3891 5.66525 51.3051
2296438 2.67709 13.4692 8.24702 28.076 14.59 5.76818 52.4693
2296448 2.67709 13.4692 8.24702 28.076 14.59 5.76818 52.4693
2296454 2.40648 13.6038 8.26726 28.3655 14.8622 5.87611 52.6431
2296471 2.10688 13.575 8.30774 28.3558 15.052 6.01248 52.3455
2296474 2.10688 13.575 8.30774 28.3558 15.052 6.01248 52.3455
2296485 1.91359 13.5365 8.15595 28.1243 15.2673 6.04002 51.7303
2296496 1.74929 13.4499 8.04464 27.748 15.3966 6.05787 50.9919
2296505 1.74929 13.4499 8.04464 27.748 15.3966 6.05787 50.9919
2296521 1.58499 13.3826 7.80179 27.3524 15.636 6.04128 50.1218
2296536 1.56566 13.4211 7.76131 26.735 15.5756 5.91402 49.483
2296546 1.556 13.4884 7.51845 26.1271 15.6814 5.73049 48.69
2296556 1.556 13.4884 7.51845 26.1271 15.6814 5.73049 48.69
2296569 1.6913 13.5846 7.4881 25.6737 15.5245 5.53883 48.4377
2296576 1.68164 13.5365 7.28571 25.2106 15.6031 5.43173 47.7144
2296586 1.68164 13.5365 7.28571 25.2106 15.6031 5.43173 47.7144
2296596 1.75895 13.5173 7.31607 25.0851 15.4829 5.38777 47.6774
2296606 1.75895 13.5173 7.31607 25.0851 15.4829 5.38777 47.6774
2296617 1.74929 13.5173 7.34643 24.9501 15.4382 5.37075 47.563
2296641 1.8556 13.5654 7.35655 24.8439 15.3277 5.28528 47.6214
2296643 1.8556 13.5654 7.35655 24.8439 15.3277 5.28528 47.6214
2296652 1.86526 13.5076 7.37679 24.9018 15.3025 5.32167 47.6515
2296665 1.88459 13.5269 7.47798 24.9404 15.2126 5.33356 47.8299
2296679 1.93292 13.6423 7.44762 25.0755 15.2486 5.28538 48.0984
2296689 1.93292 13.6423 7.44762 25.0755 15.2486 5.28538 48.0984
2296698 1.95225 13.7193 7.67024 25.2491 15.0985 5.3244 48.5909
2296712 2.02956 13.8155 7.63988 25.3939 15.1088 5.27489 48.8788
2296718 2.02956 13.8155 7.63988 25.3939 15.1088 5.27489 48.8788
2296735 2.02956 13.9502 7.66012 25.5 15.1407 5.24432 49.1399
2296741 2.08755 13.9694 7.69048 25.5 15.0726 5.21859 49.2475
2296750 2.08755 13.9694 7.69048 25.5 15.0726 5.21859 49.2475
2296760 2.06822 13.9694 7.66012 25.4035 15.0936 5.20128 49.1013
2296769 2.06822 13.9694 7.66012 25.4035 15.0936 5.20128 49.1013
2296783 1.9909 13.9983 7.61964 25.307 15.1765 5.19386 48.9159
2296790 2.04889 14.0079 7.51845 25.0755 15.1673 5.09872 48.6507
2296808 2.04889 14.0079 7.51845 25.0755 15.1673 5.09872 48.6507
2296818 1.98124 14.0079 7.40714 24.7957 15.2594 5.04658 48.192
2296830 1.94258 13.9598 7.44762 24.5834 15.205 5.0472 47.9334
2296838 1.94258 13.9598 7.44762 24.5834 15.205 5.0472 47.9334
2296841 2.37749 14.0849 7.47798 24.4194 14.8103 4.78756 48.3598
2296855 2.37749 14.0849 7.47798 24.4194 14.8103 4.78756 48.3598
2296861 2.68675 14.21 7.58929 24.2361 14.4544 4.59607 48.7221
2296880 3.45026 14.489 7.69048 23.7633 13.7224 4.1042 49.393
2296882 3.45026 14.489 7.69048 23.7633 13.7224 4.1042 49.393
2296892 4.14611 14.7102 7.60952 23.1748 13.1593 3.6043 49.6407
2296905 4.92894 14.8642 7.69048 22.5477 12.3885 3.13155 50.0313
2296912 4.92894 14.8642 7.69048 22.5477 12.3885 3.13155 50.0313
2296928 5.39284 14.97 7.67024 21.9302 11.9273 2.77331 49.9633
2296937 5.39284 14.97 7.67024 21.9302 11.9273 2.77331 49.9633
2296942 6.00171 14.9892 7.58929 21.1101 11.3243 2.32694 49.6903
2296957 6.48493 15.0277 7.44762 20.3865 10.883 1.92154 49.3468
2296963 6.48493 15.0277 7.44762 20.3865 10.883 1.92154 49.3468
2296976 6.94883 15.1047 7.41726 19.5182 10.3374 1.49479 48.989
2296983 7.32575 15.0758 7.4375 18.9103 9.85802 1.21424 48.7494
2297002 7.32575 15.0758 7.4375 18.9103 9.85802 1.21424 48.7494
2297005 7.67368 15.0566 7.62976 18.3797 9.30085 1.00919 48.7397
2297013 7.67368 15.0566 7.62976 18.3797 9.30085 1.00919 48.7397
2297032 7.92496 14.9123 7.92321 17.9648 8.73722 0.939181 48.7253
2297036 8.28255 14.7872 8.3381 17.685 8.07224 0.902379 49.0929
2297046 8.28255 14.7872 8.3381 17.685 8.07224 0.902379 49.0929
2297053 8.59181 14.6429 8.73274 17.357 7.43816 0.868233 49.3244
2297077 8.75611 14.3543 9.09702 17.0482 6.87707 0.924223 49.2556
2297078 8.75611 14.3543 9.09702 17.0482 6.87707 0.924223 49.2556
2297097 8.93007 14.1041 9.35 16.574 6.33095 0.885395 48.9582
2297105 9.15236 13.8925 9.67381 16.1481 5.73722 0.852433 48.8667
2297123 9.39397 13.7001 9.99762 15.5962 5.08581 0.770159 48.6879
2297124 9.39397 13.7001 9.99762 15.5962 5.08581 0.770159 48.6879
2297135 9.69358 13.5846 10.3923 15.0057 4.36788 0.653227 48.6761
2297149 9.89653 13.4403 10.7464 14.3861 3.70514 0.555725 48.4694
2297156 9.89653 13.4403 10.7464 14.3861 3.70514 0.555725 48.4694
2297166 10.1671 13.3248 11.1714 13.5729 2.88122 0.389439 48.2363
2297176 10.1671 13.3248 11.1714 13.5729 2.88122 0.389439 48.2363
2297186 10.4377 13.1132 11.6167 12.7597 1.99179 0.258332 47.9273
2297198 10.6794 12.9304 12.2946 11.7528 0.89663 0.137776 47.6572
2297206 10.6794 12.9304 12.2946 11.7528 0.89663 0.137776 47.6572
2297216 11.008 12.584 13.175 10.7363 -0.453959 0.100835 47.5033
2297231 11.3559 12.0934 14.3792 9.70046 -2.07306 0.198939 47.5289
2297251 11.7135 11.5835 15.6238 8.75171 -3.67198 0.339369 47.6725
2297257 11.7135 11.5835 15.6238 8.75171 -3.67198 0.339369 47.6725
2297267 12.0324 10.987 17.1112 7.89977 -5.33872 0.62197 48.0303
2297278 12.3997 10.4675 18.8597 7.54157 -6.72354 1.07599 49.2684
2297287 12.3997 10.4675 18.8597 7.54157 -6.72354 1.07599 49.2684
2297301 12.7669 9.92869 20.5273 7.52221 -7.80535 1.5826 50.7452
2297312 12.9215 9.19751 22.1142 7.82232 -8.65223 2.25262 52.0555
2297318 12.9215 9.19751 22.1142 7.82232 -8.65223 2.25262 52.0555
2297328 13.0762 8.46633 23.5089 8.00626 -9.47672 2.81939 53.0577
2297338 13.0762 8.46633 23.5089 8.00626 -9.47672 2.81939 53.0577
2297352 13.0279 7.53311 24.4388 8.01595 -10.3354 3.36516 53.0157
2297358 12.9505 6.53254 25.1361 8.02563 -11.1732 3.89744 52.6449
2297377 12.9505 6.53254 25.1361 8.02563 -11.1732 3.89744 52.6449
2297385 12.7862 5.5416 25.5606 7.91913 -12.0089 4.38698 51.8076
2297393 12.6219 4.62762 26.0155 7.77392 -12.8509 4.86094 51.0389
2297405 12.6219 4.62762 26.0155 7.77392 -12.8509 4.86094 51.0389
2297411 12.5543 3.85795 26.2985 7.6287 -13.5908 5.21905 50.3394
2297419 12.5543 3.85795 26.2985 7.6287 -13.5908 5.21905 50.3394
2297430 12.5156 3.26146 26.5107 7.59966 -14.1144 5.51239 49.8875
2297454 12.4963 2.88625 26.6522 7.64806 -14.3984 5.71155 49.6828
2297456 12.4963 2.88625 26.6522 7.64806 -14.3984 5.71155 49.6828
2297468 12.506 2.588 26.5511 7.45444 -14.7734 5.77753 49.0995
2297481 12.4963 2.53028 26.3995 7.46412 -14.7787 5.7794 48.8902
2297482 12.4963 2.53028 26.3995 7.46412 -14.7787 5.7794 48.8902
2297491 12.5253 2.45331 26.1367 7.44476 -14.8084 5.74635 48.5601
2297507 12.5253 2.45331 26.1367 7.44476 -14.8084 5.74635 48.5601
2297516 12.4287 2.48217 26.0054 7.28986 -14.8643 5.72057 48.206
2297521 12.4673 2.49179 25.9144 7.25114 -14.8774 5.67477 48.1246
2297536 12.4673 2.49179 25.9144 7.25114 -14.8774 5.67477 48.1246
2297542 12.4866 2.50141 25.9144 7.28018 -14.8495 5.66797 48.1826
2297559 12.506 2.46293 25.874 7.23178 -14.917 5.65896 48.0746
2297562 12.506 2.46293 25.874 7.23178 -14.917 5.65896 48.0746
2297572 12.4866 2.43407 25.9144 7.25114 -14.9293 5.69128 48.0862
2297584 12.4866 2.43407 25.9144 7.25114 -14.9293 5.69128 48.0862
2297597 12.535 2.39559 26.0155 7.25114 -14.9924 5.70658 48.1971
2297609 12.448 2.44369 26.1772 7.35763 -14.8802 5.77467 48.4265
2297613 12.448 2.44369 26.1772 7.35763 -14.8802 5.77467 48.4265
2297623 12.4963 2.39559 26.4096 7.45444 -14.8986 5.83688 48.756
2297635 12.5156 2.40521 26.632 7.52221 -14.8855 5.87876 49.075
2297648 12.5156 2.40521 26.632 7.52221 -14.8855 5.87876 49.075
2297659 12.5253 2.43407 26.7937 7.55125 -14.8738 5.89773 49.3043
2297664 12.5156 2.46293 26.8948 7.56093 -14.8614 5.91001 49.4343
2297684 12.5156 2.46293 26.8948 7.56093 -14.8614 5.91001 49.4343
2297687 12.5253 2.39559 26.9453 7.56093 -14.9281 5.94371 49.4271
2297696 12.5253 2.39559 26.9453 7.56093 -14.9281 5.94371 49.4271
2297708 12.4963 2.36672 26.8948 7.57061 -14.9274 5.96077 49.3284
2297716 12.6123 2.63611 26.824 7.65774 -14.6503 5.80132 49.7302
2297726 12.6123 2.63611 26.824 7.65774 -14.6503 5.80132 49.7302
2297736 12.6993 2.82852 26.5107 7.67711 -14.4343 5.63003 49.7156
2297759 12.7669 3.33843 26.066 7.68679 -13.9434 5.3093 49.8581
2297763 12.7669 3.33843 26.066 7.68679 -13.9434 5.3093 49.8581
2297772 12.9022 3.96378 25.6314 7.71583 -13.37 4.92337 50.2132
2297784 12.9022 3.96378 25.6314 7.71583 -13.37 4.92337 50.2132
2297791 13.0279 4.67572 24.9441 7.69647 -12.7124 4.45047 50.3442
2297797 13.0085 5.37804 24.176 7.54157 -12.1072 3.99098 50.1041
2297812 13.0085 5.37804 24.176 7.54157 -12.1072 3.99098 50.1041
2297817 12.8926 5.94567 23.3977 7.51253 -11.4738 3.63993 49.7485
2297834 12.8152 6.52292 22.4881 7.52221 -10.7694 3.24392 49.3485
2297838 12.8152 6.52292 22.4881 7.52221 -10.7694 3.24392 49.3485
2297848 12.6123 7.10979 21.5785 7.64806 -9.92516 2.91259 48.9486
2297860 12.6123 7.10979 21.5785 7.64806 -9.92516 2.91259 48.9486
2297868 12.419 7.6678 20.8508 7.97722 -9.00788 2.68054 48.9148
2297887 12.1774 8.09111 20.1433 8.46128 -8.06593 2.55848 48.8731
2297888 12.1774 8.09111 20.1433 8.46128 -8.06593 2.55848 48.8731
2297898 11.9358 8.58178 19.3549 9.09055 -6.9534 2.42875 48.963
2297911 11.6265 8.8223 18.7384 9.60364 -6.11742 2.42666 48.7908
2297936 11.3172 9.13016 17.9501 10.1555 -5.13958 2.36591 48.5529
2297938 11.3172 9.13016 17.9501 10.1555 -5.13958 2.36591 48.5529
2297948 10.9403 9.31296 17.2426 10.6298 -4.2805 2.37477 48.1257
2297963 10.6794 9.55348 16.5143 11.2301 -3.34018 2.34846 47.9772
2297987 10.3894 9.75552 15.806 11.8787 -2.38407 2.36455 47.8296
2297990 10.3894 9.75552 17.6367 11.8787 -3.21783 2.83037 49.6604
2298000 10.0802 10.2269 15.047 12.6629 -1.16489 2.31256 48.017
2298013 9.77089 10.6599 14.278 13.5535 0.0852287 2.30016 48.2623
2298020 9.77089 10.6599 14.278 13.5535 0.0852287 2.30016 48.2623
2298030 9.16202 11.1024 13.3875 14.7056 1.68458 2.42836 48.3575
2298040 8.53383 11.622 12.2946 15.8383 3.43339 2.47795 48.2887
2298050 8.53383 11.622 12.2946 15.8383 3.43339 2.47795 48.2887
2298068 7.82831 12.1703 10.9994 17.0386 5.40276 2.51038 48.0367
2298097 7.20011 12.7284 9.76488 18.2736 7.31594 2.53611 47.9669
2298098 6.74588 13.3537 8.54048 19.4892 9.11948 2.4715 48.1293
2298123 6.39795 13.9887 7.79167 20.9075 10.5461 2.5402 49.0858
2298125 6.13701 14.5274 7.61964 22.3451 11.4143 2.7554 50.6292
2298133 6.13701 14.5274 7.61964 22.3451 11.4143 2.7554 50.6292
2298151 5.78908 15.0181 7.75119 23.4546 11.9838 2.99885 52.013
2298153 5.78908 15.0181 7.75119 23.4546 11.9838 2.99885 52.013
2298161 5.44116 15.3933 7.74107 24.1107 12.4899 3.13666 52.6862
2298179 4.98692 15.5857 7.66012 24.4194 12.99 3.27817 52.6522
2298182 4.98692 15.5857 7.66012 24.4194 12.99 3.27817 52.6522
2298191 4.48437 15.7012 7.47798 24.4001 13.5118 3.36872 52.0636
2298206 3.91416 15.605 7.29583 24.3326 14.0415 3.55128 51.1475
2298212 3.91416 15.605 7.29583 24.3326 14.0415 3.55128 51.1475
2298222 3.42126 15.4992 7.13393 24.2747 14.5138 3.72197 50.329
2298233 3.42126 15.4992 7.13393 24.2747 14.5138 3.72197 50.329
2298242 2.9187 15.3548 7.04286 24.1782 14.9367 3.92392 49.4946
2298260 2.60944 15.3645 6.9619 24.0335 15.2272 3.98867 48.9693
2298267 2.60944 15.3645 6.9619 24.0335 15.2272 3.98867 48.9693
2298273 2.37749 15.3741 6.90119 23.9274 15.4501 4.03776 48.5801
2298289 2.29051 15.4126 6.84048 23.7633 15.549 4.00587 48.3069
2298293 2.29051 15.4126 6.84048 23.7633 15.549 4.00587 48.3069
2298303 2.1842 15.528 6.82024 23.5897 15.6442 3.95796 48.1221
2298316 2.1842 15.528 6.82024 23.5897 15.6442 3.95796 48.1221
2298323 2.21319 15.5665 6.76964 23.5125 15.6549 3.90199 48.0618
2298344 2.30984 15.6435 6.72917 23.3967 15.5999 3.79767 48.0792
2298345 2.30984 15.6435 6.72917 23.3967 15.5999 3.79767 48.0792
2298358 2.30984 15.807 6.62798 23.1845 15.676 3.66026 47.9293
2298371 2.27118 15.9417 6.50655 23.0108 15.8049 3.55261 47.7302
2298375 2.27118 15.9417 6.50655 23.0108 15.8049 3.55261 47.7302
2298385 2.39682 16.1149 6.52679 22.8564 15.6842 3.4048 47.8949
2298398 2.39682 16.1149 6.52679 22.8564 15.6842 3.4048 47.8949
2298406 2.37749 16.3169 6.44583 22.8082 15.7991 3.30342 47.9484
2298426 2.3195 16.4131 6.4256 22.7599 15.875 3.27211 47.9182
2298428 2.3195 16.4131 6.4256 22.7599 15.875 3.27211 47.9182
2298436 2.41615 16.5093 6.44583 22.7696 15.7958 3.20619 48.1409
2298455 2.36782 16.5478 6.375 22.6538 15.8823 3.16402 47.9444
2298461 2.36782 16.5478 6.375 22.6538 15.8823 3.16402 47.9444
2298469 2.41615 16.7402 6.3244 22.5959 15.9098 3.04636 48.0767
2298484 2.41615 16.7402 6.3244 22.5959 15.9098 3.04636 48.0767
2298487 2.41615 16.8846 6.29405 22.4705 15.9392 2.95344 48.0652
2298497 2.4838 17.0765 6.15238 22.3644 16.0184 2.79439 48.0771
2298516 2.4838 17.0765 6.15238 22.3644 16.0184 2.79439 48.0771
2298518 2.4548 17.1435 6.25357 22.4222 15.9803 2.82061 48.2741
2298538 2.47413 17.1913 6.22321 22.4608 16.0058 2.79794 48.3495
2298539 2.47413 17.1913 6.22321 22.4608 16.0058 2.79794 48.3495
2298548 2.83172 17.3731 6.375 22.4608 15.6132 2.63996 49.0407
2298566 3.05401 17.3731 6.50655 22.4608 15.3222 2.59349 49.3945
2298568 3.05401 17.4496 6.50655 22.4415 15.3334 2.56142 49.4517
2298578 3.63388 17.5931 6.54702 22.1714 14.808 2.24988 49.9454
2298593 3.63388 17.5931 6.54702 22.1714 14.808 2.24988 49.9454
2298603 4.34906 17.7271 6.6381 21.7565 14.1153 1.87787 50.4708
2298609 5.31552 17.8227 6.68869 21.1776 13.2322 1.39048 51.0046
2298621 5.31552 17.8227 6.68869 21.1776 13.2322 1.39048 51.0046
2298630 6.05969 17.7653 6.62798 20.483 12.5455 0.967664 50.936
2298650 6.05969 17.7653 6.62798 20.483 12.5455 0.967664 50.936
2298651 6.54292 17.5549 6.62798 19.6725 11.9332 0.655593 50.3983
2298660 6.99716 17.2583 6.52679 18.8235 11.3686 0.331056 49.6057
2298677 6.99716 17.2583 6.52679 18.8235 11.3686 0.331056 49.6057
2298681 7.50938 17.0478 6.4256 17.9938 10.7738 -0.0422207 48.9766
2298691 7.82831 16.7787 6.51667 17.357 10.2055 -0.226911 48.4807
2298705 7.82831 16.7787 6.51667 17.357 10.2055 -0.226911 48.4807
2298712 8.22456 16.5286 6.87083 16.9322 9.45575 -0.293497 48.5562
2298722 8.46617 16.1822 7.4375 16.7192 8.70697 -0.151109 48.8052
2298741 8.7851 15.7878 8.13571 16.4869 7.80247 0.0151652 49.1955
2298763 8.7851 15.7878 8.13571 16.4869 7.80247 0.0151652 49.1955
2298765 9.02672 15.2201 8.76309 16.3417 6.97647 0.260755 49.3517
2298776 9.20068 14.6718 9.31964 16.09 6.20987 0.467872 49.2821
2298790 9.20068 14.6718 9.31964 16.09 6.20987 0.467872 49.2821
2298793 9.30699 14.1234 9.74464 15.6253 5.48 0.596173 48.8003
2298804 9.30699 14.1234 9.74464 15.6253 5.48 0.596173 48.8003
2298821 9.61626 13.7866 10.1393 15.0541 4.67381 0.55266 48.5963
2298822 9.95452 13.5557 10.5946 14.299 3.77323 0.428692 48.4039
2298850 9.95452 13.5557 10.5946 14.299 3.77323 0.428692 48.4039
2298851 10.3508 13.3248 11.0399 13.6697 2.89546 0.320544 48.3852
2298853 10.66 13.1228 11.5661 12.9823 2.00649 0.237604 48.3313
2298863 10.66 13.1228 11.5661 12.9823 2.00649 0.237604 48.3313
2298878 11.1239 12.7284 12.2946 12.3531 0.857139 0.246009 48.5
2298892 11.1239 12.7284 12.2946 12.3531 0.857139 0.246009 48.5
2298894 11.4719 12.1319 13.0536 11.5979 -0.412193 0.325704 48.2552
2298907 11.8391 11.4488 13.8125 10.7847 -1.78453 0.410151 47.8851
2298913 11.8391 11.4488 13.8125 10.7847 -1.78453 0.410151 47.8851
2298936 12.2257 10.8234 14.6929 9.71014 -3.36391 0.427968 47.4521
2298937 12.8056 10.5829 15.6339 8.57745 -4.87351 0.259316 47.5999
2298945 12.8056 10.5829 15.6339 8.57745 -4.87351 0.259316 47.5999
2298965 13.4434 10.4194 16.656 7.69647 -6.21358 0.152326 48.2152
2298966 13.4434 10.4194 16.656 7.69647 -6.21358 0.152326 48.2152
2298974 13.9363 10.2269 18.0107 7.36731 -7.24284 0.367799 49.5413
2298994 14.3906 9.83248 19.3347 7.44476 -8.06236 0.751855 51.0025
2299000 14.3906 9.83248 19.3347 7.44476 -8.06236 0.751855 51.0025
2299006 14.7578 9.31296 20.497 7.70615 -8.72123 1.18579 52.274
2299023 14.9414 8.62026 21.437 7.86105 -9.41034 1.6278 52.8597
2299026 14.9414 8.62026 21.437 7.86105 -9.41034 1.6278 52.8597
2299036 14.9511 7.8987 22.1344 7.89009 -10.0695 2.03539 52.8743
2299051 14.8255 7.07131 22.5892 7.85137 -10.7438 2.44866 52.3373
2299056 14.8255 7.07131 22.5892 7.85137 -10.7438 2.44866 52.3373
2299066 14.5742 6.27278 22.9227 7.86105 -11.3126 2.88688 51.6307
2299080 14.5742 6.27278 22.9227 7.86105 -11.3126 2.88688 51.6307
2299091 14.4196 5.50311 23.2461 7.72551 -12.0038 3.25645 50.8943
2299097 14.3326 4.90662 23.3674 7.72551 -12.4512 3.53266 50.3321
2299110 14.3326 4.90662 23.3674 7.72551 -12.4512 3.53266 50.3321
2299117 14.2649 4.4833 23.4786 7.79328 -12.7283 3.75558 50.0201
2299127 14.091 4.18506 23.4584 7.70615 -12.9742 3.91031 49.4406
2299140 14.091 4.18506 23.4584 7.70615 -12.9742 3.91031 49.4406
2299147 13.9943 4.01188 23.3573 7.65774 -13.0974 3.98058 49.0213
2299157 13.9943 4.01188 23.3573 7.65774 -13.0974 3.98058 49.0213
2299172 13.9073 3.89643 23.1249 7.52221 -13.2163 3.97618 48.4508
2299178 13.8397 3.83871 22.9732 7.54157 -13.1931 3.9953 48.1932
2299198 13.8397 3.83871 22.9732 7.54157 -13.1931 3.9953 48.1932
2299207 13.8397 3.90606 22.8216 7.49317 -13.1408 3.92289 48.0605
2299210 13.8397 3.90606 22.7004 7.49317 -13.1108 3.89486 47.9393
2299227 13.7817 3.93492 22.7004 7.4254 -13.1273 3.89063 47.8424
2299228 13.83 3.87719 22.6801 7.41572 -13.1881 3.8874 47.8031
2299256 13.83 3.87719 22.6801 7.41572 -13.1881 3.8874 47.8031
2299258 13.8107 3.89643 22.5892 7.4254 -13.1376 3.86851 47.7217
2299262 13.8107 3.9253 22.6296 7.4254 -13.1247 3.86653 47.791
2299271 13.8107 3.9253 22.6296 7.4254 -13.1247 3.86653 47.791
2299286 14.0136 3.96378 22.569 7.38667 -13.1601 3.74842 47.9331
2299289 14.1489 3.98302 22.5791 7.32859 -13.2268 3.67687 48.0396
2299299 14.1489 3.98302 22.5791 7.32859 -13.2268 3.67687 48.0396
2299317 14.3132 4.04075 22.4982 7.29954 -13.2244 3.56491 48.1518
2299321 14.3132 4.04075 22.4982 7.29954 -13.2244 3.56491 48.1518
2299331 14.4775 4.05037 22.4073 7.21241 -13.3039 3.45555 48.1476
2299346 14.6128 4.03113 22.4679 7.2221 -13.3589 3.42803 48.334
2299374 14.7771 4.10809 22.3971 7.0672 -13.4432 3.28207 48.3496
2299378 14.8835 4.11771 22.2556 7.1156 -13.3887 3.2157 48.3724
2299387 14.8835 4.11771 22.2556 7.1156 -13.3887 3.2157 48.3724
2299402 14.9704 4.21392 22.3062 7.09624 -13.3609 3.15458 48.5868
2299405 14.9704 4.21392 22.3062 7.09624 -13.3609 3.15458 48.5868
2299412 15.0574 4.29089 22.2961 7.08656 -13.3263 3.08869 48.7309
2299432 15.1637 4.37748 22.3567 7.17369 -13.2303 3.05346 49.0716
2299437 15.1637 4.37748 22.3567 7.17369 -13.2303 3.05346 49.0716
2299443 15.2314 4.63724 22.2961 7.31891 -12.9191 2.95442 49.4836
2299461 15.3377 5.23373 22.1142 7.53189 -12.2897 2.7106 50.2175
2299463 15.3377 5.23373 22.1142 7.53189 -12.2897 2.7106 50.2175
2299473 15.3957 6.13809 21.9019 7.74487 -11.4373 2.37776 51.1805
2299491 15.3957 6.13809 21.9019 7.74487 -11.4373 2.37776 51.1805
2299494 15.4827 6.84041 21.4875 7.89977 -10.7474 2.04917 51.7104
2299505 15.3764 7.53311 20.9518 7.92882 -10.0725 1.72944 51.7901
2299520 15.3764 7.53311 20.9518 7.92882 -10.0725 1.72944 51.7901
2299525 15.0478 8.26429 20.2949 7.99658 -9.24442 1.44741 51.6035
2299534 14.6998 8.95699 19.6278 8.23861 -8.31278 1.22555 51.5233
2299552 14.6998 8.95699 19.6278 8.23861 -8.31278 1.22555 51.5233
2299559 14.2746 9.38993 19.0012 8.80011 -7.32804 1.20569 51.4658
2299569 14.2746 9.38993 19.0012 8.80011 -7.32804 1.20569 51.4658
2299583 13.772 9.66893 18.2634 9.48747 -6.28958 1.26286 51.1918
2299587 13.1922 9.71703 17.3537 9.91344 -5.43853 1.3028 50.1764
2299597 13.1922 9.71703 17.3537 9.91344 -5.43853 1.3028 50.1764
2299613 12.5543 9.7459 16.4435 10.049 -4.7153 1.28879 48.7926
2299624 11.9551 9.71703 15.5429 10.1361 -4.03624 1.2693 47.3511
2299642 11.9551 9.71703 15.5429 10.1361 -4.03624 1.2693 47.3511
2299643 11.4622 9.70741 14.9155 10.5911 -3.25602 1.39375 46.6762
2299647 11.4622 9.70741 14.9155 10.5911 -3.25602 1.39375 46.6762
2299657 10.863 9.8421 14.45 11.2591 -2.26858 1.61718 46.4142
2299673 10.3991 10.1307 13.9946 12.2466 -1.07782 1.83171 46.771
2299682 10.3991 10.1307 13.9946 12.2466 -1.07782 1.83171 46.771
2299687 10.0608 10.3713 13.4381 13.2825 0.0820667 2.00046 47.1526
2299702 9.73223 10.7657 12.6792 14.5797 1.53592 2.12355 47.7568
2299731 9.45196 11.2083 11.5964 15.9157 3.15305 2.13356 48.1724
2299733 8.85276 11.6508 10.4226 17.5017 5.09889 2.29849 48.4279
2299741 8.85276 11.6508 10.4226 17.5017 5.09889 2.29849 48.4279
2299761 8.34053 12.1126 9.26905 19.0551 6.94898 2.42048 48.7773
2299763 8.34053 12.1126 9.26905 19.0551 6.94898 2.42048 48.7773
2299769 7.54804 12.5744 8.31786 20.6373 8.83593 2.69962 49.0777
2299792 6.67823 12.863 7.69048 22.2582 10.4832 3.15441 49.49
2299795 6.67823 12.863 7.69048 22.2582 10.4832 3.15441 49.49
2299800 5.90506 13.0555 7.49821 23.8212 11.6714 3.68703 50.28
2299822 5.15122 13.3537 7.57917 25.3456 12.6235 4.2057 51.4297
2299823 5.15122 13.3537 7.57917 25.3456 12.6235 4.2057 51.4297
2299831 4.41671 13.4595 7.71071 26.5131 13.3614 4.70658 52.1
2299853 4.41671 13.4595 7.71071 26.5131 13.3614 4.70658 52.1
2299855 3.67254 13.4884 7.72083 27.063 14.0332 5.08893 51.9448
2299861 3.04434 13.498 7.55893 27.1595 14.6575 5.3187 51.2608
2299884 3.04434 13.498 7.55893 27.1595 14.6575 5.3187 51.2608
2299886 2.46447 13.5557 7.41726 27.1016 15.2237 5.4904 50.5391
2299892 1.98124 13.498 7.2756 26.9665 15.6913 5.6604 49.7214
2299914 1.74929 13.6038 7.13393 26.899 16.0063 5.6736 49.386
2299944 1.45935 13.6231 7.05298 26.7832 16.2995 5.75049 48.9186
2299950 1.27572 13.5365 7.0125 26.706 16.4609 5.8436 48.5307
2299960 1.27572 13.5365 7.0125 26.706 16.4609 5.8436 48.5307
2299975 1.31438 13.5269 6.9619 26.4745 16.4284 5.77755 48.2776
2299982 1.27572 13.575 6.94167 26.3587 16.4671 5.74743 48.1511
2299984 1.27572 13.575 6.94167 26.3587 16.4671 5.74743 48.1511
2300005 1.26606 13.5942 6.93155 26.2333 16.4653 5.71717 48.0251
2300006 1.26606 13.5942 6.93155 26.2333 16.4653 5.71717 48.0251
2300035 1.34338 13.6327 6.97202 26.1754 16.3603 5.66396 48.1235
2300036 1.41103 13.7482 7.03274 26.1754 16.2712 5.59746 48.3673
2300038 1.41103 13.7482 7.03274 26.1754 16.2712 5.59746 48.3673
2300045 1.44002 13.8059 6.98214 26.0499 16.2774 5.52618 48.278
2300065 1.41103 13.8444 7.05298 26.0403 16.2469 5.53413 48.3487
2300066 1.41103 13.8444 7.05298 26.0403 16.2469 5.53413 48.3487
2300075 1.45935 13.9117 7.0125 25.9824 16.2419 5.46578 48.366
2300096 1.45935 13.9117 7.0125 25.9824 16.2419 5.46578 48.366
2300098 1.42069 13.8155 7.07321 25.9728 16.2039 5.53303 48.2822
2300105 1.42069 13.8347 7.09345 26.0306 16.2007 5.54015 48.3795
2300128 1.42069 13.8347 7.09345 26.0306 16.2007 5.54015 48.3795
2300129 1.527 13.8636 7.10357 26.0692 16.1141 5.49247 48.5634
2300135 1.527 13.8636 7.10357 26.0692 16.1141 5.49247 48.5634
2300158 1.48835 13.8155 7.20476 26.0982 16.0577 5.5545 48.6068
2300159 1.48835 13.7482 7.13393 26.185 16.1212 5.58612 48.5555
2300165 1.48835 13.7482 7.13393 26.185 16.1212 5.58612 48.5555
2300191 1.49801 13.8444 7.13393 26.0692 16.1094 5.51877 48.5455
2300193 1.50767 13.7578 7.07321 26.0982 16.1422 5.54514 48.4369
2300195 1.50767 13.7578 7.07321 26.0982 16.1422 5.54514 48.4369
2300205 1.41103 13.8155 7.1744 25.9535 16.1224 5.55316 48.3544
2300231 1.8556 13.854 7.23512 25.8473 15.6842 5.34089 48.792
2300236 2.16487 13.854 7.37679 25.6544 15.2735 5.20254 49.05
2300262 2.85105 13.9021 7.45774 25.2974 14.5888 4.84828 49.5083
2300269 3.70153 13.9598 7.51845 24.7957 13.7745 4.39799 49.9755
2300287 3.70153 13.9598 7.51845 24.7957 13.7745 4.39799 49.9755
2300288 4.55202 14.0175 7.5994 24.1396 12.9231 3.92661 50.3086
2300319 5.32518 13.9117 7.45774 23.2134 12.1935 3.43659 49.908
2300323 6.05969 13.9887 7.46786 22.1617 11.3848 2.893 49.678
2300333 6.05969 13.9887 7.46786 22.1617 11.3848 2.893 49.678
2300354 6.93917 13.9021 7.54881 21.1101 10.3657 2.36898 49.5002
2300355 7.66401 13.8636 8.10536 20.1935 9.17572 2.03845 49.8265
2300358 7.66401 13.8636 8.10536 20.1935 9.17572 2.03845 49.8265
2300371 8.44685 13.7482 8.88452 19.2673 7.78802 1.77474 50.3468
2300387 8.44685 13.7482 8.88452 19.2673 7.78802 1.77474 50.3468
2300388 9.02672 13.6135 9.16786 18.0227 6.74362 1.36975 49.8307
2300398 9.4133 13.5076 9.03631 16.361 5.90826 0.768782 48.3183
2300417 9.4133 13.5076 9.03631 16.361 5.90826 0.768782 48.3183
2300420 9.68391 13.3922 8.95536 14.7637 5.08418 0.206087 46.7951
2300430 10.2058 13.3537 8.99583 13.4858 4.14729 -0.351178 46.0411
2300456 10.7953 13.2671 9.35 12.3434 2.98605 -0.776644 45.7559
2300461 11.5009 13.3056 9.90655 11.4624 1.81948 -1.11666 46.1754
2300487 12.3127 13.3152 10.5946 10.5718 0.523385 -1.43014 46.7943
2300491 12.3127 13.3152 10.5946 10.5718 0.523385 -1.43014 46.7943
2300516 13.2115 13.3345 11.303 9.53588 -0.867428 -1.80662 47.3848
2300517 14.1586 13.3537 12.1024 8.44191 -2.32298 -2.17494 48.0566
2300526 14.1586 13.3537 12.1024 8.44191 -2.32298 -2.17494 48.0566
2300531 15.1347 13.3441 12.8411 7.33827 -3.74729 -2.55851 48.6582
2300549 16.0625 13.1132 13.8226 6.58314 -5.13742 -2.6532 49.5815
2300552 16.0625 13.1132 13.8226 6.58314 -5.13742 -2.6532 49.5815
2300562 16.9323 12.7091 14.6726 6.16686 -6.30386 -2.61544 50.4809
2300583 16.9323 12.7091 14.6726 6.16686 -6.30386 -2.61544 50.4809
2300587 17.6831 12.0645 15.5226 6.15718 -7.28406 -2.35316 51.4274
2300592 18.2218 11.3333 16.15 6.09909 -8.17472 -2.11549 51.8043
2300616 18.2218 11.3333 16.15 6.09909 -8.17472 -2.11549 51.8043
2300616 18.7317 10.6214 16.6357 5.92483 -9.06372 -1.96266 51.9137
2300623 19.0011 9.89983 17.0809 5.77961 -9.85413 -1.75048 51.7614
2300633 19.0011 9.89983 17.0809 5.77961 -9.85413 -1.75048 51.7614
2300653 19.3282 9.11092 17.4649 5.64408 -10.6881 -1.55102 51.5482
2300656 19.3282 9.11092 17.4649 5.64408 -10.6881 -1.55102 51.5482
2300664 19.4341 8.20656 17.849 5.46982 -11.5811 -1.27214 50.9594
2300684 19.5976 7.44652 18.1522 5.36333 -12.332 -1.04687 50.5597
2300685 19.5976 7.44652 18.1522 5.36333 -12.332 -1.04687 50.5597
2300718 19.6938 6.77306 18.415 5.35364 -12.9301 -0.805685 50.2355
2300719 19.7035 6.13809 18.7081 5.30524 -13.5234 -0.550063 49.8549
2300721 19.7035 6.13809 18.7081 5.30524 -13.5234 -0.550063 49.8549
2300733 19.5784 5.80136 18.9405 5.34396 -13.7793 -0.330789 49.6642
2300751 19.5784 5.80136 18.9405 5.34396 -13.7793 -0.330789 49.6642
2300753 19.386 5.50311 19.0315 5.44077 -13.9145 -0.126655 49.3614
2300756 19.2417 5.3107 19.2134 5.49886 -14.0291 0.0487018 49.2646
2300766 19.2417 5.3107 19.2134 5.49886 -14.0291 0.0487018 49.2646
2300783 19.0108 5.25297 19.2943 5.53759 -14.0107 0.173585 49.0956
2300786 18.7895 5.16638 19.1932 5.53759 -14.0073 0.238758 48.6867
2300796 18.7895 5.16638 19.1932 5.53759 -14.0073 0.238758 48.6867
2300817 18.6355 5.10866 19.1427 5.53759 -14.0074 0.289958 48.4245
2300819 18.6355 5.10866 19.1427 5.53759 -14.0074 0.289958 48.4245
2300831 18.472 5.06055 19.082 5.54727 -13.9873 0.341588 48.1619
2300851 18.3469 4.91624 19.1629 5.51822 -14.1181 0.443628 47.9443
2300862 18.2026 4.9451 19.2943 5.53759 -14.0759 0.526527 47.9796
2300867 18.0775 4.86814 19.4661 5.60535 -14.094 0.664074 48.0171
2300885 18.0775 4.86814 19.4661 5.60535 -14.094 0.664074 48.0171
2300891 17.8659 4.82003 19.6784 5.69248 -14.0624 0.838051 48.0568
2300897 17.8659 4.82003 19.6784 5.69248 -14.0624 0.838051 48.0568
2300919 17.7504 4.70458 19.9917 5.89579 -14.0362 1.06504 48.3425
2300921 17.6157 4.67572 20.3353 5.92483 -14.0832 1.22613 48.5516
2300932 17.6157 4.67572 20.3353 5.92483 -14.0832 1.22613 48.5516
2300954 17.4907 4.60838 20.7295 6.07005 -14.081 1.44191 48.8986
2300956 17.4041 4.49293 20.962 6.24431 -14.0667 1.62186 49.1033
2300958 17.4041 4.49293 20.962 6.24431 -14.0667 1.62186 49.1033
2300968 17.2982 4.4352 21.2551 6.32175 -14.0926 1.77753 49.3103
2300987 17.2982 4.4352 21.2551 6.32175 -14.0926 1.77753 49.3103
2300991 17.1924 4.40634 21.4067 6.34112 -14.1102 1.86913 49.3465
2300999 17.0962 4.35823 21.4976 6.38952 -14.1088 1.95556 49.3416
2301021 17.0962 4.35823 21.4976 6.38952 -14.1088 1.95556 49.3416
2301023 17.0192 4.44482 21.4572 6.37016 -14.0295 1.93643 49.2914
2301030 16.8744 4.59875 21.4875 6.46697 -13.8061 1.96693 49.4276
2301054 16.8744 4.59875 21.4875 6.46697 -13.8061 1.96693 49.4276
2301055 16.7487 4.95473 21.5482 6.72836 -13.3122 1.97271 49.98
2301061 16.7487 4.95473 21.5482 6.72836 -13.3122 1.97271 49.98
2301071 16.6907 5.53198 21.5684 6.97039 -12.6852 1.86639 50.7615
2301090 16.4298 6.18619 21.3056 7.08656 -11.9896 1.6986 51.0081
2301096 16.4298 6.18619 21.3056 7.08656 -11.9896 1.6986 51.0081
2301101 16.1688 6.83079 20.871 7.19305 -11.2683 1.48767 51.0637
2301123 15.8499 7.52349 20.2241 7.30923 -10.4315 1.22576 50.9068
2301124 15.8499 7.52349 20.2241 7.30923 -10.4315 1.22576 50.9068
2301131 15.5406 8.10074 19.4863 7.23178 -9.77694 0.916427 50.3595
2301156 15.5406 8.10074 19.4863 7.23178 -9.77694 0.916427 50.3595
2301158 15.2797 8.64912 18.6778 7.28986 -9.02794 0.61291 49.8965
2301166 14.9124 9.18789 17.758 7.4738 -8.11275 0.344043 49.3322
2301192 14.6322 9.65931 17.1112 8.01595 -7.1168 0.25364 49.4186
2301194 14.1973 10.0057 16.4536 8.71298 -6.04229 0.292781 49.3695
2301203 14.1973 10.0057 16.4536 8.71298 -6.04229 0.292781 49.3695
2301227 13.6754 10.2558 15.6339 9.36162 -4.95225 0.326312 48.9267
2301228 13.6754 10.2558 15.6339 9.36162 -4.95225 0.326312 48.9267
2301233 13.0472 10.3905 14.8446 9.92312 -3.93017 0.413879 48.2054
2301260 12.5543 10.5348 13.9643 10.4459 -2.91471 0.417193 47.4993
2301261 12.5543 10.5348 13.9643 10.4459 -2.91471 0.417193 47.4993
2301264 11.9841 10.7657 12.922 11.2688 -1.52939 0.460485 46.9406
2301294 11.4622 11.0255 12.0417 12.4015 -0.0409707 0.625012 46.9308
2301295 11.4622 11.0255 12.0417 12.4015 -0.0409707 0.625012 46.9308
2301301 10.7277 11.343 10.969 13.8246 1.85153 0.871562 46.8643
2301329 10.0222 11.6604 9.82559 15.4413 3.86266 1.14516 46.9496
2301330 9.13303 11.9875 8.64167 17.2316 6.08825 1.517 46.9938
2301335 9.13303 11.9875 8.64167 17.2316 6.08825 1.517 46.9938
2301345 8.33087 12.382 7.74107 19.0647 8.0888 1.92332 47.5186
2301365 7.63502 12.8053 7.33631 20.9943 9.6514 2.42674 48.771
2301365 7.63502 12.8053 7.33631 20.9943 9.6514 2.42674 48.771
2301375 7.1228 13.2479 7.33631 22.8661 10.7047 2.91609 50.573
2301401 6.51393 13.4788 7.57917 24.4194 11.4467 3.46381 51.9913
2301409 6.05003 13.7097 7.78155 25.4807 11.9567 3.81989 53.022
2301434 6.05003 13.7097 7.78155 25.4807 11.9567 3.81989 53.022
2301436 5.34451 13.7674 7.85238 26.2236 12.5941 4.22015 53.1879
2301438 4.71632 13.7193 7.8625 26.6674 13.1255 4.55796 52.9655
2301447 4.71632 13.7193 7.8625 26.6674 13.1255 4.55796 52.9655
2301469 3.99147 13.6231 7.62976 26.8218 13.8399 4.85066 52.0661
2301471 3.99147 13.6231 7.62976 26.8218 13.8399 4.85066 52.0661
2301477 3.18931 13.3633 7.50833 26.7736 14.478 5.23146 50.8345
2301505 2.69642 13.296 7.4375 26.6964 14.8916 5.42873 50.1263
2301507 2.69642 13.296 7.4375 26.6964 14.8916 5.42873 50.1263
2301508 2.19386 13.1517 7.24524 26.5034 15.3867 5.6228 49.0942
2301522 1.6913 13.1709 7.09345 26.3201 15.9015 5.76418 48.2758
2301541 1.6913 13.1709 7.09345 26.3201 15.9015 5.76418 48.2758
2301543 1.47868 13.1228 7.0125 26.0017 16.0836 5.80041 47.6157
2301548 1.47868 13.1228 7.0125 26.0017 16.0836 5.80041 47.6157
2301577 1.46902 13.1517 6.98214 25.9245 16.1092 5.7712 47.5273
2301579 1.53667 13.2671 7.10357 25.9149 15.9663 5.71324 47.8222
2301583 1.53667 13.2671 7.10357 25.9149 15.9663 5.71324 47.8222
2301589 1.56566 13.3633 7.08333 25.7991 15.9551 5.63258 47.8114
2301613 1.65264 13.4114 7.08333 25.7605 15.8825 5.56685 47.9079
2301615 1.65264 13.4114 7.08333 25.7605 15.8825 5.56685 47.9079
2301620 1.61399 13.5269 7.1744 25.7701 15.8617 5.55377 48.0854
2301629 1.61399 13.5269 7.1744 25.7701 15.8617 5.55377 48.0854
2301649 1.58499 13.498 7.14405 25.9149 15.9341 5.60091 48.1419
2301651 1.64298 13.4307 7.26548 26.1271 15.8096 5.6696 48.4663
2301683 1.53667 13.3152 7.21488 26.2333 15.9404 5.77523 48.3
2301685 1.527 13.2094 7.225 26.2236 15.9183 5.82511 48.185
2301692 1.527 13.2094 7.225 26.2236 15.9183 5.82511 48.185
2301720 1.50767 13.2094 7.16429 26.1754 15.9774 5.81269 48.0567
2301722 1.47868 13.1998 7.18452 26.2719 16.0011 5.85166 48.1348
2301722 1.47868 13.1998 7.18452 26.2719 16.0011 5.85166 48.1348
