2438443 12.3417 10.4867 14.1464 10.1651 -3.09517 0.47196 47.1399
2438452 12.3417 10.4867 14.1464 10.1651 -3.09517 0.47196 47.1399
2438463 13.5111 10.5637 14.9762 8.68394 -4.83905 -0.130288 47.7349
2438471 14.5065 10.5059 16.0994 7.53189 -6.45926 -0.425908 48.6438
2438490 14.5065 10.5059 16.0994 7.53189 -6.45926 -0.425908 48.6438
2438499 15.4053 10.3135 17.2122 6.93166 -7.70735 -0.473788 49.8628
2438508 15.4053 10.3135 17.2122 6.93166 -7.70735 -0.473788 49.8628
2438516 16.0819 9.88059 18.2937 6.77677 -8.67979 -0.26218 51.0329
2438529 16.4588 9.43803 19.1528 6.78645 -9.3502 0.0122774 51.8361
2438535 16.4588 9.43803 19.1528 6.78645 -9.3502 0.0122774 51.8361
2438545 16.7294 8.98585 19.9512 6.84453 -9.92661 0.308661 52.511
2438554 16.7101 8.3605 20.497 6.87358 -10.4751 0.657892 52.4412
2438564 16.7101 8.3605 20.497 6.87358 -10.4751 0.657892 52.4412
2438574 16.6424 7.81211 21.0226 6.8639 -10.9804 0.983541 52.341
2438589 16.4298 7.12903 21.4875 6.88326 -11.5084 1.38994 51.9296
2438596 16.4298 7.12903 21.4875 6.88326 -11.5084 1.38994 51.9296
2438604 16.1495 6.5133 21.9625 6.84453 -12.0236 1.79064 51.4699
2438616 16.1495 6.5133 21.9625 6.84453 -12.0236 1.79064 51.4699
2438629 15.8596 5.73401 22.3971 6.83485 -12.6353 2.2543 50.8256
2438638 15.5986 5.10866 22.8419 6.76708 -13.1989 2.65371 50.3162
2438648 15.5986 5.10866 22.8419 6.76708 -13.1989 2.65371 50.3162
2438659 15.3957 4.64686 23.236 6.73804 -13.6189 2.97847 50.0166
2438665 15.3957 4.64686 23.236 6.73804 -13.6189 2.97847 50.0166
2438675 15.1734 4.26203 23.4281 6.85421 -13.8206 3.27253 49.7177
2438685 15.0478 4.05999 23.5898 6.87358 -13.9718 3.43616 49.5711
2438701 15.0478 4.05999 23.5898 6.87358 -13.9718 3.43616 49.5711
2438707 14.8641 3.94454 23.5696 6.83485 -14.0482 3.53435 49.2131
2438716 14.7192 3.93492 23.3977 6.80581 -14.0081 3.54586 48.8576
2438743 14.5162 3.82909 23.3674 6.83485 -14.017 3.66351 48.5476
2438748 14.3036 3.76174 23.3775 6.88326 -13.9863 3.78536 48.3261
2438758 14.3036 3.76174 23.3775 6.88326 -13.9863 3.78536 48.3261
2438768 14.1103 3.71364 23.4584 6.80581 -14.0623 3.88046 48.0881
2438785 14.1103 3.71364 23.4584 6.80581 -14.0623 3.88046 48.0881
2438789 13.946 3.62705 23.5898 6.90262 -14.0465 4.0318 48.0654
2438799 13.714 3.53084 23.8627 7.01879 -14.0396 4.25024 48.1263
2438809 13.714 3.53084 23.8627 7.01879 -14.0396 4.25024 48.1263
2438827 13.4918 3.42501 24.2265 7.16401 -14.0399 4.49428 48.3073
2438830 13.2308 3.33843 24.5398 7.26082 -14.0435 4.72342 48.3699
2438840 13.2308 3.33843 24.5398 7.26082 -14.0435 4.72342 48.3699
2438850 12.9505 3.22298 24.9138 7.35763 -14.0798 4.98439 48.4449
2438870 12.564 3.07866 25.3989 7.48349 -14.1168 5.32915 48.525
2438873 12.564 3.07866 25.3989 7.48349 -14.1168 5.32915 48.525
2438891 12.2933 2.94397 25.8942 7.70615 -14.0964 5.64002 48.8376
2438896 12.2933 2.94397 25.8942 7.70615 -14.0964 5.64002 48.8376
2438905 12.0614 2.80928 26.3591 7.85137 -14.1398 5.91055 49.0811
2438914 11.8294 2.67459 26.7229 8.01595 -14.1451 6.16378 49.2429
2438924 11.8294 2.67459 26.7229 8.01595 -14.1451 6.16378 49.2429
2438933 11.6458 2.57838 26.9756 8.03531 -14.2214 6.33289 49.2351
2438941 11.4815 2.57838 27.1474 8.03531 -14.2231 6.43431 49.2427
2438954 11.4815 2.53028 27.1474 8.03531 -14.2614 6.45527 49.1946
2438963 11.4622 2.72269 27.2485 8.24829 -13.9587 6.43454 49.6817
2438975 11.4622 2.72269 27.2485 8.24829 -13.9587 6.43454 49.6817
2438983 11.4719 2.99208 27.2586 8.38383 -13.6482 6.34006 50.1064
2438994 11.4332 3.45388 27.0565 8.66458 -13.0272 6.17509 50.6081
2439019 11.4042 3.91568 26.7432 8.80011 -12.5 5.96406 50.8632
2439024 11.3172 4.33899 26.3591 8.97437 -11.945 5.7886 50.9897
2439036 11.3172 4.33899 26.3591 8.97437 -11.945 5.7886 50.9897
2439044 11.2496 4.91624 25.7931 9.12927 -11.2537 5.50711 51.0882
2439059 11.2496 4.91624 25.7931 9.12927 -11.2537 5.50711 51.0882
2439065 11.1143 5.53198 25.0149 9.168 -10.5398 5.17517 50.8291
2439077 10.9403 5.90719 24.2872 9.26481 -9.94826 4.97162 50.3995
2439085 10.9403 5.90719 24.2872 9.26481 -9.94826 4.97162 50.3995
2439099 10.7277 6.24392 23.6302 9.39066 -9.36307 4.8155 49.9925
2439110 10.4184 6.47482 23.0743 10.0103 -8.50761 4.85956 49.9778
2439117 10.4184 6.47482 23.0743 10.0103 -8.50761 4.85956 49.9778
2439126 10.1285 6.60951 22.5589 10.9784 -7.50841 5.01218 50.2752
2439136 10.1285 6.60951 22.5589 10.9784 -7.50841 5.01218 50.2752
2439146 9.7129 6.67685 21.912 11.6657 -6.64549 5.15975 49.9675
2439161 9.16202 6.60951 21.1641 12.1401 -5.89727 5.35886 49.0757
2439168 9.16202 6.60951 21.1641 12.1401 -5.89727 5.35886 49.0757
2439183 8.76578 6.61913 20.3656 12.3531 -5.27986 5.40515 48.1036
2439189 8.37919 6.53254 19.8401 12.7597 -4.69731 5.58434 47.5115
2439198 8.37919 6.53254 19.8401 12.7597 -4.69731 5.58434 47.5115
2439208 8.07959 6.67685 19.3954 13.3309 -3.93156 5.67674 47.4827
2439218 7.75099 6.69609 19.1932 14.0957 -3.22212 5.92063 47.736
2439236 7.75099 6.69609 19.1932 14.0957 -3.22212 5.92063 47.736
2439249 7.61569 6.84041 18.9001 14.7927 -2.5352 5.99288 48.1489
2439254 7.61569 6.84041 18.9001 14.7927 -2.5352 5.99288 48.1489
2439263 7.38374 6.85003 18.6778 15.6543 -1.83109 6.20755 48.5659
2439271 7.21944 6.83079 18.3139 16.5644 -1.09252 6.38525 48.9285
2439279 7.21944 6.83079 18.3139 16.5644 -1.09252 6.38525 48.9285
2439292 6.91984 6.90775 17.8389 17.4535 -0.202316 6.55479 49.1199
2439299 6.47527 6.87889 17.2224 18.37 0.792345 6.81505 48.9465
2439314 6.47527 6.87889 17.2224 18.37 0.792345 6.81505 48.9465
2439320 6.10802 6.76344 16.4738 19.4024 1.83804 7.07872 48.7477
2439330 6.10802 6.76344 16.4738 19.4024 1.83804 7.07872 48.7477
2439340 5.5668 6.76344 15.5935 20.5119 3.15631 7.36291 48.4356
2439357 5.04491 6.82117 14.5107 21.7565 4.68598 7.60424 48.1333
2439362 5.04491 6.82117 14.5107 21.7565 4.68598 7.60424 48.1333
2439371 4.60034 6.94624 13.3268 23.0108 6.28073 7.76593 47.8841
2439381 4.22342 7.10979 12.0113 24.4001 7.99837 7.87886 47.7446
2439408 3.89483 7.40804 10.8982 25.8859 9.61846 7.94849 48.087
2439413 3.89483 7.40804 10.8982 25.8859 9.61846 7.94849 48.087
2439423 3.60489 7.65818 10.1798 27.5647 10.9362 8.1053 49.0075
2439433 3.17965 7.98529 9.83571 29.1856 12.0329 8.3259 50.1862
2439448 3.17965 7.98529 9.83571 29.1856 12.0329 8.3259 50.1862
2439454 2.88971 8.22581 9.775 30.3916 12.6519 8.49743 51.2821
2439465 2.44514 8.43746 9.79524 31.3854 13.2447 8.7292 52.0632
2439474 2.44514 8.43746 9.79524 31.3854 13.2447 8.7292 52.0632
2439486 2.01023 8.4086 9.83571 31.916 13.6469 9.00878 52.1706
2439510 1.44969 8.22581 9.80536 32.4274 14.1587 9.40811 51.9082
2439514 0.9278 8.06225 9.80536 32.6686 14.5722 9.75941 51.464
2439533 0.9278 8.06225 9.80536 32.6686 14.5722 9.75941 51.464
2439541 0.483229 7.79287 9.67381 32.8519 15.0033 10.1127 50.8018
2439550 0.135304 7.61007 9.58274 32.9098 15.328 10.3748 50.2379
2439555 0.135304 7.61007 9.58274 32.9098 15.328 10.3748 50.2379
2439568 0 7.46576 9.47143 32.8808 15.494 10.5042 49.818
2439580 0 7.35031 9.48155 32.7747 15.4433 10.5548 49.6065
2439590 0 7.35031 9.48155 32.7747 15.4433 10.5548 49.6065
2439599 0 7.28297 9.5119 32.6975 15.3905 10.5854 49.4924
2439611 0 7.28297 9.5119 32.6975 15.3905 10.5854 49.4924
2439616 0 7.17714 9.49167 32.5528 15.3582 10.6256 49.2216
2439644 0 7.10017 9.41071 32.4081 15.3813 10.6458 48.9189
2439645 0 7.10017 9.41071 32.4081 15.3813 10.6458 48.9189
2439648 0 7.07131 9.32976 32.2151 15.4047 10.6364 48.6162
2439658 0 7.0232 9.25893 31.9739 15.4065 10.6338 48.256
2439668 0 7.0232 9.25893 31.9739 15.4065 10.6338 48.256
2439685 0 7.05207 9.15774 31.7616 15.455 10.5898 47.9714
2439700 0 7.12903 9.1375 31.752 15.4854 10.5461 48.0185
2439709 0 7.24448 9.12738 31.6844 15.5035 10.4775 48.0563
2439719 0 7.24448 9.12738 31.6844 15.5035 10.4775 48.0563
2439734 0 7.41766 9.09702 31.5687 15.5404 10.372 48.0834
2439740 0 7.54273 9.00595 31.6266 15.6529 10.3029 48.1752
2439766 0 7.68704 9.01607 31.6844 15.6835 10.2341 48.3876
2439770 0 7.68704 9.01607 31.6844 15.6835 10.2341 48.3876
2439781 0 7.86022 9.04643 31.752 15.7042 10.1539 48.6586
2439795 0 7.97567 9.01607 31.8871 15.7771 10.1048 48.8788
2439804 0 7.97567 9.01607 31.8871 15.7771 10.1048 48.8788
2439811 0 8.07187 8.9756 31.9642 15.8434 10.0592 49.0117
2439824 0 8.15846 9.07679 32.0318 15.7882 10.0321 49.267
2439848 0.0483229 8.23543 9.04643 32.0125 15.7841 9.96354 49.3427
2439853 0.0483229 8.23543 9.04643 32.0125 15.7841 9.96354 49.3427
2439866 0.115975 8.41822 8.99583 31.7906 15.7627 9.80895 49.3206
2439873 0.280273 8.57216 9.05655 31.4143 15.5351 9.61567 49.3233
2439885 0.280273 8.57216 9.05655 31.4143 15.5351 9.61567 49.3233
2439898 0.512223 8.69723 9.02619 30.903 15.2944 9.37746 49.1386
2439905 0.860148 8.89926 9.14762 30.2951 14.83 9.0494 49.2022
2439913 0.860148 8.89926 9.14762 30.2951 14.83 9.0494 49.2022
2439923 1.49801 9.14941 9.17798 29.4364 14.164 8.51582 49.2618
2439933 2.32916 9.14941 9.17798 29.4364 13.5142 8.12564 50.093
2439949 2.32916 9.52462 9.17798 28.5585 13.3978 7.82896 49.5902
2439956 3.083 9.81324 9.27917 27.6129 12.5853 7.22936 49.7884
2439975 3.82717 9.95755 9.23869 26.4841 11.8042 6.64689 49.5075
2439984 4.61967 10.1692 9.1375 25.3842 11.0505 6.00261 49.3106
2440003 4.61967 10.1692 9.1375 25.3842 11.0505 6.00261 49.3106
2440005 5.44116 10.3328 9.1881 24.101 10.0914 5.3549 49.063
2440016 6.26265 10.4194 9.35 22.9625 9.06695 4.78539 48.9945
2440025 6.26265 10.4194 9.35 22.9625 9.06695 4.78539 48.9945
2440037 6.91984 10.2943 9.53214 21.8337 8.06711 4.36962 48.58
2440045 6.91984 10.2943 9.53214 21.8337 8.06711 4.36962 48.58
2440060 7.59636 10.3616 10.0583 20.6663 6.86756 3.93363 48.6826
2440066 8.14724 10.5156 10.4833 19.5471 5.86945 3.50181 48.6932
2440080 8.14724 10.5156 10.4833 19.5471 5.86945 3.50181 48.6932
2440086 8.73678 10.5252 11.0804 18.1964 4.58624 3.09488 48.5387
2440101 9.20068 10.5348 11.556 16.9129 3.47015 2.7176 48.2043
2440107 9.20068 10.5348 11.556 16.9129 3.47015 2.7176 48.2043
2440117 9.64525 10.5059 11.981 15.5672 2.33071 2.32612 47.6993
2440127 9.64525 10.5059 11.981 15.5672 2.33071 2.32612 47.6993
2440137 10.0222 10.2847 12.5679 14.299 1.05653 2.08591 47.1737
2440152 10.4667 10.0441 13.4685 13.1276 -0.405191 1.93765 47.1069
2440162 10.4667 10.0441 13.4685 13.1276 -0.405191 1.93765 47.1069
2440170 10.9596 9.73628 14.4298 11.9174 -1.98525 1.80195 47.0431
2440180 11.4429 9.58234 15.4821 10.6879 -3.52511 1.63518 47.1953
2440189 11.4429 9.58234 15.4821 10.6879 -3.52511 1.63518 47.1953
2440199 11.9841 9.27448 16.6054 9.50683 -5.17626 1.53691 47.3708
2440210 11.9841 9.27448 16.6054 9.50683 -5.17626 1.53691 47.3708
2440219 12.535 8.90889 17.6873 8.68394 -6.60326 1.54576 47.8151
2440233 13.1245 8.5914 19.0922 8.36446 -7.7588 1.7512 49.1725
2440239 13.1245 8.5914 19.0922 8.36446 -7.7588 1.7512 49.1725
2440255 13.5594 8.09111 20.497 8.35478 -8.71768 2.1389 50.5023
2440260 13.8687 7.61969 21.8008 8.63554 -9.34731 2.58489 51.9247
2440270 13.8687 7.61969 21.8008 8.63554 -9.34731 2.58489 51.9247
2440280 14.1489 7.03282 22.8924 8.69362 -10.0984 2.95755 52.7678
2440290 14.3712 6.45557 23.5999 8.62585 -10.7863 3.22292 53.0525
2440305 14.3712 6.45557 23.5999 8.62585 -10.7863 3.22292 53.0525
2440311 14.5645 5.99377 24.0446 8.49032 -11.3597 3.38366 53.0932
2440322 14.5645 5.99377 24.0446 8.49032 -11.3597 3.38366 53.0932
2440331 14.6902 5.49349 24.0446 8.15148 -11.9749 3.44 52.3797
2440343 14.9028 5.05093 23.893 7.82232 -12.5426 3.4145 51.669
2440352 14.9028 5.05093 23.893 7.82232 -12.5426 3.4145 51.669
2440370 15.0671 4.69496 23.5797 7.4254 -13.0628 3.32194 50.7671
2440373 15.0671 4.69496 23.2663 7.4254 -12.9887 3.24942 50.4538
2440387 15.27 4.45444 23.2663 7.18337 -13.4026 3.2064 50.1742
2440393 15.444 4.25241 22.8317 6.98007 -13.656 3.06477 49.5082
2440403 15.444 4.25241 22.8317 6.98007 -13.656 3.06477 49.5082
2440413 15.676 4.19468 22.4477 6.73804 -13.857 2.84828 49.0564
2440423 15.7726 4.23316 22.0636 6.49601 -13.9539 2.64196 48.5654
2440433 15.7726 4.23316 22.0636 6.49601 -13.9539 2.64196 48.5654
2440443 15.9369 4.35823 21.538 6.28303 -13.9421 2.34618 48.1162
2440458 16.0432 4.33899 21.1338 6.13781 -14.0074 2.16857 47.6538
2440464 16.0432 4.33899 21.1338 6.13781 -14.0074 2.16857 47.6538
2440473 16.1012 4.36786 20.9215 6.03132 -14.0355 2.05088 47.4219
2440483 16.1012 4.36786 20.9215 6.03132 -14.0355 2.05088 47.4219
2440498 16.1785 4.35823 20.8811 5.98292 -14.0918 2.00227 47.4008
2440504 16.0722 4.28127 21.0327 6.041 -14.1178 2.12544 47.4272
2440515 16.0722 4.28127 21.0327 6.041 -14.1178 2.12544 47.4272
2440524 16.0819 4.26203 21.1641 6.06036 -14.1499 2.16969 47.5683
2440538 16.0819 4.26203 21.1641 6.06036 -14.1499 2.16969 47.5683
2440544 15.9949 4.21392 21.3561 6.18622 -14.1101 2.30367 47.7511
2440554 15.9079 4.12733 21.5684 6.28303 -14.1302 2.44833 47.8866
2440583 15.8499 4.13696 21.8615 6.37984 -14.0968 2.56731 48.2282
2440585 15.7823 4.01188 22.2051 6.48633 -14.1739 2.75256 48.4856
2440595 15.7823 4.01188 22.2051 6.48633 -14.1739 2.75256 48.4856
2440605 15.7049 4.02151 22.5892 6.56378 -14.172 2.89279 48.8794
2440615 15.7049 4.02151 22.5892 6.56378 -14.172 2.89279 48.8794
2440630 15.5406 3.93492 22.852 6.69932 -14.1547 3.08271 49.0268
2440636 15.4827 3.85795 23.1249 6.83485 -14.1554 3.23094 49.3003
2440649 15.4827 3.85795 23.1249 6.83485 -14.1554 3.23094 49.3003
2440658 15.3764 3.82909 23.1956 6.83485 -14.1706 3.2979 49.2359
2440671 15.241 3.82909 23.3371 7.04784 -14.0032 3.43184 49.4551
2440676 15.241 3.82909 23.3371 7.04784 -14.0032 3.43184 49.4551
2440695 15.1444 3.96378 23.519 7.18337 -13.8105 3.49149 49.8106
2440704 15.1154 4.14658 23.7212 7.46412 -13.4922 3.54528 50.4473
2440716 15.1154 4.14658 23.7212 7.46412 -13.4922 3.54528 50.4473
2440721 14.8835 4.40634 23.7313 7.74487 -13.0321 3.60075 50.7659
2440730 14.8835 4.40634 23.7313 7.74487 -13.0321 3.60075 50.7659
2440739 14.8255 4.82003 23.6908 8.02563 -12.495 3.52526 51.362
2440749 14.7192 5.32032 23.4382 8.38383 -11.7877 3.40788 51.8615
2440759 14.7192 5.32032 23.4382 8.38383 -11.7877 3.40788 51.8615
2440769 14.3906 5.74363 23.1653 8.57745 -11.1971 3.35656 51.8769
2440782 13.9267 6.11885 22.761 8.78075 -10.5588 3.34276 51.5873
2440789 13.9267 6.11885 22.761 8.78075 -10.5588 3.34276 51.5873
2440808 13.3758 6.32088 22.4174 8.86788 -10.1038 3.40962 50.9819
2440818 13.3758 6.32088 22.4174 8.86788 -10.1038 3.40962 50.9819
2440826 12.7572 6.49406 21.9524 9.05182 -9.53318 3.50796 50.2556
2440834 12.3417 6.75382 21.5583 9.33257 -8.90921 3.53957 49.9863
2440851 12.0227 6.93662 21.0832 9.83599 -8.18657 3.5967 49.8786
2440860 11.5492 7.05207 20.6891 10.6395 -7.28355 3.82357 49.9298
2440875 11.5492 7.05207 20.6891 10.6395 -7.28355 3.82357 49.9298
2440881 11.1239 7.03282 20.1332 11.2204 -6.56625 3.9982 49.5103
2440891 11.1239 7.03282 20.1332 11.2204 -6.56625 3.9982 49.5103
2440901 10.6407 7.0232 19.547 11.7238 -5.84487 4.17093 48.9347
2440913 10.0995 7.13865 18.9203 12.0433 -5.10245 4.27126 48.2018
2440921 10.0995 7.13865 18.9203 12.0433 -5.10245 4.27126 48.2018
2440936 9.52928 7.13865 18.3543 12.4692 -4.35642 4.47101 47.4915
2440943 8.92041 7.14827 17.9298 13.2244 -3.42927 4.79181 47.2229
2440958 8.92041 7.14827 17.9298 13.2244 -3.42927 4.79181 47.2229
2440965 8.38886 7.18676 17.5963 14.5216 -2.2418 5.20269 47.6936
2440974 8.38886 7.18676 17.5963 14.5216 -2.2418 5.20269 47.6936
2440983 7.83798 7.18676 17.2931 16.0416 -0.983651 5.67933 48.3594
2440993 7.22911 7.23486 16.6357 17.8008 0.598583 6.12649 48.9005
2441019 6.4946 7.21562 15.7048 19.5568 2.33452 6.60114 48.9717
2441028 5.66344 7.26372 14.5107 21.3417 4.32108 7.04964 48.7795
2441034 5.66344 7.26372 14.5107 21.3417 4.32108 7.04964 48.7795
2441044 4.88061 7.24448 13.1548 22.9432 6.30007 7.45687 48.2231
2441063 6.4946 7.24448 11.7482 22.9432 6.166 6.48941 48.4305
2441074 4.02047 7.30221 11.7482 24.5834 8.45514 7.872 47.6543
2441080 3.2473 7.26372 10.5036 26.3201 10.4748 8.33827 47.3347
2441089 3.2473 7.26372 10.5036 26.3201 10.4748 8.33827 47.3347
2441100 2.59011 7.45614 9.63333 28.3173 12.2664 8.72068 47.9968
2441106 2.05856 7.61007 9.4006 30.3916 13.4159 9.13558 49.4608
2441116 2.05856 7.61007 9.4006 30.3916 13.4159 9.13558 49.4608
2441127 1.57533 7.70628 9.46131 32.1765 14.1626 9.53159 50.9194
2441136 1.04377 7.7159 9.63333 33.5369 14.7197 9.93952 51.9299
2441147 1.04377 7.7159 9.63333 33.5369 14.7197 9.93952 51.9299
2441156 0.57021 7.68704 9.62321 34 15.176 10.2252 51.8805
2441174 0.57021 7.68704 9.62321 34 15.176 10.2252 51.8805
2441178 0.135304 7.63894 9.52202 34 15.5867 10.4533 51.2963
2441188 0 7.62932 9.35 34 15.8296 10.5103 50.9793
2441198 0 7.62932 9.35 34 15.8296 10.5103 50.9793
2441208 0 7.7159 9.33988 34 15.8533 10.4662 51.0558
2441218 0 7.83135 9.25893 34 15.9387 10.4015 51.0903
2441228 0 7.83135 9.25893 34 15.9387 10.4015 51.0903
2441243 0 7.79287 9.15774 33.7588 15.9704 10.3897 50.7094
2441249 0 7.79287 9.15774 33.7588 15.9704 10.3897 50.7094
2441262 0 7.67742 9.10714 33.3536 15.9179 10.4062 50.1381
2441269 0 7.62932 8.9756 32.8905 15.9329 10.3757 49.4954
2441279 0 7.62932 8.9756 32.8905 15.9329 10.3757 49.4954
2441289 0 7.56197 8.80357 32.4081 15.9751 10.3487 48.7736
2441309 0 7.46576 8.79345 32.0607 15.9008 10.3648 48.3199
2441312 0 7.46576 8.79345 32.0607 15.9008 10.3648 48.3199
2441319 0 7.42728 8.77321 31.752 15.8522 10.3533 47.9525
2441332 0 7.42728 8.77321 31.752 15.8522 10.3533 47.9525
2441344 0 7.32145 8.74286 31.6169 15.832 10.3935 47.6812
2441350 0 7.18676 8.77321 31.6555 15.7874 10.472 47.6155
2441360 0 7.18676 8.77321 31.6555 15.7874 10.472 47.6155
2441370 0 7.15789 8.74286 31.6362 15.8042 10.4827 47.537
2441383 0 7.10979 8.78333 31.7327 15.7788 10.5215 47.6258
2441392 0 7.10979 8.78333 31.7327 15.7788 10.5215 47.6258
2441404 0 7.18676 8.93512 31.9546 15.7074 10.5154 48.0765
2441410 0 7.18676 8.93512 31.9546 15.7074 10.5154 48.0765
2441429 0 7.10979 8.90476 32.0897 15.7443 10.566 48.1042
2441438 0 7.17714 9.04643 32.3598 15.6898 10.5682 48.5834
2441450 0 7.17714 9.04643 32.3598 15.6898 10.5682 48.5834
2441455 0 7.16752 9.04643 32.5431 15.723 10.5899 48.7571
2441465 0 7.12903 9.1881 32.6782 15.6235 10.6349 48.9953
2441475 0 7.12903 9.1881 32.6782 15.6235 10.6349 48.9953
2441484 0 7.10017 9.16786 32.7361 15.6458 10.6533 49.0041
2441498 0 7.10017 9.16786 32.7361 15.6458 10.6533 49.0041
2441504 0 7.00396 9.17798 32.6107 15.5949 10.6936 48.7926
2441513 0 7.01358 9.29941 32.5431 15.4829 10.6933 48.8561
2441525 0 7.01358 9.29941 32.5431 15.4829 10.6933 48.8561
2441534 0.328596 7.09055 9.54226 32.2344 14.9678 10.4757 49.1958
2441545 0.9278 7.12903 9.88631 31.6555 14.0984 10.1268 49.5986
2441554 0.9278 7.12903 9.88631 31.6555 14.0984 10.1268 49.5986
2441568 1.80728 7.36955 9.91667 30.7196 13.2321 9.47325 49.8131
2441574 1.80728 7.36955 9.91667 30.7196 13.2321 9.47325 49.8131
2441591 2.75441 7.7159 10.1494 29.5619 12.1429 8.74055 50.1816
2441595 3.85617 8.05263 10.4935 28.2594 10.8378 7.94803 50.6616
2441605 3.85617 8.05263 10.4935 28.2594 10.8378 7.94803 50.6616
2441615 4.73565 8.25467 10.9083 26.7832 9.56649 7.31067 50.6818
2441625 5.64412 8.38936 11.4649 25.1237 8.10125 6.68339 50.6221
2441637 5.64412 8.38936 11.4649 25.1237 8.10125 6.68339 50.6221
2441650 6.33997 8.48557 11.8292 23.3195 6.8215 6.10009 49.9742
2441659 6.81353 8.48557 11.8899 23.3195 6.48489 5.91296 50.5085
2441666 6.81353 8.45671 11.8899 21.3417 5.71884 5.55484 48.5018
2441683 7.22911 8.54329 12.072 19.5857 4.65309 5.02381 47.4301
2441686 7.22911 8.54329 12.072 19.5857 4.65309 5.02381 47.4301
2441699 7.60603 8.43746 12.3655 17.9648 3.46682 4.62119 46.3738
2441709 8.07959 8.37974 13.0637 16.6128 2.08581 4.29724 46.1358
2441718 8.07959 8.37974 13.0637 16.6128 2.08581 4.29724 46.1358
2441732 8.56282 8.3605 14.0756 15.4801 0.646612 4.07679 46.479
2441738 9.19102 8.3605 15.0774 14.1344 -0.948128 3.7402 46.7633
2441755 9.19102 8.3605 15.0774 14.1344 -0.948128 3.7402 46.7633
2441759 9.70324 8.27391 16.0286 12.8468 -2.46043 3.48911 46.8525
2441769 9.70324 8.27391 16.0286 12.8468 -2.46043 3.48911 46.8525
2441779 10.2541 8.15846 17.1415 11.6657 -4.00862 3.30199 47.2198
2441803 10.9596 8.22581 18.2735 10.3878 -5.5487 2.97069 47.8467
2441815 11.6072 8.14884 19.3853 9.39066 -6.92993 2.78783 48.5319
2441827 12.2354 8.04301 20.6183 8.82916 -8.03481 2.7659 49.7258
2441833 12.2354 8.04301 20.6183 8.82916 -8.03481 2.7659 49.7258
2441841 12.7862 7.58121 21.72 8.58713 -9.04689 2.9422 50.6746
2441854 12.7862 7.58121 21.72 8.58713 -9.04689 2.9422 50.6746
2441863 13.2115 7.16752 22.67 8.57745 -9.75108 3.15782 51.6265
2441874 13.5401 6.66723 23.5089 8.43223 -10.5226 3.37512 52.1485
2441898 13.714 6.19581 23.9941 8.31606 -11.1051 3.56193 52.22
2441901 13.772 5.68591 24.4691 8.1902 -11.6876 3.79951 52.1172
2441911 13.772 5.68591 24.4691 8.1902 -11.6876 3.79951 52.1172
2441922 13.7527 5.18563 24.8228 8.07403 -12.2098 4.0393 51.8352
2441931 13.7527 5.18563 24.8228 8.07403 -12.2098 4.0393 51.8352
2441946 13.7044 4.62762 25.1665 7.90945 -12.8063 4.30204 51.4079
2441956 13.5787 4.16582 25.3484 7.70615 -13.3148 4.52075 50.7991
2441963 13.5787 4.16582 25.3484 7.70615 -13.3148 4.52075 50.7991
2441973 13.5594 3.79061 25.5 7.56093 -13.741 4.67485 50.4109
2441983 13.5884 3.47312 25.5303 7.48349 -14.0599 4.77849 50.0753
2441994 13.5884 3.47312 25.5303 7.48349 -14.0599 4.77849 50.0753
2442003 13.6077 3.24222 25.5101 7.37699 -14.3246 4.83658 49.7371
2442020 13.6077 3.24222 25.5101 7.37699 -14.3246 4.83658 49.7371
2442024 13.5497 3.07866 25.3585 7.33827 -14.4406 4.88646 49.3252
2442034 13.6464 3.01132 25.2675 7.17369 -14.6281 4.82196 49.0989
2442044 13.6464 3.01132 25.2675 7.17369 -14.6281 4.82196 49.0989
2442054 13.7237 2.97284 24.934 7.10592 -14.6599 4.72236 48.7365
2442069 13.772 2.95359 24.8835 7.04784 -14.7225 4.68762 48.6569
2442075 13.772 2.95359 24.8835 7.04784 -14.7225 4.68762 48.6569
2442093 13.7914 2.96321 24.5398 6.92198 -14.7491 4.57539 48.2164
2442101 13.888 2.97284 24.4287 6.81549 -14.8261 4.48497 48.105
2442118 13.888 2.97284 24.4287 6.81549 -14.8261 4.48497 48.105
2442119 13.9363 2.99208 24.1861 6.69932 -14.8655 4.37855 47.8138
2442125 13.9363 2.99208 24.1861 6.69932 -14.8655 4.37855 47.8138
2442142 14.0426 3.0017 24.0648 6.67027 -14.8785 4.29811 47.7794
2442146 14.062 2.96321 24.1861 6.66059 -14.9484 4.33078 47.8719
2442167 14.062 2.96321 24.1861 6.66059 -14.9484 4.33078 47.8719
2442169 14.062 2.95359 24.3074 6.76708 -14.8932 4.38518 48.09
2442186 13.917 2.92473 24.6308 6.85421 -14.8825 4.54509 48.3267
2442208 13.888 2.85739 24.9239 6.92198 -14.9371 4.66148 48.5913
2442210 13.888 2.85739 24.9239 6.92198 -14.9371 4.66148 48.5913
2442219 13.8204 2.84776 25.1159 7.0672 -14.8519 4.76396 48.8512
2442228 13.7237 2.74194 25.308 7.05752 -14.966 4.88413 48.8311
2442244 13.7237 2.74194 25.308 7.05752 -14.966 4.88413 48.8311
2442249 13.6657 2.7708 25.4798 7.1156 -14.9184 4.94337 49.0319
2442259 13.5981 2.76118 25.591 7.31891 -14.7704 5.03884 49.2691
2442271 13.5981 2.76118 25.591 7.31891 -14.7704 5.03884 49.2691
2442279 13.6077 3.03056 25.7426 7.45444 -14.4803 4.98403 49.8353
2442294 13.6077 3.03056 25.7426 7.45444 -14.4803 4.98403 49.8353
2442299 13.5111 3.38653 25.5404 7.71583 -13.9317 4.89254 50.1539
2442318 13.5111 3.90606 25.3686 7.95786 -13.3099 4.70285 50.7436
2442324 13.5111 3.90606 25.3686 7.95786 -13.3099 4.70285 50.7436
2442330 13.3758 4.4833 24.9138 8.10308 -12.6303 4.46904 50.876
2442342 13.2405 5.23373 24.2366 8.36446 -11.6881 4.14884 51.0753
2442367 13.1148 5.88795 23.418 8.46128 -10.8995 3.79597 50.882
2442370 13.1148 5.88795 23.418 8.46128 -10.8995 3.79597 50.882
2442380 12.9505 6.4652 22.4376 8.47096 -10.1601 3.42562 50.3243
2442395 12.6896 7.08093 21.5684 8.61617 -9.28878 3.12701 49.9551
2442401 12.6896 7.08093 21.5684 8.61617 -9.28878 3.12701 49.9551
2442416 12.4093 7.50424 20.7901 9.17768 -8.27841 3.02345 49.8814
2442421 12.0807 7.88908 20.1433 10.5911 -6.77647 3.18453 50.7042
2442440 12.0807 7.88908 20.1433 10.5911 -6.77647 3.18453 50.7042
2442443 11.7425 8.1777 19.456 11.9174 -5.41166 3.34932 51.2936
2442453 11.7425 8.1777 19.456 11.9174 -5.41166 3.34932 51.2936
2442465 11.2496 8.27391 18.4756 12.4402 -4.4663 3.38794 50.4393
2442473 10.7567 8.33164 17.2527 12.4886 -3.68071 3.2725 48.8296
2442490 10.7567 8.33164 17.2527 12.4886 -3.68071 3.2725 48.8296
2442493 10.1961 8.49519 15.9881 12.5564 -2.71651 3.12892 47.2358
2442508 9.66458 8.56254 15.0065 13.1276 -1.6075 3.20537 46.3612
2442516 9.66458 8.56254 15.0065 13.1276 -1.6075 3.20537 46.3612
2442531 9.08471 8.75495 14.0149 14.0763 -0.146051 3.34792 45.9309
2442542 8.67879 8.96661 12.9827 15.4413 1.49037 3.50948 46.0695
2442551 8.67879 8.96661 12.9827 15.4413 1.49037 3.50948 46.0695
2442568 8.23422 9.3322 11.9202 17.2605 3.44312 3.72675 46.7472
2442570 8.23422 9.3322 11.9202 17.2605 3.44312 3.72675 46.7472
2442578 7.77999 9.69779 10.9387 19.2673 5.37207 4.00395 47.6838
2442594 7.32575 10.0634 10.0988 21.1101 7.07278 4.26553 48.598
2442596 7.32575 10.0634 10.0988 21.1101 7.07278 4.26553 48.598
2442605 6.64923 10.4001 9.52202 22.9915 8.68611 4.68017 49.5629
2442620 5.98238 10.6791 9.47143 24.7281 9.80782 5.17235 50.8611
2442625 5.98238 10.6791 9.47143 24.7281 9.80782 5.17235 50.8611
2442646 5.19955 10.8523 9.37024 26.2333 10.8971 5.67753 51.6553
2442648 5.19955 10.8523 9.37024 26.2333 10.8971 5.67753 51.6553
2442657 4.34906 10.8908 9.44107 27.3621 11.7512 6.21505 52.043
2442671 3.56623 10.8908 9.42083 28.2883 12.5522 6.68599 52.1661
2442676 3.56623 10.8908 9.42083 28.2883 12.5522 6.68599 52.1661
2442686 2.68675 10.7946 9.27917 28.9347 13.4265 7.17646 51.6952
2442701 1.97157 10.6695 9.1375 29.2242 14.1093 7.56448 51.0028
2442708 1.97157 10.6695 9.1375 29.2242 14.1093 7.56448 51.0028
2442726 1.43036 10.6118 8.8744 29.475 14.7753 7.83087 50.3916
2442728 1.43036 10.6118 8.8744 29.475 14.7753 7.83087 50.3916
2442738 0.985787 10.6599 8.79345 29.5233 15.2134 8.00734 49.9624
2442751 0.840819 10.6984 8.68214 29.2917 15.3834 8.0084 49.513
2442759 0.840819 10.6984 8.68214 29.2917 15.3834 8.0084 49.513
2442776 0.850483 10.8715 8.51012 28.9154 15.477 7.84481 49.1476
2442779 0.879477 11.0255 8.4494 28.5585 15.4638 7.69827 48.9128
2442805 0.879477 10.987 8.2875 28.1436 15.5099 7.62915 48.2975
2442809 0.879477 10.987 8.2875 28.1436 15.5099 7.62915 48.2975
2442827 0.918135 10.9966 8.18631 27.8445 15.5054 7.54483 47.9455
2442830 0.908471 10.9196 8.11548 27.6129 15.5124 7.5385 47.5565
2442844 0.908471 10.9196 8.11548 27.6129 15.5124 7.5385 47.5565
2442853 0.850483 10.9389 8.13571 27.6129 15.5484 7.56004 47.538
2442860 0.811825 10.8331 8.17619 27.7384 15.5508 7.65453 47.5594
2442870 0.811825 10.8331 8.17619 27.7384 15.5508 7.65453 47.5594
2442880 0.821489 10.7946 8.20655 27.8734 15.5359 7.6937 47.696
2442906 0.821489 10.7946 8.20655 27.8734 15.5359 7.6937 47.696
2442907 0.792496 10.7849 8.27738 28.0375 15.531 7.74782 47.8923
2442910 0.80216 10.8427 8.31786 28.3269 15.557 7.76562 48.2896
2442931 0.80216 10.8427 8.31786 28.3269 15.557 7.76562 48.2896
2442938 0.831154 10.8523 8.29762 28.4813 15.5816 7.76751 48.4623
2442946 0.811825 10.9581 8.37857 28.6549 15.5843 7.76489 48.8035
2442957 0.811825 10.9581 8.37857 28.6549 15.5843 7.76489 48.8035
2442961 0.80216 10.9485 8.34821 28.7707 15.638 7.78652 48.8696
2442971 0.80216 10.9485 8.34821 28.7707 15.638 7.78652 48.8696
2442982 0.744173 10.9966 8.31786 28.819 15.7299 7.79377 48.8776
2442996 0.773167 10.9485 8.32798 28.819 15.6881 7.80417 48.8686
2443007 0.773167 10.9485 8.32798 28.819 15.6881 7.80417 48.8686
2443013 0.850483 10.9774 8.38869 28.7611 15.568 7.75515 48.9776
2443023 0.995452 11.0158 8.5 28.5488 15.3226 7.65515 49.0601
2443035 0.995452 11.0158 8.5 28.5488 15.3226 7.65515 49.0601
2443043 1.29505 10.9389 8.65179 28.3269 14.894 7.5422 49.2126
2443062 1.29505 10.9389 8.65179 28.3269 14.894 7.5422 49.2126
2443065 1.63331 10.8427 8.76309 28.0182 14.4468 7.40153 49.2572
2443074 2.27118 10.8715 9.00595 27.5936 13.6644 7.07352 49.7423
2443088 2.27118 10.8715 9.00595 27.5936 13.6644 7.07352 49.7423
2443094 2.95736 10.8812 9.19821 26.899 12.8288 6.6862 49.9357
2443104 3.7112 10.9389 9.20833 26.0499 12.0567 6.19381 49.9084
2443119 3.7112 10.9389 9.20833 26.0499 12.0567 6.19381 49.9084
2443125 4.25242 10.8619 9.1375 25.1334 11.4434 5.81851 49.3852
2443139 4.83229 10.7946 9.25893 24.2457 10.6597 5.45815 49.1315
2443165 5.37351 10.7368 9.43095 23.3774 9.86831 5.12013 48.9187
2443168 5.37351 10.7368 9.43095 23.3774 9.86831 5.12013 48.9187
2443176 5.85674 10.5925 9.95714 22.6731 8.88953 4.94534 49.0795
2443190 6.26265 10.3135 10.8071 22.2486 7.80361 4.98053 49.6319
2443218 6.51393 10.0441 11.7988 21.66 6.69346 5.06852 50.0169
2443219 6.70722 9.8421 12.4262 20.7435 5.75845 5.01428 49.719
2443226 6.70722 9.8421 12.4262 20.7435 5.75845 5.01428 49.719
2443243 6.90051 9.63045 12.7399 19.5568 4.88802 4.84327 48.8276
2443248 6.90051 9.63045 12.7399 19.5568 4.88802 4.84327 48.8276
2443269 6.9585 9.35144 13.0333 18.3411 4.03733 4.73881 47.6844
2443275 7.14213 9.13016 13.6 17.2798 3.00508 4.64693 47.1521
2443285 7.14213 9.13016 13.6 17.2798 3.00508 4.64693 47.1521
2443297 7.53837 8.95699 14.3792 16.0803 1.66104 4.46091 46.9548
2443303 7.94429 8.81268 15.2089 14.8702 0.282699 4.26663 46.836
2443313 7.94429 8.81268 15.2089 14.8702 0.282699 4.26663 46.836
2443323 8.43718 8.78381 16.0893 13.5342 -1.17863 3.97138 46.8444
2443329 8.43718 8.78381 16.0893 13.5342 -1.17863 3.97138 46.8444
2443339 9.03638 8.75495 17.1011 12.2272 -2.73521 3.67266 47.1196
2443350 9.65492 8.71647 18.2634 10.9493 -4.33575 3.41752 47.5841
2443376 9.65492 8.71647 18.2634 10.9493 -4.33575 3.41752 47.5841
2443378 10.1671 8.50481 19.5369 9.83599 -5.91282 3.34091 48.0448
2443386 10.6504 8.11036 20.9822 9.22608 -7.29855 3.50656 48.969
2443403 11.1723 7.52349 22.7509 8.97437 -8.63989 3.87622 50.421
2443430 11.6362 6.93662 24.3983 9.10991 -9.59465 4.30161 52.081
2443432 11.9164 6.14771 25.9144 9.2164 -10.5587 4.81249 53.1949
2443457 12.2064 5.51273 26.5916 9.13895 -11.2939 5.05469 53.4496
2443461 12.332 4.81041 26.9857 8.81948 -12.1289 5.28715 52.9476
2443471 12.332 4.81041 26.9857 8.81948 -12.1289 5.28715 52.9476
2443486 12.3513 4.07923 27.2182 8.54841 -12.9039 5.55663 52.1972
2443493 12.3513 4.07923 27.2182 8.54841 -12.9039 5.55663 52.1972
2443501 12.361 3.47312 27.3496 8.26765 -13.5904 5.76752 51.4514
2443514 12.332 2.89587 27.481 8.07403 -14.1992 6.00413 50.7829
2443545 12.2064 2.56876 27.6023 7.96754 -14.5359 6.19566 50.3449
2443547 12.1194 2.24165 27.5922 7.95786 -14.7823 6.36802 49.911
2443553 12.1194 2.24165 27.5922 7.95786 -14.7823 6.36802 49.911
2443573 12.2257 2.28976 27.4102 7.77392 -14.8755 6.23808 49.6996
2443581 12.2257 2.28976 27.4102 7.77392 -14.8755 6.23808 49.6996
2443584 12.1774 2.23203 27.1879 7.71583 -14.9136 6.23393 49.3131
2443601 12.187 2.24165 26.7634 7.64806 -14.8754 6.13719 48.8401
2443604 12.187 2.24165 26.7634 7.64806 -14.8754 6.13719 48.8401
2443614 12.1967 2.25127 26.5309 7.55125 -14.9006 6.06866 48.5301
2443633 12.0807 2.22241 26.3995 7.52221 -14.8967 6.10222 48.2249
2443661 12.0421 2.26089 26.2782 7.41572 -14.9195 6.06007 47.9969
2443663 12.0421 2.26089 26.2782 7.41572 -14.9195 6.06007 47.9969
2443673 12.0324 2.21279 26.1671 7.38667 -14.9585 6.0593 47.7989
2443684 12.1097 2.24165 26.1772 7.35763 -14.977 6.00907 47.8862
2443687 12.1097 2.24165 26.1772 7.35763 -14.977 6.00907 47.8862
2443695 12.1194 2.18393 26.1974 7.36731 -15.0234 6.03578 47.868
2443711 12.1774 2.18393 26.2479 7.38667 -15.0298 6.02342 47.9959
2443741 12.2257 2.21279 26.3288 7.36731 -15.0486 6.00117 48.1346
2443743 12.2257 2.21279 26.3288 7.36731 -15.0486 6.00117 48.1346
2443746 12.2064 2.1262 26.4197 7.30923 -15.184 6.05361 48.0615
2443756 12.2257 2.11658 26.6118 7.43508 -15.1304 6.10816 48.3891
2443768 12.2257 2.11658 26.6118 7.43508 -15.1304 6.10816 48.3891
2443776 12.1291 2.09734 26.6825 7.52221 -15.0688 6.18766 48.4311
2443795 12.1387 2.32824 26.7533 7.75456 -14.7061 6.13812 48.9748
2443823 12.1387 2.67459 26.7128 8.04499 -14.1877 6.03512 49.5711
2443824 12.1387 2.67459 26.7128 8.04499 -14.1877 6.03512 49.5711
2443826 12.1774 3.21336 26.4804 8.41287 -13.4394 5.81771 50.284
2443836 12.1387 4.04075 26.1468 8.81948 -12.4279 5.5098 51.1458
2443863 12.158 5.11828 25.6314 9.20672 -11.2562 5.05478 52.1144
2443868 11.8681 6.04188 24.9845 9.54556 -10.1379 4.75403 52.4401
2443881 11.8681 6.04188 24.9845 9.54556 -10.1379 4.75403 52.4401
2443888 11.4332 6.77306 24.0648 9.80695 -9.08156 4.51212 52.078
2443908 11.4332 6.77306 24.0648 9.80695 -9.08156 4.51212 52.078
2443910 10.9596 7.485 22.852 10.0296 -7.93794 4.21917 51.3262
2443919 10.5731 8.07187 21.6897 10.4653 -6.75473 3.98918 50.7998
2443945 10.2445 8.52405 20.588 11.5495 -5.28368 3.93932 50.906
2443949 9.78056 8.79344 19.4661 12.4983 -3.9351 3.97433 50.5384
2443962 9.78056 8.79344 19.4661 12.4983 -3.9351 3.97433 50.5384
2443969 9.36498 8.84154 18.0815 12.963 -2.86386 3.90995 49.251
2443989 9.36498 8.84154 18.0815 12.963 -2.86386 3.90995 49.251
2443991 8.80443 8.71647 16.7268 13.1179 -1.95124 3.90276 47.3656
2444000 8.31154 8.62988 15.472 13.3502 -0.985201 3.89419 45.7637
2444019 8.31154 8.62988 15.472 13.3502 -0.985201 3.89419 45.7637
2444026 8.00227 8.51443 14.1667 14.0666 0.230232 3.92735 44.75
2444035 7.66401 8.66836 13.0435 15.2671 1.80767 4.02466 44.6429
2444049 7.66401 8.66836 13.0435 15.2671 1.80767 4.02466 44.6429
2444054 7.57703 8.88964 11.8089 17.1158 3.64577 4.11687 45.3914
2444064 7.30642 9.21675 10.6149 19.4217 5.7545 4.35356 46.5597
2444077 7.30642 9.21675 10.6149 19.4217 5.7545 4.35356 46.5597
2444083 6.77487 9.62083 9.63333 21.8144 7.85219 4.71916 47.8434
2444104 6.77487 9.62083 9.63333 21.8144 7.85219 4.71916 47.8434
2444105 6.15634 9.95755 9.19821 24.2843 9.52051 5.253 49.5964
2444113 5.41217 10.2462 9.16786 26.5516 10.811 5.85695 51.3778
2444133 5.41217 10.2462 9.16786 26.5516 10.811 5.85695 51.3778
2444135 4.62933 10.429 9.27917 28.5874 11.8601 6.46433 52.9249
2444148 3.77885 10.4963 9.28929 30.0539 12.8138 7.0129 53.6184
2444162 3.77885 10.4963 9.28929 30.0539 12.8138 7.0129 53.6184
2444164 2.92837 10.5637 9.06667 30.8258 13.7654 7.418 53.3845
2444174 2.92837 10.5637 9.06667 30.8258 13.7654 7.418 53.3845
2444190 2.12621 10.5252 8.76309 31.0573 14.6237 7.76675 52.4718
2444195 1.48835 10.5733 8.51012 31.0091 15.308 7.98482 51.5808
2444205 1.48835 10.5733 8.51012 31.0091 15.308 7.98482 51.5808
2444221 1.00512 10.5444 8.20655 30.6328 15.8594 8.12376 50.3889
2444225 0.763502 10.6599 7.99405 30.0346 16.1454 8.07003 49.452
2444235 0.763502 10.6599 7.99405 30.0346 16.1454 8.07003 49.452
2444251 0.512223 10.7849 7.74107 29.4268 16.4853 8.00702 48.465
2444260 0.512223 10.7849 7.74107 29.4268 16.4853 8.00702 48.465
2444266 0.386583 10.91 7.46786 28.8479 16.7517 7.88214 47.6124
2444280 0.483229 11.1121 7.36667 28.3751 16.7085 7.65146 47.3371
2444286 0.483229 11.1121 7.36667 28.3751 16.7085 7.65146 47.3371
2444296 0.502558 11.343 7.18452 28.1243 16.849 7.46378 47.1543
2444310 0.541217 11.4969 7.24524 28.0278 16.771 7.36664 47.3111
2444321 0.541217 11.4969 7.24524 28.0278 16.771 7.36664 47.3111
2444340 0.647527 11.6701 7.1744 27.9796 16.7615 7.21581 47.4716
2444341 0.647527 11.6701 7.1744 27.9796 16.7615 7.21581 47.4716
2444348 0.686185 11.824 7.28571 28.1339 16.6838 7.16969 47.9298
2444358 0.744173 12.0549 7.31607 28.3558 16.6855 7.07831 48.471
2444371 0.744173 12.0549 7.31607 28.3558 16.6855 7.07831 48.471
2444378 0.744173 12.103 7.42738 28.5488 16.6315 7.10593 48.8234
2444401 0.705514 12.0068 7.46786 28.8093 16.658 7.21528 48.9895
2444403 0.705514 12.0068 7.46786 28.8093 16.658 7.21528 48.9895
2444409 0.715179 11.8721 7.61964 29.0023 16.5312 7.32626 49.2092
2444431 0.666856 11.8529 7.58929 28.9347 16.5829 7.34171 49.0437
2444433 0.666856 11.8529 7.58929 28.9347 16.5829 7.34171 49.0437
2444439 0.69585 11.8721 7.51845 28.79 16.5969 7.28588 48.8764
2444460 0.69585 11.8721 7.51845 28.79 16.5969 7.28588 48.8764
2444464 0.637862 11.824 7.46786 28.5295 16.6366 7.28515 48.4592
2444470 0.734508 11.9298 7.45774 28.3076 16.5421 7.15502 48.4297
2444490 0.734508 11.9298 7.45774 28.3076 16.5421 7.15502 48.4297
2444491 0.840819 11.9106 7.45774 28.0085 16.3947 7.06635 48.2177
2444500 1.07277 11.9106 7.53869 27.6901 16.0692 6.92111 48.2122
2444519 1.07277 11.9106 7.53869 27.6901 16.0692 6.92111 48.2122
2444522 1.44969 11.9875 7.7006 27.3524 15.5648 6.68664 48.4903
2444531 1.44969 11.9875 7.7006 27.3524 15.5648 6.68664 48.4903
2444548 1.93292 12.103 7.97381 26.9665 14.8862 6.40241 48.9762
2444552 2.73508 12.0838 8.25714 26.5131 13.9167 6.03501 49.589
2444561 2.73508 12.0838 8.25714 26.5131 13.9167 6.03501 49.589
2444578 3.65321 12.026 8.51012 26.1078 12.9085 5.64804 50.2972
2444586 4.27175 11.8529 8.82381 25.4904 12.0184 5.4094 50.4388
2444593 4.27175 11.8529 8.82381 25.4904 12.0184 5.4094 50.4388
2444609 5.01592 11.6508 8.9756 24.5834 11.0714 5.04491 50.2258
2444613 5.01592 11.6508 8.9756 24.5834 11.0714 5.04491 50.2258
2444623 5.84707 11.6027 9.09702 23.4835 10.065 4.53648 50.0304
2444638 6.4946 11.622 9.23869 22.4126 9.19332 4.07936 49.7678
2444651 6.4946 11.622 9.23869 22.4126 9.19332 4.07936 49.7678
2444667 7.0938 11.4776 9.63333 21.4188 8.14599 3.77262 49.6236
2444671 7.51904 11.2371 10.0786 20.5988 7.20072 3.61733 49.4335
2444678 7.51904 11.2371 10.0786 20.5988 7.20072 3.61733 49.4335
2444684 7.73167 11.0447 10.3821 19.605 6.42688 3.44851 48.7635
2444700 7.73167 11.0447 10.3821 19.605 6.42688 3.44851 48.7635
2444704 7.93462 10.8908 10.5643 18.5051 5.68798 3.20828 47.8948
2444714 8.10858 10.9196 10.8173 17.4245 4.98112 2.9237 47.27
2444733 8.10858 10.9196 10.8173 17.4245 4.98112 2.9237 47.27
2444741 8.34053 11.0543 11.1411 16.5159 4.29774 2.63395 47.0519
2444761 8.52416 11.1986 11.6167 15.7124 3.59721 2.42486 47.0519
2444761 8.52416 11.1986 11.6167 15.7124 3.59721 2.42486 47.0519
2444768 8.66913 11.3045 12.325 15.0154 2.81403 2.3355 47.314
2444776 8.66913 11.3045 12.325 15.0154 2.81403 2.3355 47.314
2444791 8.91074 11.189 13.2054 14.2893 1.76608 2.33059 47.5944
2444795 9.08471 11.0447 14.1667 13.389 0.619841 2.33602 47.685
2444805 9.08471 11.0447 14.1667 13.389 0.619841 2.33602 47.685
2444822 9.37464 10.7849 15.2494 12.5467 -0.673752 2.38861 47.9557
2444825 9.7419 10.5348 16.5345 11.4334 -2.2325 2.39131 48.2446
2444853 9.7419 10.5348 16.5345 11.4334 -2.2325 2.39131 48.2446
2444853 10.1478 10.3905 17.9804 10.5621 -3.65501 2.44622 49.0808
2444884 10.6407 10.15 19.547 10.0199 -4.97332 2.61417 50.3576
2444885 10.9113 9.60158 21.2045 9.9328 -6.08974 3.08549 51.6502
2444887 10.9113 9.60158 21.2045 9.9328 -6.08974 3.08549 51.6502
2444901 11.1433 8.88964 22.6094 9.92312 -7.10538 3.56687 52.5654
2444916 11.1626 7.97567 23.701 9.83599 -8.09294 4.10023 52.6752
2444918 11.1626 7.97567 23.701 9.83599 -8.09294 4.10023 52.6752
2444928 11.1143 7.0232 24.5297 9.65205 -9.06394 4.59992 52.3192
2444949 11.1143 7.0232 24.5297 9.65205 -9.06394 4.59992 52.3192
2444951 11.1239 6.10922 25.2271 9.50683 -9.97505 5.0515 51.9671
2444965 10.979 5.18563 25.8335 9.31321 -10.8717 5.54911 51.3113
2444982 10.979 5.18563 25.8335 9.31321 -10.8717 5.54911 51.3113
2444983 10.8243 4.29089 26.3793 8.96469 -11.8651 6.01341 50.4592
2444989 10.7277 3.55971 26.7533 8.8098 -12.5934 6.40185 49.8505
2444999 10.7277 3.55971 26.7533 8.8098 -12.5934 6.40185 49.8505
2445014 10.6407 2.90549 27.198 8.63554 -13.314 6.77019 49.3797
2445020 10.6504 2.90549 27.481 8.60649 -13.4053 6.80805 49.6433
2445030 10.6504 2.38596 27.481 8.60649 -13.8115 7.03868 49.1238
2445046 10.7084 2.16469 27.6427 8.69362 -13.9672 7.15207 49.2094
2445050 10.7084 2.16469 27.6427 8.69362 -13.9672 7.15207 49.2094
2445078 10.6504 2.11658 27.7943 8.71298 -14.0109 7.227 49.2742
2445079 10.747 2.15507 27.764 8.72266 -13.9876 7.16294 49.3887
2445081 10.747 2.15507 27.764 8.72266 -13.9876 7.16294 49.3887
2445091 10.631 2.0781 27.6528 8.73235 -13.9901 7.23384 49.0943
2445111 10.6117 2.11658 27.4405 8.57745 -14.0309 7.16661 48.7463
2445119 10.6117 2.11658 27.4405 8.57745 -14.0309 7.16661 48.7463
2445128 10.5827 2.0781 27.1373 8.5 -14.0492 7.13584 48.2982
2445143 10.5827 2.0781 27.1373 8.5 -14.0492 7.13584 48.2982
2445145 10.6214 2.09734 27.0059 8.46128 -14.0439 7.08148 48.1859
2445154 10.5827 2.0781 26.915 8.43223 -14.0536 7.08831 48.008
2445175 10.5827 2.0781 26.915 8.43223 -14.0536 7.08831 48.008
2445177 10.4667 2.05886 26.8948 8.45159 -14.0223 7.15056 47.872
2445184 10.3894 2.02037 27.0666 8.42255 -14.099 7.22751 47.8989
2445207 10.3894 2.02037 27.0666 8.42255 -14.099 7.22751 47.8989
2445208 10.2638 2.05886 27.0969 8.52904 -13.9591 7.29009 47.9486
2445214 10.2638 2.05886 27.0969 8.52904 -13.9591 7.29009 47.9486
2445224 10.2251 2.00113 27.2485 8.59681 -13.9769 7.36996 48.0716
2445240 10.1478 1.91454 27.5719 8.63554 -14.0718 7.50317 48.2698
2445245 10.1478 1.91454 27.5719 8.63554 -14.0718 7.50317 48.2698
2445255 10.0995 1.92417 27.7134 8.8098 -13.9447 7.56987 48.5469
2445272 10.1671 2.309 28.0268 9.14863 -13.462 7.46178 49.6515
2445275 10.1671 2.309 28.0268 9.14863 -13.462 7.46178 49.6515
2445285 10.3024 2.69383 28.2491 9.41002 -13.0528 7.30313 50.6554
2445306 10.3024 2.69383 28.2491 9.41002 -13.0528 7.30313 50.6554
2445308 10.2541 3.0017 28.3097 9.59396 -12.6898 7.22678 51.1595
2445316 10.2155 3.54046 28.1076 9.8844 -12.0286 7.02523 51.7479
2445335 10.2155 3.54046 28.1076 9.8844 -12.0286 7.02523 51.7479
2445337 10.1768 4.06961 27.6326 10.049 -11.4056 6.76951 51.928
2445346 10.1478 4.85852 27.0161 10.1942 -10.5863 6.37841 52.2166
2445366 10.1478 4.85852 27.0161 10.1942 -10.5863 6.37841 52.2166
2445369 9.99318 5.52235 26.0862 10.0683 -9.91323 5.99158 51.6701
2445378 9.99318 5.52235 26.0862 10.0683 -9.91323 5.99158 51.6701
2445399 9.78056 5.94567 25.126 10.0877 -9.26249 5.73838 50.94
2445400 9.48096 6.42671 24.1558 10.2426 -8.4321 5.51346 50.306
2445408 9.48096 6.42671 24.1558 10.2426 -8.4321 5.51346 50.306
2445432 9.22968 6.86927 23.3674 11.0461 -7.26637 5.43863 50.5125
2445433 8.86242 7.11941 22.5892 12.1304 -6.01649 5.54356 50.7014
2445439 8.86242 7.11941 22.5892 12.1304 -6.01649 5.54356 50.7014
2445449 8.44685 7.14827 21.5178 12.9339 -4.9366 5.6517 50.0469
2445466 7.98294 7.206 20.3656 13.2825 -4.02365 5.66962 48.837
2445498 7.65435 7.23486 18.89 13.5342 -3.05164 5.5592 47.3134
2445500 7.65435 7.23486 18.89 13.5342 -3.05164 5.5592 47.3134
2445506 7.35475 7.27334 17.6165 14.1344 -1.92088 5.5379 46.379
2445530 7.10347 7.49462 16.4333 15.0735 -0.525276 5.50116 46.1049
2445531 7.10347 7.49462 16.4333 15.0735 -0.525276 5.50116 46.1049
2445533 6.91018 7.81211 15.0875 16.4772 1.23774 5.45804 46.287
2445540 6.75554 8.09111 13.9036 17.9552 2.88359 5.46363 46.7054
2445564 6.75554 8.09111 13.9036 17.9552 2.88359 5.46363 46.7054
2445567 6.46561 8.38936 12.7702 19.6146 4.64024 5.56625 47.2398
2445570 6.46561 8.38936 12.7702 19.6146 4.64024 5.56625 47.2398
2445597 6.14667 8.75495 11.6065 21.2162 6.40027 5.6327 47.7244
2445598 5.65378 9.04358 10.6857 22.7599 8.03025 5.84144 48.143
2445604 5.65378 9.04358 10.6857 22.7599 8.03025 5.84144 48.143
2445613 5.09324 9.24561 10.0988 24.3036 9.41563 6.17452 48.7413
2445633 4.49403 9.39955 9.85595 26.0789 10.6006 6.63515 49.8284
2445634 4.49403 9.39955 9.85595 26.0789 10.6006 6.63515 49.8284
2445641 4.05912 9.61121 10.0988 27.748 11.259 7.03935 51.5172
2445667 4.05912 9.61121 10.0988 27.748 11.259 7.03935 51.5172
2445667 3.4116 9.65931 10.119 29.0698 12.0544 7.49658 52.2598
2445673 2.6481 9.75552 9.96726 29.8706 12.9259 7.87715 52.2415
2445683 2.6481 9.75552 9.96726 29.8706 12.9259 7.87715 52.2415
2445701 2.03923 9.88059 9.78512 30.189 13.6072 8.10913 51.8939
2445709 1.3917 10.0441 9.49167 30.1986 14.3564 8.28963 51.1261
2445714 1.3917 10.0441 9.49167 30.1986 14.3564 8.28963 51.1261
2445733 0.976123 10.2269 9.21845 30.0153 14.8937 8.33638 50.4368
2445735 0.976123 10.2269 9.21845 30.0153 14.8937 8.33638 50.4368
2445745 0.860148 10.4482 9.01607 29.5908 15.107 8.20346 49.9152
2445767 0.898806 10.6984 8.80357 29.0602 15.1919 7.96586 49.4609
2445768 0.898806 10.6984 8.80357 29.0602 15.1919 7.96586 49.4609
2445780 0.937464 10.8523 8.69226 28.4813 15.1664 7.77637 48.9633
2445800 0.947129 10.8234 8.37857 27.9989 15.3156 7.66601 48.148
2445803 0.947129 10.8234 8.37857 27.9989 15.3156 7.66601 48.148
2445806 0.918135 10.8812 8.25714 27.5165 15.3566 7.55924 47.5729
2445817 1.00512 10.9581 8.19643 27.1788 15.2811 7.41848 47.3384
2445836 1.00512 10.9581 8.19643 27.1788 15.2811 7.41848 47.3384
2445845 1.03411 11.0832 8.13571 26.899 15.2763 7.29048 47.152
2445869 1.03411 11.0832 8.13571 26.899 15.2763 7.29048 47.152
2445870 1.03411 11.189 8.00417 26.6771 15.3652 7.18209 46.9044
2445873 1.11143 11.2852 8.06488 26.6674 15.2647 7.10889 47.129
2445903 1.08243 11.3911 8.05476 26.6481 15.3159 7.06796 47.1764
2445904 1.12109 11.4103 8.11548 26.7832 15.263 7.07377 47.4301
2445910 1.12109 11.4103 8.11548 26.7832 15.263 7.07377 47.4301
2445919 1.14042 11.4295 8.15595 26.9279 15.2459 7.08671 47.6538
2445938 1.14042 11.4295 8.15595 26.9279 15.2459 7.08671 47.6538
2445940 1.21774 11.4392 8.13571 26.9472 15.2037 7.04633 47.7398
2445973 1.62365 11.6893 8.41905 26.9183 14.6787 6.79062 48.6503
2445975 1.62365 11.6893 8.41905 26.9183 14.6787 6.79062 48.6503
2445977 2.10688 11.8817 8.67202 26.7736 14.0977 6.51077 49.4342
2445980 2.81239 12.0741 8.99583 26.378 13.2529 6.11435 50.2603
2446009 2.81239 12.0741 8.99583 26.378 13.2529 6.11435 50.2603
