2111685 9.00739 13.0747 11.7887 13.9021 3.23441 1.13307 47.7728
2111695 10.2831 12.4975 12.8006 12.2659 0.877634 0.716649 47.8471
2111705 10.2831 12.4975 12.8006 12.2659 0.877634 0.716649 47.8471
2111715 11.6168 11.7182 13.772 10.2329 -1.81547 0.212277 47.3399
2111726 11.6168 11.7182 13.772 10.2329 -1.81547 0.212277 47.3399
2111740 13.0955 11.2467 14.6726 7.92882 -4.57599 -0.556246 46.9437
2111748 14.9028 11.0062 15.5327 6.15718 -6.97081 -1.32958 47.5989
2111757 14.9028 11.0062 15.5327 6.15718 -6.97081 -1.32958 47.5989
2111772 16.7294 10.9581 16.231 5.26651 -8.50651 -1.88779 49.185
2111782 18.2988 10.6887 16.919 5.1213 -9.50844 -2.04218 51.0279
2111792 18.2988 10.6887 16.919 5.1213 -9.50844 -2.04218 51.0279
2111800 19.7419 10.3616 17.3335 5.07289 -10.3033 -2.19876 52.51
2111809 19.7419 10.3616 17.3335 5.07289 -10.3033 -2.19876 52.51
2111818 20.6655 9.86135 17.4144 4.83087 -11.0796 -2.35398 52.7721
2111829 21.4737 9.35144 17.1617 4.61788 -11.7224 -2.57929 52.6047
2111855 22.0125 8.88002 16.8179 4.23064 -12.3793 -2.84284 51.941
2111864 22.4165 8.42784 16.5345 4.0467 -12.8713 -2.99359 51.4256
2111873 22.4165 8.42784 16.5345 4.0467 -12.8713 -2.99359 51.4256
2111879 22.811 8.03339 16.1196 3.80467 -13.3412 -3.22641 50.7687
2111898 22.811 8.03339 16.1196 3.80467 -13.3412 -3.22641 50.7687
2111909 22.9264 7.7159 15.047 3.49487 -13.6033 -3.69034 49.1842
2111923 22.9264 7.7159 15.047 3.49487 -13.6033 -3.69034 49.1842
2111931 22.9264 7.65818 14.5613 3.30125 -13.6893 -3.93894 48.4472
2111940 22.8398 7.62932 14.197 3.26253 -13.6375 -4.07155 47.9287
2111950 22.8398 7.62932 14.197 3.26253 -13.6375 -4.07155 47.9287
2111960 22.7725 7.69666 13.9542 3.16572 -13.5873 -4.20767 47.589
2111970 22.7725 7.69666 13.9542 3.16572 -13.5873 -4.20767 47.589
2111980 22.657 7.73514 13.7821 3.16572 -13.4866 -4.25992 47.34
2111995 22.6859 7.78325 13.6607 3.13667 -13.4486 -4.33872 47.2665
2112001 22.6859 7.78325 13.6607 3.13667 -13.4486 -4.33872 47.2665
2112011 22.7052 7.78325 13.6506 3.12699 -13.4587 -4.35117 47.266
2112021 22.7148 7.78325 13.6304 3.16572 -13.4246 -4.34577 47.2941
2112031 22.7148 7.78325 13.6304 3.16572 -13.4246 -4.34577 47.2941
2112042 22.7629 7.86022 13.5798 3.09795 -13.4165 -4.42235 47.3008
2112051 22.7629 7.86022 13.5798 3.09795 -13.4165 -4.42235 47.3008
2112066 22.9072 7.86984 13.5292 3.09795 -13.4316 -4.47743 47.4041
2112073 23.1092 7.97567 13.4887 3.10763 -13.3777 -4.55795 47.6812
2112083 23.1092 7.97567 13.4887 3.10763 -13.3777 -4.55795 47.6812
2112093 23.2439 8.05263 13.519 3.03018 -13.4182 -4.62339 47.8458
2112104 23.3979 8.04301 13.5393 3.00114 -13.4912 -4.6582 47.9813
2112113 23.3979 8.04301 13.5393 3.00114 -13.4912 -4.6582 47.9813
2112124 23.6287 8.07187 13.5494 3.04954 -13.487 -4.69 48.2996
2112150 23.7731 8.13922 13.6506 3.08827 -13.4612 -4.67823 48.6511
2112159 23.7731 8.13922 13.772 3.16572 -13.4289 -4.59812 48.85
2112168 23.7731 8.13922 13.772 3.16572 -13.4289 -4.59812 48.85
2112176 23.8693 8.14884 13.9339 3.18508 -13.467 -4.54822 49.1371
2112186 23.7923 8.09111 14.0149 3.21412 -13.4904 -4.47578 49.1124
2112207 23.7634 8.04301 14.3083 3.23349 -13.5746 -4.33591 49.3483
2112215 23.5903 8.03339 14.369 3.36902 -13.4502 -4.21954 49.3617
2112226 23.5903 8.03339 14.369 3.36902 -13.4502 -4.21954 49.3617
2112235 23.571 8.11036 14.5208 3.47551 -13.339 -4.13214 49.6777
2112246 23.571 8.11036 14.5208 3.47551 -13.339 -4.13214 49.6777
2112255 23.3882 8.26429 14.4702 3.56264 -13.0982 -4.11176 49.6854
2112269 23.2824 8.70685 14.2982 3.75626 -12.5478 -4.17678 50.0437
2112280 23.2824 8.70685 14.2982 3.75626 -12.5478 -4.17678 50.0437
2112290 23.09 9.20713 14.0554 3.85308 -11.9933 -4.29893 50.2055
2112297 22.7148 9.20713 13.7821 4.00797 -11.7083 -4.2641 49.712
2112307 22.7148 9.88059 13.7821 4.00797 -11.2177 -4.40759 50.3855
2112317 22.3684 10.3809 13.5798 4.15319 -10.6048 -4.46187 50.4822
2112326 22.3684 10.3809 13.5798 4.15319 -10.6048 -4.46187 50.4822
2112337 21.8008 10.8715 13.2054 4.27904 -9.89676 -4.54214 50.1567
2112346 21.137 11.2083 12.831 4.35649 -9.28839 -4.59024 49.5327
2112374 20.502 11.6412 12.4869 4.62756 -8.48605 -4.57656 49.2576
2112378 20.502 11.6412 12.4869 4.62756 -8.48605 -4.57656 49.2576
2112388 19.665 11.9972 12.2643 4.9664 -7.65229 -4.42748 48.8928
2112398 19.0011 12.4109 11.9405 5.69248 -6.54413 -4.21421 49.045
2112408 19.0011 12.4109 11.9405 5.69248 -6.54413 -4.21421 49.045
2112418 18.2988 12.7572 11.7077 6.68964 -5.33821 -3.83957 49.4534
2112436 17.6638 13.0458 11.3839 7.88041 -4.06287 -3.43539 49.974
2112450 16.9517 13.3441 10.9589 8.86788 -2.84235 -3.13301 50.1226
2112459 16.1109 13.4211 10.4631 9.65205 -1.76287 -2.84511 49.6471
2112469 16.1109 13.4211 10.4631 9.65205 -1.76287 -2.84511 49.6471
2112488 15.2894 13.3345 9.97738 10.291 -0.839232 -2.56343 48.8922
2112491 15.2894 13.3345 9.97738 10.291 -0.839232 -2.56343 48.8922
2112500 14.2263 13.2383 9.54226 11.0461 0.268379 -2.14643 48.0529
2112510 13.3951 13.2671 9.12738 12.0336 1.45234 -1.7255 47.8232
2112520 13.3951 13.2671 9.12738 12.0336 1.45234 -1.7255 47.8232
2112539 12.6219 13.3345 8.67202 13.1953 2.73704 -1.28254 47.8238
2112541 11.8488 13.3345 8.25714 12.1014 2.92584 -1.58911 45.5418
2112550 11.8488 13.4211 8.25714 14.5797 4.10278 -0.758615 48.1067
2112560 10.979 13.6423 7.79167 16.1674 5.68085 -0.204467 48.5804
2112570 10.979 13.6423 7.79167 16.1674 5.68085 -0.204467 48.5804
2112581 10.0028 13.9502 7.35655 17.878 7.35388 0.390796 49.1876
2112590 8.93974 14.1811 7.03274 19.7497 8.99657 1.10061 49.9033
2112602 8.93974 14.1811 7.03274 19.7497 8.99657 1.10061 49.9033
2112610 7.90563 14.4312 6.87083 21.4574 10.4175 1.77382 50.6651
2112625 7.90563 14.4312 6.87083 21.4574 10.4175 1.77382 50.6651
2112632 6.84252 14.6718 6.95179 23.088 11.6215 2.48054 51.554
2112645 5.87607 14.9315 7.18452 24.4677 12.5518 3.10083 52.4598
2112652 5.87607 14.9315 7.18452 24.4677 12.5518 3.10083 52.4598
2112661 4.82263 14.9989 7.14405 25.2684 13.5451 3.61575 52.234
2112672 3.83684 14.8546 7.1744 25.6737 14.3177 4.12015 51.5395
2112682 3.83684 14.8546 7.1744 25.6737 14.3177 4.12015 51.5395
2112697 2.99602 14.7583 7.04286 26.0306 15.1246 4.52089 50.8279
2112703 2.99602 14.7583 7.04286 26.0306 15.1246 4.52089 50.8279
2112713 2.26151 14.5756 7.12381 26.2911 15.6617 4.94842 50.252
2112723 1.78795 14.5178 7.03274 26.5034 16.1513 5.18551 49.8419
2112733 1.78795 14.5178 7.03274 26.5034 16.1513 5.18551 49.8419
2112743 1.48835 14.4505 6.94167 26.4841 16.4615 5.31361 49.3646
2112753 1.43036 14.489 6.91131 26.2622 16.5042 5.27191 49.0928
2112763 1.43036 14.489 6.91131 26.2622 16.5042 5.27191 49.0928
2112774 1.556 14.6237 6.89107 26.185 16.4253 5.14552 49.2557
2112784 1.556 14.6237 6.92143 26.185 16.3998 5.15159 49.2861
2112794 1.61399 14.5852 6.92143 26.0499 16.3206 5.11654 49.1705
2112804 1.56566 14.5756 6.81012 25.6833 16.3891 5.04338 48.6347
2112814 1.56566 14.5756 6.81012 25.6833 16.3891 5.04338 48.6347
2112829 1.556 14.5178 6.70893 25.3167 16.4085 4.97463 48.0994
2112837 1.58499 14.5467 6.66845 25.0851 16.3821 4.89354 47.8853
2112845 1.58499 14.5467 6.66845 25.0851 16.3821 4.89354 47.8853
2112859 1.54633 14.5274 6.68869 24.9501 16.3702 4.89336 47.7125
2112869 1.54633 14.5274 6.68869 24.9501 16.3702 4.89336 47.7125
2112880 1.556 14.4312 6.6381 24.9886 16.3953 4.92697 47.614
2112887 1.57533 14.335 6.71905 25.1044 16.3119 5.00058 47.7338
2112905 1.56566 14.2773 6.75952 25.172 16.287 5.0514 47.7745
2112924 1.53667 14.1907 6.8506 25.4518 16.2687 5.17647 48.0297
2112927 1.53667 14.1907 6.8506 25.4518 16.2687 5.17647 48.0297
2112935 1.59466 14.1811 6.92143 25.6737 16.1971 5.21574 48.3708
2112948 1.59466 14.1811 6.92143 25.6737 16.1971 5.21574 48.3708
2112957 1.54633 14.1811 6.90119 25.8087 16.28 5.25911 48.4374
2112967 1.527 14.056 7.10357 26.0403 16.1439 5.4059 48.7269
2112979 1.527 14.056 7.10357 26.0403 16.1439 5.4059 48.7269
2112988 1.45935 13.9598 7.15417 26.2333 16.1759 5.52228 48.8066
2112997 1.49801 13.854 7.19464 26.4552 16.1303 5.60116 49.0018
2113011 1.49801 13.854 7.19464 26.4552 16.1303 5.60116 49.0018
2113018 1.43036 13.652 7.2756 26.5999 16.1087 5.75797 48.9578
2113030 1.43036 13.652 7.2756 26.5999 16.1087 5.75797 48.9578
2113038 1.41103 13.4403 7.35655 26.7639 16.0483 5.90211 48.9718
2113048 1.32405 13.1902 7.35655 26.8797 16.0969 6.06826 48.7504
2113058 1.32405 13.1902 7.35655 26.8797 16.0969 6.06826 48.7504
2113068 1.21774 13.0074 7.4375 27.063 16.1184 6.24171 48.7256
2113079 1.15975 12.8342 7.42738 27.1209 16.155 6.35148 48.5422
2113089 1.15975 12.8342 7.42738 27.1209 16.155 6.35148 48.5422
2113099 1.0631 12.6802 7.44762 27.1209 16.1919 6.46585 48.3119
2113109 1.36271 12.6899 7.63988 27.1402 15.7822 6.3669 48.8326
2113128 1.36271 12.6899 7.63988 27.1402 15.7822 6.3669 48.8326
2113130 1.73962 12.7476 7.79167 27.0823 15.3454 6.19517 49.3612
2113153 2.17453 12.8246 7.80179 26.9858 14.9809 5.96199 49.7867
2113161 2.6191 12.8823 8.03452 26.7446 14.4058 5.75106 50.2805
2113170 2.6191 12.8823 8.03452 26.7446 14.4058 5.75106 50.2805
2113182 3.12166 12.8919 8.13571 26.3394 13.8516 5.48486 50.4887
2113190 3.12166 12.8919 8.13571 26.3394 13.8516 5.48486 50.4887
2113204 3.61455 12.8149 8.32798 25.9921 13.2338 5.28789 50.7495
2113210 4.15577 12.6706 8.63155 25.4421 12.4388 5.08269 50.9001
2113220 4.15577 12.6706 8.63155 25.4421 12.4388 5.08269 50.9001
2113235 4.61967 12.4975 8.85417 24.5448 11.6638 4.83466 50.5161
2113241 5.04491 12.2473 9.14762 23.3871 10.7582 4.58862 49.8269
2113260 5.04491 12.2473 9.14762 23.3871 10.7582 4.58862 49.8269
2113263 5.4025 12.0645 9.16786 22.0363 10.0318 4.23366 48.6712
2113272 5.7311 11.901 9.58274 20.7628 9.04063 3.97481 47.9776
2113290 5.7311 11.901 9.58274 20.7628 9.04063 3.97481 47.9776
2113292 6.28198 11.6701 10.1292 19.6146 7.79605 3.70843 47.6959
2113303 6.28198 11.6701 10.1292 19.6146 7.79605 3.70843 47.6959
2113313 6.73621 11.4776 10.8881 18.37 6.43715 3.48972 47.472
2113323 7.39341 11.3911 11.8292 17.1158 4.86297 3.19315 47.7294
2113334 7.39341 11.3911 11.8292 17.1158 4.86297 3.19315 47.7294
2113343 8.10858 11.343 12.578 15.6156 3.291 2.75224 47.6451
2113356 8.86242 11.3333 13.5393 14.0182 1.54432 2.31244 47.7533
2113368 8.86242 11.3333 13.5393 14.0182 1.54432 2.31244 47.7533
2113378 9.59693 11.3911 14.4298 12.3047 -0.173378 1.80621 47.7224
2113384 9.59693 11.3911 14.4298 12.3047 -0.173378 1.80621 47.7224
2113394 10.4764 11.4776 15.5429 10.6879 -1.99943 1.33135 48.1848
2113404 11.3076 11.5546 16.4232 9.36162 -3.50204 0.901185 48.647
2113414 11.3076 11.5546 16.4232 9.36162 -3.50204 0.901185 48.647
2113424 12.1387 11.4007 17.5458 8.31606 -5.04428 0.705178 49.4012
2113434 12.1387 11.4007 17.5458 8.31606 -5.04428 0.705178 49.4012
2113444 12.8442 11.2083 18.7283 7.96754 -6.10696 0.78131 50.7483
2113454 13.3951 10.7176 19.9209 7.91913 -7.06377 1.07617 51.9528
2113464 13.3951 10.7176 19.9209 7.91913 -7.06377 1.07617 51.9528
2113474 13.83 10.1596 20.7598 7.92882 -7.83123 1.33803 52.6782
2113489 14.1103 9.26486 21.3258 7.72551 -8.796 1.62404 52.4265
2113495 14.1103 9.26486 21.3258 7.72551 -8.796 1.62404 52.4265
2113508 14.2843 8.41822 21.7604 7.58998 -9.62313 1.91572 52.0529
2113515 14.2843 8.41822 21.7604 7.58998 -9.62313 1.91572 52.0529
2113530 14.4002 7.42728 22.1344 7.37699 -10.5818 2.24504 51.3389
2113535 14.3906 6.5133 22.4477 7.16401 -11.4623 2.58569 50.5156
2113561 14.4679 5.75325 22.7307 6.94134 -12.2782 2.84134 49.8932
2113565 14.5742 5.01245 22.9328 6.7574 -13.0574 3.07555 49.2769
2113580 14.5742 5.01245 22.9328 6.7574 -13.0574 3.07555 49.2769
2113587 14.6708 4.47368 23.1046 6.68964 -13.5946 3.26421 48.9388
2113597 14.6708 4.47368 23.1046 6.68964 -13.5946 3.26421 48.9388
2113607 14.7385 4.13696 23.2057 6.68964 -13.9005 3.38929 48.7708
2113617 14.9994 3.9734 23.3775 6.60251 -14.1979 3.3728 48.9529
2113640 14.9994 3.9734 23.3775 6.60251 -14.1979 3.3728 48.9529
2113642 15.2507 4.02151 23.2663 6.53474 -14.2444 3.21831 49.0733
2113648 15.444 3.94454 23.0036 6.42825 -14.3766 3.08578 48.8204
2113661 15.444 3.94454 23.0036 6.42825 -14.3766 3.08578 48.8204
2113670 15.5793 4.00226 22.6903 6.24431 -14.44 2.89171 48.5161
2113682 15.5793 4.00226 22.6903 6.24431 -14.44 2.89171 48.5161
2113688 15.5986 3.98302 22.4174 6.14749 -14.4795 2.79871 48.1465
2113698 15.6566 3.94454 22.1142 5.9926 -14.5854 2.67427 47.7079
2113708 15.6566 3.94454 22.1142 5.9926 -14.5854 2.67427 47.7079
2113718 15.6373 3.9253 21.8716 5.92483 -14.6006 2.6079 47.359
2113728 15.589 3.93492 21.7705 5.92483 -14.5596 2.5958 47.2192
2113754 15.7339 3.95416 21.821 5.84738 -14.6513 2.52774 47.3565
2113769 15.7339 3.95416 21.821 5.84738 -14.6513 2.52774 47.3565
2113773 15.8499 3.9734 21.8008 5.78929 -14.7047 2.45715 47.4134
2113783 16.0239 3.99264 21.7907 5.8377 -14.6838 2.39645 47.6449
2113792 16.0239 3.99264 21.7907 5.8377 -14.6838 2.39645 47.6449
2113799 16.1785 4.06961 21.8008 5.8377 -14.6555 2.31497 47.8867
2113815 16.3525 4.1562 21.9625 5.84738 -14.6483 2.2666 48.3186
2113820 16.3525 4.1562 21.9625 5.84738 -14.6483 2.2666 48.3186
2113830 16.5651 4.1562 22.1849 5.92483 -14.6776 2.26959 48.831
2113840 16.7391 4.1562 22.3365 5.93451 -14.7382 2.25025 49.1663
2113850 16.7391 4.17544 22.3365 5.93451 -14.7226 2.2435 49.1855
2113860 16.884 4.1562 22.2658 5.95387 -14.738 2.18618 49.2598
2113886 16.9807 4.17544 22.3062 5.93451 -14.7666 2.15133 49.3968
2113892 17.1154 4.51217 22.1849 5.93451 -14.5002 1.95744 49.747
2113918 17.3175 4.82965 21.9929 6.041 -14.1686 1.75965 50.181
2113921 17.3848 5.32994 21.5279 6.01196 -13.7156 1.4402 50.2547
2113931 17.3848 5.32994 21.5279 6.01196 -13.7156 1.4402 50.2547
2113942 17.4907 5.94567 20.9013 5.95387 -13.1694 1.01971 50.2915
2113956 17.4907 5.94567 20.9013 5.95387 -13.1694 1.01971 50.2915
2113963 17.5869 6.57102 20.0725 5.84738 -12.6009 0.527785 50.0778
2113973 17.6446 7.41766 19.2134 5.80866 -11.796 -0.012027 50.0843
2113983 17.6446 7.41766 19.2134 5.80866 -11.796 -0.012027 50.0843
2113995 17.6542 8.23543 18.1926 5.55695 -11.1074 -0.646688 49.6392
2114011 17.5676 8.88964 17.091 5.41173 -10.3948 -1.21157 48.96
2114018 17.5676 8.88964 17.091 5.41173 -10.3948 -1.21157 48.96
2114023 17.3945 9.42841 16.0893 5.13098 -9.84758 -1.74924 48.0431
2114033 17.3945 9.42841 16.0893 5.13098 -9.84758 -1.74924 48.0431
2114045 17.1443 10.0153 15.0673 5.09226 -9.03654 -2.219 47.3191
2114054 16.9903 10.6406 14.0958 5.00513 -8.2601 -2.73796 46.7319
2114064 16.9903 10.6406 14.0958 5.00513 -8.2601 -2.73796 46.7319
2114074 16.7197 11.1986 13.1851 5.45046 -7.11849 -2.99098 46.5539
2114086 16.4974 11.1986 12.4464 5.45046 -6.74159 -3.22392 45.593
2114094 16.4974 11.8913 12.4464 6.5541 -5.53839 -2.97164 47.3893
2114104 16.3235 12.738 11.8494 8.77107 -3.35325 -2.54851 49.6819
2114114 16.3235 12.738 11.8494 8.77107 -3.35325 -2.54851 49.6819
2114124 15.8596 13.4884 10.969 10.8041 -1.24025 -2.22261 51.1211
2114139 15.2121 14.1138 9.66369 12.1982 0.701433 -2.18723 51.1877
2114145 15.2121 14.1138 9.66369 12.1982 0.701433 -2.18723 51.1877
2114155 14.3326 14.3928 8.42917 13.1566 2.37901 -2.12862 50.3111
2114165 13.5111 14.6237 7.35655 14.0376 3.93387 -2.04142 49.5289
2114176 13.5111 14.6237 7.35655 14.0376 3.93387 -2.04142 49.5289
2114190 12.8539 14.7006 6.62798 15.0347 5.20828 -1.79565 49.2172
2114199 12.8539 14.7006 6.62798 15.0347 5.20828 -1.79565 49.2172
2114207 12.187 14.7872 6.36488 16.2933 6.31068 -1.30442 49.6324
2114221 11.4332 14.8546 6.34464 17.6947 7.33769 -0.670151 50.3271
2114226 11.4332 14.8546 6.34464 17.6947 7.33769 -0.670151 50.3271
2114236 10.631 15.0662 6.46607 19.1226 8.33157 -0.0317609 51.2859
2114251 9.9062 15.2394 6.48631 20.2225 9.19371 0.452188 51.8544
2114258 9.9062 15.2394 6.48631 20.2225 9.19371 0.452188 51.8544
2114268 9.02672 15.4414 6.45595 21.1005 10.1198 0.890424 52.0246
2114278 9.02672 15.4414 6.45595 21.1005 10.1198 0.890424 52.0246
2114290 7.92496 15.6531 6.28393 21.8434 11.2597 1.31976 51.7053
2114298 6.76521 15.6819 6.08155 22.4994 12.4121 1.80307 51.0281
2114324 5.44116 15.6242 6.07143 23.3099 13.5894 2.47269 50.4467
2114330 4.1751 15.4414 5.86905 24.0045 14.8524 3.10882 49.4901
2114339 4.1751 15.4414 5.86905 24.0045 14.8524 3.10882 49.4901
2114349 3.01535 15.3164 5.82857 24.651 15.9407 3.7331 48.8112
2114383 2.30017 15.2105 5.75774 25.1044 16.671 4.14017 48.3729
2114385 1.89426 15.1047 5.76786 25.4132 17.0484 4.41534 48.18
2114408 1.62365 15.0662 5.83869 25.6544 17.2562 4.60844 48.1829
2114409 1.62365 15.0662 5.86905 25.6544 17.2296 4.61498 48.2133
2114419 1.556 15.0181 5.86905 25.9631 17.3305 4.72812 48.4063
2114437 1.50767 15.0855 6.09167 26.185 17.2249 4.81388 48.8698
2114445 1.50767 15.0855 6.09167 26.185 17.2249 4.81388 48.8698
2114456 1.56566 14.9315 5.95 26.3297 17.2959 4.85349 48.7769
2114460 1.47868 14.8257 6.04107 26.4069 17.2878 4.96703 48.7524
2114470 1.47868 14.8257 6.04107 26.4069 17.2878 4.96703 48.7524
2114481 1.44002 14.6044 6.02083 26.3683 17.2979 5.062 48.4336
2114490 1.44002 14.6044 5.97024 26.3683 17.3421 5.05161 48.383
2114504 1.44002 14.5178 5.97024 26.4166 17.336 5.09745 48.3447
2114510 1.37237 14.335 6.06131 26.3876 17.2817 5.21475 48.1563
2114520 1.37237 14.335 6.06131 26.3876 17.2817 5.21475 48.1563
2114538 1.31438 14.21 6.04107 26.4745 17.3444 5.30534 48.0399
2114542 1.34338 14.0753 6.06131 26.5999 17.2996 5.37935 48.0798
2114551 1.34338 14.0753 6.06131 26.5999 17.2996 5.37935 48.0798
2114561 1.15975 13.9694 6.09167 26.7832 17.4471 5.54505 48.0041
2114574 1.15975 13.9694 6.09167 26.7832 17.4471 5.54505 48.0041
2114581 1.14042 13.8347 6.09167 27.0244 17.4809 5.65828 48.0912
2114591 1.14042 13.6231 6.24345 27.3621 17.3672 5.84321 48.369
2114621 1.05344 13.4114 6.28393 27.6226 17.4156 6.02887 48.3714
2114623 0.995452 13.2864 6.38512 27.9989 17.4171 6.19599 48.6658
2114633 0.995452 13.2864 6.38512 27.9989 17.4171 6.19599 48.6658
2114645 0.908471 13.0939 6.43571 28.1436 17.4414 6.35328 48.5817
2114654 0.831154 12.8246 6.48631 28.4813 17.4753 6.57458 48.6233
2114666 0.831154 12.8246 6.48631 28.4813 17.4753 6.57458 48.6233
2114678 0.811825 12.7091 6.57738 28.6549 17.4218 6.67998 48.7533
2114695 0.966458 12.6899 6.68869 28.7032 17.1963 6.6472 49.0482
2114704 1.29505 12.7476 6.88095 28.7128 16.7641 6.51269 49.6364
2114723 1.29505 12.7476 6.88095 28.7128 16.7641 6.51269 49.6364
2114725 1.81694 12.9977 7.08333 28.4234 16.1566 6.16796 50.3214
2114737 1.81694 12.9977 7.08333 28.4234 16.1566 6.16796 50.3214
2114751 2.44514 13.1036 7.10357 28.0375 15.5812 5.79772 50.6897
2114762 3.12166 13.1324 7.21488 27.3235 14.8247 5.3997 50.7925
2114770 3.12166 13.1324 7.21488 27.3235 14.8247 5.3997 50.7925
2114782 3.68221 13.142 7.08333 26.5034 14.3222 4.98775 50.411
2114785 4.09778 12.9593 7.1744 25.6061 13.6911 4.73242 49.8376
2114795 4.09778 12.9593 7.1744 25.6061 13.6911 4.73242 49.8376
2114805 4.53269 12.6321 7.32619 24.6413 12.9317 4.51923 49.1323
2114815 4.90961 12.3339 7.98393 23.7633 11.8409 4.44076 48.9908
2114830 4.90961 12.3339 7.98393 23.7633 11.8409 4.44076 48.9908
2114835 5.47015 12.0838 8.94524 22.9143 10.4135 4.34263 49.4135
2114854 5.47015 12.0838 8.94524 22.9143 10.4135 4.34263 49.4135
2114857 5.90506 11.9202 9.71429 21.7469 9.15452 4.15 49.2864
2114866 6.31097 11.6701 10.3214 20.2128 7.8586 3.88122 48.5153
2114878 6.31097 11.6701 10.3214 20.2128 7.8586 3.88122 48.5153
2114886 6.82319 11.4295 10.8476 18.3604 6.38376 3.46242 47.4607
2114902 7.40307 11.189 11.7077 16.4772 4.57245 3.07615 46.777
2114906 7.40307 11.189 11.7077 16.4772 4.57245 3.07615 46.777
2114916 8.37919 11.0351 12.7601 14.4345 2.32267 2.50393 46.6089
2114932 8.37919 11.0351 12.7601 14.4345 2.32267 2.50393 46.6089
2114938 9.29733 10.7272 13.9744 12.3918 -0.0822961 2.05051 46.3908
2114952 10.3604 10.352 15.3607 10.32 -2.72081 1.60637 46.3932
2114960 10.3604 10.352 15.3607 10.32 -2.72081 1.60637 46.3932
2114969 11.5588 9.89021 17.0101 8.62585 -5.33762 1.33384 47.085
2114978 11.5588 9.89021 17.0101 8.62585 -5.33762 1.33384 47.085
2114988 12.7766 9.45727 18.7384 7.82232 -7.29353 1.33013 48.7946
2115001 14.0233 9.1013 20.1938 7.67711 -8.54914 1.3961 50.9955
2115024 14.9898 8.66836 21.2247 7.74487 -9.40629 1.51388 52.6277
2115029 15.8209 8.19694 21.8716 7.69647 -10.1702 1.55363 53.5859
2115050 15.8209 8.19694 21.8716 7.69647 -10.1702 1.55363 53.5859
2115052 16.4105 7.61007 22.104 7.58998 -10.8511 1.58434 53.7146
2115059 16.4105 7.61007 22.104 7.58998 -10.8511 1.58434 53.7146
2115073 16.6617 6.96548 22.0939 7.31891 -11.5343 1.6362 53.0401
2115088 16.9034 6.44595 22.0333 7.21241 -12.0155 1.68164 52.595
2115097 16.9034 6.44595 22.0333 7.21241 -12.0155 1.68164 52.595
2115105 16.9807 5.93605 21.8716 6.95103 -12.5462 1.7122 51.7393
2115114 17.0385 5.53198 21.629 6.73804 -12.9558 1.70697 50.9375
2115133 17.1251 5.25297 21.154 6.42825 -13.3095 1.5625 49.9603
2115147 17.0866 5.09904 20.8609 6.30239 -13.4481 1.513 49.3489
2115151 17.0866 5.09904 20.8609 6.30239 -13.4481 1.513 49.3489
2115170 17.0096 4.96435 20.4869 6.14749 -13.57 1.43816 48.6084
2115174 17.0096 4.96435 20.4869 6.14749 -13.57 1.43816 48.6084
2115182 16.971 4.86814 20.0624 5.91515 -13.7244 1.29821 47.8167
2115194 16.8454 4.82003 19.8805 5.85706 -13.7379 1.28858 47.403
2115206 16.8454 4.82003 19.8805 5.85706 -13.7379 1.28858 47.403
2115219 16.7487 4.76231 19.7895 5.81834 -13.7724 1.3042 47.1189
2115225 16.6327 4.70458 19.8704 5.79897 -13.8276 1.38237 47.0067
2115233 16.6327 4.70458 19.8704 5.79897 -13.8276 1.38237 47.0067
2115245 16.6038 4.67572 19.931 5.89579 -13.7791 1.448 47.1063
2115253 16.6038 4.67572 19.931 5.89579 -13.7791 1.448 47.1063
2115269 16.5554 4.60838 20.0826 5.89579 -13.8591 1.53195 47.1422
2115275 16.6521 4.56989 20.1938 5.9926 -13.8601 1.57075 47.4084
2115284 16.6521 4.56989 20.1938 5.9926 -13.8601 1.57075 47.4084
2115294 16.7294 4.618 20.2949 5.98292 -13.8705 1.55288 47.6252
2115304 16.855 4.62762 20.4364 6.01196 -13.9012 1.55401 47.931
2115318 16.855 4.62762 20.4364 6.01196 -13.9012 1.55401 47.931
2115324 16.8744 4.65648 20.5273 6.041 -13.8798 1.57098 48.0992
2115341 16.8744 4.65648 20.5273 6.041 -13.8798 1.57098 48.0992
2115345 16.9613 4.62762 20.6486 6.041 -13.951 1.58476 48.2786
2115355 17.0673 4.70458 20.6385 6.041 -13.911 1.51934 48.4515
2115368 17.0673 4.70458 20.6385 6.041 -13.911 1.51934 48.4515
2115377 17.1347 4.74307 20.7396 6.05068 -13.9108 1.51409 48.668
2115392 17.2213 4.76231 20.8205 6.15718 -13.8488 1.53 48.9612
2115400 17.2213 4.76231 20.8205 6.15718 -13.8488 1.53 48.9612
2115406 17.2982 4.77193 20.8103 6.15718 -13.8564 1.49803 49.0377
2115416 17.2982 4.77193 20.8103 6.15718 -13.8564 1.49803 49.0377
2115426 17.3175 4.82965 20.8205 6.1959 -13.7868 1.48562 49.1635
2115441 17.3463 4.95473 20.7093 6.13781 -13.7152 1.38744 49.1482
2115446 17.3463 4.95473 20.7093 6.13781 -13.7152 1.38744 49.1482
2115465 17.3752 5.04131 20.6284 6.15718 -13.6199 1.33197 49.2021
2115475 17.2694 5.21449 20.6587 6.25399 -13.3914 1.34489 49.3966
2115489 17.2694 5.21449 20.6587 6.25399 -13.3914 1.34489 49.3966
2115493 17.2886 5.45501 20.5981 6.27335 -13.1807 1.24795 49.6151
2115501 17.2886 5.45501 20.5981 6.27335 -13.1807 1.24795 49.6151
2115514 17.3175 5.73401 20.4566 6.33144 -12.8957 1.12457 49.8395
2115518 17.202 6.0034 20.0624 6.33144 -12.5655 0.964254 49.5993
2115528 17.202 6.0034 20.0624 6.33144 -12.5655 0.964254 49.5993
2115538 17.077 6.47482 20.0523 6.3992 -12.1268 0.869864 50.0033
2115553 17.1154 6.98472 19.7087 6.50569 -11.5939 0.630296 50.3145
2115562 17.1154 6.98472 19.7087 6.50569 -11.5939 0.630296 50.3145
2115569 16.942 7.44652 19.2741 6.43793 -11.1434 0.396245 50.1005
2115584 16.942 7.44652 19.2741 6.43793 -11.1434 0.396245 50.1005
2115589 16.6134 7.73514 18.8294 6.37016 -10.766 0.257619 49.5481
2115599 16.3525 8.18732 18.3644 6.46697 -10.1591 0.0886005 49.3712
2115610 16.3525 8.18732 18.3644 6.46697 -10.1591 0.0886005 49.3712
2115619 16.0045 8.62988 17.9501 6.47665 -9.60438 -0.0635067 49.0611
2115635 15.6566 9.15903 17.5963 6.8639 -8.74161 -0.108199 49.2759
2115640 15.6566 9.15903 17.5963 6.8639 -8.74161 -0.108199 49.2759
2115650 15.2217 9.77476 17.192 7.40604 -7.67874 -0.120498 49.5945
2115661 15.2217 9.77476 17.192 7.40604 -7.67874 -0.120498 49.5945
2115670 14.6998 10.2847 16.8583 8.47096 -6.36135 0.102795 50.3138
2115689 14.2069 10.8042 16.403 9.54556 -5.03347 0.275928 50.9597
2115691 14.2069 10.8042 16.403 9.54556 -5.03347 0.275928 50.9597
2115700 13.5208 11.1313 15.6744 10.3878 -3.78397 0.417092 50.7143
2115714 12.6896 11.4199 14.7738 10.8719 -2.59853 0.463117 49.7552
2115720 12.6896 11.4199 14.7738 10.8719 -2.59853 0.463117 49.7552
2115737 11.7811 11.5739 13.8024 11.3366 -1.37805 0.551811 48.4939
2115741 11.7811 11.5739 13.8024 11.3366 -1.37805 0.551811 48.4939
2115752 10.8823 11.8529 12.8107 12.0142 0.0914961 0.659094 47.5601
2115762 10.0125 12.2569 11.9101 12.992 1.76289 0.837169 47.1716
2115772 10.0125 12.2569 11.9101 12.992 1.76289 0.837169 47.1716
2115786 9.1137 12.738 11.0399 14.2215 3.61148 1.0856 47.1131
2115792 8.5145 13.3441 9.97738 15.6834 5.54279 1.2002 47.5193
2115802 8.5145 13.3441 9.97738 15.6834 5.54279 1.2002 47.5193
2115820 7.92496 14.0656 8.84405 17.2894 7.57733 1.29131 48.1241
2115829 7.92496 14.0656 8.84405 17.2894 7.57733 1.29131 48.1241
2115840 7.32575 14.8161 7.7006 18.9972 9.61662 1.39925 48.8396
2115847 6.56225 15.4799 6.83036 20.8207 11.5247 1.69304 49.6932
2115864 6.56225 15.4799 6.83036 20.8207 11.5247 1.69304 49.6932
2115865 5.84707 16.0572 6.34464 22.4222 12.9698 2.03153 50.6711
2115875 5.2672 16.5478 6.25357 23.8019 13.8947 2.383 51.8705
2115890 5.2672 16.5478 6.25357 23.8019 13.8947 2.383 51.8705
2115894 4.68732 16.8172 6.27381 24.8439 14.5851 2.74025 52.6223
2115904 4.68732 16.8172 6.27381 24.8439 14.5851 2.74025 52.6223
2115917 4.04946 16.8557 6.33452 25.5289 15.1608 3.11501 52.7686
2115924 3.35361 16.8076 6.13214 25.7605 15.8885 3.38057 52.0538
2115943 3.35361 16.8076 6.13214 25.7605 15.8885 3.38057 52.0538
2115945 2.74474 16.519 6.05119 25.8859 16.4104 3.71285 51.2008
2115955 2.13587 16.3458 5.85893 25.8666 17.0382 3.95677 50.2072
2115967 2.13587 16.3458 5.85893 25.8666 17.0382 3.95677 50.2072
2115975 1.63331 16.1822 5.75774 25.8666 17.5252 4.18958 49.4399
2115993 1.63331 16.1822 5.75774 25.8666 17.5252 4.18958 49.4399
2115997 1.26606 16.0572 5.58571 25.7701 17.9623 4.32403 48.6791
2116007 1.12109 16.0668 5.58571 25.6447 18.0741 4.35039 48.4183
2116019 1.12109 16.0668 5.58571 25.6447 18.0741 4.35039 48.4183
2116026 1.08243 16.086 5.4744 25.4325 18.1807 4.28653 48.0753
2116036 1.12109 16.0764 5.4744 25.4132 18.1418 4.27058 48.0851
2116063 1.19841 16.1534 5.4744 25.2974 18.067 4.18299 48.1236
2116073 1.18874 16.2881 5.3631 24.9597 18.1466 4.0312 47.7996
2116078 1.18874 16.2881 5.3631 24.9597 18.1466 4.0312 47.7996
2116088 1.15975 16.3746 5.3631 24.7667 18.1575 3.9638 47.6642
2116101 1.15975 16.3746 5.3631 24.7667 18.1575 3.9638 47.6642
2116108 1.20807 16.3169 5.28214 24.5834 18.1524 3.90602 47.3906
2116118 1.21774 16.5574 5.29226 24.5738 18.1677 3.80685 47.6412
2116133 1.21774 16.5574 5.29226 24.5738 18.1677 3.80685 47.6412
2116139 1.30472 16.6537 5.34286 24.6317 18.0657 3.76031 47.9329
2116154 1.2564 16.7787 5.3125 24.6317 18.1544 3.72319 47.9793
2116159 1.2564 16.7787 5.3125 24.6317 18.1544 3.72319 47.9793
2116169 1.2274 16.7883 5.3125 24.6703 18.1874 3.73981 47.9985
2116181 1.2274 16.7883 5.3125 24.6703 18.1874 3.73981 47.9985
2116189 1.29505 16.8268 5.34286 24.7667 18.1187 3.72818 48.2315
2116208 1.29505 16.8461 5.40357 24.9983 18.1003 3.78863 48.543
2116209 1.29505 16.8461 5.40357 24.9983 18.1003 3.78863 48.543
2116219 1.2564 16.8076 5.41369 25.1913 18.1475 3.86519 48.6689
2116238 1.2564 16.7595 5.49464 25.3939 18.0977 3.94831 48.9044
2116244 1.2564 16.7595 5.49464 25.3939 18.0977 3.94831 48.9044
2116250 1.30472 16.7018 5.58571 25.5482 17.989 4.00713 49.1404
2116260 1.30472 16.7018 5.58571 25.5482 17.989 4.00713 49.1404
2116270 1.19841 16.5959 5.55536 25.5965 18.1008 4.09353 48.9462
2116285 1.26606 16.5671 5.63631 25.7026 17.9814 4.11996 49.172
2116311 1.20807 16.4324 5.60595 25.7894 18.052 4.20762 49.0358
2116313 1.14042 16.3073 5.72738 25.7991 17.9883 4.31209 48.9742
2116323 1.14042 16.3073 5.72738 25.7991 17.9883 4.31209 48.9742
2116341 1.38204 16.1245 5.85893 25.7605 17.6302 4.30919 49.126
2116343 1.38204 16.1245 5.85893 25.7605 17.6302 4.30919 49.126
2116353 1.80728 16.2111 5.93988 25.5675 17.1787 4.08546 49.5258
2116363 2.42581 16.3265 5.99048 25.2299 16.5791 3.74244 49.9727
2116373 2.42581 16.3265 5.99048 25.2299 16.5791 3.74244 49.9727
2116388 3.13132 16.3843 6.01071 24.6027 15.8815 3.32078 50.129
2116394 3.68221 16.5093 6.02083 23.9177 15.3221 2.91651 50.1301
2116404 3.68221 16.5093 6.02083 23.9177 15.3221 2.91651 50.1301
2116415 4.3394 16.5574 6.01071 23.0976 14.651 2.46319 50.0052
2116424 4.3394 16.5574 6.01071 23.0976 14.651 2.46319 50.0052
2116440 5.15122 16.519 5.81845 22.1039 13.9402 1.89105 49.5925
2116449 5.87607 16.3939 5.74762 21.0715 13.1606 1.39008 49.0891
2116455 5.87607 16.3939 5.74762 21.0715 13.1606 1.39008 49.0891
2116467 6.45594 16.1341 5.56548 20.1163 12.5482 0.960732 48.2719
2116475 6.97783 15.9706 5.61607 19.2673 11.8352 0.606809 47.8318
2116493 6.97783 15.9706 5.61607 19.2673 11.8352 0.606809 47.8318
2116495 7.53837 15.8744 5.7375 18.5726 11.0907 0.282068 47.7229
2116510 8.2149 15.8744 6.1625 20.2804 10.774 0.698647 50.5321
2116521 8.2149 15.7878 6.1625 17.8104 10.0159 -0.00929475 47.9756
2116526 8.9494 15.9225 6.64821 17.2219 8.99982 -0.308281 48.742
2116553 9.58727 16.0379 7.37679 16.4579 7.85068 -0.543028 49.4598
2116561 10.3411 16.0475 7.94345 15.5672 6.67854 -0.865139 49.8993
2116574 10.3411 16.0475 7.94345 15.5672 6.67854 -0.865139 49.8993
2116579 10.834 15.9128 8.31786 14.3861 5.63545 -1.22634 49.4508
2116589 11.2496 15.6819 8.53036 13.1566 4.65801 -1.61807 48.6185
2116600 11.2496 15.6819 8.53036 13.1566 4.65801 -1.61807 48.6185
2116615 11.8391 15.5665 8.90476 11.7625 3.42457 -2.10253 48.0729
2116628 11.8391 15.5665 8.90476 11.7625 3.42457 -2.10253 48.0729
2116629 12.4673 15.4222 9.30952 10.3491 2.10021 -2.5966 47.5481
2116638 13.2888 15.1432 9.73452 8.93565 0.560224 -3.10871 47.1022
2116657 13.2888 15.1432 9.73452 8.93565 0.560224 -3.10871 47.1022
2116659 14.1876 14.7583 10.4024 7.52221 -1.23181 -3.52717 46.8705
2116668 14.1876 14.7583 10.4024 7.52221 -1.23181 -3.52717 46.8705
2116686 15.1541 14.1811 11.2827 6.37984 -3.12561 -3.72547 46.9977
2116693 16.0915 13.4884 12.4161 5.66344 -4.90761 -3.61956 47.6594
2116699 16.0915 13.4884 12.4161 5.66344 -4.90761 -3.61956 47.6594
2116711 17.1058 12.7668 13.853 5.42141 -6.4961 -3.23466 49.1471
2116719 17.9717 12.103 15.2595 5.64408 -7.5935 -2.69853 50.9783
2116738 17.9717 12.103 15.2595 5.64408 -7.5935 -2.69853 50.9783
2116740 18.7125 11.3526 16.6357 5.73121 -8.70863 -2.20233 52.432
2116750 19.1551 10.3905 17.475 5.81834 -9.66204 -1.77488 52.8389
2116764 19.1551 10.3905 17.475 5.81834 -9.66204 -1.77488 52.8389
2116770 19.4244 9.53424 18.324 5.79897 -10.557 -1.36649 53.0817
2116790 19.4244 9.53424 18.324 5.79897 -10.557 -1.36649 53.0817
2116791 19.6361 8.62026 18.9304 5.77961 -11.4066 -1.00431 52.9664
2116800 19.6072 7.79287 19.3145 5.70216 -12.1272 -0.682065 52.4168
2116817 19.6072 7.79287 19.3145 5.70216 -12.1272 -0.682065 52.4168
2116821 19.7323 7.10017 19.5369 5.53759 -12.8265 -0.508035 51.9069
2116831 19.6265 6.39785 19.6076 5.44077 -13.41 -0.286635 51.0727
2116844 19.6265 6.39785 19.6076 5.44077 -13.41 -0.286635 51.0727
2116851 19.5784 6.0034 19.4964 5.2762 -13.7998 -0.241036 50.3544
2116878 19.4918 5.60894 19.1629 5.09226 -14.1591 -0.256985 49.3559
2116883 19.4918 5.38766 18.89 4.86959 -14.4557 -0.345358 48.6391
2116899 19.4918 5.38766 18.89 4.86959 -14.4557 -0.345358 48.6391
2116903 19.4533 5.29145 18.5969 4.69533 -14.6051 -0.453566 48.037
2116936 19.4629 5.24335 18.3644 4.61788 -14.6608 -0.542254 47.6886
2116938 19.4244 5.13752 18.1623 4.53075 -14.7701 -0.593241 47.255
2116965 19.4244 5.10866 18.0916 4.4533 -14.8445 -0.633496 47.078
2116966 19.4341 5.05093 18.1017 4.46298 -14.8895 -0.612232 47.0497
2116974 19.4341 5.05093 18.1017 4.46298 -14.8895 -0.612232 47.0497
2116994 19.4822 4.98359 18.2331 4.48235 -14.9685 -0.556481 47.1812
2117003 19.386 4.96435 18.5464 4.57916 -14.9491 -0.386969 47.4758
2117004 19.386 4.96435 18.5464 4.57916 -14.9491 -0.386969 47.4758
2117022 19.5207 4.91624 18.8496 4.65661 -15.0164 -0.29119 47.9431
2117024 19.5207 4.91624 18.8496 4.65661 -15.0164 -0.29119 47.9431
2117034 19.4726 4.86814 19.0922 4.67597 -15.0807 -0.178523 48.1088
2117049 19.5207 4.8489 19.3751 4.85023 -15.0204 -0.0445032 48.5949
2117059 19.5207 4.8489 19.3751 4.85023 -15.0204 -0.0445032 48.5949
2117065 19.3667 4.80079 19.6278 4.92768 -15.0166 0.119446 48.723
2117077 19.309 4.78155 19.8906 5.07289 -14.9555 0.266935 49.054
2117085 19.309 4.78155 19.8906 5.07289 -14.9555 0.266935 49.054
2117104 19.1935 4.78155 20.1736 5.19875 -14.8877 0.424719 49.3475
2117106 19.1935 4.78155 20.1736 5.19875 -14.8877 0.424719 49.3475
2117120 19.0781 4.75269 20.3757 5.33428 -14.8195 0.568997 49.5408
2117132 18.9338 4.73345 20.5172 5.38269 -14.7955 0.675659 49.5672
2117136 18.9338 4.73345 20.5172 5.38269 -14.7955 0.675659 49.5672
2117146 18.7414 4.74307 20.5273 5.45046 -14.6957 0.756142 49.4622
2117160 18.4527 4.65648 20.4263 5.41173 -14.7152 0.836241 48.9472
2117166 18.4527 4.65648 20.4263 5.41173 -14.7152 0.836241 48.9472
2117176 18.2507 4.59875 20.4465 5.42141 -14.716 0.929375 48.7174
2117189 18.2507 4.59875 20.4465 5.42141 -14.716 0.929375 48.7174
2117202 18.039 4.56027 20.4566 5.4795 -14.6573 1.03124 48.5354
2117216 17.8274 4.49293 20.5273 5.50854 -14.6585 1.15256 48.3562
2117218 17.8274 4.49293 20.5273 5.50854 -14.6585 1.15256 48.3562
2117228 17.76 4.56989 20.5476 5.55695 -14.5458 1.16897 48.4344
2117244 17.6735 4.77193 20.679 5.72153 -14.2586 1.21456 48.8459
2117248 17.6735 4.77193 20.679 5.72153 -14.2586 1.21456 48.8459
2117273 17.6638 5.14714 20.7295 5.86674 -13.854 1.1492 49.4072
2117280 17.6638 5.49349 20.6486 6.03132 -13.4376 1.06024 49.8373
2117299 17.6061 5.92643 20.5172 6.07005 -13.0322 0.914233 50.1198
2117326 17.3945 6.55178 20.1938 6.18622 -12.3446 0.725407 50.3263
2117327 17.2694 7.12903 19.8097 6.29271 -11.7114 0.506144 50.5009
2117330 17.2694 7.12903 19.8097 6.29271 -11.7114 0.506144 50.5009
2117343 17.1058 7.86984 19.2539 6.38952 -10.915 0.197867 50.6191
2117355 17.1058 7.86984 19.2539 6.38952 -10.915 0.197867 50.6191
2117360 16.7004 8.44709 18.5262 6.36048 -10.2025 -0.0781998 50.0341
2117370 16.3331 8.98585 17.8793 6.47665 -9.43632 -0.290799 49.675
2117386 16.3331 8.98585 17.8793 6.47665 -9.43632 -0.290799 49.675
2117395 15.9562 9.57272 17.3032 6.89294 -8.44331 -0.40205 49.7251
2117401 15.444 10.1307 16.5143 7.34795 -7.32226 -0.5196 49.437
2117415 15.444 10.1307 16.5143 7.34795 -7.32226 -0.5196 49.437
2117422 14.9028 10.5925 15.8262 7.97722 -6.1661 -0.514792 49.2987
2117443 14.9028 10.5925 15.8262 7.97722 -6.1661 -0.514792 49.2987
2117445 14.5355 10.9774 15.0167 8.6549 -5.04221 -0.561558 49.1845
2117453 14.062 11.2949 14.2274 9.19704 -3.99613 -0.594202 48.7812
2117479 13.6754 11.4873 13.3571 9.83599 -2.9517 -0.610946 48.3558
2117483 13.1342 11.8336 12.3958 10.4943 -1.6727 -0.651191 47.8579
2117502 13.1342 11.8336 12.3958 10.4943 -1.6727 -0.651191 47.8579
2117504 12.4866 12.1319 11.3536 11.4237 -0.15015 -0.582723 47.3958
2117513 12.4866 12.1319 11.3536 11.4237 -0.15015 -0.582723 47.3958
2117532 11.7328 12.4878 10.3518 12.8081 1.69444 -0.335822 47.3805
2117538 10.7374 13.1228 9.27917 14.6378 4.0522 0.0178403 47.7771
2117559 9.66458 13.8636 7.98393 16.4385 6.5972 0.279737 47.9506
2117564 8.5145 14.6621 7.00238 18.235 8.97479 0.638464 48.414
2117588 8.5145 14.6621 7.00238 18.235 8.97479 0.638464 48.414
2117590 7.48039 15.6435 6.23333 20.0102 11.1105 0.947902 49.3674
2117594 7.48039 15.6435 6.23333 20.0102 11.1105 0.947902 49.3674
2117604 6.62024 16.4612 5.97024 21.7758 12.6145 1.37659 50.8275
2117623 5.71177 17.0861 5.99048 23.2423 13.7545 1.85514 52.0307
2117635 4.8033 17.574 6.06131 24.3615 14.7116 2.28566 52.8001
2117649 3.94315 17.8036 5.97024 25.172 15.6281 2.66467 52.889
2117664 3.94315 17.8036 5.97024 25.172 15.6281 2.66467 52.889
2117665 3.19898 18.0523 5.86905 25.5289 16.3883 2.89083 52.6493
2117685 2.47413 18.1289 5.64643 25.5482 17.1613 3.06722 51.7977
2117709 1.8556 18.148 5.48452 25.4614 17.7967 3.22152 50.9495
2117710 1.8556 18.148 5.48452 25.4614 17.7967 3.22152 50.9495
2117715 1.53667 18.1576 5.25179 24.9597 18.1987 3.16114 49.9057
2117725 1.43036 18.2437 5.06964 24.6799 18.4242 3.05791 49.4236
2117740 1.43036 18.2437 5.06964 24.6799 18.4242 3.05791 49.4236
2117746 1.40136 18.2724 4.87738 24.265 18.569 2.90949 48.8162
2117756 1.40136 18.2724 4.87738 24.265 18.569 2.90949 48.8162
2117770 1.32405 18.3298 4.73571 23.744 18.7053 2.75045 48.1336
2117776 1.3917 18.4446 4.58393 23.1941 18.725 2.5019 47.6143
2117786 1.3917 18.4446 4.58393 23.1941 18.725 2.5019 47.6143
2117801 1.44002 18.7698 4.4119 22.6827 18.8146 2.18313 47.3045
2117807 1.32405 19.076 4.18929 22.3644 19.129 1.96586 46.9537
2117831 1.32405 19.076 4.18929 22.3644 19.129 1.96586 46.9537
2117832 1.42069 19.4778 4.10833 22.0942 19.1307 1.68916 47.101
2117838 1.42069 19.4778 4.10833 22.0942 19.1307 1.68916 47.101
2117860 1.47868 19.8891 4.05774 21.9398 19.1556 1.46618 47.3654
2117862 1.527 20.157 4.05774 21.8916 19.1378 1.34318 47.6334
2117868 1.527 20.157 4.05774 21.8916 19.1378 1.34318 47.6334
2117892 1.50767 20.5014 3.92619 21.9688 19.3284 1.21677 47.9041
2117894 1.527 20.7693 3.93631 21.9591 19.3317 1.12027 48.1917
2117899 1.527 20.7693 3.93631 21.9591 19.3317 1.12027 48.1917
2117909 1.54633 21.1137 3.94643 21.9688 19.3461 1.00521 48.5752
2117923 1.54633 21.1137 3.94643 21.9688 19.3461 1.00521 48.5752
2117929 1.50767 21.4198 3.8756 21.9302 19.4768 0.885935 48.7333
2117951 1.62365 21.7451 3.79464 21.7565 19.4621 0.66919 48.9199
2117952 1.62365 21.7451 3.79464 21.7565 19.4621 0.66919 48.9199
2117964 1.65264 22.0512 3.70357 21.5539 19.5302 0.475978 48.9613
2117980 1.66231 22.3095 3.6631 21.2838 19.5569 0.29898 48.9187
2117982 1.66231 22.3095 3.6631 21.2838 19.5569 0.29898 48.9187
2117990 1.64298 22.5104 3.60238 21.1583 19.6382 0.186245 48.9141
2118012 1.64298 22.5104 3.60238 21.1583 19.6382 0.186245 48.9141
2118014 1.67197 22.6348 3.52143 20.9171 19.6729 0.0405639 48.7453
2118041 1.82661 22.7878 3.4506 20.5988 19.5779 -0.174186 48.6638
2118048 1.80728 23.0079 3.4 20.29 19.6322 -0.347945 48.5052
2118058 1.83627 23.1705 3.31905 20.0392 19.6704 -0.511292 48.365
2118072 1.83627 23.1705 3.31905 20.0392 19.6704 -0.511292 48.365
2118075 1.88459 23.3427 3.30893 19.7787 19.6253 -0.664304 48.3149
2118083 1.88459 23.3427 3.30893 19.7787 19.6253 -0.664304 48.3149
2118103 1.93292 23.5245 3.25833 19.5182 19.6187 -0.833719 48.2339
2118105 1.94258 23.534 3.22798 19.3734 19.6227 -0.897044 48.078
2118113 1.94258 23.534 3.22798 19.3734 19.6227 -0.897044 48.078
2118134 1.97157 23.5914 3.20774 19.1708 19.5983 -0.996355 47.9416
2118135 2.05856 23.6297 3.17738 18.9586 19.5259 -1.11418 47.8242
2118143 2.05856 23.6297 3.17738 18.9586 19.5259 -1.11418 47.8242
2118165 2.34849 23.6871 3.24821 18.9586 19.1994 -1.1905 48.2424
2118167 2.79306 23.6871 3.49107 19.0261 18.5873 -1.21323 48.9974
2118174 2.79306 23.7445 3.49107 19.0261 18.5948 -1.22936 49.0548
2118196 3.39227 23.7254 3.41012 18.6402 18.0825 -1.54593 49.1679
2118198 3.39227 23.7254 3.41012 18.6402 18.0825 -1.54593 49.1679
2118204 4.21376 23.7636 3.42024 18.0131 17.275 -1.98665 49.4107
2118214 5.31552 23.8402 3.52143 17.3956 16.1759 -2.46802 50.0727
2118229 5.31552 23.8402 3.52143 17.3956 16.1759 -2.46802 50.0727
2118235 6.45594 23.9932 3.58214 16.6031 15.0877 -3.04061 50.6344
2118245 6.45594 23.9932 3.58214 16.6031 15.0877 -3.04061 50.6344
2118264 7.62536 23.9263 3.65298 15.4413 13.8655 -3.68953 50.646
2118265 8.85276 23.5436 3.86548 14.0763 12.3672 -4.30724 50.3382
2118275 8.85276 23.5436 3.86548 14.0763 12.3672 -4.30724 50.3382
2118291 10.0415 23.1801 4.09821 12.5661 10.8279 -4.97856 49.8859
2118295 11.2013 22.5869 4.48274 11.0171 9.08945 -5.56577 49.288
2118322 11.2013 22.5869 4.48274 11.0171 9.08945 -5.56577 49.288
2118324 12.4383 21.7642 4.99881 9.27449 7.01461 -6.16675 48.4758
2118327 12.4383 21.7642 4.99881 9.27449 7.01461 -6.16675 48.4758
2118336 13.6077 20.8458 5.66667 7.65774 4.82919 -6.63354 47.778
2118355 14.9318 19.9657 6.30417 6.18622 2.59346 -7.09266 47.3878
2118356 14.9318 19.9657 6.30417 6.18622 2.59346 -7.09266 47.3878
2118366 16.0432 18.8655 7.32619 5.09226 0.310794 -7.12813 47.3272
2118386 17.3848 17.7366 8.48988 4.55979 -1.85707 -6.87293 48.1711
2118415 18.6163 16.9038 9.59286 4.30809 -3.53962 -6.56172 49.421
2118417 19.7227 16.442 10.4125 4.26936 -4.63347 -6.33755 50.8465
2118424 19.7227 16.442 10.4125 4.26936 -4.63347 -6.33755 50.8465
2118445 20.5982 15.8455 11.2018 4.13383 -5.70723 -6.11482 51.7793
2118446 20.5982 15.8455 11.2018 4.13383 -5.70723 -6.11482 51.7793
2118450 21.2428 15.0566 11.7988 3.93052 -6.75323 -5.93039 52.0287
2118459 21.8008 14.0753 12.4262 3.75626 -7.87357 -5.67446 52.0585
2118477 21.8008 14.0753 12.4262 3.75626 -7.87357 -5.67446 52.0585
2118479 22.0413 12.94 12.7095 3.51424 -8.93299 -5.49483 51.2051
2118489 22.1183 11.7951 13.0131 3.42711 -9.88466 -5.20515 50.3536
2118507 22.1183 11.7951 13.0131 3.42711 -9.88466 -5.20515 50.3536
2118514 22.2241 10.8619 13.4887 3.32062 -10.7877 -4.89326 49.8953
2118520 22.2241 10.8619 13.4887 3.32062 -10.7877 -4.89326 49.8953
2118539 22.3973 10.1211 13.8935 3.31093 -11.4931 -4.61982 49.7228
2118541 22.3973 9.54386 14.2476 3.33998 -11.9936 -4.34704 49.5287
2118550 22.3973 9.54386 14.2476 3.33998 -11.9936 -4.34704 49.5287
2118568 22.3588 8.98585 14.531 3.44647 -12.3968 -4.06529 49.3221
2118571 22.253 8.49519 14.6524 3.50456 -12.7316 -3.86194 48.9051
2118582 22.253 8.49519 14.6524 3.50456 -12.7316 -3.86194 48.9051
2118600 22.1471 8.1777 14.7839 3.54328 -12.9543 -3.69901 48.6521
2118602 22.1471 8.1777 14.7839 3.54328 -12.9543 -3.69901 48.6521
2118631 22.1279 7.88908 14.8548 3.59169 -13.1552 -3.58122 48.4634
2118633 22.0894 7.70628 14.6726 3.5336 -13.2923 -3.62157 48.0019
2118635 22.0894 7.70628 14.6726 3.5336 -13.2923 -3.62157 48.0019
2118643 22.0509 7.73514 14.5208 3.49487 -13.2536 -3.69349 47.8018
2118660 22.1664 7.78325 14.4905 3.41743 -13.2979 -3.77424 47.8575
2118663 22.1664 7.78325 14.4905 3.41743 -13.2979 -3.77424 47.8575
2118678 22.2049 7.81211 14.3792 3.43679 -13.2415 -3.82614 47.8329
2118693 22.2049 7.81211 14.0857 3.43679 -13.1689 -3.94235 47.5395
2118695 22.455 7.87946 14.0857 3.30125 -13.2854 -4.06971 47.7214
2118704 22.6667 8.02377 13.7619 3.12699 -13.2819 -4.35111 47.5793
2118726 22.6667 8.02377 13.7619 3.12699 -13.2819 -4.35111 47.5793
2118729 22.9553 8.14884 13.5696 3.11731 -13.2131 -4.52506 47.7911
2118735 23.292 8.28353 13.4179 3.09795 -13.1668 -4.69723 48.0914
2118757 23.292 8.28353 13.4179 3.09795 -13.1668 -4.69723 48.0914
2118764 23.5614 8.39898 13.4179 2.96241 -13.2486 -4.83448 48.3407
2118765 23.7827 8.39898 13.4583 2.96241 -13.3119 -4.86424 48.6024
2118789 23.7827 8.47595 13.4583 3.0205 -13.2057 -4.85657 48.7375
2118794 24.0328 8.42784 13.5292 3.03018 -13.3129 -4.86576 49.02
2118796 24.0328 8.42784 13.5292 3.03018 -13.3129 -4.86576 49.02
2118805 24.1579 8.49519 13.5595 3.03986 -13.2899 -4.88921 49.2525
2118822 24.2445 8.42784 13.4786 3.00114 -13.3738 -4.94159 49.152
2118826 24.2445 8.42784 13.4786 3.00114 -13.3738 -4.94159 49.152
2118836 24.2252 8.42784 13.4786 2.93337 -13.4223 -4.96519 49.065
2118854 24.2252 8.42784 13.4786 2.93337 -13.4223 -4.96519 49.065
2118856 24.1964 8.37974 13.428 2.92369 -13.4489 -4.974 48.9278
2118867 24.1483 8.33164 13.4685 2.90433 -13.5002 -4.94562 48.8527
2118885 24.1483 8.33164 13.4685 2.90433 -13.5002 -4.94562 48.8527
2118894 23.9655 8.1777 13.428 2.87528 -13.5926 -4.90436 48.4464
2118916 23.7538 7.96604 13.5595 2.90433 -13.7199 -4.74933 48.1837
2118918 23.7538 7.96604 13.5595 2.90433 -13.7199 -4.74933 48.1837
2118920 23.4652 7.88908 13.6607 2.99146 -13.6676 -4.59379 48.0064
2118930 23.3882 7.81211 13.8631 3.04954 -13.7123 -4.45442 48.113
2118947 23.3882 7.81211 13.8631 3.04954 -13.7123 -4.45442 48.113
2118949 23.3113 7.74477 14.0149 3.05923 -13.7763 -4.35754 48.1301
2118963 23.3113 7.74477 14.0149 3.05923 -13.7763 -4.35754 48.1301
2118980 23.3016 7.98529 14.2375 3.27221 -13.4649 -4.23509 48.7966
2118981 23.4171 8.35088 14.4095 3.48519 -13.0835 -4.19024 49.6627
2118989 23.4171 8.35088 14.4095 3.48519 -13.0835 -4.19024 49.6627
2119013 23.369 8.71647 14.4601 3.76595 -12.5949 -4.13207 50.3115
2119014 23.167 9.08206 14.5613 3.99829 -12.1278 -4.04146 50.8086
2119024 23.167 9.08206 14.5613 3.99829 -12.1278 -4.04146 50.8086
2119043 22.9072 9.57272 14.369 4.29841 -11.44 -4.05078 51.1474
2119052 22.5897 10.1115 13.9744 4.50171 -10.723 -4.16935 51.1773
2119061 22.1471 10.9004 13.428 4.92768 -9.604 -4.28725 51.4032
2119076 22.1471 10.9004 13.428 4.92768 -9.604 -4.28725 51.4032
2119080 21.4063 11.545 12.7095 5.29556 -8.47553 -4.39972 50.9564
2119109 20.4827 12.0741 12.0315 5.96355 -7.15926 -4.32083 50.552
2119111 20.4827 12.0741 12.0315 5.96355 -7.15926 -4.32083 50.552
2119112 19.2898 12.5648 11.303 6.90262 -5.55597 -4.08977 50.0602
2119122 19.2898 12.5648 11.303 6.90262 -5.55597 -4.08977 50.0602
2119142 17.8659 13.0458 10.5946 8.03531 -3.72382 -3.71862 49.5417
2119143 16.2462 13.5269 9.84583 9.20672 -1.71959 -3.2935 48.8256
2119151 16.2462 13.5269 9.84583 9.20672 -1.71959 -3.2935 48.8256
2119176 14.6032 14.0079 9.22857 10.533 0.366527 -2.74416 48.3727
2119181 13.1148 14.5756 8.72262 11.9368 2.41722 -2.18129 48.3498
2119193 11.7425 15.0566 8.23691 13.4083 4.37902 -1.5958 48.4443
2119210 11.7425 15.0566 8.23691 13.4083 4.37902 -1.5958 48.4443
2119213 10.4184 15.4222 7.79167 14.8605 6.22391 -0.986268 48.4927
2119223 9.19102 15.6531 7.40714 16.4288 7.95179 -0.310644 48.6801
2119243 9.19102 15.6531 7.40714 16.4288 7.95179 -0.310644 48.6801
2119248 7.95395 15.9706 6.99226 18.0613 9.74194 0.345776 48.9781
2119254 6.75554 15.9994 6.72917 19.3927 11.2054 1.03329 48.8769
2119277 6.75554 15.9994 6.72917 19.3927 11.2054 1.03329 48.8769
2119279 5.66344 16.0091 6.36488 20.4637 12.5999 1.59462 48.5011
2119284 5.66344 16.0091 6.36488 20.4637 12.5999 1.59462 48.5011
2119294 4.65833 15.961 6.2131 21.3127 13.7097 2.15179 48.1451
2119311 3.85617 15.9032 6.25357 22.1714 14.5093 2.69763 48.1844
2119315 3.85617 15.9032 6.25357 22.1714 14.5093 2.69763 48.1844
2119325 3.25696 15.8263 6.36488 23.1169 15.0939 3.21175 48.565
2119346 2.80273 15.8263 6.61786 24.1107 15.4568 3.67711 49.3575
2119362 2.47413 15.8455 6.88095 24.9983 15.682 4.05177 50.1989
2119385 2.26151 15.7782 7.12381 25.7316 15.7797 4.36655 50.895
2119387 2.26151 15.9417 7.33631 26.3297 15.7481 4.47167 51.8693
2119396 2.26151 15.9417 7.33631 26.3297 15.7481 4.47167 51.8693
2119418 2.29051 16.0668 7.29583 26.4938 15.8083 4.43909 52.1469
2119420 2.24218 16.1437 7.40714 26.5131 15.7761 4.45481 52.3061
2119453 2.27118 16.0956 7.2756 26.2429 15.8001 4.38034 51.8853
2119455 2.27118 16.0956 7.2756 26.2429 15.8001 4.38034 51.8853
2119460 2.20352 16.0379 7.08333 25.7219 15.9036 4.27955 51.0467
2119469 2.1552 15.9128 6.88095 25.1913 15.9891 4.1895 50.1403
2119487 2.1552 15.9128 6.88095 25.1913 15.9891 4.1895 50.1403
2119488 2.12621 15.6627 6.72917 24.6317 15.9914 4.14201 49.1497
2119519 2.0199 15.4799 6.59762 24.3229 16.1014 4.15757 48.4204
2119521 2.0199 15.4799 6.59762 24.3229 16.1014 4.15757 48.4204
2119522 1.95225 15.249 6.39524 24.0528 16.2407 4.17008 47.6493
2119553 1.83627 14.9892 6.39524 23.9659 16.2777 4.3028 47.1867
2119555 1.76862 14.9123 6.34464 24.0528 16.3832 4.37033 47.0783
2119564 1.76862 14.9123 6.34464 24.0528 16.3832 4.37033 47.0783
2119588 1.72996 14.8161 6.39524 24.1975 16.3816 4.46979 47.1388
2119589 1.68164 14.691 6.49643 24.5641 16.3794 4.64482 47.4332
2119603 1.68164 14.6429 6.64821 25.0851 16.3335 4.80945 48.0579
2119621 1.61399 14.5371 6.78988 25.4711 16.3205 4.9915 48.412
2119630 1.50767 14.3254 6.97202 25.8956 16.2941 5.24669 48.7007
2119658 1.50767 14.3254 6.97202 25.8956 16.2941 5.24669 48.7007
2119661 1.45935 14.1234 7.03274 26.2429 16.3095 5.4319 48.8584
2119663 1.43036 14.1715 7.0631 26.5516 16.3714 5.48989 49.2166
2119670 1.43036 14.1715 7.0631 26.5516 16.3714 5.48989 49.2166
2119691 1.45935 14.1715 7.1744 26.6771 16.2759 5.52338 49.4823
2119695 1.45935 14.1715 7.1744 26.6771 16.2759 5.52338 49.4823
2119701 1.38204 14.2388 7.10357 26.7253 16.42 5.52319 49.4497
2119726 1.40136 14.1138 7.02262 26.7157 16.4483 5.54982 49.2534
2119727 1.40136 14.1138 7.02262 26.7157 16.4483 5.54982 49.2534
2119731 1.3917 14.0849 7.08333 26.6288 16.3852 5.5609 49.1888
