2198464 5.45082 12.1703 9.83571 22.9722 9.84352 4.51726 50.4291
2198473 5.99204 11.9587 9.76488 22.0942 9.18291 4.18844 49.8098
2198481 5.99204 11.9587 9.76488 22.0942 9.18291 4.18844 49.8098
2198497 6.46561 11.6316 9.66369 21.2259 8.53709 3.91709 48.9868
2198506 6.96816 11.6316 9.7244 21.2259 8.15585 3.73881 49.55
2198515 6.96816 11.2852 9.7244 20.5119 7.78752 3.70685 48.4897
2198524 7.41273 10.9485 9.87619 19.798 7.00397 3.53268 48.0354
2198537 7.41273 10.9485 9.87619 19.798 7.00397 3.53268 48.0354
2198544 7.8863 10.6599 10.281 19.1805 6.07878 3.41048 48.0076
2198562 8.3502 10.4771 11.0298 18.6595 5.02746 3.35823 48.5165
2198569 8.3502 10.4771 11.0298 18.6595 5.02746 3.35823 48.5165
2198575 8.88175 10.2269 12.1024 18.0709 3.71015 3.36775 49.282
2198584 9.35532 10.0922 13.0232 17.3763 2.5528 3.29566 49.8471
2198594 9.35532 10.0922 13.0232 17.3763 2.5528 3.29566 49.8471
2198609 9.52928 9.794 13.6 16.4869 1.59462 3.26763 49.4102
2198615 9.52928 9.794 13.6 16.4869 1.59462 3.26763 49.4102
2198625 9.76123 9.49576 14.1667 15.4026 0.496906 3.16806 48.8263
2198635 9.92553 9.13016 14.8548 14.3183 -0.690348 3.14669 48.2288
2198646 9.92553 9.13016 14.8548 14.3183 -0.690348 3.14669 48.2288
2198656 10.1768 8.70685 15.7756 13.1856 -2.12139 3.15946 47.8449
2198666 10.4861 8.37012 16.7976 11.9755 -3.6417 3.12316 47.6293
2198676 10.4861 8.37012 16.7976 11.9755 -3.6417 3.12316 47.6293
2198686 10.95 8.19694 17.8187 10.6782 -5.19136 2.94372 47.6438
2198696 10.95 8.19694 17.8187 10.6782 -5.19136 2.94372 47.6438
2198709 11.4139 8.16808 18.799 9.27449 -6.69931 2.6728 47.6555
2198717 11.9744 8.06225 19.7895 8.16116 -8.09616 2.47379 47.9874
2198732 11.9744 8.06225 19.7895 8.16116 -8.09616 2.47379 47.9874
2198737 12.5156 7.90832 20.9822 7.17369 -9.47708 2.38738 48.5798
2198749 12.9699 7.7159 22.2354 6.68964 -10.4815 2.49118 49.6108
2198757 12.9699 7.7159 22.2354 6.68964 -10.4815 2.49118 49.6108
2198770 13.4338 7.31183 23.5999 6.44761 -11.4554 2.74699 50.7931
2198782 13.4338 7.31183 23.5999 6.44761 -11.4554 2.74699 50.7931
2198790 13.6271 6.84041 24.7824 6.48633 -12.1205 3.13164 51.7362
2198799 13.7914 6.29202 25.9245 6.54442 -12.787 3.5352 52.5523
2198812 13.7914 6.29202 25.9245 6.54442 -12.787 3.5352 52.5523
2198819 13.7624 5.61856 26.5006 6.47665 -13.4495 3.89518 52.3582
2198831 13.5497 5.01245 26.9453 6.37016 -14.0294 4.26579 51.8777
2198839 13.5497 5.01245 26.9453 6.37016 -14.0294 4.26579 51.8777
2198853 13.3854 4.44482 27.2687 6.23462 -14.598 4.57977 51.3336
2198860 13.3854 4.44482 27.582 6.23462 -14.6611 4.64299 51.6469
2198879 13.1825 3.73288 27.582 6.10877 -15.2762 4.97235 50.6062
2198881 12.8829 3.08829 28.0571 6.07973 -15.8517 5.43795 50.108
2198890 12.8829 3.08829 28.0571 6.07973 -15.8517 5.43795 50.108
2198910 12.6703 2.57838 28.3401 5.98292 -16.3647 5.77175 49.5716
2198911 12.4673 2.16469 28.7039 6.02164 -16.7071 6.10653 49.3576
2198939 12.332 2.06848 28.9364 6.06036 -16.772 6.25428 49.3972
2198947 12.3417 2.06848 29.0273 6.06036 -16.7887 6.2662 49.4979
2198956 12.3417 1.83758 29.0273 6.07005 -16.9763 6.36756 49.2766
2198966 12.2837 1.85682 28.9566 6.06036 -16.9471 6.37028 49.1575
2198972 12.2837 1.85682 28.9566 6.06036 -16.9471 6.37028 49.1575
2198982 12.2354 1.77985 28.896 6.06036 -16.9951 6.41427 48.9715
2198992 12.1967 1.76061 28.8151 6.00228 -17.0421 6.41523 48.7747
2199002 12.1967 1.76061 28.8151 6.00228 -17.0421 6.41523 48.7747
2199015 12.1291 1.78947 28.7241 5.95387 -17.033 6.4077 48.5965
2199024 12.1001 1.79909 28.5018 6.02164 -16.9245 6.38884 48.4226
2199034 12.1001 1.79909 28.5018 6.02164 -16.9245 6.38884 48.4226
2199045 12.1194 1.77023 28.522 5.94419 -17.0233 6.38287 48.3558
2199054 12.1194 1.77023 28.522 5.94419 -17.0233 6.38287 48.3558
2199069 12.2354 1.79909 28.3502 5.87642 -17.0479 6.27591 48.2611
2199074 12.2064 1.81834 28.3199 5.85706 -17.0382 6.27122 48.2016
2199089 12.2064 1.81834 28.3199 5.85706 -17.0382 6.27122 48.2016
2199095 12.274 1.77985 28.3805 5.90547 -17.0507 6.27808 48.3398
2199108 12.303 1.78947 28.522 5.92483 -17.0536 6.29006 48.5393
2199115 12.303 1.78947 28.522 5.92483 -17.0536 6.29006 48.5393
2199125 12.274 1.76061 28.7444 5.9926 -17.0515 6.36713 48.7716
2199140 12.274 1.76061 28.7444 5.9926 -17.0515 6.36713 48.7716
2199146 12.1967 1.63554 29.0071 6.02164 -17.1643 6.50719 48.861
2199159 12.158 1.70289 29.2699 6.13781 -17.0429 6.55999 49.2687
2199167 12.158 1.70289 29.2699 6.13781 -17.0429 6.55999 49.2687
2199176 12.187 1.68364 29.5024 6.14749 -17.093 6.59701 49.5206
2199186 12.1967 1.64516 29.7146 6.15718 -17.1527 6.64705 49.7137
2199201 12.1967 1.64516 29.7146 6.15718 -17.1527 6.64705 49.7137
2199207 12.1001 1.56819 29.7753 6.23462 -17.1466 6.74592 49.6781
2199217 12.0034 1.68364 29.7045 6.23462 -17.0221 6.72591 49.6262
2199235 12.0034 1.68364 29.7045 6.23462 -17.0221 6.72591 49.6262
2199242 11.9454 1.80872 29.5327 6.34112 -16.7891 6.68565 49.628
2199251 11.9454 1.80872 29.5327 6.34112 -16.7891 6.68565 49.628
2199260 11.8778 2.04924 29.1891 6.45729 -16.4203 6.57188 49.5734
2199269 11.7811 2.44369 28.7342 6.65091 -15.8339 6.39801 49.61
2199290 11.8488 3.21336 28.1076 6.73804 -15.0302 5.94602 49.9078
2199304 11.9261 4.03113 27.39 6.92198 -14.1055 5.47694 50.2692
2199310 11.9261 4.03113 27.39 6.92198 -14.1055 5.47694 50.2692
2199320 12.0034 4.77193 26.632 7.03816 -13.2942 5.02368 50.4455
2199330 12.0034 4.77193 26.632 7.03816 -13.2942 5.02368 50.4455
2199340 11.9648 5.3107 25.8436 7.15433 -12.6028 4.6911 50.2734
2199350 11.8971 5.90719 25.0149 7.18337 -11.9101 4.31797 50.0025
2199360 11.8971 5.90719 25.0149 7.18337 -11.9101 4.31797 50.0025
2199371 11.8294 6.40747 24.0951 7.25114 -11.2266 3.96586 49.5832
2199381 11.6652 6.82117 23.327 7.4254 -10.5332 3.73672 49.2387
2199391 11.6652 6.82117 23.327 7.4254 -10.5332 3.73672 49.2387
2199402 11.5105 7.05207 22.761 8.00626 -9.7371 3.71114 49.3298
2199411 11.5105 7.05207 22.761 8.00626 -9.7371 3.71114 49.3298
2199424 11.2882 7.28297 22.3769 9.09055 -8.63914 3.8659 50.0387
2199436 11.0176 7.40804 21.7806 10.0199 -7.65052 3.9944 50.2262
2199445 11.0176 7.40804 21.7806 10.0199 -7.65052 3.9944 50.2262
2199453 10.7374 7.31183 20.9013 10.3781 -7.06927 4.0231 49.3286
2199465 10.4184 7.29259 19.8401 10.4556 -6.51489 3.93215 48.0067
2199476 10.4184 7.29259 19.8401 10.4556 -6.51489 3.93215 48.0067
2199486 10.0512 7.27334 18.8799 10.6976 -5.84203 3.9187 46.902
2199497 10.0512 7.27334 18.8799 10.6976 -5.84203 3.9187 46.902
2199506 9.76123 7.26372 18.0511 11.0074 -5.17606 3.91689 46.0835
2199514 9.50995 7.41766 17.5357 11.8981 -4.16829 4.0463 46.3613
2199527 9.50995 7.41766 17.5357 11.8981 -4.16829 4.0463 46.3613
2199542 9.36498 7.74477 17.1516 12.9243 -3.09817 4.12185 47.1856
2199549 9.17169 8.13922 16.656 14.2215 -1.79862 4.22298 48.1884
2199554 9.17169 8.13922 16.656 14.2215 -1.79862 4.22298 48.1884
2199564 9.10404 8.5914 15.9173 15.6446 -0.398545 4.22266 49.2573
2199580 9.10404 8.5914 15.9173 15.6446 -0.398545 4.22266 49.2573
2199585 8.73678 8.96661 14.8244 16.8645 1.14891 4.24727 49.3923
2199595 8.46617 9.50538 13.5798 18.1192 2.80782 4.14554 49.6705
2199613 8.46617 9.50538 13.5798 18.1192 2.80782 4.14554 49.6705
2199622 8.2149 10.1692 12.153 19.1805 4.51642 3.90687 49.7176
2199635 8.01194 10.708 10.9893 19.9909 5.88413 3.70028 49.7001
2199640 8.01194 10.708 10.9893 19.9909 5.88413 3.70028 49.7001
2199649 7.80898 11.2467 10.3113 21.004 7.01317 3.65078 50.371
2199657 7.45139 11.7085 10.1595 21.8434 7.78934 3.76532 51.1628
2199666 7.45139 11.7085 10.1595 21.8434 7.78934 3.76532 51.1628
2199679 7.06481 11.9972 10.0685 22.567 8.42928 3.93833 51.6974
2199688 7.06481 11.9972 10.0685 22.567 8.42928 3.93833 51.6974
2199697 6.61057 12.2088 10.1089 22.895 8.86875 4.10564 51.8233
2199707 5.96305 12.2666 10.0988 23.2037 9.41569 4.38744 51.5322
2199723 5.96305 12.2666 10.0988 23.2037 9.41569 4.38744 51.5322
2199729 5.34451 12.2762 9.92679 23.4257 10.0202 4.62942 50.9731
2199740 4.58101 12.1222 9.83571 23.5993 10.623 5.00569 50.1383
2199749 4.58101 12.1222 9.83571 23.5993 10.623 5.00569 50.1383
2199764 3.85617 12.0838 9.66369 23.6862 11.2853 5.29823 49.2898
2199770 3.85617 12.0838 9.66369 23.6862 11.2853 5.29823 49.2898
2199784 3.19898 11.9779 9.68393 23.8984 11.7893 5.66214 48.7592
2199792 2.76407 11.9587 9.76488 24.1975 12.1327 5.92777 48.6851
2199801 2.76407 11.9587 9.76488 24.1975 12.1327 5.92777 48.6851
2199810 2.46447 11.9683 9.75476 24.4291 12.4331 6.09392 48.6166
2199820 2.34849 12.026 9.87619 24.6413 12.4983 6.17983 48.892
2199835 2.34849 12.026 9.87619 24.6413 12.4983 6.17983 48.892
2199840 2.35816 12.2184 9.89643 24.7089 12.5416 6.10855 49.1819
2199850 2.35816 12.2184 9.89643 24.7089 12.5416 6.10855 49.1819
2199860 2.34849 12.3435 9.89643 24.6124 12.5562 6.0416 49.2008
2199875 2.38715 12.4782 9.76488 24.4773 12.6271 5.91869 49.1075
2199881 2.38715 12.4782 9.76488 24.4773 12.6271 5.91869 49.1075
2199894 2.52246 12.5648 9.64345 24.2554 12.5823 5.76029 48.9861
2199902 2.49346 12.6802 9.5625 23.9081 12.608 5.64203 48.6443
2199917 2.49346 12.6802 9.5625 23.9081 12.608 5.64203 48.6443
2199921 2.55145 12.7861 9.48155 23.5704 12.5665 5.4912 48.3895
2199931 2.55145 12.7861 9.48155 23.5704 12.5665 5.4912 48.3895
2199946 2.50313 12.8919 9.29941 23.2906 12.7019 5.3751 47.985
2199952 2.60944 12.9208 9.25893 23.1362 12.6179 5.2785 47.9253
2199962 2.60944 12.9208 9.25893 23.1362 12.6179 5.2785 47.9253
2199984 2.55145 12.9496 9.1375 23.0976 12.7567 5.25828 47.7362
2199986 2.52246 12.863 9.27917 23.0494 12.633 5.32643 47.714
2199994 2.52246 12.863 9.27917 23.0494 12.633 5.32643 47.714
2200004 2.60944 12.7861 9.24881 23.2134 12.6109 5.3492 47.8577
2200014 2.50313 12.7861 9.1881 20.8882 12.1144 4.88932 45.3655
2200032 2.50313 12.7572 9.1881 23.3581 12.7724 5.42369 47.8066
2200034 2.50313 12.7091 9.35 23.5318 12.6771 5.51094 48.094
2200048 2.50313 12.7091 9.35 23.5318 12.6771 5.51094 48.094
2200054 2.39682 12.6321 9.42083 23.8309 12.7615 5.6615 48.2807
2200071 2.35816 12.5359 9.59286 24.0431 12.687 5.79287 48.5301
2200075 2.35816 12.5359 9.59286 24.0431 12.687 5.79287 48.5301
2200085 2.60944 12.382 9.83571 24.3036 12.3347 5.846 49.1308
2200095 2.70608 12.2858 10.1393 24.4387 12.0432 5.92682 49.5699
2200105 2.70608 12.2858 10.1393 24.4387 12.0432 5.92682 49.5699
2200120 3.30529 12.1896 10.453 24.4387 11.3473 5.7744 50.3866
2200126 3.30529 12.1896 10.453 24.4387 11.3473 5.7744 50.3866
2200138 3.88516 12.1415 10.6048 24.2168 10.7518 5.54442 50.8482
2200146 4.65833 12.0934 10.6655 23.7151 10.0155 5.17155 51.1323
2200160 4.65833 12.0934 10.6655 23.7151 10.0155 5.17155 51.1323
2200174 5.31552 12.0645 10.6655 23.1169 9.3821 4.80891 51.1624
2200182 5.79875 11.901 10.5946 22.4126 8.83516 4.52823 50.707
2200191 5.79875 11.901 10.5946 22.4126 8.83516 4.52823 50.707
2200197 6.13701 11.6701 10.4327 21.5829 8.37128 4.27773 49.8227
2200207 6.13701 11.6701 10.4327 21.5829 8.37128 4.27773 49.8227
2200217 6.48493 11.4873 10.1696 20.8207 7.99252 3.98818 48.9625
2200232 6.71688 11.3622 10.0482 20.1742 7.64537 3.77111 48.3015
2200239 6.71688 11.3622 10.0482 20.1742 7.64537 3.77111 48.3015
2200249 6.89085 11.0447 9.9369 19.7111 7.31769 3.69218 47.5836
2200259 7.08414 11.0351 10.0685 19.2191 6.90913 3.53377 47.4067
2200274 7.08414 11.0351 10.0685 19.2191 6.90913 3.53377 47.4067
2200280 7.34508 11.0062 10.4024 18.9875 6.41285 3.46826 47.7412
2200293 7.61569 11.0928 11.1613 18.9393 5.76485 3.50101 48.8091
2200300 7.61569 11.0928 11.1613 18.9393 5.76485 3.50101 48.8091
2200315 7.83798 11.064 11.7988 18.891 5.20157 3.56549 49.5918
2200322 7.83798 11.064 11.7988 18.891 5.20157 3.56549 49.5918
2200331 8.07959 11.0351 12.3857 18.6305 4.58814 3.56114 50.1309
2200350 8.12791 10.8138 12.5577 18.2253 4.19985 3.57206 49.7248
2200352 8.12791 10.8138 12.5577 18.2253 4.19985 3.57206 49.7248
2200361 8.1859 10.6791 12.7095 17.6271 3.76554 3.49733 49.2017
2200389 8.38886 10.5059 12.7905 16.8548 3.18365 3.32214 48.5401
2200397 8.54349 10.4194 12.9827 16.0319 2.56632 3.14266 47.9775
2200406 8.54349 10.4194 12.9827 16.0319 2.56632 3.14266 47.9775
2200411 8.91074 10.3809 13.3167 15.1896 1.74856 2.89176 47.7979
2200427 9.35532 10.3328 13.8732 14.2506 0.708404 2.64653 47.8119
2200433 9.35532 10.3328 13.8732 14.2506 0.708404 2.64653 47.8119
2200442 9.96418 10.3809 14.4601 13.3502 -0.359879 2.32538 48.1554
2200452 9.96418 10.3809 14.4601 13.3502 -0.359879 2.32538 48.1554
2200462 10.5634 10.3616 15.1482 12.2272 -1.61632 2.00322 48.3005
2200474 11.1143 10.2077 16.0387 11.0461 -3.04665 1.78576 48.4068
2200499 11.7231 9.87097 16.9798 9.84567 -4.63979 1.62062 48.4195
2200502 12.2933 9.24561 18.0815 8.66458 -6.45366 1.6176 48.285
2200529 12.7959 8.65874 19.2134 7.7836 -8.03223 1.71585 48.4517
2200534 13.1728 7.9468 20.6385 7.28986 -9.4676 2.08227 49.048
2200545 13.1728 7.9468 20.6385 7.28986 -9.4676 2.08227 49.048
2200554 13.685 7.28297 22.0838 7.29954 -10.5193 2.50699 50.3514
2200569 13.685 7.28297 22.0838 7.29954 -10.5193 2.50699 50.3514
2200575 14.0136 6.67685 23.327 7.28986 -11.3892 2.90203 51.3074
2200587 14.2263 6.04188 24.3579 7.40604 -12.0773 3.31405 52.0321
2200595 14.2263 6.04188 24.3579 7.40604 -12.0773 3.31405 52.0321
2200610 14.2456 5.4069 25.2069 7.29954 -12.8195 3.69657 52.1589
2200616 14.2166 4.68534 25.8841 7.30923 -13.4878 4.11497 52.0952
2200631 14.2166 4.68534 25.8841 7.30923 -13.4878 4.11497 52.0952
2200638 14.1393 4.10809 26.3894 7.16401 -14.1198 4.43219 51.8008
2200647 14.1393 4.10809 26.3894 7.16401 -14.1198 4.43219 51.8008
2200657 14.1296 3.55971 26.5713 7.01879 -14.6854 4.65122 51.2795
2200667 14.1973 3.18449 26.7128 6.90262 -15.1101 4.77488 50.9972
2200677 14.1973 3.18449 26.7128 6.90262 -15.1101 4.77488 50.9972
2200687 14.1779 2.99208 26.5713 6.71868 -15.3778 4.79191 50.46
2200703 14.2456 2.78042 26.3995 6.67995 -15.5595 4.8059 50.1055
2200712 14.2456 2.78042 26.3995 6.67995 -15.5595 4.8059 50.1055
2200721 14.2553 2.75156 26.157 6.58314 -15.6178 4.744 49.7469
2200730 14.2553 2.75156 26.157 6.58314 -15.6178 4.744 49.7469
2200744 14.2069 2.72269 25.8234 6.49601 -15.6407 4.68734 49.2491
2200749 14.1586 2.74194 25.5 6.3992 -15.634 4.61026 48.7998
2200767 14.1586 2.74194 25.5 6.3992 -15.634 4.61026 48.7998
2200770 14.091 2.73231 25.1867 6.29271 -15.6578 4.55134 48.3027
2200780 14.1006 2.70345 24.9138 6.1959 -15.7132 4.47855 47.9138
2200790 14.1006 2.70345 24.9138 6.1959 -15.7132 4.47855 47.9138
2200812 14.1489 2.79966 24.6914 6.12813 -15.6551 4.35571 47.7682
2200814 14.0813 2.74194 24.5803 6.14749 -15.6527 4.3862 47.551
2200820 14.0813 2.74194 24.5803 6.14749 -15.6527 4.3862 47.551
2200836 14.0813 2.71307 24.5904 6.15718 -15.6711 4.40238 47.5419
2200842 14.0813 2.71307 24.5904 6.15718 -15.6711 4.40238 47.5419
2200851 14.1296 2.75156 24.6106 6.07005 -15.7262 4.35206 47.5618
2200861 14.1973 2.78042 24.7218 6.10877 -15.7033 4.34638 47.8082
2200871 14.1973 2.78042 24.7218 6.10877 -15.7033 4.34638 47.8082
2200884 14.2843 2.82852 24.8633 6.11845 -15.6985 4.32553 48.0945
2200891 14.4292 2.79966 24.8835 6.15718 -15.7221 4.29207 48.2695
2200901 14.4292 2.79966 24.8835 6.15718 -15.7221 4.29207 48.2695
2200916 14.6032 2.83814 25.1361 6.22494 -15.7145 4.2784 48.8024
2200922 14.6032 2.83814 25.1361 6.22494 -15.7145 4.2784 48.8024
2200932 14.5742 2.8189 25.3181 6.23462 -15.7515 4.33937 48.9458
2200942 14.6612 2.85739 25.4697 6.3508 -15.6685 4.34806 49.339
2200957 14.6612 2.85739 25.4697 6.3508 -15.6685 4.34806 49.339
2200964 14.5839 2.80928 25.591 6.25399 -15.7965 4.40263 49.2381
2200976 14.5935 2.76118 25.6718 6.40888 -15.7252 4.46826 49.4354
2200984 14.5935 2.76118 25.6718 6.40888 -15.7252 4.46826 49.4354
2200999 14.6322 2.79004 25.7021 6.37016 -15.7462 4.43991 49.4945
2201004 14.6322 2.79004 25.7021 6.37016 -15.7462 4.43991 49.4945
2201021 14.5065 2.75156 25.7628 6.40888 -15.7339 4.52569 49.4298
2201025 14.5259 2.83814 25.7729 6.42825 -15.6523 4.49019 49.5651
2201035 14.5259 2.83814 25.7729 6.42825 -15.6523 4.49019 49.5651
2201048 14.4582 3.04018 25.6415 6.46697 -15.4175 4.41776 49.6069
2201056 14.4969 3.39615 25.4596 6.64123 -14.9614 4.26286 49.9938
2201066 14.4969 3.39615 25.4596 6.64123 -14.9614 4.26286 49.9938
2201088 14.5742 4.00226 25.2069 6.82517 -14.3028 3.98815 50.6085
2201089 14.5742 4.00226 25.2069 6.82517 -14.3028 3.98815 50.6085
2201096 14.4969 4.67572 24.7521 6.99943 -13.5367 3.70519 50.9241
2201115 14.4099 5.3588 24.1356 7.01879 -12.8468 3.35378 50.923
2201116 14.4099 5.3588 24.1356 7.01879 -12.8468 3.35378 50.923
2201126 14.2553 6.12847 23.3371 7.03816 -12.0303 2.95264 50.759
2201136 14.062 6.85003 22.3668 7.09624 -11.1576 2.54622 50.3751
2201146 14.062 6.85003 22.3668 7.09624 -11.1576 2.54622 50.3751
2201159 13.83 7.53311 21.4168 7.10592 -10.3275 2.15278 49.8858
2201168 13.83 7.53311 21.4168 7.10592 -10.3275 2.15278 49.8858
2201181 13.5111 8.10074 20.4465 7.29954 -9.39936 1.86421 49.3579
2201187 13.2501 8.58178 19.7188 7.79328 -8.40724 1.7267 49.344
2201203 13.2501 8.58178 19.7188 7.79328 -8.40724 1.7267 49.344
2201212 12.7959 8.93775 19.0214 8.37415 -7.38126 1.72867 49.1292
2201219 12.303 9.14941 18.4655 9.03246 -6.42828 1.85256 48.9504
2201229 12.303 9.14941 18.4655 9.03246 -6.42828 1.85256 48.9504
2201239 11.7908 9.34182 17.8288 9.60364 -5.49475 1.94578 48.565
2201265 11.3559 9.59196 17.0202 10.0877 -4.52414 1.92279 48.0558
2201272 11.0756 9.85173 16.1399 10.4169 -3.65749 1.7783 47.4841
2201279 11.0756 9.85173 16.1399 10.4169 -3.65749 1.7783 47.4841
2201289 10.9113 10.1211 15.3304 10.93 -2.74387 1.65815 47.2927
2201304 10.805 10.4386 14.6018 11.5979 -1.77593 1.56697 47.4433
2201310 10.805 10.4386 14.6018 11.5979 -1.77593 1.56697 47.4433
2201320 10.5634 10.7561 13.8024 12.3047 -0.687915 1.51421 47.4265
2201330 10.2445 11.1024 13.175 13.3696 0.549453 1.62796 47.8915
2201345 10.2445 11.1024 13.175 13.3696 0.549453 1.62796 47.8915
2201351 9.79989 11.5258 12.4667 14.541 1.96562 1.76339 48.3333
2201365 9.79989 11.5258 12.4667 14.541 1.96562 1.76339 48.3333
2201371 9.25867 11.8817 11.6065 15.877 3.54429 1.9568 48.6239
2201387 8.49517 12.3243 10.6048 17.2701 5.38794 2.17339 48.6944
2201396 8.49517 12.3243 10.6048 17.2701 5.38794 2.17339 48.6944
2201402 7.66401 12.8149 9.50179 18.5533 7.31573 2.3415 48.5341
2201412 6.86185 13.3345 8.64167 19.933 9.1058 2.57685 48.771
2201439 6.27231 13.9598 8.16607 21.3127 10.4777 2.79013 49.7109
2201447 6.27231 13.9598 8.16607 21.3127 10.4777 2.79013 49.7109
2201457 5.57646 14.5371 8.16607 22.5284 11.476 3.1238 50.808
2201466 5.15122 15.0951 8.20655 23.58 12.1641 3.32682 52.0329
2201475 5.15122 15.0951 8.20655 23.58 12.1641 3.32682 52.0329
2201485 4.54235 15.4126 8.15595 24.1975 12.8621 3.55542 52.3084
2201494 3.97214 15.4992 8.13571 24.6027 13.4046 3.81169 52.2097
2201512 3.97214 15.4992 8.13571 24.6027 13.4046 3.81169 52.2097
2201522 3.40193 15.6146 7.93333 24.622 14.0102 3.93785 51.5719
2201532 3.40193 15.6146 7.71071 24.622 14.1794 3.88989 51.3493
2201540 2.84139 15.5665 7.71071 24.5159 14.5801 4.09367 50.6345
2201546 2.50313 15.5665 7.53869 24.3615 14.9521 4.15168 49.9698
2201572 2.30984 15.5569 7.50833 24.1686 15.0914 4.18122 49.5436
2201583 2.30017 15.605 7.4375 23.9659 15.1258 4.10627 49.3086
2201586 2.30017 15.605 7.4375 23.9659 15.1258 4.10627 49.3086
2201596 2.32916 15.605 7.42738 23.6862 15.054 4.03059 49.0477
2201607 2.24218 15.5761 7.26548 23.3388 15.1826 3.96075 48.4226
2201621 2.24218 15.5761 7.26548 23.3388 15.1826 3.96075 48.4226
2201630 2.32916 15.5473 7.11369 22.9722 15.156 3.81846 47.9623
2201637 2.32916 15.5473 7.11369 22.9722 15.156 3.81846 47.9623
2201647 2.34849 15.5857 7.0125 22.6442 15.1651 3.69475 47.5909
2201662 2.36782 15.5954 7.03274 22.567 15.1178 3.66983 47.5629
2201669 2.36782 15.5954 7.03274 22.567 15.1178 3.66983 47.5629
2201680 2.36782 15.5857 7.05298 22.6056 15.1067 3.68761 47.6121
2201689 2.34849 15.4703 7.07321 22.702 15.102 3.76827 47.594
2201704 2.34849 15.4703 7.07321 22.702 15.102 3.76827 47.594
2201709 2.34849 15.4126 7.18452 22.8661 15.0307 3.85561 47.8116
2201729 2.34849 15.4126 7.18452 22.8661 15.0307 3.85561 47.8116
2201730 2.30984 15.3933 7.21488 22.9818 15.0577 3.9124 47.8999
2201741 2.3195 15.326 7.28571 23.2037 15.0226 4.00249 48.1349
2201752 2.3195 15.326 7.28571 23.2037 15.0226 4.00249 48.1349
2201760 2.29051 15.2105 7.32619 23.3195 15.0131 4.09519 48.1467
2201775 2.25185 15.1817 7.37679 23.5511 15.0451 4.18547 48.3614
2201785 2.25185 15.1817 7.37679 23.5511 15.0451 4.18547 48.3614
2201798 2.23252 15.1913 7.4375 23.7054 15.0446 4.2372 48.5667
2201801 2.23252 15.1913 7.4375 23.7054 15.0446 4.2372 48.5667
2201823 2.25185 15.2009 7.4375 23.8405 15.0583 4.25561 48.7308
2201825 2.23252 15.1143 7.61964 24.0142 14.9428 4.3753 48.9807
2201831 2.23252 15.1143 7.61964 24.0142 14.9428 4.3753 48.9807
2201850 2.22285 15.0951 7.65 24.0238 14.924 4.3954 48.9918
2201852 2.19386 15.047 7.63988 24.13 14.9678 4.44669 49.0107
2201861 2.19386 15.047 7.63988 24.13 14.9678 4.44669 49.0107
2201872 2.20352 14.9315 7.65 24.2072 14.9438 4.50748 48.9922
2201882 2.20352 14.9315 7.65 24.2072 14.9438 4.50748 48.9922
2201894 2.59011 14.7487 7.95357 24.294 14.3684 4.50992 49.5864
2201902 2.79306 14.5659 8.20655 24.1879 13.9459 4.53298 49.7534
2201929 3.37294 14.4601 8.34821 23.8019 13.2749 4.29658 49.9832
2201934 4.07845 14.412 8.31786 23.1941 12.6043 3.90626 50.0024
2201946 4.07845 14.412 8.31786 23.1941 12.6043 3.90626 50.0024
2201954 4.91927 14.489 8.2875 22.4801 11.8395 3.39587 50.1759
2201971 5.58613 14.3158 8.3381 21.7758 11.0802 3.06263 50.0158
2201979 5.58613 14.3158 8.3381 21.7758 11.0802 3.06263 50.0158
2201995 6.12735 14.0753 8.27738 20.9654 10.4337 2.74246 49.4454
2201996 6.12735 14.0753 8.27738 20.9654 10.4337 2.74246 49.4454
2202010 6.54292 13.8059 8.20655 20.2418 9.88695 2.48975 48.7971
2202026 6.97783 13.4307 8.35833 19.5953 9.14447 2.34021 48.3622
2202036 7.41273 13.2767 8.65179 18.9489 8.36668 2.14678 48.2902
2202051 7.87663 13.0362 9.24881 18.4955 7.40192 2.10599 48.6571
2202057 7.87663 13.0362 9.24881 18.4955 7.40192 2.10599 48.6571
2202069 8.36953 12.9496 10.1494 17.9262 6.25416 2.05178 49.3948
2202077 8.80443 12.7765 10.8577 17.1351 5.16875 1.94012 49.5737
2202095 8.80443 12.7765 10.8577 17.1351 5.16875 1.94012 49.5737
2202105 9.20068 12.5071 11.222 16.1868 4.20996 1.74108 49.1166
2202119 9.20068 12.5071 11.222 16.1868 4.20996 1.74108 49.1166
2202120 9.45196 12.1992 11.5863 15.1315 3.25233 1.57126 48.369
2202129 9.92553 11.9683 11.9405 13.9795 2.13422 1.26307 47.8138
2202144 9.92553 11.9683 11.9405 13.9795 2.13422 1.26307 47.8138
2202154 10.3411 11.8144 12.2542 12.7597 1.04876 0.90897 47.1693
2202160 10.7374 11.7759 12.7702 11.5399 -0.102425 0.575629 46.8233
2202170 10.7374 11.7759 12.7702 11.5399 -0.102425 0.575629 46.8233
2202193 11.2882 11.7085 13.4583 10.3685 -1.42533 0.265895 46.8236
2202194 11.2882 11.7085 13.4583 10.3685 -1.42533 0.265895 46.8236
2202200 11.8874 11.8144 14.1161 9.2164 -2.64314 -0.117787 47.0343
2202210 12.5253 11.7951 15.1988 8.26765 -4.00807 -0.268055 47.7869
2202229 12.5253 11.7951 15.1988 8.26765 -4.00807 -0.268055 47.7869
2202231 13.0858 11.5642 16.3929 7.57061 -5.31943 -0.211857 48.6135
2202242 13.6561 11.2852 17.6165 7.14465 -6.45979 -0.0543559 49.7025
2202250 13.6561 11.2852 17.6165 7.14465 -6.45979 -0.0543559 49.7025
2202260 14.1973 11.0928 18.9709 6.96071 -7.37707 0.187857 51.2217
2202294 14.6322 10.708 20.0927 7.01879 -8.10181 0.506576 52.4517
2202296 14.8641 10.1019 20.9822 7.05752 -8.81363 0.869817 53.0057
2202304 14.8641 10.1019 20.9822 7.05752 -8.81363 0.869817 53.0057
2202319 14.8545 9.40917 21.5279 7.08656 -9.40213 1.23422 52.8781
2202321 14.7578 8.61064 21.9828 6.98007 -10.1038 1.60354 52.3313
2202331 14.7578 8.61064 21.9828 6.98007 -10.1038 1.60354 52.3313
2202346 14.7482 7.81211 22.2354 6.84453 -10.8089 1.89379 51.6402
2202352 14.7482 7.81211 22.2354 6.84453 -10.8089 1.89379 51.6402
2202369 14.5162 7.03282 22.4982 6.67027 -11.4908 2.2535 50.7175
2202372 14.4582 6.15733 22.7711 6.50569 -12.3097 2.60399 49.8923
2202393 14.4582 6.15733 22.7711 6.50569 -12.3097 2.60399 49.8923
2202395 14.3809 5.44539 23.1956 6.52506 -12.9201 2.99545 49.5469
2202404 14.1973 4.70458 23.7919 6.57346 -13.5542 3.4902 49.2672
2202420 14.1973 4.70458 23.7919 6.57346 -13.5542 3.4902 49.2672
2202424 14.1006 4.05999 24.2669 6.58314 -14.142 3.88368 49.0107
2202446 14.1006 4.05999 24.2669 6.58314 -14.142 3.88368 49.0107
2202448 13.9847 3.64629 24.843 6.68964 -14.4882 4.24147 49.1636
2202455 13.9363 3.32881 25.2069 6.81549 -14.7091 4.49117 49.2875
2202473 13.9363 3.32881 25.2069 6.81549 -14.7091 4.49117 49.2875
2202480 13.7237 3.14601 25.5404 6.93166 -14.7879 4.74315 49.3418
2202486 13.6271 3.07866 25.7122 7.0672 -14.7486 4.87228 49.4852
2202500 13.6271 3.07866 25.7122 7.0672 -14.7486 4.87228 49.4852
2202507 13.5497 3.08829 25.7729 7.05752 -14.7452 4.90991 49.4684
2202525 13.4434 3.02094 25.7527 7.00911 -14.8123 4.96608 49.2262
2202526 13.4434 3.02094 25.7527 7.00911 -14.8123 4.96608 49.2262
2202541 13.2501 3.0017 25.6516 7.05752 -14.7273 5.04196 48.961
2202552 13.2501 3.0017 25.6516 7.05752 -14.7273 5.04196 48.961
2202560 13.1245 2.93435 25.5303 7.08656 -14.7065 5.10255 48.6757
2202577 12.9215 2.87663 25.5404 7.04784 -14.7446 5.205 48.3864
2202587 12.8152 2.88625 25.4191 7.0672 -14.6722 5.22482 48.1878
2202604 12.5736 2.82852 25.4697 7.02847 -14.7109 5.35362 47.9003
2202610 12.5736 2.82852 25.4697 7.02847 -14.7109 5.35362 47.9003
2202619 12.361 2.72269 25.5404 7.0672 -14.7362 5.51167 47.6913
2202629 12.361 2.72269 25.5404 7.0672 -14.7362 5.51167 47.6913
2202639 12.1774 2.61686 25.6819 7.07688 -14.8074 5.66669 47.553
2202654 12.0904 2.53028 26.0256 7.21241 -14.8214 5.83509 47.8587
2202659 12.0904 2.53028 26.0256 7.21241 -14.8214 5.83509 47.8587
2202669 11.8584 2.5399 26.3894 7.30923 -14.7612 6.01918 48.097
2202684 11.6652 2.43407 26.8139 7.48349 -14.7539 6.2602 48.3966
2202690 11.6652 2.43407 26.8139 7.48349 -14.7539 6.2602 48.3966
2202704 11.5878 2.37634 27.3193 7.65774 -14.7488 6.44023 48.9412
2202730 11.3849 2.28976 27.764 7.75456 -14.7909 6.66065 49.1932
2202736 11.2689 2.19355 28.1177 7.91913 -14.785 6.84082 49.4993
2202747 11.2689 2.19355 28.1177 7.91913 -14.785 6.84082 49.4993
2202757 11.2109 2.31862 28.2491 8.00626 -14.6305 6.84721 49.7849
2202761 11.2302 2.68421 28.3906 8.09339 -14.3076 6.71733 50.3985
2202771 11.2302 2.68421 28.3906 8.09339 -14.3076 6.71733 50.3985
2202786 11.2399 3.12677 28.2188 8.31606 -13.7598 6.53266 50.9015
2202792 11.2399 3.12677 28.2188 8.31606 -13.7598 6.53266 50.9015
2202810 11.1916 3.61743 27.8853 8.45159 -13.2014 6.31366 51.1459
2202813 11.1239 4.14658 27.4203 8.53872 -12.6192 6.0576 51.2296
2202827 11.1239 4.14658 27.4203 8.53872 -12.6192 6.0576 51.2296
2202837 11.0466 4.897 26.7634 8.59681 -11.8491 5.67694 51.3038
2202844 10.9306 5.66667 26.0155 8.54841 -11.1076 5.26763 51.1612
2202854 10.9306 5.66667 26.0155 8.54841 -11.1076 5.26763 51.1612
2202864 10.747 6.21505 25.1058 8.45159 -10.4842 4.92741 50.5195
2202874 10.4764 6.54216 24.1861 8.32574 -9.99113 4.69205 49.5304
2202891 10.4764 6.54216 24.1861 8.32574 -9.99113 4.69205 49.5304
2202899 10.2831 6.87889 23.4786 8.43223 -9.39959 4.50824 49.0728
2202905 10.2831 6.87889 23.4786 8.43223 -9.39959 4.50824 49.0728
2202924 10.0802 7.13865 22.8823 8.75171 -8.73649 4.4261 48.8528
2202925 9.88687 7.44652 22.387 9.59396 -7.72261 4.45538 49.3144
2202944 9.88687 7.44652 22.387 9.59396 -7.72261 4.45538 49.3144
2202954 9.64525 7.73514 21.912 10.4459 -6.7233 4.51689 49.7383
2202956 9.29733 7.84097 21.2551 11.0364 -5.90482 4.5984 49.4298
2202971 9.29733 7.84097 21.2551 11.0364 -5.90482 4.5984 49.4298
2202976 9.08471 7.9468 20.4162 11.3946 -5.20011 4.53888 48.8423
2202986 9.08471 7.9468 20.4162 11.3946 -5.20011 4.53888 48.8423
2202998 8.77544 8.09111 19.648 11.5399 -4.57424 4.47035 48.0545
2203006 8.47584 8.35088 18.8496 11.9562 -3.68362 4.40215 47.6325
2203025 8.47584 8.35088 18.8496 11.9562 -3.68362 4.40215 47.6325
2203031 8.29221 8.60102 18.1724 12.4886 -2.82572 4.34276 47.5543
2203036 8.10858 8.93775 17.5458 12.992 -1.95684 4.25293 47.5841
2203052 8.10858 8.93775 17.5458 12.992 -1.95684 4.25293 47.5841
2203057 7.94429 9.27448 16.9292 13.6794 -1.0034 4.19942 47.8273
2203067 7.94429 9.27448 16.9292 13.6794 -1.0034 4.19942 47.8273
2203079 7.80898 9.64007 16.2917 14.4636 0.00154376 4.14056 48.2043
2203087 7.5577 9.99604 15.4518 15.451 1.25761 4.13228 48.4566
2203106 7.5577 9.99604 15.4518 15.451 1.25761 4.13228 48.4566
2203112 7.29676 10.352 14.4702 16.4191 2.57743 4.09182 48.5381
2203119 6.86185 10.5829 13.3065 17.6078 4.14727 4.178 48.3591
2203133 6.86185 10.5829 13.3065 17.6078 4.14727 4.178 48.3591
2203139 6.34963 10.91 12.0821 18.9779 5.92725 4.28408 48.3197
2203149 6.34963 10.91 12.0821 18.9779 5.92725 4.28408 48.3197
2203163 5.74076 11.2852 10.7667 20.3093 7.84121 4.38131 48.102
2203169 5.22854 11.6027 9.60298 21.8241 9.6332 4.53677 48.2583
2203195 4.72598 11.9972 8.99583 23.3195 11.0091 4.76938 49.0385
2203199 4.30074 12.3147 8.99583 25.0079 11.8661 5.15271 50.6192
2203216 4.30074 12.3147 8.99583 25.0079 11.8661 5.15271 50.6192
2203220 3.98181 12.6706 9.15774 26.4262 12.423 5.4363 52.2364
2203230 3.98181 12.6706 9.15774 26.4262 12.423 5.4363 52.2364
2203245 3.66288 12.863 9.33988 27.4296 12.8012 5.69756 53.2954
2203250 3.23764 12.9593 9.41071 28.0375 13.2111 5.94219 53.6451
2203272 3.23764 12.9593 9.41071 28.0375 13.2111 5.94219 53.6451
2203274 2.71575 12.8246 9.17798 28.076 13.7358 6.16933 52.7943
2203298 2.14554 12.6706 9.01607 27.8927 14.2106 6.40676 51.725
2203300 2.14554 12.6706 9.01607 27.8927 14.2106 6.40676 51.725
2203303 1.66231 12.3628 8.74286 27.5261 14.6557 6.63416 50.294
2203326 1.66231 12.3628 8.74286 27.5261 14.6557 6.63416 50.294
2203328 1.32405 12.2184 8.5506 27.1498 14.9735 6.74958 49.2429
2203336 1.29505 12.2184 8.48988 26.8604 14.9875 6.70336 48.8638
2203356 1.28539 12.1896 8.2875 26.3297 15.0474 6.59429 48.0922
2203365 1.28539 12.1992 8.08512 25.857 15.1211 6.47025 47.4267
2203383 1.28539 12.1992 8.08512 25.857 15.1211 6.47025 47.4267
2203385 1.29505 12.2858 7.92321 25.4711 15.1881 6.32678 46.9751
2203395 1.29505 12.2858 7.92321 25.4711 15.1881 6.32678 46.9751
2203413 1.37237 12.4205 7.90298 25.1623 15.1027 6.1694 46.8581
2203416 1.37237 12.6514 7.75119 24.979 15.243 6.00156 46.7539
2203424 1.37237 12.6514 7.75119 24.979 15.243 6.00156 46.7539
2203440 1.43036 12.9881 7.68036 24.8922 15.3059 5.79496 46.991
2203445 1.47868 13.2286 7.7006 25.0369 15.3264 5.70036 47.4448
2203454 1.47868 13.2286 7.7006 25.0369 15.3264 5.70036 47.4448
2203467 1.61399 13.4595 7.69048 25.2395 15.3086 5.57974 48.0035
2203474 1.61399 13.4595 7.69048 25.2395 15.3086 5.57974 48.0035
2203498 1.54633 13.6616 7.78155 25.4228 15.3662 5.576 48.4123
2203499 1.58499 13.8732 7.79167 25.6833 15.4189 5.52286 48.9332
2203524 1.63331 14.0753 7.77143 25.7605 15.4502 5.42948 49.2405
2203526 1.61399 14.3447 7.72083 25.7219 15.5521 5.30879 49.4014
2203535 1.61399 14.3447 7.72083 25.7219 15.5521 5.30879 49.4014
2203552 1.61399 14.5274 7.62976 25.6351 15.6452 5.19875 49.4063
2203556 1.61399 14.5274 7.62976 25.6351 15.6452 5.19875 49.4063
2203566 1.61399 14.6814 7.61964 25.6158 15.6789 5.13016 49.5308
2203581 1.7203 14.8161 7.5994 25.5772 15.6265 5.02089 49.713
2203586 1.7203 14.8161 7.5994 25.5772 15.6265 5.02089 49.713
2203608 1.64298 14.8065 7.50833 25.5096 15.7502 5.02408 49.4674
2203610 1.66231 14.8065 7.4881 25.3746 15.7256 4.98483 49.3314
2203636 1.6913 14.8546 7.4375 25.1237 15.7052 4.89197 49.1071
2203637 1.68164 14.8065 7.33631 25.0176 15.7682 4.8726 48.842
2203663 1.68164 14.8065 7.33631 25.0176 15.7682 4.8726 48.842
2203665 1.70097 14.7776 7.33631 24.8922 15.7228 4.8504 48.707
2203672 1.70097 14.7776 7.33631 24.8922 15.7228 4.8504 48.707
2203690 1.67197 14.7199 7.32619 24.8343 15.7335 4.87164 48.5523
2203691 1.61399 14.6814 7.31607 24.7764 15.7724 4.89703 48.3878
2203700 1.61399 14.6814 7.31607 24.7764 15.7724 4.89703 48.3878
2203718 1.60432 14.6429 7.32619 24.6799 15.7462 4.8988 48.2533
2203729 1.62365 14.5274 7.2756 24.7281 15.7598 4.93802 48.1548
2203746 1.59466 14.3735 7.35655 24.7378 15.688 5.03288 48.0625
2203749 1.59466 14.3735 7.35655 24.7378 15.688 5.03288 48.0625
2203773 1.56566 14.21 7.44762 24.815 15.6186 5.14808 48.0382
2203774 1.77828 14.1138 7.71071 24.8632 15.2107 5.16297 48.466
2203801 2.16487 13.9502 7.97381 24.6799 14.6054 5.08686 48.7688
2203801 3.02501 13.8925 8.04464 24.13 13.7256 4.66178 49.0921
2203810 3.02501 13.8925 8.04464 24.13 13.7256 4.66178 49.0921
2203828 4.10745 14.1138 8.14583 23.3485 12.6766 4.00472 49.7155
2203830 4.10745 14.1138 8.14583 23.3485 12.6766 4.00472 49.7155
2203845 5.30586 14.21 8.34821 22.2775 11.3845 3.32357 50.1416
2203856 6.32064 14.2484 8.6619 21.1776 10.1389 2.75859 50.4086
2203861 6.32064 14.2484 8.6619 21.1776 10.1389 2.75859 50.4086
2203871 7.38374 14.0656 9.03631 19.8462 8.68823 2.21523 50.3319
2203887 8.39852 13.8732 9.54226 18.37 7.12501 1.68596 50.184
2203891 8.39852 13.8732 9.54226 18.37 7.12501 1.68596 50.184
2203917 9.14269 13.4211 9.99762 16.8161 5.61835 1.29105 49.3774
2203918 9.14269 13.4211 9.99762 16.8161 5.61835 1.29105 49.3774
2203922 9.82888 12.9304 10.5339 15.1703 3.99159 0.911492 48.4635
2203932 10.3894 12.5648 11.1107 13.5051 2.40161 0.523946 47.5701
2203945 10.3894 12.5648 11.1107 13.5051 2.40161 0.523946 47.5701
2203957 11.0853 12.2473 11.7482 11.84 0.66804 0.0817126 46.9208
2203973 11.7521 12.026 12.5274 10.4265 -0.977349 -0.264565 46.7321
2203975 11.7521 12.026 12.5274 10.4265 -0.977349 -0.264565 46.7321
2203984 12.4576 11.8144 13.4381 9.0131 -2.71186 -0.584558 46.7232
2204002 12.4576 11.8144 13.4381 9.0131 -2.71186 -0.584558 46.7232
2204004 13.0955 11.5546 14.5815 7.77392 -4.44018 -0.732249 47.0056
2204032 13.801 11.1986 15.9173 6.92198 -6.06079 -0.677404 47.8389
2204034 13.801 11.1986 15.9173 6.92198 -6.06079 -0.677404 47.8389
2204035 14.4292 10.708 17.4447 6.49601 -7.47278 -0.365688 49.0779
2204045 15.1154 10.1115 19.1124 6.51538 -8.65256 0.118234 50.8546
2204062 15.1154 10.1115 19.1124 6.51538 -8.65256 0.118234 50.8546
2204074 15.6276 9.34182 20.5476 6.69932 -9.63973 0.654228 52.2163
2204090 15.6276 9.34182 20.5476 6.69932 -9.63973 0.654228 52.2163
2204091 15.9079 8.46633 21.629 6.65091 -10.6448 1.11265 52.6542
2204095 16.0722 7.49462 22.4578 6.74772 -11.5059 1.60274 52.7723
2204105 16.0722 7.49462 22.4578 6.74772 -11.5059 1.60274 52.7723
2204121 16.1012 6.5614 23.044 6.51538 -12.4796 1.981 52.222
2204125 16.0625 6.5614 23.5392 6.3992 -12.6712 2.08738 52.5624
2204135 16.0625 5.64743 23.5392 6.3992 -13.3379 2.38976 51.6484
2204151 15.8403 4.78155 23.8323 6.3508 -14.044 2.82296 50.8049
2204160 15.8403 4.78155 23.8323 6.3508 -14.044 2.82296 50.8049
2204166 15.8306 4.13696 24.1254 6.22494 -14.7036 3.09517 50.3179
2204180 15.7146 3.81947 24.368 6.28303 -14.9348 3.32279 50.1851
2204189 15.7146 3.81947 24.368 6.28303 -14.9348 3.32279 50.1851
2204197 15.7243 3.60781 24.2973 6.21526 -15.1463 3.36459 49.8446
2204211 15.589 3.45388 24.3579 6.25399 -15.2246 3.49484 49.6547
2204216 15.589 3.45388 24.3579 6.25399 -15.2246 3.49484 49.6547
2204240 15.6663 3.4635 24.1962 6.23462 -15.2159 3.42037 49.5606
2204242 15.6663 3.4635 24.1962 6.23462 -15.2159 3.42037 49.5606
2204247 15.6663 3.47312 23.8829 6.10877 -15.2486 3.31325 49.1311
2204269 15.7339 3.49236 23.5392 6.02164 -15.2495 3.17745 48.7872
2204272 15.7339 3.49236 23.5392 6.02164 -15.2495 3.17745 48.7872
2204279 15.7243 3.44426 23.0945 5.82802 -15.3597 3.04236 48.0911
2204298 15.7436 3.47312 22.6599 5.70216 -15.3578 2.88323 47.5788
2204299 15.7436 3.47312 22.6599 5.70216 -15.3578 2.88323 47.5788
2204309 15.7436 3.54046 22.4477 5.58599 -15.3562 2.77368 47.3177
2204326 15.7436 3.54046 22.4477 5.58599 -15.3562 2.77368 47.3177
2204329 15.7919 3.54046 22.2253 5.53759 -15.362 2.68515 47.0953
2204339 15.8982 3.55971 22.2556 5.60535 -15.3157 2.66375 47.3189
2204357 15.8982 3.55971 22.2556 5.60535 -15.3157 2.66375 47.3189
2204364 15.8306 3.55971 22.3365 5.56663 -15.3514 2.70001 47.2934
2204370 15.7823 3.49236 22.4578 5.60535 -15.3906 2.78483 47.3378
2204387 15.7823 3.49236 22.4578 5.60535 -15.3906 2.78483 47.3378
2204397 15.7919 3.44426 22.8722 5.70216 -15.4347 2.92974 47.8105
2204417 15.7919 3.44426 22.8722 5.70216 -15.4347 2.92974 47.8105
2204419 15.7726 3.50198 23.2461 5.8861 -15.3029 3.05463 48.4068
2204424 15.7726 3.43463 23.5898 6.00228 -15.3309 3.1921 48.7993
2204432 15.7726 3.43463 23.5898 6.00228 -15.3309 3.1921 48.7993
2204447 15.7049 3.48274 24.0244 6.11845 -15.2685 3.33115 49.3305
2204451 15.6373 3.33843 24.368 6.24431 -15.3377 3.51998 49.588
2204461 15.6373 3.33843 24.368 6.24431 -15.3377 3.51998 49.588
2204476 15.5213 3.2807 24.7015 6.34112 -15.3482 3.68363 49.8447
2204506 15.444 3.26146 24.843 6.42825 -15.3058 3.7715 49.9768
2204507 15.299 3.2807 24.843 6.42825 -15.262 3.81885 49.851
2204513 15.299 3.2807 24.843 6.42825 -15.262 3.81885 49.851
2204523 15.0671 3.27108 24.8532 6.38952 -15.2577 3.90408 49.5808
2204537 14.8351 3.34805 24.7521 6.57346 -14.98 3.98183 49.5087
2204542 14.8351 3.34805 24.7521 6.57346 -14.98 3.98183 49.5087
2204553 14.6998 3.70402 24.6611 6.67027 -14.5705 3.89891 49.7352
2204567 14.6998 3.70402 24.6611 6.67027 -14.5705 3.89891 49.7352
2204578 14.6225 4.18506 24.4994 6.77677 -14.0565 3.73433 50.0837
2204595 14.5645 4.76231 24.2568 6.98975 -13.3812 3.53538 50.5734
2204597 14.5645 4.76231 24.2568 6.98975 -13.3812 3.53538 50.5734
2204604 14.4775 5.32032 23.9132 7.13497 -12.752 3.31893 50.846
2204626 14.2263 5.87832 23.4584 7.26082 -12.0738 3.13277 50.8238
2204627 14.2263 5.87832 23.4584 7.26082 -12.0738 3.13277 50.8238
2204643 14.0426 6.42671 22.9631 7.40604 -11.3954 2.92096 50.8385
2204656 14.0426 6.42671 22.9631 7.40604 -11.3954 2.92096 50.8385
2204661 13.7817 7.09055 22.5285 7.90945 -10.383 2.79644 51.3102
2204670 13.3661 7.59083 22.0838 8.77107 -9.21027 2.86555 51.8119
2204687 13.3661 7.59083 22.0838 8.77107 -9.21027 2.86555 51.8119
2204688 12.9312 7.90832 21.5178 9.55524 -8.17985 2.95695 51.9126
2204696 12.332 8.25467 20.497 9.71982 -7.3098 2.84336 50.8035
2204715 12.332 8.25467 20.497 9.71982 -7.3098 2.84336 50.8035
2204717 11.7811 8.29315 19.4964 9.48747 -6.87802 2.7242 49.0582
2204726 11.2302 8.37012 18.3847 9.33257 -6.29375 2.5731 47.3176
2204745 11.2302 8.37012 18.3847 9.33257 -6.29375 2.5731 47.3176
2204755 10.7953 8.5914 17.6367 9.39066 -5.62868 2.46929 46.4141
2204776 10.7953 8.5914 17.6367 9.39066 -5.62868 2.46929 46.4141
2204777 10.5731 8.86078 17 9.63269 -4.92743 2.34406 46.0665
2204781 10.3991 9.21675 16.7065 10.2039 -4.1294 2.35176 46.5263
2204790 10.3991 9.21675 16.7065 10.2039 -4.1294 2.35176 46.5263
2204808 10.3411 9.66893 16.403 10.7557 -3.34939 2.27332 47.1687
2204810 10.3508 9.90945 15.9274 11.5205 -2.54055 2.25989 47.7081
2204819 10.3508 9.90945 15.9274 11.5205 -2.54055 2.25989 47.7081
2204839 10.3024 10.3231 15.4518 12.295 -1.62081 2.20824 48.3724
2204841 10.3024 10.3231 15.4518 12.295 -1.62081 2.20824 48.3724
2204849 10.0608 10.6599 14.7232 13.0888 -0.533316 2.19172 48.5328
2204870 9.84821 11.0447 13.7315 13.9311 0.718787 2.09133 48.5556
2204871 9.84821 11.0447 13.7315 13.9311 0.718787 2.09133 48.5556
2204879 9.33599 11.2564 12.5274 14.9186 2.24381 2.14004 48.0383
2204901 8.50483 11.5354 11.1107 16.0997 4.24306 2.27622 47.2506
2204904 8.50483 11.5354 11.1107 16.0997 4.24306 2.27622 47.2506
2204910 7.82831 11.8913 9.71429 17.5885 6.34658 2.419 47.0225
2204933 7.82831 11.8913 9.71429 17.5885 6.34658 2.419 47.0225
2204934 6.99716 12.305 8.64167 19.3831 8.47788 2.76456 47.327
2204940 6.32064 12.9689 8.16607 21.5346 10.2147 3.18773 48.9902
2204966 5.76009 13.5654 8.22679 23.4353 11.284 3.62931 50.9875
2204971 5.18988 14.0464 8.56071 25.1237 12.0083 4.09523 52.9207
2204981 5.18988 14.0464 8.56071 25.1237 12.0083 4.09523 52.9207
2204996 4.61001 14.4505 8.76309 26.2333 12.6305 4.42198 54.0568
2205001 4.61001 14.4505 8.76309 26.2333 12.6305 4.42198 54.0568
2205026 4.06879 14.6621 8.70238 26.6578 13.1948 4.61145 54.0911
2205026 3.47925 14.7102 8.53036 26.7446 13.7686 4.7935 53.4645
2205057 2.80273 14.7295 8.20655 26.4262 14.4476 4.91725 52.165
2205057 2.28084 14.5563 7.96369 25.857 14.8885 5.02889 50.6578
2205064 2.28084 14.5563 7.96369 25.857 14.8885 5.02889 50.6578
2205087 1.95225 14.489 7.68036 25.2106 15.237 5.00172 49.3321
2205089 1.81694 14.4697 7.45774 24.6124 15.4102 4.89593 48.3568
2205099 1.81694 14.4697 7.45774 24.6124 15.4102 4.89593 48.3568
2205118 1.82661 14.5659 7.2756 24.0142 15.4554 4.68641 47.6823
2205134 1.81694 14.6237 7.19464 23.6379 15.4686 4.56664 47.2732
2205151 1.90392 14.7006 7.04286 23.3388 15.4794 4.39825 46.9862
2205161 1.91359 14.8353 7.02262 23.1266 15.4727 4.28598 46.8981
2205182 2.03923 15.0181 7.0125 23.1073 15.4067 4.15321 47.1771
2205183 2.03923 15.0181 7.0125 23.1073 15.4067 4.15321 47.1771
2205187 2.09721 15.1913 7.04286 23.2423 15.3938 4.09786 47.5737
2205196 2.09721 15.1913 7.04286 23.2423 15.3938 4.09786 47.5737
2205215 2.12621 15.3548 7.12381 23.416 15.3688 4.07909 48.0209
2205218 2.12621 15.5088 7.24524 23.5897 15.3327 4.08499 48.4699
2205227 2.12621 15.5088 7.24524 23.5897 15.3327 4.08499 48.4699
2205245 2.1842 15.5857 7.26548 23.8598 15.3368 4.09714 48.8952
2205247 2.10688 15.5376 7.36667 23.9467 15.3248 4.18793 48.9578
2205257 2.10688 15.5376 7.36667 23.9467 15.3248 4.18793 48.9578
2205276 2.20352 15.6242 7.33631 23.8984 15.2779 4.09895 49.0625
2205286 2.20352 15.6242 7.33631 23.8984 15.2779 4.09895 49.0625
2205308 2.17453 15.6531 7.29583 23.8116 15.3235 4.07064 48.935
2205309 2.16487 15.7782 7.14405 23.6379 15.4475 3.95247 48.725
2205312 2.16487 15.7782 7.14405 23.6379 15.4475 3.95247 48.725
2205319 2.22285 15.8551 7.14405 23.4739 15.3823 3.86274 48.6959
2205339 2.1842 15.8263 7.12381 23.4546 15.4217 3.87989 48.5889
2205341 2.1842 15.8263 7.12381 23.4546 15.4217 3.87989 48.5889
2205350 2.24218 15.7589 7.19464 23.4642 15.3033 3.90191 48.66
2205371 2.24218 15.7589 7.19464 23.4642 15.3033 3.90191 48.66
2205372 2.21319 15.7204 7.1744 23.3967 15.323 3.90812 48.5047
2205380 2.14554 15.6146 7.225 23.3774 15.3122 3.98313 48.3625
2205402 2.14554 15.6146 7.225 23.3774 15.3122 3.98313 48.3625
2205405 2.13587 15.5761 7.09345 23.3388 15.4149 3.96318 48.1443
2205411 2.26151 15.451 7.32619 23.3774 15.0987 4.02481 48.4162
2205436 2.26151 15.451 7.32619 23.3774 15.0987 4.02481 48.4162
2205437 2.65776 15.528 7.54881 23.3581 14.6048 3.88688 49.0927
2205445 3.33428 15.5857 7.73095 23.2713 13.9175 3.63031 49.9223
2205469 3.99147 15.5954 7.84226 22.895 13.2425 3.32359 50.3241
2205472 3.99147 15.5954 7.84226 22.895 13.2425 3.32359 50.3241
2205482 4.76464 15.4799 7.85238 22.3161 12.4864 2.95279 50.413
2205502 5.47015 15.3837 7.94345 21.8048 11.746 2.63656 50.6021
2205504 5.47015 15.3837 7.94345 21.8048 11.746 2.63656 50.6021
2205514 6.12735 15.1143 7.93333 20.8882 10.9571 2.27109 50.0632
2205533 6.67823 14.893 7.94345 20.1067 10.2668 1.9585 49.6214
2205547 7.22911 14.5852 7.99405 19.2191 9.47485 1.65178 49.0274
2205566 7.22911 14.5852 7.99405 19.2191 9.47485 1.65178 49.0274
2205569 7.66401 14.1811 8.10536 18.3314 8.66948 1.42652 48.2819
2205575 8.14724 13.8829 8.38869 17.2894 7.66973 1.14698 47.7082
2205598 8.14724 13.8829 8.38869 17.2894 7.66973 1.14698 47.7082
2205600 8.60148 13.7385 8.82381 16.4191 6.68957 0.915114 47.583
2205606 9.09437 13.7289 9.37024 15.5769 5.67359 0.666885 47.7704
2205632 9.09437 13.7289 9.37024 15.5769 5.67359 0.666885 47.7704
2205633 9.62592 13.6616 10.0685 14.7249 4.51954 0.469801 48.0809
2205636 9.62592 13.6616 10.0685 14.7249 4.51954 0.469801 48.0809
2205646 9.96418 13.5173 10.625 13.9021 3.55673 0.326693 48.0085
2205667 10.4667 13.4307 11.1208 12.8081 2.43129 0.00988126 47.8263
2205669 10.4667 13.4307 11.1208 12.8081 2.43129 0.00988126 47.8263
2205677 10.8823 13.3441 11.5256 11.4915 1.28464 -0.383975 47.2435
2205700 11.3945 13.4788 12.0214 10.1845 0.13133 -0.849859 47.0793
2205701 11.3945 13.4788 12.0214 10.1845 0.13133 -0.849859 47.0793
2205707 11.8971 13.6327 12.8107 8.88724 -1.15814 -1.21703 47.2278
2205717 12.4093 13.6616 13.6911 7.79328 -2.44218 -1.4467 47.5552
2205735 12.4093 13.6616 13.6911 7.79328 -2.44218 -1.4467 47.5552
2205739 13.0472 13.5942 14.8548 7.0672 -3.72736 -1.45772 48.5634
2205749 13.0472 13.5942 14.8548 7.0672 -3.72736 -1.45772 48.5634
2205771 13.5497 13.3441 16.2917 6.80581 -4.8466 -1.1391 49.9913
2205772 13.9267 12.8149 17.758 6.80581 -5.87849 -0.636707 51.3054
2205779 13.9267 12.8149 17.758 6.80581 -5.87849 -0.636707 51.3054
2205789 14.3519 11.9972 19.1528 6.90262 -6.96739 -0.0840569 52.4045
2205806 14.4775 10.9196 20.2646 6.94134 -8.02288 0.515766 52.6031
2205821 14.6515 9.76514 21.1641 6.96071 -9.08319 1.05864 52.5414
2205841 14.6515 9.76514 21.1641 6.96071 -9.08319 1.05864 52.5414
2205843 14.7578 8.62026 21.8817 6.83485 -10.1663 1.53715 52.0946
2205850 14.8351 7.59083 22.478 6.68964 -11.1606 1.96003 51.5936
2205875 14.8351 7.59083 22.478 6.68964 -11.1606 1.96003 51.5936
2205878 14.9124 6.59989 23.0137 6.60251 -12.089 2.37749 51.1285
2205886 14.8255 5.61856 23.4988 6.47665 -13.0054 2.83564 50.4195
2205909 14.8255 5.61856 23.4988 6.47665 -13.0054 2.83564 50.4195
2205911 14.8061 4.86814 23.9031 6.38952 -13.7349 3.18761 49.9669
2205922 14.8255 4.25241 24.1153 6.27335 -14.3607 3.42984 49.4666
2205943 14.8351 3.81947 24.2467 6.27335 -14.7378 3.61939 49.1747
2205954 14.8641 3.57895 24.3579 6.24431 -14.9855 3.71875 49.0453
2205978 14.8738 3.40577 24.3478 6.22494 -15.143 3.77459 48.8523
2205979 14.8738 3.40577 24.3478 6.22494 -15.143 3.77459 48.8523
2205982 14.9028 3.34805 24.3781 6.27335 -15.1626 3.8037 48.9023
2205992 14.9028 3.34805 24.3781 6.27335 -15.1626 3.8037 48.9023
2206013 14.7771 3.29032 24.2973 6.27335 -15.1685 3.85597 48.6381
2206015 14.7578 3.33843 24.3175 6.24431 -15.153 3.8428 48.658
2206048 14.6418 3.27108 24.1356 6.22494 -15.1643 3.86783 48.2734
2206050 14.5935 3.25184 24.0951 6.15718 -15.2188 3.8693 48.0977
2206054 14.5935 3.25184 24.0951 6.15718 -15.2188 3.8693 48.0977
2206064 14.5935 3.27108 24.085 6.20558 -15.1603 3.87061 48.1552
2206084 14.5935 3.27108 24.085 6.20558 -15.1603 3.87061 48.1552
2206089 14.5065 3.21336 24.1052 6.1959 -15.203 3.92992 48.021
2206095 14.4196 3.22298 24.2164 6.24431 -15.1594 3.99709 48.1032
2206121 14.3906 3.20374 24.3478 6.29271 -15.156 4.0571 48.2348
2206125 14.3036 3.12677 24.5702 6.38952 -15.1671 4.19384 48.39
2206135 14.3036 3.12677 24.5702 6.38952 -15.1671 4.19384 48.39
2206154 14.3036 3.13639 24.8329 6.51538 -15.1085 4.27613 48.7883
2206167 14.1973 3.07866 25.126 6.56378 -15.1539 4.4155 48.9658
2206189 14.1393 3.0017 25.2372 6.59282 -15.2039 4.49931 48.971
2206190 14.1393 3.0017 25.2372 6.59282 -15.2039 4.49931 48.971
2206196 14.0233 3.02094 25.4899 6.67995 -15.1442 4.61014 49.2141
2206223 13.9267 3.07866 25.7122 6.78645 -15.0361 4.69458 49.504
2206224 13.9267 3.07866 25.7122 6.78645 -15.0361 4.69458 49.504
2206236 13.8977 3.09791 25.874 6.87358 -14.977 4.74999 49.7431
2206237 13.8977 3.09791 25.874 6.87358 -14.977 4.74999 49.7431
2206258 13.7817 3.37691 25.9245 7.0672 -14.5872 4.73569 50.1503
2206266 13.6947 3.77136 25.7527 7.23178 -14.0951 4.61394 50.4505
2206268 13.6947 3.77136 25.7527 7.23178 -14.0951 4.61394 50.4505
2206293 13.714 4.31013 25.4293 7.33827 -13.5332 4.35406 50.7917
2206294 13.6754 4.96435 24.8228 7.50285 -12.769 4.02801 50.9654
2206299 13.6754 4.96435 24.8228 7.50285 -12.769 4.02801 50.9654
2206309 13.5884 5.67629 24.2063 7.57061 -12.0234 3.67707 51.0416
2206328 13.5884 5.67629 24.2063 7.57061 -12.0234 3.67707 51.0416
2206330 13.3758 6.42671 23.418 7.5803 -11.2138 3.30579 50.8007
2206339 13.1922 7.08093 22.67 7.63838 -10.4499 2.97599 50.5815
2206364 13.1922 7.08093 22.67 7.63838 -10.4499 2.97599 50.5815
2206365 12.9795 7.77363 21.72 7.57061 -9.66917 2.55899 50.0438
2206374 12.7476 8.28353 20.7699 7.40604 -9.05761 2.17799 49.2071
2206380 12.7476 8.28353 20.7699 7.40604 -9.05761 2.17799 49.2071
2206399 12.39 8.71647 19.8805 7.46412 -8.30214 1.93127 48.4511
2206401 12.39 8.71647 19.8805 7.46412 -8.30214 1.93127 48.4511
2206410 12.1484 9.13016 19.2842 7.65774 -7.59255 1.76172 48.2205
2206434 11.8294 9.515 18.8395 8.02563 -6.80794 1.71771 48.2095
2206436 11.8294 9.515 18.8395 8.02563 -6.80794 1.71771 48.2095
2206445 11.5782 9.75552 18.3746 8.69362 -5.94171 1.77715 48.4019
2206451 11.3462 10.0153 18.1522 9.53588 -5.07 1.93475 49.0496
2206470 11.3462 10.0153 18.1522 9.53588 -5.07 1.93475 49.0496
2206472 10.9983 10.1404 17.6671 10.3007 -4.18699 2.08601 49.1064
2206481 10.6407 10.073 17.1819 10.9493 -3.48056 2.27788 48.845
2206505 10.6407 10.073 17.1819 10.9493 -3.48056 2.27788 48.845
2206507 10.2638 10.0249 16.6661 11.5883 -2.73813 2.46142 48.543
2206541 9.84821 9.9768 16.0893 12.1595 -1.97678 2.62838 48.0737
2206543 9.48096 10.0538 15.472 12.9146 -1.03536 2.77076 47.9213
2206543 9.48096 10.0538 15.472 12.9146 -1.03536 2.77076 47.9213
2206552 9.06538 10.1692 14.9054 13.8633 0.0321865 2.9792 48.0033
2206578 8.63047 10.1692 14.1363 14.8508 1.17879 3.19777 47.7868
2206581 8.63047 10.352 14.1363 14.8508 1.26957 3.12843 47.9696
2206590 8.13758 10.6984 13.2762 15.906 2.70243 3.23199 48.0182
2206614 7.82831 11.189 12.072 17.1158 4.3587 3.16475 48.2051
2206617 7.50938 11.824 10.706 18.3025 6.15986 3.00208 48.3418
2206626 7.50938 11.824 10.706 18.3025 6.15986 3.00208 48.3418
2206650 7.1228 12.5359 9.50179 19.4024 7.88345 2.85571 48.5629
2206651 6.62024 13.1709 8.36845 20.5023 9.59914 2.79877 48.6619
2206665 6.15634 13.8251 7.8119 21.5732 10.8525 2.85729 49.3666
2206691 5.74076 14.4986 7.72083 22.7599 11.7295 3.0288 50.7201
2206695 5.4315 14.893 7.87262 23.7826 12.2026 3.26975 51.9798
2206705 5.4315 14.893 7.87262 23.7826 12.2026 3.26975 51.9798
2206727 4.9676 15.1624 7.94345 24.458 12.7111 3.50403 52.5315
2206729 4.32007 15.1239 7.92321 24.6799 13.2383 3.79246 52.0471
2206736 4.32007 15.1239 7.92321 24.6799 13.2383 3.79246 52.0471
2206765 3.72086 15.0277 7.72083 24.6992 13.8196 4.00776 51.1686
2206767 3.72086 15.0277 7.72083 24.6992 13.8196 4.00776 51.1686
2206771 3.083 14.9123 7.53869 24.622 14.4113 4.23641 50.156
2206777 2.55145 14.8642 7.40714 24.5255 14.9099 4.41263 49.3483
2206801 2.55145 14.8642 7.40714 24.5255 14.9099 4.41263 49.3483
2206803 2.29051 14.7487 7.41726 24.4869 15.0827 4.55576 48.9434
2206807 2.1842 14.7199 7.41726 24.4966 15.1661 4.61197 48.8179
2206817 2.1842 14.7199 7.41726 24.4966 15.1661 4.61197 48.8179
2206839 2.3195 14.6814 7.3869 24.458 15.0642 4.55844 48.8458
2206840 2.3195 14.6814 7.3869 24.458 15.0642 4.55844 48.8458
2206848 2.20352 14.7968 7.42738 24.2843 15.1145 4.5301 48.7121
2206879 2.27118 14.9315 7.32619 24.0528 15.1224 4.37704 48.5817
2206880 2.27118 14.9315 7.32619 24.0528 15.1224 4.37704 48.5817
2206882 2.3195 15.0085 7.18452 23.8309 15.1703 4.24693 48.3434
2206894 2.32916 15.0855 7.19464 23.609 15.1243 4.16512 48.2182
2206919 2.32916 15.0855 7.19464 23.609 15.1243 4.16512 48.2182
2206919 2.3195 15.0951 7.02262 23.445 15.2447 4.0891 47.8821
2206921 2.3195 15.0951 7.02262 23.445 15.2447 4.0891 47.8821
2206930 2.30984 15.0566 7.07321 23.4064 15.1945 4.11104 47.846
2206956 2.33883 15.0951 7.05298 23.4546 15.2049 4.09051 47.9415
2206957 2.33883 15.0951 7.05298 23.4546 15.2049 4.09051 47.9415
2206970 2.29051 15.0085 7.05298 23.58 15.2534 4.17279 47.932
2206972 2.29051 15.0374 7.05298 23.7151 15.2866 4.19169 48.0959
2206993 2.29051 15.0374 7.05298 23.7151 15.2866 4.19169 48.0959
2207000 2.24218 14.9123 7.14405 23.9177 15.2665 4.32654 48.2162
2207029 2.1842 14.9315 7.30595 24.2554 15.2519 4.45147 48.6771
2207036 2.27118 15.0085 7.32619 24.5448 15.2368 4.45305 49.1507
2207039 2.27118 15.0085 7.32619 24.5448 15.2368 4.45305 49.1507
2207069 2.20352 15.1913 7.39702 24.7185 15.3045 4.45989 49.5103
2207070 2.20352 15.1913 7.39702 24.7185 15.3045 4.45989 49.5103
2207072 2.25185 15.2586 7.35655 24.7474 15.3169 4.41207 49.6145
2207082 2.25185 15.2586 7.35655 24.7474 15.3169 4.41207 49.6145
2207108 2.19386 15.3741 7.24524 24.6799 15.4642 4.35128 49.4931
